<ticker>,<date>,<open>,<high>,<low>,<close>,<vol>
AACC,20110111,6.09,6.32,6.06,6.24,8300
AAME,20110111,2.07,2.07,1.93,1.98,11900
AAON,20110111,18.1,18.32,17.7933,18.1133,42800
AAPL,20110111,344.88,344.96,339.47,341.64,15859900
AAWW,20110111,51.95,52.9,51.5,51.97,225500
AAXJ,20110111,63.46,63.64,63.26,63.4,1825700
ABAX,20110111,25.09,25.54,25,25.35,49700
ABCB,20110111,10.9,10.94,10.57,10.83,24600
ABCD,20110111,3.32,3.38,3.31,3.37,20100
ABCO,20110111,23.855,24.22,23.855,24.005,18200
ABFS,20110111,25.73,26.46,25.26,25.33,328100
ABIO,20110111,19.74,19.92,19.44,19.62,36300
ABMD,20110111,10.05,10.1,9.99,10.09,61000
ABTL,20110111,5.45,5.45,5.1,5.25,200400
ACAD,20110111,1.5,1.59,1.42,1.59,2131700
ACAS,20110111,8.04,8.15,8,8.14,3818200
ACAT,20110111,14.13,14.7,14.01,14.7,90900
ACCL,20110111,8.43,8.52,8.38,8.51,109200
ACET,20110111,8.74,8.83,8.53,8.55,83500
ACFC,20110111,1.77,1.85,1.77,1.8,1400
ACFN,20110111,4.13,4.13,3.98,4.05,22500
ACGL,20110111,28.8,29.2033,28.7267,29.1567,438700
ACHN,20110111,4.31,4.38,4.27,4.33,79300
ACIW,20110111,26.63,26.87,26.25,26.57,79400
ACLS,20110111,3.24,3.43,3.24,3.34,1506500
ACNB,20110111,15.48,15.49,15.48,15.49,700
ACOR,20110111,31,31.67,30.81,30.98,1092900
ACPW,20110111,12.2,12.35,11.85,11.9,430400
ACTG,20110111,25.75,25.82,25.07,25.36,235100
ACTS,20110111,2.3,2.35,2.27,2.32,70800
ACUR,20110111,3.45,3.62,3.42,3.48,70600
ACWI,20110111,46.78,46.79,46.5,46.68,378900
ACWX,20110111,43.61,43.73,43.44,43.61,96600
ACXM,20110111,17.02,17.42,17.02,17.41,574100
ADAT,20110111,1.04,1.04,0.94,1.02,191700
ADBE,20110111,33.13,33.26,32.66,32.98,7110500
ADEP,20110111,4.9,4.99,4.8,4.99,4500
ADES,20110111,13.63,14,12.7,13.18,66600
ADI,20110111,37.74,38.11,37.62,38.03,2362100
ADP,20110111,48.19,48.67,48.04,48.35,2810900
ADRA,20110111,28.61,28.66,28.61,28.66,800
ADRD,20110111,21.44,21.44,21.34,21.41,4000
ADRE,20110111,47.76,48,47.71,47.9,66100
ADRU,20110111,20.69,20.73,20.65,20.73,7000
ADSK,20110111,41.18,41.37,40.63,40.8,2373900
ADTN,20110111,39.16,39.62,38.94,38.99,1216400
ADUS,20110111,4.83,4.83,4.54,4.61,21300
ADVS,20110111,30.5,31.335,30.325,30.91,129100
AEGR,20110111,13.09,13.78,12.91,13.73,9300
AEHR,20110111,1.3,1.32,1.25,1.25,30500
AEIS,20110111,13.57,13.99,13.57,13.66,456200
AEPI,20110111,25.6,25.88,25.15,25.65,16100
AERL,20110111,11.6,12.18,10.34,10.43,764100
AETI,20110111,2.2,2.2,2.2,2.2,0
AEY,20110111,3.08,3.14,3.08,3.08,5000
AEZS,20110111,10.2,10.62,10.08,10.26,1553000
AFAM,20110111,40.47,40.76,39.75,39.93,38200
AFCB,20110111,12.5,12.5,12.5,12.5,0
AFCE,20110111,15.23,15.74,14.98,15.68,92900
AFFX,20110111,4.8,4.82,4.68,4.69,391300
AFFY,20110111,7.44,7.45,7.02,7.02,1636500
AFOP,20110111,17.96,18.8,17.66,18.16,242300
AFSI,20110111,17.64,17.68,17.49,17.54,63100
AGEN,20110111,1,1.03,0.99,1.03,623500
AGII,20110111,36.47,36.69,36.21,36.55,77700
AGNC,20110111,29.61,29.63,29.5,29.55,1286900
AGYS,20110111,5.3,5.41,5.27,5.34,131000
AHGP,20110111,49.78,51.34,49.77,50.76,34100
AHPI,20110111,4.15,4.15,4.15,4.15,0
AIMC,20110111,21.39,21.59,20.96,21.22,63900
AINV,20110111,11.65,11.72,11.58,11.65,1129800
AIRM,20110111,19.74,19.8367,19.58,19.63,39400
AIRT,20110111,10.09,10.42,10.09,10.16,6000
AIXG,20110111,41.66,42.14,41.36,42,353700
AKAM,20110111,49.46,49.59,48.33,48.75,2940500
AKRX,20110111,5.73,5.84,5.61,5.7,175300
ALCO,20110111,25.04,25.5,25.03,25.32,6700
ALGN,20110111,20.25,20.46,20.02,20.3,847100
ALGT,20110111,49.45,49.45,46.55,46.97,336600
ALIM,20110111,10.3,10.41,10.01,10.1,353700
ALKS,20110111,12.53,12.88,12.53,12.77,541000
ALLB,20110111,9.15,9.28,9.15,9.28,8300
ALLT,20110111,12.55,12.7,12,12.33,397100
ALNY,20110111,10.04,10.26,9.94,10.11,218600
ALOG,20110111,51.07,51.56,51,51.45,33800
ALOT,20110111,7.38,7.54,7.36,7.42,15800
ALSK,20110111,10,10.04,9.8,9.96,451400
ALTE,20110111,21.55,21.93,21.39,21.85,458700
ALTI,20110111,2.46,2.55,2.46,2.54,97600
ALTR,20110111,36.08,36.35,35.66,36.07,5898500
ALVR,20110111,24.1,24.4,23.7,24.2,106000
ALXA,20110111,13,13,12.7,12.9,248700
ALXN,20110111,41.61,42,41.505,41.755,371700
AMAG,20110111,17.31,18.3,17.22,18.23,812500
AMAP,20110111,19,19.16,18.92,19.04,47200
AMAT,20110111,13.87,14.1,13.84,14.08,17290100
AMCC,20110111,10.75,10.76,10.54,10.7,553600
AMCF,20110111,5.28,5.38,5.26,5.3,23800
AMCN,20110111,6.82,6.85,6.6,6.73,111800
AMED,20110111,34.44,34.44,33.69,34.15,193500
AMGN,20110111,56.55,56.88,56.09,56.19,5864100
AMIC,20110111,4.85,4.86,4.85,4.85,800
AMKR,20110111,7.78,7.8,7.72,7.78,985300
AMNB,20110111,23.34,23.49,22.99,23.14,12700
AMOT,20110111,7.23,7.23,7.12,7.23,8900
AMOV,20110111,29.35,29.5,29.35,29.365,1400
AMRB,20110111,6.05,6.28,6.05,6.28,600
AMRI,20110111,5.82,5.97,5.62,5.66,72500
AMRN,20110111,9.35,9.65,9.13,9.33,8125900
AMRS,20110111,29.79,30.96,29.5,29.95,112100
AMSC,20110111,28.64,29.16,28.08,28.98,1043500
AMSF,20110111,18.25,18.41,18.17,18.31,73200
AMSG,20110111,21.68,22.14,21.67,21.81,174200
AMSWA,20110111,6.69,6.8,6.67,6.7,15500
AMWD,20110111,22.53,23.11,22.41,23.06,10500
AMZN,20110111,185.42,186,183.21,184.34,2815800
ANAC,20110111,8.33,8.65,8.3,8.55,84000
ANAD,20110111,7.94,8,7.68,7.7,1133000
ANAT,20110111,86.59,87.35,85.1,86.88,33600
ANCI,20110111,4.44,4.5,4.35,4.5,12500
ANCX,20110111,6.53,6.53,6.52,6.52,200
ANDE,20110111,38.59,39.35,38.34,38.88,264100
ANEN,20110111,21.25,22.13,21.16,22.01,98300
ANGO,20110111,17,17.55,17,17.33,102700
ANIK,20110111,6.78,6.84,6.72,6.84,9000
ANLY,20110111,2.78,2.97,2.78,2.9,12000
ANSS,20110111,53.9,54.24,53.75,53.97,225500
ANTH,20110111,5.14,5.14,4.97,5.04,34900
ANTP,20110111,4.63,4.7,4.52,4.59,8900
AOSL,20110111,14.2,14.32,13.98,14.06,98500
APAGF,20110111,63.47,64.36,62.3,63.27,27100
APEI,20110111,34.91,35.89,34.43,35.75,223200
APFC,20110111,6.02,6.06,5.85,6.06,9000
APOG,20110111,14.12,14.27,13.83,13.99,161500
APOL,20110111,39.07,41.25,38.06,40.74,13339400
APPY,20110111,3.48,3.78,3.48,3.66,141900
APRI,20110111,3.8,3.89,3.67,3.83,403300
APSA,20110111,16.8,16.8,16.8,16.8,100
ARAY,20110111,6.94,7.23,6.76,7.1,716900
ARCC,20110111,16.51,16.6,16.29,16.48,1412200
ARCI,20110111,3.65,3.78,3.65,3.7,8900
ARCW,20110111,2.8,2.8,2.8,2.8,800
ARDNA,20110111,83.05,83.8,83,83.8,300
AREX,20110111,24.61,24.95,24.53,24.87,406600
ARIA,20110111,5.24,5.58,5.2,5.44,2281900
ARII,20110111,21.25,22,20.88,21.21,105000
ARKR,20110111,14.5,14.5,14.4,14.4,2400
ARLP,20110111,69.5,70.93,69.35,70.33,131300
ARMH,20110111,23.4,23.75,23.1,23.41,6142600
ARNA,20110111,2.11,2.17,2,2.06,4872700
AROW,20110111,26.88,27.04,26.55,26.55,11800
ARQL,20110111,6.27,6.37,6.15,6.36,131500
ARRS,20110111,11.69,12.09,11.66,12.07,2044800
ARRY,20110111,3.3,3.3,3.21,3.25,274600
ARTC,20110111,28.39,28.99,28.2,28.8,258900
ARTNA,20110111,18.98,19.19,18.98,19.19,15000
ARTW,20110111,11.49,11.49,11.3,11.36,13000
ARTX,20110111,1.64,1.69,1.63,1.64,14300
ARUN,20110111,25.25,25.96,24.88,24.95,5613900
ARWR,20110111,0.92,0.93,0.9,0.91,159900
ASBC,20110111,14.62,14.75,14.42,14.51,1050300
ASBI,20110111,4.24,4.55,4.24,4.55,1200
ASCA,20110111,15.93,15.97,15.74,15.8,141700
ASCMA,20110111,39.25,39.35,38.78,39.1,82700
ASEI,20110111,85.21,85.87,84.63,85.33,39500
ASFI,20110111,8.2,8.38,8.2,8.34,17300
ASIA,20110111,19.25,19.78,19.25,19.58,1559600
ASMI,20110111,35.19,35.64,35.16,35.45,72300
ASML,20110111,36.73,36.97,36.53,36.75,2000100
ASNA,20110111,13.17,13.17,12.585,12.98,566500
ASPS,20110111,28.96,29.02,28.77,28.84,21500
ASRV,20110111,1.74,1.74,1.67,1.67,2800
ASRVP,20110111,25,25,25,25,100
ASTC,20110111,1.3,1.3,1.23,1.28,155400
ASTE,20110111,33,33.24,32.65,32.75,69200
ASTI,20110111,3.71,3.95,3.7,3.8,1263900
ASTM,20110111,3.25,3.26,2.9,2.96,6205500
ASUR,20110111,1.8733,1.9333,1.8733,1.88,4800
ASYS,20110111,28,28.42,27.02,28.21,783000
ATAI,20110111,3.8,3.8,3.8,3.8,10000
ATAX,20110111,5.36,5.42,5.36,5.38,110800
ATEA,20110111,3.19,3.2,3.03,3.07,3600
ATEC,20110111,2.75,2.75,2.65,2.68,540000
ATHN,20110111,40.97,42.09,40.97,41.67,123600
ATHX,20110111,2.62,2.73,2.6,2.72,102400
ATLO,20110111,20.28,20.47,20.2,20.27,2100
ATMI,20110111,18.36,18.4,18,18.13,602300
ATML,20110111,13.71,13.91,13.65,13.79,12987500
ATNI,20110111,39.25,39.29,38.83,39.1,94300
ATRC,20110111,11.07,11.22,11.07,11.22,63200
ATRI,20110111,184,184.55,184,184.55,500
ATRM,20110111,2.05,2.16,2.05,2.08,13700
ATRO,20110111,22.92,23.12,22.86,23.08,14600
ATSG,20110111,7.75,8.15,7.61,8.03,415600
ATVI,20110111,12.02,12.03,11.81,11.94,10559800
ATX,20110111,9,9,8.75,9,33800
AUBN,20110111,20.26,20.26,19.83,20,6300
AUDC,20110111,7.34,7.76,7.27,7.48,740400
AUXL,20110111,24,24.5,23.65,24.15,1154000
AVAV,20110111,27.13,27.33,26.7,26.92,226500
AVEO,20110111,14.81,14.92,14.5,14.77,26200
AVGO,20110111,29.14,29.26,28.84,29.24,1354800
AVID,20110111,17.39,17.45,16.95,17.17,150900
AVNR,20110111,4.33,4.49,4.3,4.46,3277900
AVNW,20110111,5.36,5.53,5.15,5.46,380400
AWRE,20110111,3.14,3.28,3.14,3.27,39000
AXAS,20110111,4.28,4.57,4.28,4.4,656500
AXFN,20110111,24.1,24.1,24.1,24.1,100
AXTI,20110111,10.93,11.27,10.93,11.04,529100
AZPN,20110111,13.49,13.76,13.39,13.67,377700
BABY,20110111,13.81,13.85,13.58,13.75,96100
BAGL,20110111,14.74,14.8,14.55,14.68,54200
BAMM,20110111,5.7,5.7,5.55,5.55,26700
BANC,20110111,13.66,13.74,13.66,13.67,15500
BANF,20110111,42.36,42.52,42.18,42.48,11000
BANFP,20110111,26.64,26.64,26.64,26.64,0
BANR,20110111,14.98,15.4,14.91,14.98,815200
BASI,20110111,2.35,2.38,2.27,2.28,32000
BBBY,20110111,48.91,49.42,48.79,49.23,2167500
BBEP,20110111,21.33,21.33,21.15,21.33,345900
BBGI,20110111,5.5,5.55,5.5,5.51,26600
BBNK,20110111,8.72,8.72,8.72,8.72,100
BBOX,20110111,38.44,38.83,37.88,38.55,52600
BBRG,20110111,18.59,19,18.4,18.71,57000
BBRY,20110111,62.42,63.73,62.26,62.89,15010200
BBSI,20110111,15,15.43,15,15.18,12500
BCBP,20110111,10.56,10.57,10.4,10.4,3600
BCOM,20110111,36.43,37.89,36.43,36.7,2300
BCPC,20110111,36.04,36.15,35.47,35.48,115900
BCRX,20110111,5.19,5.31,5.16,5.16,252900
BCSB,20110111,11.52,11.52,11.52,11.52,100
BDE,20110111,7.41,7.48,7.39,7.44,12000
BDGE,20110111,24.54,24.87,24.33,24.33,18600
BDMS,20110111,19,19.1,19,19.1,1600
BDSI,20110111,3.54,3.58,3.49,3.54,80700
BEAT,20110111,4.89,4.97,4.88,4.9,146300
BEAV,20110111,38.89,39.02,38.4,38.58,302300
BEBE,20110111,5.77,5.96,5.7,5.91,991500
BECN,20110111,18.19,18.29,18.06,18.18,258900
BELFA,20110111,25.42,25.45,25.42,25.45,700
BELFB,20110111,24.15,24.18,23.83,24.05,12500
BERK,20110111,5.9,6.16,5.9,5.93,1900
BFIN,20110111,9.56,9.59,9.46,9.58,18000
BFLY,20110111,2.91,3.04,2.8,3.03,14400
BGCP,20110111,8.61,8.64,8.5,8.62,429100
BGFV,20110111,14.9,14.9,14.5,14.66,34900
BIB,20110111,31.21,31.21,31.2,31.2,200
BICK,20110111,32.52,32.76,32.52,32.76,20900
BIDU,20110111,106.5,107.38,105.37,106.28,5373300
BIIB,20110111,66.99,68.33,66.79,68.3,1602000
BIOD,20110111,7.56,7.68,7.44,7.68,280300
BIOF,20110111,29.8,30,28.4,29.2,444300
BIOS,20110111,5.05,5.25,5.02,5.21,194300
BIRT,20110111,5.72,5.74,5.58,5.65,65600
BIS,20110111,48.93,48.93,48.93,48.93,100
BJRI,20110111,34.16,34.16,33.52,33.56,327000
BKCC,20110111,11.49,11.52,11.37,11.51,394100
BKMU,20110111,4.81,4.94,4.8,4.94,111800
BKOR,20110111,4.21,4.21,4.21,4.21,0
BKSC,20110111,12.15,12.25,12,12,1700
BKYF,20110111,19.87,20.24,19.57,19.91,3900
BLDP,20110111,1.66,1.66,1.61,1.63,306500
BLDR,20110111,2.02,2.08,2.02,2.05,84000
BLIN,20110111,1.4,1.41,1.35,1.37,28300
BLKB,20110111,26.44,26.56,26.18,26.37,68300
BMC,20110111,47.57,47.57,46.99,47.37,1300500
BMRC,20110111,34.45,34.77,34.44,34.75,4300
BMRN,20110111,27.05,27.23,26.7,26.76,697200
BMTC,20110111,17.39,17.48,17.16,17.48,12700
BNCL,20110111,9.11,9.16,9.03,9.13,135800
BNCN,20110111,8.82,8.82,8.76,8.82,1300
BNSO,20110111,1.57,1.62,1.56,1.62,5600
BOBE,20110111,33.03,33.14,32.59,32.71,114300
BOCH,20110111,4.24,4.38,4.24,4.36,4300
BODY,20110111,16.49,19.26,16.35,19.24,472100
BOFI,20110111,15.36,15.48,15.34,15.42,17600
BOKF,20110111,53.69,54.16,53.31,53.89,33400
BOLT,20110111,13.82,13.91,13.13,13.36,41700
BONA,20110111,6.04,6.17,5.9,5.9,67100
BONT,20110111,11.88,11.88,11.46,11.57,80600
BOOM,20110111,21.73,22.14,21.4,21.82,89700
BOSC,20110111,6.4,6.8,6.36,6.76,7300
BPAX,20110111,10.32,10.44,9.96,10.26,1159600
BPFH,20110111,6.55,6.69,6.47,6.53,254800
BPHX,20110111,2.4,2.4,2.3,2.35,53700
BPOP,20110111,31.9,32.3,31.3,32,9814800
BPOPM,20110111,19.3,19.3,19.3,19.3,100
BPOPN,20110111,21.16,21.24,20.98,21.23,4000
BRCD,20110111,5.77,5.86,5.72,5.74,10272200
BRCM,20110111,45.89,45.94,45.2,45.58,5267200
BRID,20110111,12.8,12.9,12.55,12.55,2400
BRKL,20110111,10.66,10.82,10.49,10.66,300400
BRKR,20110111,16.8,17.19,16.64,16.82,673100
BRKS,20110111,9.36,9.41,9.01,9.37,316700
BRLI,20110111,23.5,23.64,23.32,23.61,122100
BSDM,20110111,5.16,5.57,5.15,5.18,1762100
BSET,20110111,4.25,4.25,4.22,4.25,2900
BSFT,20110111,28.29,28.42,27.37,28.25,334300
BSPM,20110111,8.31,8.31,8.04,8.13,102000
BSQR,20110111,11.87,11.88,11.11,11.66,392800
BSRR,20110111,10.95,11.2,10.92,10.96,13300
BSTC,20110111,25.87,25.97,25.83,25.97,2600
BTUI,20110111,12.15,13.41,11.92,12.48,130300
BUSE,20110111,4.7,4.79,4.65,4.77,92000
BVSN,20110111,12.25,12.27,12,12.1,1800
BWEN,20110111,22.4,22.6,21.6,22.6,908300
BWINA,20110111,23.15,23.15,23.15,23.15,0
BWINB,20110111,23.87,23.91,23.75,23.87,2500
BWLD,20110111,46,46,44.62,44.8,404900
BYFC,20110111,2.66,2.66,2.66,2.66,0
CA,20110111,24.57,24.72,24.44,24.71,2070300
CAAS,20110111,13.59,14.79,13.44,14.79,715400
CAC,20110111,35.97,35.97,34.88,35.17,8200
CACB,20110111,10,10,9.26,9.32,5100
CACC,20110111,59.29,59.85,58.69,59.84,19300
CACH,20110111,4.06,4.15,4,4.05,245100
CADC,20110111,4.97,4.97,4.4,4.62,265400
CADX,20110111,7.33,7.39,7.23,7.28,416200
CAFI,20110111,1.83,1.89,1.82,1.85,9800
CAKE,20110111,30.26,30.4,28.89,28.9,4765300
CALD,20110111,6.19,6.19,5.97,6.04,230400
CALI,20110111,18.3,18.72,18.3,18.54,14600
CALL,20110111,11.29,11.935,11.22,11.53,64000
CALM,20110111,29.09,29.4,28.97,29.06,73600
CAMP,20110111,3.1,3.37,3.09,3.26,206000
CAMT,20110111,3.2,3.4,3.04,3.36,229400
CAR,20110111,14.5,14.78,14.32,14.52,2135900
CART,20110111,3.39,3.39,3.38,3.38,500
CARV,20110111,2.62,2.85,2.55,2.56,5300
CASH,20110111,14.12,14.17,13.96,14.17,6100
CASM,20110111,3.1,3.18,2.96,3.15,5500
CASS,20110111,38.6,39.27,38.34,39.21,6400
CASY,20110111,40.37,41.64,40.37,41.4,216100
CATM,20110111,17.16,17.16,16.94,17.02,132500
CATY,20110111,16.52,16.68,16.28,16.43,411700
CAVM,20110111,43.69,43.74,42.58,42.9,932800
CBAK,20110111,9.55,9.95,9.55,9.95,400800
CBAN,20110111,4.27,4.35,4.27,4.35,1100
CBEY,20110111,16.03,16.3,15.87,16.25,129200
CBIN,20110111,10,10,10,10,0
CBLI,20110111,6.93,7.07,6.88,7.05,170900
CBMX,20110111,21.3,21.5,21.1,21.5,4000
CBMXW,20110111,1.7,1.7,1.7,1.7,0
CBNJ,20110111,8.97,9.1,8.96,9.1,9400
CBNK,20110111,12.9,13.07,12.9,13,14300
CBOE,20110111,24.41,24.46,23.9,23.98,372200
CBPO,20110111,16,16.06,15.85,16,49500
CBRL,20110111,54.63,54.71,53.96,54.45,183600
CBRX,20110111,2.65,2.66,2.46,2.5,605000
CBSH,20110111,40.27,40.43,39.97,40.17,322600
CBST,20110111,22.74,22.74,22.2,22.22,1433400
CCBG,20110111,13.25,13.25,12.93,13.03,17900
CCCL,20110111,8.4,8.4,7.85,8,43600
CCIH,20110111,22.15,22.15,21.01,21.3,143900
CCIX,20110111,6.41,6.41,6.23,6.38,16300
CCMP,20110111,40.89,41.69,40.71,41.67,147700
CCNE,20110111,14.99,14.99,14.8,14.88,5200
CCOI,20110111,14.16,14.49,14.12,14.37,238900
CCRN,20110111,8.24,8.25,7.99,8,59100
CCUR,20110111,4.82,5,4.82,4.86,7700
CDNS,20110111,8.54,8.57,8.44,8.46,1331800
CDTI,20110111,9.28,11.69,9.28,10.35,451000
CDXS,20110111,10.08,10.33,9.8,10.08,146800
CDZI,20110111,12.16,12.48,11.95,12.48,23600
CECE,20110111,5.93,6.11,5.81,6.1,20200
CECO,20110111,19.05,20.07,18.69,20.01,2169100
CEDU,20110111,7.8,7.8,7.7,7.77,7500
CELG,20110111,56.81,58.06,56.61,58,3920500
CELGZ,20110111,3,3.07,2.92,2.97,779900
CENT,20110111,9.9,10.01,9.84,9.96,30800
CENTA,20110111,9.95,10.03,9.81,10.01,137600
CENX,20110111,16.62,16.9,16.45,16.73,1430400
CERN,20110111,47.825,48.205,47.68,48.04,308100
CERS,20110111,2.82,2.97,2.82,2.86,1358100
CETV,20110111,20.17,20.4,19.75,20,264900
CEVA,20110111,24.2,24.75,24.2,24.42,202000
CFBK,20110111,5.2,5.25,4.9,5.25,8300
CFFI,20110111,22.75,22.75,22.75,22.75,0
CFFN,20110111,11.83,11.83,11.59,11.67,2729400
CFNB,20110111,13.85,14.1,13.85,14.05,1800
CFNL,20110111,11.84,11.91,11.73,11.8,61400
CGEN,20110111,5.02,5.04,4.94,4.94,59800
CGNX,20110111,28.46,28.84,28.35,28.63,101700
CHCI,20110111,1.37,1.55,1.35,1.48,325700
CHCO,20110111,35.14,35.52,34.56,34.89,66500
CHDN,20110111,43.74,43.77,43.31,43.62,12600
CHDX,20110111,16.54,16.92,16.36,16.6,50700
CHEV,20110111,9.44,9.44,9.44,9.44,100
CHFC,20110111,22.08,22.36,21.92,22.32,49500
CHFN,20110111,8.9109,8.9109,8.9109,8.9109,300
CHKE,20110111,18.31,18.5,18.1,18.22,39400
CHKP,20110111,45.05,45.38,44.75,44.98,2143900
CHLN,20110111,3.34,3.45,3.23,3.44,185700
CHNR,20110111,15.6,16.42,15.5,16.06,35700
CHOP,20110111,6.1,6.1,5.88,6,291300
CHRM,20110111,10.2,10.2,10,10,7300
CHRW,20110111,79.71,80.09,78.94,79.51,764500
CHSCP,20110111,28.75,28.99,28.59,28.72,22100
CHTP,20110111,7.98,7.99,7.18,7.4,928100
CHTR,20110111,39.3,39.3,38.89,39.04,86700
CHYR,20110111,2.3,2.4,2.3,2.39,14400
CIDM,20110111,1.57,1.63,1.57,1.57,10900
CIEN,20110111,25.5,25.6,24.59,24.73,10235800
CIMT,20110111,3.05,3.33,3.02,3.15,40100
CINF,20110111,32.07,32.26,31.62,31.7,651500
CISG,20110111,18.5,18.83,18.23,18.81,380200
CITZ,20110111,5.29,5.44,5.27,5.44,1600
CIZN,20110111,20.3,20.3,20.16,20.27,300
CJJD,20110111,4.47,4.75,4.45,4.65,128900
CKEC,20110111,7.9,8.05,7.83,8,51000
CKSW,20110111,7.99,8.18,7.75,7.96,1395300
CLBH,20110111,3.48,3.48,3.26,3.26,1800
CLCT,20110111,13.92,13.93,13.65,13.74,45500
CLDX,20110111,3.83,3.9,3.78,3.87,381400
CLFD,20110111,4,4.15,3.98,4.07,18300
CLMS,20110111,14.67,15.1,14.67,14.95,151500
CLMT,20110111,22.19,22.99,22.19,22.69,175400
CLNE,20110111,13.97,13.99,13.78,13.89,664400
CLRO,20110111,3.89,4,3.87,4,10100
CLSN,20110111,2.7,2.74,2.6,2.61,111600
CLUB,20110111,4.23,4.35,4.22,4.29,24900
CLWR,20110111,5.65,5.8,5.61,5.76,2971000
CLWT,20110111,6.435,6.435,6.435,6.435,0
CMCO,20110111,21.07,21.49,20.97,21.35,135800
CMCSA,20110111,22.75,22.82,22.51,22.6,11710700
CMCSK,20110111,21.51,21.59,21.29,21.36,3093300
CME,20110111,315.01,317.5,309.06,310.84,415100
CMLS,20110111,4.2,4.25,4.1,4.19,28600
CMSB,20110111,9.03,9.03,9.03,9.03,0
CMTL,20110111,28.05,28.26,27.75,27.98,147400
CNBC,20110111,8.55,8.65,8.49,8.51,4800
CNBKA,20110111,27,27.04,26.81,27,3900
CNET,20110111,4.56,4.6,4.33,4.41,98300
CNIT,20110111,4.98,5.03,4.82,4.89,407400
CNMD,20110111,25.43,26.12,25.29,26.04,69500
CNQR,20110111,54.96,55.25,54.64,54.79,332100
CNSL,20110111,19.1,19.2,19.08,19.15,345100
CNTF,20110111,4.23,4.31,4.16,4.2,72500
CNTY,20110111,2.51,2.61,2.51,2.57,36600
CNYD,20110111,9.73,9.76,9.63,9.72,1300
COBK,20110111,12.25,12.25,12.25,12.25,300
COBR,20110111,3.16,3.34,3.13,3.34,25000
COBZ,20110111,6.12,6.25,6.1,6.2,137500
COCO,20110111,4.79,4.79,4.62,4.65,7165400
COGO,20110111,8.95,8.97,8.81,8.86,150600
COHR,20110111,48.31,48.76,47.87,47.97,107200
COHU,20110111,15.97,16.12,15.76,15.79,50900
COKE,20110111,55.9,55.9,55.19,55.83,14000
COLB,20110111,20.48,20.54,20.02,20.25,74900
COLM,20110111,59.68,59.68,58.42,58.75,108500
CONN,20110111,4.51,4.59,4.46,4.49,73100
COOL,20110111,0.84,0.97,0.81,0.92,401800
CORE,20110111,35.3,35.81,35.05,35.27,75700
CORT,20110111,3.92,4.32,3.9,4.29,1281200
COSI,20110111,1.4,1.48,1.4,1.4,122600
COST,20110111,70.55,71.25,70.32,71.07,2065400
COWN,20110111,4.81,4.82,4.69,4.72,61200
CPBC,20110111,4.84,4.84,4.84,4.84,0
CPGI,20110111,3.98,3.98,3.85,3.88,95900
CPHC,20110111,11.31,11.65,11.31,11.65,1500
CPHD,20110111,23.3,23.5,23.15,23.39,143200
CPIX,20110111,5.7,5.78,5.57,5.6,41800
CPLA,20110111,55.83,55.83,52.53,53.18,842700
CPLP,20110111,9.88,9.99,9.78,9.91,144900
CPNO,20110111,33.85,34.09,33.71,33.97,189200
CPRT,20110111,18.72,18.795,18.705,18.73,1643900
CPRX,20110111,1.24,1.25,1.2,1.2,43800
CPSI,20110111,45.07,46.76,45.07,46.45,69000
CPSL,20110111,21.72,22.68,21.72,22.32,454200
CPSS,20110111,1.3,1.3,1.22,1.29,38800
CPST,20110111,1.21,1.21,1.18,1.21,2469000
CPTS,20110111,13.21,13.23,13,13.12,208700
CPWR,20110111,11.85,11.94,11.8,11.85,1944100
CRAI,20110111,23.28,23.39,23.16,23.35,7900
CRAY,20110111,7.17,7.26,7.14,7.19,124000
CRDC,20110111,5.04,5.13,4.7,4.85,283100
CREE,20110111,68.1,68.6,67.45,68.56,1724400
CREG,20110111,3.01,3.04,2.95,3.04,11000
CRESW,20110111,0.33,0.35,0.25,0.25,54500
CRESY,20110111,18.58,18.71,18.26,18.53,55800
CRFN,20110111,2.35,2.6,2.29,2.6,17100
CRIS,20110111,2.17,2.28,2.16,2.28,479300
CRME,20110111,34.2,34.95,33.35,34.55,394900
CRMT,20110111,27.82,28.33,27.63,27.97,25300
CRNT,20110111,13.13,13.31,12.94,13,202600
CROX,20110111,17.53,17.8,17.25,17.31,1716900
CRRB,20110111,4.45,4.45,4.45,4.45,0
CRRC,20110111,15.13,15.22,14.71,14.79,23200
CRTX,20110111,5.86,5.99,5.86,5.99,26500
CRUS,20110111,18.51,18.69,18.13,18.19,3068000
CRVL,20110111,49.04,49.1,48.87,49.09,32900
CRWN,20110111,2.59,2.63,2.5,2.61,146400
CRWS,20110111,4.44,4.75,4.38,4.58,26700
CRZO,20110111,33.76,34.8,33.35,34.09,428600
CSBK,20110111,10.77,10.84,10.75,10.75,6300
CSCD,20110111,4.89,5.37,4.89,5.1,38200
CSCO,20110111,20.9,20.96,20.79,20.88,38352300
CSFL,20110111,7.54,7.97,7.51,7.94,56100
CSGP,20110111,59.36,59.85,59.19,59.25,52100
CSGS,20110111,19.24,19.47,19.08,19.37,200600
CSII,20110111,13.31,13.4,12.91,13.05,122200
CSIQ,20110111,14.1,14.32,13.92,14.19,2014200
CSPI,20110111,4.02,4.1,4.01,4.1,6100
CSTR,20110111,56.77,57.1,55.4,55.58,917900
CSUN,20110111,4.62,4.66,4.5,4.5,270900
CSWC,20110111,101,101.16,99.52,99.52,5600
CTAS,20110111,28.16,28.33,27.94,28.07,832600
CTBI,20110111,28.66,29.18,28.45,29.18,18900
CTCH,20110111,3.84,3.93,3.84,3.92,37400
CTCM,20110111,23.33,23.5,22.98,23.4,239600
CTCT,20110111,29.39,30.5,29.17,30.17,201200
CTGX,20110111,12.12,12.44,11.95,12,86800
CTHR,20110111,2.55,2.66,2.55,2.62,15600
CTIB,20110111,5.86,5.86,5.71,5.78,12700
CTIC,20110111,1.9,2,1.9,1.95,5426700
CTRN,20110111,23.53,23.53,23.15,23.33,64100
CTRP,20110111,45.92,47.03,45.03,46.1,1740100
CTSH,20110111,75.49,75.7,75.08,75.51,1926800
CTWS,20110111,26.39,26.65,26.29,26.5,14500
CTXS,20110111,69.89,70.04,67.8,67.98,2194500
CU,20110111,41.75,43.1,41.75,43.08,107800
CUBA,20110111,7.03,7.25,7.03,7.25,6100
CUTR,20110111,8.76,8.79,8.39,8.45,30700
CVBF,20110111,8.28,8.45,8.25,8.4,863600
CVCO,20110111,48.44,48.77,48.15,48.22,6700
CVCY,20110111,5.84,5.95,5.78,5.8,2300
CVGI,20110111,19.02,19.29,18.79,19.15,205600
CVGW,20110111,22.77,22.91,22.45,22.82,26000
CVLT,20110111,30.15,30.58,29.91,30,187900
CVLY,20110111,9.8,9.8,9.54,9.54,1000
CVTI,20110111,9.79,9.93,9.76,9.8,16900
CVV,20110111,7,7,6.75,6.9,2300
CWBC,20110111,3.89,4,3.89,4,8100
CWCO,20110111,10.18,10.44,10.06,10.42,74600
CWEI,20110111,83.52,84.79,82.74,84.73,21100
CWST,20110111,6.57,6.68,6.53,6.65,68000
CWTR,20110111,11.6,11.8,11.48,11.76,1410700
CXDC,20110111,5.65,5.68,5.57,5.62,34800
CXPO,20110111,4.57,4.65,4.47,4.61,207700
CY,20110111,19.83,19.96,19.7,19.93,2791700
CYAN,20110111,3.12,3.16,3.11,3.11,6700
CYBE,20110111,8.44,8.6,8.29,8.53,3500
CYBX,20110111,34.78,35,34.53,34.9,568000
CYCC,20110111,10.71,11.06,10.57,10.92,1335000
CYMI,20110111,42.67,44.72,42.61,44.64,336400
CYNO,20110111,11.04,11.08,10.89,10.9,56600
CYOU,20110111,30.31,31.33,30.31,31.32,233200
CYTK,20110111,2.04,2.07,2.01,2.03,855800
CYTR,20110111,6.37,6.37,6.02,6.16,861900
CYTX,20110111,5.73,5.76,5.65,5.74,386700
CYTXW,20110111,3.76,3.76,3.76,3.76,0
CZFC,20110111,7.25,7.25,7.25,7.25,0
CZNC,20110111,15.58,15.95,15.58,15.93,6900
CZWI,20110111,4.89,4.89,4.89,4.89,0
DAIO,20110111,5.6,5.65,5.56,5.56,12700
DAKT,20110111,16.31,16.51,16.19,16.39,178900
DARA,20110111,3.76,3.88,3.65,3.88,97600
DAVE,20110111,11.22,11.31,11.22,11.29,8200
DBLE,20110111,5.34,5.68,5.34,5.58,58400
DBLEP,20110111,25.7,25.7,25.61,25.61,1900
DCOM,20110111,14.67,14.8,14.47,14.71,87500
DCTH,20110111,9.33,9.91,9.03,9.74,1579000
DECK,20110111,81.04,82.67,78.77,79.06,1860900
DELL,20110111,14.11,14.19,13.96,14.08,14988100
DENN,20110111,3.59,3.74,3.58,3.66,2170500
DEPO,20110111,7,7.25,6.93,7.07,1003200
DEST,20110111,20.415,20.5,20.35,20.5,13300
DFZ,20110111,11.5,11.57,11.43,11.57,4200
DGAS,20110111,15.625,15.625,15.16,15.34,1700
DGICA,20110111,14.71,14.95,14.66,14.73,4300
DGICB,20110111,17.6,17.6,17.6,17.6,0
DGII,20110111,11.65,11.74,11.55,11.71,74100
DGIT,20110111,29.68,29.68,28.7,29.23,395900
DGLY,20110111,1.86,1.89,1.65,1.65,297600
DHIL,20110111,73.1,74.73,73.1,74.73,4900
DHRM,20110111,5.9,6,5.41,5.83,34800
DIOD,20110111,26.38,27.42,26.38,27.1,174500
DISCA,20110111,40.04,40.2,39.78,39.95,1543500
DISCB,20110111,41.35,41.35,41.35,41.35,0
DISCK,20110111,34.81,34.85,34.49,34.75,452600
DISH,20110111,20.97,21.48,20.93,21.43,3608700
DJCO,20110111,71.5,71.5,70.99,71,3700
DLGC,20110111,21.35,22.5,21.25,22.25,24500
DLIA,20110111,1.83,1.84,1.8,1.83,18000
DLLR,20110111,20.8,20.8667,20.4933,20.6533,206500
DLTR,20110111,26.35,26.39,25.965,26.015,1670400
DMLP,20110111,27.75,28.4,27.65,28.05,80000
DMND,20110111,51.7,52.18,51.52,51.91,113400
DMRC,20110111,30,30.05,29.9,30.05,21500
DNBF,20110111,10.24,11.32,10.24,11,3300
DNDN,20110111,38.29,38.36,36.93,37.52,2904200
DORM,20110111,19.045,19.5,18.89,18.975,75500
DOVR,20110111,3.05,3.05,2.76,2.84,6300
DRAD,20110111,2.16,2.23,2.16,2.21,29700
DRAM,20110111,10.56,11.1,10.56,10.98,60800
DRCO,20110111,13.47,13.55,13.46,13.46,4700
DRIV,20110111,36.49,37,36.38,36.6,292400
DRRX,20110111,3.59,3.59,3.54,3.58,134100
DRWI,20110111,8.91,8.98,8.68,8.86,656300
DRYS,20110111,5.36,5.47,5.35,5.39,13398400
DSCI,20110111,4.62,4.62,4.6,4.6,1000
DSGX,20110111,6.92,7.03,6.77,6.89,17000
DSPG,20110111,8.47,8.48,8.24,8.42,69700
DSWL,20110111,3.43,3.56,3.36,3.37,6000
DTLK,20110111,4.47,4.53,4.34,4.5,12300
DTSI,20110111,49.98,50.1,49,49.09,93700
DTV,20110111,41.79,42.06,41.64,41.82,5498600
DVAX,20110111,3.52,3.59,3.28,3.38,4838300
DVOX,20110111,5.18,5.25,5.11,5.18,132900
DWA,20110111,29.35,29.37,29.05,29.11,446400
DWCH,20110111,3.27,3.31,3.23,3.31,400
DWSN,20110111,32.03,33.24,32.03,33.18,36700
DXCM,20110111,13.71,14.05,13.62,14.01,348500
DXPE,20110111,24.67,24.81,24.3,24.42,48900
DXYN,20110111,3.89,4,3.85,3.93,20300
DYAX,20110111,2.14,2.19,2,2.13,1581800
DYNT,20110111,3.6,3.9,3.45,3.8,43500
DYSL,20110111,4.62,4.76,4.52,4.66,3300
EBAY,20110111,28.36,28.51,28.09,28.36,9838800
EBIX,20110111,25.29,25.5,25.06,25.25,390800
EBMT,20110111,10.95,11.19,10.95,11.1,6500
EBSB,20110111,12.27,12.32,12.22,12.31,19900
EBTC,20110111,13.85,14.05,13.85,13.98,4200
ECHO,20110111,11.84,12.23,11.78,12.08,59900
ECOL,20110111,17.82,17.86,17.47,17.62,76900
ECPG,20110111,23.82,24.59,23.5,24.37,99000
ECTY,20110111,3.95,4.19,3.88,4.1,135900
EDAC,20110111,3.84,3.84,3.67,3.76,1600
EDAP,20110111,4.79,4.92,4.6,4.75,190300
EDGW,20110111,2.23,2.23,2.17,2.23,39500
EDMC,20110111,14.25,14.26,13.69,13.83,761600
EDS,20110111,7.92,7.99,7.8,7.91,66800
EDUC,20110111,6.63,6.66,6.63,6.66,200
EEFT,20110111,18.54,18.82,18.39,18.8,227600
EEI,20110111,14.5,14.54,14.31,14.42,2400
EFII,20110111,14.49,14.66,14.17,14.37,172500
EFSC,20110111,11.23,11.37,11.06,11.17,32900
EFUT,20110111,5.26,5.59,5.26,5.36,27800
EGBN,20110111,13.86,14.53,13.58,14.28,81300
EGHT,20110111,2.61,2.7,2.6,2.66,453500
EGLE,20110111,20,20.12,19.84,19.92,1573400
EGOV,20110111,10.02,10.12,9.93,10.05,334200
EHTH,20110111,12.71,12.81,12.48,12.65,285500
EIHI,20110111,12.25,12.37,12.21,12.37,1500
ELGX,20110111,6.71,6.86,6.38,6.51,353800
ELNK,20110111,8.8,8.85,8.76,8.76,1012800
ELON,20110111,10.22,10.36,10.13,10.35,164100
ELOS,20110111,10.21,10.29,10.12,10.24,155000
ELRC,20110111,15.87,16.16,15.65,15.83,48600
ELSE,20110111,4.41,4.41,4.18,4.25,5000
ELTK,20110111,1.4,1.4,1.37,1.4,5200
EMCF,20110111,17,17,17,17,100
EMCI,20110111,22.09,22.82,22.05,22.62,19100
EMFN,20110111,28.05,28.05,28.05,28.05,0
EMIF,20110111,34.62,34.62,34.31,34.55,14000
EMITF,20110111,13,13.09,12.98,13.08,4200
EMKR,20110111,5.16,5.8,5.12,5.76,3042400
EMMS,20110111,0.83,0.93,0.8,0.86,687600
EMMSP,20110111,15,15,15,15,0
EMMT,20110111,28.19,28.55,28.19,28.46,4600
ENDP,20110111,33.97,34.27,33.78,34.15,1805200
ENG,20110111,3.62,3.7,3.6,3.69,74100
ENMD,20110111,6.37,6.62,6.22,6.57,77300
ENOC,20110111,25.02,25.23,24.81,24.97,146000
ENSG,20110111,25,25,24.33,24.47,80800
ENTG,20110111,7.36,7.62,7.35,7.52,1509800
ENTR,20110111,13.86,13.96,12.79,13.21,5929500
ENZN,20110111,12.21,12.35,12.06,12.25,261900
EONC,20110111,1.95,1.95,1.93,1.95,6700
EPAX,20110111,11.61,11.62,11.35,11.5,37700
EPAY,20110111,21.14,21.3,21.05,21.21,165700
EPIQ,20110111,13.54,13.54,13.34,13.4,67900
EQIX,20110111,86.28,88.41,86.28,87.11,916800
ERIC,20110111,11.15,11.19,11.09,11.16,2939700
ERIE,20110111,66,66,65.69,65.92,43700
ERII,20110111,3.92,4.25,3.92,4.23,529100
EROC,20110111,8.97,9.15,8.89,9.15,697300
ESBF,20110111,12.3333,12.4333,12.225,12.3833,6200
ESBK,20110111,17.75,18.45,17.75,17.95,2900
ESCA,20110111,6.68,7.1,6.63,7.03,24600
ESEA,20110111,3.8,3.8,3.59,3.64,185000
ESGR,20110111,83.38,84.79,83,83.68,12500
ESIO,20110111,15.55,15.99,15.55,15.57,34500
ESLT,20110111,53.6,54.7,53.6,54.7,20000
ESMC,20110111,1.36,1.42,1.36,1.39,4200
ESRX,20110111,56.43,57.22,56.35,56.86,2097200
ESSA,20110111,12.84,12.95,12.84,12.91,5700
ESSX,20110111,5.4,5.5,5.4,5.45,2800
ESYS,20110111,4.15,4.75,4.15,4.75,600
ETFC,20110111,16.47,16.68,16.27,16.36,2387000
ETRM,20110111,3.09,3.09,2.96,3,58700
EUFN,20110111,20.67,20.87,20.63,20.87,273000
EVBS,20110111,4.2,4.52,4.2,4.51,6500
EVEP,20110111,42.06,42.34,41.7,42.33,170800
EVOL,20110111,8.25,8.28,8.15,8.28,10500
EWBC,20110111,20.68,20.87,20.31,20.64,1345600
EXAC,20110111,17.88,18.34,17.88,18.31,26200
EXAR,20110111,7.08,7.24,7.08,7.2,145700
EXAS,20110111,6.09,6.65,6.08,6.64,1169100
EXEL,20110111,7.97,8,7.75,7.86,1239400
EXFO,20110111,7.18,7.21,7.14,7.19,51000
EXLP,20110111,26.78,27.42,26.66,27.08,81400
EXLS,20110111,21.85,22,21.44,21.99,33500
EXPD,20110111,54.34,54.39,53.37,53.73,874500
EXPE,20110111,25.67,26.36,25.48,26.36,8603200
EXPO,20110111,37.36,37.65,36.98,37.39,38300
EXTR,20110111,3.26,3.51,3.25,3.44,720600
EXXI,20110111,28.17,28.38,28.03,28.32,524600
EZCH,20110111,31.89,32.15,31.5,31.85,262800
EZPW,20110111,27.89,28.23,27.74,28.07,278700
FABK,20110111,12.03,12.03,12.03,12.03,0
FALC,20110111,3.36,3.36,3.16,3.22,309400
FARM,20110111,16.22,16.25,15.73,15.73,20400
FARO,20110111,31.3,32,31.11,31.8,19400
FAST,20110111,29.72,29.995,29.45,29.7,953400
FBIZ,20110111,12.06,12.06,12.04,12.04,300
FBMI,20110111,6.77,6.98,6.75,6.95,2800
FBMS,20110111,8.83,9.89,8.83,9.47,2400
FBNC,20110111,16.3,16.4,16.11,16.2,70800
FBSS,20110111,12.87,12.87,12.87,12.87,0
FCAL,20110111,3.08,3.08,2.94,3.01,30600
FCAP,20110111,16.65,16.65,16.65,16.65,200
FCBC,20110111,14.02,14.38,14.01,14.35,25900
FCCO,20110111,5.75,5.75,5.75,5.75,0
FCCY,20110111,9.35,9.45,9.26,9.35,3000
FCEL,20110111,2.13,2.14,1.93,1.94,2441100
FCFC,20110111,7.94,8,7.94,7.97,6400
FCFS,20110111,31.9,31.9,31.06,31.13,141100
FCHI,20110111,52.34,52.34,52.03,52.19,7100
FCLF,20110111,6.9,6.9,6.9,6.9,100
FCNCA,20110111,190.56,191.19,189.3,190.74,4100
FCTY,20110111,4.08,4.15,4.08,4.15,3200
FCVA,20110111,3.92,3.99,3.88,3.98,1900
FCZA,20110111,4.03,4.03,4.01,4.01,300
FDEF,20110111,12.66,12.85,12.61,12.85,6800
FDML,20110111,22.57,22.57,22.02,22.28,95100
FEFN,20110111,26.99,26.99,26.99,26.99,100
FEIC,20110111,27.28,27.43,26.02,26.1,455700
FEIM,20110111,6.97,7.38,6.97,7.34,66300
FELE,20110111,20.27,20.51,20.22,20.485,91200
FFBC,20110111,17.6,17.83,17.41,17.6,142200
FFBCW,20110111,6.91,6.91,6.91,6.91,0
FFBH,20110111,1.89,1.89,1.78,1.87,1100
FFCH,20110111,11.88,12.07,11.76,12.05,17200
FFCO,20110111,13.81,13.98,13.81,13.98,400
FFEX,20110111,4.89,4.96,4.85,4.89,18900
FFHL,20110111,3.79,4.49,3.72,4.3,616400
FFIC,20110111,14.26,14.45,14.15,14.44,130900
FFIN,20110111,33.8533,34.06,33.6133,34.0133,22600
FFIV,20110111,144,144.1,141.1,142.65,1766400
FFKT,20110111,5.09,5.1,5.02,5.08,3100
FFKY,20110111,4.07,4.07,4.07,4.07,0
FFNM,20110111,3.6,3.9,3.6,3.9,1000
FFNW,20110111,4.26,4.28,4.25,4.26,3700
FHCO,20110111,5.72,5.8,5.69,5.8,20300
FIBK,20110111,15.89,16.11,15.5,15.51,85300
FINL,20110111,16.97,17.23,16.34,16.59,888100
FIRE,20110111,23.21,23.38,22.93,23.11,1370900
FISI,20110111,19.45,19.75,19.45,19.64,19800
FISV,20110111,59.27,60.2,59.24,60.18,872400
FITB,20110111,14.55,14.69,14.4,14.55,8028700
FITBP,20110111,146.39,147,146.39,147,3100
FIZZ,20110111,13.7,13.7,13.54,13.64,31100
FLEX,20110111,8.16,8.2,8.09,8.18,2897700
FLIC,20110111,27.46,27.87,27.41,27.87,9500
FLIR,20110111,28.93,29.1,28.71,28.87,855200
FLML,20110111,6.57,6.78,6.57,6.73,11100
FLOW,20110111,3.96,4,3.85,3.95,143400
FLWS,20110111,2.48,2.53,2.48,2.53,108100
FLXS,20110111,18.71,19.69,18.33,18.48,36000
FMBI,20110111,12.61,12.74,12.47,12.68,804200
FMCN,20110111,23.14,23.3,22.6,22.88,1089100
FMER,20110111,19.29,19.51,19.18,19.3,757700
FMFC,20110111,3.68,3.74,3.65,3.68,8900
FNBN,20110111,0.52,0.54,0.45,0.45,41400
FNFG,20110111,14.05,14.14,13.97,14.11,1541300
FNGN,20110111,20.6,20.96,20.45,20.88,189900
FNLC,20110111,15.43,15.9,15.43,15.82,8500
FNSR,20110111,33.2,33.39,32.18,32.75,2683300
FOLD,20110111,4.37,4.6,4.29,4.59,61100
FONR,20110111,1.46,1.47,1.42,1.43,31600
FORD,20110111,3.27,3.33,3.18,3.32,35000
FORM,20110111,9.5,9.5,9.08,9.28,444800
FORR,20110111,35.51,36,35.38,35.45,47700
FORTY,20110111,20.1,20.2,19.8,20.11,15200
FOSL,20110111,71.61,72.77,69.16,69.52,1171500
FRBK,20110111,2.65,3,2.64,2.99,216000
FRED,20110111,13.83,13.86,13.49,13.61,241500
FREE,20110111,37.5,38.1,37.5,37.6,8400
FRME,20110111,9.2,9.24,9.01,9.24,61700
FSBK,20110111,6.11,6.3,6.11,6.22,18400
FSCI,20110111,23.48,24.34,23.48,24.18,3700
FSFG,20110111,15,15,15,15,0
FSGI,20110111,1.27,1.29,1.23,1.25,60400
FSLR,20110111,137.39,138.47,135.39,137.69,1044900
FSRV,20110111,29.43,30.33,29.3,30.33,32000
FSTR,20110111,38.57,40.03,38.36,40,90600
FSYS,20110111,29.75,30.55,29.68,30.51,277100
FTEK,20110111,9.67,9.89,9.54,9.85,186900
FTNT,20110111,18.235,18.39,17.965,18.03,322800
FUBC,20110111,7,7.04,6.94,7.02,64600
FULL,20110111,8.68,8.74,8.3,8.74,35500
FULT,20110111,10.26,10.32,10.06,10.17,599900
FUNC,20110111,4.25,4.44,4.25,4.44,5800
FUND,20110111,7.59,7.62,7.53,7.57,52700
FURX,20110111,15.4,15.4,14.85,14.92,35400
FWLT,20110111,34.71,35.85,34.48,35.71,3247800
FWRD,20110111,28.25,28.38,27.96,28.14,37000
FXCB,20110111,11.4,11.65,11.4,11.63,34700
FXEN,20110111,6.98,7.71,6.96,7.71,892700
GABC,20110111,18.03,18.1,17.91,18.07,8800
GAGA,20110111,8.26,8.26,7.81,8.18,40600
GAI,20110111,8.7,8.7,8.36,8.4,2200
GAIA,20110111,7.27,7.39,7.19,7.25,21200
GAIN,20110111,7.69,7.86,7.69,7.86,57600
GAME,20110111,6.09,6.28,6.09,6.24,338500
GASS,20110111,8.29,8.29,8.06,8.13,62000
GBCI,20110111,15.04,15.15,14.72,14.74,290100
GBDC,20110111,17.45,17.62,17.08,17.29,34600
GBLI,20110111,20.49,20.53,20.11,20.28,31000
GBNK,20110111,1.46,1.55,1.46,1.51,64600
GCBC,20110111,18.76,18.8,18.75,18.78,700
GCFB,20110111,4.15,4.25,4.05,4.07,29800
GCOM,20110111,10.18,10.19,9.86,9.96,36300
GENC,20110111,7.39,7.4,7.24,7.4,1700
GENE,20110111,2.55,2.55,2.33,2.39,84600
GENT,20110111,7.5,8.6,7.5,7.92,106400
GERN,20110111,5.29,5.3,5.22,5.3,1130900
GFED,20110111,4.66,5,4.66,5,6000
GFN,20110111,2.24,2.32,2.1,2.21,2200
GFNCL,20110111,2.45,2.45,2.45,2.45,0
GGAL,20110111,15.04,15.35,15,15.16,207000
GHDX,20110111,21.75,21.91,21.46,21.48,48100
GIFI,20110111,28.12,28.58,27.51,27.72,73800
GIGA,20110111,2.75,2.75,2.75,2.75,0
GIGM,20110111,1.47,1.48,1.45,1.46,382900
GIII,20110111,36.22,36.22,34.99,35.12,122100
GILD,20110111,18.37,18.625,18.215,18.585,10632100
GILT,20110111,5.85,5.89,5.78,5.79,22700
GIVN,20110111,16.72,16.93,16.68,16.82,64800
GKNT,20110111,22.24,22.36,22.24,22.32,8100
GLAD,20110111,11.89,11.9,11.64,11.88,70300
GLBS,20110111,10,10,9.8,9.8,1300
GLBZ,20110111,8.39,8.39,8.39,8.39,500
GLCH,20110111,2.42,2.45,2.37,2.38,253000
GLDC,20110111,3.03,3.23,3.01,3.2,4900
GLDD,20110111,8,8.37,8,8.35,536400
GLNG,20110111,16.22,16.26,16,16.12,231100
GLPW,20110111,22.36,23.84,22.36,23.55,25600
GLRE,20110111,27.17,27.25,26.95,27.1,34600
GLUU,20110111,2.24,2.33,2.05,2.16,4045000
GMAN,20110111,16.8,17.35,16.36,16.48,37700
GMCR,20110111,36,36.38,34.83,34.87,1955400
GMETP,20110111,11.25,11.25,11.25,11.25,0
GNCMA,20110111,13.12,13.12,12.77,12.97,87700
GNMK,20110111,4.72,4.8,4.5,4.51,1500
GNTX,20110111,31.69,31.79,31.2,31.42,1244100
GNVC,20110111,0.55,0.56,0.55,0.55,165800
GOLD,20110111,81.02,81.74,80.67,81.42,660700
GOOD,20110111,18.92,19,18.53,19,22100
GOODO,20110111,24.79,24.79,24.79,24.79,0
GOODP,20110111,24.61,24.61,24.61,24.61,100
GOOG,20110111,617.71,618.8,614.5,616.01,1440900
GPIC,20110111,6.32,6.42,6.32,6.37,22100
GPOR,20110111,20.72,21.5,20.71,21.03,222800
GPRC,20110111,6.74,6.8,6.44,6.54,23600
GPRE,20110111,11.35,11.75,11.35,11.68,196700
GRID,20110111,32.08,32.38,32.08,32.13,4700
GRIF,20110111,31.67,31.79,31.32,31.72,3100
GRMN,20110111,30.58,30.83,30.48,30.77,662700
GROW,20110111,7.75,7.84,7.65,7.7,39700
GRVY,20110111,1.85,1.92,1.8,1.92,28300
GSBC,20110111,23.62,24,23.53,23.82,27200
GSIT,20110111,9.3,9.55,9.18,9.51,610200
GSM,20110111,18.77,19.09,18.73,19,865100
GSOL,20110111,9.25,9.5,9.23,9.45,46300
GTIV,20110111,26.45,26.73,25.69,26.31,147700
GTLS,20110111,38,39.32,37.75,38.52,483000
GTXI,20110111,2.9,2.9,2.85,2.9,75500
GUID,20110111,7,7.15,6.98,7,55000
GULF,20110111,17.37,17.37,17.2,17.21,9700
GYRO,20110111,79.5,79.5,79.09,79.09,1000
HA,20110111,8.05,8.05,7.84,7.95,529800
HAFC,20110111,1.11,1.17,1.1,1.17,1484300
HAIN,20110111,26.46,26.53,26.07,26.31,625400
HALL,20110111,9.07,9.14,8.99,9.09,81800
HALO,20110111,7.71,7.74,7.57,7.66,362500
HAS,20110111,46.34,46.97,45.88,45.99,2376700
HAST,20110111,6.06,6.1,5.99,6.1,13200
HAUP,20110111,2.92,3.09,2.71,2.95,829100
HAWK,20110111,7.87,8.25,7.77,8.23,239900
HAYN,20110111,41.04,42.11,41.04,41.82,29500
HBAN,20110111,7.26,7.34,7.11,7.12,22118000
HBANP,20110111,1104.7,1110,1104.7,1110,100
HBCP,20110111,13.55,14.06,13.55,14.06,11000
HBHC,20110111,33.75,34.11,33.32,33.6,273500
HBIO,20110111,4.28,4.32,4.1,4.29,14900
HBNC,20110111,11.6667,11.6667,11.6667,11.6667,1500
HBNK,20110111,11.39,11.53,11.34,11.5,1700
HBOS,20110111,12,12,11.92,11.99,1800
HCBK,20110111,13.04,13.09,12.88,12.98,3859600
HCCI,20110111,10.38,10.47,10.2,10.2,7300
HCKT,20110111,3.9,3.94,3.84,3.87,40600
HCSG,20110111,15.96,16.1,15.81,16,216700
HDNG,20110111,9.55,9.64,9.55,9.64,1700
HDSN,20110111,1.66,1.7,1.66,1.7,18100
HEES,20110111,12.49,12.6,12.08,12.14,67400
HELE,20110111,31.2,31.22,29.6,29.93,215100
HEOP,20110111,3.52,3.66,3.5,3.65,11100
HERO,20110111,3.57,3.68,3.55,3.66,3534000
HFBC,20110111,9.5,9.51,9.5,9.5,21700
HFFC,20110111,10.89,10.89,10.89,10.89,0
HFWA,20110111,13.99,14.19,13.9,14.15,29700
HGSH,20110111,3.5,3.5,3.3,3.5,2300
HIBB,20110111,35.07,35.2,34.54,34.75,188200
HIFS,20110111,45.53,45.53,45.5,45.5,500
HIHO,20110111,3.77,3.77,3.7,3.76,13800
HILL,20110111,2.5,2.6,2.31,2.45,1040100
HIMX,20110111,2.62,2.62,2.52,2.57,318500
HITK,20110111,25.23,25.4,24.94,25.02,129600
HITT,20110111,62.82,62.82,60.52,60.75,255200
HLIT,20110111,8.45,8.54,8.23,8.38,1175300
HMIN,20110111,39.9,39.97,38.88,39.01,725600
HMNF,20110111,2.95,2.95,2.95,2.95,0
HMPR,20110111,20.5,21.25,18.75,20,314400
HMSY,20110111,21.17,21.3833,21.0733,21.3567,151600
HNH,20110111,12.88,13,12.62,12.75,34800
HNRG,20110111,10.27,10.48,10.27,10.46,4400
HNSN,20110111,1.68,1.7,1.6,1.64,241300
HOFT,20110111,14.09,14.18,13.72,13.75,42000
HOGS,20110111,19,19.41,18.51,18.66,298100
HOLI,20110111,16.42,16.91,16.37,16.9,357200
HOLL,20110111,1.77,1.87,1.72,1.87,47600
HOLX,20110111,18.86,19.06,18.77,18.94,1286000
HOMB,20110111,21.16,21.38,20.63,20.71,34300
HOME,20110111,12.39,12.43,12.27,12.37,9900
HOTT,20110111,6.12,6.13,6.01,6.05,401600
HOVNP,20110111,6.74,6.74,6.16,6.5,23500
HPCCP,20110111,25.78,25.84,25.76,25.81,2600
HPJ,20110111,3.15,3.15,3.1,3.1,30100
HPOL,20110111,1.2,1.21,1.15,1.21,31600
HRZN,20110111,15.61,15.78,15.45,15.59,49600
HSIC,20110111,62.58,62.99,62.58,62.81,334800
HSII,20110111,29.5,29.76,29.06,29.55,65000
HSNI,20110111,29.49,29.49,28.31,28.75,667000
HSTM,20110111,7.62,7.66,6.82,6.85,236600
HTBK,20110111,4.5,4.5,4.37,4.41,10300
HTCH,20110111,3.71,3.74,3.55,3.59,293000
HTCO,20110111,9.65,9.7,9.59,9.63,17200
HTHT,20110111,24.02,24.38,23.95,23.95,231300
HTLD,20110111,16.69,16.78,16.35,16.51,389900
HTLF,20110111,17.31,17.83,17.12,17.81,15200
HTWR,20110111,93.6,99,90.96,96.19,333100
HUBG,20110111,36.3,36.49,35.83,36.38,205800
HURC,20110111,25.2,25.3,25.04,25.17,5900
HURN,20110111,26.91,27.36,26.76,26.96,52900
HWAY,20110111,10.95,11.04,10.82,10.91,141500
HWBK,20110111,9,9.11,8.38,8.5,13200
HWCC,20110111,14.09,14.09,13.72,13.78,36100
HWKN,20110111,45.75,46.86,45.02,45.46,86100
HYGS,20110111,4.1,4.26,4.08,4.1,4300
IACI,20110111,29.83,29.83,29.4,29.75,840200
IART,20110111,47.18,47.61,47.06,47.28,71300
IBB,20110111,95.74,95.74,95.19,95.46,427000
IBCA,20110111,2.72,2.81,2.72,2.81,34500
IBCP,20110111,2.38,2.54,2.36,2.5,253000
IBCPO,20110111,13.75,13.75,13.75,13.75,0
IBKC,20110111,57.96,58.19,57.02,57.37,72700
IBKR,20110111,17.86,17.97,17.75,17.81,178000
IBOC,20110111,19.76,20.01,19.53,19.69,94300
ICAD,20110111,1.39,1.42,1.36,1.4,88000
ICCC,20110111,3.19,3.19,3.19,3.19,0
ICFI,20110111,25.44,25.58,25.08,25.51,36400
ICGE,20110111,13.67,13.75,13.5,13.65,73100
ICLN,20110111,16,16.12,15.94,16.12,12700
ICLR,20110111,21.98,22.68,21.85,22.63,352700
ICON,20110111,20.66,20.66,20.31,20.5,429900
ICUI,20110111,36.36,36.6,36.32,36.44,25100
IDCC,20110111,46.69,46.78,45.61,45.82,682300
IDIX,20110111,5.03,5.1,4.99,5.03,175600
IDRA,20110111,2.97,3.08,2.95,3.07,75900
IDSA,20110111,13.56,13.99,13.56,13.93,25000
IDSY,20110111,3.44,3.49,3.39,3.49,28800
IDTI,20110111,6.69,6.78,6.67,6.74,2854300
IDXX,20110111,68.49,69.02,67.92,68.94,398600
IESC,20110111,3.6,3.67,3.6,3.63,9300
IFAS,20110111,32.43,32.43,32.19,32.19,9700
IFEU,20110111,28.79,28.79,28.79,28.79,0
IFGL,20110111,31.34,31.38,31.21,31.34,24700
IFNA,20110111,40.39,40.39,40.39,40.39,0
IFON,20110111,0.94,0.95,0.88,0.92,86400
IFSM,20110111,38.51,38.65,38.41,38.5,3300
IGLD,20110111,33.36,34.09,33.33,34.09,1900
IGOI,20110111,53.4,56.16,52.2,55.32,423600
IGOV,20110111,99.78,99.78,99.25,99.65,11000
IGTE,20110111,17.09,17.1,15.36,15.44,3760000
III,20110111,2.11,2.11,2.01,2.07,81800
IIIN,20110111,12.15,12.28,11.92,11.98,45400
IIJI,20110111,7.31,7.48,7.3,7.45,98300
IILG,20110111,15.71,16.14,15.56,16.11,92300
IIN,20110111,3.93,4.05,3.93,4,4500
IIVI,20110111,22.935,23.31,22.78,23.005,64800
IKAN,20110111,1.46,1.48,1.44,1.44,103400
IKNX,20110111,7.26,7.32,7.26,7.32,1800
ILMN,20110111,66.25,67.34,66.08,67.34,773200
IMGN,20110111,9.56,9.76,9.45,9.47,419200
IMKTA,20110111,19.25,19.46,19.06,19.23,54100
IMMR,20110111,6.52,6.63,6.34,6.35,133800
IMMU,20110111,3.45,3.45,3.37,3.38,430100
IMOS,20110111,1.58,1.7,1.57,1.7,1095600
IMRS,20110111,7.1,7.33,6.94,7.16,507500
INAP,20110111,7.12,7.24,6.83,6.91,959000
INCY,20110111,15.68,15.74,15.42,15.67,2139500
INDB,20110111,27.36,27.48,26.82,27.06,33400
INDY,20110111,29.54,29.54,29.17,29.24,92100
INFA,20110111,45.62,45.74,45.06,45.24,974600
INFI,20110111,5.98,6,5.84,5.9,38600
INFN,20110111,10.78,10.94,10.49,10.5,928400
ININ,20110111,34.34,36.99,34.02,36.58,743200
INOC,20110111,1.38,1.38,1.38,1.38,0
INOD,20110111,2.93,2.94,2.85,2.92,34200
INPH,20110111,1.78,1.89,1.75,1.8,16000
INSM,20110111,0.63,0.64,0.63,0.63,209100
INTC,20110111,20.83,21.12,20.74,21.05,64452500
INTG,20110111,20.48,21,20.47,21,4000
INTL,20110111,24.82,24.95,24.41,24.71,54100
INTT,20110111,3.1,3.35,3.09,3.27,647900
INTU,20110111,47.81,47.84,46.96,47.05,4317600
INTX,20110111,10.12,10.12,9.83,9.95,17100
INVE,20110111,2.43,2.43,2.35,2.35,9500
INWK,20110111,6.71,6.84,6.71,6.78,43800
IOSP,20110111,20.92,21.33,20.49,20.61,41200
IPAR,20110111,18.81,19.06,18.56,18.68,51000
IPAS,20110111,1.37,1.4,1.34,1.39,192600
IPCC,20110111,60.52,60.92,60.16,60.8,20400
IPCI,20110111,2.88,4.2,2.88,4,200800
IPCM,20110111,40.54,40.95,40.02,40.8,151800
IPGP,20110111,31.35,33.7,31.3,33.6,391300
IPHS,20110111,35.58,35.93,34.42,34.98,102100
IPXL,20110111,20.7,20.79,20.55,20.64,808900
IRBT,20110111,26.04,26.04,25.4,25.48,118300
IRDM,20110111,8.39,8.43,8.32,8.38,341900
IRDMZ,20110111,1.4,1.4,1.4,1.4,0
IRIX,20110111,3.97,4.17,3.94,4.04,70700
IRWD,20110111,10.87,10.91,10.8,10.91,44200
ISBC,20110111,13.82,13.86,13.51,13.61,109400
ISCA,20110111,26.7,26.83,26.31,26.49,128500
ISHG,20110111,101.65,101.95,101.5,101.91,14300
ISIG,20110111,6.39,6.45,6.35,6.45,2500
ISIL,20110111,14.71,14.93,14.7,14.84,1584600
ISIS,20110111,10.18,10.18,9.97,10.04,640500
ISLE,20110111,10.66,10.8,10.55,10.71,62400
ISNS,20110111,13.57,13.58,13.48,13.48,3600
ISRG,20110111,272.58,284.38,272.03,280.99,723100
ISRL,20110111,83.17,83.17,81.85,81.85,1300
ISSC,20110111,5.92,5.95,5.76,5.79,9100
ISSI,20110111,8.8,9.2,8.74,9.2,481100
ITIC,20110111,31.33,31.5,31.02,31.5,1800
ITMN,20110111,36.03,36.3,35,35.11,1884100
ITRI,20110111,57.66,58.25,57.34,58.24,664100
ITRN,20110111,17.83,18,17.75,17.94,7700
IVAC,20110111,14.42,15,14.1,14.8,85700
IVAN,20110111,3.14,3.29,3.13,3.2,2716600
IXYS,20110111,11.4,11.81,11.36,11.81,41700
JACK,20110111,21.59,22.11,21.31,22.09,651000
JADE,20110111,3.87,3.88,3.68,3.77,247200
JAKK,20110111,17.48,17.61,17,17.23,209800
JASO,20110111,39.2,39.45,38.4,39,12783000
JAXB,20110111,7.4,7.4,7.4,7.4,0
JAZZ,20110111,21.95,21.97,21.03,21.1,764500
JBHT,20110111,42.18,42.63,41.54,41.8,773000
JBLU,20110111,6.92,6.93,6.75,6.85,3578700
JBSS,20110111,12.22,12.28,12.09,12.28,11600
JCOM,20110111,28.68,29.13,28.68,29.11,372400
JCS,20110111,14.17,14.17,14.05,14.05,1200
JCTCF,20110111,9.5,9.5,9.5,9.5,100
JDSU,20110111,16.6,16.71,16.15,16.34,3243000
JFBI,20110111,3.34,3.34,3.34,3.34,0
JJSF,20110111,47.98,48.84,47.81,48.73,73200
JKHY,20110111,29.68,29.86,29.57,29.64,200200
JMBA,20110111,2.36,2.38,2.31,2.36,464400
JOBS,20110111,57.83,60,57.31,59,254700
JOEZ,20110111,1.6,1.61,1.58,1.58,409500
JOSB,20110111,41.33,41.61,40.74,41,449600
JOUT,20110111,14.68,14.71,14.4,14.7,23200
JRCC,20110111,25.93,26.97,25.77,26.84,1131400
JRJC,20110111,6.97,7.03,6.78,6.8,42000
JST,20110111,10.75,11,10.73,10.78,58600
JVA,20110111,4.08,4.3,3.96,4.1,18700
JXSB,20110111,10.83,10.83,10.83,10.83,0
KALU,20110111,48.79,49.24,47.97,48,58000
KBALB,20110111,6.9,7.26,6.83,7.18,60200
KCAP,20110111,6.99,6.99,6.8,6.84,154400
KCLI,20110111,33.33,33.65,33.31,33.53,2000
KELYA,20110111,19,19.16,18.62,19.09,136200
KEQU,20110111,13.25,13.67,13.25,13.67,1700
KERX,20110111,4.36,4.48,4.33,4.36,770700
KEYN,20110111,15.23,15.47,15.06,15.27,39300
KEYW,20110111,13.4,13.76,13.4,13.75,101700
KFFB,20110111,9.2,9.2,9.2,9.2,0
KFRC,20110111,17.72,17.8,17.45,17.72,162200
KGJI,20110111,3.28,3.4,3.1,3.25,273500
KINS,20110111,3.45,3.75,3.45,3.67,1000
KIRK,20110111,14,14.09,13.74,13.96,456000
KLAC,20110111,38.73,38.95,38.46,38.56,1694600
KLIC,20110111,9.13,9.35,9,9.02,3732100
KNDI,20110111,4.75,4.92,4.66,4.7,476400
KONA,20110111,4.63,4.7,4.54,4.64,4300
KONE,20110111,3.3,3.6,3.3,3.36,108900
KONG,20110111,6.53,6.53,6.34,6.39,91300
KOOL,20110111,3.44,3.6,3.35,3.59,87200
KOPN,20110111,4.14,4.18,4.08,4.09,183400
KOSS,20110111,5.4,5.43,5.35,5.43,2500
KRNY,20110111,9.02,9.06,8.96,8.99,46200
KSWS,20110111,12.21,12.28,12.02,12.23,58200
KTCC,20110111,5.59,5.7,5.59,5.63,15600
KTEC,20110111,17.8,17.91,17.64,17.85,12000
KTOS,20110111,13.86,13.89,13.59,13.8,43500
KUTV,20110111,4.86,4.86,4.62,4.68,89900
KVHI,20110111,12.07,12.29,12.07,12.16,47300
LABC,20110111,14.75,14.75,14.75,14.75,0
LABL,20110111,18.5,18.91,18.46,18.55,14600
LACO,20110111,3.2,3.47,3.15,3.25,153700
LAKE,20110111,8.51,8.69,8.42,8.69,11700
LAMR,20110111,39.51,39.75,39.15,39.61,236400
LANC,20110111,53.11,54.17,52.88,53.92,88700
LARK,20110111,17,17,17,17,4700
LAWS,20110111,22.58,23.98,22.58,23.98,17200
LAYN,20110111,33.2,33.26,32.18,32.65,78600
LBAI,20110111,10.69,10.76,10.44,10.56,31900
LBIX,20110111,3,3.15,3,3.13,9900
LBTYA,20110111,37.42,37.66,37.06,37.48,977200
LBTYB,20110111,37.69,37.69,37.69,37.69,0
LBTYK,20110111,35.5,35.83,35.09,35.36,488000
LCAV,20110111,7.6,7.77,7.52,7.61,50100
LCUT,20110111,13.62,13.94,13.55,13.74,10800
LEAP,20110111,14.02,14.07,13.4,13.4,1965300
LECO,20110111,33.62,34.525,33.515,34.265,207400
LEDR,20110111,1.96,2.35,1.96,2.34,284500
LEDS,20110111,28.7,28.7,27.9,28.4,142900
LFUS,20110111,53.07,53.4,52.5,52.73,68900
LGCY,20110111,29.96,30.49,29.77,30.31,250500
LGND,20110111,9.06,9.06,8.97,9.01,75200
LHCG,20110111,30.08,30.13,29.64,29.89,107700
LIFE,20110111,56.69,56.71,55.84,56.12,1761900
LIME,20110111,4.5,4.79,4.41,4.68,154800
LINC,20110111,14.54,14.83,14,14.47,667500
LINE,20110111,38.32,38.67,38.22,38.57,587100
LINTA,20110111,16.1,16.14,15.85,15.94,3806600
LINTB,20110111,15.72,15.72,15.72,15.72,0
LION,20110111,7.29,7.5,7.29,7.35,14300
LIOX,20110111,3.64,3.65,3.49,3.52,506900
LIVE,20110111,6.48,6.97,6.48,6.61,5700
LIWA,20110111,10.48,10.66,10.34,10.39,202100
LKFN,20110111,22.27,22.67,22.27,22.66,20500
LLEN,20110111,9.93,10.35,9.26,9.6,2920300
LLNW,20110111,6.26,6.3,6.15,6.29,747100
LLTC,20110111,34.6,34.73,34.34,34.45,2754600
LMAT,20110111,6.85,6.9,6.6,6.9,7500
LMCA,20110111,64.32,64.5,62.95,63.33,366500
LMIA,20110111,18.08,18.23,17.87,18.23,26300
LMNR,20110111,28.08,28.27,27.27,27.87,13300
LMNX,20110111,17.71,17.81,17.56,17.72,72100
LNBB,20110111,4.98,5.15,4.96,5.1,2800
LNCE,20110111,23.68,23.88,23.56,23.74,87800
LNDC,20110111,6.38,6.4,6.33,6.36,51700
LOAN,20110111,1.34,1.34,1.32,1.34,4200
LOCM,20110111,4.95,5.22,4.76,5.14,2414100
LOGI,20110111,18.23,18.39,18.13,18.23,989300
LOGM,20110111,43.91,45.38,43.91,45.17,251800
LOJN,20110111,6.98,7.19,6.98,7.14,50500
LONG,20110111,17.6,18.43,17.6,18.03,20800
LOOK,20110111,2.09,2.1,2,2.03,72600
LOPE,20110111,18.3,18.53,18,18.05,628200
LORL,20110111,78.69,79.29,77.4,78.59,40200
LPHI,20110111,14.41,14.97,13.9,14.66,264500
LPLA,20110111,34,34.51,33.73,34.24,116900
LPNT,20110111,37.32,37.76,36.73,37.52,411200
LPSB,20110111,8.93,8.93,8.93,8.93,100
LPSN,20110111,11.46,11.46,10.98,10.99,577200
LPTH,20110111,1.79,1.84,1.78,1.79,14200
LQDT,20110111,13.46,13.98,13.45,13.82,113400
LRAD,20110111,2.72,2.73,2.45,2.55,196000
LRCX,20110111,48.68,49.56,48.68,49.48,2818100
LSBI,20110111,14.5,14.55,14.5,14.55,700
LSBK,20110111,9.2,9.2,9.17,9.2,1400
LSCC,20110111,5.86,6.04,5.85,5.99,1348900
LSTR,20110111,42.24,42.68,41.5,41.79,623900
LTBR,20110111,5.68,5.8,5.57,5.67,158300
LTON,20110111,1.57,1.71,1.57,1.7,71100
LTRE,20110111,9.74,9.94,9.7,9.7,16800
LTRX,20110111,3.6,3.6,3.56,3.56,3300
LTXC,20110111,7.81,7.83,7.55,7.58,348500
LUFK,20110111,59.07,61.6,58.87,61.6,214800
LULU,20110111,34.455,34.745,33.385,33.62,1880400
LUNA,20110111,1.75,1.75,1.73,1.73,5400
LWAY,20110111,9.6,9.67,9.41,9.65,6300
LXRX,20110111,2.11,2.15,1.97,1.99,2720600
LYTS,20110111,8.22,8.39,8.19,8.33,54900
MAGS,20110111,3.26,3.26,3.07,3.07,3600
MAKO,20110111,17.23,17.63,16.79,17.15,1553900
MANH,20110111,30.37,30.43,29.8,30.03,86700
MANT,20110111,40.26,40.89,40.16,40.77,233000
MARPS,20110111,22.15,22.87,21.85,22.72,6800
MASC,20110111,6.38,6.38,6.07,6.1,65100
MASI,20110111,28.39,28.55,27.99,28.05,333600
MAT,20110111,23.96,24.13,23.86,24.04,3923700
MATW,20110111,33.89,33.99,33.66,33.83,111000
MAXY,20110111,4.03,4.23,4.01,4.23,300900
MAYS,20110111,17.31,17.31,17.25,17.25,1300
MBFI,20110111,17.95,18.18,17.92,18.17,414900
MBLX,20110111,10.49,10.59,10.26,10.5,197000
MBND,20110111,2.71,2.8,2.71,2.79,1800
MBRG,20110111,15.83,15.89,15.78,15.78,400
MBTF,20110111,1.92,1.92,1.85,1.88,14100
MBVT,20110111,26.98,28.18,26.98,27.98,23100
MBWM,20110111,8.69,8.89,8.53,8.67,11900
MCBC,20110111,5.15,5.2,4.75,4.91,73400
MCBI,20110111,3.53,3.63,3.5,3.55,13200
MCGC,20110111,7.07,7.2,7.05,7.17,472200
MCHP,20110111,35.44,35.79,35.13,35.62,2567100
MCHX,20110111,9.69,9.71,9.39,9.52,48500
MCOX,20110111,36.3,36.3,35.8,36.05,36100
MCRI,20110111,12.47,12.55,12.14,12.35,14300
MCRL,20110111,13.5,13.51,13.4,13.48,291600
MCRS,20110111,45.88,45.89,45.29,45.43,242500
MDAS,20110111,21.16,21.2,20.86,21,277100
MDCA,20110111,17.72,18,17.55,17.96,111400
MDCI,20110111,9.14,9.14,8.73,8.82,105500
MDCO,20110111,14.36,14.61,14.21,14.48,149900
MDH,20110111,2.3,2.41,2.3,2.34,20700
MDRX,20110111,20.99,21.34,20.75,20.89,4844900
MDSO,20110111,25.92,26.4,25.3,25.49,123000
MDVN,20110111,16.92,17.01,16.52,16.76,294200
MEAD,20110111,3.91,3.98,3.6,3.6,11500
MEAS,20110111,29.3,29.3,28.27,28.51,79700
MELA,20110111,3.3,3.32,3.23,3.3,293900
MELI,20110111,75,75.95,74,74.2,179800
MEMS,20110111,3.33,3.35,3.27,3.34,15500
MENT,20110111,12.21,12.3,12.14,12.15,914600
MEOH,20110111,28.93,29,28.66,28.8,294100
MERC,20110111,8.49,8.75,8.36,8.38,398300
MERU,20110111,17.5,20.12,17.5,18.78,352300
METR,20110111,11.57,11.89,11.47,11.67,55200
MFI,20110111,3.96,4.18,3.87,4.03,6100
MFLR,20110111,9,9,9,9,0
MFLX,20110111,26.87,27.94,26.87,27.48,97700
MFNC,20110111,5,5,5,5,0
MFRI,20110111,10.15,10.74,9.96,10.27,51900
MFSF,20110111,9.26,9.36,9.26,9.36,3100
MGAM,20110111,5.81,5.9,5.78,5.9,261600
MGEE,20110111,42.94,42.99,42.58,42.92,48600
MGIC,20110111,7.4,7.47,6.9,7.11,570600
MGLN,20110111,48.65,49.75,48.65,49.64,195700
MGPI,20110111,10.11,10.29,10.11,10.27,29500
MGRC,20110111,26.04,26.25,25.84,26.22,79300
MGYR,20110111,4.02,4.16,4.02,4.16,400
MHGC,20110111,10.35,10.85,10.35,10.55,164100
MHLD,20110111,8.31,8.42,8.28,8.36,138600
MIDD,20110111,87.86,88.02,86.63,86.66,81400
MIND,20110111,10.62,11.46,10.62,11.46,17300
MINI,20110111,19.57,19.74,19.42,19.53,49600
MITL,20110111,5.46,5.51,5.36,5.51,19600
MKSI,20110111,24.12,24.6,24.03,24.43,284400
MKTAY,20110111,41.14,41.14,40.66,41.03,177000
MKTX,20110111,20.76,20.77,20.52,20.68,84400
MLAB,20110111,29.33,29.54,29.33,29.35,1200
MLHR,20110111,26.07,26.35,25.79,25.98,162900
MLNK,20110111,6.87,7,6.87,6.97,162400
MLNX,20110111,28.4,28.4,27.81,28.2,145500
MLVF,20110111,8,8.26,8,8.25,600
MMLP,20110111,40.9,41.11,40.73,41.06,67000
MMSI,20110111,12.416,12.44,12.216,12.248,109500
MMUS,20110111,4.85,4.86,4.85,4.86,300
MMYT,20110111,30.25,30.62,29.79,30.02,107200
MNDO,20110111,2.5,2.6,2.49,2.6,52500
MNKD,20110111,8.54,8.75,8.45,8.71,3746600
MNOV,20110111,5.6,5.81,5.26,5.33,4700
MNRK,20110111,6.6667,6.7667,6.6667,6.7667,7500
MNRO,20110111,32.36,32.65,32,32.19,258300
MNST,20110111,26.83,26.83,26.565,26.635,393800
MNTA,20110111,16.65,17.13,16.46,17.1,1111800
MNTG,20110111,2.04,2.07,2.04,2.06,10400
MNTX,20110111,4.28,4.4,4.2,4.4,128200
MOBI,20110111,5.17,5.29,5.12,5.24,121000
MOCO,20110111,12.72,12.8,12.65,12.65,2600
MOFG,20110111,15.03,15.1,14.9,15.1,3700
MOLX,20110111,24.12,24.27,23.86,24.17,1137900
MOLXA,20110111,19.75,20.33,19.75,20.24,467000
MORN,20110111,53.26,53.73,52.89,53.29,19800
MOSY,20110111,6.32,6.64,6.04,6.58,328400
MOVE,20110111,10.28,10.52,10.08,10.28,191800
MPAA,20110111,13.09,14.94,13,14.36,458900
MPAC,20110111,4.93,5,4.79,4.84,9400
MPB,20110111,7.2,7.2,7.2,7.2,100
MPEL,20110111,7.29,7.55,7.25,7.41,11409400
MPET,20110111,2.81,2.97,2.8,2.95,179800
MPWR,20110111,16.08,16.12,15.84,15.96,441600
MRCY,20110111,18.06,18.25,17.87,18.09,95600
MRGE,20110111,3.75,3.95,3.7,3.93,382300
MRLN,20110111,12.06,12.13,11.81,12.13,22900
MRTN,20110111,20.71,20.93,20.47,20.52,61500
MRVL,20110111,20.45,20.66,20.25,20.52,11327300
MSBF,20110111,5.75,5.75,5.75,5.75,0
MSCC,20110111,22.9,23.34,22.81,23.22,650000
MSEX,20110111,18.71,18.89,18.59,18.83,27900
MSFG,20110111,10.28,10.54,10.2,10.52,47300
MSFT,20110111,28.2,28.25,28.05,28.11,50308400
MSG,20110111,25.07,25.07,24.69,24.86,113400
MSON,20110111,2.42,2.42,2.26,2.3,4900
MSPD,20110111,7.19,7.45,7.09,7.41,2422900
MSTR,20110111,89.56,91.18,89.26,91,91900
MTEX,20110111,18.8,19.6,18,19.4,130400
MTRX,20110111,11.46,11.7,11.11,11.32,257100
MTSC,20110111,38.2,38.21,37.69,37.96,20500
MTSL,20110111,2.07,2.07,1.89,1.9,17200
MTSN,20110111,2.43,2.5,2.36,2.5,575900
MU,20110111,8.62,8.73,8.48,8.72,27511300
MVIS,20110111,18,19.04,17.2,18.16,2373600
MVISW,20110111,0.72,0.72,0.72,0.72,1000
MWIV,20110111,66.69,67.08,65.76,66.15,20900
MXIM,20110111,24.93,25.78,24.7,25.21,5452900
MXWL,20110111,18.97,19.47,18.72,19.17,72300
MYGN,20110111,20.82,21.43,20.61,21.39,1120600
MYL,20110111,22.44,22.72,22.4,22.58,3978900
MYRG,20110111,20.53,21.08,20.18,20.33,124600
NAFC,20110111,38.5,38.64,38.09,38.64,30600
NAII,20110111,5.7,5.7,5.64,5.66,12200
NANO,20110111,12.56,12.9,12.56,12.69,242500
NASB,20110111,16.99,17.8,16.18,16.67,6700
NATH,20110111,16.59,16.6,16.59,16.59,3400
NATI,20110111,26.1933,26.3533,26.02,26.1933,207300
NATL,20110111,21.83,21.91,21.7,21.8,12400
NATR,20110111,8.5,8.79,8.5,8.78,9200
NAUH,20110111,6.33,6.54,6.27,6.5,26400
NAVG,20110111,50.11,50.73,49.86,50.15,17200
NAVR,20110111,2.2,2.2,2.17,2.19,36400
NBBC,20110111,4.86,4.95,4.86,4.91,4900
NBIX,20110111,7.55,7.66,7.36,7.44,388700
NBN,20110111,14.75,14.8,14.7,14.8,4600
NBTB,20110111,24.07,24.2,23.92,24.14,53800
NBTF,20110111,25.38,25.38,24.66,24.66,600
NCBC,20110111,5.72,5.72,5.72,5.72,0
NCIT,20110111,22.43,22.53,22.16,22.42,22000
NCMI,20110111,18.3,18.64,18.16,18.5,253500
NCTY,20110111,8.18,8.18,7.8,8,57700
NDAQ,20110111,23.63,23.8,23.55,23.77,2067000
NDSN,20110111,46.89,47.18,46.555,46.93,151400
NECB,20110111,6,6,5.9,5.9,1500
NEOG,20110111,39.48,39.78,38.95,39.36,105000
NEPT,20110111,2.3,2.43,2.3,2.33,18800
NETC,20110111,13.64,13.69,13.44,13.53,20300
NEWL,20110111,2.69,2.69,2.57,2.57,1100
NEWP,20110111,18.25,18.42,17.97,18.08,196100
NEWS,20110111,10.92,10.98,10.7,10.88,67900
NEWT,20110111,1.86,1.89,1.83,1.89,89500
NFBK,20110111,13.38,13.64,13.29,13.64,20400
NFEC,20110111,4.8,4.8,4.71,4.78,3700
NFLX,20110111,189.42,191.3,185.77,186.65,4649700
NFSB,20110111,12.08,12.08,12.08,12.08,0
NGPC,20110111,9.68,9.91,9.53,9.77,74900
NHTB,20110111,12.7,12.7,12.4,12.4,400
NICE,20110111,34.17,34.64,33.97,34.49,193500
NICK,20110111,10.5,12.5,10.5,11.93,97800
NIHD,20110111,43.42,43.42,42.65,43.06,1143500
NILE,20110111,57.7,57.88,56.71,56.89,58300
NINE,20110111,1.48,1.48,1.48,1.48,0
NKSH,20110111,29.25,29.81,29.25,29.81,9800
NKTR,20110111,11.96,12.22,11.83,12.2,773200
NLST,20110111,2.46,2.48,2.37,2.39,203600
NMRX,20110111,9.15,9.19,9.04,9.15,18000
NNBR,20110111,15.02,15.54,14.23,14.31,316600
NPBC,20110111,7.91,8.01,7.83,7.99,434300
NPSP,20110111,7.64,7.94,7.55,7.75,489000
NRCI,20110111,30.79,31.92,30.75,31.45,17700
NRIM,20110111,18.66,18.93,18.66,18.93,1500
NSEC,20110111,12.26,12.26,11.81,12.25,4400
NSIT,20110111,13.87,13.97,13.66,13.73,106900
NSPH,20110111,4.39,4.45,4.32,4.36,56800
NSSC,20110111,1.75,1.76,1.75,1.75,1200
NSYS,20110111,4.69,4.69,4.69,4.69,0
NTAP,20110111,58.78,58.8,57.49,58.28,4180900
NTCT,20110111,24.95,25.6,24.65,25.26,190700
NTES,20110111,38.09,39.47,38,38.93,1131000
NTGR,20110111,36.88,37.33,36.29,36.4,434900
NTIC,20110111,14.49,15.47,14.25,15.47,10800
NTLS,20110111,19.76,19.76,19.43,19.63,118000
NTRI,20110111,19.9,19.96,19.59,19.79,228400
NTRS,20110111,54.84,55.28,54.8,54.85,1298400
NTSC,20110111,7.86,7.9,7.86,7.9,1600
NTSP,20110111,13.2,13.36,13.11,13.15,320900
NTWK,20110111,18.9,19.2,18.6,19,368500
NUAN,20110111,20.01,20.24,19.74,20,1975500
NUCL,20110111,43.02,43.44,43.02,43.3,1800
NURO,20110111,3.24,3.48,3.12,3.48,642500
NUTR,20110111,14.22,14.37,14.19,14.23,12200
NUVA,20110111,27.57,27.9,26.9,27.39,1458400
NVAX,20110111,2.66,2.66,2.58,2.58,364500
NVDA,20110111,20.91,21.11,19.87,20.31,67786500
NVEC,20110111,60,61.79,59.59,60.65,62000
NVGN,20110111,0.6,0.65,0.58,0.65,20600
NVMI,20110111,8.8,8.9,8.5,8.61,290200
NVSL,20110111,7.1,7.27,7.1,7.27,9100
NVTL,20110111,10.08,10.2,8.05,8.13,4040300
NWBI,20110111,11.83,11.88,11.69,11.81,973300
NWFL,20110111,27.22,27.25,27.07,27.25,600
NWLI,20110111,169,170.45,169,170.33,1000
NWPX,20110111,23.68,24.33,23.45,23.47,31700
NWS,20110111,16.3,16.36,15.98,16.16,2112100
NWSA,20110111,14.49,14.66,14.25,14.41,20324400
NXPI,20110111,23.82,24.07,23.63,24,278200
NXST,20110111,5.85,5.92,5.79,5.81,3300
NXTM,20110111,25.07,25.43,24.87,25.04,125900
NYMT,20110111,7.27,7.3,7.2,7.29,42600
NYMX,20110111,8.3,8.41,8.1,8.25,107600
NYNY,20110111,0.99,1,0.96,0.97,133000
OABC,20110111,13.62,13.7,13.52,13.7,20200
OBAF,20110111,14.16,14.16,14.16,14.16,200
OBAS,20110111,7.5,7.5,7.5,7.5,2000
OBCI,20110111,1.92,1.95,1.87,1.95,8100
OCFC,20110111,13.47,13.6,13.4,13.52,21600
OCLR,20110111,14.2,14.3,13.9,13.96,477100
OCLS,20110111,14.49,15.12,14.28,15.05,177800
OCZ,20110111,5.95,6.84,5.85,6.8,3737600
ODFL,20110111,21.8,21.9067,21.4133,21.6133,248200
OFIX,20110111,30.5,31.87,30.19,31.5,243600
OFLX,20110111,14.27,14.27,14.1,14.13,8200
OGXI,20110111,17.01,17.22,16.93,17.2,22600
OIIM,20110111,6.45,6.45,6.35,6.39,34200
OINK,20110111,6.12,6.15,5.94,6.08,66300
OKSB,20110111,13.15,13.37,12.92,13.02,54300
OKSBP,20110111,27.23,27.23,27.23,27.23,0
OLBK,20110111,8.39,8.39,8.39,8.39,0
OMAB,20110111,15.62,15.73,15.59,15.7,11600
OMCL,20110111,14.21,14.4,14.14,14.21,120800
OMER,20110111,8.14,8.41,7.96,8,30100
OMEX,20110111,3.52,3.53,3.22,3.4,642500
OMPI,20110111,11.29,11.48,11.14,11.45,69900
ONCY,20110111,6.32,6.35,6.21,6.28,268600
ONEQ,20110111,107.44,107.44,106.81,107.11,9600
ONFC,20110111,8,8.08,8,8.01,1800
ONNN,20110111,11,11.15,10.91,11.11,11578400
ONTY,20110111,3.19,3.2,3.17,3.17,66400
ONVI,20110111,4.49,4.49,4.44,4.44,1600
ONXX,20110111,36.21,36.21,35.58,35.82,506400
OPEN,20110111,81.99,82.69,78.91,79.57,1108300
OPHC,20110111,4.35,4.35,4.12,4.2,1900
OPLK,20110111,20.33,20.98,20.33,20.87,154200
OPOF,20110111,11.89,12.02,11.89,12.02,2100
OPTR,20110111,11.75,12.21,11.74,12.21,265400
OPTT,20110111,5.6,5.8,5.6,5.8,79800
OPXA,20110111,9.44,9.6,9,9.12,217000
ORBC,20110111,3.03,3.07,2.97,3.04,71500
ORBK,20110111,13.86,13.89,13.6,13.61,97200
ORBT,20110111,3.9,3.9,3.9,3.9,600
ORCL,20110111,31.08,31.1,30.86,30.99,26395300
OREX,20110111,9.48,9.69,9.28,9.69,1905400
ORIT,20110111,12.23,12.23,12.05,12.17,222800
ORLY,20110111,56.83,57.49,56.23,56.25,1127900
ORRF,20110111,27.34,27.42,27.18,27.3,4100
OSBC,20110111,1.8,1.8,1.74,1.78,39400
OSBCP,20110111,4.09,4.15,4,4,10500
OSHC,20110111,12.05,12.05,12.05,12.05,0
OSIR,20110111,7.59,7.61,7.3,7.39,56500
OSIS,20110111,36.35,36.71,36.1,36.21,93000
OSN,20110111,4.51,4.62,4.49,4.56,70500
OSTK,20110111,16.23,16.6,15.85,16.25,86500
OSUR,20110111,6.66,6.66,6.45,6.58,376500
OTEX,20110111,47.06,47.12,46.55,47.02,77700
OTIV,20110111,3.39,3.39,3.22,3.23,148500
OTT,20110111,19.6,19.89,19.5,19.75,69700
OTTR,20110111,22.61,22.62,22.36,22.51,76900
OUTD,20110111,8.05,8.05,7.84,7.95,45900
OVBC,20110111,19.34,19.34,19.34,19.34,0
OVLY,20110111,5.85,5.85,5.85,5.85,0
OVRL,20110111,1.42,1.68,1.42,1.68,41000
OVTI,20110111,28.03,28.52,27.85,27.93,1263900
OXBT,20110111,2.02,2.1,2.01,2.07,87800
OXGN,20110111,0.25,0.25,0.24,0.24,1334700
OZRK,20110111,21.625,21.745,21.415,21.505,22300
PAAS,20110111,37.99,38,37.65,37.86,1141700
PACB,20110111,15.22,16.1,15.08,16.07,107200
PACR,20110111,7.21,7.21,6.92,7.01,233200
PACW,20110111,21.12,21.2,20.63,20.98,96700
PAGG,20110111,32.83,32.83,32.5,32.64,39600
PANL,20110111,35,36.24,34.62,35.98,419800
PATH,20110111,7.98,8.05,7.8,7.9,19200
PATK,20110111,1.89,1.98,1.89,1.98,3300
PATR,20110111,31.3667,31.3667,31.3667,31.3667,100
PAYX,20110111,32.07,32.17,31.88,31.98,1691900
PBCT,20110111,14.08,14.18,13.99,14.04,2347700
PBHC,20110111,8.3,8.3,8.3,8.3,0
PBIB,20110111,10.2,10.28,10.2,10.27,3200
PBIP,20110111,6.24,6.25,6.1,6.1,6100
PCAR,20110111,57.55,57.94,57.25,57.45,1881000
PCBK,20110111,9.89,10.02,9.89,10,13600
PCCC,20110111,9.19,9.35,9.07,9.35,22200
PCH,20110111,33.59,34.04,33.4,33.61,177300
PCLN,20110111,442.8,443.19,429.13,431.21,1445500
PCTI,20110111,6.41,6.64,6.38,6.61,29200
PCYC,20110111,6.02,6.06,5.99,5.99,287300
PCYO,20110111,3.62,3.67,3.55,3.67,1700
PDCO,20110111,31.26,31.59,31.22,31.44,597900
PDEX,20110111,2.09,2.1,2.09,2.1,1300
PDFS,20110111,4.8,4.85,4.68,4.8,74100
PDII,20110111,10.62,10.91,10.56,10.9,9800
PDLI,20110111,5.39,5.56,5.36,5.56,3685900
PEBK,20110111,5.75,5.95,5.65,5.8,5600
PEBO,20110111,15.32,15.71,15.23,15.64,19900
PEGA,20110111,35.33,36.16,35.19,35.84,85900
PEIX,20110111,0.91,0.97,0.83,0.93,4168700
PENN,20110111,35.6,36,35.5,35.72,760700
PENX,20110111,6.5,6.53,6.45,6.5,37200
PEOP,20110111,12.81,13.14,12.81,13,13200
PERF,20110111,10,10.5,9.11,10,5600
PERY,20110111,30.33,30.48,29.01,29.06,88100
PESI,20110111,1.6,1.65,1.57,1.6,165000
PETM,20110111,39.4,39.51,38.43,38.61,754400
PETS,20110111,15.79,15.91,15.51,15.65,297100
PFBC,20110111,1.99,2.09,1.87,1.93,54400
PFBI,20110111,6.61,6.61,6.4,6.6,8500
PFBX,20110111,13.74,14.5,13.74,13.88,4900
PFIN,20110111,3.48,3.48,3.48,3.48,0
PFSW,20110111,4.25,4.35,4.16,4.28,99200
PGC,20110111,13.41,13.48,13.34,13.42,3900
PGNX,20110111,5.42,5.67,5.38,5.64,109400
PGTI,20110111,2.51,2.6,2.51,2.58,27100
PHII,20110111,22.31,22.74,22.31,22.74,4200
PHIIK,20110111,20.19,20.19,19.91,20.1,14600
PHMD,20110111,5.72,5.72,5.63,5.63,2700
PICO,20110111,32.04,32.21,31.72,32,87100
PKBK,20110111,10.06,10.06,10.06,10.06,100
PKOH,20110111,22.99,23.18,22.61,23.07,40500
PLAB,20110111,5.81,5.95,5.78,5.82,449200
PLBC,20110111,2.22,2.4,2.22,2.4,400
PLCC,20110111,1.08,1.08,1.07,1.07,3200
PLCE,20110111,45.81,46.19,45.09,45.71,715300
PLCM,20110111,19.905,20.49,19.805,20.38,1460800
PLNR,20110111,2.28,2.38,2.26,2.33,146200
PLPC,20110111,61.99,64.16,61.19,63.99,17300
PLTM,20110111,33.53,34.44,33.53,34.21,13800
PLUG,20110111,0.47,0.52,0.46,0.48,1173900
PLUS,20110111,24.9,25.48,24.8,24.99,46500
PLXS,20110111,30.35,30.59,29.9,30.21,115600
PLXT,20110111,3.87,3.89,3.83,3.84,76500
PMBC,20110111,3.96,3.97,3.95,3.95,4000
PMCS,20110111,8.81,8.85,8.67,8.81,4448300
PMD,20110111,8.64,8.68,8.62,8.68,22800
PMFG,20110111,16.81,17.08,16.5,17,14000
PMNA,20110111,14.09,14.16,13.82,14.06,40000
PMTC,20110111,23.25,23.31,23.02,23.03,631500
PMTI,20110111,15.01,15.13,14.63,14.66,122500
PNBK,20110111,2.35,2.4,2.31,2.4,16100
PNFP,20110111,14.51,14.54,13.8,13.91,358600
PNNT,20110111,12.48,12.48,12.23,12.39,206700
PNQI,20110111,36.05,36.2,35.97,36.06,32000
PNRA,20110111,102.46,102.46,100.04,100.8,366500
PNRG,20110111,19.33,19.33,19.33,19.33,0
PNTR,20110111,6.1,6.1,6.07,6.07,900
PODD,20110111,15.83,16.18,15.7,16.13,354900
POOL,20110111,23.18,23.18,22.89,23.1,228700
POPE,20110111,36.95,36.95,36.75,36.75,1600
POWI,20110111,39.97,40.03,39.49,39.67,255200
POWL,20110111,36.44,37.34,36.27,37.23,99000
POWR,20110111,7.8,8.05,7.74,7.83,145600
POZN,20110111,6.98,6.98,6.65,6.75,87000
PPBI,20110111,6.18,6.39,6.15,6.33,3600
PPHM,20110111,2.55,2.63,2.5,2.56,614400
PRAA,20110111,74.84,75.18,74.59,74.97,60400
PRAN,20110111,1.27,1.3,1.26,1.26,17200
PRCP,20110111,5.09,5.15,5.09,5.15,11300
PRFT,20110111,12.5,12.65,12.32,12.44,68000
PRFZ,20110111,65.5,65.59,64.98,65.32,20800
PRGO,20110111,66.61,67.24,66.35,66.83,550200
PRGS,20110111,29,29.06,28.7,28.7333,175800
PRGX,20110111,6.3,6.31,6.09,6.16,213400
PRIM,20110111,9.32,9.63,9.11,9.46,65700
PRKR,20110111,0.49,0.49,0.47,0.48,55400
PRLS,20110111,3.4,3.49,3.4,3.45,5600
PRMW,20110111,13.6,13.78,13.03,13.5,162600
PROV,20110111,7.16,7.33,7.16,7.28,24400
PRPH,20110111,1.36,1.44,1.35,1.44,7800
PRSC,20110111,16.4,17.61,16.32,17.6,92600
PRTS,20110111,9.05,9.19,9.05,9.13,19400
PRXI,20110111,1.83,1.83,1.52,1.63,566800
PRXL,20110111,20.68,20.94,20.41,20.86,404900
PSAU,20110111,46.75,47.75,46.74,47.53,13100
PSBH,20110111,4.3,4.3,4.3,4.3,0
PSDV,20110111,5.1,5.1,4.91,5.05,58200
PSEC,20110111,10.93,11.03,10.9,11,902100
PSEM,20110111,10.92,11.28,10.86,11.11,33800
PSMT,20110111,38.75,39.93,38.59,39.93,190200
PSTB,20110111,6.13,6.2,6.02,6.12,22700
PSTI,20110111,2.43,2.68,2.39,2.39,2089200
PSTR,20110111,4.15,4.2,4.06,4.2,63700
PSUN,20110111,4.93,4.94,4.71,4.75,1221600
PTEK,20110111,0.68,0.71,0.68,0.68,15900
PTEN,20110111,20.31,20.87,20.21,20.55,2765200
PTIE,20110111,6.53,6.58,6.37,6.4,194600
PTIX,20110111,1.76,1.82,1.76,1.8,29000
PTNR,20110111,20.25,20.3,20.05,20.22,120900
PTRY,20110111,18.38,18.53,17.94,18.08,174500
PTSI,20110111,11.48,11.51,11.35,11.41,3700
PTSX,20110111,0.9,0.9,0.9,0.9,0
PULB,20110111,7.59,7.63,7.52,7.63,11400
PURE,20110111,1.98,2,1.93,1.95,87800
PVFC,20110111,1.85,1.94,1.82,1.82,19400
PVTB,20110111,14.12,14.32,14.12,14.22,178400
PVTBP,20110111,25.96,26.18,25.95,25.95,2200
PWER,20110111,11.5,11.72,10.55,10.79,8165200
PWOD,20110111,39.43,39.84,39.43,39.84,2900
PWRD,20110111,22.95,23.06,22.7,22.91,699000
PWX,20110111,16.4,16.4,15.85,16.15,4300
PXLW,20110111,3.41,3.43,3.38,3.41,59800
PZZA,20110111,28.22,28.34,28.02,28.09,81400
PZZI,20110111,1.93,1.93,1.93,1.93,1100
QABA,20110111,24.95,25.05,24.86,25.01,2600
QADA,20110111,9.17,9.38,9.1,9.17,6400
QADB,20110111,10.12,10.12,9.98,10.01,13700
QBAK,20110111,1.81,1.83,1.81,1.81,8200
QCCO,20110111,3.84,3.85,3.76,3.85,3700
QCLN,20110111,17.23,17.25,17.17,17.2,5300
QCOM,20110111,51.57,52.44,51.57,52.07,10289700
QCOR,20110111,16.42,16.61,15.79,15.9,2380500
QCRH,20110111,8.15,8.15,7.94,7.97,1300
QDEL,20110111,14.07,14.19,13.96,13.96,263300
QGEN,20110111,19.32,19.51,19.29,19.5,514600
QKLS,20110111,88.8,89.52,87.84,89.52,37600
QLGC,20110111,17.14,17.24,16.89,16.96,1376300
QLIK,20110111,26.2,26.96,26.04,26.4,406700
QLTI,20110111,8,8.33,7.97,8.33,331100
QLTY,20110111,9.75,10,9.59,9.94,65600
QNST,20110111,21.94,22.45,21.91,22.22,289200
QQEW,20110111,24.34,24.34,24.23,24.29,10600
QQQ,20110111,56.29,56.36,55.95,56.16,56663700
QQQX,20110111,14.64,14.68,14.43,14.43,69900
QQXT,20110111,21.43,21.45,21.36,21.41,4000
QSII,20110111,36.985,37.18,36.605,36.86,302500
QTEC,20110111,26.71,26.71,26.51,26.61,258200
QTWW,20110111,0.47,0.48,0.46,0.46,829000
QUIK,20110111,6.24,6.4,6.01,6.09,402200
RADA,20110111,2.5,2.63,2.5,2.63,18500
RAIL,20110111,30.07,30.07,29.54,29.78,27600
RAND,20110111,3.19,3.19,3.19,3.19,0
RAVN,20110111,23.725,24.245,23.495,24.2,50600
RBCAA,20110111,21.95,21.99,21.75,21.89,17200
RBCN,20110111,21.9,22.27,21.38,22,450600
RBNF,20110111,3.9,4,3.86,4,2700
RBPAA,20110111,1.8,1.8,1.7,1.7,2000
RCII,20110111,30.48,30.57,30,30.32,547100
RCKB,20110111,13.69,14.1,13.68,13.97,15600
RCKY,20110111,10.89,10.97,10.79,10.9,21300
RCMT,20110111,4.46,4.58,4.44,4.5,45700
RCON,20110111,4.51,4.6,4.41,4.42,5800
RDA,20110111,13.77,14.98,13.77,14.96,21500
RDCM,20110111,12,12.5,11.95,12.4,66000
RDEN,20110111,25.17,25.23,24.33,25.15,160400
RDI,20110111,4.96,5.01,4.96,5.01,3900
RDIB,20110111,9,9,9,9,0
RDNT,20110111,3.35,3.47,3.16,3.31,309000
RDWR,20110111,19.44,19.965,19.345,19.955,407200
RECN,20110111,21.26,21.47,21.07,21.09,204900
REDF,20110111,6.66,7.43,6.51,6.93,2562000
REFR,20110111,6.14,6.9,6.14,6.64,138100
REGN,20110111,33.26,33.76,33,33.15,353500
REIS,20110111,6.61,6.73,6.61,6.73,8000
RELL,20110111,12.69,12.69,12.51,12.6,161100
RELV,20110111,2.09,2.1,2.05,2.1,30100
RENT,20110111,28.15,28.6,28.05,28.46,9500
REXI,20110111,7.07,7.23,7.06,7.18,49000
REXX,20110111,13.21,13.3,12.99,13,676300
RFIL,20110111,3.39,3.39,3.375,3.39,500
RFMD,20110111,8.02,8.25,7.92,8.11,9132400
RGCO,20110111,15.55,15.89,15.55,15.845,1200
RGDX,20110111,2.41,2.41,2.41,2.41,1100
RGEN,20110111,4.49,4.53,4.38,4.5,43400
RGLD,20110111,50.8,51.18,49.8,51.15,345400
RICK,20110111,8.18,8.18,8.05,8.17,167500
RIGL,20110111,7.63,7.79,7.61,7.67,134400
RIMG,20110111,14.84,14.95,14.78,14.81,12500
RITT,20110111,7.8,7.8,7.55,7.7,11800
RIVR,20110111,14.66,14.66,14.66,14.66,0
RJET,20110111,7.4,7.4,7.17,7.19,463600
RLOC,20110111,25.6,26.01,25.2,26.01,110700
RLOG,20110111,4.78,4.78,4.78,4.78,100
RMBS,20110111,20.65,20.81,20.62,20.69,420600
RMCF,20110111,10.29,10.39,10.29,10.3,6900
RMKR,20110111,1.46,1.47,1.43,1.43,5700
RMTI,20110111,8.23,8.5,8.21,8.47,56700
RNET,20110111,14.06,14.65,14.06,14.58,24900
RNIN,20110111,7.5,7.5,7,7,74700
RNST,20110111,16.9,16.97,16.75,16.9,37700
RNWK,20110111,4.12,4.16,3.98,3.98,610400
ROCK,20110111,12.02,12.19,11.91,12.18,117200
ROCM,20110111,10.72,10.79,10.59,10.65,25100
ROIA,20110111,1.2,1.54,1.2,1.52,61000
ROIAK,20110111,1.17,1.53,1.11,1.46,2652500
ROIC,20110111,9.95,9.95,9.85,9.88,101500
ROICW,20110111,0.7,0.7,0.69,0.7,35900
ROLL,20110111,38.09,38.11,37.21,37.88,49300
ROMA,20110111,10.25,10.25,10.16,10.16,62900
ROSE,20110111,37.45,38.1,37.2,37.72,303400
ROSG,20110111,14.25,15.15,13.8,14.1,251400
ROST,20110111,32.205,32.275,31.895,32.245,1012400
ROVI,20110111,63.62,66.23,62.82,63.5,1747800
ROYL,20110111,2.31,2.36,2.31,2.36,19000
RP,20110111,29.12,29.38,27.71,29.29,66100
RPRX,20110111,2.86,2.93,2.68,2.89,375000
RPTP,20110111,3.75,3.75,3.52,3.56,142000
RRD,20110111,17.75,17.95,17.56,17.76,1811300
RRGB,20110111,22.44,22.64,22.13,22.2,207100
RRST,20110111,7.78,7.95,7.7,7.95,19100
RSOL,20110111,2.85,2.85,2.75,2.8,35200
RSTI,20110111,36.41,37.25,36.29,36.69,89700
RSYS,20110111,8.91,8.96,8.79,8.94,23900
RTEC,20110111,8.41,8.5,8.25,8.25,209500
RTIX,20110111,2.76,2.89,2.74,2.85,189200
RUE,20110111,30.79,31.22,30.3,31.03,55900
RUSHA,20110111,20.1,20.2,19.43,19.68,188600
RUSHB,20110111,17.61,17.62,17.23,17.44,1600
RUTH,20110111,5.44,5.44,5.22,5.38,353300
RVBD,20110111,38.75,39.83,38.45,38.73,3217200
RVSB,20110111,2.75,2.75,2.69,2.71,15400
RYAAY,20110111,31.49,32.04,31.29,31.99,626100
SAAS,20110111,3.2,3.3,3.17,3.19,23300
SAFM,20110111,39.04,40.2,38.86,39.93,441500
SAFT,20110111,49.38,49.79,48.94,49.2,23100
SAIA,20110111,15,15.16,14.82,15.1,152700
SALM,20110111,3.08,3.13,3.04,3.12,40000
SANM,20110111,12.32,12.54,12.16,12.37,529000
SANW,20110111,3.43,3.55,3.37,3.41,17600
SANWW,20110111,0.35,0.4,0.35,0.4,5200
SANWZ,20110111,0.17,0.17,0.17,0.17,6800
SAPE,20110111,12.53,12.74,12.4,12.53,624100
SASR,20110111,18,18.05,17.82,18,37200
SATS,20110111,26.25,26.77,26.25,26.7,321900
SBAC,20110111,39.78,39.89,39.35,39.63,1135900
SBBX,20110111,5.7,5.7,5.67,5.67,1200
SBCF,20110111,1.46,1.49,1.45,1.46,160000
SBGI,20110111,8.06,8.15,7.99,8.15,415100
SBLK,20110111,41.85,42,40.95,41.7,111900
SBNY,20110111,48.49,48.98,48.13,48.41,159800
SBNYW,20110111,26.65,26.65,26.65,26.65,0
SBRA,20110111,19.19,19.23,18.87,18.96,127500
SBSA,20110111,0.78,0.84,0.78,0.82,66600
SBSI,20110111,20.6,20.81,20.56,20.79,26100
SBUX,20110111,32.9,32.9,32.16,32.26,8055000
SCBT,20110111,32.13,32.53,31.81,32.47,29700
SCHL,20110111,31.5,31.53,31.05,31.29,138200
SCHN,20110111,64.66,65.8,63.33,64.06,492000
SCLN,20110111,4.35,4.44,4.32,4.43,612700
SCMP,20110111,4.55,4.7,4.5,4.55,56400
SCOK,20110111,13.3,14.17,12.75,13.34,1832300
SCON,20110111,19.2,19.44,18.84,19.32,146600
SCOR,20110111,23.34,23.79,23.34,23.65,363400
SCSC,20110111,31.37,31.93,31.27,31.92,96500
SCSS,20110111,10.5,10.52,10.18,10.27,295500
SCVL,20110111,17.3067,17.54,16.8333,17.4467,45300
SDBT,20110111,2.8,2.8,2.8,2.8,2400
SDIX,20110111,1.93,1.93,1.81,1.86,12800
SEAC,20110111,8.99,9.06,8.9,8.94,100400
SEED,20110111,10.74,11,10.72,10.77,211700
SEIC,20110111,24.1,24.52,24.02,24.17,821400
SENEA,20110111,25.34,27.1,25.26,25.69,78200
SENEB,20110111,26.5,26.95,25.76,25.76,3600
SFLY,20110111,36.67,36.67,35.99,36.41,117200
SFNC,20110111,29.3,29.42,28.8,29.05,28000
SFST,20110111,7.5,7.51,7.44,7.51,800
SGC,20110111,11,11,10.8,10.84,3300
SGEN,20110111,15.85,16.95,15.63,16.83,3383100
SGI,20110111,9.81,9.89,9.5,9.77,284900
SGMA,20110111,6.42,6.44,6.35,6.35,1100
SGMO,20110111,7.12,7.19,7.05,7.15,280700
SGMS,20110111,10.46,10.47,10.18,10.25,423000
SGOC,20110111,5.01,5.05,5.01,5.01,7400
SGRP,20110111,0.95,0.95,0.95,0.95,0
SHBI,20110111,10.66,10.84,10.66,10.79,7100
SHEN,20110111,18.42,18.88,18.13,18.43,55300
SHFL,20110111,11.13,11.13,10.96,11.12,415300
SHIP,20110111,0.94,0.95,0.93,0.94,149900
SHLD,20110111,76.37,78.25,74.1,75.03,2459400
SHLM,20110111,20.62,20.92,20.56,20.89,396100
SHLO,20110111,11.89,13.05,11.89,12.96,30500
SHOO,20110111,27.1133,27.2933,26.8,26.8933,334100
SHOR,20110111,8.48,8.65,8.38,8.55,318900
SIAL,20110111,64.8,64.98,64.28,64.62,554600
SIEB,20110111,1.8,1.8,1.79,1.8,900
SIFI,20110111,8.72,8.72,8.51,8.69,6800
SIFY,20110111,2.5,2.74,2.5,2.5,2316800
SIGA,20110111,13.36,13.74,13.13,13.68,302800
SIGI,20110111,18.38,18.41,18.19,18.34,78600
SIGM,20110111,14.66,14.82,14.64,14.73,266400
SILC,20110111,18.49,18.52,18.14,18.22,28000
SIMG,20110111,6.74,6.93,6.61,6.68,1399400
SIMO,20110111,4.49,4.58,4.43,4.56,105700
SINA,20110111,77.86,83.6,77.66,82.77,7371500
SINO,20110111,2.35,2.35,2.35,2.35,5500
SIRI,20110111,1.6,1.61,1.56,1.57,50374400
SIRO,20110111,41.68,42.21,41.34,41.81,133600
SIVB,20110111,52.86,54.35,52.67,54.25,673900
SIVBO,20110111,24.15,24.17,24,24,2200
SKBI,20110111,9.26,9.37,8.92,9.25,55800
SKYW,20110111,16.55,16.56,16.04,16.27,194100
SLAB,20110111,49.26,49.73,49.08,49.44,438100
SLGN,20110111,35.1,35.53,34.95,35.21,263900
SLMAP,20110111,43.4,43.5,43.29,43.5,7800
SLP,20110111,2.71,2.87,2.63,2.8,80300
SLRC,20110111,24.28,24.71,24.01,24.7,149900
SLTC,20110111,4.69,4.69,4.69,4.69,0
SLTM,20110111,3.04,3.06,3,3,189400
SLXP,20110111,46.07,46.35,44.94,45.05,574900
SMBC,20110111,17.82,17.82,17.82,17.82,0
SMCI,20110111,11.91,11.95,11.69,11.81,119800
SMED,20110111,4.19,4.22,4.05,4.12,66400
SMIT,20110111,3.6,3.62,3.6,3.62,500
SMMF,20110111,4.44,4.44,4.44,4.44,0
SMRT,20110111,8.85,8.99,8.62,8.86,201400
SMSI,20110111,15.38,16.76,14.88,16.13,1290600
SMT,20110111,9.26,9.5,9.1,9.47,981200
SMTC,20110111,22.79,23.32,22.7,23.13,682600
SMTX,20110111,3.33,3.49,3.33,3.44,163200
SNAK,20110111,4.48,4.48,4.38,4.42,24800
SNBC,20110111,4.86,4.95,4.72,4.95,51600
SNCR,20110111,31.01,31.98,30.76,31.46,812900
SNDK,20110111,53.47,53.6,51.77,52.2,6100900
SNFCA,20110111,1.98,1.98,1.98,1.98,0
SNHY,20110111,25.42,25.42,24.5667,25.1867,41300
SNMX,20110111,7.08,7.19,6.76,6.8,98000
SNPS,20110111,26.83,26.95,26.55,26.55,1306200
SNSS,20110111,0.51,0.51,0.48,0.49,3998300
SNTA,20110111,6.85,6.86,6.6,6.66,119500
SNTS,20110111,3.42,3.51,3.37,3.5,626000
SOCB,20110111,3.09,3.09,3.09,3.09,100
SODA,20110111,32.48,32.72,31.9,32.09,261000
SOFO,20110111,14.37,14.37,13.95,14,5400
SOHU,20110111,68.58,70.75,68.58,69.7,1019800
SOMH,20110111,9.1,9.1,9.1,9.1,0
SONA,20110111,7.6,7.64,7.59,7.64,7300
SONC,20110111,11.21,11.25,10.95,11,638400
SONS,20110111,3,3.12,2.99,2.99,3870000
SORL,20110111,8.63,8.74,8.6,8.71,69300
SOXX,20110111,58.44,58.44,57.96,58.26,44100
SPAN,20110111,14.6,14.9,14.53,14.85,1100
SPAR,20110111,5.65,5.77,5.6,5.75,189100
SPBC,20110111,9.8,9.81,9.8,9.81,1500
SPCHA,20110111,2.79,2.79,2.7,2.77,2200
SPCHB,20110111,3.8,3.8,3.5,3.5,1100
SPEX,20110111,15.8,15.8,15,15.8,116200
SPIL,20110111,6,6,5.88,5.88,2812500
SPIR,20110111,4.91,5.02,4.9,5,10300
SPLS,20110111,23.11,23.18,22.69,22.88,8087300
SPMD,20110111,10.3,10.31,9.42,9.5,430600
SPNC,20110111,5.09,5.09,4.95,5.01,29100
SPNS,20110111,2.88,2.88,2.65,2.83,22700
SPPI,20110111,6.69,6.69,6.37,6.42,955500
SPPR,20110111,1.64,1.65,1.6,1.62,10700
SPPRO,20110111,28.85,28.9,28.75,28.8,2700
SPPRP,20110111,9.5,9.5,9.5,9.5,600
SPRD,20110111,19.3,19.48,18.72,18.99,1437300
SPRO,20110111,2.5,2.5,2.5,2.5,100
SPRT,20110111,6.64,6.84,6.62,6.83,193000
SPSC,20110111,15.24,15.24,14.87,15.13,15000
SPTN,20110111,16.26,16.32,15.8,15.84,163400
SPU,20110111,4.68,4.76,4.6,4.7,219800
SQI,20110111,12.99,13.29,12.98,13.12,9000
SQNM,20110111,7.63,7.82,7.58,7.77,1478500
SQQQ,20110111,112.64,114.76,112.4,113.72,294800
SRCE,20110111,19.37,19.61,19.35,19.61,26700
SRCL,20110111,77.19,77.8,76.73,77.3,412500
SRDX,20110111,11.62,11.74,11.48,11.54,82100
SSBI,20110111,6.5,6.5,6.5,6.5,700
SSFN,20110111,6,6,6,6,0
SSNC,20110111,20.4,20.85,19.89,20.04,66000
SSRI,20110111,24.87,25.82,24.86,25.59,1472100
SSRX,20110111,16.09,16.37,15.72,16.37,53600
SSYS,20110111,35.7,37,35.7,36.27,159700
STAA,20110111,6.23,6.39,6.2,6.35,242900
STAN,20110111,18.9,18.99,18.6,18.6,11800
STBA,20110111,21.89,22.12,21.77,22.1,103100
STEC,20110111,20.5,21.94,19.96,21.47,5464400
STEI,20110111,6.63,6.66,6.58,6.59,180500
STEL,20110111,15.04,15.25,14.97,15.1,12200
STEM,20110111,1,1.01,0.98,0.99,1244600
STFC,20110111,16.4,16.5,16.19,16.25,22500
STKL,20110111,8.11,8.53,8.06,8.39,572000
STLD,20110111,18.65,18.94,18.65,18.91,2722700
STLY,20110111,4.38,4.55,4.23,4.4,54100
STMP,20110111,11.63,12.06,11.41,11.81,104400
STND,20110111,14.03,14.03,14.03,14.03,300
STNR,20110111,47.64,47.96,47.11,47.58,27100
STRA,20110111,120.6,120.6,116.57,118.4,876600
STRL,20110111,13.37,13.77,13.29,13.67,37200
STRM,20110111,1.65,1.73,1.63,1.73,18700
STRN,20110111,6.84,6.92,6.84,6.9,2700
STRS,20110111,9.2,9.28,9.2,9.28,1000
STRT,20110111,32.18,32.18,29.41,30.35,6500
STSA,20110111,20.68,21.8,20.16,21.66,58800
STX,20110111,14.35,14.46,14.08,14.12,7594500
STXS,20110111,37.9,38.1,36.9,37,246800
SUBK,20110111,25.12,25.4,25.1,25.2,10000
SUMR,20110111,8.02,8.02,7.85,7.87,111800
SUPX,20110111,23.91,24.07,23.54,23.8,35900
SURG,20110111,4.55,4.67,4.45,4.55,95200
SUSQ,20110111,9.16,9.28,9.05,9.13,934400
SUTR,20110111,2.16,2.19,2.1,2.16,134600
SVA,20110111,4.72,4.78,4.55,4.71,372400
SVBI,20110111,3.43,3.43,3.02,3.39,5700
SVNT,20110111,10.84,11.16,10.67,11.09,2195200
SWHC,20110111,3.67,3.71,3.66,3.68,397100
SWIR,20110111,14.87,15.1,14.5,14.91,390800
SWKS,20110111,31.85,32.19,31.06,31.61,3675000
SYBT,20110111,24.62,24.74,24.45,24.74,14100
SYBTP,20110111,11.59,11.59,11.59,11.59,1500
SYKE,20110111,19.97,19.99,19.51,19.62,110500
SYMC,20110111,17.24,17.32,17.01,17.09,6780500
SYMM,20110111,6.43,6.78,6.11,6.59,305000
SYMX,20110111,1.05,1.1,1.05,1.06,68000
SYNA,20110111,30.67,30.67,30.22,30.39,355800
SYNL,20110111,11.86,11.86,11.68,11.82,3300
SYNM,20110111,17.2,18,17,17.2,403700
SYNT,20110111,54.26,55.14,54.19,55.06,157100
SYPR,20110111,5,6.2,4.98,5.36,207000
SYUT,20110111,13.07,13.13,12.84,13.03,68300
TACT,20110111,9.31,9.5,9.31,9.48,5200
TAIT,20110111,1.56,1.56,1.36,1.37,1300
TASR,20110111,4.8,4.91,4.76,4.87,608600
TAST,20110111,7.75,7.76,7.57,7.75,25100
TATT,20110111,5.52,5.87,5.28,5.5,7200
TAXI,20110111,8.8,8.8,8.46,8.61,82500
TAYC,20110111,13.19,13.19,12.75,12.83,27200
TAYCP,20110111,25,25.12,25,25,6300
TAYD,20110111,5.13,5.22,5.05,5.05,9800
TBAC,20110111,2.85,2.85,2.82,2.85,2400
TBBK,20110111,9.85,9.85,9.72,9.78,32200
TBNK,20110111,19.99,20.17,19.92,20.12,22400
TCBI,20110111,21.09,21.41,21.04,21.24,193100
TCBIW,20110111,11.5,11.5,11.5,11.5,0
TCBK,20110111,15.46,15.46,15.31,15.42,10400
TCCO,20110111,13.48,13.85,12.96,13.1,55700
TCRD,20110111,13.28,13.39,13.28,13.31,13900
TEAR,20110111,2.7,2.7,2.25,2.25,58400
TECD,20110111,44.9,45.2,44.7,45.05,293500
TECH,20110111,66.38,67.12,65.79,66.47,88100
TECUA,20110111,13.48,13.51,13.32,13.49,164900
TECUB,20110111,13.02,13.02,13.02,13.02,0
TELK,20110111,24,25.2,23.4,24,103900
TESO,20110111,15.68,15.92,15.47,15.92,131100
TESS,20110111,16.01,16.13,15.92,16.01,11000
TFCO,20110111,3.25,3.25,3.25,3.25,200
TFM,20110111,37.33,37.57,36.55,37.32,95400
TFSL,20110111,9.26,9.41,9.23,9.37,946000
TGA,20110111,14.92,15.33,14.92,15.28,344700
TGE,20110111,4.15,4.51,4.15,4.48,102800
THFF,20110111,32.5,32.72,32.34,32.67,9500
THLD,20110111,1.58,1.75,1.58,1.75,157200
THOR,20110111,31.01,31.33,30.89,31.1,1808600
THRD,20110111,22.19,22.19,22.19,22.19,0
THRX,20110111,24.8,24.98,24.55,24.83,181400
THTI,20110111,3.66,3.66,3.58,3.6,2500
TIBX,20110111,20.76,21.37,20.76,21.05,3771600
TICC,20110111,11.76,12.05,11.7,11.87,382100
TIGR,20110111,4.43,4.51,4.43,4.45,2600
TINY,20110111,4.36,4.76,4.36,4.74,277600
TISA,20110111,1.22,1.22,1.22,1.22,0
TITN,20110111,21.01,21.13,20.85,20.95,104600
TIVO,20110111,9.95,10.09,9.88,10.05,2471400
TKMR,20110111,6.25,6.25,5.61,5.75,51000
TLAB,20110111,7,7.03,6.91,7.01,2811600
TLF,20110111,4.75,4.75,4.66,4.75,5000
TMNG,20110111,2.59,2.6,2.51,2.51,1000
TNAV,20110111,7.26,7.46,7.26,7.37,125600
TOFC,20110111,7.92,7.95,7.87,7.87,1600
TOPS,20110111,1.04,1.1,1.03,1.05,91400
TORM,20110111,9.64,9.81,9.21,9.81,22600
TOWN,20110111,16.2,16.37,16.1,16.33,42500
TPGI,20110111,4.24,4.27,4.21,4.25,41500
TQNT,20110111,14,14.03,13.5,13.63,3988600
TQQQ,20110111,40.74,40.8275,40.0225,40.435,286200
TRAK,20110111,21.23,21.82,21.16,21.59,136200
TREE,20110111,8.11,8.88,8.11,8.71,70900
TRGT,20110111,27.39,27.39,26.75,27.14,68600
TRIB,20110111,8.64,8.83,8.54,8.79,63200
TRIT,20110111,13.71,13.9,13,13.34,151100
TRLG,20110111,20.25,20.53,20,20.42,364500
TRMB,20110111,20.415,20.57,20.205,20.52,470300
TRMD,20110111,68.6,69.8,68.5,69.4,13000
TRMK,20110111,24.84,25.08,24.55,24.75,172000
TRNS,20110111,8.18,8.18,8.18,8.18,0
TROW,20110111,64.99,66.01,64.91,65.21,1087300
TRS,20110111,20.6,20.61,20.33,20.52,127500
TRST,20110111,6.22,6.28,6.19,6.25,103800
TSBK,20110111,3.89,4.08,3.89,4.01,4400
TSCO,20110111,47.98,48.35,46.8,46.94,483100
TSEM,20110111,21.75,21.9,21.6,21.6,530700
TSLA,20110111,28.59,28.71,26.92,26.96,1711300
TSON,20110111,3.14,3.14,2.89,3.01,225600
TSPT,20110111,8.3,8.86,8.3,8.72,44300
TSRA,20110111,22,22.2,21.89,22.15,221500
TSRI,20110111,5.29,5.29,5.11,5.13,3300
TSRX,20110111,4.34,4.39,4.21,4.38,18100
TSTC,20110111,10.4,10.43,7.05,7.62,6906300
TSYS,20110111,4.87,5.11,4.83,5.08,1048700
TTEC,20110111,20.97,21.22,20.85,21.04,124300
TTEK,20110111,24.5,25.48,24.36,24.8,866100
TTGT,20110111,7.21,7.33,7.13,7.32,24600
TTHI,20110111,1.91,1.94,1.88,1.92,17900
TTMI,20110111,14.25,14.32,14,14.28,257700
TTWO,20110111,12.82,12.97,12.7,12.81,1352100
TUES,20110111,5,5.01,4.13,4.45,2462500
TWER,20110111,4.5,4.59,4.43,4.5,237800
TWGP,20110111,26.2,26.33,26.04,26.22,141200
TWIN,20110111,26.56,29.35,26.5,29.34,104700
TWMC,20110111,1.63,1.66,1.59,1.66,24400
TWTC,20110111,17.42,17.44,17.13,17.17,394400
TXCC,20110111,2.26,2.29,2.26,2.26,62000
TXN,20110111,33.45,33.68,33.3,33.5,7132300
TXRH,20110111,17.66,17.66,17.1,17.38,1096900
TYPE,20110111,11.71,12.1,11.69,12.06,224000
TZOO,20110111,45.79,48.4,45.06,47.11,425300
UACL,20110111,15.5,16.19,15.5,16.17,7000
UBCP,20110111,8.62,8.63,7.53,7.61,34000
UBFO,20110111,3.71,3.74,3.58,3.74,3400
UBNK,20110111,14.57,14.64,14.36,14.53,29200
UBOH,20110111,9.97,9.97,9.56,9.56,600
UBSH,20110111,14.43,14.79,14.3,14.64,51000
UBSI,20110111,28.91,29.27,28.46,28.95,152300
UCBA,20110111,7.58,7.58,7.58,7.58,0
UCBI,20110111,1.81,1.87,1.67,1.75,1786800
UCFC,20110111,1.46,1.53,1.46,1.53,7700
UCTT,20110111,9.18,9.44,9.13,9.2,156700
UEIC,20110111,27.1,27.54,26.81,27.12,20900
UEPS,20110111,11.27,11.54,11.27,11.45,241300
UFCS,20110111,21.97,21.97,21.62,21.8,23400
UFPI,20110111,39.27,39.64,38.59,39,64500
UFPT,20110111,14.96,15,14.43,14.71,126000
UG,20110111,14.27,14.49,14.25,14.44,800
UHAL,20110111,89.42,90.9,86.65,88.66,66900
ULBI,20110111,7.09,7.3,7.04,7.26,136100
ULGX,20110111,0.65,0.7,0.65,0.69,27900
ULTA,20110111,37.72,37.85,36.63,37.17,667800
ULTI,20110111,53.35,56.27,52.47,52.8,681800
ULTR,20110111,6.4,6.48,6.22,6.37,29900
UMBF,20110111,41.99,42.45,41.83,42.16,113300
UMPQ,20110111,12.38,12.6,12.23,12.35,615700
UNAM,20110111,9.15,9.45,9.15,9.17,2100
UNB,20110111,18.19,18.19,18.19,18.19,0
UNFI,20110111,37.54,37.54,36.68,36.79,301300
UNIS,20110111,4.99,5.03,4.95,4.98,116300
UNTD,20110111,7.19,7.19,7.05,7.13,454200
UNTY,20110111,6.35,6.35,6.03,6.09,63400
UPI,20110111,5.03,5.23,4.96,5.19,164400
URBN,20110111,36.22,36.25,35.44,35.89,2296700
URRE,20110111,32,32.3,31.1,32.2,3102400
USAK,20110111,13.41,13.48,13.37,13.43,34100
USAP,20110111,29.68,29.93,29.47,29.59,17200
USAT,20110111,1.31,1.43,1.28,1.39,774400
USATP,20110111,16.33,16.5,14.93,15.6,1900
USATZ,20110111,0.59,0.59,0.54,0.55,29700
USBI,20110111,11.77,12.38,11.77,12.28,7500
USEG,20110111,6.03,6.09,5.93,5.96,243800
USLM,20110111,41.76,41.88,40.13,40.63,11800
USMO,20110111,18.62,18.77,18.33,18.67,100300
USTR,20110111,31.215,31.78,30.98,31.665,84000
UTEK,20110111,19.02,19.5,18.98,19.09,134400
UTHR,20110111,67.1,67.85,67,67.36,257900
UTIW,20110111,21.73,21.79,21.4,21.55,355800
UTMD,20110111,26.41,26.58,26.3,26.58,2000
UTSI,20110111,7.14,7.17,6.9,7.11,873900
UVSP,20110111,19.11,19.56,19.11,19.31,10700
VALU,20110111,14.13,14.27,14.13,14.21,4800
VALV,20110111,5.9,5.99,5.86,5.96,38300
VASC,20110111,11.2,11.25,11.01,11.17,67100
VBFC,20110111,2.38,2.38,2.33,2.37,8000
VCBI,20110111,5.85,6.14,5.85,6.11,96600
VCIT,20110111,79.11,79.11,78.7,78.93,41500
VCLK,20110111,16.08,16.23,15.99,16.13,1008400
VCLT,20110111,77.16,77.2,76.77,77.15,3100
VCSH,20110111,77.64,77.64,77.48,77.55,90900
VDSI,20110111,8.31,8.33,8.1,8.17,64300
VECO,20110111,48,48.47,47.51,48.04,1470200
VGIT,20110111,61.14,61.19,60.99,61.04,1500
VGLT,20110111,59.81,59.81,59.36,59.71,22300
VGSH,20110111,60.66,60.66,60.57,60.63,5400
VIA,20110111,47.31,47.43,46.86,47.29,17900
VIAB,20110111,40.85,41.18,40.6,40.99,3862900
VIAS,20110111,17.81,18.13,17.81,17.94,6100
VICL,20110111,2.22,2.33,2.18,2.28,967100
VICR,20110111,15.54,15.7,15.45,15.53,66000
VIDE,20110111,4.05,4.15,4,4.11,15200
VIFL,20110111,3.71,3.75,3.68,3.75,3700
VIMC,20110111,3.89,3.99,3.81,3.82,45000
VIRC,20110111,2.82,2.83,2.82,2.83,5800
VISN,20110111,90,91.6,88.8,90.2,149900
VIVO,20110111,23.2,23.54,23.07,23.1,74600
VLCCF,20110111,24.18,24.18,23.09,23.24,496400
VLGEA,20110111,32.95,33.07,32.95,33.01,18100
VLTR,20110111,24.46,25.2,24.4,25.08,342500
VLYWW,20110111,2.5,3.91,2.5,2.62,6800
VMBS,20110111,50.4,50.4,50.25,50.31,9600
VMED,20110111,25.99,26.1,25.22,25.45,3171400
VNDA,20110111,9.36,9.45,9.09,9.13,124400
VNQI,20110111,50.77,50.77,50.46,50.56,25100
VOCS,20110111,26.62,27.37,26.62,27.36,98500
VOD,20110111,27.64,27.66,27.24,27.34,6456800
VOLC,20110111,28.45,29.08,28,28.95,461900
VONE,20110111,58.25,58.33,58.2,58.3,500
VONG,20110111,59.59,59.62,59.52,59.53,2500
VONV,20110111,57.15,57.15,56.94,57.1,5600
VOXX,20110111,8.05,8.4,7.47,7.84,314900
VPFG,20110111,11.62,11.63,11.37,11.57,172100
VPHM,20110111,17.54,17.84,17.49,17.54,698800
VPRT,20110111,47.02,48.18,46.92,47.97,156700
VRA,20110111,36.63,36.88,35.55,36.05,102300
VRML,20110111,7.87,9.25,7.49,7.9,989500
VRNM,20110111,3.19,3.3,3.16,3.3,62300
VRNT,20110111,35.83,38.1,34.53,35.63,4623900
VRSK,20110111,34.32,34.37,33.81,33.94,479100
VRSN,20110111,33.2,33.2,32.66,32.77,3361700
VRTA,20110111,1.2,1.4,1.2,1.2,9500
VRTB,20110111,1.6,1.6,1.48,1.49,19200
VRTS,20110111,47.09,48.08,46.77,47.72,28200
VRTU,20110111,17.29,17.44,17.23,17.39,105200
VRTX,20110111,37.66,37.85,36.52,36.79,2442100
VSAT,20110111,45.05,45.15,44.32,44.73,188200
VSBN,20110111,11.17,11.17,11.17,11.17,0
VSCI,20110111,1.4,1.6,1.38,1.5,90300
VSCP,20110111,2.5,2.55,2.4,2.41,324200
VSEC,20110111,32.47,32.49,31.57,31.91,22700
VTHR,20110111,58.51,58.51,58.51,58.51,600
VTNC,20110111,13.26,13.63,13.05,13.39,43700
VTUS,20110111,6.33,6.85,6.33,6.5,4400
VTWG,20110111,64.22,64.32,63.81,64.08,4100
VTWO,20110111,62.7,62.79,62.42,62.56,33800
VTWV,20110111,60.91,60.95,60.91,60.94,2100
VVTV,20110111,6.22,6.25,5.88,5.99,417300
VVUS,20110111,10.69,10.91,10.45,10.64,2994600
VYFC,20110111,3.54,3.56,3.54,3.54,500
WABC,20110111,54.63,55.21,54.5,54.89,91900
WAFD,20110111,17.26,17.39,17.13,17.39,582500
WASH,20110111,22.23,22.33,22.1,22.24,11700
WAVX,20110111,4.47,4.48,4.32,4.37,755900
WAYN,20110111,8.41,8.8,8.41,8.8,1200
WBCO,20110111,13.33,13.66,13.33,13.62,6900
WBMD,20110111,53.33,53.9,52.92,53.54,657800
WBSN,20110111,19.76,20.04,19.71,20.01,349000
WCRX,20110111,23.71,23.96,23.67,23.93,1712600
WDC,20110111,33.08,33.23,32.53,32.56,3778800
WDFC,20110111,38.49,38.49,36.72,37.22,366400
WEBM,20110111,12.6,13.44,11.2,12.25,1490600
WERN,20110111,23.91,23.96,23.18,23.32,899900
WEYS,20110111,23.94,24.2,23.9,24.2,3100
WFD,20110111,9.06,9.17,9,9.12,46900
WFM,20110111,48.74,49.95,48.3,49.52,2182800
WIBC,20110111,7.43,7.64,7.43,7.54,55900
WILC,20110111,6.9,6.9,6.82,6.85,15700
WIN,20110111,13.28,13.32,12.94,12.99,8104400
WINA,20110111,33.87,34,33.21,33.87,5300
WIRE,20110111,23.39,23.63,23.28,23.59,41600
WLDN,20110111,4,4,4,4,0
WLFC,20110111,13.8,14.2,13.8,14.07,15700
WMAR,20110111,11.36,11.43,11.11,11.43,57000
WMGI,20110111,15.46,16.29,15.46,15.97,495200
WOOD,20110111,46.54,46.54,46.16,46.52,11200
WOOF,20110111,24.5,24.87,24.4,24.66,623200
WPCS,20110111,2.84,2.84,2.78,2.78,2400
WPPGY,20110111,60.73,60.85,60.49,60.83,94000
WPRT,20110111,18.62,18.95,18.62,18.82,267300
WRES,20110111,4.65,4.82,4.61,4.78,597200
WRLD,20110111,52.52,53.86,52.33,53.72,122200
WRLS,20110111,7.49,7.59,7.23,7.38,228800
WSB,20110111,2.65,2.65,2.65,2.65,0
WSBC,20110111,18.67,18.81,18.47,18.75,41800
WSBF,20110111,2.94,3,2.94,2.96,3700
WSCI,20110111,5.05,5.09,4.86,4.91,30500
WSFS,20110111,48.12,48.2,47.42,47.67,26900
WSTG,20110111,11.25,11.28,11.11,11.28,3500
WSTL,20110111,3.55,3.58,3.5,3.53,385000
WTBA,20110111,7.94,7.94,7.85,7.93,6100
WTFC,20110111,31.82,32.03,31.45,31.74,274500
WVFC,20110111,9.1,9.1,9.1,9.1,0
WVVI,20110111,3.52,3.52,3.42,3.42,1100
WWWW,20110111,9.84,9.98,9.61,9.74,407000
WYNN,20110111,119.75,119.9,116.34,117.09,2353900
XBKS,20110111,5.59,5.59,5.59,5.59,0
XIDE,20110111,9.9,10.13,9.68,10.06,1057000
XLNX,20110111,30.25,30.53,30.05,30.51,4097300
XNPT,20110111,9.33,9.69,9.33,9.53,304600
XOMA,20110111,5.98,5.99,5.53,5.72,3948400
XRAY,20110111,35.17,35.71,35.07,35.32,754500
XRTX,20110111,14.14,14.33,13.96,13.98,858400
XTEX,20110111,14.59,14.59,14.3,14.34,122700
XTXI,20110111,8.88,8.95,8.59,8.79,186200
XWES,20110111,2.71,2.71,2.71,2.71,0
XXIA,20110111,16.61,16.78,16.41,16.52,494300
YAVY,20110111,2.91,2.96,2.62,2.91,64700
YHOO,20110111,16.7,16.73,16.53,16.58,14615600
YORW,20110111,16.84,17,16.73,16.84,22300
YRCW,20110111,3.49,3.56,3.41,3.47,1041400
ZAGG,20110111,9.89,10.05,9.22,9.74,2431200
ZBRA,20110111,37.82,38.67,37.7,38.51,209000
ZEUS,20110111,27.96,28.24,26.76,27.18,69400
ZGNX,20110111,5.86,6,5.72,5.84,126300
ZHNE,20110111,2.56,2.63,2.55,2.59,226200
ZIGO,20110111,12.04,12.37,11.85,12.33,14300
ZINC,20110111,12.74,13.06,12.74,12.89,197800
ZION,20110111,24.36,24.8,24.11,24.31,2095300
ZIONW,20110111,7.35,7.66,7.31,7.45,16000
ZIOP,20110111,5.27,5.27,5.14,5.21,245000
ZIPR,20110111,2.65,3.06,2.65,2.99,77600
ZIXI,20110111,4.73,4.8,4.64,4.7,1032300
ZLCS,20110111,2.42,2.42,1.75,1.93,10644900
ZN,20110111,4.41,4.44,4.32,4.41,79300
ZOLT,20110111,12.31,12.34,12.14,12.27,132200
ZOOM,20110111,4.26,4.36,4.2,4.34,217300
ZUMZ,20110111,25.65,25.71,24.49,24.51,475200
