<ticker>,<date>,<open>,<high>,<low>,<close>,<vol>
AACC,20111215,3.54,3.65,3.47,3.51,15100
AAME,20111215,2.01,2.01,1.94,2,1600
AAON,20111215,20.82,21.67,20.82,21.37,61600
AAPL,20111215,383.33,383.74,378.31,378.94,9158800
AAWW,20111215,36.59,37.3,35.67,36.73,225300
AAXJ,20111215,49.58,49.76,49.13,49.2,455000
ABAX,20111215,26.74,27.19,25.6,27.1,80200
ABCB,20111215,10.29,10.36,10.07,10.28,40600
ABCD,20111215,2.95,2.95,2.7,2.79,37500
ABCO,20111215,35.15,36.425,35.05,36.055,63000
ABFS,20111215,17.35,17.8,17.3,17.67,468500
ABIO,20111215,8.22,8.28,8.04,8.28,36500
ABMD,20111215,20.38,20.38,19.72,19.77,231000
ABTL,20111215,3.9,3.9,3.65,3.9,3300
ACAD,20111215,1.01,1.04,0.99,1.04,187700
ACAS,20111215,6.62,6.64,6.47,6.58,3652900
ACAT,20111215,19.42,19.82,19.03,19.45,151800
ACCL,20111215,6.41,6.49,6.38,6.47,114600
ACET,20111215,6.45,6.95,6.45,6.88,79400
ACFC,20111215,1.96,1.96,1.72,1.72,12000
ACFN,20111215,5.42,5.48,5.42,5.45,8100
ACGL,20111215,36.8,36.91,36.45,36.64,709100
ACHC,20111215,8.26,9.32,8.15,9.01,2142200
ACHN,20111215,7.4,7.5,7.26,7.38,613900
ACIW,20111215,28.68,28.68,27.76,28.64,209100
ACLS,20111215,1.29,1.3,1.23,1.29,418900
ACNB,20111215,13.64,13.65,13.54,13.64,3800
ACOR,20111215,22.17,22.17,21.06,21.71,507900
ACPW,20111215,3.15,3.4,3.15,3.35,1497200
ACRX,20111215,2.78,2.78,2.77,2.77,1700
ACTG,20111215,30.44,30.76,29.63,30.24,452100
ACTS,20111215,1.84,1.87,1.83,1.85,14000
ACUR,20111215,3.88,3.88,3.61,3.72,28200
ACWI,20111215,41.68,41.69,41.25,41.4,532500
ACWX,20111215,36.56,36.56,35.86,35.91,1366800
ACXM,20111215,12.2,12.31,12.07,12.13,610200
ADAT,20111215,1.5,1.54,1.44,1.54,75400
ADBE,20111215,26.86,27.01,26.39,26.46,5826800
ADEP,20111215,2.39,2.42,2.24,2.42,2500
ADES,20111215,19.32,20.16,19.2,19.98,59600
ADI,20111215,34.08,34.45,33.9,34.05,3122100
ADP,20111215,51.5,51.65,51,51.17,1829800
ADRA,20111215,22.64,22.64,22.21,22.3,4700
ADRD,20111215,18.5,18.5,18.39,18.39,7900
ADRE,20111215,38.24,38.24,37.5,37.54,12800
ADRU,20111215,18.25,18.27,18.2,18.27,700
ADSK,20111215,31.61,31.68,30.48,31.07,3657200
ADTN,20111215,28.64,28.81,28.03,28.38,875100
ADUS,20111215,3.7,3.7,3.55,3.55,5400
ADVS,20111215,24.99,25.14,24.53,24.68,128300
AEGN,20111215,14.9,14.92,14.49,14.74,161000
AEGR,20111215,16.3,16.3,15.58,16.05,84900
AEHR,20111215,0.58,0.67,0.58,0.67,2400
AEIS,20111215,10.08,10.27,9.93,10.03,366800
AEPI,20111215,26.18,26.4,25.53,25.95,25500
AERL,20111215,5.99,6.11,5.86,5.87,39700
AETI,20111215,4.54,4.54,4.29,4.44,11800
AEY,20111215,2.12,2.16,2.1,2.16,33600
AEZS,20111215,9.96,10.08,9.12,9.12,1696000
AFAM,20111215,14.78,15.19,14.26,14.79,141500
AFCB,20111215,12,12,12,12,0
AFCE,20111215,14.76,14.91,14.53,14.75,56000
AFFX,20111215,3.91,3.95,3.77,3.86,1236800
AFFY,20111215,7.42,7.47,7.21,7.22,1212900
AFOP,20111215,7.67,7.89,7.67,7.88,8700
AFSI,20111215,25.92,25.97,25.32,25.46,205300
AGEN,20111215,2.15,2.22,2.06,2.2,57200
AGII,20111215,28.68,28.89,28.29,28.55,76900
AGNC,20111215,29.05,29.08,28.84,28.86,6253500
AGYS,20111215,7.93,7.97,7.69,7.73,213800
AHGP,20111215,51.33,51.33,50.31,50.94,36800
AHPI,20111215,3.3,3.3,3.18,3.18,1300
AIMC,20111215,17.65,17.76,17.28,17.61,186000
AINV,20111215,6.39,6.4,6.27,6.3,2695100
AIRM,20111215,26.8067,27.4767,26.8067,27.2233,73300
AIRT,20111215,8.55,8.66,8.46,8.56,1300
AIXG,20111215,11.95,12,11.53,11.62,271200
AKAM,20111215,26.95,27.27,26.81,27.01,2942600
AKRX,20111215,10.13,10.62,10.1,10.47,1780500
ALCO,20111215,18.7,18.76,17.85,18.09,15300
ALGN,20111215,23.53,23.78,23.15,23.63,570500
ALGT,20111215,52.99,53.58,51.79,53.39,123100
ALIM,20111215,1.56,1.56,1.27,1.33,330900
ALKS,20111215,15.4,15.7,15.25,15.57,571500
ALLB,20111215,10.2,10.25,10.19,10.25,6100
ALLT,20111215,17.1,17.2,16.26,16.34,349700
ALNY,20111215,7.52,7.92,7.5,7.9,720300
ALOG,20111215,54.28,54.58,53.69,54.49,47000
ALOT,20111215,7.25,7.25,7.25,7.25,1400
ALSK,20111215,4.6,4.7,4.45,4.46,1035300
ALTE,20111215,22.7,22.99,22.6,22.9,647900
ALTI,20111215,0.86,0.91,0.85,0.91,51400
ALTR,20111215,34.13,34.16,33.44,33.64,5024500
ALVR,20111215,10.4,10.5,9.5,9.8,318300
ALXA,20111215,7.3,7.4,5.9,6.8,3129900
ALXN,20111215,63.14,63.96,62.55,63.67,834700
AMAG,20111215,18.92,19.1,18.27,18.77,237300
AMAP,20111215,9.51,9.51,9.02,9.13,23000
AMAT,20111215,10.51,10.52,10.18,10.19,17333900
AMBT,20111215,6.1,6.17,6,6,1700
AMCC,20111215,6.57,6.69,6.47,6.68,704100
AMCF,20111215,3.3,3.3,3.22,3.22,4600
AMCN,20111215,3.5,3.52,3.43,3.46,73800
AMCX,20111215,35.64,36.57,35.56,36.22,595400
AMED,20111215,10.55,10.94,10.32,10.49,585200
AMGN,20111215,58.03,59.06,57.81,58.62,8683700
AMIC,20111215,4.11,4.75,4.11,4.75,800
AMKR,20111215,4.16,4.2,4.07,4.14,1255100
AMNB,20111215,18.33,18.75,18.25,18.72,14400
AMOT,20111215,5.54,5.6,5.52,5.57,10200
AMOV,20111215,22.56,22.56,22.06,22.07,1900
AMPE,20111215,6.27,6.41,3.6,4.69,315300
AMRB,20111215,4.7,4.72,4.62,4.66,11500
AMRI,20111215,2.77,2.81,2.52,2.69,171400
AMRN,20111215,6.39,6.44,5.99,6.03,2465100
AMRS,20111215,11.25,11.25,10.39,10.57,244200
AMSC,20111215,3.82,3.86,3.73,3.75,466400
AMSF,20111215,23.27,23.62,23.27,23.47,29700
AMSG,20111215,25.79,25.99,25.54,25.87,114900
AMSWA,20111215,8.9,8.96,8.76,8.9,49400
AMWD,20111215,12.33,12.33,10.88,11.38,31200
AMZN,20111215,182.03,184.8,179.53,181.26,7260200
ANAC,20111215,5.75,6.21,5.7,6.1,61000
ANAD,20111215,2.16,2.2,2.04,2.1,330700
ANAT,20111215,70.42,70.61,69.45,69.51,11400
ANCB,20111215,6.2,6.2,6.2,6.2,0
ANCI,20111215,1.32,1.35,1.2,1.35,31900
ANCX,20111215,8.4,8.56,8.4,8.41,2800
ANDE,20111215,42.15,42.9,41.92,42.1,141100
ANEN,20111215,17.16,17.16,16.78,16.9,95800
ANGI,20111215,16.9,16.9,15.7,16,113300
ANGO,20111215,14.86,15.01,14.57,14.78,93400
ANIK,20111215,8.8,8.83,8.5,8.5,28100
ANLY,20111215,5.01,5.14,5,5.13,8800
ANSS,20111215,58.89,59.05,57.94,58.9,325100
ANTH,20111215,6.5,6.53,6.26,6.34,223900
ANTP,20111215,2,2.01,1.94,2.01,4300
AOSL,20111215,7.84,7.84,7.41,7.47,104600
APAGF,20111215,77.82,77.82,75.34,76,19000
APEI,20111215,40.18,41.22,39.92,40.69,297400
APFC,20111215,7.91,7.94,7.61,7.64,4500
APOG,20111215,11.59,12.49,11.02,12.25,307300
APOL,20111215,49.93,50.44,49.91,49.94,1265300
APPY,20111215,9.36,9.48,8.52,9.3,26600
APRI,20111215,4.98,5.05,4.8,4.83,160000
APSA,20111215,15.14,15.24,15.08,15.08,700
APWC,20111215,2.82,2.82,2.82,2.82,100
ARAY,20111215,4,4.2,3.98,4.17,640600
ARCC,20111215,14.98,15.08,14.71,14.72,1075200
ARCI,20111215,5.18,5.26,4.31,4.62,44800
ARCP,20111215,10.12,10.39,10.12,10.2,24500
ARCW,20111215,3,3,3,3,5200
ARDNA,20111215,90.21,93.35,90.21,93.35,1000
AREX,20111215,28.14,28.49,26.82,27.43,436700
ARIA,20111215,10.72,11.17,10.64,10.99,13729300
ARII,20111215,22.45,22.99,22.45,22.86,82900
ARKR,20111215,13.28,13.28,12.92,13.15,17100
ARLP,20111215,72.1,72.76,71.1,72.53,47000
ARMH,20111215,25.68,25.77,25.39,25.68,4231000
ARNA,20111215,2.02,2.02,1.94,2.01,1295000
AROW,20111215,23.48,23.5,22.82,23.41,59000
ARQL,20111215,5.45,5.59,5.37,5.44,144200
ARRS,20111215,10.28,10.28,10.07,10.27,998300
ARRY,20111215,2.41,2.43,2.26,2.28,183600
ARTC,20111215,30.01,30.26,29.77,30.2,220300
ARTNA,20111215,18.5,18.55,18.39,18.5,13300
ARTW,20111215,5.64,5.64,5.5,5.5,3200
ARTX,20111215,1.17,1.24,1.17,1.2,7400
ARUN,20111215,20.24,20.39,19.15,19.26,3112100
ASBB,20111215,11.75,11.77,11.75,11.75,11600
ASBC,20111215,10.19,10.31,10.11,10.21,1452600
ASBCW,20111215,0.9,0.9,0.9,0.9,0
ASBI,20111215,3.99,4,3.99,4,2400
ASCA,20111215,17.52,17.52,17,17.15,221600
ASCMA,20111215,48.03,48.96,46.97,48.19,42100
ASEI,20111215,68.98,68.98,68.01,68.6,28200
ASFI,20111215,7.65,7.66,7.5,7.5,14700
ASIA,20111215,8.14,8.14,7.38,7.39,424600
ASMI,20111215,27.52,27.52,26.89,26.92,38400
ASML,20111215,40.27,40.3,38.93,39.26,1665300
ASNA,20111215,13.97,14.02,13.79,13.81,526500
ASPS,20111215,49.74,49.79,48.88,49.17,209900
ASRV,20111215,1.94,2.05,1.9,2.05,12300
ASRVP,20111215,25.75,25.75,25.75,25.75,0
ASTC,20111215,0.63,0.66,0.62,0.65,8000
ASTE,20111215,31.31,31.71,30.55,31.49,65800
ASTI,20111215,0.6,0.6,0.55,0.56,50600
ASTM,20111215,2.01,2.01,1.85,1.91,399400
ASTX,20111215,1.6,1.69,1.6,1.68,379000
ASUR,20111215,3.7667,4.2667,3.7667,4.08,58300
ASYS,20111215,8.25,8.32,7.98,8.07,183300
ATAI,20111215,8.22,9,8.22,8.85,10400
ATAX,20111215,5.03,5.05,5,5,20700
ATEA,20111215,3.08,3.34,3.05,3.31,1600
ATEC,20111215,1.57,1.65,1.53,1.6,311700
ATHN,20111215,58.98,58.99,40.79,49.04,10426600
ATHX,20111215,1.92,1.94,1.8,1.92,76600
ATLO,20111215,18.51,18.51,18.21,18.5,13400
ATMI,20111215,19.5,19.59,19.01,19.36,141800
ATML,20111215,8.14,8.23,7.9,8.13,7928500
ATNI,20111215,38.93,38.99,37.99,38.57,34300
ATNY,20111215,3.31,3.47,3.31,3.41,25000
ATRC,20111215,10.48,10.65,10.2,10.64,57300
ATRI,20111215,239.5,242.99,239.3,242.56,5200
ATRM,20111215,0.61,0.65,0.56,0.6,10500
ATRO,20111215,35.75,36.16,35.16,35.87,43900
ATSG,20111215,4.79,4.84,4.61,4.84,199700
ATVI,20111215,11.83,11.94,11.76,11.86,8127100
ATX,20111215,11.26,11.39,11.14,11.3,10600
AUBN,20111215,19.18,19.19,19.18,19.18,500
AUDC,20111215,3.68,3.7,3.56,3.64,115100
AUXL,20111215,17.66,18.58,17.63,18.54,922200
AVAV,20111215,31.11,31.23,30.63,31.07,137400
AVEO,20111215,16.05,16.05,15.57,15.74,226900
AVGO,20111215,28.98,29.25,28.59,28.64,2391600
AVID,20111215,7.37,7.57,7.21,7.49,108600
AVNR,20111215,2,2.03,1.81,1.85,2999500
AVNW,20111215,1.75,1.8,1.74,1.8,211900
AWAY,20111215,23.91,23.91,22.87,23.31,418400
AWRE,20111215,2.98,3.03,2.88,2.95,1700
AXAS,20111215,3.18,3.26,3.05,3.09,1092400
AXFN,20111215,18.55,18.55,18.55,18.55,0
AXTI,20111215,3.89,3.9,3.8,3.88,180800
AZPN,20111215,17.48,17.5,17.02,17.14,664000
BABY,20111215,9.1,9.47,9.03,9.19,342800
BAGL,20111215,14.52,14.52,14.17,14.25,23200
BAMM,20111215,2.31,2.37,2.18,2.23,54600
BANC,20111215,11.61,11.81,11.27,11.55,15400
BANF,20111215,36.26,36.74,36.07,36.48,11200
BANFP,20111215,26.15,26.15,26.15,26.15,0
BANR,20111215,16.57,16.83,16.55,16.71,58700
BASI,20111215,1.58,1.61,1.54,1.58,1400
BBBY,20111215,60.99,61.69,60.45,61.17,1526800
BBCN,20111215,8.92,8.94,8.72,8.85,378200
BBEP,20111215,17.43,17.45,17.16,17.25,460600
BBGI,20111215,3.51,3.51,3.36,3.49,1600
BBNK,20111215,9.78,9.93,9.41,9.78,10300
BBOX,20111215,27.91,28.18,27.35,27.62,84600
BBRG,20111215,15.33,15.57,15.12,15.36,191600
BBRY,20111215,15.14,15.34,14.8,15.13,38291100
BBSI,20111215,19.15,19.33,18.95,19.06,57300
BCBP,20111215,9.98,10.2,9.97,10.11,23300
BCOM,20111215,15.01,15.24,15.01,15.18,800
BCPC,20111215,39.44,39.67,38.55,39.46,98700
BCRX,20111215,2.54,2.54,2.47,2.49,81600
BCSB,20111215,10,10,9.51,9.93,8800
BDE,20111215,7.47,7.67,7.42,7.6,31600
BDGE,20111215,19.88,20.29,19.56,20.29,11500
BDMS,20111215,15.85,15.9,15.75,15.75,2000
BDSI,20111215,0.98,1.02,0.95,1.01,109200
BEAT,20111215,2.28,2.53,2.28,2.48,51800
BEAV,20111215,37.02,37.02,36.09,36.2,738300
BEBE,20111215,8.22,8.24,8.03,8.16,369200
BECN,20111215,17.43,18.41,17.38,18.38,546400
BELFA,20111215,21.71,22.08,21.6,21.8,4200
BELFB,20111215,19.89,19.89,19.04,19.36,35600
BERK,20111215,7.39,7.39,7.39,7.39,0
BFIN,20111215,5.46,5.5,5.38,5.45,34000
BFLY,20111215,2.1,2.1,2,2.01,5300
BGCP,20111215,5.82,5.86,5.4,5.43,2279700
BGFV,20111215,9.57,9.61,9.16,9.56,70300
BGMD,20111215,4.19,4.3,4.01,4.29,32300
BIB,20111215,31.7,31.7,31.435,31.7,300
BICK,20111215,23.1,23.23,22.86,22.91,9300
BIDU,20111215,119.11,119.29,110.69,114.34,10196100
BIIB,20111215,110.22,110.65,109.05,109.73,1321700
BIOD,20111215,2.64,2.64,2.56,2.6,46000
BIOF,20111215,11.6,11.6,8.8,9.2,2216400
BIOS,20111215,5.41,5.52,5.3,5.5,211600
BIRT,20111215,5.88,5.9,5.71,5.88,146700
BIS,20111215,36.32,36.32,36.05,36.15,700
BJRI,20111215,44.58,45.14,44.01,45.04,209000
BKCC,20111215,8.64,8.64,8.38,8.62,412600
BKEP,20111215,5.86,5.86,5.7,5.81,13900
BKEPP,20111215,7.75,7.75,7.75,7.75,1000
BKMU,20111215,3.4,3.5,3.35,3.41,73100
BKOR,20111215,2.78,3.55,2.75,3.5,21900
BKSC,20111215,9.85,9.85,9.85,9.85,300
BKYF,20111215,20.82,20.9,20.3,20.9,6700
BLDP,20111215,1.2,1.2,1.15,1.15,57500
BLDR,20111215,1.86,1.86,1.7,1.72,106100
BLIN,20111215,0.55,0.57,0.55,0.55,7100
BLKB,20111215,28.19,28.62,28.1,28.35,181000
BLMT,20111215,10.38,10.38,10.26,10.27,22700
BLRX,20111215,3.27,3.27,3.27,3.27,0
BMC,20111215,33.63,33.95,33.31,33.56,1786500
BMRC,20111215,36.24,36.4,35.7,36.27,14100
BMRN,20111215,32.48,32.58,31.29,31.3,1277300
BMTC,20111215,19.11,19.28,18.84,19,27800
BNCL,20111215,8.23,8.49,8.2,8.38,53400
BNCN,20111215,6.63,6.95,6.6,6.95,4500
BNSO,20111215,1.2,1.2,1.2,1.2,200
BOBE,20111215,32.1,32.43,31.73,32.32,165400
BOCH,20111215,3.3,3.3,3.26,3.26,7200
BODY,20111215,21.91,22.33,21.65,22.07,148600
BOFI,20111215,16.14,16.14,15.95,16.13,103700
BOKF,20111215,54.09,55.01,54.02,54.63,75500
BOLT,20111215,11.43,11.46,11.25,11.33,20100
BONA,20111215,4.17,4.26,4.1,4.21,43300
BONT,20111215,3.29,3.37,3.1,3.15,101700
BOOM,20111215,20.05,20.05,19.3,19.62,44300
BOSC,20111215,2.48,2.88,2.4,2.88,12300
BPAX,20111215,2.76,3.24,2.76,2.88,49863400
BPFH,20111215,7.66,7.76,7.6,7.7,540800
BPFHW,20111215,2.9,2.9,2.9,2.9,100
BPHX,20111215,0.75,0.79,0.74,0.75,40300
BPOP,20111215,12.5,12.7,12.3,12.4,9166400
BPOPM,20111215,16.5,16.5,16.5,16.5,900
BPOPN,20111215,17.29,17.29,17.29,17.29,100
BRCD,20111215,5.32,5.4,5.2,5.23,4358500
BRCM,20111215,29.31,29.65,28.07,28.16,15051900
BRID,20111215,8.72,9,8.72,9,2100
BRKL,20111215,7.88,7.99,7.82,7.91,193400
BRKR,20111215,12.14,12.43,12.04,12.28,672500
BRKS,20111215,10.07,10.13,9.76,9.87,288100
BRLI,20111215,15.6,15.94,15.03,15.5,719000
BSDM,20111215,2.09,2.16,2.08,2.15,34500
BSET,20111215,8,8.14,7.96,7.96,10100
BSFT,20111215,33.7,34.3,33.43,33.86,484700
BSPM,20111215,1.68,1.71,1.56,1.62,37700
BSQR,20111215,3.59,3.65,3.33,3.34,46000
BSRR,20111215,9.33,9.34,9.02,9.23,18500
BSTC,20111215,17,17,16.28,16.73,7700
BTUI,20111215,2.75,2.75,2.57,2.6,22100
BUR,20111215,7.5,7.5,7.35,7.35,1400
BUSE,20111215,5.16,5.25,5.06,5.23,238800
BVSN,20111215,11.6,11.68,10.15,10.5,228300
BWEN,20111215,7.6,7.8,6.6,6.9,2485800
BWINA,20111215,22.3,22.3,22.3,22.3,500
BWINB,20111215,21.99,22,21.75,21.89,11800
BWLD,20111215,59.37,59.98,58.08,59.82,310300
BYFC,20111215,1.72,1.72,1.72,1.72,0
CA,20111215,20.37,20.4,19.94,20.08,4936500
CAAS,20111215,3.83,3.98,3.71,3.82,28500
CAC,20111215,30.5,30.99,30.24,30.96,19100
CACB,20111215,4.46,4.5,4.12,4.18,15000
CACC,20111215,85.98,86.38,84.45,85.13,17100
CACH,20111215,6.23,6.25,6.01,6.01,6400
CADC,20111215,2.29,2.32,2.28,2.28,60400
CADX,20111215,3.67,3.75,3.6,3.74,393600
CAFI,20111215,1.18,1.23,1.17,1.21,600
CAKE,20111215,27.67,28.49,27.6,27.99,1060300
CALD,20111215,5.81,5.96,5.42,5.62,113000
CALI,20111215,5.76,5.76,5.52,5.58,2600
CALL,20111215,11.04,11.13,10,10.13,184800
CALM,20111215,33.42,34.37,33.42,34.1,51300
CAMP,20111215,4.67,4.79,4.43,4.69,213100
CAMT,20111215,1.83,1.83,1.76,1.8,14300
CAR,20111215,10.78,10.83,10.5,10.55,1707800
CARB,20111215,13.08,13.45,12.72,12.88,90200
CART,20111215,2.29,2.34,1.97,2.03,11500
CARV,20111215,10.36,11.8,10.36,11,4200
CARZ,20111215,22.27,22.27,22.27,22.27,0
CASH,20111215,14.3,14.3,14.3,14.3,100
CASM,20111215,1.6,1.6,1.5,1.52,17700
CASS,20111215,36.24,36.58,35.49,36.31,12500
CASY,20111215,47.66,48.43,47.37,47.92,135900
CATM,20111215,25.66,26.96,25.63,26.19,418000
CATY,20111215,13.62,13.75,13.42,13.69,322100
CAVM,20111215,28.08,28.32,26.61,27.17,1334300
CBAK,20111215,4.25,4.25,4.05,4.05,187400
CBAN,20111215,2.25,2.4,2.25,2.4,1200
CBEY,20111215,7.57,7.85,7.48,7.8,224900
CBIN,20111215,9.25,9.25,9.25,9.25,0
CBLI,20111215,2.93,2.99,2.62,2.66,264500
CBMX,20111215,14.7,16,14,15.1,4000
CBMXW,20111215,1.9,1.9,1.9,1.9,0
CBNJ,20111215,7.38,7.38,7.1,7.3,45200
CBNK,20111215,13.68,13.68,13.68,13.68,0
CBOE,20111215,25.51,26,25.33,25.63,690000
CBPO,20111215,11.5,11.51,11.09,11.4,297800
CBRL,20111215,49.91,49.91,48.8,49.38,254700
CBRX,20111215,2.34,2.49,2.31,2.45,1044300
CBSH,20111215,36.88,36.92,36.36,36.84,346100
CBST,20111215,37.29,37.73,36.87,37.59,407900
CCBG,20111215,10.04,10.2,9.46,9.9,135000
CCCL,20111215,2.7,2.7,2.6,2.6,24900
CCIH,20111215,4.14,4.23,4.1,4.15,46500
CCIX,20111215,8.41,8.7,8.39,8.6,27700
CCMP,20111215,46.03,46.51,45.46,46.29,267900
CCNE,20111215,16.03,16.25,14.56,14.92,46900
CCOI,20111215,17.35,17.35,16.22,16.36,563800
CCRN,20111215,5.31,5.41,5.25,5.38,69900
CCUR,20111215,3.38,3.39,3.32,3.38,14100
CDNS,20111215,10.27,10.27,10.08,10.16,1601900
CDTI,20111215,2.76,2.83,2.7,2.71,53300
CDXS,20111215,5.41,5.53,5.15,5.2,138400
CDZI,20111215,9.5,10,9.25,10,30700
CECE,20111215,5.99,6.01,5.72,5.72,60500
CECO,20111215,6.86,7.11,6.6,7.1,1456800
CEDU,20111215,5.9,5.95,5.68,5.92,19100
CELG,20111215,63.37,63.6,62.98,63.1,3135700
CELGZ,20111215,1.49,1.54,1.32,1.34,4700
CENT,20111215,7.83,8.03,7.83,7.92,27600
CENTA,20111215,8.04,8.22,8.04,8.18,137100
CENX,20111215,8.99,9.08,8.5,8.57,1812500
CERN,20111215,57.14,57.56,55.69,55.75,2181300
CERS,20111215,3.02,3.05,2.98,3,338200
CETV,20111215,7.18,7.35,6.88,6.92,363500
CEVA,20111215,26.8,27.4,26.37,27.17,200200
CFBK,20111215,3.35,3.35,3.35,3.35,100
CFFI,20111215,23.51,24.5,23.51,24.32,12200
CFFN,20111215,11.25,11.32,11.18,11.2,882500
CFNB,20111215,15.25,15.25,14.52,15.09,12900
CFNL,20111215,10.66,10.88,10.57,10.82,95900
CGEN,20111215,4.58,4.6,4.46,4.47,52100
CGNX,20111215,35.28,35.28,34.47,34.64,151700
CHCI,20111215,1.07,1.1,1.06,1.06,16100
CHCO,20111215,32.42,32.86,32.11,32.68,108400
CHDN,20111215,48.11,49.11,47.84,48.15,16900
CHDX,20111215,8.96,8.97,8.77,8.91,29900
CHEF,20111215,15.5,15.67,15.15,15.47,89400
CHEV,20111215,8.01,8.04,7.88,8,5600
CHFC,20111215,20.49,20.58,20.06,20.45,89000
CHFN,20111215,9.45,9.57,9.15,9.57,6700
CHKE,20111215,12.15,12.15,11.95,12.07,48800
CHKP,20111215,52.29,53.01,52.2,52.72,2372700
CHLN,20111215,1.14,1.16,1,1.05,85800
CHNR,20111215,8.72,8.95,8.56,8.56,2000
CHOP,20111215,3.43,3.55,3.42,3.48,31700
CHRM,20111215,9.26,9.26,9.26,9.26,0
CHRW,20111215,67.14,67.34,66.39,66.69,570400
CHSCP,20111215,29.56,29.85,29.53,29.68,8500
CHTP,20111215,5.08,5.31,5.04,5.1,416900
CHTR,20111215,53.18,53.65,52.67,53.1,354900
CHYR,20111215,1.46,1.46,1.25,1.37,3300
CIDM,20111215,1.44,1.44,1.36,1.37,19200
CIEN,20111215,10.97,11.02,10.52,10.66,3815500
CIMT,20111215,3.35,3.35,3.13,3.31,10200
CINF,20111215,29.88,29.96,29.65,29.87,1171200
CISG,20111215,7,7.2,6.92,6.97,215800
CITZ,20111215,4.12,4.15,4.12,4.15,1000
CIZN,20111215,17.18,18.18,17.18,18.15,3600
CJJD,20111215,1.26,1.26,1.15,1.18,8800
CKEC,20111215,7.45,7.49,7.37,7.37,28900
CKSW,20111215,9.68,9.73,9.51,9.57,134500
CLBH,20111215,2.51,2.51,2.51,2.51,100
CLCT,20111215,13.65,13.86,11.59,13.12,100000
CLDX,20111215,2.8,2.83,2.72,2.81,213300
CLFD,20111215,5.64,5.75,5.61,5.71,20800
CLMS,20111215,12.9,12.99,12.68,12.76,78600
CLMT,20111215,18.58,18.89,18.4,18.65,140400
CLNE,20111215,11.65,11.83,11.42,11.56,618500
CLNT,20111215,0.25,0.25,0.21,0.25,23000
CLRO,20111215,4.39,4.39,4.15,4.15,5900
CLSN,20111215,1.82,1.94,1.75,1.93,264100
CLUB,20111215,7.21,7.34,7.04,7.25,104800
CLVS,20111215,12.41,12.7,12.33,12.53,48200
CLWR,20111215,2.11,2.15,2.02,2.04,8012000
CLWT,20111215,3.19,3.3,3.025,3.3,1000
CMCO,20111215,12.63,12.87,12.25,12.7,52700
CMCSA,20111215,23.28,23.56,23.25,23.29,16052900
CMCSK,20111215,23.12,23.37,23.04,23.07,3572700
CME,20111215,240.98,242.11,238,239.09,487500
CMLS,20111215,3.08,3.11,3.05,3.09,147200
CMSB,20111215,8.84,8.84,8.84,8.84,0
CMTL,20111215,28.5,28.51,27.89,28.34,319900
CNBC,20111215,9.78,9.9,9.62,9.9,35700
CNBKA,20111215,26.3,26.93,26.3,26.91,3200
CNET,20111215,1.2,1.2,1.12,1.13,19500
CNIT,20111215,0.75,0.85,0.74,0.74,84700
CNMD,20111215,24.73,25.08,24.59,24.82,132100
CNQR,20111215,50.75,50.98,49.6,50.19,563400
CNSL,20111215,18.6,18.91,18.53,18.9,152800
CNTF,20111215,1.65,1.67,1.55,1.57,85500
CNTY,20111215,2.35,2.4,2.25,2.3,21100
CNYD,20111215,2.69,2.96,2.66,2.67,4200
COBK,20111215,12.35,12.35,12.35,12.35,0
COBR,20111215,4.3,4.47,4.3,4.3,2400
COBZ,20111215,5.54,5.6,5.41,5.54,64200
COCO,20111215,2.19,2.27,2.06,2.1,1007700
COGO,20111215,1.81,1.82,1.77,1.8,182600
COHR,20111215,50.9,52.46,50.87,51.73,94000
COHU,20111215,11.21,11.44,10.7,10.93,55700
COKE,20111215,54.45,54.45,53.3,54.16,15800
COLB,20111215,18.19,18.51,17.97,18.37,268100
COLM,20111215,47.5,48.42,46.28,46.81,190700
CONN,20111215,11.01,11.57,10.96,11.06,273900
COOL,20111215,2.86,2.89,2.77,2.81,364100
CORE,20111215,39.91,40,39.22,39.39,38000
CORT,20111215,3.55,3.58,3.37,3.45,130700
COSI,20111215,0.65,0.69,0.63,0.68,108700
COST,20111215,83.1,83.33,82.5,82.57,1911900
COWN,20111215,2.63,2.64,2.49,2.56,373200
CPBC,20111215,4.69,4.69,4.51,4.6,15900
CPGI,20111215,1.06,1.1,1.01,1.07,42200
CPHC,20111215,12.01,12.41,11.26,11.26,2200
CPHD,20111215,30.17,30.87,30.06,30.25,527400
CPIX,20111215,5.87,5.95,5.87,5.93,7700
CPLA,20111215,33.33,34.06,33.08,33.72,109300
CPLP,20111215,6.12,6.2,5.92,6.02,120200
CPNO,20111215,33.48,33.82,33.1,33.32,118500
CPRT,20111215,22.865,23.04,22.665,22.825,379500
CPRX,20111215,1.02,1.05,1.02,1.02,23500
CPSI,20111215,46.22,46.41,45.74,46.22,142100
CPSL,20111215,4.68,4.8,4.56,4.56,58000
CPSS,20111215,1.03,1.03,1.01,1.01,3800
CPST,20111215,1.04,1.05,1,1.01,1931200
CPTS,20111215,13,13.43,12.95,13.36,289900
CPWR,20111215,8.06,8.12,7.77,7.88,2108600
CRAI,20111215,20.53,20.67,20.04,20.37,33700
CRAY,20111215,6.17,6.19,6.06,6.15,114700
CRDC,20111215,2.35,2.4,2.27,2.29,35000
CRDS,20111215,5.4,5.49,5.3,5.49,7700
CREE,20111215,22.79,23.72,21.82,21.86,3498900
CREG,20111215,1.28,1.28,1.2,1.2,5200
CRESW,20111215,0.08,0.08,0.07,0.07,42400
CRESY,20111215,11.51,11.62,11.27,11.36,102100
CRFN,20111215,4.57,4.62,4.39,4.59,47900
CRIS,20111215,4.02,4.02,3.96,4,263100
CRMB,20111215,4,4.07,3.98,4.04,112400
CRMBU,20111215,3.95,3.95,3.95,3.95,0
CRMBW,20111215,0.2,0.21,0.2,0.2,79100
CRME,20111215,9.3,11.35,9.3,10.75,380400
CRMT,20111215,39.99,40.05,39.43,39.78,37200
CRNT,20111215,7.69,8.15,7.69,8.06,93500
CROX,20111215,14.58,14.7,14.2,14.57,1718000
CRRB,20111215,3.2,3.2,3.2,3.2,100
CRRC,20111215,10.76,10.82,10.59,10.79,45300
CRTX,20111215,5.6,5.8,5.47,5.68,15500
CRUS,20111215,15.59,15.8,15.08,15.18,1870500
CRVL,20111215,43.52,43.82,42.78,43.26,14800
CRWN,20111215,1.27,1.27,1.2,1.22,90400
CRWS,20111215,3.42,3.42,3.36,3.36,1100
CRZO,20111215,26.43,26.64,24.93,25.31,1227700
CSBK,20111215,9.53,9.53,9.21,9.3,16900
CSCD,20111215,3.19,3.19,2.98,3.02,14000
CSCO,20111215,18.19,18.25,17.93,18.04,39810800
CSFL,20111215,5.76,5.87,5.69,5.86,44400
CSGP,20111215,63.25,63.88,63.25,63.83,120700
CSGS,20111215,14.5,14.69,14.24,14.49,217500
CSII,20111215,8.73,8.82,8.56,8.82,115900
CSIQ,20111215,2.32,2.35,2.21,2.25,314600
CSOD,20111215,16.88,18.13,16.82,17.8,162300
CSPI,20111215,3.29,3.42,3.28,3.4,1100
CSRE,20111215,11.4,11.76,11.4,11.61,17900
CSTR,20111215,44.51,45.8,44.06,44.98,1011700
CSUN,20111215,0.56,0.58,0.52,0.52,58200
CSWC,20111215,82.69,83.47,77.06,78.46,16200
CTAS,20111215,30.35,30.7,30.2,30.52,1178600
CTBI,20111215,28.57,28.99,28.43,28.92,29700
CTCH,20111215,3.45,3.47,3.44,3.46,2800
CTCM,20111215,9.01,9.17,8.83,8.89,314000
CTCT,20111215,24.22,25.04,23.19,23.54,448500
CTGX,20111215,13.51,13.75,13.22,13.6,78300
CTHR,20111215,2.64,2.64,2.51,2.6,28600
CTIB,20111215,5.03,5.72,4.89,4.95,29400
CTIC,20111215,5.35,5.4,5.2,5.25,1402000
CTRN,20111215,8.27,8.34,8.15,8.22,148900
CTRP,20111215,23.15,23.46,22.8,23,1656600
CTRX,20111215,27.695,27.7,27,27.25,411300
CTSH,20111215,65.98,66.67,65.39,65.54,2297000
CTWS,20111215,27.95,27.96,27.53,27.83,13600
CTXS,20111215,65.11,65.35,62.86,63.89,1699200
CU,20111215,29.55,29.55,28.84,28.91,21700
CUBA,20111215,6.16,6.17,6.15,6.15,17900
CUTR,20111215,7.02,7.06,6.87,7.01,28200
CVBF,20111215,9.58,9.66,9.37,9.45,975700
CVCO,20111215,38.54,39.09,38.25,38.76,22600
CVCY,20111215,5.78,5.78,5.78,5.78,0
CVGI,20111215,9.47,9.55,9.15,9.3,115100
CVGW,20111215,25.78,25.78,25.29,25.57,50600
CVLT,20111215,45.35,45.49,44.01,45.05,339700
CVLY,20111215,8.25,8.25,8.25,8.25,0
CVTI,20111215,2.84,2.84,2.71,2.78,78300
CVV,20111215,13.51,13.86,13.27,13.41,94600
CWBC,20111215,1.7,1.7,1.5,1.5,12800
CWCO,20111215,8.24,8.59,8.11,8.52,103300
CWEI,20111215,76.42,77.86,73.21,74,128300
CWST,20111215,6.31,6.4,6.2,6.29,53200
CWTR,20111215,4.28,4.36,3.92,4.08,1247500
CXDC,20111215,5.01,5.01,4.87,4.9,54400
CXPO,20111215,2.69,2.7,2.51,2.53,112900
CY,20111215,16.69,16.79,16.32,16.52,2525900
CYAN,20111215,8.32,8.5,8.1,8.4,43500
CYBE,20111215,6.97,7,6.97,6.98,2500
CYBX,20111215,32.17,32.45,31.92,32.39,228800
CYCC,20111215,4.27,4.27,4.06,4.06,57300
CYCCP,20111215,3.02,3.02,3.02,3.02,0
CYMI,20111215,46.87,48.3,46.87,47.55,433300
CYNO,20111215,12.31,12.31,11.99,12.22,15100
CYOU,20111215,23.01,23.6,22.44,23.31,207000
CYTK,20111215,1.01,1.01,0.99,1.01,2243800
CYTR,20111215,1.89,1.89,1.75,1.82,661600
CYTX,20111215,2.29,2.29,2.09,2.11,337600
CYTXW,20111215,1.23,1.23,1.18,1.18,2700
CZFC,20111215,6.47,6.47,6.47,6.47,0
CZNC,20111215,17.87,18,17.64,18,17800
CZWI,20111215,5.05,5.05,5,5,800
DAEG,20111215,1.93,1.93,1.7,1.75,5800
DAIO,20111215,3.8,3.99,3.59,3.99,28100
DAKT,20111215,9.44,9.55,9.26,9.4,74000
DARA,20111215,1.07,1.07,1,1.02,133500
DATE,20111215,6.34,6.5,6.22,6.36,116800
DAVE,20111215,9.1,9.15,8.71,8.73,9600
DBLE,20111215,6.15,6.15,5.69,5.82,126300
DBLEP,20111215,26.25,26.88,26,26.15,6300
DCIX,20111215,4.74,4.77,4.6,4.7,125700
DCOM,20111215,11.73,11.76,11.51,11.64,85800
DCTH,20111215,2.01,2.13,1.98,1.99,667800
DECK,20111215,88.7,88.75,84.78,86.46,5176200
DELL,20111215,15.21,15.29,14.95,15.05,19056900
DENN,20111215,3.51,3.71,3.47,3.71,533200
DEPO,20111215,4.53,4.73,4.45,4.73,317300
DEST,20111215,16.12,16.2,15.91,16.03,105600
DFZ,20111215,12.15,12.24,12.05,12.24,14200
DGAS,20111215,16.5,16.62,16.385,16.405,1500
DGICA,20111215,14.3,14.77,14.21,14.77,55100
DGICB,20111215,15.84,15.84,15.84,15.84,0
DGII,20111215,10.66,10.66,10.38,10.46,57400
DGIT,20111215,12.28,12.3,11.73,11.79,276800
DGLY,20111215,0.66,0.74,0.66,0.7,24100
DHIL,20111215,71.07,72.08,71.02,72.08,4300
DHRM,20111215,1.43,1.54,1.43,1.49,10600
DIOD,20111215,19.65,20.2,19.4,19.54,231100
DISCA,20111215,40.53,40.95,40.13,40.2,1375700
DISCB,20111215,41.96,41.96,41.96,41.96,0
DISCK,20111215,37.18,37.51,36.79,36.81,468800
DISH,20111215,26.1,26.87,25.91,26.18,3842100
DJCO,20111215,66,66.01,66,66,2200
DLGC,20111215,5.35,5.45,5.1,5.45,18500
DLIA,20111215,1.23,1.24,1.2,1.22,18100
DLLR,20111215,17.43,18.67,17.2,17.52,382700
DLTR,20111215,40.995,41.345,40.735,41.035,1920200
DMLP,20111215,22.03,22.08,21.81,21.87,72600
DMND,20111215,28,28.8,26.11,27.87,5521000
DMRC,20111215,25.5,25.5,25.03,25.41,13400
DNBF,20111215,10.4,10.4,10.25,10.25,500
DNDN,20111215,7.5,7.77,7.36,7.44,5302900
DNKN,20111215,24.21,24.65,23.24,24.45,1307600
DORM,20111215,18.79,19.18,18.41,18.63,33400
DOVR,20111215,3.7,4.01,3.7,3.93,9000
DRAD,20111215,1.84,1.85,1.77,1.78,33400
DRAM,20111215,6.24,6.36,5.7,6.12,21400
DRCO,20111215,10.66,10.83,10.54,10.8,68000
DRIV,20111215,14.49,14.71,14.25,14.39,803900
DRRX,20111215,1.28,1.28,1.18,1.28,289800
DRWI,20111215,3.74,3.76,3.57,3.74,127400
DRYS,20111215,2.17,2.19,2.09,2.14,4535200
DSCI,20111215,8.03,8.05,7.86,7.95,21200
DSCO,20111215,1.68,1.71,1.6,1.6,139600
DSGX,20111215,6.97,7.04,6.95,7.04,4400
DSPG,20111215,5.55,5.62,5.5,5.57,71700
DSWL,20111215,2.24,2.25,2.2,2.23,5400
DTLK,20111215,7.65,7.73,7.49,7.64,104800
DTSI,20111215,26.47,26.99,26.47,26.7,44200
DTV,20111215,44.88,44.92,43.18,43.31,13115900
DVAX,20111215,3.17,3.17,3.03,3.06,1312000
DVOX,20111215,3.91,4.02,3.74,3.84,24300
DWA,20111215,17.51,17.9,17.4,17.41,603800
DWCH,20111215,5.45,5.45,5.45,5.45,0
DWSN,20111215,35.3,35.31,34.28,34.89,42900
DXCM,20111215,8.18,8.33,8.1,8.21,444500
DXPE,20111215,30.25,31.06,29.89,30.67,48900
DXYN,20111215,2.88,2.9,2.8,2.9,1500
DYAX,20111215,1.39,1.4,1.34,1.36,218600
DYNT,20111215,3.3,3.45,3.3,3.3,23500
DYSL,20111215,1.7,1.8,1.5,1.65,50300
EBAY,20111215,30.51,30.59,29.08,29.6,11962300
EBIX,20111215,19.99,21.38,19.83,20.58,962100
EBMT,20111215,9.75,9.75,9.75,9.75,0
EBSB,20111215,12.82,12.82,12.36,12.46,17500
EBTC,20111215,13.79,14.34,13.79,14.25,9000
ECHO,20111215,17.09,17.1,16.87,16.9,139100
ECOL,20111215,17.39,17.67,17.17,17.54,43600
ECPG,20111215,20.05,20.17,19.63,19.72,208400
ECTE,20111215,2.16,2.16,2.01,2.01,37700
ECTY,20111215,1.02,1.03,0.97,0.97,264800
ECYT,20111215,3.42,3.44,3.07,3.15,1522800
EDAC,20111215,10.04,10.23,9.75,10.23,15700
EDAP,20111215,1.85,1.85,1.73,1.78,27800
EDGW,20111215,2.8,2.8,2.61,2.66,10200
EDMC,20111215,22.61,22.8,22.4,22.59,124000
EDS,20111215,4.16,4.43,4.15,4.36,17400
EDUC,20111215,5.17,5.18,5.17,5.18,400
EEFT,20111215,16.51,16.7,16.35,16.5,194700
EEI,20111215,15.8,15.83,15.75,15.83,3500
EFII,20111215,13.93,14.03,13.87,13.94,136600
EFSC,20111215,14.74,15,14.5,15,43300
EFUT,20111215,4.64,4.75,4.61,4.71,5100
EGAN,20111215,6.23,6.47,6.06,6.36,51500
EGBN,20111215,14.32,14.52,14.2,14.48,58900
EGHT,20111215,3.7,3.82,3.62,3.64,301400
EGLE,20111215,4.36,4.4,4.24,4.28,430700
EGOV,20111215,12.21,12.54,12.07,12.54,232700
EHTH,20111215,15.07,15.14,14.9,15.02,121500
EIHI,20111215,13.44,13.59,13.41,13.41,5500
ELGX,20111215,11.65,11.7,11.15,11.53,464000
ELNK,20111215,6.17,6.21,6.08,6.11,1359300
ELON,20111215,4.76,4.81,4.67,4.72,157100
ELOS,20111215,10.16,10.19,9.95,10.07,81500
ELRC,20111215,16.38,16.6,16.13,16.55,30100
ELSE,20111215,3.86,3.86,3.86,3.86,0
ELTK,20111215,1.29,1.29,1.29,1.29,500
EMCF,20111215,15.99,15.99,15.99,15.99,0
EMCI,20111215,20.35,20.45,20.17,20.43,6700
EMFN,20111215,21.68,21.69,21.53,21.55,2700
EMIF,20111215,28.86,28.86,28.46,28.53,19800
EMITF,20111215,2.81,2.81,2.75,2.75,500
EMKR,20111215,3.48,3.56,3.4,3.48,457600
EML,20111215,19.05,19.71,19.05,19.71,600
EMMS,20111215,0.77,0.8,0.74,0.74,167900
EMMSP,20111215,15.6,15.6,15.6,15.6,0
EMMT,20111215,19.29,19.29,19.29,19.29,0
ENDP,20111215,35.04,35.56,34.37,34.65,1758800
ENG,20111215,2.1,2.12,2.05,2.06,119400
ENMD,20111215,1.42,1.44,1.38,1.39,14300
ENOC,20111215,9.31,9.61,9.04,9.53,273400
ENSG,20111215,24.49,25.04,24.4,24.99,61400
ENTG,20111215,8.07,8.13,7.93,8.08,1267900
ENTR,20111215,4.82,5.01,4.82,4.83,858000
ENZN,20111215,7.03,7.05,6.61,6.93,291100
EONC,20111215,1.99,2.15,1.54,1.59,368200
EPAX,20111215,4.41,4.51,4.28,4.33,72100
EPAY,20111215,21.14,21.68,20.87,21.65,155400
EPIQ,20111215,12.51,12.53,12,12.14,126800
EQIX,20111215,99.28,99.36,97.62,98.07,506200
ERIC,20111215,9.66,9.73,9.58,9.62,3448100
ERIE,20111215,77,77.56,75.87,75.99,63000
ERII,20111215,2.81,2.86,2.69,2.79,229100
EROC,20111215,11.04,11.11,10.69,10.81,269100
ESBF,20111215,13.99,14.47,13.85,14.45,22400
ESBK,20111215,15.57,16.1,15.57,15.94,1500
ESCA,20111215,4.4,4.59,4.4,4.41,6100
ESEA,20111215,2.65,2.69,2.61,2.62,28700
ESGR,20111215,98.55,99.31,98.02,99.31,10000
ESIO,20111215,12.95,13,12.54,12.66,177900
ESLT,20111215,42.27,42.7,41.9,41.92,6500
ESMC,20111215,1.12,1.19,1.1,1.19,2200
ESRX,20111215,43.99,44.2,43.3,43.38,4474300
ESSA,20111215,10.58,10.9,10.41,10.67,29900
ESSX,20111215,2.84,2.94,2.53,2.76,101300
ESYS,20111215,4.43,4.52,4.41,4.51,1800
ETFC,20111215,8.16,8.19,7.85,7.9,10314000
ETRM,20111215,1.95,1.95,1.79,1.84,60200
EUFN,20111215,14.83,14.83,14.54,14.6,12800
EVBS,20111215,2,2,1.85,1.85,2300
EVEP,20111215,64.13,64.75,63.32,63.54,216800
EVOL,20111215,7.22,7.44,7.12,7.24,95700
EWBC,20111215,18.55,18.7,18.4,18.53,644400
EXAC,20111215,15.29,15.5,15.11,15.5,8800
EXAR,20111215,6.67,6.83,6.67,6.81,151600
EXAS,20111215,7.98,8.12,7.86,7.98,495100
EXEL,20111215,4.12,4.18,4.1,4.12,863200
EXFO,20111215,5.28,5.39,5.25,5.27,66600
EXLP,20111215,21.89,21.89,20.66,20.94,175600
EXLS,20111215,23.2,23.2,22.53,22.94,159200
EXPD,20111215,40.8,40.94,40.2,40.36,1639700
EXPE,20111215,27.67,27.81,27.31,27.59,4604800
EXPO,20111215,44.51,45.42,44.25,45.27,37400
EXTR,20111215,2.92,2.93,2.86,2.89,259700
EXXI,20111215,28.02,28.37,27.34,27.72,635400
EZCH,20111215,29.31,29.77,29.1,29.42,385500
EZPW,20111215,27.34,27.37,26.31,26.41,598300
FABK,20111215,12.61,12.74,12.61,12.68,3100
FALC,20111215,2.59,2.62,2.5,2.62,95400
FARM,20111215,7.51,7.65,7.5,7.61,19300
FARO,20111215,44.98,45.6,44.07,44.7,44800
FAST,20111215,40.72,40.99,40.29,40.76,1484800
FBIZ,20111215,16.33,16.33,16.32,16.33,500
FBMI,20111215,5.22,5.24,5.05,5.11,3500
FBMS,20111215,7.5,7.63,7.5,7.63,600
FBNC,20111215,11.25,11.47,10.75,11.31,50000
FBNK,20111215,12.92,13.09,12.9,13.06,74000
FBRC,20111215,8.24,8.24,8,8.08,179100
FBSS,20111215,10.65,10.85,10.65,10.65,9100
FCAL,20111215,3.5,3.57,3.45,3.45,525400
FCAP,20111215,18.5,18.5,18.5,18.5,2300
FCBC,20111215,12.36,12.42,12.07,12.4,77000
FCCO,20111215,5.92,5.92,5.92,5.92,200
FCCY,20111215,6.71,6.71,6.53,6.53,1900
FCEL,20111215,0.96,0.98,0.92,0.94,695600
FCFC,20111215,6.63,6.63,6.63,6.63,1800
FCFS,20111215,35.47,35.52,34.72,35.23,260500
FCHI,20111215,40.71,40.71,40.41,40.44,1700
FCLF,20111215,6,6,6,6,500
FCNCA,20111215,170.16,173.58,169,171.22,5600
FCTY,20111215,3.54,3.54,3.43,3.49,10100
FCVA,20111215,2.15,2.17,2.12,2.12,2600
FCZA,20111215,3.71,3.86,3.7,3.8,1200
FDEF,20111215,13.99,14.25,13.83,14.16,30700
FDML,20111215,13.52,13.54,13.11,13.3,123900
FDUS,20111215,12.36,13.14,12.27,13,33300
FEIC,20111215,38.05,38.77,38,38.64,249200
FEIM,20111215,7.27,7.27,7.25,7.25,9300
FELE,20111215,21.345,21.345,20.565,20.74,121500
FES,20111215,6.39,6.39,6.11,6.11,10000
FFBC,20111215,15.87,16.16,15.77,16.14,238100
FFBCW,20111215,4.54,4.54,4.54,4.54,0
FFBH,20111215,5.11,5.11,4.97,5,4500
FFCH,20111215,8.14,8.19,7.97,8.04,51700
FFCO,20111215,13.2,13.2,13.1,13.1,5200
FFEX,20111215,1.24,1.3,1.22,1.22,4800
FFHL,20111215,1.25,1.33,1.22,1.25,5600
FFIC,20111215,12.68,12.89,12.38,12.68,132200
FFIN,20111215,31.73,32.58,31.48,32.42,218800
FFIV,20111215,106.29,107.05,104.23,105.29,1189800
FFKT,20111215,4.25,4.25,4.01,4.2,13400
FFKY,20111215,1.15,1.15,1,1.03,8300
FFN,20111215,0.6,0.65,0.58,0.59,143300
FFNM,20111215,3.24,3.24,3.24,3.24,0
FFNW,20111215,5.64,5.7,5.64,5.64,2800
FHCO,20111215,4.7,4.85,4.55,4.69,39800
FIBK,20111215,12,12.15,11.93,12.09,41400
FINL,20111215,20.21,20.7,19.96,20.66,1012400
FIRE,20111215,34,34.41,33.58,33.79,506900
FISI,20111215,15.99,16.25,15.5,16.25,20300
FISV,20111215,57.78,57.93,57.12,57.24,850600
FITB,20111215,12,12.09,11.89,11.97,10003200
FITBP,20111215,140.77,140.77,140.77,140.77,0
FIZZ,20111215,16.36,16.61,16.25,16.54,33000
FLDM,20111215,12.7,12.84,12.41,12.77,166000
FLEX,20111215,5.89,5.92,5.84,5.88,3876800
FLIC,20111215,26.51,26.6,26.21,26.6,17000
FLIR,20111215,25.34,25.39,24.9,25.02,830900
FLML,20111215,5.07,5.09,4.39,4.7,86400
FLOW,20111215,3.62,3.7,3.48,3.58,275800
FLWS,20111215,2.28,2.29,2.23,2.28,126100
FLXS,20111215,13.84,14.14,13.5,13.5,1700
FMBI,20111215,9.16,9.4,9.15,9.37,450300
FMCN,20111215,19.9,20.38,19.43,19.53,2724100
FMER,20111215,14.38,14.47,14.2,14.31,785100
FMFC,20111215,2.84,2.85,2.61,2.74,3400
FMNB,20111215,4.73,4.73,4.73,4.73,0
FNBN,20111215,11.51,11.54,11.5,11.54,1200
FNFG,20111215,8.6,8.65,8.43,8.44,7623100
FNGN,20111215,21.39,21.55,20.92,21.23,208200
FNLC,20111215,14.42,14.76,14.12,14.66,15200
FNSR,20111215,15.58,15.75,15.27,15.6,2739800
FOLD,20111215,3.29,3.38,3.22,3.3,37700
FONE,20111215,22.94,22.94,22.94,22.94,300
FONR,20111215,1.71,1.78,1.7,1.74,8400
FORD,20111215,1.6,1.69,1.55,1.61,32000
FORM,20111215,5.22,5.22,4.9,4.94,930900
FORR,20111215,32.75,33.11,32.42,32.67,45300
FORTY,20111215,16.04,16.1,16.04,16.1,3400
FOSL,20111215,82.04,82.87,79.62,81.81,1053700
FRAN,20111215,18.2,18.72,17.83,17.94,218700
FRBK,20111215,1.44,1.5,1.41,1.42,9700
FRED,20111215,13.67,13.85,13.43,13.52,360400
FREE,20111215,5.1,5.5,5.1,5.5,44200
FRME,20111215,8.53,8.96,8.49,8.73,77600
FRNK,20111215,11.2,11.34,11.04,11.25,17700
FRP,20111215,4.5,4.57,4.35,4.45,35000
FSBK,20111215,3.55,3.55,3.48,3.54,2700
FSC,20111215,9.55,9.64,9.45,9.51,566000
FSCI,20111215,29.11,29.17,28.65,28.93,20600
FSFG,20111215,17.77,17.77,17.77,17.77,100
FSGI,20111215,2.41,2.47,2.39,2.43,3600
FSLR,20111215,33.66,33.66,30.04,31.45,12636500
FSRV,20111215,24.67,24.77,24.27,24.5,106200
FSTR,20111215,26.77,26.77,24.94,25.2,51100
FSYS,20111215,15.88,16.17,15.8,15.97,173900
FTEK,20111215,6,6.04,5.87,6.02,126900
FTNT,20111215,22.37,22.68,21.8,21.85,1423200
FUBC,20111215,5.47,5.49,5.33,5.48,61100
FULL,20111215,6.95,6.98,6.85,6.86,25200
FULT,20111215,9.28,9.43,9.17,9.32,1080700
FUNC,20111215,3.3,3.46,3.14,3.19,8400
FUND,20111215,6.2,6.24,6.13,6.18,66100
FURX,20111215,17.33,17.33,16.72,16.77,56800
FWLT,20111215,17.61,17.88,17.33,17.41,2337400
FWRD,20111215,31.69,32.54,31.46,32.12,140400
FXCB,20111215,12.68,12.76,12.51,12.65,16500
FXEN,20111215,4.58,4.6,4.4,4.51,239300
GABC,20111215,18.8,18.92,18.44,18.66,22600
GAGA,20111215,3.55,3.9,3.55,3.74,27100
GAI,20111215,3.27,3.35,3.27,3.27,4000
GAIA,20111215,3.29,3.36,3.14,3.22,47900
GAIN,20111215,7.42,7.46,7.21,7.37,125200
GALE,20111215,0.48,0.5,0.39,0.41,867400
GAME,20111215,4.59,4.6,4.5,4.54,635600
GASS,20111215,3.96,4.06,3.8,3.86,15700
GBCI,20111215,11.52,11.75,11.42,11.7,341800
GBDC,20111215,15.4,15.75,15.2,15.59,46600
GBLI,20111215,18.52,18.69,18.25,18.52,49200
GBNK,20111215,1.42,1.45,1.37,1.37,27300
GCBC,20111215,17.06,17.06,17.06,17.06,0
GCFB,20111215,2.06,2.1,2,2.1,6100
GCOM,20111215,12.12,12.33,12.08,12.21,65000
GCVRZ,20111215,1.26,1.27,1.25,1.26,2066100
GENC,20111215,6.9,6.97,6.78,6.84,9700
GENE,20111215,3.51,3.62,3.37,3.42,25100
GENT,20111215,5.85,6,5.85,5.85,2500
GERN,20111215,1.5,1.53,1.45,1.45,607000
GEVA,20111215,22.5,22.59,22,22.51,13600
GEVO,20111215,5.71,7.25,5.35,6.37,714000
GFED,20111215,6.37,6.37,6.37,6.37,0
GFN,20111215,2.5,2.6,2.46,2.6,10800
GFNCL,20111215,3.3,3.3,3.3,3.3,0
GGAL,20111215,6.13,6.3,6.13,6.15,423400
GHDX,20111215,26.12,26.25,25.53,26.25,143500
GIFI,20111215,27.14,27.42,25.92,26.34,76100
GIGA,20111215,1.62,1.64,1.46,1.64,3600
GIGM,20111215,0.82,0.83,0.8,0.82,103700
GIII,20111215,23.49,23.82,23.22,23.72,204500
GILD,20111215,19.5,19.56,19.23,19.245,6899300
GILT,20111215,3.91,3.94,3.84,3.85,33300
GIVN,20111215,16.75,16.75,16.51,16.72,23500
GKNT,20111215,16.87,17.36,16.87,17,9600
GLAD,20111215,7.74,7.84,7.55,7.72,87000
GLBS,20111215,3.55,3.64,3.3,3.41,15000
GLBZ,20111215,7.96,8.22,7.96,8.2,4600
GLCH,20111215,1.49,1.5,1.43,1.48,164200
GLDC,20111215,3.53,3.6,3.45,3.6,2100
GLDD,20111215,5.33,5.37,5.15,5.33,244500
GLNG,20111215,42.87,43.67,42.01,42.28,848800
GLPW,20111215,22.31,22.77,21.72,22.69,36400
GLRE,20111215,23.07,23.68,22.95,23.54,148100
GLUU,20111215,3.27,3.39,3.12,3.18,1086600
GMAN,20111215,14,14.5,13.67,14.06,41400
GMCR,20111215,49,49,43.34,44.35,11414000
GMETP,20111215,10.57,10.57,10.57,10.57,0
GMLP,20111215,29.45,29.45,28.76,29.01,36400
GNCMA,20111215,9.68,10.06,9.68,10.01,150700
GNMK,20111215,4.5,4.5,4.4,4.4,4500
GNTX,20111215,27.61,27.77,27.42,27.58,711300
GNVC,20111215,2.73,2.76,2.7,2.75,37700
GOLD,20111215,100.85,100.95,98.05,98.21,819800
GOOD,20111215,17.21,17.63,16.86,17.39,36900
GOODO,20111215,23.78,24,23.75,24,800
GOODP,20111215,24.48,24.55,24.48,24.55,600
GOOG,20111215,622.52,624,618.69,619.54,2409700
GPIC,20111215,6.31,6.31,6.31,6.31,0
GPOR,20111215,28.62,29.25,27.29,27.78,1193200
GPRC,20111215,1.7,1.78,1.66,1.74,7900
GPRE,20111215,10.33,10.33,10.03,10.28,221500
GRFS,20111215,9.84,9.88,9.54,9.8,2607800
GRID,20111215,23.69,23.8,23.69,23.75,600
GRIF,20111215,27,27,26.02,26.79,5700
GRMN,20111215,37.56,37.66,36.78,37.34,1584500
GROW,20111215,6.27,6.42,6.23,6.33,25200
GRPN,20111215,23.06,23.5,22.63,23.08,1136800
GRVY,20111215,1.24,1.26,1.21,1.21,30700
GSBC,20111215,22.19,22.95,21.99,22.73,20900
GSIG,20111215,10.2,10.28,9.84,9.91,67000
GSIT,20111215,4.56,4.64,4.56,4.59,187800
GSJK,20111215,13.9,14.49,13.5,14.44,50500
GSM,20111215,13.21,13.25,12.44,12.78,910400
GSOL,20111215,5.02,5.11,4.98,5.04,58100
GSVC,20111215,15.55,15.8,15.02,15.8,138200
GTAT,20111215,7.23,7.3,7.07,7.14,2653800
GTIM,20111215,1.31,1.45,1.31,1.39,1700
GTIV,20111215,5.91,6.14,5.78,5.87,400800
GTLS,20111215,56.09,56.17,54.01,54.97,280300
GTXI,20111215,2.79,2.82,2.66,2.69,64600
GUID,20111215,6.11,6.16,5.99,6.02,106700
GULF,20111215,14.72,14.72,14.69,14.7,2800
GURE,20111215,1.8,1.8,1.64,1.64,159300
GYRO,20111215,100.5,101.99,100.5,101.99,6300
HA,20111215,5.96,6.1,5.88,6.04,566800
HAFC,20111215,0.87,0.88,0.85,0.85,496600
HAIN,20111215,36.64,36.88,36.25,36.79,278900
HALL,20111215,7.79,7.89,7.47,7.6,28900
HALO,20111215,9.24,9.37,9.05,9.19,503800
HAS,20111215,34,34.43,33.36,34.3,1860500
HAST,20111215,1.43,1.44,1.41,1.44,21200
HAUP,20111215,0.85,0.88,0.76,0.8,31300
HAYN,20111215,52.78,52.83,50.72,51.34,119400
HBAN,20111215,5.1,5.22,5.07,5.12,14996400
HBANP,20111215,1060,1060,1060,1060,100
HBCP,20111215,15.17,15.21,15.17,15.18,1600
HBHC,20111215,30.09,30.58,29.78,30.52,443800
HBIO,20111215,4.08,4.12,4.04,4.08,65500
HBNC,20111215,11.7467,11.9867,11.5333,11.5333,7300
HBNK,20111215,11.25,11.3,11.25,11.3,1200
HBOS,20111215,10.62,10.9,10.62,10.9,4700
HCBK,20111215,5.85,5.91,5.77,5.78,4201600
HCCI,20111215,16.84,16.84,15.93,16.56,14100
HCIIP,20111215,9.5,9.59,9.5,9.57,8000
HCKT,20111215,3.5,3.63,3.47,3.62,113300
HCOM,20111215,14.89,14.89,14.49,14.49,1700
HCSG,20111215,17.76,17.83,17.21,17.51,734100
HDNG,20111215,7.68,8.33,7.61,8.15,62600
HDSN,20111215,1.4,1.43,1.35,1.43,1200
HEES,20111215,12.46,12.5,12,12.04,115600
HELE,20111215,29.27,29.71,29.04,29.56,146800
HEOP,20111215,3.43,3.47,3.43,3.43,2300
HERO,20111215,3.97,3.99,3.75,3.89,3210500
HFBC,20111215,5.95,6,5.95,5.95,4300
HFBL,20111215,13.76,13.82,13.74,13.74,4000
HFFC,20111215,10.19,10.19,9.99,10.05,2400
HFWA,20111215,12.65,13.07,12.6,13,23300
HGSH,20111215,0.85,0.85,0.85,0.85,0
HIBB,20111215,44.08,44.5,43.24,44.13,334800
HIFS,20111215,49.35,49.35,48.45,48.45,2000
HIHO,20111215,2.25,2.45,2.2,2.2,4000
HILL,20111215,1.44,1.44,1.38,1.41,104600
HIMX,20111215,1.02,1.02,0.99,0.99,378900
HITK,20111215,38.29,38.66,37.54,38.42,148300
HITT,20111215,49.32,49.59,48.26,48.68,231900
HLIT,20111215,4.94,5.14,4.72,4.78,1017600
HMIN,20111215,26.6,27.06,25.54,25.98,501900
HMNF,20111215,1.78,1.78,1.78,1.78,0
HMNY,20111215,1.31,3.75,1.31,3.22,192500
HMPR,20111215,2.78,2.78,2.65,2.71,35300
HMSY,20111215,30.89,31,30.24,31,641900
HNH,20111215,10,10.43,9.7,10.4,24900
HNRG,20111215,9.76,10.11,9.76,10,6300
HNSN,20111215,2.62,2.7,2.54,2.68,440000
HOFT,20111215,10.43,10.72,10.36,10.5,15800
HOGS,20111215,8.53,8.71,8.28,8.33,221400
HOLI,20111215,7.56,7.67,7.4,7.4,242200
HOLL,20111215,1.26,1.26,1.2,1.23,1500
HOLX,20111215,16.79,16.79,16.33,16.39,1880800
HOMB,20111215,24.2,24.4,23.88,24.26,57500
HOME,20111215,10.15,10.3,10.04,10.21,32600
HOTT,20111215,7.01,7.02,6.68,6.71,402700
HOVNP,20111215,1.31,1.31,1.3,1.3,3400
HPCCP,20111215,25.61,25.61,25.61,25.61,400
HPJ,20111215,1.05,1.05,1.01,1.04,9900
HPOL,20111215,0.74,0.75,0.64,0.68,36200
HRZN,20111215,16.19,16.2,15.99,16.18,25800
HSIC,20111215,61.86,62.42,61.51,62.25,418000
HSII,20111215,20.63,21.35,20.46,21.18,92100
HSKA,20111215,7,7,6.81,7,10900
HSNI,20111215,35.7,36.4,35.32,35.96,393200
HSOL,20111215,1.05,1.1,1.02,1.07,582900
HSTM,20111215,16.47,16.85,16.42,16.63,117900
HTBK,20111215,4.97,5,4.82,5,31500
HTCH,20111215,1.65,1.65,1.56,1.56,53100
HTCO,20111215,10.66,10.8,10.5,10.79,18700
HTHT,20111215,12.99,13.17,12.5,12.53,90400
HTLD,20111215,13.74,13.88,13.56,13.84,452800
HTLF,20111215,16.55,16.55,15.6,16.23,24300
HTWR,20111215,65.96,69.3,64.74,69.29,92000
HUBG,20111215,30.88,31.23,30.64,30.85,142100
HURC,20111215,22.1,22.1,21,21.22,32500
HURN,20111215,35.77,38.74,35.5,37.92,395500
HWAY,20111215,6.51,6.71,6.38,6.56,185400
HWBK,20111215,5.69,5.95,5.69,5.84,2000
HWCC,20111215,13.13,13.13,12.75,13.03,72300
HWKN,20111215,36.07,36.17,35.37,35.52,14500
HYGS,20111215,5.21,5.35,5.21,5.35,1300
HZNP,20111215,4.75,4.89,4.71,4.75,30000
IACI,20111215,39.8,40.69,39.79,40.57,990700
IART,20111215,30.59,31.02,30.38,30.95,239500
IBB,20111215,99.67,100.11,99.13,99.68,567400
IBCA,20111215,2.34,2.42,2.33,2.41,20300
IBCP,20111215,1.34,1.42,1.31,1.35,16800
IBCPO,20111215,11.7,11.7,11.7,11.7,0
IBKC,20111215,48.13,48.41,47.52,48.18,97100
IBKR,20111215,14.79,14.79,14.46,14.48,860700
IBOC,20111215,17.32,17.66,17.2,17.56,238800
ICAD,20111215,0.62,0.62,0.55,0.58,42200
ICCC,20111215,4.81,4.81,4.66,4.76,700
ICFI,20111215,25.15,25.43,24.55,25.13,137100
ICGE,20111215,8.02,8.23,8.02,8.2,61500
ICLN,20111215,8.58,8.58,8.47,8.49,18300
ICLR,20111215,16.04,16.21,15.94,16.09,190800
ICON,20111215,16.61,16.63,16.23,16.55,462300
ICUI,20111215,43.29,44,43.22,43.85,32000
IDCC,20111215,40.42,40.66,38.54,40.12,1188400
IDIX,20111215,7.6,8,7.6,7.76,577100
IDRA,20111215,1.09,1.13,1.06,1.06,15600
IDSA,20111215,5.76,5.86,5.71,5.73,9900
IDSY,20111215,5.03,5.15,4.81,5.03,13300
IDTI,20111215,5.44,5.54,5.36,5.4,895600
IDXX,20111215,75.08,75.08,73.46,73.85,199900
IEP,20111215,37.39,37.89,37,37.16,20300
IESC,20111215,2.02,2.07,2,2,9500
IFAS,20111215,24.43,24.43,24.43,24.43,900
IFEU,20111215,23.92,23.92,23.92,23.92,100
IFGL,20111215,24.89,24.91,24.75,24.82,45100
IFNA,20111215,39.79,39.79,39.79,39.79,0
IFON,20111215,0.65,0.69,0.65,0.65,19500
IFSM,20111215,30.37,30.37,30.24,30.24,300
IGLD,20111215,12.11,12.48,11.56,12.48,2400
IGOI,20111215,11.04,11.04,10.2,10.32,44500
IGOV,20111215,97.45,97.85,97.25,97.4,17500
IGTE,20111215,15.91,16.05,15.63,15.81,149700
III,20111215,1.07,1.07,1,1.05,33600
IIIN,20111215,10.77,10.77,10.43,10.55,42700
IIJI,20111215,8.49,8.49,8.4,8.4,1800
IILG,20111215,13.1,13.22,12.61,13.12,102200
IIN,20111215,6.99,7.1,6.87,6.87,1500
IIVI,20111215,17.29,17.38,16.88,17.18,178200
IKAN,20111215,0.84,0.88,0.77,0.79,93600
IKNX,20111215,7.63,7.63,7.63,7.63,0
ILMN,20111215,27.51,27.63,26.89,27.01,2944400
IMGN,20111215,11.28,11.4,11.03,11.22,399400
IMI,20111215,8.56,8.96,8.52,8.91,94600
IMKTA,20111215,14.99,15.23,14.86,15.05,46300
IMMR,20111215,5.7,5.76,5.56,5.62,88600
IMMU,20111215,3.21,3.24,3.1,3.14,313700
IMMY,20111215,1.1,1.1,0.45,0.5,144900
IMOS,20111215,5.4,5.43,5.09,5.27,71100
IMRS,20111215,2.68,2.71,2.6,2.66,24900
INAP,20111215,5.81,5.81,5.59,5.61,149000
INCY,20111215,13.36,13.57,12.87,13.42,1902400
INDB,20111215,26.4,26.67,26.07,26.67,64900
INDY,20111215,20.38,20.42,20.15,20.18,67700
INFA,20111215,40.4,40.72,39.7,40.49,1620300
INFI,20111215,9.97,9.97,9.64,9.75,39800
INFN,20111215,6.38,6.41,6.23,6.38,632200
ININ,20111215,24.26,24.48,23.99,24.02,90600
INOC,20111215,1.03,1.03,1.03,1.03,500
INOD,20111215,3.79,3.89,3.75,3.82,48600
INPH,20111215,4.86,4.97,4.33,4.87,15400
INSM,20111215,3.35,3.37,3.11,3.16,60400
INTC,20111215,23.58,23.67,23.25,23.31,38693600
INTG,20111215,19.62,19.62,19.62,19.62,100
INTL,20111215,24.75,24.9,24.37,24.65,39500
INTT,20111215,2.26,2.42,2.26,2.31,49800
INTU,20111215,52.43,52.52,51.05,51.29,1998500
INTX,20111215,10.96,11.25,10.57,11.22,56700
INVE,20111215,2.16,2.17,2.1,2.14,151900
INWK,20111215,9.59,9.78,9.55,9.73,140700
IOSP,20111215,28.51,29.05,28.2,28.6,79800
IPAR,20111215,18.29,18.38,18.05,18.18,107300
IPAS,20111215,1.38,1.41,1.38,1.38,53400
IPCC,20111215,55.57,56.29,55.25,56.22,22400
IPCI,20111215,3.05,3.05,2.9,2.99,13000
IPCM,20111215,43.96,45.1,43.72,45.01,121800
IPGP,20111215,35.26,35.97,35.04,35.17,464400
IPHS,20111215,48.5,48.87,47.64,48.17,94400
IPXL,20111215,17.64,17.99,17.33,17.9,792000
IRBT,20111215,30.46,30.54,29.71,30.42,213800
IRDM,20111215,7.71,7.74,7.49,7.53,254500
IRDMZ,20111215,1.19,1.19,1.19,1.19,0
IRIX,20111215,3.78,3.78,3.78,3.78,0
IROQ,20111215,11.25,11.25,11.25,11.25,0
IRWD,20111215,11.77,12.08,11.62,11.99,287100
ISBC,20111215,13.09,13.3,13,13.14,132400
ISCA,20111215,24.46,24.67,24.13,24.45,147300
ISHG,20111215,97.4,97.4,96.75,96.81,8100
ISIG,20111215,1.94,2.1,1.92,2.1,10400
ISIL,20111215,10.15,10.29,10.1,10.18,1307100
ISIS,20111215,6.81,6.92,6.67,6.83,769500
ISLE,20111215,4.69,4.76,4.52,4.61,75600
ISM,20111215,19.85,20.59,19.81,19.92,6800
ISNS,20111215,6.15,6.15,6.15,6.15,500
ISRG,20111215,426.46,429.61,420.84,428.35,350800
ISRL,20111215,83.56,85.53,83.56,85.53,900
ISSC,20111215,3.35,3.46,3.2,3.3,97200
ISSI,20111215,9.17,9.17,8.96,9.11,69200
ITIC,20111215,36.1,36.88,35.5,36.72,2100
ITMN,20111215,18.34,18.35,12.52,12.74,19737800
ITRI,20111215,35.3,36,34.66,34.85,530500
ITRN,20111215,13,13.28,12.92,12.97,15600
IVAC,20111215,7.32,7.52,7.16,7.43,71400
IVAN,20111215,0.89,0.91,0.87,0.87,920600
IXYS,20111215,10.72,10.87,10.61,10.79,95400
JACK,20111215,20.56,20.56,20.13,20.35,334800
JADE,20111215,2.09,2.1,1.96,2.07,111600
JAKK,20111215,17.14,17.49,16.88,17.45,149300
JASO,20111215,6.55,6.9,6.35,6.75,2345900
JAXB,20111215,3.41,3.41,3.1,3.1,2900
JAZZ,20111215,35,36.4,34.56,36.18,542300
JBHT,20111215,43.25,43.67,43.01,43.29,1054800
JBLU,20111215,5.2,5.27,5.18,5.26,5209900
JBSS,20111215,7.46,7.5,7.31,7.32,7900
JCOM,20111215,26.02,26.49,25.96,26.04,391900
JCS,20111215,14.25,14.8,13.66,14.22,22700
JCTCF,20111215,7.65,7.65,7.65,7.65,0
JDSU,20111215,9.85,9.9,9.5,9.57,5520900
JFBI,20111215,2.25,2.38,2.25,2.3,4000
JIVE,20111215,15,15.25,14.72,15.15,872100
JJSF,20111215,51.97,52.67,50.78,52.5,22900
JKHY,20111215,32.88,33.05,32.52,32.9,368000
JMBA,20111215,1.4,1.4,1.28,1.32,623700
JOBS,20111215,42.86,43.49,41.63,42.94,87700
JOEZ,20111215,0.55,0.58,0.55,0.55,73800
JOSB,20111215,49.55,50.01,49.13,49.22,188500
JOUT,20111215,16,16.21,15.75,16.2,8100
JRCC,20111215,7.04,7.1,6.57,6.59,2052800
JRJC,20111215,1.74,1.91,1.7,1.72,87300
JSM,20111215,19.49,19.54,18.95,19.18,13000
JST,20111215,8.17,8.58,8.16,8.47,30600
JVA,20111215,8.46,8.69,7.91,8.06,269600
JXSB,20111215,13.8,13.8,13.8,13.8,0
KALU,20111215,43.76,44.22,42.33,43.08,104300
KBALB,20111215,5.73,5.85,5.66,5.75,76600
KCAP,20111215,6.68,6.76,6.51,6.74,82200
KCLI,20111215,31.6,31.6,30.53,31.09,11500
KELYA,20111215,13.31,13.31,12.89,13,282200
KELYB,20111215,13.67,13.67,13.67,13.67,0
KEQU,20111215,8.15,8.24,8.15,8.15,1500
KERX,20111215,2.51,2.51,2.27,2.42,1428000
KEYN,20111215,19.7,20.47,19.61,20.14,254400
KEYW,20111215,7.25,7.25,6.97,7.05,50200
KFFB,20111215,9.13,9.13,9.13,9.13,500
KFRC,20111215,11.13,11.43,10.78,11.2,196500
KGJI,20111215,1.36,1.42,1.36,1.36,11300
KINS,20111215,3.15,3.15,3.15,3.15,0
KIOR,20111215,13.17,13.5,11.18,11.49,54900
KIPO,20111215,8.75,8.99,8.27,8.6,6000
KIPS,20111215,1.7,1.75,1.26,1.61,134300
KIRK,20111215,11.8,11.96,11.62,11.9,211000
KLAC,20111215,47.82,47.83,45.78,45.96,3274300
KLIC,20111215,8.75,9,8.67,8.76,1190500
KNDI,20111215,3.07,3.1,2.9,2.96,82700
KONA,20111215,5.31,5.79,5.29,5.64,83300
KONE,20111215,0.68,0.68,0.62,0.62,21500
KONG,20111215,4.38,4.52,4.37,4.51,16400
KOOL,20111215,0.81,0.82,0.8,0.82,45100
KOPN,20111215,4.03,4.06,3.95,4.03,172300
KOSS,20111215,5.15,5.2,5.15,5.2,6300
KRNY,20111215,9.58,9.69,9.52,9.65,22600
KSWS,20111215,2.76,2.77,2.58,2.6,203300
KTCC,20111215,4.49,4.59,4.47,4.49,15900
KTEC,20111215,13.19,13.43,12.5,13.01,4700
KTOS,20111215,5.61,5.8,5.55,5.8,221400
KUTV,20111215,1,1.01,0.98,1,9400
KVHI,20111215,7.92,7.92,7.56,7.82,40900
LABC,20111215,15.65,15.99,15.65,15.8,9900
LABL,20111215,25.17,26.01,25.17,25.68,111400
LACO,20111215,1.91,1.95,1.91,1.94,8500
LAKE,20111215,7.23,7.42,7.2,7.42,12900
LAMR,20111215,23.74,24.08,23.42,23.75,682100
LANC,20111215,69.06,70.59,68.82,70.54,89600
LARK,20111215,18.39,18.39,17.25,17.25,6500
LAWS,20111215,14.98,16.14,14.98,15.99,13100
LAYN,20111215,22.94,22.94,22.07,22.2,181700
LBAI,20111215,8.96,8.96,8.65,8.8,27100
LBIX,20111215,2.88,2.9,2.72,2.9,5700
LBTYA,20111215,38.43,39.51,37.66,39.02,1954900
LBTYB,20111215,39.37,39.37,39.37,39.37,0
LBTYK,20111215,37.14,38.03,36.87,37.68,281000
LCAV,20111215,2.76,2.78,2.66,2.71,64000
LCNB,20111215,12.75,12.75,12.75,12.75,200
LCUT,20111215,12.04,12.16,11.89,12.16,20200
LEAP,20111215,8.12,8.8,8.06,8.15,2040800
LECO,20111215,37,37.52,36.95,37.4,303000
LEDR,20111215,2.47,2.49,2.39,2.44,17600
LEDS,20111215,2.98,2.99,2.8,2.83,35500
LFUS,20111215,43.37,43.42,42.3,42.52,100200
LGCY,20111215,25.92,26.18,25.5,25.85,133700
LGND,20111215,11.27,11.5,11.12,11.43,51700
LHCG,20111215,12.58,13.03,12.52,12.89,100100
LIFE,20111215,38.75,38.97,38.26,38.39,2140900
LIME,20111215,3.2,3.2,3.07,3.16,34000
LINC,20111215,7.44,7.64,7.42,7.51,248400
LINE,20111215,36.79,37.34,36.79,37.19,746500
LINTA,20111215,15.39,15.66,15.29,15.31,2992300
LINTB,20111215,15.85,15.85,15.85,15.85,0
LION,20111215,6.09,6.09,6,6,600
LIOX,20111215,2.11,2.14,2,2.14,135300
LIVE,20111215,5.99,7.37,5.41,6.37,945300
LIWA,20111215,5.26,5.28,4.87,4.93,115000
LKFN,20111215,25.11,25.22,24.86,25.18,56900
LKQ,20111215,14.27,14.585,14.09,14.505,838200
LLEN,20111215,2.73,2.73,2.52,2.57,130300
LLNW,20111215,2.89,2.9,2.81,2.86,791700
LLTC,20111215,29.06,29.1,28.54,28.69,2128200
LMAT,20111215,5.35,5.43,5.22,5.4,41400
LMCA,20111215,73.89,74.97,73.04,73.45,771300
LMCB,20111215,74.6,74.6,74.6,74.6,0
LMIA,20111215,17.81,17.92,17.6,17.8,16200
LMNR,20111215,15.79,16.92,15.53,16.9,11500
LMNX,20111215,20.18,20.58,20.17,20.52,128300
LMOS,20111215,16.33,16.5,15.04,15.33,95200
LNBB,20111215,4.46,4.5,4.37,4.5,18000
LNCE,20111215,21.49,21.61,21.17,21.59,251900
LNDC,20111215,5.42,5.42,5.19,5.27,71100
LOAN,20111215,1.02,1.02,0.89,0.89,1300
LOCM,20111215,2.21,2.34,2.21,2.25,85300
LOGI,20111215,7.66,7.69,7.46,7.51,876900
LOGM,20111215,40.85,41.01,39.65,40.7,195600
LOJN,20111215,2.93,3.16,2.93,3.04,153300
LONG,20111215,13.58,13.89,13.27,13.51,4500
LOOK,20111215,1.3,1.31,1.26,1.26,27400
LOPE,20111215,14.22,14.55,14.16,14.5,357600
LORL,20111215,62.6,62.88,61.72,62.04,49500
LPHI,20111215,6.51,6.79,6.43,6.59,148400
LPLA,20111215,27.58,28.27,27.58,27.85,121300
LPNT,20111215,35.51,35.53,34.7,35.33,1049800
LPSB,20111215,8.19,8.2,8.1,8.2,2000
LPSN,20111215,12.87,13.13,12.75,13,233400
LPTH,20111215,1.01,1.05,0.85,0.97,44000
LQDT,20111215,37.26,37.59,36.4,37.21,260000
LRAD,20111215,1.79,1.82,1.76,1.81,71400
LRCX,20111215,38.43,38.59,35.5,36.17,21683500
LSBI,20111215,13.2,13.2,13.2,13.2,0
LSBK,20111215,9.5,9.5,9.33,9.33,3000
LSCC,20111215,5.9,5.93,5.68,5.73,662300
LSTR,20111215,46.46,47,46.11,46.4,214700
LTBR,20111215,2.31,2.4,2.3,2.32,13900
LTON,20111215,1.39,1.4,1.33,1.35,105900
LTRE,20111215,6.36,6.42,6.03,6.1,40800
LTRX,20111215,2.8,3.06,2.64,2.66,22800
LTXC,20111215,5.89,5.89,5.55,5.63,227000
LUFK,20111215,68.12,68.89,64.68,65.46,663100
LULU,20111215,44.17,45.19,42.75,45.13,3409700
LUNA,20111215,1.25,1.63,1.25,1.37,136900
LWAY,20111215,9.5,9.5,9.3,9.42,7700
LXRX,20111215,1.07,1.14,1.05,1.12,368200
LYTS,20111215,5.87,5.93,5.75,5.91,40600
MAGS,20111215,4.12,4.2,3.52,3.6,229700
MAKO,20111215,25.01,25.35,24.52,25.26,747600
MANH,20111215,44.09,44.84,43.35,43.82,116400
MANT,20111215,31.96,32.18,31.26,31.71,154600
MARPS,20111215,24,24,24,24,100
MASC,20111215,8.08,8.08,7.83,7.83,15100
MASI,20111215,19.33,19.58,19,19.1,438100
MAT,20111215,27.95,28.03,27.7,27.84,2138100
MATR,20111215,4.72,4.74,4.64,4.65,700
MATW,20111215,30.49,30.85,30.22,30.75,161000
MAXY,20111215,5.6,5.6,5.49,5.6,78400
MAYS,20111215,14.05,14.05,13.71,13.71,1000
MBFI,20111215,16.46,16.75,16.39,16.74,340900
MBLX,20111215,4.61,4.72,4.55,4.64,151300
MBND,20111215,3.25,3.32,3.23,3.32,337900
MBRG,20111215,14.29,14.3,14.25,14.25,10900
MBTF,20111215,0.96,0.99,0.9,0.93,15600
MBVT,20111215,27.62,28.16,27.36,27.95,8100
MBWM,20111215,9.6,9.95,9.5,9.51,6000
MCBC,20111215,2.09,2.18,2.01,2.06,18200
MCBI,20111215,5.56,5.7,5.45,5.45,1100
MCEP,20111215,17.75,18.05,17.25,18.05,678800
MCGC,20111215,4.14,4.17,4.04,4.15,408700
MCHP,20111215,34.03,34.18,33.65,33.8,1035100
MCHX,20111215,6.72,7.03,6.49,6.54,192400
MCOX,20111215,6.2,6.45,5.5,5.55,126000
MCRI,20111215,9.85,10.05,9.71,9.92,14300
MCRL,20111215,9.97,10.09,9.96,10.05,362300
MCRS,20111215,45.31,45.31,44.15,44.74,387600
MDAS,20111215,9.34,9.46,9.27,9.32,413500
MDCA,20111215,14.23,14.73,14.19,14.26,116200
MDCI,20111215,5.11,5.29,5.02,5.27,77100
MDCO,20111215,19.21,19.52,18.85,19.48,494200
MDH,20111215,2.31,2.44,2.29,2.44,10300
MDRX,20111215,17.65,17.75,17.08,17.38,3031800
MDSO,20111215,21.13,21.33,20.9,21.05,88000
MDVN,20111215,46.14,46.67,44.88,45.68,265100
MEAD,20111215,3.14,3.28,3.05,3.2,12000
MEAS,20111215,28.21,28.24,27.58,27.65,58900
MELA,20111215,4.36,4.4,3.91,3.97,677500
MELI,20111215,87.55,88.66,83.34,84.25,839100
MEMP,20111215,18.87,18.87,18.8,18.8,323700
MEMS,20111215,2.9,2.9,2.75,2.84,1500
MENT,20111215,12.49,12.52,12.27,12.39,970700
MEOH,20111215,21.95,22.36,21.95,22.23,234200
MERC,20111215,5.85,5.99,5.8,5.95,208300
MERU,20111215,3.87,3.89,3.3,3.51,249800
METR,20111215,8.51,8.53,8.23,8.46,40000
MFI,20111215,5.84,5.84,5.7,5.7,10500
MFLR,20111215,7.46,7.8,7.46,7.8,2500
MFLX,20111215,19.67,19.98,19.49,19.98,51200
MFNC,20111215,5,5.03,5,5,600
MFRI,20111215,6.7,6.75,6.45,6.61,10800
MFRM,20111215,22.11,23.28,22.1,22.82,159600
MFSF,20111215,6.9,6.91,6.9,6.9,6500
MGAM,20111215,7.7,7.92,7.55,7.68,144500
MGEE,20111215,44.87,45.75,44.75,45.62,45400
MGIC,20111215,5.43,5.48,5.29,5.37,137200
MGLN,20111215,48.19,48.23,47.22,47.56,152300
MGPI,20111215,5.06,5.09,4.81,4.96,20600
MGRC,20111215,27.32,27.6,27.08,27.38,95700
MGYR,20111215,2.47,2.47,2.47,2.47,100
MHGC,20111215,5.72,5.75,5.62,5.68,53300
MHLD,20111215,8.31,8.37,8.2,8.32,193000
MIDD,20111215,93,93.73,92.11,92.85,100200
MIND,20111215,20.46,20.46,19.57,19.71,201600
MINI,20111215,16.4,16.4,15.97,16.22,180700
MITK,20111215,7.66,7.72,7.22,7.29,301900
MITL,20111215,2.85,2.86,2.8,2.8,19600
MKSI,20111215,26.48,26.96,26.33,26.84,466500
MKTAY,20111215,31.4,31.4,30.82,30.83,89600
MKTG,20111215,8.55,8.71,8.42,8.57,71500
MKTX,20111215,27.37,28.64,27.09,28.26,185000
MLAB,20111215,39.99,39.99,39,39.92,1100
MLHR,20111215,20.05,20.82,19.92,20.57,406700
MLNK,20111215,5.16,5.17,5.05,5.13,181200
MLNX,20111215,32.3,32.42,31.11,31.47,265500
MLVF,20111215,6,6,6,6,0
MMLP,20111215,32.6,32.64,32.2,32.38,46600
MMSI,20111215,13.68,13.75,13.5,13.68,341000
MMUS,20111215,4.33,4.38,4.33,4.33,2400
MMYT,20111215,24.39,24.39,23.89,24.01,61800
MNDO,20111215,1.95,2.14,1.91,1.95,27900
MNGL,20111215,9.52,9.62,9.5,9.55,6000
MNGLU,20111215,10.1,10.1,10.1,10.1,0
MNKD,20111215,2.77,2.77,2.62,2.66,473600
MNOV,20111215,2.11,2.11,1.99,2.03,2200
MNRK,20111215,6.4667,6.575,6.2083,6.3667,7900
MNRO,20111215,39.59,40.09,39.16,39.56,163600
MNST,20111215,46.73,46.905,45.565,45.97,1026600
MNTA,20111215,15.84,16.22,15.73,16.14,554900
MNTG,20111215,1.8,1.9,1.78,1.82,14100
MNTX,20111215,4.27,4.64,4.15,4.22,57100
MOBI,20111215,3.88,3.88,3.45,3.49,79200
MOCO,20111215,15.49,15.72,15.48,15.62,2600
MOFG,20111215,14.29,14.44,14.25,14.31,6800
MOLX,20111215,23.35,23.35,22.65,22.74,865800
MOLXA,20111215,19.14,19.14,18.74,18.79,161300
MORN,20111215,58.66,58.66,57.72,57.8,60800
MOSY,20111215,2.98,3.01,2.93,3,181800
MOVE,20111215,5.89,6,5.63,5.95,213200
MPAA,20111215,6.87,6.95,6.7,6.75,190300
MPAC,20111215,6.48,6.48,6.48,6.48,0
MPB,20111215,7.5,7.5,7,7.22,7500
MPEL,20111215,8.91,9,8.54,8.72,4878800
MPET,20111215,1.07,1.07,0.97,0.97,288900
MPWR,20111215,13.59,13.73,13.32,13.43,236700
MRCY,20111215,13.19,13.19,12.8,12.87,98100
MRGE,20111215,4.87,5.05,4.64,4.68,1353900
MRLN,20111215,13,13.13,12.84,13.05,24300
MRTN,20111215,17.88,18.1,17.7,18.05,44000
MRVL,20111215,13.83,13.84,13.25,13.32,8414200
MSBF,20111215,5.06,5.06,4.77,4.8,3400
MSCC,20111215,16.47,16.5,16.01,16.24,626800
MSEX,20111215,18.27,18.49,18.18,18.49,28900
MSFG,20111215,8.2,8.41,8.16,8.33,47100
MSFT,20111215,25.72,25.88,25.54,25.56,46217400
MSG,20111215,29.08,29.26,28.92,28.98,173000
MSON,20111215,1.96,2,1.96,1.99,4500
MSPD,20111215,4.79,4.79,4.3,4.43,445600
MSTR,20111215,109.3,109.3,105.55,106.86,79600
MTEX,20111215,5,5,4.9,4.9,17800
MTGE,20111215,18.68,18.73,18.23,18.52,145500
MTRX,20111215,8.68,8.69,8.38,8.54,120800
MTSC,20111215,39.15,39.49,38.57,39.19,40900
MTSL,20111215,1.7,1.7,1.45,1.58,5100
MTSN,20111215,1.32,1.32,1.24,1.28,227900
MU,20111215,5.53,5.58,5.48,5.55,17194600
MVIS,20111215,2.88,3.52,2.8,2.96,1252500
MVISW,20111215,0.12,0.12,0.12,0.12,20000
MWIV,20111215,68.5,68.5,67.59,68.27,55500
MXIM,20111215,25.19,25.43,25.03,25.15,1861800
MXWL,20111215,15.01,15.42,14.89,15.3,208900
MYGN,20111215,19.48,19.64,19.39,19.44,476700
MYL,20111215,20.14,20.37,20.12,20.24,3794000
MYRG,20111215,17.99,18.27,17.43,18.09,104400
NAFC,20111215,28.9,29.1,28.55,28.89,27400
NAII,20111215,7.86,7.94,7.55,7.77,18800
NANO,20111215,17.97,17.98,17.24,17.36,282700
NASB,20111215,10.3,10.6,10.25,10.55,8900
NATH,20111215,21.07,21.1,21.03,21.1,7900
NATI,20111215,25.08,25.1,24.42,24.63,240400
NATL,20111215,25.04,25.81,24.96,25.52,8700
NATR,20111215,14.64,15.28,14.01,15,46500
NAUH,20111215,7.4,7.56,7.06,7.39,32100
NAVG,20111215,46.93,47.37,46.74,46.95,51000
NAVR,20111215,1.6,1.64,1.59,1.59,13000
NBBC,20111215,3.75,3.75,3.57,3.73,13000
NBIX,20111215,7.64,7.88,7.55,7.7,476500
NBN,20111215,12.32,12.5,12.15,12.16,2000
NBTB,20111215,21.25,21.56,21.1,21.47,192300
NBTF,20111215,19,19,18.95,18.95,900
NCBC,20111215,2.11,2.2,2.11,2.15,1400
NCIT,20111215,12.43,12.45,12.03,12.21,45600
NCMI,20111215,12.14,12.27,12.01,12.09,365500
NCTY,20111215,7.35,7.69,7.34,7.61,82200
NDAQ,20111215,24.49,24.53,24.14,24.25,1260400
NDSN,20111215,43.94,44.31,39.38,40.43,1830700
NECB,20111215,5.65,5.65,5.65,5.65,0
NEOG,20111215,34.67,35,34.08,34.24,159200
NEPT,20111215,2.58,2.66,2.48,2.65,60500
NETC,20111215,9.05,9.25,8.89,9.13,5100
NEWL,20111215,0.65,0.65,0.63,0.63,2600
NEWP,20111215,13.34,13.49,13.17,13.44,184300
NEWS,20111215,9.43,9.52,9.38,9.44,49800
NEWT,20111215,1.07,1.26,1,1.15,127400
NFBK,20111215,14.01,14.24,13.97,14.07,21600
NFEC,20111215,0.5,0.55,0.5,0.55,500
NFLX,20111215,71.6,71.96,69.4,69.72,3752700
NFSB,20111215,12.78,12.78,12.78,12.78,0
NGPC,20111215,7.62,7.68,7.55,7.6,58300
NHTB,20111215,11.55,11.78,11.54,11.65,900
NICE,20111215,32.37,32.57,31.26,31.69,716400
NICK,20111215,11.95,11.95,11.85,11.94,21900
NIHD,20111215,19.85,20.08,19.48,19.59,2619000
NILE,20111215,37.9,38.76,36.96,37.16,154200
NINE,20111215,1.25,1.29,1.25,1.29,17000
NKSH,20111215,27,27.61,26.39,27.61,18400
NKTR,20111215,5.13,5.35,5.03,5.3,1149200
NLNK,20111215,6.41,6.46,6.3,6.39,28700
NLST,20111215,2.71,2.8,2.65,2.66,286400
NMRX,20111215,7.58,7.99,7.57,7.99,10900
NNBR,20111215,5.8,5.86,5.62,5.77,66000
NOVB,20111215,9.97,10,9.86,9.86,8200
NPBC,20111215,8.27,8.28,8.13,8.26,706600
NPSP,20111215,5.98,6.18,5.98,6.12,752600
NRCI,20111215,34.55,34.75,34.07,34.67,2800
NRIM,20111215,17.28,17.28,17.1,17.1,1700
NSEC,20111215,8.65,9.44,8.49,9.44,1500
NSIT,20111215,15.03,15.22,14.9,15.04,194000
NSPH,20111215,1.32,1.34,1.21,1.28,87200
NSSC,20111215,2.16,2.18,2.12,2.14,29400
NSYS,20111215,2.76,2.87,2.75,2.75,6800
NTAP,20111215,37.54,37.66,36,36.28,5903300
NTCT,20111215,17.08,17.2,16.82,17.01,194500
NTES,20111215,46.42,47.21,45.98,46.69,596700
NTGR,20111215,35.19,35.3,34.3,34.52,172500
NTIC,20111215,12.63,12.63,12.45,12.61,300
NTK,20111215,26.47,40,26.47,28.74,6800
NTLS,20111215,20.51,20.78,20.27,20.5,73500
NTRI,20111215,12.93,13.16,12.55,12.89,552700
NTRS,20111215,39.85,39.86,39.2,39.24,1994400
NTSC,20111215,4.65,4.75,4.53,4.75,3700
NTSP,20111215,7.26,7.41,7.19,7.38,283800
NTWK,20111215,4.3,4.3,4.1,4.1,159200
NUAN,20111215,23.81,24.18,23.54,24.07,4036200
NUCL,20111215,32.1,32.13,32.1,32.13,200
NURO,20111215,8.04,8.82,8.04,8.82,800
NUTR,20111215,11.08,11.3,10.88,11.2,29200
NUVA,20111215,12.25,12.25,11.41,11.5,1435200
NVAX,20111215,1.37,1.38,1.31,1.34,488400
NVDA,20111215,13.81,13.9,13.43,13.46,10881700
NVEC,20111215,56.15,56.15,54.41,55.29,15400
NVGN,20111215,0.4,0.43,0.4,0.4,20000
NVMI,20111215,7.16,7.2,6.97,6.99,131800
NVSL,20111215,6.99,7,6.99,7,3800
NVTL,20111215,2.88,3.07,2.86,2.98,417300
NWBI,20111215,12.16,12.26,12.07,12.15,452800
NWFL,20111215,25.48,25.5,25.19,25.19,3000
NWLI,20111215,132.21,133.2,130,131.51,23800
NWPX,20111215,23.89,23.89,23.24,23.63,31500
NWS,20111215,17.83,17.83,17.57,17.58,3542100
NWSA,20111215,17.38,17.41,17.02,17.05,17172300
NXPI,20111215,15.57,15.63,15.17,15.29,2073700
NXST,20111215,7.75,7.76,7.55,7.57,119100
NXTM,20111215,17.1,17.67,17,17.52,520500
NYMT,20111215,6.95,7.24,6.95,7.1,646500
NYMX,20111215,8.37,8.37,7.99,8.06,37900
OABC,20111215,15.2,15.35,15.17,15.31,20200
OBAF,20111215,14.4,14.4,14.4,14.4,0
OBAS,20111215,5.05,5.05,4.95,5,32700
OBCI,20111215,2.04,2.04,2,2.01,14700
OCC,20111215,3.24,3.27,3,3.05,12400
OCFC,20111215,13.24,13.44,13.24,13.41,40700
OCLR,20111215,2.92,2.93,2.81,2.84,412100
OCLS,20111215,10.01,10.08,9.38,9.52,63300
OCZ,20111215,7.47,7.59,7.32,7.56,733200
ODFL,20111215,25.88,25.9867,25.4333,25.7867,224800
OFED,20111215,11.01,11.01,11.01,11.01,0
OFIX,20111215,32.24,33.1,32.24,33.04,109900
OFLX,20111215,13.41,13.99,13.41,13.5,2000
OGXI,20111215,11.37,11.42,11.01,11.14,28600
OIIM,20111215,4,4.03,3.97,4,143500
OINK,20111215,1.35,1.54,1.35,1.35,19000
OKSB,20111215,5.85,6.39,5.78,6.02,629200
OKSBP,20111215,18.5,23.25,18.1,22,31600
OLBK,20111215,7.92,7.92,7.65,7.72,1700
OMAB,20111215,13.38,13.55,13.18,13.18,65900
OMCL,20111215,16.52,16.63,15.88,16.52,199700
OMER,20111215,4.1,4.1,3.9,3.98,36100
OMEX,20111215,2.2,2.27,2.11,2.26,625100
OMPI,20111215,10.13,10.2,9.9,10.03,128200
ONCY,20111215,3.72,3.73,3.53,3.54,62100
ONEQ,20111215,100.99,101.56,100.28,100.45,4200
ONFC,20111215,8.93,9,8.9,9,2900
ONNN,20111215,7.21,7.31,7.17,7.18,4522900
ONTY,20111215,7.94,7.94,7.43,7.51,661600
ONVI,20111215,2.94,3,2.81,2.9,5700
ONXX,20111215,39.45,39.9,38.81,39.59,1294200
OPEN,20111215,38.5,39.65,37.58,38.76,932100
OPHC,20111215,0.55,0.55,0.55,0.55,0
OPLK,20111215,15.98,16.06,15.42,15.59,117700
OPOF,20111215,9.25,9.25,9.19,9.2,3500
OPTR,20111215,12.1,12.24,11.34,11.71,844000
OPTT,20111215,3.12,3.12,3.01,3.02,36000
OPXA,20111215,4.28,4.32,4.2,4.24,95600
ORBC,20111215,3.2,3.23,2.98,3.06,93300
ORBK,20111215,9.9,10.1,9.81,9.89,53600
ORBT,20111215,3.56,3.56,3.56,3.56,500
ORCL,20111215,30.14,30.2,28.81,29.03,43170300
OREX,20111215,1.56,1.6,1.45,1.51,1304300
ORIG,20111215,12.46,12.46,12,12.18,93800
ORIT,20111215,12.91,12.91,12.61,12.69,174100
ORLY,20111215,78.95,79.49,78.56,78.95,912600
ORRF,20111215,8.42,8.42,7.97,8.2,22300
OSBC,20111215,1.28,1.32,1.25,1.3,31500
OSBCP,20111215,4.07,4.07,4.07,4.07,200
OSHC,20111215,10.33,10.34,10.06,10.2,4000
OSIR,20111215,5.09,5.09,4.96,5.05,51100
OSIS,20111215,45.78,46.5,44.95,46.19,78300
OSM,20111215,20.68,21.11,20.56,21,9200
OSN,20111215,0.9,0.9,0.85,0.85,29600
OSTK,20111215,8.06,8.11,7.87,7.92,54100
OSUR,20111215,9.04,9.05,8.87,8.96,291300
OTEX,20111215,52.48,53.15,50.78,50.97,267300
OTIV,20111215,1.18,1.18,1.04,1.08,342300
OTT,20111215,14.14,14.4,14,14.11,35200
OTTR,20111215,21.49,21.49,21.01,21.19,142600
OUTD,20111215,7.14,7.17,7.08,7.14,19700
OVBC,20111215,18.27,18.7,18.27,18.27,6100
OVLY,20111215,6.58,6.58,6.58,6.58,0
OVRL,20111215,2.16,2.28,2.16,2.26,26600
OVTI,20111215,12,12,11.6,11.69,1837900
OXBT,20111215,1.95,2.09,1.9,1.9,24700
OXGN,20111215,1.06,1.06,1,1.01,438400
OXLC,20111215,13.6,13.74,13.55,13.55,8500
OZRK,20111215,28.01,28.17,27.74,28.07,160100
PAAS,20111215,22.75,22.87,21.44,21.66,1658100
PACB,20111215,2.55,2.71,2.55,2.61,447900
PACQ,20111215,9.41,9.41,9.41,9.41,0
PACQW,20111215,0.35,0.35,0.35,0.35,20100
PACR,20111215,4.73,4.8,4.7,4.72,182000
PACW,20111215,17.93,18.34,17.87,18.29,164700
PAGG,20111215,26.08,26.13,25.78,25.83,17900
PANL,20111215,34.88,35.47,33.2,33.59,1272900
PATH,20111215,1.95,1.95,1.83,1.83,33200
PATK,20111215,3.64,3.65,3.45,3.65,2500
PATR,20111215,19.71,20.43,19.71,20.08,10900
PAYX,20111215,29.51,29.57,29.24,29.35,1581600
PBCT,20111215,12.49,12.51,12.31,12.32,3270700
PBHC,20111215,9.01,9.2,8.85,8.85,500
PBIB,20111215,2.05,2.05,2,2.05,300
PBIP,20111215,4.95,5.01,4.95,4.95,2000
PBSK,20111215,10.9,10.9,10.81,10.81,15400
PCAR,20111215,36.92,37.22,36.31,36.38,2427900
PCBK,20111215,8.41,8.74,8.26,8.74,211400
PCCC,20111215,10.66,10.94,10.5,10.88,33800
PCH,20111215,30.13,30.42,29.8,30.39,308000
PCLN,20111215,450.03,452.5,438.76,445.39,1631700
PCO,20111215,2.67,2.68,2.58,2.67,232200
PCOM,20111215,7.84,7.96,7.75,7.76,50100
PCRX,20111215,8.22,8.28,8.1,8.17,309700
PCTI,20111215,6.8,6.85,6.65,6.66,6000
PCYC,20111215,14,14.34,13.86,14.26,1204800
PCYO,20111215,1.94,1.97,1.9,1.93,6400
PDCO,20111215,28.96,29.12,28.46,28.57,399200
PDEX,20111215,2.19,2.2,2.08,2.12,5000
PDFS,20111215,6.43,6.45,6.37,6.41,64200
PDII,20111215,6.44,6.51,6.05,6.06,19900
PDLI,20111215,6.07,6.1,5.87,5.93,3054300
PEBK,20111215,5.5,5.61,5.34,5.48,15700
PEBO,20111215,14.71,14.77,14.31,14.75,22100
PEGA,20111215,30.69,30.7,29.94,30.3,256200
PEIX,20111215,1,1,0.84,0.86,12326600
PENN,20111215,35.35,35.92,35.22,35.58,585900
PENX,20111215,5,5,4.93,4.95,4500
PEOP,20111215,13.64,13.74,13.4,13.69,5600
PERF,20111215,17.83,19,17.83,18.38,3800
PERI,20111215,3.94,3.98,3.82,3.95,45400
PERY,20111215,13.66,13.77,13.15,13.34,249400
PESI,20111215,1.56,1.58,1.55,1.58,69000
PETM,20111215,48.91,49.05,48.4,48.71,700500
PETS,20111215,9.74,9.93,9.62,9.91,170100
PFBC,20111215,7.36,7.51,7.36,7.51,3300
PFBI,20111215,4.8,4.8,4.61,4.73,13300
PFBX,20111215,10.16,10.16,10.16,10.16,0
PFIN,20111215,3.5,3.5,3.5,3.5,0
PFLT,20111215,10.62,10.71,10.31,10.58,30300
PFSW,20111215,2.33,2.59,2.24,2.34,163600
PGC,20111215,10.09,10.2,10.05,10.12,5500
PGNX,20111215,7.51,7.51,7.03,7.06,233200
PGTI,20111215,1.07,1.07,1.01,1.04,31200
PHII,20111215,21.03,21.47,20.99,21.47,1100
PHIIK,20111215,23.12,23.59,22.8,23.48,15600
PHMD,20111215,15.65,15.75,15.4,15.75,2500
PICO,20111215,21.25,21.35,20.75,20.8,129900
PKBK,20111215,5.68,5.69,5.68,5.69,4800
PKOH,20111215,19.61,19.61,19.03,19.39,23600
PLAB,20111215,5.91,5.97,5.72,5.77,776500
PLBC,20111215,2.45,2.45,2.3,2.32,900
PLCC,20111215,0.69,0.69,0.69,0.69,1300
PLCE,20111215,55.75,56.05,55.01,55.52,501000
PLCM,20111215,16.14,16.26,15.99,16.1,2230500
PLMT,20111215,5.82,6,5.82,5.85,1400
PLNR,20111215,1.86,1.95,1.86,1.95,9600
PLPC,20111215,54.13,57.17,52.87,57.17,8300
PLTM,20111215,18.01,18.01,17.7,17.77,3400
PLUG,20111215,2.14,2.16,2.05,2.1,75600
PLUS,20111215,28.5,28.5,27.84,28.26,5800
PLXS,20111215,27.36,27.68,27.08,27.42,167100
PLXT,20111215,2.52,2.82,2.52,2.76,190400
PMBC,20111215,3.24,3.34,3.24,3.29,7000
PMCS,20111215,5.1,5.13,4.95,4.98,2603200
PMD,20111215,8.65,8.77,8.55,8.55,8300
PMFG,20111215,19.94,20.25,18.8,19.32,77700
PMNA,20111215,10.72,10.73,10.58,10.58,800
PMTC,20111215,19.51,19.77,19.29,19.68,1517200
PMTI,20111215,8.27,8.35,8.13,8.32,82900
PNBK,20111215,1.75,1.77,1.75,1.77,2300
PNFP,20111215,15.05,15.18,14.94,15.13,229400
PNNT,20111215,10.31,10.33,10.18,10.25,271500
PNQI,20111215,33.99,33.99,33.64,33.78,8600
PNRA,20111215,132.75,136.47,131.79,135.18,428100
PNRG,20111215,20.3,21.95,20.3,21.18,3600
PNTR,20111215,3.59,3.59,3.59,3.59,0
PODD,20111215,18.14,18.14,17.56,17.66,381900
POOL,20111215,28.85,28.94,28.41,28.59,168100
POPE,20111215,42.98,43,42.52,43,1500
POWI,20111215,33.25,33.83,32.43,32.76,202200
POWL,20111215,31.79,31.79,30.67,30.97,27700
POWR,20111215,5.4,5.47,5.02,5.11,57000
POZN,20111215,3.93,3.95,3.85,3.94,76500
PPBI,20111215,6.2,6.2,6.11,6.15,15300
PPHM,20111215,0.99,1.04,0.95,0.96,887000
PRAA,20111215,68.52,68.52,64.53,64.87,95300
PRAN,20111215,1.47,1.55,1.47,1.49,41200
PRCP,20111215,5.01,5.1,5,5,6700
PRFT,20111215,8.01,8.15,7.91,8.11,177900
PRFZ,20111215,58.31,58.46,57.88,58.12,36400
PRGO,20111215,97.02,97.59,96.36,96.97,696200
PRGS,20111215,20.82,20.91,20.39,20.46,216700
PRGX,20111215,6.01,6.04,5.92,6,34900
PRIM,20111215,14.65,14.8,14.33,14.71,129200
PRKR,20111215,0.93,0.93,0.87,0.89,107900
PRLS,20111215,3.52,3.95,3.52,3.61,12000
PRMW,20111215,2.89,2.89,2.5,2.65,834300
PROV,20111215,9.34,9.35,9.2,9.28,26000
PRPH,20111215,1.11,1.13,1.11,1.13,2800
PRSC,20111215,13.62,13.62,13.05,13.3,54200
PRTS,20111215,4.89,5.01,4.85,5,113600
PRXI,20111215,1.63,1.65,1.62,1.62,108800
PRXL,20111215,18.8,19.31,18.74,19.19,307100
PSAU,20111215,40.25,40.25,39.64,39.64,2500
PSBH,20111215,4.5,4.5,4.5,4.5,0
PSCC,20111215,30.12,30.21,30,30.14,4700
PSCD,20111215,26.25,26.33,26.11,26.22,7900
PSCE,20111215,32.79,32.79,32.04,32.2,18100
PSCF,20111215,25.69,25.95,25.69,25.88,2000
PSCH,20111215,30.61,30.99,30.57,30.88,21300
PSCI,20111215,26.21,26.34,26.21,26.3,700
PSCM,20111215,24.7,24.7,24.7,24.7,0
PSCT,20111215,27.24,27.33,27.21,27.22,5200
PSCU,20111215,30.07,30.24,30.03,30.24,1900
PSDV,20111215,1.17,1.2,1.17,1.17,39500
PSEC,20111215,9.2,9.24,9.09,9.14,776300
PSEM,20111215,7.94,7.94,7.62,7.72,81300
PSMT,20111215,65.75,66.7,64.56,66.1,147400
PSTB,20111215,3.86,3.86,3.69,3.8,68800
PSTI,20111215,2.68,2.7,2.57,2.65,61200
PSTR,20111215,2.5,2.54,2.42,2.5,62700
PSUN,20111215,1.71,1.73,1.61,1.64,679000
PTEK,20111215,0.64,0.68,0.64,0.64,7100
PTEN,20111215,18.49,18.59,18.03,18.23,3785900
PTIE,20111215,3.96,3.96,3.83,3.91,105400
PTIX,20111215,1.77,1.77,1.75,1.76,15700
PTNR,20111215,9.05,9.1,8.92,8.94,153900
PTRY,20111215,10.82,10.97,10.75,10.83,228900
PTSI,20111215,9.31,9.53,9.3,9.35,1600
PTSX,20111215,1.1,1.1,1.02,1.1,5400
PULB,20111215,7,7.04,6.89,6.93,1400
PURE,20111215,0.47,0.47,0.45,0.45,57000
PVFC,20111215,1.66,1.72,1.61,1.72,6300
PVTB,20111215,9.53,9.72,9.32,9.62,574700
PVTBP,20111215,25.92,26,25.87,26,6200
PWER,20111215,3.93,3.97,3.79,3.85,1520800
PWOD,20111215,37.58,37.58,36.82,37,3700
PWRD,20111215,10.79,11.34,10.76,11.22,656700
PWX,20111215,12,12,11.81,11.81,1000
PXLW,20111215,2.33,2.49,2.3,2.4,206800
PZZA,20111215,36.86,37,36.44,36.75,150700
PZZI,20111215,5.49,5.75,5.3,5.65,262300
QABA,20111215,22.33,22.33,22.14,22.24,2100
QADA,20111215,10.94,11.22,10.78,10.9,18300
QADB,20111215,10.28,10.73,10.28,10.63,5200
QBAK,20111215,1.82,1.9,1.82,1.85,6500
QCCO,20111215,4.02,4.02,3.9,3.97,700
QCLN,20111215,9.33,9.37,9.24,9.25,2900
QCOM,20111215,53.75,53.77,52.19,52.55,11704100
QCOR,20111215,43.51,43.68,42.33,43.44,757200
QCRH,20111215,8.55,8.67,8.5,8.65,5800
QDEL,20111215,16.06,16.06,15.61,15.9,333700
QGEN,20111215,13.79,13.86,13.59,13.62,2387700
QKLS,20111215,18.96,19.92,18.24,18.48,35700
QLGC,20111215,14.56,14.74,14.5,14.63,1164900
QLIK,20111215,27.37,27.44,26.54,26.96,731700
QLTI,20111215,6.5,6.58,6.36,6.5,334200
QLTY,20111215,9.63,9.88,9.62,9.86,63300
QNST,20111215,9.19,9.5,9.19,9.5,166100
QQEW,20111215,22.54,22.57,22.47,22.47,8100
QQQ,20111215,55.36,55.42,54.66,54.74,58732800
QQQC,20111215,13.5,13.5,13.5,13.5,0
QQQX,20111215,13.05,13.05,12.69,12.82,58700
QQXT,20111215,20.43,20.5,20.43,20.5,700
QSII,20111215,34.5,34.98,33.08,34.19,983900
QTEC,20111215,23.73,23.73,23.35,23.37,58000
QTWW,20111215,1.17,1.25,1.14,1.17,270300
QUIK,20111215,2.79,2.8,2.55,2.62,127100
RADA,20111215,1.86,1.97,1.73,1.97,3900
RAIL,20111215,20.32,20.72,20.09,20.61,68800
RAND,20111215,2.75,3,2.75,3,1500
RAVN,20111215,29.15,29.54,28.715,29.475,31000
RBCAA,20111215,22.89,23.33,22.4,22.72,71300
RBCN,20111215,9.6,9.98,9.52,9.89,287700
RBNF,20111215,3.15,3.2,3.15,3.18,2600
RBPAA,20111215,1.56,1.56,1.3,1.39,3300
RCII,20111215,35.34,35.6,34.62,35.05,605900
RCKB,20111215,10.42,10.42,10.32,10.38,61200
RCKY,20111215,8.88,9.11,8.8,8.81,14600
RCMT,20111215,5.27,5.27,5.04,5.15,15200
RCON,20111215,0.48,0.48,0.41,0.41,2300
RDA,20111215,10.07,10.44,9.99,10.31,30700
RDCM,20111215,4.29,4.39,4.29,4.38,700
RDEN,20111215,34.81,35.49,34.72,35.02,93500
RDI,20111215,4.2,4.2,4.11,4.18,24300
RDIB,20111215,5.5,5.5,5.5,5.5,0
RDNT,20111215,2.26,2.26,2.14,2.21,71800
RDWR,20111215,14.595,14.905,14.5,14.805,219900
RECN,20111215,10.02,10.41,9.86,9.98,174200
RECV,20111215,4.1,4.25,4.05,4.25,1800
REDF,20111215,7.5,7.7,7.11,7.23,543000
REFR,20111215,3.19,3.58,3.19,3.36,68300
REGN,20111215,52.05,52.83,51.33,51.95,761800
REIS,20111215,8.99,9.08,8.99,9,6700
RELL,20111215,12.4,12.46,11.98,12.04,41800
RELV,20111215,1.2,1.32,1.2,1.25,4400
RENT,20111215,13.92,14.22,13.7,14.04,50700
REXI,20111215,4.75,4.75,4.67,4.68,14300
REXX,20111215,13.83,14.04,13.55,13.76,774000
RFIL,20111215,3.7,3.74,3.53,3.62,8300
RFMD,20111215,5.23,5.34,5.13,5.13,5175300
RGCO,20111215,17.82,17.82,17.51,17.67,3500
RGDX,20111215,1.42,1.46,1.2,1.44,15300
RGEN,20111215,3.34,3.34,3.22,3.22,21300
RGLD,20111215,71.26,71.64,69,69.12,882800
RICK,20111215,8.32,8.6,8.17,8.46,53000
RIGL,20111215,7.54,7.6,7.34,7.47,248400
RIMG,20111215,11.32,11.32,11.19,11.21,58000
RITT,20111215,4.69,4.92,4.26,4.47,70700
RIVR,20111215,15.91,15.91,15.91,15.91,0
RJET,20111215,3.97,4.13,3.82,3.9,429600
RLOC,20111215,7.54,7.6,7.08,7.16,158100
RLOG,20111215,6.41,6.41,6.41,6.41,100
RMBS,20111215,7.24,7.34,7.08,7.14,1293200
RMCF,20111215,8.6,8.8,8.6,8.76,14800
RMKR,20111215,0.54,0.57,0.53,0.55,16500
RMTI,20111215,7.61,7.76,7.43,7.55,52000
RNET,20111215,15.57,15.89,15.17,15.67,19500
RNIN,20111215,5.8,6.3,5.8,6.1,12900
RNST,20111215,14.7,14.88,14.28,14.85,65200
RNWK,20111215,7.56,7.61,7.45,7.51,58500
ROCK,20111215,14.16,14.25,13.77,13.82,142800
ROCM,20111215,6.96,7.53,6.91,7.32,53800
ROIA,20111215,1.06,1.06,1.05,1.05,1100
ROIAK,20111215,1.1,1.1,1.02,1.02,38200
ROIC,20111215,11.47,11.5,11.35,11.47,392800
ROICW,20111215,0.68,0.69,0.68,0.69,13400
ROLL,20111215,40.42,40.77,39.85,40.4,61100
ROMA,20111215,9.95,9.95,9.12,9.67,13100
ROSE,20111215,41.96,42.31,40.94,41.56,758800
ROSG,20111215,3.75,4.2,3.75,3.9,27000
ROST,20111215,46.785,46.915,46.325,46.41,843900
ROVI,20111215,24.74,24.77,24.19,24.39,2202100
ROYL,20111215,4.45,4.55,4.3,4.3,365000
RP,20111215,25.16,25.32,24.49,25.18,128400
RPRX,20111215,4.87,4.87,4.7,4.8,142600
RPTP,20111215,6.3,6.58,6.2,6.41,670000
RPXC,20111215,12.81,13.25,12.81,13.2,106000
RRD,20111215,14.07,14.16,13.88,14.03,1736500
RRGB,20111215,28.15,28.36,27.78,28.03,101000
RRST,20111215,4.11,4.24,3.95,3.95,5800
RSOL,20111215,1.02,1.16,1.02,1.08,45600
RSTI,20111215,22.06,22.38,21.73,22.07,114000
RSYS,20111215,5.17,5.17,4.99,5.06,148300
RTEC,20111215,8.49,8.5,8.23,8.38,211100
RTIX,20111215,4.63,4.79,4.49,4.58,288400
RUE,20111215,22.06,22.37,21.48,21.6,149900
RUSHA,20111215,18.84,18.89,18.49,18.78,56800
RUSHB,20111215,15.29,15.41,15.22,15.38,1200
RUTH,20111215,5.09,5.1,4.89,5.04,105200
RVBD,20111215,24.17,24.19,23,23.34,3659500
RVSB,20111215,2.22,2.25,2.2,2.2,5300
RYAAY,20111215,29.56,30.07,29.56,29.77,145300
SAAS,20111215,4.67,4.71,4.62,4.65,1005100
SAFM,20111215,50.33,51.73,50.33,51.51,243300
SAFT,20111215,39.73,40.07,39.32,39.89,26200
SAIA,20111215,12.65,13.06,12.52,12.82,49200
SALM,20111215,2.39,2.4,2.38,2.4,11000
SANM,20111215,8.71,8.9,8.53,8.82,612700
SANW,20111215,4.5,4.69,4.48,4.68,5800
SANWW,20111215,0.6,0.6,0.6,0.6,0
SANWZ,20111215,0.23,0.23,0.23,0.23,0
SAPE,20111215,11.68,11.79,11.53,11.6,717900
SASR,20111215,17.7,17.97,17.38,17.86,47100
SATS,20111215,21.54,21.62,20.86,20.86,354000
SAVE,20111215,15.59,15.8,15.44,15.57,285900
SBAC,20111215,40.06,40.28,39.78,40.02,734200
SBBX,20111215,4.5,4.51,4.5,4.5,1500
SBCF,20111215,1.49,1.53,1.42,1.52,152700
SBGI,20111215,10.57,10.73,10.37,10.55,655800
SBLK,20111215,15.15,15.15,14.85,15,334700
SBNY,20111215,57.82,58.1,57.24,57.74,292300
SBNYW,20111215,34.12,34.12,34.12,34.12,0
SBRA,20111215,10.74,10.96,10.66,10.9,418000
SBSA,20111215,2.09,2.09,2.05,2.05,13800
SBSI,20111215,21.8,22.04,21.64,21.73,94300
SBUX,20111215,43.36,43.73,43.15,43.4,5371500
SCBT,20111215,28.08,28.69,27.79,28.36,29100
SCHL,20111215,26.86,27.31,25.96,26.75,497000
SCHN,20111215,44.86,45.41,43.93,44.8,188700
SCLN,20111215,4.46,4.56,4.39,4.51,123800
SCMP,20111215,4.28,4.28,4.04,4.12,16200
SCOK,20111215,2.69,2.7,2.43,2.43,45700
SCON,20111215,15.36,15.72,14.52,14.64,51400
SCOR,20111215,19.34,19.42,18.8,19.09,83000
SCSC,20111215,33.25,33.65,32.8,33.09,79700
SCSS,20111215,19.23,19.23,18.54,18.8,825600
SCVL,20111215,15.7267,15.8667,15.4867,15.6867,48400
SDBT,20111215,2.15,2.21,2.15,2.15,49800
SDIX,20111215,1.65,1.67,1.56,1.56,16000
SEAC,20111215,7.35,7.5,7.18,7.3,97500
SEED,20111215,2.51,2.55,2.47,2.47,14700
SEIC,20111215,16.05,16.16,15.85,16.01,866000
SENEA,20111215,24.72,25.26,24.42,24.92,38900
SENEB,20111215,24.75,24.75,24.75,24.75,700
SEV,20111215,5.32,5.53,5.03,5.15,1400
SFLY,20111215,24.41,25.13,23.54,23.71,1786500
SFNC,20111215,26.9,27.26,26.38,26.94,26900
SFST,20111215,7,7,7,7,100
SGC,20111215,12.07,12.67,12.07,12.53,3300
SGEN,20111215,16.8,16.89,16.05,16.13,1938800
SGI,20111215,11.75,12.07,11.23,11.34,794900
SGMA,20111215,3.5,3.51,3.46,3.51,1200
SGMO,20111215,2.79,2.87,2.68,2.7,280500
SGMS,20111215,8.44,8.64,8.19,8.23,645700
SGNT,20111215,21.38,22.38,20.45,22.03,93600
SGOC,20111215,1.61,1.61,1.56,1.57,2500
SGRP,20111215,1.01,1.02,1.01,1.02,200
SGYPU,20111215,8.12,8.3,8.1,8.3,16200
SGYPW,20111215,0.55,0.55,0.55,0.55,25000
SHBI,20111215,5.01,5.31,5.01,5.15,5300
SHEN,20111215,10.97,11.12,10.8,10.98,64500
SHFL,20111215,11.56,11.6,11.45,11.52,233100
SHIP,20111215,2.41,2.75,2.41,2.74,1900
SHLD,20111215,53.75,54.48,50.2,50.37,1342300
SHLM,20111215,20.99,21.21,20.86,21.19,242900
SHLO,20111215,8.52,8.62,8.33,8.62,8000
SHOO,20111215,33.08,33.29,32.07,32.98,389800
SHOR,20111215,5.76,6.18,5.76,6.14,216800
SIAL,20111215,62.56,62.62,61.53,62.35,485200
SIBC,20111215,10.62,10.64,10.6,10.6,1100
SIEB,20111215,1.46,1.46,1.46,1.46,0
SIFI,20111215,9.46,9.46,9.36,9.42,4400
SIFY,20111215,4.06,4.15,3.8,3.8,459800
SIGA,20111215,2.33,2.39,2.17,2.2,489500
SIGI,20111215,17.35,17.47,17.17,17.37,154600
SIGM,20111215,5.95,5.99,5.79,5.83,217400
SILC,20111215,17.55,17.69,17.42,17.46,11900
SIMG,20111215,4.53,4.65,4.49,4.52,577000
SIMO,20111215,19.51,19.75,19.23,19.63,437200
SINA,20111215,54.7,55.49,52.11,52.8,4741700
SINO,20111215,2.35,2.54,2.2,2.31,19300
SIRI,20111215,1.79,1.82,1.76,1.78,26881100
SIRO,20111215,42.06,42.42,41.85,42,298100
SIVB,20111215,45.59,45.74,44.54,44.82,382600
SIVBO,20111215,25.24,25.24,25.24,25.24,0
SKBI,20111215,2.73,2.73,2.73,2.73,100
SKUL,20111215,12.46,12.99,12,12.43,302400
SKYW,20111215,12.2,12.5,12.02,12.36,181700
SKYY,20111215,17.59,17.59,17.28,17.3,14300
SLAB,20111215,41.23,41.24,40.59,40.99,262200
SLGN,20111215,37.44,37.95,37.08,37.88,102700
SLM,20111215,13.2,13.44,13.18,13.28,4008600
SLMAP,20111215,39.75,40.1,39.75,39.75,3300
SLMBP,20111215,39.3,39.3,39.3,39.3,0
SLP,20111215,3.03,3.05,3,3,4700
SLRC,20111215,21.75,21.94,21.52,21.62,280500
SLTC,20111215,3,3,2.96,2.96,2900
SLTM,20111215,2.98,3.02,2.88,3.02,351900
SLXP,20111215,44,44.63,43.29,44.07,700500
SMBC,20111215,21.15,22,21.1,22,1800
SMCI,20111215,14.77,14.87,14.31,14.78,148500
SMED,20111215,4.16,4.24,4.11,4.2,65600
SMIT,20111215,3.3,3.3,3.3,3.3,0
SMMF,20111215,3.35,3.35,3.35,3.35,100
SMRT,20111215,6.47,6.49,6.33,6.4,90400
SMSI,20111215,1.1,1.11,1.08,1.1,408600
SMT,20111215,4.36,4.36,4.09,4.16,141800
SMTC,20111215,23.02,23.02,22.6,22.86,533800
SMTX,20111215,2.6,2.71,2.56,2.6,23400
SNAK,20111215,3.92,3.93,3.7,3.8,65500
SNBC,20111215,2.4,2.41,2.31,2.37,83300
SNCR,20111215,29.55,30.54,29.36,30.42,519500
SNDK,20111215,48.83,49.05,47.7,47.95,3419000
SNFCA,20111215,1.35,1.37,1.2,1.2,30200
SNHY,20111215,21.56,22.18,21.25,22.16,83800
SNMX,20111215,3.86,3.86,3.67,3.77,88400
SNPS,20111215,27.04,27.09,26.59,26.73,698500
SNSS,20111215,1.23,1.26,1.2,1.25,84000
SNTA,20111215,4.86,4.86,4.63,4.73,160700
SNTS,20111215,3.16,3.19,3.06,3.18,200300
SOCB,20111215,1.38,1.41,1.38,1.4,3100
SOCL,20111215,13.06,13.06,13.06,13.06,200
SODA,20111215,31.88,32.23,29.74,30.9,1267600
SOFO,20111215,7.85,7.85,7.5,7.5,3000
SOHU,20111215,46.5,47.05,45.4,46.38,1381500
SOMH,20111215,7.62,7.62,7.62,7.62,0
SONA,20111215,6.05,6.05,6,6,24800
SONC,20111215,6.8,6.84,6.68,6.72,399700
SONS,20111215,2.41,2.44,2.36,2.4,1070100
SORL,20111215,2.67,2.79,2.63,2.65,26400
SOXX,20111215,48.41,48.63,47.39,47.57,146100
SPAN,20111215,13.54,14.15,13.5,14.15,900
SPAR,20111215,4.96,5.02,4.88,4.98,94300
SPBC,20111215,10.02,10.4,9.91,10,3600
SPCHA,20111215,1.66,1.66,1.66,1.66,0
SPCHB,20111215,2.28,2.28,2.28,2.28,100
SPEX,20111215,24.4,26,24,24.8,41500
SPIL,20111215,4.2,4.24,4.15,4.19,1123700
SPIR,20111215,0.75,0.75,0.7,0.7,3700
SPLS,20111215,14.34,14.41,13.99,14.02,11047800
SPMD,20111215,2.58,4.24,2.58,3.1,1167000
SPNC,20111215,7.31,7.34,7.04,7.15,101900
SPNS,20111215,2.79,2.89,2.72,2.8,7400
SPPI,20111215,13.81,14.11,13.61,14.01,1324300
SPPR,20111215,0.7,0.71,0.68,0.68,30600
SPPRO,20111215,20.76,20.8,19.88,20.25,1800
SPPRP,20111215,7,7.01,6.98,6.98,2400
SPRD,20111215,19.44,19.8,18.91,19.51,709100
SPRO,20111215,1.77,1.94,1.77,1.94,200
SPRT,20111215,1.96,1.96,1.87,1.9,199200
SPSC,20111215,25.65,25.94,25.23,25.57,179800
SPTN,20111215,18.01,18.3,17.93,18.19,59800
SPU,20111215,1.72,1.8,1.69,1.73,41000
SPWR,20111215,5.49,5.49,5.19,5.29,966600
SQI,20111215,14.88,15.01,14.63,15,87900
SQNM,20111215,3.74,3.84,3.66,3.67,1395600
SQQQ,20111215,82.28,85.64,82.16,85.28,1617700
SRCE,20111215,24.21,24.48,24.09,24.38,19100
SRCL,20111215,77.38,77.55,76.04,76.22,500900
SRDX,20111215,13.33,13.34,13.1,13.21,34200
SREV,20111215,13.94,13.99,13.19,13.89,506800
SSBI,20111215,5.42,5.55,5.38,5.42,2700
SSFN,20111215,5.17,5.6,5.17,5.5,2200
SSNC,20111215,16.6,17.06,16.52,16.87,227100
SSRI,20111215,13.36,13.4,12.51,12.8,2996200
SSRX,20111215,10.26,10.33,9.98,10.05,115600
SSYS,20111215,29.26,29.5,28.48,28.9,138300
STAA,20111215,11.7,11.7,11.29,11.38,252600
STAN,20111215,17.94,18.08,17.54,17.65,28000
STB,20111215,6.25,6.3,6.17,6.2,45600
STBA,20111215,19.2,19.37,18.9,19.29,54100
STBZ,20111215,15.59,15.73,15.33,15.5,131000
STEC,20111215,9.33,9.48,9.19,9.3,670400
STEI,20111215,5.52,5.57,5.42,5.5,397700
STEL,20111215,11.85,11.85,11.46,11.58,79200
STEM,20111215,1.59,1.67,1.38,1.4,310900
STFC,20111215,12.6,12.76,12.4,12.68,35000
STKL,20111215,5.1,5.17,5.01,5.02,62900
STLD,20111215,12.37,12.45,12.12,12.35,2226200
STLY,20111215,3,3.1,2.95,3.1,26700
STMP,20111215,24.42,24.63,23.92,24.21,212700
STND,20111215,14.9,15.05,14.85,14.85,1100
STNR,20111215,44.35,46.05,41.86,45.7,56900
STRA,20111215,89.76,91.48,89.41,90.83,121000
STRL,20111215,11,11.44,10.92,11.4,67900
STRM,20111215,1.57,1.57,1.5,1.52,5400
STRN,20111215,5.03,5.32,4.98,5.18,7400
STRS,20111215,7.19,7.58,7.17,7.58,1200
STRT,20111215,21.14,21.62,21.03,21.62,900
STSA,20111215,16.37,16.5,15.93,16,64000
STX,20111215,15.63,15.84,15.36,15.38,6550400
STXS,20111215,9.1,9.4,8.9,9,202600
SUBK,20111215,9.19,9.21,8.88,8.98,53000
SUMR,20111215,7.03,7.12,6.94,7,29700
SUNS,20111215,16.5,16.5,16.07,16.25,27600
SUPX,20111215,17.89,17.98,17.42,17.87,29600
SURG,20111215,6.34,6.4,6.22,6.36,87200
SUSQ,20111215,7.61,7.93,7.59,7.9,2142800
SUTR,20111215,1.12,1.13,1.1,1.1,19300
SVA,20111215,2.29,2.29,2.11,2.17,107700
SVBI,20111215,2.4,2.4,2.4,2.4,2600
SVNT,20111215,2.1,2.14,2.04,2.04,990200
SVVC,20111215,14.47,14.71,14.42,14.42,4300
SWHC,20111215,3.81,3.95,3.8,3.89,813800
SWIR,20111215,6.52,6.52,6.35,6.37,27300
SWKS,20111215,14.67,14.93,14.22,14.29,4359800
SWSH,20111215,3.46,3.58,3.42,3.45,599500
SYBT,20111215,20.57,20.58,20.32,20.52,11300
SYBTP,20111215,11.25,11.25,11.25,11.25,0
SYKE,20111215,14.94,15.17,14.75,15.01,368600
SYMC,20111215,15.57,15.61,15.23,15.36,6104000
SYMM,20111215,5.3,5.45,5.19,5.4,88400
SYMX,20111215,1.56,1.6,1.52,1.52,54200
SYNA,20111215,31.02,31.42,30.42,30.61,574100
SYNL,20111215,10.03,10.45,10.01,10.17,8300
SYNM,20111215,10.8,10.8,9.9,9.9,653800
SYNT,20111215,46.47,46.81,44.76,45.26,215700
SYPR,20111215,4.24,4.24,4.04,4.04,5300
SYUT,20111215,4.79,4.88,4.52,4.61,30500
SZYM,20111215,11.19,11.25,10.98,11.05,288300
TACT,20111215,6.7,7.19,6.61,6.95,34400
TAIT,20111215,1.02,1.02,1,1,6800
TASR,20111215,5.82,5.83,5.66,5.68,518900
TAST,20111215,10.41,10.74,10.37,10.66,81700
TATT,20111215,4.33,4.33,4.25,4.25,700
TAXI,20111215,11.5,11.55,11.15,11.41,70900
TAYC,20111215,8.13,8.13,7.78,7.9,23000
TAYCP,20111215,22.82,22.82,22.82,22.82,200
TAYD,20111215,7,7,6.66,6.85,5800
TBAC,20111215,1.05,1.05,0.9,0.99,12100
TBBK,20111215,7.71,7.71,7.51,7.56,60700
TBNK,20111215,19.86,19.94,19.65,19.74,59000
TBOW,20111215,1.88,2,1.88,1.88,3800
TCBI,20111215,28.02,28.36,27.64,28.34,256000
TCBIW,20111215,16.9,16.98,16.9,16.9,10000
TCBK,20111215,14.6,14.7,14.2,14.5,28100
TCCO,20111215,7.71,7.85,7.58,7.7,5300
TCRD,20111215,11.52,11.56,11.37,11.56,58700
TEAR,20111215,1.22,1.33,1.18,1.2,51400
TECD,20111215,49.79,49.91,48.89,48.99,460100
TECH,20111215,65.05,65.91,63.75,65.56,114700
TECUA,20111215,5.02,5.06,4.57,4.83,37600
TECUB,20111215,4.85,4.85,4.5,4.71,2500
TELK,20111215,7.8,7.8,7.2,7.5,177800
TESO,20111215,12.25,12.25,11.15,11.23,187500
TESS,20111215,13.95,13.95,13.74,13.74,2700
TFCO,20111215,2.89,2.91,2.81,2.81,4100
TFM,20111215,40.89,40.89,38.74,40.42,428600
TFSL,20111215,8.88,8.93,8.77,8.77,712800
TGA,20111215,6.96,6.99,6.8,6.87,48800
TGE,20111215,6.77,6.95,6.65,6.84,99200
THFF,20111215,33.1,33.33,32.49,33.32,14400
THLD,20111215,1.28,1.31,1.25,1.27,51000
THOR,20111215,29.9,30.48,29.68,30.44,809600
THRD,20111215,22.19,22.49,22.19,22.49,4600
THRX,20111215,22.4,22.57,21.99,22.08,173700
THTI,20111215,0.9,0.9,0.87,0.89,800
TIBX,20111215,23.2,23.8,23.11,23.6,4190500
TICC,20111215,8.6,8.64,8.36,8.44,209900
TIGR,20111215,2.1,2.12,2.1,2.12,5100
TINY,20111215,3.65,3.67,3.52,3.66,106800
TISA,20111215,2.13,2.13,2.1,2.13,14000
TITN,20111215,21.03,21.37,20.29,20.42,282500
TIVO,20111215,9.27,9.32,9.06,9.06,2152700
TKMR,20111215,1.62,1.67,1.6,1.6,6100
TLAB,20111215,3.83,3.9,3.8,3.9,5589400
TLF,20111215,4.7,4.7,4.7,4.7,900
TMNG,20111215,1.63,1.63,1.48,1.52,1800
TNAV,20111215,8.1,8.2,8.01,8.09,130300
TNGO,20111215,14.62,15.79,13.77,14.49,599700
TOFC,20111215,8,8.34,8,8.25,1900
TOPS,20111215,2.44,2.45,2.07,2.17,21000
TORM,20111215,15,15.2,14.94,15.19,1500
TOWN,20111215,12.66,12.7,12.41,12.61,80300
TPGI,20111215,3.1,3.18,3.06,3.15,22000
TQNT,20111215,4.53,4.6,4.4,4.42,3582300
TQQQ,20111215,33.06,33.1,31.77,31.93,1602100
TRAK,20111215,26.76,26.86,26.45,26.75,328800
TREE,20111215,5.45,5.55,5.45,5.5,9200
TRGT,20111215,7.86,7.98,7.65,7.73,505900
TRIB,20111215,10.47,10.5,10.37,10.4,27000
TRIT,20111215,4.24,4.34,4.2,4.3,33000
TRLG,20111215,33.93,34.04,33.09,33.7,107200
TRMB,20111215,21.62,21.62,21.11,21.335,478700
TRMD,20111215,7,7.4,6.6,7.4,1400
TRMK,20111215,22.5,22.7,22.07,22.61,455200
TRNS,20111215,11.55,11.55,11.55,11.55,0
TRNX,20111215,17.85,18.25,17.7,18.15,60800
TROW,20111215,54.83,55,53.92,54,1708700
TRS,20111215,17.25,17.37,16.81,17.17,118600
TRST,20111215,5.31,5.38,5.28,5.35,256200
TSBK,20111215,3.69,4,3.69,3.9,1000
TSCO,20111215,71.31,72.18,70.98,71.5,790600
TSEM,20111215,9.6,9.6,9.3,9.45,201300
TSLA,20111215,28.86,29.17,28.12,28.62,700200
TSON,20111215,2.05,2.11,1.8,1.87,272200
TSPT,20111215,7.26,7.33,6.91,7.03,126900
TSRA,20111215,15.95,16.29,15.69,15.84,514100
TSRI,20111215,4,4,4,4,2000
TSRX,20111215,6.98,7.07,6.7,6.84,104700
TST,20111215,1.71,1.73,1.68,1.71,62200
TSTC,20111215,4.92,4.98,4.67,4.72,30400
TSYS,20111215,2.32,2.32,2.1,2.17,631600
TTEC,20111215,15.83,15.92,15.59,15.7,124300
TTEK,20111215,21.16,21.41,20.93,21.26,183300
TTGT,20111215,6.58,6.7,6.44,6.69,53700
TTHI,20111215,1.3,1.31,1.21,1.25,6000
TTMI,20111215,10.88,11.01,10.7,10.79,355700
TTWO,20111215,13.71,13.91,13.46,13.76,1552700
TUES,20111215,3.28,3.36,3.24,3.33,217400
TWER,20111215,2.11,2.18,1.9,1.91,540300
TWGP,20111215,20.2,20.53,20.18,20.31,303200
TWIN,20111215,35.5,36.02,34.61,35.88,79400
TWMC,20111215,2.12,2.29,2.12,2.25,6800
TWTC,20111215,19.2,19.75,19.13,19.29,1362800
TXCC,20111215,2.9,2.95,2.88,2.91,19700
TXN,20111215,28.26,28.58,28.2,28.51,10479900
TXRH,20111215,14.18,14.36,14.04,14.36,475100
TYPE,20111215,15.83,16.35,15.78,16.25,252700
TZOO,20111215,27.76,28.03,26.34,27.17,518900
TZYM,20111215,2.9,2.98,2.83,2.95,69700
UACL,20111215,16.7,16.7,15.61,16.23,9600
UBCP,20111215,8.47,8.58,8.25,8.58,1900
UBFO,20111215,2.3,2.5,2.3,2.5,3900
UBNK,20111215,15.7,15.99,15.7,15.99,21800
UBNT,20111215,21.14,21.45,20.51,20.55,194300
UBOH,20111215,7.05,7.05,7.05,7.05,3900
UBPS,20111215,6,6,6,6,200
UBSH,20111215,13.14,13.27,12.77,13.19,50900
UBSI,20111215,28.01,28.29,27.34,28.12,293700
UCBA,20111215,5.75,5.75,5.74,5.75,1300
UCBI,20111215,6.65,6.79,6.62,6.73,221100
UCFC,20111215,1.06,1.25,1.06,1.19,101000
UCTT,20111215,5.91,6.09,5.83,5.87,82200
UEIC,20111215,15.73,16.04,14.62,15.18,129800
UEPS,20111215,7.87,8.03,7.81,8,95900
UFCS,20111215,19.64,19.87,19.43,19.72,42500
UFPI,20111215,28.23,29.08,27.93,28.65,113800
UFPT,20111215,15.06,15.06,15,15,2600
UG,20111215,15.02,15.23,15.02,15.02,1700
UHAL,20111215,82,84.03,81.08,83.44,51400
ULBI,20111215,4.37,4.37,4.03,4.13,54500
ULGX,20111215,1.03,1.04,0.99,1.01,20600
ULTA,20111215,67.81,68.43,66.17,66.72,811300
ULTI,20111215,67.73,68.24,65.82,66.59,232800
ULTR,20111215,2.69,2.73,2.53,2.71,39900
UMBF,20111215,34.77,34.88,34.16,34.69,133000
UMPQ,20111215,12.28,12.38,12.03,12.15,1408300
UNAM,20111215,11.61,11.61,11.61,11.61,0
UNB,20111215,19,19,18.8,18.86,3100
UNFI,20111215,37.17,38.04,37.17,37.56,190900
UNIS,20111215,3.34,3.37,3.21,3.25,318700
UNTD,20111215,5.18,5.19,5.02,5.05,1216200
UNTK,20111215,4.76,4.76,4.66,4.71,30300
UNTY,20111215,6.33,6.33,6.33,6.33,0
UNXL,20111215,5.26,5.26,5.04,5.1,8700
UPI,20111215,4.67,4.7,4.52,4.64,36900
URBN,20111215,27.38,27.43,26.72,26.86,2455800
URRE,20111215,8.1,8.3,7.6,8.1,933600
USAK,20111215,7.88,7.88,7.65,7.75,2300
USAP,20111215,34.59,34.65,32.36,33.09,19100
USAT,20111215,1.09,1.1,1.04,1.05,134900
USATP,20111215,16.44,16.44,16.44,16.44,0
USATZ,20111215,0.5,0.5,0.5,0.5,0
USBI,20111215,4.19,4.32,4.19,4.3,1200
USCR,20111215,2.79,2.96,2.5,2.51,35400
USEG,20111215,2.65,2.65,2.5,2.54,120100
USLM,20111215,57.19,57.5,56.1,57.5,8000
USMO,20111215,13.9,14.25,13.87,14.21,177700
USTR,20111215,30.58,30.98,30.2,30.96,430300
UTEK,20111215,22.71,24.01,22.71,23.16,421300
UTHR,20111215,41.31,42.35,41.17,41.95,1015600
UTIW,20111215,13.24,13.25,12.94,12.99,499800
UTMD,20111215,26.3,26.3,26.3,26.3,100
UTSI,20111215,4.14,4.17,3.96,3.96,304200
UVSP,20111215,14.56,14.8,14.38,14.68,25200
VALU,20111215,10.75,10.75,10.34,10.5,7100
VALV,20111215,0.7,0.72,0.67,0.7,10700
VASC,20111215,11.7,11.7,11.36,11.56,75800
VBFC,20111215,1.35,1.35,1.35,1.35,1000
VCBI,20111215,6.93,7,6.75,6.96,90600
VCIT,20111215,81.79,81.92,81.71,81.91,95700
VCLK,20111215,15.2,15.74,15.2,15.38,1088700
VCLT,20111215,85.74,85.93,84.83,85.83,37800
VCSH,20111215,77.72,77.78,77.69,77.76,489000
VDSI,20111215,7.46,7.46,7.1,7.13,211900
VECO,20111215,22.52,22.89,22,22.23,1229800
VELT,20111215,6.2,6.33,6.15,6.24,535800
VGIT,20111215,65.63,65.7,65.63,65.69,10400
VGLT,20111215,74.88,75.31,74.86,75.23,12400
VGSH,20111215,61.08,61.09,61.02,61.05,21900
VIA,20111215,48.38,48.38,47.43,47.45,34100
VIAB,20111215,42.72,43.35,42.36,42.98,3451500
VIAS,20111215,17.18,17.28,17.1,17.21,2900
VICL,20111215,4.25,4.38,4.1,4.34,718200
VICR,20111215,7.68,7.82,7.4,7.73,81900
VIDE,20111215,5.3,5.39,5.09,5.39,7300
VIFL,20111215,5.25,5.33,5.2,5.22,7100
VIMC,20111215,1.64,1.65,1.52,1.59,85100
VIRC,20111215,1.41,1.47,1.32,1.32,14900
VISN,20111215,26.4,26.8,26,26,339200
VITC,20111215,6.55,6.58,6.41,6.42,22600
VIVO,20111215,18.7,18.89,18.54,18.81,223300
VLCCF,20111215,14.83,14.83,14.5,14.6,175400
VLGEA,20111215,29.28,29.28,28.32,28.41,7700
VLTR,20111215,23.88,24.16,23.43,23.9,98100
VLYWW,20111215,1.57,1.9,1.57,1.9,200
VMBS,20111215,52.24,52.26,52.15,52.15,25100
VMED,20111215,21.4,21.56,21.2,21.4,3682700
VNDA,20111215,4.62,4.64,4.39,4.48,163200
VNET,20111215,8.7,8.88,8.6,8.73,33000
VNQI,20111215,41.51,41.51,41.18,41.26,72500
VOCS,20111215,21.19,21.4,20.54,21.1,89700
VOD,20111215,27.29,27.37,27.11,27.24,6932400
VOLC,20111215,21.95,22.12,21.56,22,461000
VONE,20111215,56.07,56.07,55.61,55.63,4600
VONG,20111215,58.33,58.33,57.75,57.75,1300
VONV,20111215,53.95,53.95,53.49,53.49,3100
VOXX,20111215,7.42,7.5,7.19,7.38,60200
VPFG,20111215,12.85,12.88,12.67,12.75,200400
VPHM,20111215,26.87,28.25,25.74,27.8,4549000
VPRT,20111215,31.96,32.36,31.33,31.77,318600
VRA,20111215,33.94,34.66,32.71,33.17,758900
VRML,20111215,1.27,1.27,1.19,1.23,61500
VRNM,20111215,2.54,2.65,2.51,2.58,19400
VRNT,20111215,27.72,27.72,26.66,27.06,149000
VRSK,20111215,38.69,38.69,38.2,38.48,893000
VRSN,20111215,33.62,34.19,33.2,34.1,3856300
VRTA,20111215,1.21,1.21,1.21,1.21,0
VRTB,20111215,1.19,1.2,1.12,1.12,21300
VRTS,20111215,73.3,74.58,72.99,73.74,12800
VRTU,20111215,15.48,15.55,14.92,15.31,76200
VRTX,20111215,30.94,32.46,30.32,31.43,5973500
VSAT,20111215,46.3,46.72,46.12,46.48,149800
VSBN,20111215,10.98,10.98,10.98,10.98,0
VSCI,20111215,2,2.07,1.97,2.01,19100
VSCP,20111215,0.85,0.9,0.85,0.88,14900
VSEC,20111215,23,23,22.35,22.92,16200
VTHR,20111215,55.9,55.91,55.71,55.71,700
VTNC,20111215,5.3,5.3,5.11,5.2,43300
VTSS,20111215,2.5,2.5,2.4,2.43,40200
VTUS,20111215,8.16,8.16,7.28,7.52,12500
VTWG,20111215,59.15,59.3,58.58,58.96,20800
VTWO,20111215,56.94,57.32,56.71,57.03,36100
VTWV,20111215,54.5,55.09,54.5,55.09,2100
VVTV,20111215,2.01,2.01,1.82,1.88,215300
VVUS,20111215,10.02,10.28,9.96,10.15,1202800
VXUS,20111215,41.18,41.33,40.83,40.96,204800
VYFC,20111215,4.54,4.54,4.54,4.54,0
WABC,20111215,41.88,42.33,41.45,41.95,133800
WAFD,20111215,13.07,13.18,12.99,13.08,434500
WASH,20111215,23.65,23.97,23.29,23.73,35400
WAVX,20111215,2.2,2.22,2.07,2.15,279200
WAYN,20111215,7.6,7.6,7.25,7.44,3000
WBCO,20111215,11.32,11.45,10.96,11.45,21700
WBKC,20111215,14.02,14.02,13.95,14,2600
WBMD,20111215,37,38.24,37,37.75,1867400
WBSN,20111215,17.99,18.2,17.86,18.1,225900
WCRX,20111215,14.25,14.31,13.98,14.12,2211500
WDC,20111215,30.95,31.14,30.49,30.67,2423700
WDFC,20111215,40.04,40.36,39.72,40.22,42400
WEBM,20111215,3.5,3.71,3.36,3.5,35800
WERN,20111215,23.01,23.06,22.78,22.85,438000
WETF,20111215,5.64,5.8,5.64,5.75,104400
WEYS,20111215,23,23.04,22.73,23.04,4600
WFD,20111215,7.22,7.29,7.14,7.2,63700
WFM,20111215,66.6,66.83,66.13,66.29,1280300
WIBC,20111215,3.3,3.3,3.11,3.13,173200
WIFI,20111215,8.43,8.87,8.2,8.81,313800
WILC,20111215,4.55,4.55,4.43,4.52,3000
WILN,20111215,5.43,5.43,5.22,5.24,47200
WIN,20111215,11.4,11.44,11.25,11.38,6029200
WINA,20111215,55.26,55.26,54.33,55.22,6900
WIRE,20111215,25.28,25.79,25,25.53,72300
WLB,20111215,11.34,11.5,10.51,10.91,20400
WLBPZ,20111215,24.02,24.02,24.02,24.02,0
WLDN,20111215,3.98,3.98,3.98,3.98,0
WLFC,20111215,11.16,11.3,11.12,11.12,4000
WMAR,20111215,10.5,10.56,10.06,10.26,36900
WMGI,20111215,14.64,14.72,14.38,14.62,1860000
WOOD,20111215,35.52,35.61,35.31,35.49,21000
WOOF,20111215,19.21,19.56,19.08,19.5,453500
WPCS,20111215,1.61,1.67,1.59,1.64,36000
WPPGY,20111215,50.09,50.12,49.49,49.58,35300
WPRT,20111215,28.13,28.57,27.96,28.24,645700
WRES,20111215,2.98,2.98,2.84,2.89,263000
WRLD,20111215,68.87,69.2,67.89,68.46,66300
WRLS,20111215,7.5,7.54,7.44,7.47,20000
WSB,20111215,2.5,2.57,2.5,2.5,6800
WSBC,20111215,18.91,19.19,18.74,19.05,51700
WSBF,20111215,2.09,2.1,1.9,1.99,15800
WSCI,20111215,5.42,5.44,5.23,5.42,1900
WSFS,20111215,35.53,36.51,35.53,36.32,10200
WSTG,20111215,11.79,12.1,11.74,11.92,1200
WSTL,20111215,2.04,2.07,2,2.03,389500
WTBA,20111215,9.22,9.3,8.91,9.23,43400
WTFC,20111215,27.03,27.63,26.69,27.51,518300
WTFCW,20111215,12.78,12.78,12.78,12.78,100
WVFC,20111215,9.15,9.2,9.02,9.02,4400
WVVI,20111215,3.21,3.24,3.1,3.2,5000
WWD,20111215,38.88,39,37.71,38.54,307500
WWWW,20111215,9.29,9.4,9.13,9.29,438100
WYNN,20111215,103.41,105.29,101.02,104.58,2632800
XBKS,20111215,3.61,3.61,3.61,3.61,0
XIDE,20111215,2.39,2.46,2.36,2.45,976200
XLNX,20111215,31.38,31.49,30.79,31.02,4725800
XNPT,20111215,4,4.08,3.84,4.07,365500
XOMA,20111215,1.3,1.32,1.17,1.22,121700
XRAY,20111215,35.24,35.3,34.65,34.79,1189200
XRTX,20111215,14,14.03,13.64,13.84,454100
XTEX,20111215,16.19,16.19,15.76,15.96,109100
XTXI,20111215,12.45,12.58,12.16,12.36,226100
XWES,20111215,3.1,3.29,3.1,3.11,1800
XXIA,20111215,11.25,11.3,10.78,10.81,400100
YAVY,20111215,1.71,1.73,1.65,1.73,8700
YHOO,20111215,15.21,15.29,15.01,15.16,14830900
YNDX,20111215,18.48,18.85,17.65,17.97,1237800
YORW,20111215,17.49,17.49,17.02,17.27,22800
Z,20111215,22.53,23.84,22.31,23.68,72600
ZAGG,20111215,9.15,9.16,8.64,8.76,821700
ZBRA,20111215,36.68,36.8,36.37,36.72,112800
ZEUS,20111215,23.05,23.19,22.36,23,92800
ZGNX,20111215,1.52,1.52,1.4,1.5,192400
ZHNE,20111215,0.84,0.87,0.84,0.85,24400
ZIGO,20111215,17.88,18,17.21,17.83,68800
ZINC,20111215,8.8,9.11,8.64,8.8,454300
ZION,20111215,14.97,15.1,14.64,14.91,5387900
ZIONW,20111215,2.69,2.69,2.41,2.55,15400
ZIOP,20111215,4.35,4.43,4.26,4.35,414100
ZIPR,20111215,1.03,1.06,1.03,1.04,11900
ZIXI,20111215,2.78,2.84,2.71,2.78,341300
ZLCS,20111215,1.2,1.2,1.11,1.15,531300
ZLTQ,20111215,12.83,12.83,12.19,12.34,154900
ZN,20111215,2.44,2.49,2.35,2.45,51900
ZOLT,20111215,7.74,7.9,7.41,7.51,215100
ZOOM,20111215,1.22,1.22,1.13,1.13,254300
ZUMZ,20111215,28.58,28.89,27.55,27.75,613000
