<ticker>,<date>,<open>,<high>,<low>,<close>,<vol>
AACC,20110329,5.32,5.39,5.32,5.39,2800
AAME,20110329,2.17,2.17,2.17,2.17,600
AAON,20110329,20.34,21.0267,20.34,20.8667,18200
AAPL,20110329,347.6,350.96,346.06,350.96,12603500
AAWW,20110329,67.61,68.36,67.58,68.22,133000
AAXJ,20110329,61.59,61.91,61.38,61.81,357600
ABAX,20110329,28.92,29.09,28.51,28.61,102200
ABCB,20110329,10.03,10.15,10.01,10.14,26600
ABCD,20110329,3.33,3.4,3.3,3.4,14000
ABCO,20110329,25.075,25.32,25.015,25.305,50600
ABFS,20110329,25.05,25.05,24.6,24.93,214500
ABIO,20110329,15.36,15.36,14.04,14.34,48200
ABMD,20110329,14.42,14.95,14.4,14.58,153000
ABTL,20110329,7.2,7.25,6.75,7.2,386700
ACAD,20110329,1.71,1.71,1.61,1.65,85900
ACAS,20110329,9.48,9.58,9.4,9.57,3633000
ACAT,20110329,14.33,14.75,14.18,14.4,69800
ACCL,20110329,7.64,7.84,7.59,7.81,129100
ACET,20110329,7.53,7.97,7.52,7.92,80700
ACFC,20110329,10,10,10,10,0
ACFN,20110329,3.62,3.63,3.54,3.63,22500
ACGL,20110329,31.7033,31.9667,31.5833,31.8467,302800
ACHN,20110329,6.89,7.17,6.78,7.05,973700
ACIW,20110329,32.33,32.73,32.23,32.72,334800
ACLS,20110329,2.57,2.63,2.54,2.59,867500
ACNB,20110329,15.75,16,15.74,16,1900
ACOR,20110329,21.79,22.34,21.76,22.17,345500
ACPW,20110329,14,14.8,13.35,14.6,3324800
ACRX,20110329,3.5,3.65,3.44,3.54,20300
ACTG,20110329,32.4,32.87,31.92,32.07,466800
ACTS,20110329,2.45,2.51,2.41,2.51,103500
ACUR,20110329,3.12,3.17,3.09,3.14,78800
ACWI,20110329,47.61,48.02,47.45,48.02,91500
ACWX,20110329,44.5,44.94,44.44,44.94,42600
ACXM,20110329,17.21,17.47,17.06,17.46,274500
ADAT,20110329,1.24,1.26,1.12,1.14,68500
ADBE,20110329,32.42,32.88,32.27,32.62,8032200
ADEP,20110329,4.18,4.45,4.18,4.44,18900
ADES,20110329,23.94,24.75,23.48,23.99,131200
ADI,20110329,38.88,39.51,38.5,39.5,1543400
ADP,20110329,50.26,50.74,50,50.64,1532000
ADRA,20110329,27.58,27.69,27.56,27.69,1100
ADRD,20110329,22.12,22.23,22.12,22.22,14000
ADRE,20110329,47,47.46,46.92,47.4,41600
ADRU,20110329,21.92,22.04,21.92,22.03,1800
ADSK,20110329,42.89,43.69,42.53,43.4,1542600
ADTN,20110329,41.59,42.83,41.41,42.67,513200
ADUS,20110329,5.04,5.06,4.9,4.97,9100
ADVS,20110329,27.3,28,27.3,27.92,88300
AEGR,20110329,17.7,18,17.44,17.61,24900
AEHR,20110329,2.25,2.25,2.1,2.1,22900
AEIS,20110329,15.96,16.11,15.82,16.09,303500
AEPI,20110329,28.41,29.31,27.96,29.16,23000
AERL,20110329,9.1,9.31,8.94,9.3,54200
AETI,20110329,2.74,2.75,2.62,2.7,9600
AEY,20110329,3.03,3.05,3.02,3.05,15800
AEZS,20110329,11.46,11.52,11.1,11.34,1601500
AFAM,20110329,36.52,36.81,35.92,36.73,95300
AFCB,20110329,13.55,13.55,13.55,13.55,0
AFCE,20110329,14.82,14.84,14.63,14.81,33200
AFFX,20110329,4.83,4.98,4.81,4.98,468400
AFFY,20110329,5.98,5.98,5.79,5.97,737300
AFOP,20110329,11.01,11.35,10.9,11.16,47100
AFSI,20110329,18.48,18.53,18.43,18.46,46000
AGEN,20110329,0.91,0.93,0.9,0.93,201800
AGII,20110329,32.04,32.37,31.94,32.3,44000
AGNC,20110329,29.16,29.23,28.68,28.8,4139600
AGYS,20110329,5.57,5.68,5.55,5.61,47500
AHGP,20110329,53.4,53.49,52.68,52.76,1946600
AHPI,20110329,4.54,4.54,4.36,4.43,400
AIMC,20110329,22.45,23.85,21.9,23.82,467800
AINV,20110329,11.78,11.93,11.65,11.86,717500
AIRM,20110329,21.6533,21.8833,21.57,21.74,49900
AIRT,20110329,9.38,9.48,9.38,9.48,300
AIXG,20110329,41.69,42.24,41.45,41.97,132500
AKAM,20110329,37.62,38.17,37.25,37.95,3186400
AKRX,20110329,5.45,5.78,5.4,5.78,1399300
ALCO,20110329,25.59,26.3,25.29,26.3,7800
ALGN,20110329,20.78,21.2,20.78,21.18,276200
ALGT,20110329,43.24,43.4,43.12,43.22,220600
ALIM,20110329,7.8,7.81,7.51,7.6,71300
ALKS,20110329,12.21,12.55,12.13,12.55,359500
ALLB,20110329,10.85,10.86,10.76,10.76,9900
ALLT,20110329,13.92,15.28,13.91,14.94,333700
ALNY,20110329,9.35,9.45,9.22,9.45,277400
ALOG,20110329,55.05,56.69,54.71,55.87,30400
ALOT,20110329,7.5,7.8,7.5,7.75,1200
ALSK,20110329,10.52,10.55,10.33,10.48,411100
ALTE,20110329,21.88,21.97,21.74,21.81,272100
ALTI,20110329,1.97,2,1.6,1.61,2958600
ALTR,20110329,43.05,43.9,42.49,43.87,3111800
ALVR,20110329,18.3,19,18.3,19,135100
ALXA,20110329,16.9,18,16.3,17.6,2050200
ALXN,20110329,46.815,48.635,46.81,48.57,606000
AMAG,20110329,16.37,16.47,16.19,16.26,108100
AMAP,20110329,17.07,17.85,16.99,17.54,84600
AMAT,20110329,15.42,15.82,15.37,15.7,16816900
AMCC,20110329,10.06,10.17,9.93,10.15,727000
AMCF,20110329,4.14,4.17,4.1,4.13,23900
AMCN,20110329,5.01,5.23,4.94,5.2,301000
AMED,20110329,34.31,34.37,33.98,34.24,246700
AMGN,20110329,52.71,53.45,52.66,53.43,3572900
AMIC,20110329,4.86,4.86,4.86,4.86,0
AMKR,20110329,6.83,6.99,6.79,6.92,1562700
AMNB,20110329,21.91,22.2,21.81,22.2,2000
AMOT,20110329,7,7.2,6.84,7.1,7800
AMOV,20110329,28.015,28.175,28.015,28.175,200
AMRB,20110329,6.35,6.5,6.34,6.49,78600
AMRI,20110329,4.08,4.23,4.02,4.21,40700
AMRN,20110329,7.21,7.28,7.11,7.28,1862000
AMRS,20110329,27.34,28.29,27.08,28.07,477800
AMSC,20110329,23.62,24.76,23.43,24.7,974700
AMSF,20110329,21.64,22.06,21.46,22.06,38500
AMSG,20110329,24.95,25.14,24.94,25.1,68400
AMSWA,20110329,7.04,7.45,7.04,7.23,85200
AMWD,20110329,20.4,20.47,20.27,20.39,5700
AMZN,20110329,170.73,174.84,170.07,174.62,4887400
ANAC,20110329,6.99,7.22,6.82,7.15,18600
ANAD,20110329,4,4.41,3.96,4.28,5000200
ANAT,20110329,76.3,78.35,76.22,77.58,38100
ANCB,20110329,10.57,10.57,10.57,10.57,100
ANCI,20110329,4.92,5.04,4.86,5.04,12600
ANCX,20110329,7.13,7.13,7.05,7.05,5300
ANDE,20110329,46.5,46.58,45.88,46.56,97600
ANEN,20110329,19.15,19.44,19.15,19.37,15100
ANGO,20110329,15.1,15.32,15.05,15.1,59200
ANIK,20110329,9.07,9.24,8.57,8.75,447600
ANLY,20110329,4.45,4.47,4.41,4.41,6900
ANSS,20110329,53.65,54.37,53.08,53.98,485300
ANTH,20110329,6.68,6.69,6.5,6.63,48300
ANTP,20110329,3.46,3.56,3.46,3.51,2800
AOSL,20110329,12.61,12.98,12.6,12.87,21200
APAGF,20110329,81.32,84.1,80.08,83.68,20600
APEI,20110329,39.56,39.84,37.92,39.17,156500
APFC,20110329,5.92,6.03,5.89,5.96,2800
APOG,20110329,13.03,13.25,13.03,13.22,63800
APOL,20110329,38.12,40.63,38,40.55,9557600
APPY,20110329,3.6,4.98,3.48,4.98,1188800
APRI,20110329,4.34,4.8,4.21,4.55,1058600
APSA,20110329,13.89,14.48,13.89,14.2,4000
ARAY,20110329,8.95,9.13,8.91,9.01,326000
ARCC,20110329,16.61,16.66,16.43,16.56,1346500
ARCI,20110329,3.88,3.89,3.87,3.89,3000
ARCW,20110329,2.95,3,2.85,2.85,7300
ARDNA,20110329,76.03,76.5,76.03,76.24,6700
AREX,20110329,29.87,31.71,29.33,31.09,136600
ARIA,20110329,7.25,7.49,7.21,7.49,2206800
ARII,20110329,23.51,24.6,23.33,24.04,162700
ARKR,20110329,14.52,14.52,14.36,14.36,1100
ARLP,20110329,82.8,83,80.65,80.76,110400
ARMH,20110329,26.72,26.97,26.24,26.97,4157600
ARNA,20110329,1.44,1.47,1.43,1.44,1113200
AROW,20110329,24.55,24.73,24.45,24.73,5100
ARQL,20110329,6.64,6.79,6.49,6.79,135800
ARRS,20110329,12.12,12.62,12.01,12.47,990800
ARRY,20110329,3.04,3.06,2.99,3.04,410200
ARTC,20110329,33.06,33.8,32.9,33.64,46600
ARTNA,20110329,19.25,19.3,19.21,19.3,5300
ARTW,20110329,10.5,10.62,10.31,10.32,5800
ARTX,20110329,1.42,1.44,1.39,1.39,9400
ARUN,20110329,34.56,34.76,33.65,33.98,2800800
ARWR,20110329,0.76,0.77,0.75,0.76,195900
ASBC,20110329,14.54,14.74,14.47,14.62,930300
ASBI,20110329,4.42,4.43,4.35,4.43,700
ASCA,20110329,16.98,17.25,16.68,17.03,204200
ASCMA,20110329,48.31,48.8,47.79,48.15,74100
ASEI,20110329,90.54,91.77,90.42,90.96,37400
ASFI,20110329,8.46,8.52,8.42,8.48,11100
ASIA,20110329,20.49,20.63,20.32,20.54,542300
ASMI,20110329,38.27,38.82,38.2,38.76,115700
ASML,20110329,42.88,43.65,42.76,43.51,1317000
ASNA,20110329,15.555,15.96,15.555,15.94,508900
ASPS,20110329,30.34,30.4,30.21,30.4,33800
ASRV,20110329,2.23,2.3,2.2,2.22,16000
ASRVP,20110329,26,26,26,26,0
ASTC,20110329,1.1,1.11,1.08,1.08,118200
ASTE,20110329,35.32,36.09,35.16,35.98,86000
ASTI,20110329,2.69,3.01,2.69,3.01,688700
ASTM,20110329,2.66,2.67,2.5,2.6,1336800
ASUR,20110329,1.7667,1.78,1.72,1.72,2600
ASYS,20110329,24.83,25.35,24.08,25.13,222800
ATAI,20110329,8,8,7.9,7.99,6300
ATAX,20110329,5.78,5.78,5.66,5.69,79700
ATEA,20110329,5.55,5.87,5.46,5.65,173100
ATEC,20110329,2.61,2.65,2.57,2.63,243900
ATHN,20110329,43.94,45.27,43.86,45.15,268500
ATHX,20110329,2.55,2.62,2.52,2.6,154600
ATLO,20110329,18.67,19.04,18.66,18.99,3200
ATMI,20110329,18.36,18.5,18.14,18.46,56800
ATML,20110329,13.22,13.59,13.06,13.54,7145500
ATNI,20110329,35.09,36.42,35.09,36.02,32000
ATRC,20110329,11.12,11.3,11.1,11.21,17100
ATRI,20110329,171.44,172.3,169.62,170.95,2500
ATRM,20110329,1.73,1.74,1.55,1.6,30900
ATRO,20110329,24.33,25.09,24.18,25.09,23100
ATSG,20110329,7.99,8.09,7.92,8.06,229700
ATVI,20110329,10.97,11.07,10.88,10.96,6726000
ATX,20110329,10.65,10.77,10.5,10.73,18500
AUBN,20110329,19.75,19.75,19.56,19.61,800
AUDC,20110329,5.85,5.94,5.82,5.89,69700
AUXL,20110329,21.71,22.13,21.55,21.94,945400
AVAV,20110329,34.22,34.57,34.01,34.44,152900
AVEO,20110329,13.61,13.61,13.25,13.45,152400
AVGO,20110329,30.76,31.11,30.61,30.97,1470700
AVID,20110329,22.06,22.58,22,22.2,123400
AVNR,20110329,3.8,3.84,3.75,3.82,3674300
AVNW,20110329,5.18,5.2,5.12,5.18,281800
AWRE,20110329,3.27,3.48,3.27,3.29,1500
AXAS,20110329,5.04,5.2,4.97,5.2,1081400
AXFN,20110329,25.48,25.48,25.48,25.48,0
AXTI,20110329,7.03,7.21,7.01,7.1,470800
AZPN,20110329,14.83,15.07,14.82,14.94,215900
BABY,20110329,16.62,16.84,16.47,16.68,424100
BAGL,20110329,16.01,16.08,15.61,15.9,80700
BAMM,20110329,4.2,4.24,4.15,4.19,28700
BANC,20110329,15.69,16.14,15,16.06,23900
BANF,20110329,41.8,42.04,41.8,42.03,7900
BANFP,20110329,26.3,28,26.3,26.3,1300
BANR,20110329,16.8,17.01,16.66,17.01,366900
BASI,20110329,2.42,2.42,2.39,2.39,900
BBBY,20110329,47.28,47.86,47.15,47.68,1771900
BBEP,20110329,21.38,21.56,21.3,21.41,176200
BBGI,20110329,6.84,6.96,6.75,6.96,10600
BBNK,20110329,9.24,9.42,9.2,9.35,4300
BBOX,20110329,34.73,35.3,34.73,34.76,34000
BBRG,20110329,17.1,17.18,16.6,17,2722600
BBRY,20110329,56.11,57.3,55.77,57.05,12331400
BBSI,20110329,15.99,16.03,15.65,15.7,16700
BCBP,20110329,10.3,10.5,10.25,10.3,10200
BCOM,20110329,32.41,32.41,32.41,32.41,0
BCPC,20110329,35.9,36.39,35.76,36.12,48900
BCRX,20110329,3.59,3.7,3.51,3.67,304900
BCSB,20110329,13.39,13.73,12.99,13.73,1900
BDE,20110329,6.29,6.86,6.27,6.57,93400
BDGE,20110329,22.05,22.11,21.88,22.04,6600
BDMS,20110329,19.5,19.85,19.5,19.85,500
BDSI,20110329,3.23,3.33,3.22,3.28,87500
BEAT,20110329,4.77,4.85,4.7,4.85,72600
BEAV,20110329,34.57,35.13,34.3,35.02,524500
BEBE,20110329,5.68,5.76,5.63,5.75,454600
BECN,20110329,20.04,20.61,20.04,20.47,175800
BELFA,20110329,24.07,24.07,23.98,23.98,1300
BELFB,20110329,21.74,21.98,21.17,21.36,13100
BERK,20110329,6.18,6.22,6.02,6.19,2900
BFIN,20110329,8.95,9.17,8.9,9.17,16000
BFLY,20110329,2.95,3.05,2.85,3,19700
BGCP,20110329,9.22,9.37,9.15,9.37,571600
BGFV,20110329,11.52,11.87,11.41,11.86,27400
BGMD,20110329,7.92,8.24,7.92,8,40400
BIB,20110329,32.215,32.215,32.215,32.215,300
BICK,20110329,32.49,32.75,32.3,32.73,15700
BIDU,20110329,133,136.24,132.8,136,5233200
BIIB,20110329,70.45,71.24,70.39,71.1,1394600
BIOD,20110329,8.16,8.48,8.16,8.44,385800
BIOF,20110329,16.2,17,16,16.2,960300
BIOS,20110329,4.4,4.41,4.29,4.34,238300
BIRT,20110329,4.8,5.01,4.79,4.96,332800
BIS,20110329,47.12,47.12,45.84,45.84,3500
BJRI,20110329,37.56,38.94,37.42,38.68,309700
BKCC,20110329,10.06,10.07,9.9,9.99,840200
BKMU,20110329,4.18,4.23,4.12,4.23,59500
BKOR,20110329,4.63,4.63,4.6,4.6,1000
BKSC,20110329,11.61,11.61,11.59,11.59,400
BKYF,20110329,20.9,20.91,20.75,20.75,300
BLDP,20110329,2.25,2.43,2.17,2.42,1474700
BLDR,20110329,2.65,2.71,2.64,2.71,93900
BLIN,20110329,1.06,1.06,1.06,1.06,0
BLKB,20110329,26.33,26.96,26.16,26.67,260500
BMC,20110329,48.83,49.42,48.54,49.35,1506600
BMRC,20110329,35.56,36.06,35.5,36.06,4900
BMRN,20110329,24,24.47,23.93,24.47,786900
BMTC,20110329,19.53,19.94,19.21,19.93,30300
BNCL,20110329,8.72,8.77,8.61,8.7,85200
BNCN,20110329,7.76,8.23,7.76,7.97,2700
BNSO,20110329,2.04,2.04,1.88,1.92,2100
BOBE,20110329,31.47,31.99,31.46,31.89,119800
BOCH,20110329,4.21,4.22,4.1,4.18,7200
BODY,20110329,22.55,23.1,22.43,22.48,249900
BOFI,20110329,15.49,15.6,15.33,15.45,28800
BOKF,20110329,50.7,51.03,50.62,50.85,41700
BOLT,20110329,12.87,13.07,12.8,12.97,33500
BONA,20110329,6.72,7,6.54,6.66,94600
BONT,20110329,15.51,15.78,15.24,15.41,122700
BOOM,20110329,24.94,25.49,24.74,25.16,79400
BOSC,20110329,8.8,9,8.48,8.96,7900
BPAX,20110329,11.34,11.94,11.22,11.88,1826400
BPFH,20110329,6.77,6.86,6.74,6.79,176400
BPFHW,20110329,2.35,2.35,2.35,2.35,0
BPHX,20110329,1.88,1.93,1.88,1.93,8900
BPOP,20110329,29.1,29.5,28.4,29.2,6851800
BPOPM,20110329,18.7,18.79,18.56,18.56,1200
BPOPN,20110329,20.98,20.98,20.98,20.98,500
BRCD,20110329,6.22,6.34,6.19,6.22,13613000
BRCM,20110329,40.46,40.9,40.02,40.52,5001400
BRID,20110329,11.34,11.45,11.11,11.45,2200
BRKL,20110329,10.25,10.35,10.23,10.26,156400
BRKR,20110329,19.77,19.93,19.65,19.93,546700
BRKS,20110329,12.85,13.24,12.6,13.11,503100
BRLI,20110329,22.09,22.28,21.99,22.16,139800
BSDM,20110329,4.47,4.65,4.43,4.57,181100
BSET,20110329,8.2,8.25,7.87,8.04,13000
BSFT,20110329,43.35,44.22,42.86,43.62,935900
BSPM,20110329,7.2,7.38,6.9,7.02,628000
BSQR,20110329,7.07,7.39,7.07,7.34,24700
BSRR,20110329,10.78,11,10.78,11,18700
BSTC,20110329,24.23,24.8,24.23,24.51,4100
BTUI,20110329,10.74,10.93,10.32,10.61,17100
BUSE,20110329,4.76,4.8,4.72,4.75,102800
BVSN,20110329,14.49,14.5,14.1,14.49,2300
BWEN,20110329,12.7,13.8,12.6,13.7,1533000
BWINA,20110329,20.49,20.49,20.49,20.49,300
BWINB,20110329,22.44,22.83,22.38,22.8,3300
BWLD,20110329,53.99,55.07,53.57,54.8,294600
BYFC,20110329,2.35,2.35,2.35,2.35,400
CA,20110329,23.64,23.96,23.55,23.86,2073200
CAAS,20110329,9.82,9.85,8.96,9.05,568600
CAC,20110329,33.36,33.55,32.98,33.49,10400
CACB,20110329,6.06,6.71,6.06,6.54,3700
CACC,20110329,69.3,69.5,69.19,69.5,8700
CACH,20110329,4.46,4.6,4.46,4.53,2200
CADC,20110329,3.41,3.65,3.31,3.49,82400
CADX,20110329,9,9.1,8.96,9.04,803500
CAFI,20110329,1.98,1.98,1.98,1.98,0
CAKE,20110329,28.89,29.42,28.69,29.31,1038500
CALD,20110329,6.67,6.76,6.53,6.67,61700
CALI,20110329,15.78,16.08,14.76,15,11600
CALL,20110329,10.92,11.13,10.625,10.7,13400
CALM,20110329,29.9,30.25,29.03,29.4,221900
CAMP,20110329,3.35,3.38,3.29,3.31,60100
CAMT,20110329,3.93,3.96,3.88,3.93,26600
CAR,20110329,18.01,18.33,17.93,18.08,2014700
CART,20110329,3.19,3.19,3.19,3.19,200
CARV,20110329,0.82,0.82,0.82,0.82,200
CASH,20110329,15.99,16.5,15.98,16.2,4800
CASM,20110329,3.19,3.19,3.09,3.09,2200
CASS,20110329,38.56,39.3,38.42,39.3,27200
CASY,20110329,38.18,38.55,38.09,38.45,285900
CATM,20110329,19.82,20.17,19.61,19.79,253200
CATY,20110329,16.4,16.87,16.34,16.82,365700
CAVM,20110329,40.84,42.11,40.23,42.11,743800
CBAK,20110329,9.05,9.4,9,9.4,337500
CBAN,20110329,4.06,4.11,4.05,4.11,7300
CBEY,20110329,11.76,11.91,11.68,11.7,89800
CBIN,20110329,11.2,11.64,11.2,11.22,13900
CBLI,20110329,7.69,7.88,7.51,7.66,473200
CBMX,20110329,21.6,22,21.6,21.8,300
CBMXW,20110329,1.8,1.8,1.8,1.8,0
CBNJ,20110329,9.85,9.85,9.78,9.78,300
CBNK,20110329,14.02,14.02,14,14,1300
CBOE,20110329,28.98,29,28.52,28.69,147000
CBPO,20110329,15.58,16.05,15.1,16.05,105600
CBRL,20110329,48.74,48.79,48.05,48.41,209200
CBRX,20110329,3.55,3.94,3.55,3.84,1176500
CBSH,20110329,39.41,39.76,39.21,39.5,354800
CBST,20110329,24.65,24.89,24.64,24.76,405200
CCBG,20110329,12.43,12.54,12.05,12.54,29200
CCCL,20110329,5.89,6.14,5.67,6.14,87900
CCIH,20110329,20.95,21.3,19.79,19.9,224100
CCIX,20110329,8.53,8.59,8.28,8.42,84200
CCMP,20110329,50.05,51.23,49.77,50.95,68200
CCNE,20110329,14,14.2,13.87,14.2,5400
CCOI,20110329,13.73,14.19,13.73,14.17,229400
CCRN,20110329,7.74,7.92,7.7,7.89,59100
CCUR,20110329,6.27,6.3,6.23,6.28,5000
CDNS,20110329,9.79,9.96,9.74,9.8,2516600
CDTI,20110329,5.63,5.8,5.27,5.63,13800
CDXS,20110329,10.95,11.19,10.78,11.18,137800
CDZI,20110329,11.98,12.2,11.98,12.2,15400
CECE,20110329,5.86,6.05,5.81,5.82,8600
CECO,20110329,21.36,21.91,21.03,21.86,825200
CEDU,20110329,7.43,7.5,7.3,7.45,4100
CELG,20110329,55.04,55.5,54.86,55.49,1872400
CELGZ,20110329,2.36,2.36,2.36,2.36,600
CENT,20110329,8.79,8.85,8.7,8.74,185500
CENTA,20110329,9.03,9.13,9,9.05,143000
CENX,20110329,18.18,18.6,17.95,18.59,1161900
CERN,20110329,54.28,55.115,54.175,54.925,463400
CERS,20110329,2.91,2.97,2.87,2.93,208100
CETV,20110329,21.07,21.23,20.86,21.1,232600
CEVA,20110329,25.73,26.3,25.72,26.27,77400
CFBK,20110329,6.95,6.95,6.9,6.95,600
CFFI,20110329,22,22.99,21.21,22.89,3900
CFFN,20110329,11.27,11.29,11.16,11.2,757200
CFNB,20110329,14.81,15.28,14.77,15.28,3900
CFNL,20110329,11.17,11.24,11,11.13,53600
CGEN,20110329,4.9,4.96,4.85,4.94,33500
CGNX,20110329,27.66,27.87,27.34,27.55,273400
CHCI,20110329,1.38,1.38,1.37,1.38,7400
CHCO,20110329,34.52,34.87,34.39,34.64,21000
CHDN,20110329,40.02,41.3,40.02,41.17,15000
CHDX,20110329,16.51,16.62,16.07,16.43,52700
CHEV,20110329,8.73,8.75,8.27,8.62,9500
CHFC,20110329,19.49,19.85,19.49,19.79,16200
CHFN,20110329,10.4593,10.4593,10.2005,10.2105,1200
CHKE,20110329,17.03,17.14,16.94,17.03,26600
CHKP,20110329,49.27,50.69,48.91,50.22,1199900
CHLN,20110329,2.27,2.27,2.1,2.1,69000
CHNR,20110329,13.15,13.45,13.08,13.08,13300
CHOP,20110329,5.39,5.45,5.25,5.39,161800
CHRM,20110329,9.25,9.5,9.07,9.4,3300
CHRW,20110329,72.59,73.29,72.12,73.1,942100
CHSCP,20110329,29.75,29.83,29.6,29.6,7300
CHTP,20110329,3.7,3.74,3.68,3.74,183600
CHTR,20110329,49.48,49.49,48.89,49.17,241100
CHYR,20110329,2.09,2.35,2.09,2.16,5500
CIDM,20110329,1.85,1.97,1.85,1.9,78500
CIEN,20110329,23.47,24.34,23.2,24.34,4550000
CIMT,20110329,3.46,3.77,3.43,3.76,165000
CINF,20110329,32.46,32.63,32.19,32.56,597000
CISG,20110329,11.75,13.6,11.42,13.23,1838400
CITZ,20110329,5.51,5.58,5.5,5.54,3800
CIZN,20110329,20.65,20.73,19.92,20.5,1200
CJJD,20110329,2.98,2.98,2.75,2.86,49800
CKEC,20110329,7.16,7.18,7,7.11,57700
CKSW,20110329,8.05,8.1,7.9,7.99,50200
CLBH,20110329,4,4,4,4,0
CLCT,20110329,14.1,14.11,14,14.06,13800
CLDX,20110329,3.88,3.95,3.87,3.91,185900
CLFD,20110329,5.14,5.2,5.1,5.2,58800
CLMS,20110329,15.78,16.19,15.72,16.17,52700
CLMT,20110329,21.24,21.37,21.02,21.12,116900
CLNE,20110329,14.54,15.13,14.1,14.93,2676300
CLRO,20110329,6.88,7.05,6.52,6.55,27700
CLSN,20110329,2.32,2.38,2.26,2.38,85600
CLUB,20110329,4.68,5.14,4.65,4.94,39600
CLWR,20110329,5.51,5.64,5.46,5.5,4901100
CLWT,20110329,7.535,8.03,7.205,7.865,24200
CMCO,20110329,17.3,17.35,16.86,17.3,37000
CMCSA,20110329,24.37,24.67,24.23,24.52,12786100
CMCSK,20110329,22.97,23.18,22.81,23.07,4597200
CME,20110329,296.4,298.02,294.1,298.02,309300
CMLS,20110329,4.37,4.43,4.36,4.41,34600
CMSB,20110329,9.05,9.05,9.05,9.05,0
CMTL,20110329,26.69,27.3,26.32,27.04,148100
CNBC,20110329,9.49,9.5,9.43,9.46,6400
CNBKA,20110329,26.27,26.43,26.2,26.43,1300
CNET,20110329,3.69,3.7,3.55,3.7,21300
CNIT,20110329,3,3.04,2.85,2.9,436200
CNMD,20110329,26.33,26.54,26.14,26.54,180600
CNQR,20110329,54.51,55.36,54.35,55.16,490700
CNSL,20110329,18.44,18.54,18.4,18.46,109500
CNTF,20110329,4.46,4.5,4.31,4.45,138200
CNTY,20110329,2.88,3,2.87,2.98,23000
CNYD,20110329,7.6,7.6,7.56,7.56,1800
COBK,20110329,12.78,12.78,12.78,12.78,0
COBR,20110329,3.76,3.86,3.73,3.73,11700
COBZ,20110329,6.89,6.95,6.88,6.93,66800
COCO,20110329,4.42,4.44,4.32,4.4,3285300
COGO,20110329,7.91,7.91,7.58,7.67,228600
COHR,20110329,58,58.25,57.7,58.09,111400
COHU,20110329,14.64,15.24,14.64,15.15,37100
COKE,20110329,65,65.47,64.64,65.47,49600
COLB,20110329,18.71,18.95,18.69,18.8,88300
COLM,20110329,57,57.58,56.93,57.42,163000
CONN,20110329,4.73,4.77,4.64,4.74,82200
COOL,20110329,3.22,3.3,2.95,3.27,1858100
CORE,20110329,33.11,33.73,33.11,33.39,26900
CORT,20110329,4.28,4.33,4.16,4.3,196200
COSI,20110329,1.3,1.3,1.23,1.26,130200
COST,20110329,71.26,71.95,70.78,71.9,1334500
COWN,20110329,4.1,4.17,4.06,4.13,294900
CPBC,20110329,4.72,4.72,4.72,4.72,100
CPGI,20110329,3.1,3.23,3.1,3.2,67300
CPHC,20110329,13.2,13.49,12.86,12.95,1100
CPHD,20110329,27.17,27.78,27.05,27.34,288800
CPIX,20110329,5.42,5.54,5.34,5.45,55400
CPLA,20110329,48.31,49.24,46.82,48.78,330600
CPLP,20110329,10.26,10.36,10.2,10.2,102700
CPNO,20110329,35.38,35.53,35.06,35.49,176000
CPRT,20110329,21.075,21.55,20.985,21.465,396800
CPRX,20110329,1.12,1.22,1.1,1.18,35800
CPSI,20110329,61.2,63.63,61.12,62.59,139300
CPSL,20110329,20.64,20.76,20.4,20.4,113000
CPSS,20110329,1.12,1.13,1.09,1.09,10300
CPST,20110329,1.84,1.87,1.75,1.86,8031400
CPTS,20110329,13.58,14.14,13.57,14.12,273200
CPWR,20110329,11.41,11.46,11.34,11.45,1645300
CRAI,20110329,27.25,27.71,27.14,27.68,25700
CRAY,20110329,6.29,6.33,6.22,6.28,96400
CRDC,20110329,3.41,3.56,3.41,3.53,105800
CREE,20110329,45.37,46.6,44.76,46.54,3605300
CREG,20110329,2.7,2.77,2.7,2.71,25700
CRESW,20110329,0.23,0.23,0.23,0.23,0
CRESY,20110329,18.32,18.47,18.25,18.36,78800
CRFN,20110329,4.13,4.13,4.1,4.1,2200
CRIS,20110329,3.22,3.34,3.16,3.28,604900
CRME,20110329,21.7,21.9,21.2,21.3,285500
CRMT,20110329,25.83,25.9,25.5,25.75,18000
CRNT,20110329,10.98,11.2,10.98,11.17,135600
CROX,20110329,17.31,17.6,17.16,17.52,1036600
CRRB,20110329,4.53,4.53,4.53,4.53,100
CRRC,20110329,13.2,13.82,13.15,13.8,23600
CRTX,20110329,6.56,7.19,6.55,7,93100
CRUS,20110329,21.45,21.62,21.02,21.34,1734500
CRVL,20110329,51.76,52.42,51.67,52.18,23000
CRWN,20110329,2.46,2.5,2.32,2.4,395700
CRWS,20110329,4.84,4.99,4.84,4.9,1000
CRZO,20110329,35.17,36.22,34.84,35.59,370700
CSBK,20110329,11.86,11.9,11.79,11.9,3900
CSCD,20110329,6.19,6.19,6.04,6.12,7300
CSCO,20110329,17.2,17.45,17.19,17.44,57191800
CSFL,20110329,6.94,6.98,6.82,6.86,19600
CSGP,20110329,60.06,62.31,59.91,61.83,116600
CSGS,20110329,19.3,19.41,19.28,19.38,150700
CSII,20110329,9.83,10.01,9.81,9.96,25000
CSIQ,20110329,11.41,11.68,11.3,11.47,789600
CSOD,20110329,18.33,18.75,17.95,18.35,152600
CSPI,20110329,4.4,4.41,4.4,4.41,2400
CSTR,20110329,45.69,46.64,45.69,46.5,605000
CSUN,20110329,4.16,4.2,4.11,4.16,245900
CSWC,20110329,90.06,90.5,89.99,90,4400
CTAS,20110329,29.46,29.77,29.36,29.76,635900
CTBI,20110329,27.58,27.77,27.49,27.69,19400
CTCH,20110329,3.53,3.55,3.48,3.49,2300
CTCM,20110329,22.87,23.4,22.65,23.25,279800
CTCT,20110329,33.5,34.38,32.81,34.09,674000
CTGX,20110329,12.73,12.8,12.55,12.79,40900
CTHR,20110329,3.65,3.69,3.64,3.66,8900
CTIB,20110329,5.3,5.4,5.17,5.18,4700
CTIC,20110329,1.65,2.1,1.65,1.9,32036300
CTRN,20110329,22.54,22.75,22.16,22.29,69200
CTRP,20110329,39.71,40.65,39.53,40.28,2024500
CTSH,20110329,79.64,80.93,79.15,80.93,1506200
CTWS,20110329,25.18,25.95,25.13,25.95,13400
CTXS,20110329,69.5,70.53,68.64,70.04,1610100
CU,20110329,42.77,43.05,42.45,42.97,538100
CUBA,20110329,7.33,7.38,7.33,7.34,5700
CUTR,20110329,8.37,8.55,8.29,8.51,33500
CVBF,20110329,8.52,9.2,8.5,8.84,2783300
CVCO,20110329,44.91,44.91,44.05,44.38,8900
CVCY,20110329,6.11,6.12,6,6.12,2200
CVGI,20110329,17.38,17.83,17.38,17.67,233000
CVGW,20110329,22.38,23.01,22.2,22.8,44900
CVLT,20110329,38.37,40.35,38.12,39.96,632500
CVLY,20110329,10.44,10.77,10.44,10.77,3000
CVTI,20110329,9.15,9.27,9.15,9.23,2400
CVV,20110329,10.96,11.1,10.57,10.97,12700
CWBC,20110329,4.5,4.51,4.5,4.5,1400
CWCO,20110329,11.05,11.68,10.83,11.43,215000
CWEI,20110329,102.19,103.65,100.45,101.97,39200
CWST,20110329,7.06,7.19,6.94,7.11,60100
CWTR,20110329,9.52,10.68,9.4,10.4,1384600
CXDC,20110329,5.5,5.52,5.35,5.42,203400
CXPO,20110329,3.88,3.99,3.84,3.9,104400
CY,20110329,19.63,19.85,19.44,19.85,1974100
CYAN,20110329,3.47,3.5,3.37,3.38,15400
CYBE,20110329,8.1,8.56,8.1,8.39,9600
CYBX,20110329,31.68,32.45,31.56,32.01,98900
CYCC,20110329,9.45,9.66,9.38,9.66,390600
CYCCP,20110329,3.88,3.88,3.86,3.88,1100
CYMI,20110329,54.51,55.53,54.51,55.38,307200
CYNO,20110329,12.89,13.35,12.89,13.35,43600
CYOU,20110329,30.89,32.49,30.71,32.24,300500
CYTK,20110329,1.45,1.5,1.42,1.48,347400
CYTR,20110329,6.02,6.23,6.02,6.23,181100
CYTX,20110329,7.5,7.64,7.2,7.64,811600
CYTXW,20110329,5.15,5.45,5.08,5.4,4100
CZFC,20110329,8.11,8.11,8.11,8.11,1100
CZNC,20110329,16.16,16.6,16.15,16.55,10900
CZWI,20110329,5.27,5.31,5.27,5.27,200
DAIO,20110329,5.97,5.98,5.85,5.95,9300
DAKT,20110329,10.9,11.05,10.85,10.9,122700
DARA,20110329,3.19,3.23,3.05,3.06,30400
DAVE,20110329,9.7,9.83,9.7,9.8,7200
DBLE,20110329,9.16,9.3,9.01,9.02,96100
DBLEP,20110329,25.87,26,25.85,26,2200
DCIX,20110329,11.98,12,11.94,11.98,31900
DCOM,20110329,14.36,14.56,14.23,14.4,115500
DCTH,20110329,7.28,7.53,7.27,7.47,508800
DECK,20110329,83.05,85.51,82.34,85.14,664600
DELL,20110329,14.72,14.9,14.61,14.77,16611000
DENN,20110329,4.12,4.17,4.05,4.14,308300
DEPO,20110329,9.21,10,9.1,9.73,2607500
DEST,20110329,22.01,22.4,21.8,22.39,144000
DFZ,20110329,12.24,12.76,12.08,12.6,51900
DGAS,20110329,15.8,16.185,15.7,15.89,3300
DGICA,20110329,12.91,13.08,12.75,12.87,17500
DGICB,20110329,17,17,17,17,0
DGII,20110329,10.38,10.59,10.33,10.52,75000
DGIT,20110329,30.14,30.96,30.06,30.57,108200
DGLY,20110329,1.42,1.45,1.4,1.42,18500
DHIL,20110329,78.63,79.05,78.63,78.99,3100
DHRM,20110329,4.96,5.1,4.91,4.96,15800
DIOD,20110329,32.54,33.05,32.5,32.82,567500
DISCA,20110329,38.99,39,38.48,38.6,2584000
DISCB,20110329,38.52,38.52,38.52,38.52,400
DISCK,20110329,34.29,34.29,33.84,34,1178800
DISH,20110329,24.2,24.27,24,24.19,1165500
DJCO,20110329,72,72,72,72,300
DLGC,20110329,21.55,23.15,21.25,22.75,12100
DLIA,20110329,1.8,1.83,1.78,1.8,71300
DLLR,20110329,20.58,20.83,20.35,20.48,218600
DLTR,20110329,27.51,27.765,27.45,27.58,877900
DMLP,20110329,28.36,29.15,28.34,28.9,37600
DMND,20110329,54.61,55.52,54.13,55.45,116700
DMRC,20110329,27.72,27.88,27.71,27.87,5400
DNBF,20110329,10.05,10.05,10.05,10.05,0
DNDN,20110329,34.45,36.17,34.35,35.88,6404600
DORM,20110329,19.275,19.975,19.275,19.97,80800
DOVR,20110329,4.5,4.6,4.25,4.28,47100
DRAD,20110329,2.55,2.57,2.5,2.53,16200
DRAM,20110329,13.14,13.5,13.14,13.2,34800
DRCO,20110329,16.78,17.18,16.76,16.94,77200
DRIV,20110329,36.79,36.84,36.38,36.56,578000
DRRX,20110329,3.47,3.61,3.47,3.6,240200
DRWI,20110329,7.53,8.25,7.5,8.15,707400
DRYS,20110329,4.96,5.01,4.91,4.96,6014800
DSCI,20110329,9.87,10.61,9.68,9.99,46500
DSCO,20110329,1.84,1.9,1.83,1.9,228400
DSGX,20110329,6.57,6.58,6.44,6.54,16100
DSPG,20110329,7.79,7.88,7.65,7.74,28300
DSWL,20110329,3.01,3.03,2.97,3,39000
DTLK,20110329,6.15,6.18,6.02,6.04,376500
DTSI,20110329,44.19,44.9,44.19,44.39,92900
DTV,20110329,46.05,46.42,45.73,46.33,3814200
DVAX,20110329,2.76,2.83,2.74,2.79,312500
DVOX,20110329,5.38,5.54,5.38,5.54,20700
DWA,20110329,26.7,26.9,26.62,26.89,419000
DWCH,20110329,5.45,5.54,5.45,5.54,2000
DWSN,20110329,43.31,43.9,43.02,43.5,82600
DXCM,20110329,15.04,15.66,14.96,15.61,635600
DXPE,20110329,21.95,22.16,21.95,22.08,84900
DXYN,20110329,4.44,4.54,4.31,4.54,11300
DYAX,20110329,1.51,1.54,1.49,1.51,709100
DYNT,20110329,5,5.3,4.8,4.9,68600
DYSL,20110329,4.5,4.85,4.5,4.63,53300
EBAY,20110329,30.35,31.15,30.29,31.08,10330300
EBIX,20110329,21.61,22.61,20.4,22.12,2509400
EBMT,20110329,11.54,11.55,11.51,11.55,1600
EBSB,20110329,13.84,13.84,13.67,13.83,57300
EBTC,20110329,14.75,14.75,14.75,14.75,0
ECHO,20110329,12.42,12.76,12.41,12.47,52100
ECOL,20110329,17.24,17.24,16.91,17.09,37500
ECPG,20110329,24.61,24.89,23.83,23.93,186400
ECTY,20110329,3.06,3.08,3,3.04,25700
ECYT,20110329,8.12,8.19,7.7,8.05,159000
EDAC,20110329,3.42,3.43,3.38,3.43,5900
EDAP,20110329,3.69,3.97,3.5,3.63,595800
EDGW,20110329,3.15,3.35,3.15,3.22,63000
EDMC,20110329,18.27,20.42,18.08,20.09,371500
EDS,20110329,7.06,7.1,7,7.08,13100
EDUC,20110329,6.16,6.2,5.85,5.96,32200
EEFT,20110329,18.86,19.2,18.68,19.05,104100
EEI,20110329,20.1,20.19,19.57,20,2200
EFII,20110329,14.17,14.6,14.13,14.52,133000
EFSC,20110329,13.3,13.7,13.3,13.67,15600
EFUT,20110329,5.56,5.56,5.52,5.52,700
EGBN,20110329,13.91,14.01,13.85,13.93,20700
EGHT,20110329,2.78,2.79,2.74,2.78,173500
EGLE,20110329,15.6,15.72,15.08,15.2,1055000
EGOV,20110329,12.03,12.14,11.97,12.04,463900
EHTH,20110329,12.75,13.1,12.69,13.1,51700
EIHI,20110329,12.93,13,12.93,13,2900
ELGX,20110329,6.63,6.83,6.49,6.82,254100
ELNK,20110329,7.8,7.87,7.77,7.82,1064700
ELON,20110329,9.48,9.85,9.42,9.84,361200
ELOS,20110329,12.44,12.68,12.29,12.6,118500
ELRC,20110329,15.74,16.27,15.74,16.27,25100
ELSE,20110329,4.37,4.37,4.31,4.35,3100
ELTK,20110329,1.13,1.16,1.13,1.15,5000
EMCF,20110329,17.4,17.4,17.4,17.4,100
EMCI,20110329,24.34,24.44,23.79,24.44,5600
EMFN,20110329,28.52,28.52,28.37,28.38,275900
EMIF,20110329,34.83,35.29,34.83,35.25,16700
EMITF,20110329,11.85,11.85,11.82,11.84,700
EMKR,20110329,9.24,9.8,9.08,9.52,1733800
EMMS,20110329,1.1,1.12,1.01,1.04,351400
EMMSP,20110329,16,16.5,15.5,15.5,159400
EMMT,20110329,27.66,27.85,27.66,27.83,1700
ENDP,20110329,34.8,35.14,34.65,34.73,646900
ENG,20110329,4.78,4.83,4.63,4.65,91000
ENMD,20110329,5.03,5.04,4.83,4.86,27000
ENOC,20110329,19.46,19.93,19.27,19.89,186500
ENSG,20110329,31.15,31.51,31.08,31.17,50400
ENTG,20110329,8.54,8.74,8.34,8.64,1377800
ENTR,20110329,8.01,8.3,7.9,8.3,1917800
ENZN,20110329,10.37,10.46,10.32,10.45,395200
EONC,20110329,1.59,1.59,1.51,1.52,3800
EPAX,20110329,10.64,10.71,10.59,10.63,43800
EPAY,20110329,23.77,24,23.6,23.93,121300
EPIQ,20110329,14.15,14.15,13.82,13.92,73900
EQIX,20110329,87.16,87.52,86.59,87.11,616300
ERIC,20110329,12.68,12.92,12.65,12.83,16629000
ERIE,20110329,70.19,70.62,69.99,70.15,39100
ERII,20110329,3.31,3.44,3.26,3.4,619500
EROC,20110329,10.22,10.24,10.15,10.21,160100
ESBF,20110329,11.7083,11.9167,11.65,11.85,5400
ESBK,20110329,17.25,17.25,17.25,17.25,5800
ESCA,20110329,5.65,5.79,5.65,5.77,7300
ESEA,20110329,4.63,4.79,4.62,4.63,56800
ESGR,20110329,96.72,97.7,96.3,97.7,26700
ESIO,20110329,17.07,17.48,17.06,17.21,34300
ESLT,20110329,54.15,54.2,53.95,54.2,6500
ESMC,20110329,1.2,1.27,1.2,1.2,2700
ESRX,20110329,55.1,55.38,54.76,55.37,2708000
ESSA,20110329,12.91,13.02,12.85,13.02,59400
ESSX,20110329,6.74,7.08,6.64,7.04,25400
ESYS,20110329,5.11,5.11,5.1,5.1,900
ETFC,20110329,15.6,15.65,15.29,15.44,3896500
ETRM,20110329,2.85,2.85,2.69,2.71,103900
EUFN,20110329,23.13,23.34,23.13,23.25,2200
EVBS,20110329,3.5,3.55,3.5,3.53,16600
EVEP,20110329,50.75,51.38,50.59,51.02,416500
EVOL,20110329,6.96,7.09,6.96,7.08,5200
EWBC,20110329,21.8,22.04,21.57,21.99,1005100
EXAC,20110329,17.52,17.96,17.42,17.86,44300
EXAR,20110329,6.08,6.15,6.02,6.05,40500
EXAS,20110329,6.47,6.67,6.36,6.67,939600
EXEL,20110329,11.53,11.83,11.37,11.82,1408700
EXFO,20110329,10.94,11.18,10.8,10.9,124500
EXLP,20110329,28.55,28.6,28.12,28.23,107300
EXLS,20110329,19.36,19.99,19.24,19.81,36300
EXPD,20110329,48.38,49,48.3,48.86,1218400
EXPE,20110329,21.65,22.05,21.53,21.99,4554600
EXPO,20110329,43.78,44.47,43.48,44.47,44200
EXTR,20110329,3.49,3.5,3.39,3.4,512900
EXXI,20110329,32.89,33.69,32.63,33.24,674300
EZCH,20110329,28.93,29.25,28.57,29.19,166600
EZPW,20110329,31.14,31.65,30.93,31.1,192400
FABK,20110329,13.78,13.78,13.78,13.78,0
FALC,20110329,4.51,4.7,4.49,4.6,121000
FARM,20110329,11.13,11.29,11.1,11.26,6100
FARO,20110329,36.73,37.74,36.72,37.47,54100
FAST,20110329,31.505,32.06,31.345,31.985,740600
FBIZ,20110329,11.88,11.88,11.88,11.88,0
FBMI,20110329,6.82,6.83,6.82,6.82,1700
FBMS,20110329,8.7,8.7,8.55,8.55,500
FBNC,20110329,12.89,13.11,12.66,13.11,25700
FBSS,20110329,13.35,13.79,13.35,13.71,600
FCAL,20110329,3.76,3.78,3.71,3.75,17900
FCAP,20110329,16.48,16.5,16.45,16.5,3500
FCBC,20110329,14,14.33,13.83,14.2,54500
FCCO,20110329,6.57,6.57,6.57,6.57,0
FCCY,20110329,8.56,8.56,8.56,8.56,500
FCEL,20110329,2.06,2.2,2.04,2.15,7498600
FCFC,20110329,7.04,7.13,6.95,6.99,2100
FCFS,20110329,38.86,40.13,38.75,39.13,338000
FCHI,20110329,51.47,51.47,51.47,51.47,200
FCLF,20110329,7.06,7.06,7.06,7.06,0
FCNCA,20110329,199.38,199.38,198,198,14100
FCTY,20110329,4.05,4.2,4.05,4.15,1600
FCVA,20110329,3.89,3.89,3.89,3.89,0
FCZA,20110329,4.25,4.25,4.12,4.23,3600
FDEF,20110329,14,14.06,13.91,13.98,65600
FDML,20110329,24.74,24.8,24.47,24.69,325600
FEFN,20110329,24.86,24.86,24.79,24.86,300
FEIC,20110329,33.03,33.8,32.9,33.5,256000
FEIM,20110329,9.73,10.27,9.5,10.13,67900
FELE,20110329,21.855,22.35,21.685,22.17,70200
FFBC,20110329,16.16,16.34,16.13,16.29,148200
FFBCW,20110329,5.75,5.75,5.75,5.75,0
FFBH,20110329,2.85,2.96,2.72,2.83,19100
FFCH,20110329,10.43,11.12,10.35,11.02,50500
FFCO,20110329,13.73,13.79,13.73,13.79,1000
FFEX,20110329,3.47,3.48,3.39,3.39,13200
FFHL,20110329,4.25,4.37,4.13,4.28,14100
FFIC,20110329,14.92,15.12,14.83,14.94,189900
FFIN,20110329,33.6,33.8533,33.34,33.8533,34000
FFIV,20110329,93.93,98.13,93.41,97.4,3785500
FFKT,20110329,7.5,7.5,7.5,7.5,300
FFKY,20110329,3.99,3.99,3.99,3.99,300
FFNM,20110329,3.73,3.74,3.5,3.74,4000
FFNW,20110329,5.55,5.64,5.55,5.59,7800
FHCO,20110329,4.9,5.06,4.89,5.05,38800
FIBK,20110329,13.51,13.69,13.51,13.63,27900
FINL,20110329,18.9,19.23,18.82,19.12,966800
FIRE,20110329,25.88,27.01,25.85,26.94,166300
FISI,20110329,17.38,17.68,17.32,17.64,29400
FISV,20110329,61.22,62.22,61,62.14,640900
FITB,20110329,13.79,13.93,13.75,13.93,8618800
FITBP,20110329,148,149,148,149,26400
FIZZ,20110329,13.58,13.92,13.56,13.89,13100
FLDM,20110329,15.87,15.87,15.2,15.6,35200
FLEX,20110329,7.26,7.6,7.13,7.43,9176500
FLIC,20110329,26.97,27.09,26.84,27.09,5400
FLIR,20110329,33.76,34.11,33.46,34.11,714000
FLML,20110329,6.05,6.23,6.03,6.16,448300
FLOW,20110329,4.3,4.55,4.3,4.44,249400
FLWS,20110329,3.23,3.27,3.11,3.26,152400
FLXS,20110329,15.13,15.45,14.77,15.01,6000
FMBI,20110329,11.59,11.69,11.49,11.61,274600
FMCN,20110329,29.54,30.1,29.18,29.93,1533700
FMER,20110329,16.96,17.16,16.83,16.99,1051000
FMFC,20110329,4.11,4.19,4.1,4.13,6000
FNBN,20110329,0.33,0.33,0.3,0.3,13100
FNFG,20110329,13.83,13.89,13.71,13.76,2401300
FNGN,20110329,26.14,27.19,25.83,26.91,273400
FNLC,20110329,14.83,15.06,14.82,15.02,8200
FNSR,20110329,22.21,22.8,21.82,22.47,3793000
FOLD,20110329,6.34,6.37,6.28,6.37,13600
FONE,20110329,27.95,28.21,27.95,28.15,16800
FONR,20110329,1.71,1.8,1.71,1.73,20900
FORD,20110329,3.87,3.95,3.86,3.88,8700
FORM,20110329,10.43,10.74,10.33,10.56,413400
FORR,20110329,38.68,38.68,38.1,38.37,17900
FORTY,20110329,18.79,18.98,18.42,18.76,6900
FOSL,20110329,88.46,90.18,87.59,90.05,725500
FRBK,20110329,2.84,2.84,2.65,2.75,100200
FRED,20110329,13.12,13.17,13,13.1,193000
FREE,20110329,27.4,28,27.3,27.5,5200
FRME,20110329,8.15,8.35,8.15,8.3,29800
FRP,20110329,16.57,16.9,16.4,16.52,203200
FSBK,20110329,5.26,5.34,4.94,4.95,32900
FSCI,20110329,30.12,30.9,29.99,30.83,11100
FSFG,20110329,15.35,15.5,15.25,15.25,1100
FSGI,20110329,0.85,0.94,0.74,0.87,28200
FSLR,20110329,153.38,157.82,152.25,156.08,1086200
FSRV,20110329,36.58,36.86,36.19,36.67,104200
FSTR,20110329,41.67,42.43,41.22,42.15,33200
FSYS,20110329,25.77,25.88,25.57,25.75,201400
FTEK,20110329,8.83,8.91,8.83,8.89,80600
FTNT,20110329,21.05,21.8,20.925,21.7,688600
FUBC,20110329,6.89,7.03,6.83,6.98,101400
FULL,20110329,8.21,8.22,8.01,8.01,32700
FULT,20110329,10.92,11,10.78,10.84,814500
FUNC,20110329,3.2,3.2,3.05,3.2,500
FUND,20110329,8.15,8.25,8.13,8.23,58000
FURX,20110329,16.52,16.7,16.36,16.54,24800
FWLT,20110329,35.81,36.43,35.55,36.27,843800
FWRD,20110329,28.65,29.11,28.59,29.11,185900
FXCB,20110329,13.74,13.99,13.68,13.89,32800
FXEN,20110329,8.11,8.17,7.86,7.96,443800
GABC,20110329,16.75,17.02,16.74,17.02,12500
GAGA,20110329,9.03,9.15,8.71,9.15,2900
GAI,20110329,7.77,7.77,7.77,7.77,0
GAIA,20110329,6.45,6.54,6.4,6.5,17200
GAIN,20110329,7.81,7.92,7.73,7.82,51700
GAME,20110329,6.44,6.53,6.34,6.4,640100
GASS,20110329,6.15,6.15,6,6.05,56500
GBCI,20110329,14.83,15.09,14.82,14.9,511800
GBDC,20110329,16.23,16.27,16,16.16,20400
GBLI,20110329,21.1,21.61,21.1,21.58,15800
GBNK,20110329,1.27,1.3,1.25,1.27,41200
GCBC,20110329,18,18,18,18,200
GCFB,20110329,3.9,3.9,3.71,3.76,3700
GCOM,20110329,11.6,12.17,11.6,12.04,46700
GENC,20110329,7.83,7.99,7.83,7.9,12800
GENE,20110329,2.2,2.3,2.19,2.28,21100
GENT,20110329,12.2,12.2,10.21,10.58,118900
GERN,20110329,4.92,5.05,4.87,4.96,2555500
GEVO,20110329,19.59,20.5,19.5,19.8,415200
GFED,20110329,6.1,6.25,6.06,6.25,7300
GFN,20110329,3.26,3.51,3.26,3.5,3000
GFNCL,20110329,3.51,3.51,3.51,3.51,0
GGAL,20110329,12.58,12.64,12.23,12.32,370300
GHDX,20110329,24.5,24.56,24.37,24.52,124800
GIFI,20110329,31.49,33,31.4,32.29,127500
GIGA,20110329,2.17,2.66,2.17,2.64,88700
GIGM,20110329,1.49,1.5,1.39,1.41,1295900
GIII,20110329,34.26,35,34.06,34.9,83800
GILD,20110329,20.885,21.035,20.82,21.025,4810200
GILT,20110329,5.21,5.35,5.21,5.32,142000
GIVN,20110329,18.88,19.07,18.78,19.05,18300
GKNT,20110329,23.09,25.05,23,25,42200
GLAD,20110329,11.31,11.39,11,11.33,175100
GLBS,20110329,8.54,8.6,8.54,8.6,400
GLBZ,20110329,7.49,7.5,7.45,7.45,600
GLCH,20110329,1.83,1.83,1.75,1.78,200100
GLDC,20110329,3.16,3.16,3.03,3.13,2900
GLDD,20110329,7.46,7.46,7.24,7.29,293900
GLNG,20110329,24.62,24.66,24.1,24.31,565100
GLPW,20110329,27.66,28.25,27.62,28.01,102200
GLRE,20110329,27.63,28.19,27.61,27.98,80000
GLUU,20110329,4.15,4.17,4.02,4.06,697100
GMAN,20110329,16.27,16.75,16,16.63,24200
GMCR,20110329,63.43,64.26,62.8,64.13,2337400
GMETP,20110329,14,14,14,14,0
GNCMA,20110329,10.7,10.8,10.53,10.75,111500
GNMK,20110329,3.73,4.2,3.73,4.15,28900
GNTX,20110329,29.14,29.69,28.66,29.45,742000
GNVC,20110329,0.41,0.42,0.38,0.4,762000
GOLD,20110329,73.95,74.63,73.45,73.8,533200
GOOD,20110329,17.66,18.21,17.52,18.15,52500
GOODO,20110329,24.3,24.3,24.23,24.23,1800
GOODP,20110329,24.56,24.56,24.56,24.56,400
GOOG,20110329,576.01,581.89,573.01,581.73,1605100
GPIC,20110329,7,7,6.95,6.99,4900
GPOR,20110329,34.1,35.05,33.25,34.36,742500
GPRC,20110329,4.96,4.96,4.64,4.88,52300
GPRE,20110329,11.84,11.93,11.73,11.76,124100
GRID,20110329,34,34.42,33.93,34.4,28100
GRIF,20110329,30.88,31.55,30.88,31.55,800
GRMN,20110329,33.79,34.26,33.77,34.15,850500
GROW,20110329,8.13,8.17,8,8.07,27500
GRVY,20110329,1.95,2,1.89,1.92,23800
GSBC,20110329,20.23,20.7,20.18,20.56,28300
GSIG,20110329,11.61,11.8,10.7,10.78,459600
GSIT,20110329,8.86,9.18,8.77,9.13,70800
GSM,20110329,22.39,22.68,22.03,22.38,690600
GSOL,20110329,10.84,11.13,10.81,11.11,37300
GTIM,20110329,1.8,1.8,1.8,1.8,200
GTIV,20110329,27.81,28.41,27.74,27.91,147400
GTLS,20110329,52.07,53.37,51.59,53.13,204300
GTXI,20110329,2.54,2.57,2.46,2.47,62200
GUID,20110329,7.91,8.41,7.91,8.39,13900
GULF,20110329,16.37,16.62,16.37,16.4,5500
GYRO,20110329,71.07,74.3,71.07,73.25,1500
HA,20110329,6.01,6.19,6.01,6.14,1448300
HAFC,20110329,1.23,1.24,1.22,1.24,126200
HAIN,20110329,32.4,33.03,32.39,33.02,542000
HALL,20110329,8.07,8.16,8.05,8.14,19900
HALO,20110329,6.54,6.68,6.52,6.68,238600
HAS,20110329,46.82,47.02,46.41,46.84,2128000
HAST,20110329,4.76,4.95,4.76,4.85,19100
HAUP,20110329,1.96,1.96,1.88,1.91,25700
HAYN,20110329,52.84,53.96,52.44,53.9,42200
HBAN,20110329,6.57,6.66,6.56,6.64,7330800
HBANP,20110329,1170,1178.9,1169.8,1178.9,100
HBCP,20110329,14.36,14.55,14.36,14.55,1200
HBHC,20110329,31.91,32.83,31.91,32.45,225500
HBIO,20110329,5.52,6.21,5.51,6.04,582000
HBNC,20110329,12.2222,12.4445,12.2222,12.3555,800
HBNK,20110329,12.9,12.9,12.84,12.9,400
HBOS,20110329,12.85,12.85,12.53,12.71,17500
HCBK,20110329,10.11,10.15,9.67,9.72,12142300
HCCI,20110329,13.49,14,12.97,14,43700
HCIIP,20110329,10.15,10.15,10.15,10.15,0
HCKT,20110329,3.72,3.82,3.72,3.82,72600
HCSG,20110329,17.43,17.6,17.35,17.47,208900
HDNG,20110329,13.18,13.55,13.18,13.48,40400
HDSN,20110329,1.93,1.96,1.85,1.93,51700
HEES,20110329,18.67,19.48,18.5,19.47,153600
HELE,20110329,27.82,28.19,27.81,28.17,116200
HEOP,20110329,3.5,3.5,3.35,3.49,15400
HERO,20110329,5.8,5.92,5.74,5.9,2497100
HFBC,20110329,9.18,9.18,9.18,9.18,0
HFBL,20110329,13.1,13.1,13.1,13.1,200
HFFC,20110329,11.16,11.16,11.14,11.16,2000
HFWA,20110329,14.27,14.46,14.08,14.44,29000
HGSH,20110329,2.68,2.7,2.45,2.6,5700
HIBB,20110329,34.1,34.15,33.39,34.01,385300
HIFS,20110329,48.59,48.59,48.59,48.59,0
HIHO,20110329,3.22,3.22,3.22,3.22,0
HILL,20110329,2.5,3.13,2.48,2.8,1691700
HIMX,20110329,2.35,2.4,2.35,2.37,125100
HITK,20110329,21.32,21.57,20.92,21,147300
HITT,20110329,61.98,63.91,61.5,63.56,197200
HLIT,20110329,8.83,9.15,8.78,9.14,566500
HMIN,20110329,38.27,38.68,37.69,38.21,655400
HMNF,20110329,2.8,2.8,2.58,2.58,6100
HMPR,20110329,20.25,20.75,20,20.75,32300
HMSY,20110329,27.11,27.63,27,27.47,186700
HNH,20110329,10.73,12,10.71,11.61,9000
HNRG,20110329,10.8,10.88,10.8,10.88,500
HNSN,20110329,2.04,2.09,2,2.01,236500
HOFT,20110329,11.77,11.88,11.67,11.83,10200
HOGS,20110329,15.17,15.38,15.09,15.1,287900
HOLI,20110329,13.14,13.23,13,13.08,72300
HOLL,20110329,1.76,1.8,1.76,1.78,8500
HOLX,20110329,21.94,22.31,21.8,22.28,2017700
HOMB,20110329,22.33,22.48,22.28,22.4,25900
HOME,20110329,11.7,11.73,11.61,11.63,21000
HOTT,20110329,5.89,5.91,5.54,5.56,1000300
HOVNP,20110329,7,7,7,7,0
HPCCP,20110329,25.66,25.99,25.66,25.99,400
HPJ,20110329,3.41,3.41,3.3,3.33,65500
HPOL,20110329,0.99,0.99,0.96,0.99,22900
HRZN,20110329,16.01,16.05,15.81,15.96,22700
HSIC,20110329,67.88,68.98,67.55,68.85,460400
HSII,20110329,26.47,26.89,26.28,26.76,30700
HSKA,20110329,6.13,6.35,6.12,6.26,2100
HSNI,20110329,31.26,31.59,30.86,31.52,305100
HSOL,20110329,7.52,7.66,7.38,7.46,934200
HSTM,20110329,7.31,7.7,7.31,7.68,40900
HTBK,20110329,4.71,4.71,4.71,4.71,0
HTCH,20110329,2.77,2.83,2.75,2.83,47200
HTCO,20110329,9,9.05,8.92,9.02,10800
HTHT,20110329,16.95,17.11,16.91,16.95,185700
HTLD,20110329,16.8,17.03,16.71,16.95,261100
HTLF,20110329,16.39,16.73,16.39,16.72,10400
HTWR,20110329,90.09,90.09,87.68,88.56,80100
HUBG,20110329,34.52,34.72,34,34.49,175500
HURC,20110329,30.15,30.27,29.5,29.89,37400
HURN,20110329,26.11,26.69,26.01,26.67,59300
HWAY,20110329,15.37,15.47,14.95,15.15,166000
HWBK,20110329,9.22,9.25,9.19,9.25,800
HWCC,20110329,14.52,14.88,14.37,14.6,64900
HWKN,20110329,40,40.91,39.98,40.47,15900
HYGS,20110329,4.69,5.1,4.6,5.05,45400
IACI,20110329,30.1,30.88,30.02,30.73,912400
IART,20110329,46.3,46.83,45.56,46.65,115200
IBB,20110329,96.76,97.85,96.5,97.82,682100
IBCA,20110329,2.63,2.63,2.44,2.48,86000
IBCP,20110329,3.18,3.34,3.18,3.31,108400
IBCPO,20110329,13,13,13,13,0
IBKC,20110329,58.42,58.7,57.77,58.31,87800
IBKR,20110329,15.92,15.95,15.77,15.82,291000
IBOC,20110329,17.98,18.14,17.96,18.08,193500
ICAD,20110329,1.18,1.19,1.15,1.15,115400
ICCC,20110329,3.6,3.6,3.6,3.6,0
ICFI,20110329,20.39,20.84,20.2,20.42,115800
ICGE,20110329,13.4,14.07,13.4,14.03,169000
ICLN,20110329,18.35,18.6,18.34,18.6,17600
ICLR,20110329,21.75,21.87,21.55,21.85,137400
ICON,20110329,20.02,20.12,19.71,20.11,705900
ICUI,20110329,42.86,43.11,42.37,42.62,45600
IDCC,20110329,43.65,43.9,42.62,43.51,1413900
IDIX,20110329,3.18,3.29,3.16,3.27,56700
IDRA,20110329,2.68,2.68,2.63,2.66,4900
IDSA,20110329,11.83,11.84,10.83,10.89,129600
IDSY,20110329,4.6,4.71,4.5,4.7,21700
IDTI,20110329,7.41,7.51,7.24,7.51,1573500
IDXX,20110329,76.12,76.94,76.12,76.85,124100
IESC,20110329,3.45,3.53,3.44,3.44,5800
IFAS,20110329,30.2,30.32,30.2,30.32,8300
IFEU,20110329,32.29,32.52,32.29,32.52,36700
IFGL,20110329,30.78,31.02,30.75,31.02,336100
IFNA,20110329,41.32,41.33,41.32,41.33,400
IFON,20110329,0.96,0.96,0.89,0.96,2100
IFSM,20110329,39.26,39.3,39.06,39.24,3200
IGLD,20110329,28.69,29.16,28.64,29.16,32600
IGOI,20110329,34.8,36.72,34.44,35.04,330900
IGOV,20110329,104.36,104.64,104.17,104.25,16000
IGTE,20110329,17.94,18.59,17.45,18.57,505400
III,20110329,2.14,2.2,2.14,2.18,34000
IIIN,20110329,14.06,14.26,13.88,14.18,55800
IIJI,20110329,7.29,7.35,7.26,7.34,3500
IILG,20110329,15.69,16.29,15.68,16.21,105700
IIN,20110329,4.17,4.17,3.94,4.11,13800
IIVI,20110329,25.03,25.03,24.62,24.75,192300
IKAN,20110329,1.16,1.17,1.15,1.16,51900
IKNX,20110329,8.14,8.51,8.14,8.51,200
ILMN,20110329,65.75,68.42,65.53,67.86,2330200
IMGN,20110329,8.59,8.76,8.5,8.61,465900
IMKTA,20110329,19.22,19.65,19.2,19.57,8600
IMMR,20110329,6.79,7.32,6.79,7.32,291700
IMMU,20110329,3.46,3.7,3.46,3.65,872100
IMOS,20110329,8.59,8.86,8.54,8.8,62800
IMRS,20110329,7.29,7.4,7.29,7.37,32200
INAP,20110329,6.43,6.68,6.4,6.62,303100
INCY,20110329,14.74,14.99,14.64,14.85,617100
INDB,20110329,25.89,26.13,25.82,25.89,32100
INDY,20110329,29.2,29.54,29.15,29.54,151500
INFA,20110329,50.37,51.06,50,50.79,680000
INFI,20110329,5.43,5.68,5.41,5.67,5100
INFN,20110329,8.3,8.41,8.23,8.28,562200
ININ,20110329,36.82,37.86,36.82,37.78,73800
INOC,20110329,1.51,1.51,1.51,1.51,0
INOD,20110329,2.5,2.51,2.43,2.48,30800
INPH,20110329,5.88,7,5.84,6.81,720800
INSM,20110329,0.5,0.5,0.5,0.5,0
INTC,20110329,20.28,20.29,19.98,20.28,59545100
INTG,20110329,21.89,21.89,21.88,21.89,1200
INTL,20110329,25,25.32,24.96,25.31,36100
INTT,20110329,3.84,3.85,3.74,3.82,47800
INTU,20110329,51.02,51.83,50.87,51.75,1516900
INTX,20110329,11.51,12,11.5,12,98900
INVE,20110329,2.71,2.71,2.59,2.6,28000
INWK,20110329,7.3,7.37,7.23,7.32,207600
IOSP,20110329,29.35,29.5,29.14,29.33,50100
IPAR,20110329,17.82,18.22,17.76,18.22,24900
IPAS,20110329,1.56,1.58,1.51,1.55,811400
IPCC,20110329,57.59,58.44,57.54,58.11,17800
IPCI,20110329,3.99,4,3.58,3.58,45500
IPCM,20110329,43.08,43.5,42.61,43.2,70900
IPGP,20110329,59.35,59.61,55.76,56.1,623000
IPHS,20110329,44.03,45.1,43.81,44.8,134100
IPXL,20110329,25.2,25.47,24.98,25.06,906500
IRBT,20110329,32.04,32.06,31.42,31.67,353100
IRDM,20110329,8.86,8.9,8.7,8.72,422100
IRDMZ,20110329,1.51,1.59,1.46,1.55,56300
IRIX,20110329,4.34,4.39,4.3,4.3,5300
IRWD,20110329,13.4,14.13,13.4,13.97,408400
ISBC,20110329,14.51,14.64,14.41,14.53,237200
ISCA,20110329,29.21,29.5,29.12,29.26,78600
ISHG,20110329,106.91,107.01,106.71,106.76,4900
ISIG,20110329,6.74,6.83,6.72,6.76,190600
ISIL,20110329,12.14,12.31,11.97,12.28,1197900
ISIS,20110329,8.57,8.84,8.57,8.8,437800
ISLE,20110329,9.27,9.37,9.11,9.37,49200
ISNS,20110329,13.51,13.51,13.5,13.5,500
ISRG,20110329,330.01,336.15,327.35,335.29,266400
ISRL,20110329,64.1,64.42,64.1,64.42,400
ISSC,20110329,5.74,5.83,5.74,5.75,7200
ISSI,20110329,9.32,9.39,9.15,9.28,143600
ITIC,20110329,31.74,32.79,31.46,31.46,6400
ITMN,20110329,45.48,46.27,44.94,46.01,596400
ITRI,20110329,53,54.94,52.47,54.84,632000
ITRN,20110329,15.05,15.23,14.87,14.9,41800
IVAC,20110329,12.64,12.64,12.25,12.48,25200
IVAN,20110329,2.97,3,2.87,2.91,1202100
IXYS,20110329,12.83,12.99,12.79,12.97,40300
JACK,20110329,22.38,22.7,22.36,22.66,256600
JADE,20110329,3.85,4.34,3.85,4.05,2035500
JAKK,20110329,18.79,18.99,18.57,18.96,104100
JASO,20110329,34.8,35.5,34.05,35.05,9028100
JAXB,20110329,6.74,6.75,6.74,6.75,600
JAZZ,20110329,30.17,32.34,30,32.12,1421600
JBHT,20110329,43.51,43.91,43.3,43.81,444600
JBLU,20110329,6.31,6.44,6.27,6.36,4522200
JBSS,20110329,11.55,11.57,11.44,11.57,22500
JCOM,20110329,29.21,29.42,29.1,29.4,353400
JCS,20110329,15.2,15.35,15.17,15.2,7900
JCTCF,20110329,10.2,10.24,10.2,10.24,4600
JDSU,20110329,19.29,19.96,18.94,19.71,10552000
JFBI,20110329,3.6,3.71,3.4,3.71,3200
JJSF,20110329,46.1,46.66,45.8,46.33,24700
JKHY,20110329,32.64,33,32.42,32.96,364500
JMBA,20110329,2.18,2.28,2.17,2.21,578000
JOBS,20110329,61.71,62.76,60.72,62.05,63700
JOEZ,20110329,0.98,0.99,0.88,0.92,426500
JOSB,20110329,47.8,48.72,47.17,48.72,526800
JOUT,20110329,15.53,15.57,14.33,14.64,37000
JRCC,20110329,23.93,24.07,23.65,23.97,1191900
JRJC,20110329,4.44,4.47,4.35,4.37,92800
JST,20110329,11.44,11.75,11.4,11.62,55100
JVA,20110329,5.67,5.94,5.51,5.7,239400
JXSB,20110329,12.75,12.75,12.75,12.75,0
KALU,20110329,48.9,49.12,48.64,49,201300
KBALB,20110329,7.08,7.19,7.03,7.17,22300
KCAP,20110329,8.15,8.16,8.03,8.06,81800
KCLI,20110329,31.62,32.37,31.62,32.37,9700
KELYA,20110329,21.05,21.05,20.52,20.93,72100
KELYB,20110329,21.3,21.3,21.3,21.3,0
KEQU,20110329,11.49,11.56,11.45,11.55,9700
KERX,20110329,5.01,5.19,5,5.19,2427200
KEYN,20110329,17.94,18.11,17.61,18,103500
KEYW,20110329,12.46,12.65,12.07,12.42,163500
KFFB,20110329,8.45,8.45,8.45,8.45,0
KFRC,20110329,17.5,17.76,17.45,17.68,82900
KGJI,20110329,2.28,2.45,2.26,2.41,141000
KINS,20110329,3.09,3.09,3.09,3.09,0
KIPS,20110329,6.3,6.56,6.1,6.1,23600
KIRK,20110329,15.18,15.38,15.05,15.35,52000
KLAC,20110329,47.05,47.71,46.64,47.54,1604200
KLIC,20110329,9.42,9.53,9.27,9.36,1113200
KNDI,20110329,3.61,3.62,3.43,3.43,228600
KONA,20110329,4.89,4.92,4.89,4.92,400
KONE,20110329,2.16,2.17,2.1,2.1,25600
KONG,20110329,9.89,10.02,9.79,9.89,135100
KOOL,20110329,1.98,2.07,1.95,2.07,169100
KOPN,20110329,4.45,4.48,4.41,4.43,177200
KOSS,20110329,7.22,7.25,7.15,7.21,2400
KRNY,20110329,9.73,9.94,9.73,9.94,7000
KSWS,20110329,10.22,10.5,9.99,10.5,146800
KTCC,20110329,5.06,5.09,5,5,34700
KTEC,20110329,21.22,21.22,20.18,20.18,12400
KTOS,20110329,13.92,14.1,13.77,14.01,132100
KUTV,20110329,3.87,3.94,3.61,3.67,66300
KVHI,20110329,14.65,14.89,14.38,14.79,51200
LABC,20110329,14.95,14.95,14.95,14.95,4500
LABL,20110329,19.21,19.7,19.2,19.38,14900
LACO,20110329,3.17,3.17,3.02,3.14,22300
LAKE,20110329,8.75,8.77,8.44,8.67,13300
LAMR,20110329,36.33,37.1,36.31,36.94,288300
LANC,20110329,58.94,60.03,58.53,59.78,78900
LARK,20110329,16.5,16.5,16.5,16.5,0
LAWS,20110329,22.4,22.56,22.3,22.55,7400
LAYN,20110329,33.62,34.49,32.85,34.44,155300
LBAI,20110329,9.86,10.05,9.64,9.84,58500
LBIX,20110329,3.16,3.36,3.16,3.24,5900
LBTYA,20110329,42.04,42.53,41.68,42.19,699100
LBTYB,20110329,42.65,42.65,42.65,42.65,200
LBTYK,20110329,39.93,40.56,39.62,40.11,279700
LCAV,20110329,6.76,6.88,6.76,6.81,29100
LCUT,20110329,13.6,13.95,13.37,13.94,14600
LEAP,20110329,15.34,15.68,15.21,15.65,1802600
LECO,20110329,36.835,37.165,36.315,37.135,135000
LEDR,20110329,2.53,2.55,2.29,2.36,43500
LEDS,20110329,15.31,15.8,15.16,15.75,172300
LFUS,20110329,56,56.56,55.91,56.38,69800
LGCY,20110329,31.49,31.49,30.78,30.85,79900
LGND,20110329,9.99,10.1,9.87,10,82500
LHCG,20110329,28.17,28.83,28.07,28.72,131600
LIFE,20110329,50.41,51.37,50.15,51.26,1488600
LIME,20110329,4.8,4.95,4.71,4.86,51500
LINC,20110329,15.83,16.02,15.36,15.88,253700
LINE,20110329,39.11,39.11,38.7,38.75,859100
LINTA,20110329,15.82,15.94,15.67,15.89,8078400
LINTB,20110329,15.74,15.89,15.74,15.89,1400
LION,20110329,7.75,7.75,7.74,7.74,6200
LIOX,20110329,3.2,3.23,3.1,3.12,192100
LIVE,20110329,3.9,3.92,3.9,3.9,1400
LIWA,20110329,8.54,8.75,8.28,8.7,258300
LKFN,20110329,22.44,22.67,22.44,22.5,10200
LLEN,20110329,7.01,7.1,6.98,6.99,203400
LLNW,20110329,6.95,6.97,6.78,6.86,2229900
LLTC,20110329,33.01,33.55,32.79,33.5,1865800
LMAT,20110329,6.83,6.83,6.62,6.79,12700
LMCA,20110329,73.69,74.97,73.69,74.83,182700
LMIA,20110329,19.2,19.99,19.2,19.99,16000
LMNR,20110329,23.41,23.7,23.29,23.67,9600
LMNX,20110329,18.38,18.69,18.3,18.5,100000
LNBB,20110329,5.5,5.5,5.5,5.5,16200
LNCE,20110329,20,20.39,19.76,20.39,401600
LNDC,20110329,6.18,6.39,6.15,6.38,88900
LOAN,20110329,1.52,1.52,1.5,1.5,3700
LOCM,20110329,3.61,3.77,3.6,3.74,173300
LOGI,20110329,18.02,18.22,17.98,18.19,690400
LOGM,20110329,40.49,43.19,40.49,42.74,407300
LOJN,20110329,4.64,4.64,4.58,4.61,60000
LONG,20110329,14.46,14.49,13.89,14.15,21100
LOOK,20110329,1.52,1.63,1.52,1.61,34700
LOPE,20110329,14.37,14.37,13.93,14.12,688400
LORL,20110329,77.93,78,77.5,77.98,74700
LPHI,20110329,7.7,7.78,7.5,7.54,109900
LPLA,20110329,35.49,35.92,35.37,35.75,68000
LPNT,20110329,38.67,39.06,38.46,39.04,338100
LPSB,20110329,9.64,9.68,9.64,9.68,11300
LPSN,20110329,11.95,12.43,11.88,12.35,823100
LPTH,20110329,2.2,2.2,2.02,2.08,134000
LQDT,20110329,16.58,17.19,16.5,16.84,45600
LRAD,20110329,2.56,2.6,2.55,2.58,8500
LRCX,20110329,54.75,56.25,54.66,55.8,1325400
LSBI,20110329,15.4,15.4,15.4,15.4,100
LSBK,20110329,10.06,10.06,10.06,10.06,0
LSCC,20110329,6.14,6.25,6.07,6.11,1164400
LSTR,20110329,44,44.44,43.79,44.37,232200
LTBR,20110329,5.45,5.61,5.44,5.57,92700
LTON,20110329,1.41,1.43,1.35,1.39,40600
LTRE,20110329,8.77,8.97,8.77,8.96,4000
LTRX,20110329,3.66,3.66,3.66,3.66,6200
LTXC,20110329,8.68,9.09,8.67,9.02,926800
LUFK,20110329,89.61,91.61,89.38,91.3,304700
LULU,20110329,43.545,44.625,43.055,44.585,5896000
LUNA,20110329,1.75,1.79,1.7,1.71,8200
LWAY,20110329,9.68,9.75,9.55,9.71,17200
LXRX,20110329,1.75,1.78,1.71,1.73,676900
LYTS,20110329,7.22,7.35,7.19,7.28,28100
MAGS,20110329,3.07,3.11,3.06,3.11,13400
MAKO,20110329,21.02,21.75,20.89,21.71,359200
MANH,20110329,31.51,31.99,31.51,31.91,81500
MANT,20110329,41.9,42.29,41.87,42.19,94100
MARPS,20110329,21.99,22.6,21.57,21.8,2100
MASC,20110329,6.91,7.18,6.88,7,49200
MASI,20110329,32.51,32.9,32.5,32.59,461800
MAT,20110329,24.93,25.1,24.8,25,3075200
MATW,20110329,36.64,37.13,36.38,37.12,65900
MAXY,20110329,5.21,5.34,5.2,5.33,97000
MBFI,20110329,20.16,20.26,19.91,19.95,235100
MBLX,20110329,9.42,10.05,9.31,9.89,154500
MBND,20110329,5.85,6.05,5.7,5.79,179100
MBRG,20110329,15.03,15.59,14.95,15,3500
MBTF,20110329,1.49,1.5,1.48,1.5,3200
MBVT,20110329,25.27,25.36,25.1,25.36,4300
MBWM,20110329,9.7,9.86,9.66,9.67,33400
MCBC,20110329,2.68,2.79,2.63,2.63,44700
MCBI,20110329,6.24,6.59,6.24,6.44,1700
MCGC,20110329,6.39,6.53,6.35,6.45,287000
MCHP,20110329,37.86,38.02,37.5,37.86,5001700
MCHX,20110329,7.44,7.9,7.42,7.67,70800
MCOX,20110329,33.05,33.2,31.15,31.65,359600
MCRI,20110329,10.2,10.25,10.15,10.19,9000
MCRL,20110329,13.14,13.46,13.1,13.36,220000
MCRS,20110329,48.81,49.19,48.62,48.82,590500
MDAS,20110329,14.95,15.14,14.84,14.88,515900
MDCA,20110329,16.89,16.95,16.68,16.73,43000
MDCI,20110329,8.49,8.54,8.33,8.45,35200
MDCO,20110329,16.1,16.36,16.02,16.26,153400
MDH,20110329,2.51,2.54,2.51,2.51,5700
MDRX,20110329,20.82,21,20.74,20.96,1620500
MDSO,20110329,25.29,25.91,25.28,25.46,334300
MDVN,20110329,17.07,18.24,17.02,18.17,320500
MEAD,20110329,3.7,3.7,3.7,3.7,0
MEAS,20110329,32.9,33.25,32.68,33.16,36700
MELA,20110329,3.12,3.17,3.04,3.17,215700
MELI,20110329,75.18,79.98,75.16,78.64,1834900
MEMS,20110329,3.5,3.7,3.49,3.54,35800
MENT,20110329,15.06,15.17,14.61,14.67,2632300
MEOH,20110329,30.37,30.88,30.28,30.82,289500
MERC,20110329,13.36,13.7,12.98,13.7,367400
MERU,20110329,18.5,20.3,18.5,20.24,290200
METR,20110329,12.28,12.58,12.2,12.56,25100
MFI,20110329,4.6,4.64,4.39,4.44,26800
MFLR,20110329,7.85,7.85,7.85,7.85,100
MFLX,20110329,26.72,27.52,26.53,27.31,33900
MFNC,20110329,6,6,6,6,100
MFRI,20110329,10.95,11.44,10.88,10.88,7400
MFSF,20110329,9.14,9.25,9,9.1,4900
MGAM,20110329,5.7,5.75,5.53,5.74,46500
MGEE,20110329,39.98,40.33,39.91,40.11,60000
MGIC,20110329,6.53,6.7,6.45,6.68,717200
MGLN,20110329,47.45,48.17,47.15,48.02,205400
MGPI,20110329,8.03,8.11,8,8.1,19100
MGRC,20110329,26.04,26.51,25.98,26.43,89100
MGYR,20110329,4.12,4.13,4.12,4.12,900
MHGC,20110329,9.57,9.89,9.48,9.8,191100
MHLD,20110329,7.45,7.53,7.4,7.51,81600
MIDD,20110329,89.86,91.26,89.63,91.03,86300
MIND,20110329,11.75,12.17,11.72,12.02,148300
MINI,20110329,23.18,23.6,23.06,23.21,182100
MITL,20110329,4.38,4.88,4.3,4.88,35700
MKSI,20110329,32.04,32.95,31.5,32.79,364600
MKTAY,20110329,44.86,45.22,44.64,45.22,88500
MKTX,20110329,23.03,23.15,22.99,23.11,57700
MLAB,20110329,29,29,29,29,0
MLHR,20110329,25.29,26.32,25.27,26.29,388800
MLNK,20110329,5.29,5.34,5.19,5.27,151500
MLNX,20110329,24.8,25.03,24.53,24.58,357800
MLVF,20110329,7.9,7.9,7.9,7.9,0
MMLP,20110329,39.6,40.2,39.43,40.05,77200
MMSI,20110329,15.8,15.944,15.488,15.912,126700
MMUS,20110329,4.75,4.8,4.71,4.71,7600
MMYT,20110329,26.9,28.25,26.88,27.81,186100
MNDO,20110329,3.26,3.27,3.22,3.27,94700
MNKD,20110329,3.68,3.78,3.65,3.66,795000
MNOV,20110329,2.66,2.7,2.61,2.68,183000
MNRK,20110329,6.775,6.8667,6.775,6.7917,700
MNRO,20110329,31.75,32.57,31.44,32.42,226400
MNST,20110329,29.105,29.73,29.065,29.455,563700
MNTA,20110329,14.55,14.89,14.43,14.82,281700
MNTG,20110329,2.54,2.59,2.52,2.55,7700
MNTX,20110329,5.92,5.92,5.71,5.72,42400
MOBI,20110329,12.16,12.55,12.01,12.4,545100
MOCO,20110329,14.02,14.38,14.02,14.29,3100
MOFG,20110329,13.67,14.74,13.62,14.26,3600
MOLX,20110329,24.85,25.15,24.67,25.09,543000
MOLXA,20110329,20.43,20.69,20.27,20.63,110400
MORN,20110329,57.28,57.78,57.21,57.78,38200
MOSY,20110329,5.69,5.95,5.58,5.95,62000
MOVE,20110329,9.36,9.4,9.12,9.28,670700
MPAA,20110329,13.43,14.15,13.43,13.88,124000
MPAC,20110329,5.6,5.78,5.52,5.73,4500
MPB,20110329,11.7,12.33,9.88,10,11600
MPEL,20110329,7.73,7.86,7.6,7.66,3156900
MPET,20110329,2.52,2.52,2.43,2.46,267600
MPWR,20110329,14.08,14.31,13.93,14.23,249500
MRCY,20110329,19.96,20.44,19.84,20.43,138700
MRGE,20110329,4.21,4.63,4.2,4.57,711700
MRLN,20110329,11.8,11.89,11.59,11.69,10300
MRTN,20110329,21.04,21.36,20.92,21.26,14900
MRVL,20110329,16.32,16.38,15.99,16.12,9172400
MSBF,20110329,5.55,5.55,5.55,5.55,0
MSCC,20110329,19.92,20.15,19.43,20.09,740200
MSEX,20110329,17.88,18.16,17.77,18.07,17300
MSFG,20110329,9.59,9.73,9.5,9.73,50100
MSFT,20110329,25.34,25.52,25.3,25.49,40772400
MSG,20110329,27.29,27.4,27.02,27.18,148700
MSON,20110329,2.16,2.43,2.16,2.27,21500
MSPD,20110329,8.14,8.49,8.08,8.4,377500
MSTR,20110329,122.6,123.94,122.31,123,31000
MTEX,20110329,16.3,16.8,16.2,16.8,15600
MTRX,20110329,13.6,13.76,13.52,13.61,60000
MTSC,20110329,44.9,45.6,44.39,44.92,41600
MTSL,20110329,1.7,1.74,1.67,1.74,10400
MTSN,20110329,2.33,2.38,2.27,2.38,158500
MU,20110329,11.55,11.8,11.46,11.76,31040700
MVIS,20110329,10.8,11.12,10.64,11.04,555900
MVISW,20110329,0.44,0.45,0.44,0.45,400
MWIV,20110329,77.48,77.96,77.4,77.63,71900
MXIM,20110329,25.32,25.63,25.01,25.63,1423300
MXWL,20110329,16.9,17.2,16.8,16.8,191200
MYGN,20110329,19.8,19.97,19.48,19.82,792300
MYL,20110329,22.15,22.45,22.1,22.45,3727300
MYRG,20110329,23.89,24.23,23.7,23.89,71500
NAFC,20110329,38.08,38.18,37.1,37.37,28300
NAII,20110329,5.48,5.52,5.45,5.52,2200
NANO,20110329,17,17.43,16.84,16.91,186500
NASB,20110329,15.63,16.05,15.61,16.05,600
NATH,20110329,17.08,17.29,16.95,17.12,3900
NATI,20110329,32.35,32.9,32.34,32.8,264000
NATL,20110329,20.15,20.51,19.52,20.51,4200
NATR,20110329,8.69,9.25,8.69,9,8700
NAUH,20110329,6.8,6.84,6.76,6.8,27300
NAVG,20110329,49.87,51.06,49.87,50.94,27100
NAVR,20110329,1.91,1.91,1.84,1.89,56300
NBBC,20110329,4.88,4.88,4.6,4.85,24600
NBIX,20110329,6.82,7.28,6.77,7.23,389800
NBN,20110329,14.53,14.6,14.53,14.6,200
NBTB,20110329,21.61,22.42,21.55,22.4,41500
NBTF,20110329,21.2,21.2,20.74,20.74,500
NCBC,20110329,4.77,4.77,4.5,4.6,2700
NCIT,20110329,23.72,23.85,23.54,23.58,11800
NCMI,20110329,17.12,17.5,16.94,17.5,129700
NCTY,20110329,6.81,6.87,6.67,6.78,47000
NDAQ,20110329,25.21,25.78,24.95,25.75,2100500
NDSN,20110329,55.65,57.5,55.505,57.11,169600
NECB,20110329,5.89,5.89,5.89,5.89,0
NEOG,20110329,37.66,38.1,37.44,37.95,87100
NEPT,20110329,2.24,2.3,2.2,2.29,22400
NETC,20110329,8.37,8.9,8.37,8.45,51000
NEWL,20110329,2.33,2.33,2.33,2.33,100
NEWP,20110329,16.85,17.23,16.82,17.13,217600
NEWS,20110329,10.5,10.74,10.44,10.7,34600
NEWT,20110329,1.6,1.62,1.59,1.62,72600
NFBK,20110329,13.67,13.88,13.59,13.8,39900
NFEC,20110329,3.29,3.42,3.25,3.4,3900
NFLX,20110329,238.15,238.88,235,237.38,3840800
NFSB,20110329,13.47,13.76,13.47,13.76,3600
NGPC,20110329,9.52,9.59,9.33,9.4,81000
NHTB,20110329,13.15,13.15,13.1,13.15,1500
NICE,20110329,36.59,36.98,36.53,36.7,257000
NICK,20110329,12.25,12.35,12.14,12.23,4500
NIHD,20110329,40.04,40.99,39.78,40.83,1542500
NILE,20110329,53.37,55.78,53.3,55.49,119900
NINE,20110329,1.37,1.38,1.36,1.36,53700
NKSH,20110329,28.8,28.8,27.71,28.3,5100
NKTR,20110329,8.69,9.04,8.69,9.01,810900
NLST,20110329,2.34,2.54,2.3,2.42,715800
NMRX,20110329,9.5,9.88,9.42,9.85,6800
NNBR,20110329,17,17.4,16.85,17.28,230900
NOVB,20110329,10.51,10.6,10.5,10.51,2900
NPBC,20110329,7.58,7.67,7.44,7.56,613300
NPSP,20110329,8.27,8.67,8.2,8.56,1285600
NRCI,20110329,32.55,33.05,32.21,33.05,15800
NRIM,20110329,18.64,18.85,18.56,18.73,5500
NSEC,20110329,12.7,12.7,12.49,12.62,1500
NSIT,20110329,17.24,17.46,16.97,17.01,172600
NSPH,20110329,3.18,3.43,3.17,3.33,464400
NSSC,20110329,2.27,2.32,2.19,2.19,17600
NSYS,20110329,3.97,4.03,3.95,4.03,500
NTAP,20110329,47.54,48.73,47.18,48.27,4278500
NTCT,20110329,26.51,26.86,26.24,26.46,154200
NTES,20110329,48.6,49.11,47.81,48.72,1194000
NTGR,20110329,32.53,32.68,32,32.31,345100
NTIC,20110329,15.1,15.76,15.01,15.35,2900
NTLS,20110329,18.42,18.6,18.39,18.5,51200
NTRI,20110329,13.71,13.86,13.55,13.78,429200
NTRS,20110329,50.46,50.63,50.15,50.55,868400
NTSC,20110329,7.1,7.1,7.1,7.1,200
NTSP,20110329,10.05,10.22,9.9,10.2,124600
NTWK,20110329,19.1,19.2,18.6,18.8,646700
NUAN,20110329,18.12,18.35,17.96,18.26,1392700
NUCL,20110329,40.59,41.12,40.59,40.69,3600
NURO,20110329,2.88,3.24,2.88,3.24,435800
NUTR,20110329,14.75,14.95,14.75,14.94,4800
NUVA,20110329,25.36,25.67,25.1,25.52,321600
NVAX,20110329,2.52,2.63,2.5,2.51,1456700
NVDA,20110329,19.32,19.39,18.91,19.17,17900400
NVEC,20110329,56.02,56.69,55.6,55.69,30100
NVGN,20110329,1.95,2.05,1.66,1.75,1283700
NVMI,20110329,9.94,9.94,9.6,9.62,165100
NVSL,20110329,8.62,8.62,8.62,8.62,0
NVTL,20110329,5.62,5.76,5.46,5.49,710700
NWBI,20110329,12.35,12.36,12.3,12.33,306800
NWFL,20110329,26.6,26.63,26.55,26.62,1200
NWLI,20110329,160.02,162.36,160,162.36,5300
NWPX,20110329,23.88,24.83,23.87,24.17,67400
NWS,20110329,18.13,18.32,18.01,18.29,1163600
NWSA,20110329,17.08,17.27,16.98,17.26,10798500
NXPI,20110329,28.46,31.68,28.46,31.29,3422600
NXST,20110329,8.23,8.43,7.97,8.21,29900
NXTM,20110329,21.56,22.03,21.36,21.93,262300
NYMT,20110329,6.93,7.14,6.93,7.04,26300
NYMX,20110329,7.16,7.28,7.04,7.21,39200
NYNY,20110329,0.58,0.58,0.54,0.56,147800
OABC,20110329,15.26,15.73,15.26,15.51,31600
OBAF,20110329,14.93,14.99,14.65,14.65,3400
OBAS,20110329,8.25,8.55,8.25,8.25,11200
OBCI,20110329,3.05,3.07,2.55,2.64,353000
OCFC,20110329,12.91,13.27,12.88,13.27,13800
OCLR,20110329,10.95,11.24,10.65,11.09,1639300
OCLS,20110329,14.35,14.56,14.35,14.42,23200
OCZ,20110329,8.3,8.49,7.75,7.84,1083800
ODFL,20110329,22.9467,23.0533,22.6133,22.8533,370900
OFED,20110329,11.96,11.96,11.79,11.79,500
OFIX,20110329,31.32,31.85,31.28,31.85,101600
OFLX,20110329,13.11,13.25,13.11,13.23,1600
OGXI,20110329,15.59,15.64,15.15,15.58,24700
OIIM,20110329,7.71,7.79,7.51,7.6,248700
OINK,20110329,4.16,4.25,3.9,4.05,121700
OKSB,20110329,13.46,13.72,13.32,13.72,18900
OKSBP,20110329,27.2,27.2,27.19,27.2,600
OLBK,20110329,9.5,9.65,8.87,9.62,8700
OMAB,20110329,14.61,14.74,14.58,14.74,51400
OMCL,20110329,14.35,15.16,14.35,15.16,249300
OMER,20110329,7.45,7.55,7.28,7.44,96300
OMEX,20110329,2.8,3.22,2.75,3.06,858100
OMPI,20110329,12.48,12.72,12.41,12.47,46600
ONCY,20110329,5.83,5.84,5.63,5.76,143200
ONEQ,20110329,107.31,108.55,107.31,108.5,3600
ONFC,20110329,8.68,8.85,8.65,8.76,4400
ONNN,20110329,9.98,10.03,9.81,9.93,2781900
ONTY,20110329,3.82,3.97,3.77,3.85,305900
ONVI,20110329,4.11,4.26,4.1,4.13,9400
ONXX,20110329,34.55,34.74,33.89,34.05,1128900
OPEN,20110329,104.21,104.4,100.49,102.92,1744300
OPHC,20110329,2.46,2.46,2.46,2.46,0
OPLK,20110329,19.77,20.49,19.59,20.19,239900
OPOF,20110329,11.55,12.08,11.55,11.75,1900
OPTR,20110329,12.44,12.45,12.2,12.31,673800
OPTT,20110329,5.39,5.68,5.29,5.66,85200
OPXA,20110329,6.96,6.96,6.68,6.8,86000
ORBC,20110329,3.21,3.21,3.06,3.16,33900
ORBK,20110329,13.06,13.11,12.82,13.04,96300
ORBT,20110329,3.07,3.08,3.07,3.08,1700
ORCL,20110329,32.42,33.16,32.36,33.16,29950300
OREX,20110329,2.88,2.88,2.76,2.8,467800
ORIT,20110329,12.57,12.75,12.57,12.58,371200
ORLY,20110329,56.69,57.01,56.51,56.83,830000
ORRF,20110329,26.9,27.39,26.9,27.34,20500
OSBC,20110329,1,1,0.95,1,62100
OSBCP,20110329,2.75,2.75,2.7,2.7,300
OSHC,20110329,12.84,12.9,12.84,12.9,2900
OSIR,20110329,6.82,7.09,6.65,7.05,76500
OSIS,20110329,35.88,36.6,35.86,36.59,64700
OSN,20110329,3.54,3.63,3.45,3.62,26300
OSTK,20110329,15.61,15.73,15.22,15.26,92300
OSUR,20110329,7.79,7.86,7.7,7.8,108800
OTEX,20110329,58.47,61.18,58.23,61.09,700100
OTIV,20110329,2.26,2.29,2.17,2.27,274900
OTT,20110329,18.97,19.1,18.82,18.95,19700
OTTR,20110329,22.3,22.45,22.22,22.44,52300
OUTD,20110329,7.31,7.32,7.22,7.3,15500
OVBC,20110329,20.9,21.49,20.86,21.05,800
OVLY,20110329,5.99,5.99,5.99,5.99,0
OVRL,20110329,2.3,2.34,2.09,2.15,129100
OVTI,20110329,33.41,36.38,33.1,36.07,5139400
OXBT,20110329,1.98,2,1.85,1.89,76700
OXGN,20110329,2.01,2.03,1.92,1.94,139300
OXLC,20110329,17.8,17.99,17.37,17.99,11900
OZRK,20110329,21.515,21.69,21.505,21.625,43200
PAAS,20110329,35.93,37.06,35.61,36.32,1159200
PACB,20110329,13.31,13.96,13.2,13.61,87900
PACR,20110329,4.82,4.92,4.58,4.64,396900
PACW,20110329,20.83,21.19,20.82,20.99,174800
PAGG,20110329,32.15,32.49,31.99,32.49,27300
PANL,20110329,53.92,54.83,52.23,54.25,1353400
PATH,20110329,7.86,8.02,7.86,8.02,2500
PATK,20110329,2.4,2.41,2.31,2.4,3000
PATR,20110329,25.45,26.45,25.16,26.45,6900
PAYX,20110329,30.92,31.3,30.8,31.16,2257800
PBCT,20110329,12.59,12.72,12.56,12.6,3225200
PBHC,20110329,10.15,10.15,10.15,10.15,0
PBIB,20110329,8.08,8.12,7.97,8.03,2700
PBIP,20110329,7.35,7.35,7.35,7.35,0
PCAR,20110329,49,50.5,48.62,50.31,2369700
PCBK,20110329,9.92,10.07,9.75,10.07,24800
PCCC,20110329,8.41,8.62,8.27,8.6,29900
PCH,20110329,39.1,39.7,38.78,39.55,227500
PCLN,20110329,483.09,493.44,481,491.69,981800
PCOM,20110329,9.06,9.36,8.94,8.95,7100
PCRX,20110329,7.15,7.15,7.01,7.02,11300
PCTI,20110329,7.48,7.85,7.48,7.83,24300
PCYC,20110329,5.92,6.02,5.74,5.84,383800
PCYO,20110329,3.59,3.75,3.59,3.7,10100
PDCO,20110329,31.88,32.14,31.77,32.07,753200
PDEX,20110329,2.34,2.34,2.28,2.34,8900
PDFS,20110329,6.66,6.71,6.54,6.64,133400
PDII,20110329,7.96,8.01,7.9,7.94,16500
PDLI,20110329,5.54,5.63,5.53,5.61,1502500
PEBK,20110329,6.68,6.68,6.3,6.66,2700
PEBO,20110329,11.85,11.96,11.8,11.92,9100
PEGA,20110329,35.87,36.2,35.29,35.69,132800
PEIX,20110329,0.69,0.7,0.6,0.61,4696000
PENN,20110329,34.69,34.87,34.36,34.63,480200
PENX,20110329,6.29,6.33,6.12,6.14,13400
PEOP,20110329,13.98,14,13.88,13.98,13400
PERF,20110329,9.4,10.4,9.39,9.96,2100
PERY,20110329,25.73,26.68,25.48,26.47,218900
PESI,20110329,1.47,1.53,1.43,1.53,182600
PETM,20110329,40.71,41.13,40.56,41.07,320200
PETS,20110329,15.4,15.56,15.3,15.42,158800
PFBC,20110329,1.49,1.52,1.46,1.46,73600
PFBI,20110329,7.07,7.11,7.05,7.1,7100
PFBX,20110329,15.11,15.11,14.7,14.96,1100
PFIN,20110329,3.42,3.44,3.42,3.42,3000
PFSW,20110329,4.97,5.2,4.87,5.01,233500
PGC,20110329,13.14,13.3,13.07,13.3,5300
PGNX,20110329,6.18,6.4,6.15,6.34,98100
PGTI,20110329,2.31,2.31,2.27,2.29,16500
PHII,20110329,22.38,22.79,22.33,22.79,2100
PHIIK,20110329,21.73,21.81,21.48,21.61,8800
PHMD,20110329,5.9,7.3,5.84,7.3,65100
PICO,20110329,29,29.26,28.93,29.06,34100
PKBK,20110329,9.14,9.15,9.1,9.13,1200
PKOH,20110329,19.62,20.47,19.44,20.36,36600
PLAB,20110329,8.69,8.88,8.5,8.59,813000
PLBC,20110329,2.22,2.76,1.87,1.9,37100
PLCC,20110329,1.19,1.23,1.19,1.21,3100
PLCE,20110329,49.5,49.81,49.4,49.57,350600
PLCM,20110329,24.495,25.495,24.245,25.255,914000
PLNR,20110329,2.54,2.75,2.54,2.68,17300
PLPC,20110329,65.85,65.85,65.5,65.82,2900
PLTM,20110329,32.06,32.35,31.94,32.3,20000
PLUG,20110329,0.65,0.76,0.63,0.74,1656000
PLUS,20110329,25.75,26.61,25.7,26.21,17800
PLXS,20110329,32.47,34.39,32.47,34.13,680400
PLXT,20110329,3.56,3.72,3.55,3.68,181400
PMBC,20110329,4.54,4.54,4.33,4.33,4000
PMCS,20110329,7.52,7.54,7.4,7.52,2280700
PMD,20110329,9.74,10.2,9.72,10.19,20600
PMFG,20110329,19.21,19.82,19.21,19.76,12900
PMNA,20110329,12.29,12.39,12.13,12.32,31800
PMTC,20110329,21.88,22,21.79,21.93,1126100
PMTI,20110329,13.81,13.92,13.76,13.87,36500
PNBK,20110329,2.15,2.15,2.15,2.15,0
PNFP,20110329,15.7,16.02,15.65,15.86,86100
PNNT,20110329,11.78,11.82,11.6,11.75,255800
PNQI,20110329,38.56,38.59,38.47,38.59,3700
PNRA,20110329,120.17,123.59,119.69,123.47,627200
PNRG,20110329,25.94,26.07,25.53,25.96,2500
PNTR,20110329,5.87,5.88,5.73,5.73,1500
PODD,20110329,20.03,20.6,19.91,20.51,394500
POOL,20110329,23.92,24.06,23.91,23.98,136000
POPE,20110329,43.9,47.85,43.9,47.05,6600
POWI,20110329,38.5,38.65,38.06,38.34,211300
POWL,20110329,38.71,39.3,38.63,38.93,30200
POWR,20110329,7.7,7.98,7.61,7.94,122200
POZN,20110329,5.28,5.29,5.2,5.21,98900
PPBI,20110329,6.88,6.9,6.79,6.88,1300
PPHM,20110329,2.39,2.41,2.32,2.33,242100
PRAA,20110329,80.01,82.31,80.01,81.9,113000
PRAN,20110329,2.58,2.83,2.5,2.6,2188500
PRCP,20110329,6.13,6.37,6.13,6.35,14100
PRFT,20110329,11.27,11.34,11.24,11.29,118100
PRFZ,20110329,67.28,68.11,67.15,68.01,55400
PRGO,20110329,76.47,77.4,76.26,76.99,393000
PRGS,20110329,28.68,28.94,27.98,28.12,856700
PRGX,20110329,6.09,6.13,6.05,6.13,35400
PRIM,20110329,9.43,9.58,9.41,9.58,58200
PRKR,20110329,0.75,0.77,0.7,0.72,97000
PRLS,20110329,3.2,3.21,3.1,3.12,3400
PRMW,20110329,12.12,12.67,11.93,12.33,41200
PROV,20110329,8.17,8.26,8.17,8.25,3800
PRPH,20110329,1.11,1.72,1.1,1.4,691100
PRSC,20110329,14.65,14.8,14.59,14.73,16000
PRTS,20110329,8.18,8.29,8.07,8.25,33200
PRXI,20110329,1.85,1.93,1.85,1.85,121700
PRXL,20110329,24.73,24.96,24.22,24.93,310200
PSAU,20110329,47.92,47.92,47.3,47.58,2900
PSBH,20110329,5.01,5.01,5.01,5.01,0
PSCC,20110329,30.87,30.99,30.84,30.99,13200
PSCD,20110329,27.48,27.82,27.44,27.79,15900
PSCE,20110329,40.7,41.41,40.42,41.36,38500
PSCF,20110329,27.27,27.64,27.27,27.47,6700
PSCH,20110329,30.79,31.11,30.79,31.03,70300
PSCI,20110329,30.09,30.3,30.09,30.27,3000
PSCM,20110329,29.62,29.85,29.62,29.85,200
PSCT,20110329,31.14,31.63,31.14,31.54,11600
PSCU,20110329,27.97,28.24,27.97,28.15,4000
PSDV,20110329,3.9,3.91,3.8,3.86,39400
PSEC,20110329,12.09,12.17,11.95,12.17,667200
PSEM,20110329,10.02,10.1,9.89,10,56000
PSMT,20110329,34.85,35.84,34.45,35.74,224500
PSTB,20110329,5.02,5.02,4.73,4.73,46800
PSTI,20110329,2.61,2.64,2.58,2.63,173700
PSTR,20110329,6.35,6.42,6.01,6.16,79800
PSUN,20110329,3.48,3.51,3.42,3.46,2021000
PTEK,20110329,1.42,1.57,1.42,1.52,43300
PTEN,20110329,28.02,28.45,27.56,28.2,2103400
PTIE,20110329,8.7,8.94,8.51,8.59,194200
PTIX,20110329,1.97,1.97,1.97,1.97,300
PTNR,20110329,18.75,18.87,18.7,18.84,172800
PTRY,20110329,14.62,14.72,14.45,14.57,128400
PTSI,20110329,11.87,11.96,11.78,11.96,600
PTSX,20110329,0.65,0.65,0.65,0.65,0
PULB,20110329,7.38,7.44,7.35,7.44,4900
PURE,20110329,1.59,1.62,1.43,1.49,213100
PVFC,20110329,2,2.01,1.96,1.96,4800
PVTB,20110329,14.94,15.2,14.8,15.08,237900
PVTBP,20110329,26.2,26.34,26.1,26.25,5200
PWER,20110329,8.78,8.89,8.62,8.69,3379100
PWOD,20110329,38.51,38.82,38.26,38.73,1900
PWRD,20110329,21,21.12,20.46,20.56,514700
PWX,20110329,16.45,16.46,16.24,16.46,1600
PXLW,20110329,3.48,3.51,3.46,3.49,26000
PZZA,20110329,30.15,30.49,30.01,30.47,147500
PZZI,20110329,2.03,2.14,2.03,2.07,20800
QABA,20110329,24.7,24.87,24.7,24.8,3700
QADA,20110329,10.18,10.2,10.01,10.04,11900
QADB,20110329,10.08,10.08,10.08,10.08,0
QBAK,20110329,1.83,1.83,1.81,1.81,1500
QCCO,20110329,4.27,4.28,4.25,4.28,2500
QCLN,20110329,16.34,16.69,16.34,16.66,4000
QCOM,20110329,52.41,54.09,52.36,53.91,14946700
QCOR,20110329,13.71,14.11,13.55,14.03,486200
QCRH,20110329,8.35,8.35,8.24,8.25,800
QDEL,20110329,11.89,12.12,11.89,12.06,94200
QGEN,20110329,19.48,19.66,19.44,19.64,826700
QKLS,20110329,68.88,70.56,68.16,68.4,24000
QLGC,20110329,17.9,18.16,17.87,18.08,860000
QLIK,20110329,24.97,25.21,24.59,24.96,1528800
QLTI,20110329,6.96,6.99,6.64,6.77,217600
QLTY,20110329,11.52,11.84,11.51,11.73,43100
QNST,20110329,22.45,22.67,21.57,21.61,161900
QQEW,20110329,24.88,24.91,24.68,24.91,5900
QQQ,20110329,56.41,57.08,56.23,57.08,47994600
QQQX,20110329,14.48,14.49,14.37,14.47,48800
QQXT,20110329,22.05,22.15,22.05,22.15,1700
QSII,20110329,41.135,41.605,40.93,41.55,74200
QTEC,20110329,26.56,26.93,26.5,26.92,290800
QTWW,20110329,4.5,4.6,4.34,4.44,145700
QUIK,20110329,4.82,4.89,4.73,4.84,159700
RADA,20110329,3.5,3.51,3.27,3.27,8700
RAIL,20110329,31.52,31.96,31.2,31.83,68800
RAND,20110329,2.91,2.91,2.91,2.91,0
RAVN,20110329,29.795,30.255,29.635,29.96,58500
RBCAA,20110329,19.22,19.25,19.03,19.16,24200
RBCN,20110329,26.01,26.71,25.9,26.18,681400
RBNF,20110329,3,3,3,3,500
RBPAA,20110329,1.79,1.8,1.74,1.8,400
RCII,20110329,33.93,34.48,33.69,34.44,525200
RCKB,20110329,16.34,16.34,16.34,16.34,0
RCKY,20110329,14.74,15.23,14.56,14.96,34000
RCMT,20110329,5.15,5.15,5.1,5.1,9000
RCON,20110329,3.93,3.93,3.93,3.93,100
RDA,20110329,13.97,15.43,13.69,14.84,73400
RDCM,20110329,10.55,10.7,10.37,10.65,12300
RDEN,20110329,29.54,30.1,29.34,29.89,123200
RDI,20110329,4.91,4.98,4.9,4.95,2600
RDIB,20110329,6.04,6.04,6.04,6.04,0
RDNT,20110329,3.46,3.49,3.42,3.49,96100
RDWR,20110329,17.2,17.945,17.115,17.865,208900
RECN,20110329,18.51,19.09,18.05,18.96,181300
REDF,20110329,7,7.85,6.95,7.65,1250900
REFR,20110329,6.46,7.16,6.15,6.9,189400
REGN,20110329,41.79,43.55,41.68,43.47,676500
REIS,20110329,7.55,7.57,7.5,7.57,7100
RELL,20110329,13.17,13.27,13.05,13.18,91700
RELV,20110329,2.11,2.15,2.11,2.15,3200
RENT,20110329,26.56,26.72,26.43,26.62,14600
REXI,20110329,6.4,6.44,6.32,6.35,2200
REXX,20110329,11.29,11.49,11.16,11.38,393900
RFIL,20110329,4.11,4.11,4.04,4.1,5600
RFMD,20110329,6.35,6.64,6.25,6.58,8472400
RGCO,20110329,16.435,17.4,16.43,17.34,10200
RGDX,20110329,2.09,2.35,2.09,2.18,8300
RGEN,20110329,3.7,3.78,3.69,3.71,253400
RGLD,20110329,51.26,52.42,51.13,52.11,388000
RICK,20110329,10.16,10.4,10.03,10.4,71800
RIGL,20110329,7.29,7.41,7.23,7.31,200100
RIMG,20110329,15.54,15.58,15.16,15.45,20700
RITT,20110329,5,5.6,4.9,5.39,8200
RIVR,20110329,16.65,16.65,16.25,16.36,5300
RJET,20110329,6.14,6.26,6.12,6.22,345500
RLOC,20110329,19.83,20.76,19.83,20.55,119100
RLOG,20110329,7.48,7.48,7.22,7.38,10800
RMBS,20110329,19.43,19.79,19.27,19.66,870300
RMCF,20110329,10.34,10.39,10.31,10.39,2100
RMKR,20110329,1.21,1.25,1.2,1.23,8900
RMTI,20110329,9,9.04,8.95,9,16900
RNET,20110329,17.96,18.5,17.06,18.23,58300
RNIN,20110329,6.1,6.35,6.05,6.1,115700
RNST,20110329,16.32,16.5,16.17,16.49,30800
RNWK,20110329,3.76,3.88,3.66,3.77,638700
ROCK,20110329,11.11,11.46,11.08,11.44,55100
ROCM,20110329,10.8,10.91,10.64,10.78,29400
ROIA,20110329,1.9,1.96,1.9,1.96,1400
ROIAK,20110329,1.89,1.91,1.81,1.88,113200
ROIC,20110329,10.8,10.86,10.69,10.8,141800
ROICW,20110329,0.87,0.99,0.8,0.94,146300
ROLL,20110329,36.9,37.32,36.4,37.29,34300
ROMA,20110329,10.98,11,10.85,10.97,10100
ROSE,20110329,45.64,47.74,45.42,46.9,544200
ROSG,20110329,7.8,7.8,7.5,7.65,58200
ROST,20110329,35.06,35.16,34.835,35.09,879300
ROVI,20110329,55.55,55.57,54.46,54.79,1417000
ROYL,20110329,5.2,5.31,5.07,5.14,1226200
RP,20110329,26.92,28.08,26.51,27.93,368000
RPRX,20110329,5.48,5.64,5.36,5.5,263600
RPTP,20110329,3.45,3.51,3.36,3.44,83800
RRD,20110329,18.42,18.79,18.37,18.77,1094500
RRGB,20110329,26.61,26.7,26.45,26.66,160400
RRST,20110329,7.3,7.32,7.2,7.23,1900
RSOL,20110329,2.45,2.61,2.42,2.57,56800
RSTI,20110329,39.01,39.69,38.61,39.18,120600
RSYS,20110329,8.25,8.59,8.25,8.46,32300
RTEC,20110329,10.27,10.45,10.14,10.44,100500
RTIX,20110329,2.73,2.82,2.65,2.8,120900
RUE,20110329,28.47,28.52,27.99,28.46,160900
RUSHA,20110329,19.45,19.56,19.25,19.48,88800
RUSHB,20110329,16.7,16.99,16.7,16.89,2700
RUTH,20110329,5,5.12,4.99,5.02,132100
RVBD,20110329,36.73,38,36.25,37.84,2586700
RVSB,20110329,3.01,3.02,2.99,3.02,10000
RYAAY,20110329,27.55,27.79,27.5,27.72,296800
SAAS,20110329,3.28,3.35,3.2,3.3,46500
SAFM,20110329,47.18,47.51,46.5,47.28,354200
SAFT,20110329,44.71,45.5,44.57,45.3,121400
SAIA,20110329,16.02,16.15,15.69,15.79,52800
SALM,20110329,3.78,3.78,3.78,3.78,0
SANM,20110329,10.69,10.9,10.6,10.68,562900
SANW,20110329,3.65,3.7,3.56,3.69,19100
SANWW,20110329,0.45,0.45,0.45,0.45,0
SANWZ,20110329,0.35,0.39,0.18,0.2,2400
SAPE,20110329,11.12,11.33,11,11.22,712500
SASR,20110329,18.01,18.29,17.93,18.24,43300
SATS,20110329,37.09,37.22,36.83,37.15,161900
SBAC,20110329,38.83,39.31,38.75,39.26,2208800
SBBX,20110329,6,6,6,6,0
SBCF,20110329,1.62,1.63,1.58,1.59,41400
SBGI,20110329,12.08,12.22,11.97,12.19,194900
SBLK,20110329,36.3,36.9,36.15,36.45,110000
SBNY,20110329,55.04,55.64,54.9,55.38,99200
SBNYW,20110329,33.1,33.1,33.1,33.1,0
SBRA,20110329,17.61,17.94,17.43,17.89,179500
SBSA,20110329,0.94,0.96,0.93,0.95,18700
SBSI,20110329,21.55,21.65,21.48,21.56,16600
SBUX,20110329,36.65,37.16,36.41,36.86,6027000
SCBT,20110329,32.4,32.89,32.19,32.55,18000
SCHL,20110329,26.55,26.94,26.5,26.83,213900
SCHN,20110329,65.26,66.66,64.87,66.52,159800
SCLN,20110329,3.85,3.9,3.81,3.87,248500
SCMP,20110329,4.02,4.25,4.02,4.23,24800
SCOK,20110329,9.75,9.81,9,9.12,417600
SCON,20110329,36,37.08,33.6,35.4,620600
SCOR,20110329,29,29.33,28.04,29.28,101500
SCSC,20110329,36.43,37.44,36.25,37.41,58300
SCSS,20110329,11.93,12.09,11.4,11.99,271000
SCVL,20110329,18.76,19,18.5467,18.6667,49500
SDBT,20110329,2.6,2.6,2.6,2.6,0
SDIX,20110329,2.26,2.31,2.26,2.29,37700
SEAC,20110329,8.82,9.16,8.82,9.15,98800
SEED,20110329,8.37,8.41,8.17,8.19,107600
SEIC,20110329,23.13,23.49,23.1,23.36,463700
SENEA,20110329,29.56,29.81,29.37,29.78,20500
SENEB,20110329,29.63,29.64,29.63,29.64,900
SFLY,20110329,48.62,51.1,48.05,50.78,702600
SFNC,20110329,26.76,27,26.7,26.87,46100
SFST,20110329,8.16,8.16,7.9,7.9,800
SGC,20110329,11.18,11.53,11.13,11.48,2500
SGEN,20110329,14.8,15.01,14.47,15,1277700
SGI,20110329,19.08,19.7,19.02,19.19,357600
SGMA,20110329,5.42,5.55,5.41,5.43,6800
SGMO,20110329,7.57,7.88,7.47,7.76,384900
SGMS,20110329,8.41,8.52,8.27,8.43,1070800
SGOC,20110329,3.36,4,3.36,4,1900
SGRP,20110329,1.88,1.99,1.76,1.8,4500
SHBI,20110329,9.92,10.15,9.88,10.06,4900
SHEN,20110329,17.53,17.81,17.36,17.7,27000
SHFL,20110329,10.4,10.71,10.29,10.65,251500
SHIP,20110329,0.64,0.65,0.63,0.64,112200
SHLD,20110329,78.86,80.25,77.84,80.25,311400
SHLM,20110329,23.51,23.92,23.51,23.9,72300
SHLO,20110329,11.25,11.25,10.87,11.19,6600
SHOO,20110329,30.0533,30.92,30.0533,30.8467,485200
SHOR,20110329,7.96,7.97,7.65,7.92,207100
SIAL,20110329,63.1,64,62.6,63.95,446600
SIEB,20110329,1.8,1.8,1.8,1.8,0
SIFI,20110329,9.75,10.5,9.75,10.15,21400
SIFY,20110329,3.33,3.65,3.32,3.63,1635800
SIGA,20110329,12.22,12.35,12.06,12.25,177800
SIGI,20110329,16.62,16.93,16.42,16.78,66800
SIGM,20110329,12.25,13.17,12.25,12.96,204600
SILC,20110329,18.01,18.17,17.74,18.16,9000
SIMG,20110329,9.2,9.45,8.81,8.99,3168900
SIMO,20110329,7.95,7.97,7.76,7.84,117600
SINA,20110329,103.7,108.59,103.35,107.65,3343000
SINO,20110329,2.09,2.12,2.08,2.12,500
SIRI,20110329,1.72,1.73,1.71,1.73,17594800
SIRO,20110329,49.33,50.53,49.02,50.47,713900
SIVB,20110329,56.33,57.99,56.21,57.17,918400
SIVBO,20110329,24.24,24.3,24.22,24.22,1400
SKBI,20110329,5.5,6.02,5.45,6.01,57500
SKYW,20110329,16.9,17.13,16.81,16.89,215900
SLAB,20110329,42.99,43.38,42.4,43.29,275200
SLGN,20110329,37.23,37.56,37.01,37.34,128600
SLMAP,20110329,42.75,43.22,42.73,42.99,7000
SLP,20110329,3.15,3.15,3.1,3.14,6800
SLRC,20110329,23.8,23.92,23.68,23.9,105900
SLTC,20110329,5.43,5.68,5.43,5.68,600
SLTM,20110329,3.1,3.2,3.04,3.2,156600
SLXP,20110329,32.71,33.51,32.71,33.43,495000
SMBC,20110329,23.88,23.88,23.88,23.88,100
SMCI,20110329,15.6,15.69,15.45,15.46,59400
SMED,20110329,4.64,4.66,4.58,4.64,54300
SMIT,20110329,3.87,4.2,3.87,4.2,1700
SMMF,20110329,3.87,3.89,3.84,3.84,2000
SMRT,20110329,9.65,10,9.61,9.87,143700
SMSI,20110329,9.15,9.37,9.1,9.25,355900
SMT,20110329,9.5,10.04,9.49,9.86,1067700
SMTC,20110329,24.05,24.5,23.8,24.45,345800
SMTX,20110329,2.63,2.76,2.51,2.76,229200
SNAK,20110329,3.83,3.9,3.74,3.8,63200
SNBC,20110329,3.57,3.61,3.5,3.59,525600
SNCR,20110329,32.75,34.22,32.75,33.92,210500
SNDK,20110329,45.21,45.88,44.95,45.86,4530800
SNFCA,20110329,1.73,1.73,1.68,1.68,1300
SNHY,20110329,26.9867,27.82,26.9533,27.7733,43800
SNMX,20110329,6.23,6.33,6.2,6.25,97000
SNPS,20110329,27.29,27.5,27.18,27.43,775100
SNSS,20110329,1.97,2,1.93,1.95,182400
SNTA,20110329,5.28,5.28,5.19,5.25,36900
SNTS,20110329,3.23,3.38,3.21,3.34,214100
SOCB,20110329,3.45,3.46,3.2,3.26,2100
SODA,20110329,41.81,42.89,41.49,42.76,334500
SOFO,20110329,15.1,15.23,14.85,14.99,4900
SOHU,20110329,83.4,91.04,83.02,89.6,2911900
SOMH,20110329,8.75,8.75,8.75,8.75,100
SONA,20110329,7.2,7.21,7.17,7.2,2100
SONC,20110329,9.05,9.13,8.95,8.97,284200
SONS,20110329,3.77,3.91,3.72,3.89,3919300
SORL,20110329,6.84,6.92,6.41,6.76,239800
SOXX,20110329,58.73,59.58,58.44,59.58,211200
SPAN,20110329,15.9,15.9,15.33,15.51,900
SPAR,20110329,6.66,6.74,6.62,6.7,72900
SPBC,20110329,11.15,11.25,11.07,11.2,9800
SPCHA,20110329,2,2,2,2,0
SPCHB,20110329,2.3,2.3,2.3,2.3,0
SPEX,20110329,8.6,8.8,8.4,8.4,22100
SPIL,20110329,6.06,6.1,5.95,5.99,3989500
SPIR,20110329,4.72,4.8,4.7,4.72,19100
SPLS,20110329,19.79,19.85,19.55,19.57,9259200
SPMD,20110329,7.15,7.22,6.9,6.91,104700
SPNC,20110329,4.57,4.58,4.52,4.55,43900
SPNS,20110329,3.98,4,3.9,3.91,5100
SPPI,20110329,8.46,8.64,8.43,8.58,642000
SPPR,20110329,1.73,1.73,1.65,1.65,11100
SPPRO,20110329,26.86,27,26.46,26.9,2200
SPPRP,20110329,9.6,9.6,9.6,9.6,0
SPRD,20110329,19.86,19.91,18.78,18.93,2161700
SPRO,20110329,2.25,2.25,2.25,2.25,1000
SPRT,20110329,5.25,5.31,5.19,5.21,283700
SPSC,20110329,14.28,14.55,14.26,14.43,21900
SPTN,20110329,14.55,14.82,14.55,14.79,29700
SPU,20110329,4.5,4.53,4.4,4.41,94700
SQI,20110329,16.16,16.26,15.47,15.9,13700
SQNM,20110329,6.14,6.28,6.04,6.23,1099100
SQQQ,20110329,107.36,108.32,103.6,103.68,1051700
SRCE,20110329,19.04,19.41,19.04,19.41,13200
SRCL,20110329,87.68,88.39,86.85,88.3,310400
SRDX,20110329,12.43,12.5,12.34,12.39,24800
SREV,20110329,11.78,12.15,11.5,11.83,722900
SSBI,20110329,6.86,6.86,6.85,6.85,900
SSFN,20110329,5.97,5.97,5.97,5.97,0
SSNC,20110329,20.15,20.51,19.98,20.07,122400
SSRI,20110329,28.78,29.85,28.6,29.79,1060700
SSRX,20110329,16.91,17.15,16.81,17.15,87200
SSYS,20110329,45.64,46.45,44.91,46.13,300800
STAA,20110329,5.22,5.45,5.22,5.45,49600
STAN,20110329,17.48,17.66,17.35,17.37,49700
STBA,20110329,20.97,21.32,20.94,21.18,28800
STEC,20110329,19.16,19.65,18.92,19.31,1091500
STEI,20110329,7.39,7.6,7.39,7.59,384800
STEL,20110329,13.74,14.36,13.74,14.29,75300
STEM,20110329,0.86,0.89,0.85,0.89,671800
STFC,20110329,17.53,17.53,17.11,17.42,16500
STKL,20110329,7.07,7.16,7.02,7.15,154100
STLD,20110329,18.65,19.19,18.46,19.15,3045000
STLY,20110329,4.84,5.17,4.84,5.1,31000
STMP,20110329,12.75,12.98,12.5,12.9,85500
STND,20110329,14.9,14.99,14.9,14.99,4000
STNR,20110329,45.62,46.61,45.53,46.33,48500
STRA,20110329,125.78,127.91,123.09,127.06,602300
STRL,20110329,16.23,16.78,16.14,16.78,129100
STRM,20110329,1.84,1.87,1.77,1.82,16700
STRN,20110329,7.7,7.71,7.65,7.65,3300
STRS,20110329,12.98,12.98,12.61,12.61,600
STRT,20110329,33.06,33.9,33.06,33.74,1800
STSA,20110329,16.99,17,16.9,16.95,25800
STX,20110329,14.33,14.33,14.09,14.28,4663800
STXS,20110329,38.3,39,37.8,39,201200
SUBK,20110329,20.31,20.77,20.15,20.71,9600
SUMR,20110329,7.45,7.8,7.38,7.5,127800
SUNS,20110329,18.98,18.98,18.52,18.66,180900
SUPX,20110329,21.81,22.25,21.7,22,24000
SURG,20110329,5.86,5.93,5.75,5.79,127900
SUSQ,20110329,8.93,9.16,8.88,9.01,516900
SUTR,20110329,1.62,1.68,1.62,1.65,64400
SVA,20110329,4.36,4.41,4.35,4.4,143400
SVBI,20110329,4.59,4.71,4.35,4.38,9100
SVNT,20110329,10.03,10.37,10,10.35,1026900
SWHC,20110329,3.5,3.54,3.49,3.52,161500
SWIR,20110329,10.85,10.98,10.78,10.83,116300
SWKS,20110329,32.69,32.94,32.15,32.59,2160300
SWSH,20110329,5.92,6.03,5.88,5.95,288500
SYBT,20110329,24.31,24.8,24.31,24.75,6000
SYBTP,20110329,11.57,11.57,11.5,11.51,1700
SYKE,20110329,19.24,19.46,19.13,19.39,181200
SYMC,20110329,17.96,18.23,17.8,18.21,4204300
SYMM,20110329,5.85,5.91,5.85,5.91,35700
SYMX,20110329,2.05,2.12,1.98,2.06,485000
SYNA,20110329,27,27.41,26.8,27.32,187300
SYNL,20110329,12.75,12.9,12.17,12.9,9900
SYNM,20110329,21.5,21.9,20.9,21.9,261400
SYNT,20110329,51.75,52.6,51.51,52.54,85400
SYPR,20110329,4.26,4.26,4.26,4.26,0
SYUT,20110329,11.36,11.58,11.36,11.51,20000
TACT,20110329,11.38,11.5,11.29,11.48,13500
TAIT,20110329,1.4,1.4,1.4,1.4,0
TASR,20110329,4.02,4.2,3.9,4.12,436900
TAST,20110329,9.57,9.59,9.4,9.52,60300
TATT,20110329,5.4,5.4,5.36,5.4,1100
TAXI,20110329,8.56,8.62,8.4,8.56,40000
TAYC,20110329,10.07,10.09,9.98,10.05,13700
TAYCP,20110329,25.01,25.01,25,25,400
TAYD,20110329,5.73,5.76,5.63,5.7,14200
TBAC,20110329,2.77,2.84,2.71,2.84,4900
TBBK,20110329,9.44,9.47,9.3,9.36,202000
TBNK,20110329,19.52,19.69,19.43,19.65,16900
TBOW,20110329,4.8,4.9,4.78,4.85,39600
TCBI,20110329,25.25,25.57,25.04,25.38,393500
TCBIW,20110329,15.6,15.6,15.6,15.6,0
TCBK,20110329,15.9,16.3,15.9,16.17,32100
TCCO,20110329,9.55,9.96,9.55,9.87,3200
TCRD,20110329,13.75,14.86,13.59,13.75,14400
TEAR,20110329,2.11,2.2,2.1,2.11,44300
TECD,20110329,49.78,50.65,49.56,50.53,366500
TECH,20110329,71.34,72.62,70.98,71.96,88200
TECUA,20110329,10.08,10.14,9.84,9.88,131000
TECUB,20110329,9.7,9.7,9.49,9.65,1200
TELK,20110329,27,27,25.8,25.8,11200
TESO,20110329,20.98,21.67,20.88,21.58,197200
TESS,20110329,11.68,11.77,11.59,11.72,6000
TFCO,20110329,3.22,3.45,3.22,3.26,2400
TFM,20110329,37.62,38.2,37.59,37.7,69900
TFSL,20110329,10.62,10.65,10.51,10.62,162700
TGA,20110329,14.92,14.97,14.56,14.83,217500
TGE,20110329,7.72,7.8,7.71,7.76,181800
THFF,20110329,31.63,31.98,31.54,31.94,12600
THLD,20110329,1.68,1.73,1.64,1.69,186700
THOR,20110329,25.01,25.86,24.93,25.86,537600
THRD,20110329,20.85,21.25,20.85,21.15,1500
THRX,20110329,23.5,24.14,23.38,24.11,229400
THTI,20110329,3.76,3.79,3.76,3.76,200
TIBX,20110329,26.24,26.99,26.01,26.27,5339800
TICC,20110329,10.33,10.64,10.28,10.4,207700
TIGR,20110329,4.32,4.4,4.32,4.4,16900
TINY,20110329,5.21,5.36,5.11,5.3,99900
TISA,20110329,1.28,1.28,1.24,1.25,16200
TITN,20110329,26.45,26.67,25.45,25.56,239100
TIVO,20110329,8.66,8.76,8.55,8.7,2426700
TKMR,20110329,3,3.08,2.97,3,28000
TLAB,20110329,5.19,5.22,5.16,5.18,3045200
TLF,20110329,4.82,4.82,4.82,4.82,500
TMNG,20110329,2.4,2.42,2.4,2.42,400
TNAV,20110329,11.36,11.63,11.07,11.09,82400
TOFC,20110329,8.45,8.6,8.18,8.18,8100
TOPS,20110329,0.82,0.83,0.74,0.75,42800
TORM,20110329,21.51,21.6,20,21.21,39800
TOWN,20110329,15.06,15.38,15.03,15.35,15300
TPGI,20110329,3.36,3.45,3.3,3.44,22000
TQNT,20110329,12.92,13.1,12.68,13.1,2204100
TQQQ,20110329,40.375,41.77,39.93,41.76,351700
TRAK,20110329,21.43,21.52,21.23,21.44,304600
TREE,20110329,6.18,6.19,5.75,5.9,12600
TRGT,20110329,25.66,26.38,25.54,26.05,141000
TRIB,20110329,9.33,9.4,9.33,9.36,28200
TRIT,20110329,11.71,11.76,11.41,11.63,36800
TRLG,20110329,22.86,23.29,22.65,22.95,180700
TRMB,20110329,23.935,24.985,23.75,24.955,627000
TRMD,20110329,57.7,58,57.3,57.4,6000
TRMK,20110329,22.88,23.18,22.8,23.01,206900
TRNS,20110329,8.01,8.01,8.01,8.01,0
TRNX,20110329,18.73,18.73,18.25,18.26,39400
TROW,20110329,64.3,65.17,63.86,65.17,1496800
TRS,20110329,21.5,21.91,21.05,21.61,157900
TRST,20110329,5.73,5.85,5.72,5.82,104100
TSBK,20110329,5.3,5.65,5.3,5.64,55800
TSCO,20110329,56.91,58.76,56.48,58.14,938400
TSEM,20110329,19.65,19.65,19.5,19.65,282500
TSLA,20110329,23.31,24,23.21,23.92,755500
TSON,20110329,4.07,4.31,4,4.03,175800
TSPT,20110329,8.52,8.6,8.06,8.12,275500
TSRA,20110329,18.26,18.27,17.9,18.13,269000
TSRI,20110329,4.86,5.1,4.85,5.1,16000
TSRX,20110329,5.36,5.7,5.28,5.57,79500
TST,20110329,3.24,3.34,3.2,3.34,97400
TSTC,20110329,7.61,7.84,6.6,7.26,1207000
TSYS,20110329,4.1,4.16,4.08,4.15,177700
TTEC,20110329,18.92,19.26,18.65,19.11,160600
TTEK,20110329,24.71,24.78,24.27,24.3,375800
TTGT,20110329,8,8.27,7.98,8.23,51200
TTHI,20110329,4.26,4.35,4.25,4.29,41400
TTMI,20110329,17.2,17.97,17.11,17.93,675600
TTWO,20110329,15.63,15.99,15.49,15.93,1085800
TUES,20110329,4.76,4.88,4.7,4.81,68900
TWER,20110329,4.06,4.13,4.01,4.03,105000
TWGP,20110329,23.81,24.01,23.76,23.82,348700
TWIN,20110329,29.79,31.95,29.45,31.89,75100
TWMC,20110329,1.65,1.65,1.63,1.65,2000
TWTC,20110329,19.09,19.23,18.95,19.16,1068000
TXCC,20110329,4.39,5.21,4.26,4.61,5456800
TXN,20110329,34.33,34.96,34.01,34.96,6829600
TXRH,20110329,16.32,16.54,16.23,16.45,861800
TYPE,20110329,13.54,14.37,13.37,14.18,147700
TZOO,20110329,64.35,66.95,62.8,66.68,915800
UACL,20110329,16.71,16.71,16.62,16.66,2800
UBCP,20110329,8.25,8.36,8.25,8.25,900
UBFO,20110329,3.59,3.65,3.53,3.64,12000
UBNK,20110329,16.05,16.25,16.05,16.19,31100
UBOH,20110329,9.26,9.26,9.1,9.1,200
UBSH,20110329,11.25,11.37,11.2,11.32,61200
UBSI,20110329,26.14,26.54,26.01,26.13,103300
UCBA,20110329,7.33,7.33,7.15,7.15,600
UCBI,20110329,1.99,2,1.95,1.96,440500
UCFC,20110329,1.3,1.3,1.22,1.25,28500
UCTT,20110329,9.61,9.76,9.5,9.67,69600
UEIC,20110329,28.75,28.95,28.56,28.91,20700
UEPS,20110329,8.6,8.75,8.55,8.59,214100
UFCS,20110329,19.05,19.43,19.05,19.35,28900
UFPI,20110329,36.66,36.95,36.4,36.74,49700
UFPT,20110329,16.16,17.24,15.95,17.03,88800
UG,20110329,14.69,14.99,14.61,14.79,7900
UHAL,20110329,94.5,96.86,93.75,96.13,46000
ULBI,20110329,5.1,5.1,5.03,5.08,33200
ULGX,20110329,0.6,0.63,0.6,0.62,7400
ULTA,20110329,47.66,48.13,47.34,47.79,507900
ULTI,20110329,57.94,58.31,57.11,58.05,216200
ULTR,20110329,4.98,5.07,4.95,5.03,486200
UMBF,20110329,37.6,37.6,37.21,37.22,155400
UMPQ,20110329,10.91,11.09,10.83,11.05,388500
UNAM,20110329,9.48,9.95,9.42,9.87,5500
UNB,20110329,19.13,19.13,19,19,500
UNFI,20110329,44.51,45,44.25,44.76,200300
UNIS,20110329,5.63,5.8,5.57,5.69,170800
UNTD,20110329,6.35,6.42,6.3,6.37,1104400
UNTK,20110329,8.7,8.72,8.38,8.49,603400
UNTY,20110329,6.65,6.95,6.65,6.95,7900
UNXL,20110329,7.08,7.29,6.7,7.17,44600
UPI,20110329,6.3,6.65,6.3,6.63,300300
URBN,20110329,29.73,29.96,29.47,29.9,4352800
URRE,20110329,20,20.5,18.6,20,3651600
USAK,20110329,12.54,12.99,12.31,12.97,13200
USAP,20110329,31.94,32.69,31.72,32.26,51400
USAT,20110329,2.39,2.55,2.31,2.45,844600
USATP,20110329,18.5,18.5,18.5,18.5,0
USATZ,20110329,1.38,1.43,1.35,1.36,22700
USBI,20110329,8.02,8.02,7.8,7.94,900
USCR,20110329,9.61,9.61,9.55,9.61,10800
USEG,20110329,6.2,6.37,6.12,6.33,174100
USLM,20110329,40.13,40.21,40.05,40.21,500
USMO,20110329,14.32,14.87,14.31,14.6,322300
USTR,20110329,34.29,34.515,33.8,34.415,75000
UTEK,20110329,24.93,24.95,24.49,24.86,111800
UTHR,20110329,64.73,65.39,64.34,65.26,931700
UTIW,20110329,19.26,19.39,19.12,19.21,319800
UTMD,20110329,27.86,27.93,27.85,27.85,10200
UTSI,20110329,6.84,7.05,6.78,7.02,613300
UVSP,20110329,16.78,17.28,16.78,17.28,11000
VALU,20110329,14.35,14.73,14.35,14.72,6500
VALV,20110329,3.82,4.16,3.38,3.75,127000
VASC,20110329,11.05,11.08,10.95,11.08,32300
VBFC,20110329,2.97,3,2.95,3,2900
VCBI,20110329,5.52,5.55,5.49,5.53,61700
VCIT,20110329,79.33,79.36,79.04,79.17,40800
VCLK,20110329,14.4,14.7,14.38,14.51,968300
VCLT,20110329,77.2,77.28,77.01,77.13,7500
VCSH,20110329,77.66,77.76,77.61,77.67,123400
VDSI,20110329,11.63,14.34,11.63,14.01,1537100
VECO,20110329,49.45,50.36,48.88,50.24,585800
VELT,20110329,10.92,11.29,9.91,10.45,1177200
VGIT,20110329,60.76,60.88,60.55,60.66,2000
VGLT,20110329,59.62,59.63,59.25,59.25,1200
VGSH,20110329,60.53,60.53,60.5,60.53,4200
VIA,20110329,51.81,52.27,51.69,52.25,25900
VIAB,20110329,45.42,46.27,45.34,46.27,3243400
VIAS,20110329,27.8,28.02,27.7,28.02,4300
VICL,20110329,2.86,2.86,2.66,2.73,2464900
VICR,20110329,15.63,16.1,15.63,16.05,35500
VIDE,20110329,3.77,3.95,3.77,3.91,1800
VIFL,20110329,4.48,4.48,4.07,4.39,11700
VIMC,20110329,3.09,3.09,2.91,3.02,150400
VIRC,20110329,3.15,3.15,3.1,3.1,900
VISN,20110329,85.6,87,83.6,86.4,237600
VIVO,20110329,23.35,23.61,23.1,23.33,135300
VLCCF,20110329,24.55,24.97,24.5,24.97,123800
VLGEA,20110329,28.86,28.86,28.52,28.69,18900
VLTR,20110329,23.79,24.48,23.75,24.35,114500
VLYWW,20110329,2.6,2.6,2.6,2.6,0
VMBS,20110329,50.38,50.38,50.13,50.13,7200
VMED,20110329,27.09,27.68,26.82,27.57,2483800
VNDA,20110329,6.9,7.16,6.88,7.07,93700
VNQI,20110329,49.63,49.92,49.52,49.85,50300
VOCS,20110329,24.35,25.08,24.3,24.78,55100
VOD,20110329,28.67,29.25,28.57,29.22,5743500
VOLC,20110329,25.13,25.58,24.78,25.46,1206000
VONE,20110329,59.95,60.35,59.95,60.35,1100
VONG,20110329,61.44,61.6,61.43,61.6,1300
VONV,20110329,59.22,59.22,59.22,59.22,0
VOXX,20110329,7.98,8.11,7.95,8.08,41200
VPFG,20110329,12.86,13.21,12.86,13.07,32400
VPHM,20110329,19.23,19.42,19.05,19.2,954400
VPRT,20110329,49.32,51.78,49.06,51,404100
VRA,20110329,39.5,41.61,39.4,41.36,387200
VRML,20110329,4.5,4.61,4.41,4.55,53700
VRNM,20110329,3.12,3.21,3.11,3.16,14100
VRNT,20110329,35,35.24,34.88,35.14,83400
VRSK,20110329,32.2,32.71,32.03,32.71,542900
VRSN,20110329,36.04,36.6,35.84,36.44,1181800
VRTA,20110329,1.35,1.35,1.35,1.35,1000
VRTB,20110329,1.54,1.59,1.54,1.54,11200
VRTS,20110329,59.94,60.82,59.59,60,18300
VRTU,20110329,17.85,18.08,17.85,18.06,26600
VRTX,20110329,48.37,49.22,47.82,48.9,3628900
VSAT,20110329,39.69,39.94,39.26,39.44,93500
VSBN,20110329,12.74,12.74,12.74,12.74,0
VSCI,20110329,2.18,2.18,2.07,2.15,45600
VSCP,20110329,2.12,2.14,2.07,2.1,88900
VSEC,20110329,29,29.69,29,29.33,7400
VTHR,20110329,60.47,60.6,60.47,60.58,7800
VTNC,20110329,14.08,14.4,14.04,14.32,8700
VTSS,20110329,4.95,4.99,4.8,4.89,311400
VTUS,20110329,10.6,10.78,10.2,10.42,23600
VTWG,20110329,66.7,67.52,66.7,67.51,9600
VTWO,20110329,64.89,65.48,64.68,65.46,38300
VTWV,20110329,63.17,63.17,62.73,63.17,300
VVTV,20110329,6.64,6.99,6.63,6.86,163800
VVUS,20110329,6.25,6.39,6.2,6.3,1248400
VXUS,20110329,49.86,50.36,49.76,50.3,40100
VYFC,20110329,4.86,4.86,4.86,4.86,0
WABC,20110329,50.04,50.73,49.81,50.54,112500
WAFD,20110329,17.05,17.15,16.84,17.11,359700
WASH,20110329,23.49,23.76,23.35,23.45,24100
WAVX,20110329,3.2,3.25,3.13,3.17,193600
WAYN,20110329,8.7,8.7,8.38,8.45,8200
WBCO,20110329,13.51,13.78,13.51,13.78,18800
WBKC,20110329,14.44,14.49,14.43,14.48,5000
WBMD,20110329,52.89,53.48,52.51,53.19,459700
WBSN,20110329,22.72,22.89,22.63,22.75,141700
WCRX,20110329,23.23,23.5,23.19,23.34,2318900
WDC,20110329,36.9,37.08,36.38,37.05,3568300
WDFC,20110329,42.18,42.26,41.52,41.9,107400
WEBM,20110329,9.8,10.15,9.45,10.15,124000
WERN,20110329,25.16,25.38,25.01,25.22,821300
WEYS,20110329,24.29,24.53,24.11,24.53,3900
WFD,20110329,8.72,8.92,8.7,8.81,15800
WFM,20110329,63.51,64.35,63.28,64.35,1017400
WIBC,20110329,5.07,5.16,5.03,5.11,81100
WILC,20110329,7.81,7.85,7.73,7.8,26700
WIN,20110329,12.8,12.82,12.55,12.76,5976300
WINA,20110329,43.75,46.37,43.3,45.5,18600
WIRE,20110329,23.75,24.19,23.74,24,48200
WLDN,20110329,4.49,4.5,4.4,4.4,42800
WLFC,20110329,12.65,13,12.15,12.8,65100
WMAR,20110329,9.98,10.44,9.98,10.4,20700
WMGI,20110329,16.52,16.79,16.45,16.77,339500
WOOD,20110329,48.83,49.66,48.83,49.66,33900
WOOF,20110329,24.06,24.59,24.06,24.57,260800
WPCS,20110329,2.38,2.38,2.3,2.35,26700
WPPGY,20110329,60.94,61.75,60.87,61.66,40500
WPRT,20110329,19.02,19.36,18.75,19.29,427700
WRES,20110329,4.94,5.18,4.92,5.06,332800
WRLD,20110329,63.51,64.68,63.42,64.53,92100
WRLS,20110329,6.92,6.98,6.86,6.98,50600
WSB,20110329,3.15,3.15,3.15,3.15,300
WSBC,20110329,20,20.33,19.94,20.11,36300
WSBF,20110329,2.69,2.81,2.67,2.81,2400
WSCI,20110329,4.72,4.77,4.6,4.71,6200
WSFS,20110329,44.99,45.52,44.87,45.39,18800
WSTG,20110329,13.38,13.59,13.38,13.53,1900
WSTL,20110329,3.45,3.52,3.42,3.45,118300
WTBA,20110329,7.7,7.77,7.69,7.76,34500
WTFC,20110329,35.71,36.24,35.57,35.91,112300
WTFCW,20110329,18.2,18.2,18.2,18.2,100
WVFC,20110329,8.65,8.89,8.65,8.89,1100
WVVI,20110329,3.1,3.1,3.05,3.1,6400
WWD,20110329,33.67,34.06,33.17,33.95,141700
WWWW,20110329,13.91,14.11,13.85,13.98,194800
WYNN,20110329,125.18,127,124,125.88,1140600
XBKS,20110329,5,5,4.06,4.3,12000
XIDE,20110329,10.8,10.95,10.56,10.79,602700
XLNX,20110329,32.79,33.14,32.38,33,2813300
XNPT,20110329,6.25,6.32,6.07,6.18,1265800
XOMA,20110329,3.09,3.09,2.77,2.91,2864200
XRAY,20110329,35.76,36.18,35.62,36.18,465100
XRTX,20110329,11.11,11.35,11.11,11.33,244700
XTEX,20110329,16.81,17,16.78,16.81,47700
XTXI,20110329,10.04,10.3,9.91,10.02,206300
XWES,20110329,4.29,4.4,4.29,4.4,8900
XXIA,20110329,14.79,15.32,14.61,15.15,451000
YAVY,20110329,2.41,2.46,2.4,2.4,4900
YHOO,20110329,16.61,16.77,16.53,16.75,10041000
YORW,20110329,16.87,17.08,16.77,17.03,10400
YRCW,20110329,1.82,1.85,1.75,1.85,1043300
ZAGG,20110329,7.27,7.4,7.06,7.4,856700
ZBRA,20110329,39.27,39.29,38.77,39.04,264500
ZEUS,20110329,31.13,32.45,31.03,32.36,59600
ZGNX,20110329,4.75,4.9,4.66,4.9,41400
ZHNE,20110329,2.3,2.34,2.27,2.31,74400
ZIGO,20110329,13.89,14.36,13.86,14.34,11500
ZINC,20110329,16.23,16.77,16.16,16.67,263200
ZION,20110329,22.84,22.97,22.65,22.97,2742500
ZIONW,20110329,6.85,6.85,6.85,6.85,0
ZIOP,20110329,6.08,6.19,6.03,6.15,482700
ZIPR,20110329,2.94,2.96,2.91,2.91,4900
ZIXI,20110329,3.49,3.54,3.46,3.54,458500
ZLCS,20110329,2.4,2.52,2.33,2.45,6592000
ZN,20110329,4.6,4.7,4.57,4.7,50600
ZOLT,20110329,13.07,13.44,12.93,13.41,197000
ZOOM,20110329,3.45,3.79,3.4,3.79,509000
ZUMZ,20110329,23.24,24.35,22.89,23.79,1298100
