<ticker>,<date>,<open>,<high>,<low>,<close>,<vol>
AACC,20111003,3.41,3.42,2.98,3.11,12700
AAME,20111003,1.82,1.9,1.5,1.88,11400
AAON,20111003,15.69,16.34,15.12,15.13,92600
AAPL,20111003,380.35,382.64,373.17,374.6,23895500
AAWW,20111003,33.01,34.05,30.86,30.9,314000
AAXJ,20111003,46.22,46.86,45.29,45.36,505100
ABAX,20111003,22.65,23.59,22.14,22.15,217500
ABCB,20111003,8.83,9.07,8.53,8.55,113300
ABCD,20111003,2.99,3.02,2.87,2.87,56400
ABCO,20111003,32.015,32.34,29.33,29.365,210900
ABFS,20111003,15.99,16.28,15.01,15.01,419400
ABIO,20111003,6.6,6.6,6.24,6.42,16200
ABMD,20111003,11.02,11.06,10.01,10.09,237600
ABTL,20111003,4.1,4.2,3.85,4,72800
ACAD,20111003,1.07,1.08,0.91,0.92,390000
ACAS,20111003,6.71,6.88,6.36,6.36,5174700
ACAT,20111003,14.25,14.89,13.97,13.99,135400
ACCL,20111003,6,6.18,5.79,5.79,243200
ACET,20111003,5.23,5.44,5.1,5.17,177700
ACFC,20111003,2.07,2.07,2.01,2.01,400
ACFN,20111003,5.21,5.35,4.97,5.3,164000
ACGL,20111003,32.72,32.85,31.89,31.93,768600
ACHN,20111003,4.5,4.7,4.01,4.01,536400
ACIW,20111003,27.38,27.5,24.23,25.26,1368000
ACLS,20111003,1.16,1.2,1.08,1.08,750800
ACNB,20111003,13.81,13.81,13.6,13.69,9900
ACOR,20111003,19.77,20.02,18.63,18.71,666900
ACPW,20111003,6.45,6.45,5.75,5.75,731600
ACRX,20111003,3.25,3.25,3.21,3.23,1900
ACTG,20111003,35.65,36.72,32.72,32.78,881400
ACTS,20111003,2.05,2.06,2.02,2.02,53000
ACUR,20111003,3.5,4.05,3.5,3.67,247800
ACWI,20111003,38.73,39.29,37.97,38,1040200
ACWX,20111003,34.79,35.22,34.05,34.05,141000
ACXM,20111003,10.53,10.63,9.51,9.51,554600
ADAT,20111003,1.72,1.72,1.64,1.64,60100
ADBE,20111003,23.9,24.22,23.24,23.26,7995100
ADEP,20111003,3.21,3.21,3.21,3.21,700
ADES,20111003,15.4,17.1,14.06,14.26,75400
ADI,20111003,31.78,32.16,31.02,31.07,6494100
ADP,20111003,46.69,47.89,46.46,46.47,5655300
ADRA,20111003,22.16,22.2,21.86,21.87,1700
ADRD,20111003,17.51,17.66,17.23,17.23,8800
ADRE,20111003,35.85,36.07,34.99,35.03,91900
ADRU,20111003,17.05,17.05,16.44,16.9,54300
ADSK,20111003,27.02,27.44,25.43,25.45,6750200
ADTN,20111003,26.18,27.14,25.81,25.99,1004200
ADUS,20111003,4.11,4.15,3.69,3.8,16200
ADVS,20111003,20.68,21.1,19.51,19.55,248100
AEGR,20111003,12.4,13.1,12.07,12.07,78900
AEHR,20111003,0.92,0.92,0.77,0.77,4900
AEIS,20111003,8.35,8.46,7.56,8.01,884900
AEPI,20111003,22,22.02,19.82,20.31,18100
AERL,20111003,5.43,5.46,4.91,5,272600
AETI,20111003,3.7,3.75,3.41,3.67,12700
AEY,20111003,2.25,2.25,2.06,2.13,6700
AEZS,20111003,9.12,9.12,8.46,8.58,991800
AFAM,20111003,16.38,16.39,14.71,14.81,167800
AFCB,20111003,12.5,12.5,12.5,12.5,0
AFCE,20111003,11.66,12.06,11.58,11.62,158100
AFFX,20111003,4.85,5.01,4.74,4.74,2343200
AFFY,20111003,4.36,4.54,4.23,4.24,457700
AFOP,20111003,7.05,7.12,7.05,7.09,23200
AFSI,20111003,22.23,22.7,21.53,21.53,213100
AGEN,20111003,0.47,0.47,0.47,0.47,0
AGII,20111003,28.16,28.62,27.04,27.05,167600
AGNC,20111003,27,27.29,25.71,25.89,8348900
AGYS,20111003,6.56,7.11,6.55,6.56,261400
AHGP,20111003,43.59,44.43,42.47,42.72,150900
AHPI,20111003,3.85,3.91,3.63,3.65,5900
AIMC,20111003,11.4,11.65,10.56,10.6,222400
AINV,20111003,7.48,7.66,7.09,7.1,2969200
AIRM,20111003,21.37,21.5333,20.7,20.8333,212800
AIRT,20111003,7.5,7.65,7.42,7.45,19200
AIXG,20111003,13.97,14.21,13.43,13.47,463200
AKAM,20111003,19.73,19.93,18.59,18.65,5102800
AKRX,20111003,7.72,7.92,7.5,7.55,1645600
ALCO,20111003,19.47,20.65,18.4,20.3,17200
ALGN,20111003,15,15.49,14.25,14.26,735900
ALGT,20111003,47.13,48.33,45.45,45.45,225900
ALIM,20111003,7.91,7.91,7.09,7.09,95600
ALKS,20111003,15.08,15.3,13.91,13.98,1812600
ALLB,20111003,10.21,10.21,10.08,10.08,400
ALLT,20111003,9.89,10.27,9.38,9.45,216300
ALNY,20111003,6.7,6.7,6,6,356800
ALOG,20111003,44.54,45.73,43.76,43.79,124600
ALOT,20111003,7.07,7.12,7.07,7.07,200
ALSK,20111003,6.52,6.54,5.91,5.91,1187400
ALTE,20111003,18.8,19.22,18.21,18.21,417700
ALTI,20111003,1.3,1.32,1.15,1.15,265100
ALTR,20111003,31.2,31.96,30.61,30.87,6989800
ALVR,20111003,10.4,10.5,10,10,135900
ALXA,20111003,11.1,11.9,10.7,10.7,248700
ALXN,20111003,63.8,64.12,59.42,60.87,2615000
AMAG,20111003,14.66,14.82,13.84,13.9,220500
AMAP,20111003,13.47,13.47,12.5,12.91,113600
AMAT,20111003,10.28,10.42,9.85,9.85,24506400
AMBT,20111003,7.5,8.06,6.9,8.06,4300
AMCC,20111003,5.33,5.55,4.8,4.81,1043200
AMCF,20111003,1.85,1.94,1.75,1.86,64600
AMCN,20111003,2.38,2.63,2.26,2.31,286000
AMCX,20111003,31.77,32.15,30.53,31.46,421700
AMED,20111003,14.34,14.65,12.8,13.4,920300
AMGN,20111003,54.67,55.34,53.87,53.9,7462800
AMIC,20111003,4.75,4.81,4.74,4.8,2800
AMKR,20111003,4.37,4.48,4.26,4.27,4574500
AMNB,20111003,17.93,18.15,17.7,17.94,7500
AMOT,20111003,5.01,5.01,4.86,4.86,3000
AMOV,20111003,21.81,21.96,21.53,21.53,7600
AMPE,20111003,6.58,6.79,5.86,5.92,167800
AMRB,20111003,4.85,4.87,4.76,4.8,1000
AMRI,20111003,2.8,3,2.71,2.88,148300
AMRN,20111003,9.15,9.45,8.28,8.37,5157300
AMRS,20111003,19.78,20.17,18.26,18.32,316000
AMSC,20111003,3.89,3.9,3.41,3.42,1988700
AMSF,20111003,18.28,18.75,18.1,18.12,157800
AMSG,20111003,22.25,22.85,21.53,21.7,320400
AMSWA,20111003,7.13,7.36,6.91,6.99,125600
AMWD,20111003,12.06,12.71,11.85,11.86,25400
AMZN,20111003,217.01,221.6,211.39,211.98,6625100
ANAC,20111003,5.62,5.65,5.23,5.24,51100
ANAD,20111003,2.13,2.15,1.93,1.93,546000
ANAT,20111003,67.79,70.25,66.71,67.02,22400
ANCB,20111003,6.22,6.25,6.2,6.25,4800
ANCI,20111003,1.62,1.8,1.44,1.65,33100
ANCX,20111003,7.71,7.75,7.68,7.68,14600
ANDE,20111003,33.39,33.77,30.56,30.7,237400
ANEN,20111003,18.99,19.44,18.85,19.34,217200
ANGO,20111003,13.02,13.2,12.85,13,274300
ANIK,20111003,5.4,5.51,5.32,5.48,69700
ANLY,20111003,3.14,3.14,3.04,3.1,900
ANSS,20111003,48.91,49.12,46.14,46.52,695200
ANTH,20111003,4.75,4.86,4.68,4.72,156900
ANTP,20111003,1.81,1.92,1.76,1.81,5500
AOSL,20111003,8.02,8.24,7.4,7.4,99000
APAGF,20111003,73.24,75.32,70.1,71.92,26300
APEI,20111003,33.6,34.07,32.02,32.53,289300
APFC,20111003,7.08,7.3,6.91,7.1,8300
APOG,20111003,8.48,8.84,8.09,8.09,203500
APOL,20111003,39.23,39.97,37.9,38.38,1649500
APPY,20111003,18,18,15.6,17.34,24600
APRI,20111003,3.57,3.64,3.33,3.37,205300
APSA,20111003,14.15,14.55,14,14.27,900
APWC,20111003,2.65,2.75,2.65,2.75,2200
ARAY,20111003,3.98,4.02,3.6,3.62,802500
ARCC,20111003,13.6,13.95,13.26,13.26,1896800
ARCI,20111003,4.4,4.58,4.36,4.4,1600
ARCP,20111003,11.42,11.78,11.03,11.5,2900
ARCW,20111003,2.99,2.99,2.99,2.99,100
ARDNA,20111003,80.08,81.04,78.12,78.12,3800
AREX,20111003,16.31,17.46,15.27,15.3,572800
ARIA,20111003,8.66,8.85,8,8.03,5412300
ARII,20111003,15.06,16.42,14.56,14.69,116900
ARKR,20111003,13.41,13.42,13.41,13.42,200
ARLP,20111003,64.02,65.51,61.47,64.03,144300
ARMH,20111003,25.04,25.46,24.6,24.82,5121000
ARNA,20111003,1.4,1.47,1.29,1.3,2387600
AROW,20111003,22.14,22.8,21.59,21.61,43700
ARQL,20111003,5.14,5.14,4.58,4.58,292800
ARRS,20111003,10.27,10.48,9.91,9.91,1468800
ARRY,20111003,1.99,1.99,1.74,1.77,489100
ARTC,20111003,28.5,29.29,26.92,26.93,230600
ARTNA,20111003,17.34,17.7,17.15,17.15,35600
ARTW,20111003,5.78,5.78,5.55,5.55,4100
ARTX,20111003,1.64,1.64,1.41,1.45,39800
ARUN,20111003,20.9,21.43,20.28,20.58,4426800
ARWR,20111003,0.35,0.38,0.34,0.36,108900
ASBC,20111003,9.18,9.51,9.06,9.15,3784100
ASBI,20111003,3.91,3.94,3.75,3.92,2700
ASCA,20111003,15.98,16.21,14.89,14.9,315300
ASCMA,20111003,39.05,39.74,36.38,36.65,70100
ASEI,20111003,60.61,62.68,59.38,59.4,71000
ASFI,20111003,7.95,8.12,7.5,7.76,40900
ASIA,20111003,7.33,7.33,6.36,6.4,1188900
ASMI,20111003,23.68,24.02,22.64,22.67,58700
ASML,20111003,33.73,34.64,33.47,33.5,2328500
ASNA,20111003,13.385,13.595,12.665,12.67,1044600
ASPS,20111003,36.16,36.16,34.35,34.68,55800
ASRV,20111003,1.9,1.92,1.8,1.8,8600
ASRVP,20111003,25.5,25.5,25.5,25.5,0
ASTC,20111003,0.62,0.66,0.53,0.6,15700
ASTE,20111003,29.09,29.72,27.03,27.07,129700
ASTI,20111003,0.75,0.8,0.7,0.72,62400
ASTM,20111003,2.21,2.26,2.15,2.16,271800
ASTX,20111003,1.86,1.88,1.8,1.8,462300
ASUR,20111003,2.1867,2.3467,1.9933,2.1133,14900
ASYS,20111003,7.86,8.1,7.37,7.51,257200
ATAI,20111003,8.76,8.9,8.48,8.55,10600
ATAX,20111003,5.12,5.32,5.08,5.15,68300
ATEA,20111003,2.32,2.5,2.07,2.49,8600
ATEC,20111003,2.07,2.16,1.91,1.91,411300
ATHN,20111003,62.31,62.32,56.01,56.03,806000
ATHX,20111003,1.76,1.76,1.65,1.71,51100
ATLO,20111003,16.06,16.43,15.25,15.28,17400
ATMI,20111003,15.61,16,15.28,15.28,280200
ATML,20111003,8.02,8.17,7.44,7.45,9684100
ATNI,20111003,32.63,33.13,29.93,29.97,47300
ATNY,20111003,3.93,3.93,3.57,3.62,123100
ATRC,20111003,9.58,10.28,9.58,9.69,67500
ATRI,20111003,207.39,208.96,200.95,200.95,3500
ATRM,20111003,1.33,1.4,1.17,1.26,15200
ATRO,20111003,28.47,29.28,27.83,27.89,70900
ATSG,20111003,4.31,4.39,3.86,3.87,308500
ATVI,20111003,11.85,12.11,11.83,11.95,10995800
ATX,20111003,11.2,11.53,11.08,11.21,193600
AUBN,20111003,19.65,19.65,19.65,19.65,0
AUDC,20111003,2.9,2.94,2.28,2.29,796500
AUXL,20111003,15.06,15.38,14.48,14.49,676700
AVAV,20111003,28.11,28.58,27.4,27.73,244600
AVEO,20111003,15.24,15.69,14.52,14.53,271100
AVGO,20111003,32.66,33.23,31.67,31.89,3663800
AVID,20111003,7.69,7.87,7.48,7.5,267400
AVNR,20111003,2.78,2.9,2.66,2.67,2343600
AVNW,20111003,2.32,2.48,2.28,2.28,246300
AWAY,20111003,32.82,33.8,32.25,33.05,307700
AWRE,20111003,2.6,2.64,2.4,2.45,189000
AXAS,20111003,2.59,2.59,2.25,2.3,2109300
AXFN,20111003,19.11,19.11,19.11,19.11,0
AXTI,20111003,4.96,5.1,4.56,4.61,659700
AZPN,20111003,15.19,15.51,14.66,14.67,962900
BABY,20111003,9.44,9.67,8.81,8.81,302400
BAGL,20111003,12.7,12.84,11.57,11.57,37000
BAMM,20111003,2.3,2.3,2.21,2.25,40100
BANC,20111003,12.75,12.75,10.27,10.36,23200
BANF,20111003,33,33.41,31.38,31.45,29000
BANFP,20111003,26.5,26.5,26.5,26.5,0
BANR,20111003,12.63,13.02,12.02,12.23,187100
BASI,20111003,1.24,1.27,1.1,1.27,15100
BBBY,20111003,56.83,57.34,54.71,55.26,3010000
BBEP,20111003,17.1,17.33,16.17,16.4,407400
BBGI,20111003,3.76,3.76,3.76,3.76,100
BBNK,20111003,10.01,10.12,9.66,9.66,30000
BBOX,20111003,21.18,21.54,19.98,19.98,76500
BBRG,20111003,16.65,16.75,15.66,15.75,159900
BBRY,20111003,20.22,21.17,20.14,20.5,17601100
BBSI,20111003,13.78,14.08,13.5,13.5,26600
BCBP,20111003,8.96,9.15,8.96,9.15,600
BCOM,20111003,15.55,15.55,15.36,15.36,700
BCPC,20111003,36.69,37.91,35.09,35.2,228600
BCRX,20111003,2.75,2.82,2.5,2.5,225000
BCSB,20111003,11.75,11.75,11.75,11.75,0
BDE,20111003,6.5,6.65,6.03,6.06,148300
BDGE,20111003,18.08,18.57,17.31,17.51,35100
BDMS,20111003,16.69,16.78,16.39,16.39,7200
BDSI,20111003,1.09,1.14,0.96,0.99,870100
BEAT,20111003,2.93,3.01,2.65,2.7,109200
BEAV,20111003,32.76,33.27,30.66,30.7,1369200
BEBE,20111003,6.56,6.81,6.4,6.42,475100
BECN,20111003,15.9,16.12,15.16,15.34,857300
BELFA,20111003,16.48,16.48,15.48,15.48,900
BELFB,20111003,15.46,15.46,13.4,13.61,32700
BERK,20111003,6.43,6.65,6.43,6.45,3300
BFIN,20111003,6.6,6.74,6.43,6.51,71200
BFLY,20111003,2.43,2.47,2.43,2.44,1800
BGCP,20111003,6.1,6.17,5.75,5.75,1292400
BGFV,20111003,5.93,6.05,5.55,5.55,118500
BGMD,20111003,3.56,3.79,3.27,3.28,13900
BIB,20111003,27.6,27.935,25.75,25.75,9100
BICK,20111003,21.7,21.96,21.32,21.32,13900
BIDU,20111003,104.77,109.22,104.4,105.16,11564500
BIIB,20111003,92.17,93.59,88.64,88.96,2133700
BIOD,20111003,2.12,2.4,2,2.24,467200
BIOF,20111003,3.2,4,3.2,3.6,128700
BIOS,20111003,6.31,6.42,5.75,5.75,494000
BIRT,20111003,5.46,5.6,5.15,5.15,377500
BIS,20111003,44.67,47.28,44.67,47.28,3000
BJRI,20111003,44.03,44.43,42.11,42.32,409400
BKCC,20111003,7.39,7.77,7.01,7.03,612100
BKEP,20111003,6.19,6.21,5.67,5.98,22700
BKMU,20111003,2.58,2.76,2.42,2.43,203400
BKOR,20111003,2.77,2.77,2.77,2.77,0
BKSC,20111003,9.49,9.98,9.49,9.98,1200
BKYF,20111003,20,20.23,19,19,14800
BLDP,20111003,1.21,1.21,1.11,1.15,202100
BLDR,20111003,1.26,1.27,1.01,1.03,213600
BLIN,20111003,0.55,0.62,0.51,0.62,6600
BLKB,20111003,21.9,22.44,21.02,21.02,230300
BLRX,20111003,2.97,3.08,2.53,2.85,20400
BMC,20111003,38.22,38.51,37.67,37.71,3158500
BMRC,20111003,33,33.37,32.1,32.17,16200
BMRN,20111003,31.57,32.1,30.02,30.07,1150500
BMTC,20111003,16.4,16.96,16.05,16.06,47700
BNCL,20111003,7.38,7.51,7.14,7.15,121000
BNCN,20111003,6.81,6.85,6.8,6.84,3000
BNSO,20111003,1.51,1.51,1.39,1.45,3600
BOBE,20111003,28.3,29.16,27.6,27.64,293900
BOCH,20111003,3.24,3.25,3.2,3.23,15500
BODY,20111003,18.09,18.87,17.64,17.7,127800
BOFI,20111003,13.44,13.56,12.56,12.75,33300
BOKF,20111003,46.55,47.49,45.67,45.74,143800
BOLT,20111003,9.6,10.16,9.6,9.8,34700
BONA,20111003,4.65,4.65,4.36,4.47,84900
BONT,20111003,4.87,4.88,4.07,4.18,310800
BOOM,20111003,15.93,16.28,15,15,103900
BOSC,20111003,4.44,4.76,4.4,4.4,2900
BPAX,20111003,13.62,13.68,12.06,12.12,2884600
BPFH,20111003,5.99,6.08,5.65,5.65,760600
BPFHW,20111003,1.5,1.5,1.5,1.5,0
BPHX,20111003,0.57,0.57,0.5,0.55,25400
BPOP,20111003,14.9,15.4,12,12.1,15204400
BPOPM,20111003,16.25,16.25,14.68,14.68,5700
BPOPN,20111003,17.4,17.99,17.4,17.55,2700
BRCD,20111003,4.28,4.4,4.14,4.15,9457400
BRCM,20111003,33,33.21,32,32.12,8214400
BRID,20111003,9.33,9.33,9.33,9.33,0
BRKL,20111003,7.9,7.9,7.41,7.41,469700
BRKR,20111003,13.39,13.67,12.51,12.52,521400
BRKS,20111003,8.03,8.26,7.52,7.52,471900
BRLI,20111003,18.07,18.51,16.95,16.97,243400
BSDM,20111003,2.71,2.77,2.55,2.61,88500
BSET,20111003,7.09,7.2,6.87,7,11200
BSFT,20111003,30.25,30.25,27.68,28.69,1000300
BSPM,20111003,1.89,1.98,1.65,1.65,247200
BSQR,20111003,4.37,4.37,4.06,4.13,47700
BSRR,20111003,9.04,9.17,8.51,8.61,38800
BSTC,20111003,15.72,16.09,14.37,14.37,14300
BTUI,20111003,4.44,4.71,4.33,4.46,8900
BUSE,20111003,4.3,4.48,4.14,4.14,301100
BVSN,20111003,8.5,8.8,8.45,8.52,6800
BWEN,20111003,3.2,3.4,2.7,2.8,1193600
BWINA,20111003,23,24,23,24,300
BWINB,20111003,21.26,22.26,21,21,19400
BWLD,20111003,59.24,59.6,56.26,56.3,652000
BYFC,20111003,1.5,1.5,1.5,1.5,0
CA,20111003,19.25,19.61,18.98,18.99,5816700
CAAS,20111003,4.65,4.79,4.55,4.55,56600
CAC,20111003,26.98,28.25,25.8,25.8,22200
CACB,20111003,6.04,6.07,4.95,4.95,26400
CACC,20111003,63.69,65.1,60.75,60.75,51300
CACH,20111003,4.99,5.2,4.97,5,9800
CADC,20111003,1.58,1.59,1.51,1.51,18800
CADX,20111003,6.45,6.73,6.45,6.46,216900
CAFI,20111003,1.34,1.4,1.18,1.2,12600
CAKE,20111003,24.42,24.78,23.7,23.96,2741000
CALD,20111003,4.51,4.79,4.44,4.51,220000
CALI,20111003,6.9,7.2,6.6,6.78,9000
CALL,20111003,11.55,11.69,11.02,11.125,27500
CALM,20111003,31.39,31.79,30.6,30.71,177700
CAMP,20111003,3.2,3.21,3.07,3.1,109800
CAMT,20111003,1.8,1.81,1.66,1.68,65900
CAR,20111003,9.53,9.74,8.89,8.89,2674200
CARB,20111003,11.99,12.25,11.06,12,128500
CART,20111003,3,3,3,3,100
CARV,20111003,0.43,0.43,0.38,0.38,13600
CARZ,20111003,22,22,21.78,22,1200
CASH,20111003,17.14,17.18,17.13,17.13,600
CASM,20111003,2.02,2.02,1.85,1.97,7400
CASS,20111003,30.6,32.36,30.37,30.58,35400
CASY,20111003,43.73,45.02,42.53,42.63,400000
CATM,20111003,22.66,23.14,20.58,20.58,620900
CATY,20111003,11.16,11.51,10.65,10.69,722300
CAVM,20111003,26.75,27.17,25.09,25.4,2096600
CBAK,20111003,4.05,4.1,3.35,3.45,306100
CBAN,20111003,2.63,2.63,2.63,2.63,0
CBEY,20111003,6.93,7.19,6.48,6.48,219200
CBIN,20111003,9.2,9.2,9.2,9.2,0
CBLI,20111003,2.52,2.59,2.37,2.37,170800
CBMX,20111003,24.8,26.5,24.8,26.5,1800
CBMXW,20111003,1.7,1.7,1.7,1.7,0
CBNJ,20111003,6.86,7.1,6.67,6.71,46400
CBNK,20111003,13.4,13.4,13.4,13.4,0
CBOE,20111003,24.23,24.59,23.97,24.05,681900
CBPO,20111003,6.44,6.82,6.41,6.54,11500
CBRL,20111003,39.65,40.61,38.55,38.56,375700
CBRX,20111003,1.93,1.95,1.8,1.91,614700
CBSH,20111003,34.71,35.47,33.64,33.69,481700
CBST,20111003,35.28,36,33.79,34.05,1158400
CCBG,20111003,10.26,10.41,10.08,10.08,60700
CCCL,20111003,2.9,2.95,2.7,2.79,27800
CCIH,20111003,4.41,4.5,3.99,4.1,94100
CCIX,20111003,8.07,8.6,7.59,7.6,191100
CCMP,20111003,34.03,34.91,32.82,33.09,152100
CCNE,20111003,12.73,13.05,12.17,12.17,44000
CCOI,20111003,13.07,13.76,12.82,12.83,344100
CCRN,20111003,4.14,4.28,3.9,3.9,212800
CCUR,20111003,5.41,5.45,4.91,5.17,53100
CDNS,20111003,9.2,9.4,8.81,9,4435500
CDTI,20111003,2.32,2.34,1.93,2.05,80600
CDXS,20111003,4.53,4.69,4.48,4.49,205800
CDZI,20111003,7.64,8.09,7.16,7.2,50200
CECE,20111003,5.65,5.69,5.28,5.32,14300
CECO,20111003,12.94,13.43,12.32,12.57,940700
CEDU,20111003,5.85,5.89,5.66,5.84,7800
CELG,20111003,61.29,62.41,60.66,60.7,3709900
CELGZ,20111003,1.57,1.57,1.57,1.57,900
CENT,20111003,6.8,7.17,6.72,6.77,105900
CENTA,20111003,7.02,7.4,6.8,6.81,310100
CENX,20111003,8.56,8.63,7.85,7.9,2849700
CERN,20111003,67.63,68.56,65.24,65.56,2237500
CERS,20111003,2.12,2.15,1.98,1.98,277100
CETV,20111003,7.57,7.6,6.72,6.72,888800
CEVA,20111003,24.13,24.59,22.77,22.81,355700
CFBK,20111003,4.75,4.75,4.7,4.75,1700
CFFI,20111003,23.99,23.99,23.52,23.75,2900
CFFN,20111003,10.57,10.64,10.31,10.36,1887700
CFNB,20111003,15.05,16.45,15.05,15.05,8700
CFNL,20111003,8.52,8.83,8.16,8.16,165200
CGEN,20111003,3.91,3.96,3.8,3.87,56200
CGNX,20111003,26.31,27.33,25.23,25.26,346200
CHCI,20111003,0.92,0.93,0.92,0.92,15400
CHCO,20111003,27.16,27.45,26.04,26.06,168100
CHDN,20111003,38.61,39.65,37.72,37.72,60400
CHDX,20111003,8.54,9.13,8.38,8.38,75500
CHEF,20111003,11.68,12.23,11.47,11.7,170900
CHEV,20111003,8.71,8.72,8.43,8.43,3200
CHFC,20111003,15.2,15.73,14.7,14.7,108300
CHFN,20111003,9.3,9.34,9,9,33100
CHKE,20111003,13.13,13.48,13,13.01,57000
CHKP,20111003,52.86,53.11,51.14,51.7,2227500
CHLN,20111003,1.44,1.44,1.2,1.2,75600
CHNR,20111003,10.08,10.4,10.08,10.4,1800
CHOP,20111003,2.78,2.78,2.21,2.35,206800
CHRM,20111003,7.97,8.18,6.24,7.4,60200
CHRW,20111003,67.79,69.55,66.18,66.27,1709000
CHSCP,20111003,28,28.34,27.84,27.87,35600
CHTP,20111003,3.6,3.72,3.36,3.37,511500
CHTR,20111003,46.09,47.34,43.66,43.67,519700
CHYR,20111003,1.97,1.97,1.87,1.88,4100
CIDM,20111003,1.12,1.17,1.09,1.15,20100
CIEN,20111003,11.06,11.22,10.26,10.28,5611000
CIMT,20111003,3.26,3.26,3.04,3.11,10900
CINF,20111003,26.17,26.54,25.06,25.06,2207500
CISG,20111003,6.83,6.85,6.17,6.18,704800
CITZ,20111003,4.49,4.7,4.3,4.42,4800
CIZN,20111003,18.17,18.17,17.91,18.17,1100
CJJD,20111003,1.37,1.37,1.35,1.37,7100
CKEC,20111003,6.52,6.67,5.7,5.75,127400
CKSW,20111003,8.11,8.5,7.99,8.33,295200
CLBH,20111003,2.31,2.31,2.27,2.27,600
CLCT,20111003,14.61,14.85,12.6,13.45,240600
CLDX,20111003,2.27,2.34,2.1,2.11,313600
CLFD,20111003,5.86,5.86,5.22,5.23,92700
CLMS,20111003,9.99,10.28,9.46,9.48,251300
CLMT,20111003,16.82,17,16.47,16.57,497400
CLNE,20111003,11.01,11.11,10,10.01,2029500
CLNT,20111003,0.42,0.49,0.37,0.38,14400
CLRO,20111003,4.93,5.06,4.91,4.91,6600
CLSN,20111003,2.52,2.59,2.31,2.48,402700
CLUB,20111003,7.23,7.38,6.85,6.87,275300
CLWR,20111003,2.34,2.53,2.25,2.42,4584200
CLWT,20111003,3.245,3.355,3.245,3.355,800
CMCO,20111003,10.84,11.44,10.03,10.37,122700
CMCSA,20111003,20.68,21.19,20.34,20.36,25999300
CMCSK,20111003,20.42,20.97,20.15,20.17,6418500
CME,20111003,248.48,253.09,244.37,248.5,723200
CMLS,20111003,2.83,2.85,2.56,2.61,1175200
CMSB,20111003,8.1,8.1,8.1,8.1,0
CMTL,20111003,28.08,28.36,27.02,27.21,585900
CNBC,20111003,9.49,9.63,8.91,8.91,37100
CNBKA,20111003,23.04,23.04,20.85,21.12,17000
CNET,20111003,1.11,1.11,1.01,1.04,23600
CNIT,20111003,0.92,0.92,0.75,0.81,245200
CNMD,20111003,22.21,23.19,21.7,21.72,283000
CNQR,20111003,36.69,36.89,34.71,34.93,771500
CNSL,20111003,17.73,18.07,17,17,287900
CNTF,20111003,1.77,1.83,1.7,1.73,300300
CNTY,20111003,2.56,2.56,2.4,2.4,26900
CNYD,20111003,3.15,3.15,3.04,3.05,3600
COBK,20111003,12.28,12.28,12.26,12.26,900
COBR,20111003,3.45,3.45,3.17,3.17,13200
COBZ,20111003,4.48,4.63,4.24,4.29,169500
COCO,20111003,1.59,1.59,1.4,1.4,2756300
COGO,20111003,2.15,2.25,2,2.01,79700
COHR,20111003,42.86,43.35,40.5,40.5,178700
COHU,20111003,9.88,10.18,9.21,9.3,80900
COKE,20111003,55.17,56.36,52,52.08,32400
COLB,20111003,14.2,14.55,13.73,13.73,308600
COLM,20111003,46.18,47.13,42.98,43.24,315300
CONN,20111003,7.2,7.2,6.19,6.19,236200
COOL,20111003,2.02,2.2,2,2.04,1368800
CORE,20111003,30.36,31,29.81,29.86,101600
CORT,20111003,3.07,3.07,2.81,2.81,206400
COSI,20111003,0.73,0.79,0.71,0.75,160400
COST,20111003,81.72,83.22,81.18,81.63,3235200
COWN,20111003,2.69,2.71,2.55,2.55,506400
CPBC,20111003,4.64,4.64,4.64,4.64,0
CPGI,20111003,0.68,0.76,0.67,0.76,73200
CPHC,20111003,8.87,9.36,8.87,9.36,400
CPHD,20111003,38.8,39.8,37.66,37.84,821200
CPIX,20111003,5.67,5.81,5.25,5.55,394400
CPLA,20111003,28.03,28.75,26.46,26.51,258700
CPLP,20111003,6.36,6.5,5.86,6.28,607900
CPNO,20111003,29.52,29.81,28.25,28.36,354000
CPRT,20111003,19.53,19.82,18.865,18.965,565600
CPRX,20111003,1.46,1.53,1.37,1.42,32700
CPSI,20111003,65.83,68.52,63.58,63.64,77100
CPSL,20111003,6,6.24,5.16,5.16,194800
CPSS,20111003,0.99,0.99,0.99,0.99,0
CPST,20111003,0.99,1,0.85,0.86,3994000
CPTS,20111003,10.35,10.49,9.75,9.76,211100
CPWR,20111003,7.56,7.66,7.15,7.17,2360900
CRAI,20111003,20,20.05,18.84,18.84,68900
CRAY,20111003,5.17,5.52,5,5.01,295400
CRDC,20111003,1.92,2,1.78,1.8,68100
CRDS,20111003,5.1,5.37,5,5.24,10200
CREE,20111003,25.89,25.9,23.3,23.39,4967800
CREG,20111003,1.2,1.25,1.11,1.15,22000
CRESW,20111003,0.13,0.14,0.13,0.13,19200
CRESY,20111003,10.67,10.94,10.18,10.27,88400
CRFN,20111003,3,3,2.5,2.65,10700
CRIS,20111003,3.1,3.16,2.89,2.89,573700
CRMB,20111003,3.95,4.37,3.38,4.37,15400
CRMBW,20111003,0.35,0.35,0.35,0.35,0
CRME,20111003,16.35,17.25,15.05,15.05,866200
CRMT,20111003,28.69,29.01,26.88,26.88,66100
CRNT,20111003,9.4,9.59,9.18,9.3,138000
CROX,20111003,23.49,24.24,22,22,4527300
CRRB,20111003,3.2,3.2,3.2,3.2,0
CRRC,20111003,6.5,6.78,5.86,5.86,53600
CRTX,20111003,6.3,6.98,5.79,5.79,26300
CRUS,20111003,14.55,14.92,13.74,13.74,2462900
CRVL,20111003,42.4,43.71,40.71,40.71,28700
CRWN,20111003,1.39,1.44,1.31,1.31,113500
CRWS,20111003,3.42,3.42,3.39,3.4,1600
CRZO,20111003,21.02,21.46,19.25,19.33,1574400
CSBK,20111003,9.08,9.4,8.88,8.89,21800
CSCD,20111003,3.65,3.65,3.55,3.55,300
CSCO,20111003,15.3,15.47,15.17,15.19,79210700
CSFL,20111003,5.18,5.29,4.82,4.89,157700
CSGP,20111003,51.87,52.45,49.21,49.22,207100
CSGS,20111003,12.63,12.9,12.34,12.34,287000
CSII,20111003,11.27,11.39,10.15,10.2,239500
CSIQ,20111003,3.68,3.7,3.17,3.2,846700
CSOD,20111003,12.39,12.77,12.01,12.44,144700
CSPI,20111003,3.4,3.4,3.32,3.34,7700
CSRE,20111003,12.61,13.23,12.32,13.05,36700
CSTR,20111003,39.52,40.77,38.76,40.63,1557200
CSUN,20111003,1.37,1.37,1.17,1.18,253600
CSWC,20111003,72.5,73.34,71.02,72,9800
CTAS,20111003,27.85,28.5,26.8,26.88,1891800
CTBI,20111003,23.3,23.82,22.42,22.43,74700
CTCH,20111003,3.09,3.1,2.93,2.93,25600
CTCM,20111003,9.01,9.46,8.51,8.51,1060900
CTCT,20111003,17.24,17.45,15.97,16.32,688300
CTGX,20111003,10.95,11.27,9.74,10.02,48400
CTHR,20111003,2.16,2.16,1.95,1.95,22200
CTIB,20111003,4.02,4.19,4.02,4.19,500
CTIC,20111003,5.35,5.4,4.75,4.9,1678300
CTRN,20111003,11.84,11.84,10.94,10.94,131200
CTRP,20111003,32.1,32.5,30.3,30.71,3433000
CTRX,20111003,27.93,28.155,25.6,25.895,430000
CTSH,20111003,62.4,63.5,60.84,61.35,3974200
CTWS,20111003,25,25.46,24.76,24.76,25400
CTXS,20111003,53.99,54.46,52.79,52.95,2911300
CU,20111003,25.51,26.02,24.93,24.93,53600
CUBA,20111003,6,6.02,5.54,5.79,32000
CUTR,20111003,7.08,7.23,6.86,6.99,28100
CVBF,20111003,7.54,7.8,7.34,7.34,1016600
CVCO,20111003,34.08,35.19,32.53,32.64,30400
CVCY,20111003,5.59,5.59,5.38,5.4,1900
CVGI,20111003,6.35,6.68,6.07,6.1,376900
CVGW,20111003,20.2,20.47,19.05,19.1,100600
CVLT,20111003,37.16,37.49,34.42,34.66,754300
CVLY,20111003,9.2,9.48,9,9,3200
CVTI,20111003,3.63,3.69,3.37,3.37,37800
CVV,20111003,13.39,13.68,12.11,12.54,122100
CWBC,20111003,2.29,2.29,2,2.11,6000
CWCO,20111003,7.85,8.1,7.61,7.61,106500
CWEI,20111003,42.11,42.36,36.88,38.24,125200
CWST,20111003,5.11,5.55,5.11,5.16,292600
CWTR,20111003,4.92,5.04,4.48,4.6,688400
CXDC,20111003,4.45,4.54,4.16,4.2,59700
CXPO,20111003,2.1,2.3,2.08,2.13,336400
CY,20111003,15.15,15.18,13.91,14.08,8711200
CYAN,20111003,3.75,3.75,3.61,3.61,4300
CYBE,20111003,7.92,8,7.5,7.66,8200
CYBX,20111003,27.91,28.73,26.92,26.93,267100
CYCC,20111003,2.8,3.08,2.59,2.73,510900
CYCCP,20111003,2.91,2.91,2.9,2.9,900
CYMI,20111003,36.82,38,36.17,36.33,354200
CYNO,20111003,10.09,10.83,9.63,9.73,65000
CYOU,20111003,25.03,26.12,24.08,24.41,416400
CYTK,20111003,1.13,1.17,1.1,1.14,100500
CYTR,20111003,2.31,2.31,2.1,2.17,352000
CYTX,20111003,2.9,2.98,2.58,2.58,638100
CYTXW,20111003,1.65,1.65,0.99,1.64,4600
CZFC,20111003,6.53,6.75,6.5,6.5,4500
CZNC,20111003,14.84,15.08,14.1,14.13,31800
CZWI,20111003,5,5,5,5,0
DAEG,20111003,2.05,2.17,2.05,2.05,200
DAIO,20111003,4.06,4.07,3.52,3.91,22600
DAKT,20111003,8.51,8.98,8.09,8.09,182100
DARA,20111003,1.94,1.97,1.85,1.88,20000
DATE,20111003,7.74,7.85,7,7.21,231500
DAVE,20111003,8.26,8.55,8.21,8.24,19800
DBLE,20111003,6.31,6.45,6.06,6.06,62900
DBLEP,20111003,25.1,25.22,24.95,24.95,3800
DCIX,20111003,4.74,4.82,4.64,4.73,46700
DCOM,20111003,10.51,10.51,9.77,9.78,238700
DCTH,20111003,3.26,3.43,3.11,3.14,878300
DECK,20111003,91.5,94.5,86.67,88.11,1892700
DELL,20111003,14.01,14.4,13.9,13.91,26406100
DENN,20111003,3.29,3.32,3.12,3.18,871900
DEPO,20111003,5.44,5.6,5,5,848600
DEST,20111003,12.62,12.79,12.3,12.5,131100
DFZ,20111003,10.54,10.68,9.73,9.77,38100
DGAS,20111003,15.695,15.695,15.695,15.695,500
DGICA,20111003,11.93,12.3,11.91,12,31600
DGICB,20111003,15,15,15,15,0
DGII,20111003,10.89,11.46,10.7,11.04,208200
DGIT,20111003,16.78,17.27,15.84,15.85,394200
DGLY,20111003,0.75,0.78,0.68,0.68,171800
DHIL,20111003,68.1,70.99,66,66,21300
DHRM,20111003,1.96,2.08,1.95,1.99,8800
DIOD,20111003,17.63,18.11,16.81,16.97,665800
DISCA,20111003,37.5,37.7,36.68,36.73,2500700
DISCB,20111003,37.22,37.22,37.22,37.22,200
DISCK,20111003,35.03,35.04,33.99,34.13,671700
DISH,20111003,25,25.49,23.61,23.62,4673000
DJCO,20111003,65.25,65.25,65.25,65.25,0
DLGC,20111003,9.4,10.7,8.2,8.45,56100
DLIA,20111003,1.32,1.32,1.24,1.26,45100
DLLR,20111003,21.83,22.09,20.25,20.44,724900
DLTR,20111003,37.285,38.005,36.61,36.84,1543200
DMLP,20111003,23.68,23.86,23.08,23.08,94100
DMND,20111003,79.74,79.75,71,71.57,981800
DMRC,20111003,24.59,25.12,21.55,21.64,112400
DNBF,20111003,9.57,9.57,9.57,9.57,0
DNDN,20111003,8.92,8.99,8.07,8.08,5703800
DNKN,20111003,27.4,27.82,26.27,26.59,739400
DORM,20111003,16.325,17.285,15.695,15.71,62800
DOVR,20111003,3.35,3.35,3.35,3.35,0
DRAD,20111003,2.12,2.16,1.97,2.04,61600
DRAM,20111003,7.26,7.26,7.2,7.2,19200
DRCO,20111003,8.86,9.04,8.71,8.71,37900
DRIV,20111003,20.57,20.89,19.45,19.46,757100
DRRX,20111003,1.57,1.59,1.43,1.43,332800
DRWI,20111003,3.25,3.25,2.84,2.86,462900
DRYS,20111003,2.32,2.32,1.99,2.02,14146000
DSCI,20111003,7.75,7.89,7.74,7.75,20500
DSCO,20111003,1.96,2.01,1.82,1.82,222700
DSGX,20111003,6.16,6.16,5.88,5.88,2200
DSPG,20111003,5.91,6.09,5.62,5.66,297400
DSWL,20111003,2.43,2.56,2.41,2.45,10400
DTLK,20111003,6.81,7.35,6.67,7.08,560700
DTSI,20111003,25,25,23.32,23.7,187900
DTV,20111003,41.9,42.63,40.58,40.6,9515000
DVAX,20111003,1.81,1.94,1.8,1.82,1022600
DVOX,20111003,3.47,3.65,3.18,3.24,76600
DWA,20111003,18.27,18.3,16.91,16.93,1324200
DWCH,20111003,5.35,5.48,5.35,5.47,24200
DWSN,20111003,23.26,24.3,21.57,22.54,98900
DXCM,20111003,11.82,12.12,11.21,11.36,634400
DXPE,20111003,18.63,19.11,17.75,17.85,102700
DXYN,20111003,3.01,3.01,3.01,3.01,0
DYAX,20111003,1.24,1.29,1.2,1.2,648000
DYNT,20111003,4,4.15,3.55,3.55,132000
DYSL,20111003,2.51,2.64,2.5,2.5,11700
EBAY,20111003,29.16,29.45,28.07,28.11,16949400
EBIX,20111003,14.69,14.92,13.53,13.56,684000
EBMT,20111003,10.47,10.55,10.47,10.49,4200
EBSB,20111003,10.84,11.03,10.83,10.83,25500
EBTC,20111003,12.27,13.95,12,12,22800
ECHO,20111003,13.25,13.33,12,12.01,95200
ECOL,20111003,15.57,15.65,15,15.05,135100
ECPG,20111003,21.78,22.13,20.81,20.87,296100
ECTE,20111003,2.93,3.05,2.57,2.89,148000
ECTY,20111003,1.85,1.86,1.59,1.61,96400
ECYT,20111003,10.49,10.97,10,10,85500
EDAC,20111003,6.9,7.33,6.36,6.67,31700
EDAP,20111003,1.74,1.75,1.54,1.59,52000
EDGW,20111003,2.35,2.39,2.32,2.32,400
EDMC,20111003,15.79,16.06,13.45,14.48,217100
EDS,20111003,3.99,4.02,3.92,3.93,13800
EDUC,20111003,5.16,5.31,5.15,5.31,5000
EEFT,20111003,15.61,15.83,14.68,14.69,444500
EEI,20111003,15.5,15.5,15.5,15.5,300
EFII,20111003,12.98,13.8,12.9,12.95,298700
EFSC,20111003,13.44,13.98,12.58,12.59,59500
EFUT,20111003,3.55,3.55,3.55,3.55,600
EGBN,20111003,11.78,12.15,11.26,11.38,108400
EGHT,20111003,4.09,4.13,3.8,3.8,1368200
EGLE,20111003,6.24,6.28,5.72,5.84,1041200
EGOV,20111003,11.48,11.66,11.13,11.2,325100
EHTH,20111003,13.52,13.75,12.96,12.97,221700
EIHI,20111003,13.08,13.15,13,13.15,4800
ELGX,20111003,9.92,10.35,9.75,10,787900
ELNK,20111003,6.52,6.61,6.25,6.25,3182500
ELON,20111003,6.95,7.08,6.74,6.74,331700
ELOS,20111003,9.81,9.95,9.07,9.11,225100
ELRC,20111003,13.65,14.16,13.08,13.08,77000
ELSE,20111003,3.58,3.58,3.58,3.58,100
ELTK,20111003,0.95,1,0.95,1,3200
EMCF,20111003,16.35,16.35,16.35,16.35,0
EMCI,20111003,18.38,19.34,18.12,18.15,35000
EMFN,20111003,20.27,20.27,19.61,19.61,600
EMIF,20111003,25.48,25.77,25.13,25.13,18500
EMITF,20111003,2.57,2.57,2.36,2.36,5200
EMKR,20111003,3.88,3.92,3.44,3.48,1252500
EMMS,20111003,0.66,0.68,0.61,0.61,187600
EMMSP,20111003,13.02,13.02,13.02,13.02,0
EMMT,20111003,18.35,18.71,18.35,18.35,200
ENDP,20111003,27.77,28.2,26.47,26.51,1705300
ENG,20111003,2.61,2.68,2.38,2.48,67900
ENMD,20111003,1.9,2,1.55,1.63,132600
ENOC,20111003,8.98,9.25,8.14,8.2,463800
ENSG,20111003,22.93,23.22,20.9,20.93,98500
ENTG,20111003,6.43,6.58,6.09,6.11,1938500
ENTR,20111003,4.07,4.24,3.76,3.76,1949800
ENZN,20111003,7.02,7.29,6.99,7,379200
EONC,20111003,1.49,1.5,1.33,1.36,12900
EPAX,20111003,5.71,5.9,5.53,5.53,122400
EPAY,20111003,19.92,20.3,19.23,19.32,238100
EPIQ,20111003,12.39,12.74,11.9,11.91,165400
EQIX,20111003,88.1,89.68,83.02,84.27,1146900
ERIC,20111003,9.39,9.53,8.95,8.97,9198500
ERIE,20111003,71.05,71.96,69.35,69.36,93100
ERII,20111003,2.91,3.01,2.78,2.78,371200
EROC,20111003,9.56,9.75,8.82,8.95,623900
ESBF,20111003,10.9,11.12,10.5,10.5,47900
ESBK,20111003,15.59,15.7,15.5,15.5,800
ESCA,20111003,4.99,5.13,4.99,5.03,1000
ESEA,20111003,3.1,3.1,2.96,3.07,35000
ESGR,20111003,95.31,96.74,89.52,90.06,32300
ESIO,20111003,11.74,12.18,11,11.1,162700
ESLT,20111003,39.79,40.7,39.23,39.23,14500
ESMC,20111003,1.1,1.16,1.04,1.16,50500
ESRX,20111003,36.91,37.71,35.69,35.71,12067700
ESSA,20111003,10.5,10.53,10.03,10.03,53800
ESSX,20111003,2.44,2.44,2.08,2.08,48300
ESYS,20111003,4.25,4.3,3.65,3.83,27300
ETFC,20111003,9.1,9.28,8.36,8.36,6822900
ETRM,20111003,1.73,1.75,1.63,1.63,43600
EUFN,20111003,15.08,15.1,14.55,14.8,56600
EVBS,20111003,2.15,2.15,2.12,2.14,2400
EVEP,20111003,70.93,71.26,63.6,65.76,822400
EVOL,20111003,6.24,6.3,6.16,6.3,6300
EWBC,20111003,14.78,15.24,14.2,14.23,1318500
EXAC,20111003,14.11,14.11,13.06,13.06,18600
EXAR,20111003,5.72,5.83,5.6,5.64,251300
EXAS,20111003,6.51,6.78,6.23,6.24,581600
EXEL,20111003,5.48,5.55,4.89,4.89,1342900
EXFO,20111003,6.06,6.93,5.63,5.74,128100
EXLP,20111003,21.62,21.94,20.27,20.57,72600
EXLS,20111003,21.76,22.24,21.3,21.47,178000
EXPD,20111003,40.27,40.99,39.23,39.28,2598300
EXPE,20111003,25.6,25.83,24.26,24.31,8786200
EXPO,20111003,41.08,42.19,38.98,39.01,78900
EXTR,20111003,2.58,2.71,2.45,2.46,441500
EXXI,20111003,21.06,21.61,20.25,20.27,1648600
EZCH,20111003,32.84,33.02,30.23,30.74,380600
EZPW,20111003,28.3,28.97,27.08,27.13,660200
FABK,20111003,13,13,13,13,0
FALC,20111003,2.87,2.95,2.76,2.77,169300
FARM,20111003,5.5,5.5,5.03,5.15,96600
FARO,20111003,31.73,31.95,30.09,30.14,148900
FAST,20111003,32.9,33.43,32.21,32.23,4166900
FBIZ,20111003,15.61,15.74,13.85,15.25,6500
FBMI,20111003,4.78,4.89,4.71,4.71,6700
FBMS,20111003,8.12,8.12,8.05,8.05,1400
FBNC,20111003,9.89,10.1,9.42,9.42,65900
FBNK,20111003,11.23,11.35,11.11,11.14,229800
FBRC,20111003,9.52,9.72,8.76,8.76,221100
FBSS,20111003,11.75,11.75,11.73,11.75,2300
FCAL,20111003,3.01,3.01,2.86,2.86,39700
FCAP,20111003,18.9,18.9,18.9,18.9,100
FCBC,20111003,10.13,10.26,9.43,9.48,77100
FCCO,20111003,5.6,5.63,5.46,5.5,1100
FCCY,20111003,6.72,6.72,6.72,6.72,100
FCEL,20111003,0.89,0.92,0.84,0.85,1852100
FCFC,20111003,6.62,6.62,6.3,6.34,10500
FCFS,20111003,40.9,41.76,37.94,37.95,1067200
FCHI,20111003,35.9,36.39,35.68,35.98,3800
FCLF,20111003,6.4,6.4,6.38,6.38,400
FCNCA,20111003,144.33,146.32,139.48,139.53,12500
FCTY,20111003,3.52,3.53,3.5,3.53,3000
FCVA,20111003,2.52,2.52,2.5,2.5,800
FCZA,20111003,3.48,3.48,3.48,3.48,900
FDEF,20111003,13.2,13.85,13,13,38000
FDML,20111003,14.95,15.47,14.5,14.79,249900
FDUS,20111003,12.63,13.1,11.73,11.73,38900
FEFN,20111003,21.64,21.64,21.64,21.64,0
FEIC,20111003,29.83,29.88,27.06,27.06,459200
FEIM,20111003,8.45,9.06,8.45,8.76,10300
FELE,20111003,17.935,18.53,17.655,17.655,158200
FES,20111003,4.78,5.76,4.49,5.19,6700
FFBC,20111003,13.71,14.07,13.13,13.4,493500
FFBCW,20111003,3.65,3.65,3.65,3.65,0
FFBH,20111003,5.56,5.8,5.41,5.62,3700
FFCH,20111003,4.09,4.13,3.29,3.47,108700
FFCO,20111003,13.5,13.55,13.5,13.55,300
FFEX,20111003,2,2.1,1.88,2.08,25900
FFHL,20111003,2.2,2.28,1.69,1.92,53900
FFIC,20111003,10.7,11.1,10.7,10.82,253800
FFIN,20111003,26.1,26.59,25.17,25.17,166400
FFIV,20111003,70.6,72.35,69.6,70.43,2676300
FFKT,20111003,4.16,4.4,4.15,4.15,1200
FFKY,20111003,1.63,1.71,1.3,1.4,8600
FFN,20111003,1.84,1.84,1.59,1.65,193600
FFNM,20111003,3.35,3.4,3.35,3.35,200
FFNW,20111003,5.51,5.55,5.2,5.4,26700
FHCO,20111003,4.07,4.15,3.92,3.94,88300
FIBK,20111003,10.62,10.84,9.88,9.88,85800
FINL,20111003,19.77,20.41,19.11,19.11,1672200
FIRE,20111003,26.43,26.69,24.86,25.21,446900
FISI,20111003,14.13,14.46,13.62,13.64,69000
FISV,20111003,50.58,51.92,50.19,50.21,2269800
FITB,20111003,10.06,10.38,9.8,9.8,14999900
FITBP,20111003,128.57,129.57,128.49,129.1,6500
FIZZ,20111003,15.12,15.7,14.98,14.99,53500
FLDM,20111003,13.77,14.2,13.71,13.79,71000
FLEX,20111003,5.64,5.68,5.35,5.42,4367100
FLIC,20111003,22.45,22.83,21.77,21.79,29800
FLIR,20111003,24.93,25.42,24.44,24.46,1506200
FLML,20111003,4.15,4.43,4.1,4.22,70200
FLOW,20111003,2.16,2.24,1.99,2.01,287600
FLWS,20111003,2.29,2.36,2.2,2.24,253300
FLXS,20111003,14.97,15,14,14.09,5100
FMBI,20111003,7.37,7.57,6.98,6.99,869900
FMCN,20111003,17.41,18.43,16.25,16.33,9636500
FMER,20111003,11.39,11.63,10.81,10.81,1369400
FMFC,20111003,3.18,3.18,3.1,3.1,4900
FMNB,20111003,4.73,4.73,4.42,4.42,1600
FNBN,20111003,0.29,0.36,0.28,0.3,25900
FNFG,20111003,9.13,9.31,8.89,8.89,6560800
FNGN,20111003,18.06,18.21,15.74,15.82,709500
FNLC,20111003,12.44,12.53,11.75,11.84,44600
FNSR,20111003,17.42,18.25,16.79,16.84,4677200
FOLD,20111003,3.8,3.88,3.4,3.4,210900
FONE,20111003,22.2,22.2,21.68,21.7,2300
FONR,20111003,1.8,1.8,1.5,1.59,141800
FORD,20111003,2.24,2.24,2.05,2.06,11000
FORM,20111003,6.15,6.39,5.97,5.97,501500
FORR,20111003,32.44,33.13,31.89,31.89,156700
FORTY,20111003,12.06,12.45,12,12.29,1800
FOSL,20111003,80.2,82.19,75.05,75.28,1365100
FRAN,20111003,21.01,22.15,18.97,19.83,437000
FRBK,20111003,1.59,1.59,1.5,1.5,3500
FRED,20111003,10.6,10.95,10.44,10.45,462400
FREE,20111003,8.5,9.2,7.7,8.5,10700
FRME,20111003,6.98,7.27,6.73,6.81,155100
FRNK,20111003,11,11.3,10.81,10.81,57600
FRP,20111003,4.28,4.3,3.61,3.62,142800
FSBK,20111003,3.58,3.58,3.4,3.41,13100
FSCI,20111003,22.1,23.34,21.9,21.9,32800
FSFG,20111003,16.25,16.25,15.9,15.9,8000
FSLR,20111003,61.83,63.75,57.87,57.9,4322500
FSRV,20111003,25.7,26.04,24.75,24.9,47700
FSTR,20111003,21.64,22.49,20.81,21.02,115200
FSYS,20111003,19,19.2,17.24,17.5,311400
FTEK,20111003,5.93,5.93,4.8,4.81,169800
FTNT,20111003,16.62,17.09,16.41,16.53,2425300
FUBC,20111003,4.88,5.05,4.57,4.57,89500
FULL,20111003,7.05,7.16,6.81,6.81,7000
FULT,20111003,7.58,7.83,7.41,7.44,2039700
FUNC,20111003,3.4,3.68,3.4,3.44,10200
FUND,20111003,6.01,6.02,5.76,5.79,68800
FURX,20111003,14.17,14.31,13.03,13.16,38100
FWLT,20111003,17.54,18,16.93,17.08,1992700
FWRD,20111003,25.33,25.99,24.38,24.38,217300
FXCB,20111003,12.58,12.83,12.31,12.33,77800
FXEN,20111003,4.13,4.16,3.67,3.75,874600
GABC,20111003,15.91,16.4,15.42,15.42,33600
GAGA,20111003,5.66,5.66,5.26,5.4,21700
GAI,20111003,3.13,3.69,3.12,3.67,600
GAIA,20111003,3.33,3.48,3.03,3.09,97400
GAIN,20111003,6.92,6.98,6.41,6.41,119200
GAME,20111003,3.91,4,3.51,3.62,1407500
GASS,20111003,3.89,3.95,3.55,3.61,28500
GBCI,20111003,9.45,9.52,9.01,9.09,1009800
GBDC,20111003,14.77,14.92,14.12,14.16,73500
GBLI,20111003,17.02,17.52,16.02,16.04,40100
GBNK,20111003,1.14,1.18,1.14,1.18,29800
GCBC,20111003,18.74,18.74,18.74,18.74,0
GCFB,20111003,2.21,2.25,2.17,2.17,3900
GCOM,20111003,13.11,13.36,12.92,12.95,158200
GCVRZ,20111003,1.05,1.06,1.04,1.04,2806000
GENC,20111003,7.25,7.26,7.16,7.19,4400
GENE,20111003,4.55,4.73,4,4.19,122000
GENT,20111003,6.13,6.13,5.71,5.84,116900
GERN,20111003,2.1,2.19,2,2,2183900
GEVO,20111003,5.8,5.91,5.56,5.64,109000
GFED,20111003,4.55,4.55,4.55,4.55,0
GFN,20111003,2.92,2.95,2.61,2.64,2500
GFNCL,20111003,3.5,3.5,3.5,3.5,0
GGAL,20111003,8.09,8.45,7.59,7.64,214400
GHDX,20111003,21.79,22.05,20.95,21.05,247200
GIFI,20111003,20.39,21.35,20.07,20.17,116400
GIGA,20111003,1.31,1.33,1.31,1.33,800
GIGM,20111003,0.87,0.88,0.86,0.86,251600
GIII,20111003,22.67,23.59,21.72,21.83,218400
GILD,20111003,19.4,19.56,18.9,18.905,8089100
GILT,20111003,3.2,3.25,3.15,3.18,32900
GIVN,20111003,15.07,15.49,14.12,14.29,92500
GKNT,20111003,19.88,20.29,17.49,17.49,36200
GLAD,20111003,6.87,7.11,6.64,6.65,197200
GLBS,20111003,5.03,5.03,4.98,4.98,4300
GLBZ,20111003,8.22,8.24,8.22,8.24,900
GLCH,20111003,1.18,1.23,1.1,1.1,507400
GLDC,20111003,3.25,3.35,3.21,3.28,2000
GLDD,20111003,4.04,4.26,4.02,4.02,713400
GLNG,20111003,31.17,32,29.76,29.76,1105000
GLPW,20111003,23.02,23.47,22.03,22.05,61600
GLRE,20111003,20.65,21.05,20.23,20.3,267400
GLUU,20111003,2.07,2.18,1.86,1.97,2417900
GMAN,20111003,11.88,12.08,11.45,11.54,49800
GMCR,20111003,89.51,93.34,86.76,87.63,5159800
GMETP,20111003,9.2,9.2,9.2,9.2,0
GMLP,20111003,25.52,25.79,24.15,24.47,85800
GNCMA,20111003,7.96,8.36,7.47,7.49,245100
GNMK,20111003,5.75,5.9,4.88,5.04,73800
GNTX,20111003,23.89,24.69,22.83,23,1023100
GNVC,20111003,2.84,2.86,2.74,2.85,79100
GOLD,20111003,100.06,101.2,98.68,98.85,1001400
GOOD,20111003,15.51,15.72,14.22,14.4,68900
GOODO,20111003,23.49,23.49,23.49,23.49,0
GOODP,20111003,23.35,23.69,23.34,23.69,600
GOOG,20111003,509.34,512,495,495.52,4473800
GPIC,20111003,6.62,6.62,6.36,6.38,1400
GPOR,20111003,23.75,24.09,20.54,21.01,1287900
GPRC,20111003,2.74,2.98,2.34,2.38,13900
GPRE,20111003,9.27,9.57,8.62,8.62,369100
GRFS,20111003,12.64,12.74,12.3,12.56,1279200
GRID,20111003,24.06,24.13,23.07,23.13,8200
GRIF,20111003,25.36,25.44,24.21,24.21,9200
GRMN,20111003,31.85,31.96,30.53,30.6,1004800
GROW,20111003,6.8,6.8,6.32,6.34,21300
GRVY,20111003,1.34,1.34,1.23,1.26,15000
GSBC,20111003,16.63,17.09,15.65,15.94,39800
GSIG,20111003,7.65,7.85,7.27,7.27,182200
GSIT,20111003,4.91,5.02,4.77,4.77,175600
GSJK,20111003,14.58,15.36,14.4,14.97,11400
GSM,20111003,14.2,14.72,13.41,13.51,1560600
GSOL,20111003,6.68,6.75,5.96,6.16,89000
GSVC,20111003,13.69,13.69,12.75,12.75,111900
GTAT,20111003,6.9,7.13,6.57,6.63,4447700
GTIM,20111003,1.55,1.55,1.5,1.5,4700
GTIV,20111003,5.45,5.45,3.5,3.68,2876000
GTLS,20111003,42.49,42.75,37.01,37.35,1217000
GTXI,20111003,3.31,3.34,3.14,3.19,193800
GUID,20111003,6.35,6.35,5.91,5.91,42800
GULF,20111003,14.46,14.52,14.25,14.27,2900
GURE,20111003,2.23,2.26,2.03,2.1,258100
GYRO,20111003,55,55,55,55,2400
HA,20111003,4.17,4.24,3.89,3.96,828000
HAFC,20111003,0.82,0.87,0.81,0.81,994100
HAIN,20111003,30.34,30.36,28.28,28.31,478600
HALL,20111003,7.32,7.41,6.63,6.66,44000
HALO,20111003,6.05,6.27,5.72,5.72,591800
HAS,20111003,32.3,33.1,31.97,31.99,2426900
HAST,20111003,2.9,2.91,2.68,2.68,21400
HAUP,20111003,0.87,1,0.81,0.83,109800
HAYN,20111003,43.35,44.56,39.71,39.9,127800
HBAN,20111003,4.77,4.92,4.65,4.67,15166500
HBANP,20111003,1070,1070,1050,1050,100
HBCP,20111003,14.42,14.44,14.01,14.01,2200
HBHC,20111003,26.57,27.03,25.76,25.93,743100
HBIO,20111003,4.17,4.3,4.05,4.19,616200
HBNC,20111003,11.1245,11.16,11.1245,11.16,200
HBNK,20111003,12.87,12.9,12.85,12.9,1900
HBOS,20111003,10.41,11,10.36,10.96,71400
HCBK,20111003,5.63,5.72,5.3,5.31,5987400
HCCI,20111003,18,18.46,16.96,17.14,22000
HCIIP,20111003,8.76,8.76,8.76,8.76,0
HCKT,20111003,3.65,3.83,3.64,3.65,149700
HCOM,20111003,14.08,14.13,13.56,13.56,6500
HCSG,20111003,16,16.35,15.26,15.29,458500
HDNG,20111003,8.01,8.15,7.5,7.59,149200
HDSN,20111003,1.15,1.15,1.06,1.06,6900
HEES,20111003,8.31,8.33,7.17,7.17,118300
HELE,20111003,24.9,25.57,23.83,23.85,184400
HEOP,20111003,3.4,3.4,3.13,3.13,21900
HERO,20111003,2.88,2.91,2.56,2.63,5435800
HFBC,20111003,5.71,5.71,5.64,5.64,20200
HFBL,20111003,13,13,13,13,0
HFFC,20111003,8.3,8.49,8.3,8.49,12800
HFWA,20111003,10.91,11.26,10.4,10.41,45700
HGSH,20111003,1.33,1.33,1.02,1.11,12800
HIBB,20111003,34.13,34.7,32.26,32.31,450900
HIFS,20111003,46.46,47,46.46,47,700
HIHO,20111003,2.64,2.64,2.47,2.48,5900
HILL,20111003,1.5,1.51,1.39,1.4,249700
HIMX,20111003,1.1,1.11,1.09,1.1,223700
HITK,20111003,33.3,33.59,30.19,30.45,339700
HITT,20111003,48.41,48.97,46.35,46.35,252900
HLIT,20111003,4.2,4.26,3.89,3.89,1176900
HMIN,20111003,25.15,28.9,24.61,25,1476100
HMNF,20111003,1.85,2.1,1.85,1.86,6300
HMNY,20111003,1.06,1.06,1,1,200
HMPR,20111003,4.51,4.65,4.21,4.21,58000
HMSY,20111003,24.27,25,22.95,22.95,534500
HNH,20111003,9.92,9.98,9.5,9.5,63100
HNRG,20111003,8.51,8.6,8.4,8.55,27700
HNSN,20111003,3.3,3.39,3.07,3.07,902900
HOFT,20111003,9.02,9.18,8.74,8.85,62900
HOGS,20111003,7.57,7.99,7.37,7.49,338500
HOLI,20111003,5.82,5.82,5.39,5.47,200800
HOLL,20111003,1.4,1.44,1.33,1.44,6700
HOLX,20111003,15,15.16,14.2,14.23,2690400
HOMB,20111003,21.07,21.63,20.33,20.44,124400
HOME,20111003,7.77,8.53,7.07,7.17,78900
HOTT,20111003,7.36,7.82,7.31,7.32,789300
HOVNP,20111003,1.9,1.9,1.9,1.9,100
HPCCP,20111003,26.2,26.2,25.41,25.44,3200
HPJ,20111003,1.3,1.3,1.18,1.18,35500
HPOL,20111003,0.46,0.49,0.44,0.44,198300
HRZN,20111003,14.75,15.08,14.53,14.6,65600
HSIC,20111003,62.21,63.03,59.32,59.52,743800
HSII,20111003,16.18,16.72,15.57,15.91,193300
HSKA,20111003,8.56,8.64,8.43,8.45,2800
HSNI,20111003,32.46,33.57,31.09,31.25,571500
HSOL,20111003,2.31,2.31,1.87,1.87,1067300
HSTM,20111003,12.7,12.71,11.47,11.47,113400
HTBK,20111003,3.83,4.11,3.73,3.75,80000
HTCH,20111003,1.97,1.97,1.65,1.69,247000
HTCO,20111003,9.63,9.97,9.4,9.63,145300
HTHT,20111003,14.58,14.58,12.92,12.93,139600
HTLD,20111003,13.46,13.88,13.33,13.33,1441700
HTLF,20111003,13.75,14.54,12.75,12.81,32800
HTWR,20111003,66,68.7,65.85,67.46,559100
HUBG,20111003,28.25,28.61,26.67,26.73,321700
HURC,20111003,20.1,20.77,18.55,18.7,37200
HURN,20111003,30.29,31.86,30.29,30.4,207000
HWAY,20111003,9.85,9.87,8.82,8.83,470500
HWBK,20111003,7.33,7.33,7.02,7.19,5000
HWCC,20111003,11.34,11.91,10.67,10.67,119500
HWKN,20111003,30.67,32.19,29.66,29.66,49500
HYGS,20111003,5.9,5.9,5.5,5.5,16500
HZNP,20111003,6.96,7.5,5.59,6.07,82600
IACI,20111003,39.46,39.79,37.73,37.88,1165800
IART,20111003,35.56,36.08,33.92,33.93,293200
IBB,20111003,92.18,93.46,89.02,89.12,721000
IBCA,20111003,2.55,2.6,2.53,2.53,1900
IBCP,20111003,1.87,1.87,1.75,1.81,29400
IBCPO,20111003,13.45,13.45,13.45,13.45,100
IBKC,20111003,46.67,48.03,45.68,45.95,418500
IBKR,20111003,13.81,13.99,13.26,13.39,822800
IBOC,20111003,13.06,13.4,12.49,12.49,454400
ICAD,20111003,0.47,0.51,0.42,0.42,76100
ICCC,20111003,5.51,5.51,5.46,5.46,600
ICFI,20111003,18.74,19.2,17.78,17.79,113400
ICGE,20111003,9.06,9.49,8.86,9.22,389900
ICLN,20111003,9.1,9.23,8.74,8.74,28100
ICLR,20111003,16,16.48,15.9,16.01,352700
ICON,20111003,15.48,16.04,14.56,14.56,893500
ICUI,20111003,36.75,37.22,35.98,35.99,97800
IDCC,20111003,46.7,47,44.22,44.45,1639300
IDIX,20111003,4.96,5.04,4.55,4.55,626300
IDRA,20111003,1.21,1.21,1.1,1.1,500
IDSA,20111003,5.99,5.99,5.57,5.7,5900
IDSY,20111003,5,5.15,4.74,4.8,14800
IDTI,20111003,5.05,5.11,4.72,4.72,2889200
IDXX,20111003,68.61,70.09,66.06,66.13,421700
IESC,20111003,2,2.01,2,2,2600
IFAS,20111003,23.17,23.28,22.95,22.98,3900
IFEU,20111003,24.77,25.37,24.75,24.87,3300
IFGL,20111003,24.73,24.73,23.93,23.93,121000
IFNA,20111003,36.88,37.14,35.92,37.14,600
IFON,20111003,0.55,0.55,0.55,0.55,3500
IFSM,20111003,30.55,30.64,29.93,29.93,2200
IGLD,20111003,10.84,11,10.5,10.71,5900
IGOI,20111003,14.88,15.48,14.4,14.64,82500
IGOV,20111003,103.54,104.14,103.42,103.44,57600
IGTE,20111003,11.3,11.58,10.8,10.81,587300
III,20111003,1.13,1.13,0.94,0.98,68000
IIIN,20111003,10,10.19,9.45,9.5,97200
IIJI,20111003,11.08,11.13,10.86,10.92,38100
IILG,20111003,13.18,13.59,12.41,12.46,276300
IIN,20111003,3.2,4.34,3.2,4.14,45600
IIVI,20111003,17.2,17.65,16.42,16.43,381400
IKAN,20111003,0.85,0.88,0.75,0.8,89700
IKNX,20111003,7.87,7.87,7.87,7.87,100
ILMN,20111003,40.43,40.43,38.11,38.19,2921700
IMGN,20111003,10.83,11.27,10.09,10.09,971100
IMKTA,20111003,14.21,14.58,14.01,14.05,75700
IMMR,20111003,5.92,6.13,5.65,5.65,155600
IMMU,20111003,3.23,3.25,3,3.05,807600
IMOS,20111003,5.1,5.25,4.6,4.7,129100
IMRS,20111003,3.86,4.01,3.82,3.94,91400
INAP,20111003,4.82,5.1,4.77,4.78,476100
INCY,20111003,14.06,14.41,13.5,13.5,1659200
INDB,20111003,21.59,21.98,20.41,20.42,134700
INDY,20111003,22.42,22.64,22.16,22.16,166600
INFA,20111003,40.55,41.53,39.18,39.46,1503800
INFI,20111003,6.91,7.25,6.7,6.7,69600
INFN,20111003,7.58,7.77,7.12,7.18,1976600
ININ,20111003,27,27.19,24.96,25.5,279000
INOC,20111003,1.12,1.12,1.1,1.11,4000
INOD,20111003,2.9,2.95,2.8,2.82,10300
INPH,20111003,4.05,4.43,3.9,4.03,41300
INSM,20111003,5,5.05,4.3,4.31,213900
INTC,20111003,21.18,21.4,20.57,20.62,95776400
INTG,20111003,22,22,22,22,100
INTL,20111003,20.67,21.56,20.51,20.53,72800
INTT,20111003,2.61,2.61,2.4,2.4,15800
INTU,20111003,47.22,47.73,45.8,45.84,2957000
INTX,20111003,12.68,13.98,12.21,12.99,105600
INVE,20111003,1.95,2.05,1.87,1.89,381300
INWK,20111003,7.73,7.84,7.31,7.31,396100
IOSP,20111003,24.04,24.95,22.32,22.33,270400
IPAR,20111003,15.28,15.64,13.98,14.16,123000
IPAS,20111003,1.22,1.22,1.18,1.19,28500
IPCC,20111003,52.19,55.33,51.93,52.03,83300
IPCI,20111003,3.23,3.27,3.08,3.16,27300
IPCM,20111003,35.32,36.32,35.17,35.32,387500
IPGP,20111003,43.07,44.87,41.3,41.42,617800
IPHS,20111003,39.47,40.07,37.73,37.74,230100
IPXL,20111003,17.77,18.15,17.15,17.16,775400
IRBT,20111003,24.76,25.49,22.64,22.66,404700
IRDM,20111003,6.17,6.29,5.81,5.84,546800
IRDMZ,20111003,1.16,1.16,1.16,1.16,0
IRIX,20111003,3.7,3.7,3.6,3.6,8600
IROQ,20111003,11.08,11.08,11.02,11.05,7500
IRWD,20111003,10.53,10.96,10.07,10.09,269000
ISBC,20111003,12.54,12.91,12.1,12.11,226200
ISCA,20111003,22.6,23.19,21.48,21.5,189400
ISHG,20111003,101.05,101.1,100.3,100.36,10800
ISIG,20111003,2.4,2.4,2.22,2.36,23000
ISIL,20111003,10.25,10.28,9.83,9.95,2312500
ISIS,20111003,6.68,6.83,6.5,6.53,1315900
ISLE,20111003,4.78,4.91,4.52,4.52,240600
ISNS,20111003,6.13,6.98,6.11,6.5,5700
ISRG,20111003,360,365.53,348.53,348.76,388700
ISRL,20111003,55.28,55.28,55.05,55.05,1500
ISSC,20111003,4.8,4.8,4.64,4.75,3800
ISSI,20111003,7.81,7.94,7.06,7.06,239200
ITIC,20111003,34.52,34.55,34.52,34.52,1300
ITMN,20111003,20.35,20.49,19.38,19.71,1665200
ITRI,20111003,29.31,29.77,27.5,27.52,619500
ITRN,20111003,11.38,11.89,11.38,11.7,15600
IVAC,20111003,6.9,7.12,6.28,6.3,99400
IVAN,20111003,1.04,1.08,0.95,0.96,1357800
IXYS,20111003,10.78,11.07,10.18,10.2,131200
JACK,20111003,19.87,20.2,19.12,19.26,643700
JADE,20111003,2.51,2.53,2.38,2.4,85500
JAKK,20111003,18.92,19.43,17.78,17.83,333000
JASO,20111003,8.75,8.8,7.55,7.55,7117400
JAXB,20111003,4.89,4.89,4.89,4.89,0
JAZZ,20111003,41.34,42.67,37.35,37.35,1066300
JBHT,20111003,36.1,37.69,35.41,35.73,1522800
JBLU,20111003,4.1,4.13,3.49,3.49,9015500
JBSS,20111003,7.77,7.99,7.72,7.9,6500
JCOM,20111003,26.54,26.63,25.24,25.5,824100
JCS,20111003,13.67,13.67,12.84,12.91,29400
JCTCF,20111003,8.06,8.4,8.05,8.19,700
JDSU,20111003,9.87,9.91,8.87,8.99,12340800
JFBI,20111003,2.77,2.77,2.77,2.77,0
JJSF,20111003,47.75,48.94,45.47,45.51,66600
JKHY,20111003,28.96,29.14,27.53,27.57,789100
JMBA,20111003,1.28,1.32,1.28,1.29,681600
JOBS,20111003,38.88,40.74,38.16,38.88,435200
JOEZ,20111003,0.62,0.65,0.56,0.6,253100
JOSB,20111003,46.59,47.05,44.31,44.33,486100
JOUT,20111003,15.41,16.14,14.71,14.71,10100
JRCC,20111003,6.24,6.31,5.54,5.55,2400100
JRJC,20111003,1.84,1.92,1.75,1.81,55800
JST,20111003,7.85,7.86,7.1,7.45,109400
JVA,20111003,7.76,8.17,7.27,7.39,1140800
JXSB,20111003,13.25,13.28,13.23,13.25,5500
KALU,20111003,43.07,44.45,40.72,41.28,216200
KBALB,20111003,4.81,5.11,4.63,4.7,145700
KCAP,20111003,5.84,6.15,5.65,5.65,191400
KCLI,20111003,30.96,31.11,29.99,30.16,29700
KELYA,20111003,11.5,11.69,10.89,10.9,256200
KEQU,20111003,8.63,8.88,8.56,8.87,6700
KERX,20111003,3.05,3.06,2.71,2.72,2146600
KEYN,20111003,21.19,21.25,19.39,19.5,278100
KEYW,20111003,7.03,7.15,6.74,6.9,324300
KFFB,20111003,7.71,7.71,7,7.65,4700
KFRC,20111003,9.74,10.14,9.53,9.55,375000
KGJI,20111003,1.25,1.25,0.97,1,83100
KINS,20111003,3.53,3.53,3.36,3.36,600
KIOR,20111003,18.81,20.48,16.41,16.71,218000
KIPS,20111003,1.08,1.23,1,1.06,21700
KIRK,20111003,9.09,9.19,8.77,8.82,195900
KLAC,20111003,38.1,38.65,36.95,37.23,3834200
KLIC,20111003,7.44,7.56,6.85,6.87,1762700
KNDI,20111003,2.1,2.12,1.98,1.98,80200
KONA,20111003,5.33,5.56,5.2,5.4,134100
KONE,20111003,1.01,1.02,0.97,0.97,3100
KONG,20111003,4.05,4.06,3.77,3.8,73700
KOOL,20111003,1.26,1.26,1.12,1.13,42700
KOPN,20111003,3.39,3.5,3.08,3.09,377900
KOSS,20111003,5.89,5.89,5.89,5.89,0
KRNY,20111003,8.74,8.96,8.57,8.61,52000
KSWS,20111003,4.34,4.34,3.99,3.99,202100
KTCC,20111003,3.38,3.44,3.3,3.31,23800
KTEC,20111003,11.4,11.4,10.78,10.9,31000
KTOS,20111003,6.65,6.79,5.82,5.87,807800
KUTV,20111003,1.81,1.89,1.81,1.81,11500
KVHI,20111003,7.98,8.22,7.53,7.53,125400
LABC,20111003,15.83,15.83,15.83,15.83,0
LABL,20111003,22.52,23.27,21.27,21.29,51800
LACO,20111003,2.33,2.41,2.22,2.23,13400
LAKE,20111003,7.79,7.8,7.78,7.78,2100
LAMR,20111003,16.83,17.31,16.5,16.9,2205800
LANC,20111003,61.09,62.66,59.41,59.46,252400
LARK,20111003,15.27,15.27,15.27,15.27,0
LAWS,20111003,13.47,13.99,13.43,13.54,15900
LAYN,20111003,22.53,23.29,22.23,22.34,371600
LBAI,20111003,7.71,8.01,7.25,7.25,60800
LBIX,20111003,3.34,3.37,3.16,3.16,12300
LBTYA,20111003,35.75,35.9,33.7,33.74,2902900
LBTYB,20111003,39.69,39.69,39.69,39.69,0
LBTYK,20111003,34.3,34.44,32.22,32.29,728700
LCAV,20111003,2.15,2.18,1.89,1.94,1862900
LCNB,20111003,13.47,13.47,13.47,13.47,100
LCUT,20111003,9.27,9.59,8.53,8.67,43300
LEAP,20111003,6.7,6.87,5.83,5.85,2721900
LECO,20111003,28.99,29.51,27.17,27.3,398100
LEDR,20111003,2.22,2.23,2.09,2.23,1500
LEDS,20111003,3.55,3.81,3.55,3.68,55500
LFUS,20111003,39.74,41.48,38.59,38.65,227500
LGCY,20111003,25.72,25.85,24.37,24.55,163900
LGND,20111003,13.55,13.94,12.86,12.86,110700
LHCG,20111003,16.85,16.85,15.39,15.64,344700
LIFE,20111003,38.12,38.4,37.12,37.21,3148600
LIME,20111003,3.02,3.15,3.01,3.01,20000
LINC,20111003,8,8.16,7.51,7.53,348500
LINE,20111003,35.28,35.5,33.03,33.39,2090500
LINTA,20111003,15.15,15.16,13.97,14.17,7559000
LINTB,20111003,15.14,15.14,15.14,15.14,0
LION,20111003,6.48,6.5,6.44,6.44,800
LIOX,20111003,2.42,2.5,2.24,2.26,245800
LIVE,20111003,1.6,1.6,1.5,1.5,1400
LIWA,20111003,4.39,4.4,3.69,4.05,212600
LKFN,20111003,20.61,20.75,19.67,19.77,107700
LKQ,20111003,12.025,12.17,11.27,11.415,936300
LLEN,20111003,2.68,2.68,2.42,2.54,280500
LLNW,20111003,2.29,2.39,2.21,2.24,1738300
LLTC,20111003,27.5,28.2,27.33,27.41,4106900
LMAT,20111003,6.26,6.53,6.23,6.31,7500
LMCA,20111003,66,66.5,60.89,61.11,484500
LMIA,20111003,16.93,17.53,16.15,16.16,37300
LMNR,20111003,14.75,15.82,14,14,23000
LMNX,20111003,21.8,22.24,20.95,21,461500
LNBB,20111003,3.79,4.18,3.67,3.67,4000
LNCE,20111003,20.65,20.97,19.75,19.76,226000
LNDC,20111003,5.31,5.5,5,5,194700
LOAN,20111003,1.15,1.15,1.15,1.15,300
LOCM,20111003,2.36,2.44,2.08,2.12,161000
LOGI,20111003,7.82,8.28,7.77,7.86,1123500
LOGM,20111003,32.77,33.32,30.57,30.76,352300
LOJN,20111003,3.07,3.2,2.93,2.99,140800
LONG,20111003,17.69,17.69,16.76,16.76,8100
LOOK,20111003,1.3,1.4,1.25,1.38,25800
LOPE,20111003,15.95,16.17,15.19,15.22,462900
LORL,20111003,50,51.68,48.56,48.56,82400
LPHI,20111003,6.11,6.31,6,6.08,83300
LPLA,20111003,25.25,25.63,24.96,25.1,265600
LPNT,20111003,36.67,36.76,33.4,33.44,913000
LPSB,20111003,8.25,8.25,8.25,8.25,0
LPSN,20111003,9.96,10.08,9.22,9.22,658500
LPTH,20111003,1.47,1.47,1.36,1.4,7400
LQDT,20111003,33.41,33.41,29.16,29.64,511100
LRAD,20111003,1.8,1.8,1.65,1.75,133400
LRCX,20111003,37.67,38.34,36.52,36.66,3061200
LSBI,20111003,12.5,12.5,12.5,12.5,0
LSBK,20111003,9.5,9.5,9.5,9.5,300
LSCC,20111003,5.17,5.29,4.85,4.9,1793600
LSTR,20111003,39.32,40.5,38.87,39.1,553200
LTBR,20111003,2.58,2.58,2.11,2.13,61800
LTON,20111003,0.76,0.8,0.76,0.8,6400
LTRE,20111003,7.3,7.49,7.12,7.25,4500
LTRX,20111003,1.71,1.75,1.66,1.68,12200
LTXC,20111003,5.22,5.28,4.82,4.82,747100
LUFK,20111003,51.12,53,47.65,47.68,763900
LULU,20111003,48.01,49,44.71,44.8,5215500
LUNA,20111003,1.21,1.22,1.02,1.04,15600
LWAY,20111003,10.58,10.67,10.11,10.11,17700
LXRX,20111003,0.9,0.93,0.81,0.85,1042800
LYTS,20111003,6.15,6.3,5.85,5.93,78000
MAGS,20111003,2.35,2.36,2.32,2.36,11000
MAKO,20111003,33.9,35.23,32.77,32.96,962000
MANH,20111003,32.84,33.36,31.65,31.65,138000
MANT,20111003,31.21,31.66,30.11,30.22,312500
MARPS,20111003,21.47,21.49,20.81,21.45,1300
MASC,20111003,6.44,6.88,6.31,6.47,58600
MASI,20111003,21.51,21.97,20.3,20.34,500600
MAT,20111003,26.01,26.24,25.05,25.07,5004400
MATR,20111003,4.19,4.21,4.14,4.15,8000
MATW,20111003,30.54,31.38,29.16,29.18,247100
MAXY,20111003,5.47,5.57,5.33,5.34,171700
MAYS,20111003,13.1,13.1,13.1,13.1,100
MBFI,20111003,14.39,14.87,14.05,14.23,619500
MBLX,20111003,4.45,4.47,3.52,3.54,339500
MBND,20111003,2.47,2.65,2.36,2.41,66100
MBRG,20111003,15.02,15.3,14.5,15.18,8700
MBTF,20111003,1.18,1.18,1.15,1.16,300
MBVT,20111003,26.67,26.74,25.52,25.52,13700
MBWM,20111003,7.71,8.03,7.51,7.81,13400
MCBC,20111003,2.7,2.7,2.5,2.5,5500
MCBI,20111003,4.77,4.77,4.25,4.37,2300
MCGC,20111003,4.22,4.22,3.65,3.65,1060400
MCHP,20111003,31,31.4,30.34,30.43,2936500
MCHX,20111003,8.32,8.56,7.74,7.8,369800
MCOX,20111003,6.85,7,6.35,6.35,67700
MCRI,20111003,9.68,9.68,8.54,8.55,44100
MCRL,20111003,9.46,9.69,9.13,9.13,586500
MCRS,20111003,43.64,44.11,42.06,42.36,718400
MDAS,20111003,9.41,9.6,8.91,8.91,557800
MDCA,20111003,14.2,14.62,13.48,13.48,154700
MDCI,20111003,4.99,5.12,4.65,4.66,102700
MDCO,20111003,16.82,17.39,16.27,16.6,2138100
MDH,20111003,2.06,2.13,1.92,2.09,3000
MDRX,20111003,17.9,18.13,16.88,16.99,1945100
MDSO,20111003,16.31,16.51,14.83,15.11,444900
MDVN,20111003,16.87,17.05,15.74,15.79,635500
MEAD,20111003,3.28,3.99,3.19,3.83,10600
MEAS,20111003,26.11,26.8,25.42,25.8,1915800
MELA,20111003,4.76,5,4.58,4.63,1701300
MELI,20111003,52.96,52.96,48.3,49.53,933400
MEMS,20111003,2.47,2.47,2.16,2.16,8900
MENT,20111003,9.66,9.68,9.2,9.21,1457700
MEOH,20111003,20.82,21.34,20.38,20.5,526700
MERC,20111003,6.78,6.88,6.55,6.73,350200
MERU,20111003,8.06,8.14,7.21,7.21,123400
METR,20111003,8.57,8.68,8.22,8.23,98600
MFI,20111003,5.77,6,5.12,5.31,4400
MFLR,20111003,8.48,8.48,8.48,8.48,0
MFLX,20111003,19.84,20.06,19.05,19.06,95600
MFNC,20111003,5.46,5.46,5.46,5.46,0
MFRI,20111003,7.05,7.19,6.64,6.75,12800
MFSF,20111003,7.02,7.03,6.55,6.66,5000
MGAM,20111003,4.03,4.24,3.88,3.88,247200
MGEE,20111003,40.61,41.46,39.79,39.79,102000
MGIC,20111003,4.11,4.18,4,4.04,115200
MGLN,20111003,48.63,48.72,45.85,45.88,296000
MGPI,20111003,5.01,5.15,4.78,4.79,70000
MGRC,20111003,23.52,24.22,22.42,22.45,102700
MGYR,20111003,3.47,3.47,3.47,3.47,0
MHGC,20111003,5.94,6.2,5.55,5.55,263400
MHLD,20111003,7.37,7.49,7.02,7.03,307600
MIDD,20111003,71.2,71.91,67.54,67.89,170700
MIND,20111003,11.01,11.2,10,10,211300
MINI,20111003,16.23,16.37,15.27,15.32,298200
MITK,20111003,8.92,9.21,8.38,8.67,461400
MITL,20111003,2.12,2.25,2.02,2.18,25200
MKSI,20111003,21.42,21.88,20.22,20.23,514500
MKTAY,20111003,34.69,34.96,33.89,33.89,34300
MKTG,20111003,10.65,10.88,9.6,9.64,133800
MKTX,20111003,26,26.48,24.52,24.57,324400
MLAB,20111003,35.27,35.27,35.27,35.27,200
MLHR,20111003,17.63,18.37,16.64,16.65,532200
MLNK,20111003,3.25,3.56,3.25,3.34,326900
MLNX,20111003,31.73,32.35,30.91,31.43,546100
MLVF,20111003,6.55,6.57,6.25,6.57,1000
MMLP,20111003,32.13,32.13,30,30.06,165200
MMSI,20111003,12.99,13.35,12.35,12.35,371100
MMUS,20111003,4.99,5.05,4.99,5.05,3800
MMYT,20111003,21.01,23.47,21.01,22.28,119900
MNDO,20111003,1.7,1.75,1.7,1.7,49100
MNGLU,20111003,10.2,10.2,10.2,10.2,100
MNGLW,20111003,0.8,0.8,0.8,0.8,0
MNKD,20111003,3.74,3.87,3.45,3.45,989900
MNOV,20111003,2,2.25,1.91,2.11,40500
MNRK,20111003,5.4167,5.425,5.4167,5.425,1100
MNRO,20111003,32.74,33.49,31.92,32.39,516500
MNST,20111003,43.425,43.57,39.83,39.88,2164300
MNTA,20111003,11.36,11.79,11.01,11.02,1690500
MNTG,20111003,1.89,1.89,1.61,1.61,14500
MNTX,20111003,3.6,3.64,3.48,3.48,27900
MOBI,20111003,3.54,3.75,3.08,3.1,382600
MOCO,20111003,15.74,15.74,15.74,15.74,0
MOFG,20111003,14.28,14.28,14.15,14.15,6000
MOLX,20111003,20.22,20.4,19.05,19.09,1979900
MOLXA,20111003,16.66,16.91,15.79,15.85,227600
MORN,20111003,56.27,57.24,54.85,55.22,135900
MOSY,20111003,3.54,3.64,3.25,3.25,77400
MOVE,20111003,5.64,5.68,5.36,5.4,1408700
MPAA,20111003,8.17,8.17,7.57,7.63,132600
MPAC,20111003,5.4,5.51,4.75,4.78,7600
MPB,20111003,7.75,7.75,7.75,7.75,100
MPEL,20111003,7.74,8.07,7.33,7.38,11242300
MPET,20111003,1.2,1.22,0.97,1.09,285400
MPWR,20111003,10.27,10.27,9.65,9.67,394900
MRCY,20111003,11.38,11.91,11.35,11.35,341900
MRGE,20111003,6.04,6.04,5.36,5.39,1709300
MRLN,20111003,10.36,10.53,9.77,9.77,31500
MRTN,20111003,17.13,17.81,16.38,16.39,71500
MRVL,20111003,14.42,14.58,14.09,14.15,12398700
MSBF,20111003,5.06,5.06,5.06,5.06,0
MSCC,20111003,15.75,16,14.83,14.99,805000
MSEX,20111003,16.94,17.34,16.6,16.6,58300
MSFG,20111003,8.58,8.9,8.34,8.35,96700
MSFT,20111003,24.72,25.33,24.52,24.53,64596100
MSG,20111003,22.98,22.98,21.86,21.91,175900
MSON,20111003,1.76,2,1.76,1.84,3200
MSPD,20111003,5.15,5.3,4.93,4.93,390200
MSTR,20111003,114.16,115.45,104.68,105.1,234400
MTEX,20111003,5.2,5.4,4.8,4.8,27000
MTGE,20111003,16.52,17.08,16.13,16.24,65000
MTRX,20111003,8.42,8.65,7.65,7.66,221400
MTSC,20111003,30.1,30.74,29.56,29.74,153200
MTSL,20111003,1.28,1.28,1.26,1.26,2400
MTSN,20111003,1.12,1.17,0.99,1,267400
MU,20111003,4.96,5.03,4.32,4.33,56814300
MVIS,20111003,5.28,5.44,4.8,4.96,1178900
MVISW,20111003,0.21,0.21,0.21,0.21,1000
MWIV,20111003,68.12,69.25,65.95,65.96,106600
MXIM,20111003,23.2,23.78,22.89,23.1,4977500
MXWL,20111003,18.14,18.68,17.61,17.68,311600
MYGN,20111003,18.52,18.92,18.23,18.25,582800
MYL,20111003,16.84,17.07,16.17,16.19,8457300
MYRG,20111003,17.38,17.85,16.51,16.9,133600
NAFC,20111003,26.66,27.17,25.49,25.49,62600
NAII,20111003,4.46,4.46,4.06,4.25,14100
NANO,20111003,14.29,14.43,13.5,13.81,507100
NASB,20111003,9.9,9.95,9.9,9.95,200
NATH,20111003,18.9,18.96,18.84,18.86,8400
NATI,20111003,22.81,23.06,21.63,21.72,526900
NATL,20111003,21.76,22.34,21.76,22,20200
NATR,20111003,13.94,14.39,12.5,12.5,60700
NAUH,20111003,7.06,8.4,6.86,7.45,64400
NAVG,20111003,43.43,44.33,41.85,41.87,81400
NAVR,20111003,1.62,1.68,1.59,1.59,65900
NBBC,20111003,3.71,3.71,3.7,3.7,400
NBIX,20111003,5.78,6.07,5.56,5.56,365800
NBN,20111003,12.89,12.89,12.89,12.89,0
NBTB,20111003,18.37,18.96,17.6,17.6,142700
NBTF,20111003,18.1,18.1,18.1,18.1,0
NCBC,20111003,3.1,3.1,3.1,3.1,100
NCIT,20111003,11.85,11.98,10.98,10.99,67400
NCMI,20111003,14.39,15.69,13.74,13.79,504700
NCTY,20111003,3.55,3.59,3,3.13,95600
NDAQ,20111003,23.37,23.73,22.28,22.31,2649100
NDSN,20111003,39.79,39.9,37.15,37.21,510300
NECB,20111003,6.42,6.48,6.19,6.19,500
NEOG,20111003,34.2,34.55,31.92,32.08,275400
NEPT,20111003,2.5,2.56,2.06,2.22,213400
NETC,20111003,7.84,8,7.59,7.73,14100
NEWL,20111003,0.73,0.73,0.73,0.73,600
NEWP,20111003,10.52,10.55,9.57,9.72,604400
NEWS,20111003,9.28,9.5,8.35,8.5,201200
NEWT,20111003,1.32,1.32,1.32,1.32,33700
NFBK,20111003,12.92,13.5,12.77,12.78,63700
NFEC,20111003,0.76,0.76,0.76,0.76,400
NFLX,20111003,115.22,119.94,112.62,113.25,8450800
NFSB,20111003,12.27,13.74,12.27,13.39,5000
NGPC,20111003,6.63,6.63,6.01,6.02,274700
NHTB,20111003,11.55,12.12,10.66,10.91,3600
NICE,20111003,29.64,30.05,27.61,28.18,393900
NICK,20111003,9.73,10.09,9.08,9.34,50100
NIHD,20111003,26.48,27.03,25.03,25.06,4428100
NILE,20111003,34.76,36.23,33.76,33.77,282900
NINE,20111003,1.4,1.4,1.35,1.35,2000
NKSH,20111003,23.92,24.18,23.21,23.21,16200
NKTR,20111003,4.84,4.88,4.35,4.37,2827900
NLST,20111003,1.17,1.2,1.1,1.1,59000
NMRX,20111003,5.51,5.51,4.98,5.03,35100
NNBR,20111003,5,5.14,4.69,4.71,312100
NOVB,20111003,9.2,9.2,9.19,9.19,200
NPBC,20111003,6.94,7.15,6.75,6.77,1510400
NPSP,20111003,6.4,6.74,6.06,6.06,1049700
NRCI,20111003,32.74,33.12,31.8,31.9,3900
NRIM,20111003,19.2,19.25,18.96,19.25,4800
NSEC,20111003,9.44,9.47,9.42,9.42,1000
NSIT,20111003,15.07,15.32,13.86,13.92,331400
NSPH,20111003,0.93,1,0.89,0.93,351800
NSSC,20111003,2.42,2.43,2.09,2.16,6600
NSYS,20111003,3.37,3.37,3.37,3.37,0
NTAP,20111003,34.25,34.89,33.44,33.64,8837000
NTCT,20111003,11.24,11.53,10.8,10.8,417800
NTES,20111003,37.28,37.75,36.07,36.35,1202300
NTGR,20111003,25.61,25.97,23.78,23.79,739900
NTIC,20111003,15,15.15,14.38,14.77,11800
NTLS,20111003,17.53,17.98,16.58,16.58,195600
NTRI,20111003,11.97,12,11.27,11.27,572500
NTRS,20111003,34.57,35.17,33.86,34.01,3150500
NTSC,20111003,4.75,5.11,4.75,5.11,29900
NTSP,20111003,5.1,5.34,4.62,4.67,358100
NTWK,20111003,5.8,5.9,5.4,5.6,178600
NUAN,20111003,20.34,20.36,19.42,19.43,4872300
NUCL,20111003,32.2,32.2,32.2,32.2,0
NURO,20111003,11.1,11.1,9.6,9.6,15900
NUTR,20111003,12.61,12.88,12.36,12.36,33800
NUVA,20111003,16.88,17.01,15.14,15.15,1575000
NVAX,20111003,1.6,1.64,1.44,1.44,791400
NVDA,20111003,12.36,12.74,11.81,11.81,23751300
NVEC,20111003,59.1,60.36,57.27,58.03,74400
NVGN,20111003,0.62,0.64,0.53,0.57,10600
NVMI,20111003,5.38,5.6,5.3,5.48,234400
NVSL,20111003,7.5,7.57,7.5,7.57,700
NVTL,20111003,3,3.1,2.88,2.9,533100
NWBI,20111003,11.99,12.11,11.41,11.41,784200
NWFL,20111003,24,24,24,24,100
NWLI,20111003,135.37,138.21,132.04,132.04,20700
NWPX,20111003,19.97,20.61,19.37,19.65,73800
NWS,20111003,15.46,15.79,15.17,15.21,8483000
NWSA,20111003,15.35,15.72,15,15.01,28922900
NXPI,20111003,14,14.1,13.4,13.68,2839800
NXST,20111003,6.56,6.76,6.46,6.55,139400
NXTM,20111003,20.58,20.97,19.84,20,882900
NYMT,20111003,6.98,7.01,6.36,6.49,117800
NYMX,20111003,8.1,8.25,7.95,8,119100
NYNY,20111003,0.75,0.81,0.75,0.76,56100
OABC,20111003,13.58,14.4,13.58,13.7,85700
OBAF,20111003,14.32,14.32,14.21,14.22,3100
OBAS,20111003,7,7.05,7,7,700
OBCI,20111003,2.03,2.07,1.97,2.07,8900
OCC,20111003,3.19,3.24,3.19,3.24,400
OCFC,20111003,11.55,12.01,11.27,11.42,79300
OCLR,20111003,3.61,3.64,3.26,3.26,1354200
OCLS,20111003,10.57,10.71,9.59,9.59,72100
OCZ,20111003,4.77,4.95,4.3,4.4,1712400
ODFL,20111003,19.0733,19.88,18.5067,18.54,524600
OFED,20111003,11.35,11.35,11.35,11.35,0
OFIX,20111003,34.32,34.66,32.62,32.63,153400
OFLX,20111003,12.74,13.22,12.43,12.86,9900
OGXI,20111003,9.67,9.72,9.12,9.16,44400
OIIM,20111003,4.13,4.2,4.01,4.05,160900
OINK,20111003,1.37,1.49,1.35,1.41,18500
OKSB,20111003,4.16,4.26,3.77,3.81,200900
OKSBP,20111003,17.65,18.04,17.14,18,3800
OLBK,20111003,6.69,6.89,6.6,6.66,1900
OMAB,20111003,13.3,13.99,13.01,13.87,11300
OMCL,20111003,13.64,14.04,13.05,13.05,222500
OMER,20111003,3.92,4.06,3.7,3.97,61100
OMEX,20111003,2.42,2.5,2.23,2.25,939500
OMPI,20111003,8.98,9.26,8.83,8.84,113600
ONCY,20111003,3.46,3.48,3.24,3.35,150300
ONEQ,20111003,94.25,95.21,92,92,8500
ONFC,20111003,8.89,9.67,8.89,9.35,26900
ONNN,20111003,7.08,7.12,6.58,6.64,7091300
ONTY,20111003,5.98,6.1,5.73,5.84,725900
ONVI,20111003,2.99,3.14,2.99,3.13,10400
ONXX,20111003,29.75,30.49,29.5,29.52,996000
OPEN,20111003,45.35,46.18,42.1,44.1,1519000
OPHC,20111003,0.68,0.68,0.67,0.67,1900
OPLK,20111003,14.98,15.35,14.3,14.3,185300
OPOF,20111003,10.57,10.57,10.35,10.37,1300
OPTR,20111003,13.56,14.1,12.63,12.71,1914300
OPTT,20111003,2.72,2.72,2.33,2.38,62300
OPXA,20111003,4.6,4.6,4.4,4.4,40300
ORBC,20111003,2.52,2.57,2.28,2.32,137300
ORBK,20111003,9.59,9.63,9.14,9.36,77200
ORBT,20111003,3.74,3.74,3.45,3.47,2600
ORCL,20111003,28.58,29.01,27.92,27.94,45214600
OREX,20111003,2,2,1.86,1.88,1089500
ORIT,20111003,12.89,12.9,12.15,12.16,979900
ORLY,20111003,66.32,66.67,64.88,64.97,1236300
ORRF,20111003,12.66,13.2,12.41,12.43,24000
OSBC,20111003,1.32,1.38,1.26,1.27,49700
OSBCP,20111003,3.59,4.03,3.59,3.9,13500
OSHC,20111003,10.52,10.52,10.52,10.52,100
OSIR,20111003,5.1,5.14,4.91,4.99,105100
OSIS,20111003,33.02,34.59,31.78,31.78,143000
OSN,20111003,1.48,1.49,1.39,1.49,3400
OSTK,20111003,9.34,9.42,8.89,8.95,104200
OSUR,20111003,7.79,8.18,7.74,7.74,348100
OTEX,20111003,52.17,52.2,48.43,48.71,487100
OTIV,20111003,1.47,1.48,1.34,1.38,119600
OTT,20111003,16.07,16.22,14.75,15.21,51800
OTTR,20111003,18.34,18.55,17.7,17.7,331800
OUTD,20111003,5.66,5.69,5.18,5.18,71200
OVBC,20111003,17.1,17.1,17.1,17.1,500
OVLY,20111003,4.74,5.2,4.7,4.7,4500
OVRL,20111003,2.35,2.4,2.28,2.35,20800
OVTI,20111003,13.73,13.99,12.71,12.71,5902800
OXBT,20111003,1.97,2.06,1.9,2.04,75500
OXGN,20111003,1.03,1.04,0.85,0.9,355600
OXLC,20111003,13.79,13.79,12.55,13.13,5800
OZRK,20111003,20.67,21.29,20.39,20.64,306900
PAAS,20111003,27.32,27.4,25.71,25.8,1715600
PACB,20111003,3.18,3.19,2.87,3.01,426200
PACQ,20111003,9.55,9.55,9.55,9.55,0
PACQW,20111003,0.49,0.49,0.49,0.49,400
PACR,20111003,3.68,3.83,3.46,3.46,278500
PACW,20111003,13.85,14.17,13.22,13.23,411600
PAGG,20111003,24.65,25.33,24.43,24.43,87300
PANL,20111003,47.46,48.88,41.42,41.64,3867100
PATH,20111003,2.11,2.37,1.99,1.99,181300
PATK,20111003,1.86,1.86,1.82,1.82,6300
PATR,20111003,20.06,21.75,17.76,19,10600
PAYX,20111003,26.07,26.52,25.53,25.55,4715900
PBCT,20111003,11.73,11.74,11.13,11.14,5461800
PBHC,20111003,8.57,8.57,8.57,8.57,0
PBIB,20111003,3.41,3.62,3.36,3.5,5200
PBIP,20111003,5.24,5.24,5.24,5.24,0
PBSK,20111003,11,11,10.9,10.94,39200
PCAR,20111003,33.51,33.99,32.59,32.63,3822900
PCBK,20111003,6.98,7.27,6.59,6.59,63900
PCCC,20111003,7.73,8.11,7.62,7.63,40600
PCH,20111003,31.02,31.89,29.75,29.8,423600
PCLN,20111003,454.35,467,445.29,445.75,1940200
PCO,20111003,2.13,2.21,2.11,2.11,657600
PCOM,20111003,9.73,9.77,9.16,9.28,75200
PCRX,20111003,10,10,8.79,8.8,59700
PCTI,20111003,6.05,6.12,6,6,14600
PCYC,20111003,11.69,12.02,11.29,11.31,1857500
PCYO,20111003,2.3,2.3,2.11,2.22,5500
PDCO,20111003,28.42,28.59,27.32,27.36,1295100
PDEX,20111003,2,2.02,1.97,1.97,6000
PDFS,20111003,3.98,4.02,3.66,3.66,132800
PDII,20111003,6.7,6.7,6.37,6.37,13100
PDLI,20111003,5.48,5.6,5.3,5.35,4025800
PEBK,20111003,4.69,4.82,4.69,4.75,4100
PEBO,20111003,10.88,10.93,10,10,27400
PEGA,20111003,30.59,30.8,28.43,28.89,375900
PEIX,20111003,0.27,0.32,0.26,0.27,1214800
PENN,20111003,33.01,34.06,32.27,32.31,847900
PENX,20111003,5.17,5.19,5.15,5.15,10800
PEOP,20111003,12.83,13.1,12.83,12.86,24800
PERF,20111003,13.29,13.29,13.29,13.29,300
PERY,20111003,18.7,19.26,17.31,17.33,142500
PESI,20111003,1.2,1.26,1.15,1.15,67200
PETM,20111003,42.16,42.63,40.23,40.58,1916100
PETS,20111003,9.32,9.32,8.56,8.57,306900
PFBC,20111003,7.79,7.89,7.78,7.78,300
PFBI,20111003,4.91,4.91,4.8,4.83,3600
PFBX,20111003,10.08,10.95,10.08,10.95,1400
PFIN,20111003,4.1,4.1,3.81,3.84,5600
PFLT,20111003,10.62,10.66,10.18,10.46,45600
PFSW,20111003,3.74,3.85,3.55,3.6,60800
PGC,20111003,9.91,9.91,9.91,9.91,0
PGNX,20111003,5.66,5.82,5.44,5.44,133000
PGTI,20111003,1.19,1.26,1.15,1.15,3700
PHII,20111003,17.97,17.97,16.95,16.95,1400
PHIIK,20111003,18.96,19.2,16.85,16.94,28800
PHMD,20111003,11.79,12.26,10.84,11.2,10800
PICO,20111003,20.33,20.65,19.17,19.19,214600
PKBK,20111003,7.14,7.14,6.89,6.99,1800
PKOH,20111003,11.78,12.09,10.75,10.8,59600
PLAB,20111003,4.96,5.04,4.67,4.67,1205000
PLBC,20111003,2.42,2.42,2.42,2.42,0
PLCC,20111003,0.88,0.88,0.88,0.88,0
PLCE,20111003,46.62,47.77,45.37,45.8,1047500
PLCM,20111003,18.29,18.74,17.64,17.68,2131700
PLMT,20111003,9.5,9.5,9.5,9.5,0
PLNR,20111003,1.92,1.92,1.9,1.9,1900
PLPC,20111003,45.94,46.37,41.49,41.99,12800
PLTM,20111003,18.65,18.67,18.05,18.12,10700
PLUG,20111003,1.8,1.8,1.7,1.73,78000
PLUS,20111003,24.45,24.47,23.36,23.38,16200
PLXS,20111003,22.23,22.99,21.35,21.39,304300
PLXT,20111003,2.96,3.05,2.69,2.69,217400
PMBC,20111003,3.23,3.23,3.2,3.23,2200
PMCS,20111003,5.88,6.03,5.54,5.77,5373700
PMD,20111003,7.59,7.66,7.33,7.55,10700
PMFG,20111003,16.06,16.06,14.79,14.8,67900
PMNA,20111003,10.79,10.79,10.53,10.59,3300
PMTC,20111003,15.22,15.58,14.5,14.52,1833400
PMTI,20111003,7.84,8.04,7.65,7.65,169600
PNBK,20111003,1.89,1.91,1.84,1.91,4200
PNFP,20111003,11.05,11.1,10.27,10.28,280600
PNNT,20111003,8.94,9.12,8.57,8.57,526700
PNQI,20111003,31.51,31.81,30.54,30.61,38400
PNRA,20111003,103.02,106.76,101.12,101.17,690200
PNRG,20111003,17.47,19.45,15.26,16.81,4400
PNTR,20111003,4.11,4.35,4.08,4.35,800
PODD,20111003,15.05,15.18,14.27,14.29,488500
POOL,20111003,25.99,26.06,24.89,24.94,496900
POPE,20111003,40.5,41,40.5,41,200
POWI,20111003,30.78,31.56,29.32,29.32,421000
POWL,20111003,30.7,31.12,28.6,28.64,55100
POWR,20111003,4.69,4.84,4.21,4.36,163300
POZN,20111003,2.36,2.4,2.15,2.26,343200
PPBI,20111003,5.75,5.93,5.75,5.8,3900
PPHM,20111003,1.08,1.11,1.02,1.02,779500
PRAA,20111003,61.45,62.58,59.4,59.41,174600
PRAN,20111003,1.55,1.57,1.4,1.4,157700
PRCP,20111003,5.17,5.5,4.98,5.24,12300
PRFT,20111003,7.23,7.42,6.56,6.58,196900
PRFZ,20111003,51.79,52.61,49.51,49.63,168900
PRGO,20111003,96,96.93,90.02,91.09,1278800
PRGS,20111003,17.49,17.72,17.06,17.1,809000
PRGX,20111003,4.68,4.69,4.27,4.27,106200
PRIM,20111003,10.38,10.76,10.18,10.2,197200
PRKR,20111003,0.9,0.91,0.88,0.91,91400
PRLS,20111003,3.68,3.68,3.54,3.66,2900
PRMW,20111003,5.59,5.92,5.32,5.37,269900
PROV,20111003,8.75,8.81,8.64,8.64,36600
PRPH,20111003,0.77,0.77,0.77,0.77,2100
PRSC,20111003,10.64,10.74,9.5,9.56,49100
PRTS,20111003,4.93,5,4.49,4.67,125200
PRXI,20111003,1.86,1.9,1.8,1.8,42700
PRXL,20111003,19.08,19.95,18.3,18.32,540500
PSAU,20111003,41.99,42.34,40.98,41.07,7400
PSBH,20111003,4.4,4.4,4.4,4.4,0
PSCC,20111003,28.97,29.25,27.76,27.76,13700
PSCD,20111003,23.21,23.6,22.44,22.53,15700
PSCE,20111003,26.76,26.85,25.19,25.28,237300
PSCF,20111003,22.86,23.06,21.69,21.81,7400
PSCH,20111003,27.29,27.73,26.32,26.32,20300
PSCI,20111003,23.04,23.09,22.06,22.06,1800
PSCM,20111003,22.23,22.23,21.5,21.52,600
PSCT,20111003,23.04,23.44,22.08,22.08,8600
PSCU,20111003,27.85,28.04,27.16,27.16,5900
PSDV,20111003,4.28,4.32,3.91,3.95,118000
PSEC,20111003,8.41,8.54,7.99,7.99,2108000
PSEM,20111003,7.33,7.49,6.83,6.83,112700
PSMT,20111003,61.33,62.57,57.55,57.8,465000
PSTB,20111003,3.4,3.5,3.25,3.26,97700
PSTI,20111003,2.17,2.2,1.98,2.05,148800
PSTR,20111003,3.3,3.3,2.95,3,52300
PSUN,20111003,1.18,1.19,1.11,1.11,1200000
PTEK,20111003,0.89,1.15,0.88,0.92,20900
PTEN,20111003,16.85,16.91,15.64,15.83,6997200
PTIE,20111003,4.75,5.07,4.63,4.64,425000
PTIX,20111003,1.91,1.91,1.53,1.79,900
PTNR,20111003,9.62,9.76,9.42,9.44,232000
PTRY,20111003,12.23,12.68,11.86,11.95,396900
PTSI,20111003,10.06,10.06,9.77,10.02,1100
PTSX,20111003,0.57,0.57,0.57,0.57,0
PULB,20111003,6.5,6.52,6.32,6.52,5600
PURE,20111003,0.72,0.72,0.68,0.69,260900
PVFC,20111003,1.6,1.65,1.55,1.55,9000
PVTB,20111003,7.71,7.88,6.84,6.92,1283500
PVTBP,20111003,25.05,25.09,24.94,24.96,3900
PWER,20111003,4.4,4.45,4.05,4.22,5481400
PWOD,20111003,33,33.04,32,32.01,17400
PWRD,20111003,11.22,11.55,10.84,10.9,728500
PWX,20111003,12,12.9,11.74,12.29,7200
PXLW,20111003,2.13,2.23,1.87,1.96,20900
PZZA,20111003,30.25,31.05,29.53,29.54,197300
PZZI,20111003,3.27,3.38,3.22,3.25,36800
QABA,20111003,19.23,19.39,18.57,18.57,5100
QADA,20111003,10.53,10.73,10.12,10.47,17000
QADB,20111003,10.38,10.44,9.76,9.76,4600
QBAK,20111003,1.96,1.96,1.96,1.96,6800
QCCO,20111003,2.85,2.91,2.56,2.62,10200
QCLN,20111003,9.84,9.89,9.37,9.41,7800
QCOM,20111003,48.26,49.35,47.38,47.65,27987000
QCOR,20111003,26.13,27.65,25.97,26.36,1054200
QCRH,20111003,8.75,9,8.75,9,300
QDEL,20111003,16.2,16.68,15.94,15.99,376400
QGEN,20111003,13.75,13.8,13.29,13.3,1413900
QKLS,20111003,28.8,30,25.68,26.16,39000
QLGC,20111003,12.67,12.83,12.19,12.19,1278200
QLIK,20111003,21.66,21.91,19.84,19.99,1984400
QLTI,20111003,7.23,7.4,6.96,6.96,157100
QLTY,20111003,8.79,8.99,8.28,8.3,228300
QNST,20111003,10.15,10.51,10.03,10.04,370800
QQEW,20111003,21.35,21.65,20.85,20.87,49100
QQQ,20111003,52.04,52.85,51.11,51.14,99147900
QQQX,20111003,12.81,12.88,12.49,12.53,89000
QQXT,20111003,19.93,20.06,19.39,19.39,30300
QSII,20111003,48.15,49.22,46.055,46.055,434500
QTEC,20111003,21.57,21.77,21.04,21.04,150200
QTWW,20111003,2.38,2.47,2.1,2.15,110700
QUIK,20111003,2.28,2.31,1.88,1.92,529000
RADA,20111003,1.9,1.97,1.86,1.86,12200
RAIL,20111003,14.3,14.49,13.52,13.55,119000
RAND,20111003,2.8,2.8,2.8,2.8,100
RAVN,20111003,23.605,24.59,22.93,22.94,77900
RBCAA,20111003,18.24,18.24,16.98,16.98,37900
RBCN,20111003,10.67,10.69,9.75,10.06,964000
RBNF,20111003,2.67,2.7,2.64,2.64,1200
RBPAA,20111003,1.07,1.07,1.07,1.07,0
RCII,20111003,27.09,27.51,25.96,26.03,697700
RCKB,20111003,9.39,9.68,9.31,9.35,124800
RCKY,20111003,9.78,9.91,9.27,9.46,30000
RCMT,20111003,4.36,4.65,4.12,4.12,14100
RCON,20111003,0.8,0.8,0.75,0.8,3300
RDA,20111003,7.57,8.25,7.51,7.66,47500
RDCM,20111003,3.65,3.7,3.5,3.51,7800
RDEN,20111003,28.13,29.56,28.03,29.1,269900
RDI,20111003,4.14,4.18,4.06,4.06,2400
RDIB,20111003,6.71,6.71,6.71,6.71,0
RDNT,20111003,2.46,2.48,2.22,2.22,169900
RDWR,20111003,10.585,10.67,9.49,9.905,625500
RECN,20111003,9.62,9.7,9.05,9.23,764200
REDF,20111003,6.28,6.51,5.35,5.44,743400
REFR,20111003,3.7,3.73,3.45,3.5,12400
REGN,20111003,57.37,58.9,55.36,55.43,930400
REIS,20111003,9.11,9.11,8.44,8.75,4900
RELL,20111003,13.54,13.85,13.41,13.41,100800
RELV,20111003,1.53,1.6,1.49,1.51,6000
RENT,20111003,12.49,12.49,11.33,11.57,51000
REXI,20111003,4.44,4.55,4.19,4.4,26600
REXX,20111003,12.51,12.68,11.76,11.76,851400
RFIL,20111003,3.5,3.5,3.25,3.29,47500
RFMD,20111003,6.39,6.54,6.05,6.05,6801100
RGCO,20111003,18.87,19,18.6,18.65,5000
RGDX,20111003,1.86,1.86,1.8,1.8,300
RGEN,20111003,3.23,3.27,2.92,3.11,283600
RGLD,20111003,64.78,65.95,63.44,63.73,935700
RICK,20111003,6.62,6.64,6.45,6.53,31000
RIGL,20111003,7.26,7.53,7.01,7.05,731100
RIMG,20111003,12.63,13.2,12.34,12.34,37700
RITT,20111003,3.07,3.07,2.6,2.69,4600
RIVR,20111003,16.02,16.02,16.02,16.02,0
RJET,20111003,2.81,2.91,2.53,2.53,955900
RLOC,20111003,10.8,11.1,10.12,10.13,177700
RLOG,20111003,6.12,6.13,5.9,6,25300
RMBS,20111003,13.96,14.6,13.77,13.78,3072500
RMCF,20111003,8.6,8.93,8.5,8.55,12600
RMKR,20111003,0.99,0.99,0.86,0.92,7000
RMTI,20111003,8.12,8.7,7.5,7.53,97100
RNET,20111003,16.07,16.29,14.52,14.52,23200
RNIN,20111003,6.3,6.4,6.1,6.1,5200
RNST,20111003,12.74,13.28,12.23,12.24,179300
RNWK,20111003,8.29,8.55,7.84,8.01,258300
ROCK,20111003,8.01,8.57,7.74,7.75,227900
ROCM,20111003,7.47,7.49,7.21,7.21,6700
ROIA,20111003,1.15,1.17,1.01,1.01,2600
ROIAK,20111003,1.16,1.17,0.97,1.05,102300
ROIC,20111003,11.05,11.21,10.75,10.8,463200
ROICW,20111003,0.7,0.7,0.6,0.67,38300
ROLL,20111003,33.59,34.51,32.33,32.33,210600
ROMA,20111003,7.95,8.52,7.89,7.99,34700
ROSE,20111003,33.48,34.35,32.22,32.24,1489900
ROSG,20111003,15,15.15,15,15,18100
ROST,20111003,39.36,39.615,38.18,38.205,1548300
ROVI,20111003,42.62,42.92,39.59,39.8,1651900
ROYL,20111003,2.04,2.08,1.9,1.95,123200
RP,20111003,20.1,20.66,19.33,19.6,323700
RPRX,20111003,3.67,3.67,3.38,3.54,75600
RPTP,20111003,4.4,4.9,4.21,4.43,548900
RPXC,20111003,20.53,20.66,18.84,19.22,247900
RRD,20111003,14,14.35,13.23,13.27,4926000
RRGB,20111003,23.54,24.29,22.33,22.44,257300
RRST,20111003,5.26,5.39,5.25,5.28,1900
RSOL,20111003,1.75,1.79,1.62,1.62,21100
RSTI,20111003,18.81,19.49,18.45,18.47,453500
RSYS,20111003,6.08,6.14,5.67,5.67,163700
RTEC,20111003,6.64,6.74,6.2,6.22,345800
RTIX,20111003,3.29,3.37,3.21,3.21,503700
RUE,20111003,22.6,23.07,21.72,21.88,258100
RUSHA,20111003,13.96,14.4,12.97,13,220300
RUSHB,20111003,11.43,11.7,10.76,10.76,11100
RUTH,20111003,4.24,4.36,3.9,3.93,551900
RVBD,20111003,19.79,20.55,19.59,19.69,3916600
RVSB,20111003,2.36,2.5,2.36,2.5,11500
RYAAY,20111003,25.62,26.14,25.38,25.41,473900
SAAS,20111003,3.43,3.44,2.95,3.1,307400
SAFM,20111003,47.32,48.3,45.87,45.87,354100
SAFT,20111003,37.53,38.44,36.75,36.78,72000
SAIA,20111003,10.34,10.57,9.49,9.5,71600
SALM,20111003,2.2,2.25,2.2,2.25,400
SANM,20111003,6.59,6.67,6.11,6.11,1609800
SANW,20111003,4.79,4.94,4.65,4.65,13400
SANWW,20111003,0.67,0.67,0.62,0.62,1000
SANWZ,20111003,0.3,0.3,0.3,0.3,0
SAPE,20111003,10.1,10.2,9.32,9.35,1511500
SASR,20111003,14.47,15.02,14,14,82500
SATS,20111003,22.38,22.6,21.1,21.15,199100
SAVE,20111003,11.42,12.34,11.42,11.7,178000
SBAC,20111003,34.33,35.01,33.35,33.38,1981700
SBBX,20111003,5.26,5.26,4.9,4.95,2200
SBCF,20111003,1.46,1.49,1.41,1.41,227600
SBGI,20111003,7.08,7.38,6.87,6.95,664300
SBLK,20111003,18.9,19.2,17.1,17.25,337200
SBNY,20111003,47.59,47.83,44.5,44.73,694700
SBNYW,20111003,26.2,26.2,25.35,25.35,200
SBRA,20111003,9.31,9.6,8.74,8.74,507100
SBSA,20111003,1.67,1.67,1.15,1.3,15300
SBSI,20111003,17.98,18.53,17.8,17.8,79800
SBUX,20111003,36.83,37.06,36.05,36.2,13810900
SCBT,20111003,24.54,25.25,24.1,24.1,65400
SCHL,20111003,27.76,28.07,25.82,25.86,237900
SCHN,20111003,36.35,36.71,33.73,33.78,292100
SCLN,20111003,3.74,3.87,3.47,3.47,394100
SCMP,20111003,3.67,3.75,3.38,3.39,89900
SCOK,20111003,3.07,3.07,2.78,2.78,93100
SCON,20111003,18,18,15.12,15.36,218900
SCOR,20111003,16.41,16.91,15.89,15.95,457500
SCSC,20111003,29.18,30.15,28.94,29.01,208600
SCSS,20111003,13.99,14.05,12.4,12.41,1142600
SCVL,20111003,15.6133,16.0133,14.9,14.9067,82500
SDBT,20111003,2.81,2.81,2.43,2.43,1200
SDIX,20111003,1.78,1.8,1.72,1.73,4800
SEAC,20111003,7.59,7.93,7.34,7.34,196400
SEED,20111003,2.32,2.35,2.13,2.2,146800
SEIC,20111003,15.34,15.49,14.15,14.15,1550800
SENEA,20111003,19.58,20.28,18.22,18.34,36600
SENEB,20111003,19.3,19.3,19.3,19.3,100
SEV,20111003,5.98,5.98,5.97,5.97,1100
SFLY,20111003,40.81,42.9,40.05,40.31,1016500
SFNC,20111003,21.56,22,20.5,20.52,75500
SFST,20111003,6.73,6.84,6.73,6.76,700
SGC,20111003,11.13,11.44,11.13,11.44,200
SGEN,20111003,18.84,19.55,18.51,19.13,3157900
SGI,20111003,11.79,12.15,10.71,10.94,1018300
SGMA,20111003,3.33,3.39,3.26,3.26,5700
SGMO,20111003,3.3,3.71,3.02,3.04,5959400
SGMS,20111003,7.04,7.21,6.63,6.63,1012800
SGNT,20111003,19.67,20.49,19.67,19.96,113500
SGOC,20111003,2.5,2.53,2.5,2.53,900
SGRP,20111003,1.2,1.2,1.12,1.12,200
SHBI,20111003,4.25,4.38,4.25,4.26,7800
SHEN,20111003,10.95,11.67,10.45,10.46,98100
SHFL,20111003,8.28,8.39,7.73,7.74,427300
SHIP,20111003,3.2,3.37,3,3.01,10300
SHLD,20111003,56.77,58.3,55.01,57.25,639600
SHLM,20111003,16.76,17.53,16.45,16.47,279800
SHLO,20111003,9.16,9.46,8.65,8.65,21800
SHOO,20111003,31.44,31.44,27.8,28.36,993500
SHOR,20111003,4.82,5.09,4.69,4.7,482000
SIAL,20111003,61.21,62.75,60.29,60.74,1064500
SIBC,20111003,11.26,11.26,11.25,11.25,1100
SIEB,20111003,1.66,1.66,1.66,1.66,0
SIFI,20111003,9.25,9.25,9.06,9.08,16300
SIFY,20111003,3.96,3.97,3.02,3.13,1992800
SIGA,20111003,3.25,3.4,2.91,2.92,1056000
SIGI,20111003,12.94,13.12,12.34,12.36,382100
SIGM,20111003,7.77,7.99,7.53,7.56,328300
SILC,20111003,13.87,14.18,13.26,13.69,37100
SIMG,20111003,5.75,5.85,5.38,5.43,1574200
SIMO,20111003,11.3,11.4,10.56,10.7,934000
SINA,20111003,71.4,74,67.27,67.9,5747700
SINO,20111003,2.06,2.14,1.77,2,37200
SIRI,20111003,1.47,1.57,1.44,1.45,97860100
SIRO,20111003,42.22,42.28,39.73,40.12,390400
SIVB,20111003,36.53,37.21,34.38,34.41,1041700
SIVBO,20111003,24.71,24.85,24.64,24.85,2800
SKBI,20111003,2,2,1.79,1.94,1900
SKUL,20111003,13.95,14.65,12.65,13.13,447900
SKYW,20111003,11.44,11.73,10.5,10.51,596600
SKYY,20111003,15.76,15.94,15.42,15.42,98700
SLAB,20111003,33.29,33.73,32.1,32.39,571900
SLGN,20111003,36.18,36.55,34.77,34.83,394000
SLMAP,20111003,42.5,42.55,41.49,41.51,3200
SLP,20111003,3.1,3.11,2.98,3.08,39000
SLRC,20111003,20.05,20.46,19.62,19.63,315400
SLTC,20111003,3.88,3.88,3.88,3.88,0
SLTM,20111003,1.25,1.29,1.2,1.23,347800
SLXP,20111003,29.8,30.68,29.13,29.24,1765900
SMBC,20111003,20.62,20.62,20.62,20.62,0
SMCI,20111003,12.37,12.6,11.59,11.59,228500
SMED,20111003,4.45,4.47,4.33,4.4,48000
SMIT,20111003,3.2,3.2,3.2,3.2,0
SMMF,20111003,2.7,2.7,2.7,2.7,0
SMRT,20111003,6.27,6.44,5.93,5.94,326800
SMSI,20111003,1.5,1.59,1.43,1.44,415800
SMT,20111003,4.23,4.23,3.99,4.03,248700
SMTC,20111003,20.66,21.23,20.25,20.32,595800
SMTX,20111003,1.5,1.5,1.44,1.44,71400
SNAK,20111003,3.86,4,3.81,3.91,16200
SNBC,20111003,2.64,2.8,2.39,2.39,247600
SNCR,20111003,24.51,24.92,23.07,23.07,311700
SNDK,20111003,40.02,41,38.58,38.92,10121300
SNFCA,20111003,1.36,1.36,1.36,1.36,0
SNHY,20111003,20.07,21.22,19.42,19.43,93900
SNMX,20111003,3.44,3.56,3.37,3.37,407800
SNPS,20111003,24.14,24.45,23.42,23.47,1427900
SNSS,20111003,1.22,1.28,1.08,1.08,201000
SNTA,20111003,3.23,3.38,3.15,3.16,236500
SNTS,20111003,2.75,2.86,2.67,2.68,305500
SOCB,20111003,1.75,1.75,1.75,1.75,1100
SODA,20111003,32.2,33.36,29,29.12,1543400
SOFO,20111003,8.33,9.2,8.33,8.5,6600
SOHU,20111003,47.89,49.34,46.52,47.42,3042000
SOMH,20111003,7.26,7.26,7.2,7.25,700
SONA,20111003,6.25,6.27,6.25,6.25,5600
SONC,20111003,7.03,7.17,6.71,6.78,745800
SONS,20111003,2.12,2.16,2.04,2.05,2579700
SORL,20111003,3.22,3.25,2.89,3.15,283400
SOXX,20111003,45.62,46.08,44.19,44.22,372400
SPAN,20111003,13.75,13.9,13.75,13.9,700
SPAR,20111003,4.08,4.29,3.65,3.68,556700
SPBC,20111003,10.89,10.93,10.35,10.75,1800
SPCHA,20111003,1.87,1.89,1.65,1.83,1200
SPCHB,20111003,2.37,2.37,2.37,2.37,500
SPEX,20111003,38.4,40,37.8,38.2,4800
SPIL,20111003,4.79,4.89,4.61,4.64,1849200
SPIR,20111003,1.52,1.52,1.32,1.36,13700
SPLS,20111003,13.11,13.44,12.77,12.79,10206000
SPMD,20111003,1.56,1.56,1.15,1.2,114000
SPNC,20111003,7.04,7.32,6.58,6.59,155600
SPNS,20111003,2.88,2.88,2.75,2.75,15200
SPPI,20111003,7.57,7.82,7.07,7.07,1059600
SPPR,20111003,0.7,0.7,0.6,0.68,23100
SPPRO,20111003,20.15,20.7,19,19.45,3300
SPPRP,20111003,7.81,7.81,7.81,7.81,0
SPRD,20111003,17.68,18.4,17.16,17.28,1008900
SPRO,20111003,2.07,2.07,2.07,2.07,200
SPRT,20111003,1.95,2.07,1.9,1.98,488100
SPSC,20111003,16.13,16.49,15.15,15.3,120300
SPTN,20111003,15.51,15.72,14.98,15.12,182800
SPU,20111003,1.84,1.84,1.6,1.77,43200
SQI,20111003,14.9,14.9,12.11,12.13,60700
SQNM,20111003,5.03,5.14,4.75,4.75,1899000
SQQQ,20111003,109.56,115.08,104.56,115.08,4592300
SRCE,20111003,20.63,21.2,20.04,20.05,65000
SRCL,20111003,79.92,81.24,77.99,78.7,531400
SRDX,20111003,9,9.24,8.85,8.9,160400
SREV,20111003,13.02,13.87,12.93,12.95,797200
SSBI,20111003,5.32,5.32,5.1,5.1,6100
SSFN,20111003,5.6,5.6,5.5,5.5,800
SSNC,20111003,14.02,14.22,13.48,13.48,227200
SSRI,20111003,18.74,18.98,17.59,17.69,1560100
SSRX,20111003,11.87,12,11.08,11.14,75000
SSYS,20111003,18.27,19.8,17.95,18,291600
STAA,20111003,7.67,7.88,7.18,7.2,397300
STAN,20111003,15.57,15.98,14.83,14.83,72500
STB,20111003,5.57,5.68,5.19,5.23,344300
STBA,20111003,16,17.13,15.41,15.43,201800
STBZ,20111003,12.51,12.72,12.48,12.5,331100
STEC,20111003,9.97,10.16,9.57,9.58,2207700
STEI,20111003,6.03,6.12,5.54,5.54,822900
STEL,20111003,9.82,10.2,9.38,9.39,84600
STEM,20111003,2,2.09,1.79,1.79,127400
STFC,20111003,13.03,13.15,12.15,12.18,70900
STKL,20111003,4.87,4.94,4.54,4.64,327500
STLD,20111003,9.88,10.04,9.33,9.34,4860000
STLY,20111003,2.87,2.99,2.85,2.88,3200
STMP,20111003,20.21,20.87,19.33,19.36,239900
STND,20111003,14.25,14.25,14.25,14.25,300
STNR,20111003,40.73,40.74,37.41,38.7,121400
STRA,20111003,76.11,77.34,70.5,70.67,240500
STRL,20111003,11,11.37,10.05,10.05,77500
STRM,20111003,1.75,1.75,1.62,1.66,9700
STRN,20111003,4.73,4.75,4.73,4.75,2000
STRS,20111003,7.7,7.7,7.7,7.7,0
STRT,20111003,24.09,24.09,24.09,24.09,0
STSA,20111003,12.18,13.08,12.18,12.55,182800
STX,20111003,10.22,10.24,9.44,9.49,13266300
STXS,20111003,11.5,11.8,9.8,10.4,345100
SUBK,20111003,8.24,8.45,7.91,7.93,81600
SUMR,20111003,6.55,6.55,6.12,6.12,94100
SUNS,20111003,14.3,14.95,13.7,13.7,29400
SUPX,20111003,17.16,17.5,16.56,16.64,56100
SURG,20111003,5.35,5.49,5.12,5.24,182700
SUSQ,20111003,5.46,5.63,5.38,5.44,6923800
SUTR,20111003,0.91,0.91,0.86,0.88,53200
SVA,20111003,2.2,2.27,1.95,1.98,269100
SVBI,20111003,2.38,2.39,2.36,2.36,3600
SVNT,20111003,4.15,4.2,3.72,3.72,2156400
SVVC,20111003,14.52,14.92,14.52,14.75,4700
SWHC,20111003,2.48,2.53,2.35,2.35,505000
SWIR,20111003,6.87,7.07,6.75,6.8,102600
SWKS,20111003,17.8,18.33,16.93,16.96,4638300
SWSH,20111003,4.02,4.29,3.78,3.78,899700
SYBT,20111003,18.66,19.21,18.25,18.25,54200
SYBTP,20111003,11.24,11.24,10.9,11.18,4000
SYKE,20111003,14.87,15.25,13.18,13.38,438400
SYMC,20111003,16.11,16.53,15.73,15.74,11288700
SYMM,20111003,4.28,4.45,3.89,3.91,156000
SYMX,20111003,1.75,1.85,1.69,1.74,437500
SYNA,20111003,23.67,24.3,23.22,23.22,490400
SYNL,20111003,10.9,11.08,10.79,10.87,3900
SYNM,20111003,8.5,8.8,8,8,455900
SYNT,20111003,43.19,43.8,42.57,42.98,359400
SYPR,20111003,2.9,3.05,2.9,2.9,2900
SYUT,20111003,5.25,5.44,4.75,4.75,62800
SZYM,20111003,9.35,9.74,8.9,8.92,265500
TACT,20111003,8.25,8.26,7.2,7.21,81700
TAIT,20111003,0.91,0.91,0.91,0.91,0
TASR,20111003,4.27,4.45,4.21,4.21,460700
TAST,20111003,8.82,8.93,8.39,8.47,86000
TATT,20111003,4.95,4.95,4.95,4.95,0
TAXI,20111003,9.24,9.38,8.91,8.91,124600
TAYC,20111003,6.36,6.45,5.68,5.7,33900
TAYCP,20111003,19.69,19.69,18.5,18.7,3700
TAYD,20111003,7.22,7.3,7.02,7.02,25700
TBAC,20111003,1.19,1.19,1.15,1.15,6900
TBBK,20111003,7.09,7.16,6.54,6.55,247100
TBNK,20111003,18.97,19.2,18.9,18.98,74500
TBOW,20111003,2.22,2.45,1.91,1.91,69500
TCBI,20111003,22.62,23.32,21.76,21.91,297400
TCBIW,20111003,10.54,10.54,10.54,10.54,0
TCBK,20111003,12.25,12.9,11.58,11.58,49200
TCCO,20111003,7.33,7.59,7.3,7.3,8200
TCRD,20111003,10.81,11.03,10.8,10.85,71400
TEAR,20111003,0.88,0.9,0.83,0.85,38700
TECD,20111003,42.38,43.73,41.39,41.61,365500
TECH,20111003,68.29,68.75,64.35,65.29,140400
TECUA,20111003,7.18,7.39,7.13,7.25,116000
TECUB,20111003,7.01,7.19,7,7.19,1500
TELK,20111003,9.6,9.6,9,9.3,12600
TESO,20111003,11.54,11.56,10.27,10.28,245000
TESS,20111003,13.16,13.22,12.34,12.54,56500
TFCO,20111003,3.69,3.69,3.69,3.69,0
TFM,20111003,38.03,38.66,35.85,35.87,385300
TFSL,20111003,8.09,8.33,8.03,8.05,716800
TGA,20111003,7.99,8.21,7.55,7.55,163700
TGE,20111003,4.31,4.37,3.89,4.11,57200
THFF,20111003,27.35,28.25,26.24,26.47,54000
THLD,20111003,1.42,1.44,1.31,1.31,134300
THOR,20111003,32.08,33.79,31.82,32.21,830100
THRD,20111003,19.25,20.68,19.25,20.68,1300
THRX,20111003,19.94,20.58,18.99,19.02,474200
THTI,20111003,1.74,1.74,1.74,1.74,100
TIBX,20111003,22.2,22.42,21.06,21.43,3656600
TICC,20111003,8.06,8.39,7.52,7.52,492400
TIGR,20111003,2.84,2.91,2.7,2.71,700
TINY,20111003,3.52,3.58,3.31,3.31,223200
TISA,20111003,1.8,1.9,1.79,1.86,162700
TITN,20111003,17.79,17.79,15.75,15.77,515500
TIVO,20111003,9.28,9.5,8.87,8.87,2606500
TKMR,20111003,1.71,1.79,1.7,1.75,1600
TLAB,20111003,4.22,4.31,4,4.01,4521400
TLF,20111003,4.29,4.54,4.29,4.29,300
TMNG,20111003,1.95,1.95,1.95,1.95,500
TNAV,20111003,8.73,8.9,7.99,7.99,195700
TNGO,20111003,10.98,11.83,10.75,10.76,106400
TOFC,20111003,7.11,7.11,7.11,7.11,200
TOPS,20111003,1.37,1.5,1.26,1.26,21500
TORM,20111003,11.79,11.79,11.51,11.51,1000
TOWN,20111003,11.24,11.63,10.82,10.82,111900
TPGI,20111003,2.26,2.3,2.14,2.14,91400
TQNT,20111003,5.01,5.11,4.73,4.74,4341600
TQQQ,20111003,28.76,30.16,27.24,27.28,2140900
TRAK,20111003,15.44,15.8,14.51,14.51,287300
TREE,20111003,4.98,5.23,4.77,4.98,6300
TRGT,20111003,14.63,16.05,14.63,14.93,731100
TRIB,20111003,9.1,9.25,9,9,24400
TRIT,20111003,3.97,4.18,3.96,3.96,23300
TRLG,20111003,26.6,27.36,25.16,25.2,341400
TRMB,20111003,16.81,17.005,16.1,16.21,967600
TRMD,20111003,13.5,13.7,13.2,13.3,15300
TRMK,20111003,18.04,18.6,17.22,17.23,520300
TRNS,20111003,11.45,11.45,11.45,11.45,0
TRNX,20111003,20.24,21.21,19.14,19.25,153500
TROW,20111003,47.32,48.03,45.69,45.89,3579700
TRS,20111003,14.5,15.37,14.02,14.04,282900
TRST,20111003,4.47,4.53,4.27,4.27,459000
TSBK,20111003,4.04,4.21,3.76,4.1,9100
TSCO,20111003,62.02,62.32,59.89,60.23,938900
TSEM,20111003,9.75,9.75,9.3,9.3,549900
TSLA,20111003,24.95,25,23.25,23.73,1023100
TSON,20111003,2.97,3.05,2.58,2.73,244600
TSPT,20111003,6.71,6.71,5.93,6.04,299800
TSRA,20111003,11.75,12,11.16,11.27,764700
TSRI,20111003,4.15,4.15,4.15,4.15,2900
TSRX,20111003,6.34,6.57,5.61,5.71,143800
TST,20111003,1.92,1.94,1.83,1.85,66400
TSTC,20111003,3.92,4.18,3.9,3.99,121700
TSYS,20111003,3.4,3.49,3.17,3.17,470600
TTEC,20111003,15.12,15.36,14.37,14.38,244500
TTEK,20111003,18.72,18.78,17.53,17.53,488900
TTGT,20111003,5.58,5.98,5.54,5.54,63000
TTHI,20111003,1.71,1.83,1.6,1.65,40500
TTMI,20111003,9.45,9.5,8.81,8.84,882000
TTWO,20111003,12.58,12.95,12.25,12.25,1953300
TUES,20111003,3.46,3.63,3.32,3.32,295100
TWER,20111003,2.53,2.54,2.26,2.26,576500
TWGP,20111003,22.75,23.25,21.47,21.48,413600
TWIN,20111003,26.25,26.71,23.86,23.95,87500
TWMC,20111003,1.9,1.9,1.8,1.81,7200
TWTC,20111003,16.28,16.79,15.42,15.57,965800
TXCC,20111003,2.35,2.38,2.25,2.25,111200
TXN,20111003,26.91,27.29,26.4,26.46,20014800
TXRH,20111003,13.1,13.18,12.47,12.49,1467300
TYPE,20111003,11.96,12.31,11.25,11.25,292200
TZOO,20111003,21.58,22.5,20.81,21.02,710400
TZYM,20111003,2.61,3.05,2.4,2.65,12700
UACL,20111003,12.11,13.58,11.6,11.82,12400
UBCP,20111003,8.58,8.62,7.81,7.93,36800
UBFO,20111003,2.97,2.97,2.97,2.97,100
UBNK,20111003,13.61,14.51,13.5,13.51,85400
UBOH,20111003,8.54,8.54,8.54,8.54,100
UBPS,20111003,5.75,5.75,5.75,5.75,0
UBSH,20111003,10.38,10.99,10.08,10.15,82300
UBSI,20111003,20.25,20.69,19.33,19.43,430000
UCBA,20111003,5.9,5.9,5.9,5.9,0
UCBI,20111003,8.35,8.8,7.64,7.65,279000
UCFC,20111003,1.3,1.3,1.1,1.21,22900
UCTT,20111003,4.25,4.42,3.87,3.87,159100
UEIC,20111003,16.32,16.52,15.75,15.76,118400
UEPS,20111003,7,7,6.03,6.2,116700
UFCS,20111003,17.53,18.11,16.26,16.37,122800
UFPI,20111003,23.66,24.55,23.12,23.13,176700
UFPT,20111003,14.33,14.84,12.65,13.25,45000
UG,20111003,14.79,14.95,14.5,14.5,4600
UHAL,20111003,61.08,63.3,60.71,60.73,74900
ULBI,20111003,4.85,4.92,4.8,4.8,9700
ULGX,20111003,0.96,0.99,0.91,0.98,9900
ULTA,20111003,61.25,64.05,60.28,61.32,821100
ULTI,20111003,46.18,47.57,45.53,45.55,273000
ULTR,20111003,2.37,2.4,2.19,2.19,210000
UMBF,20111003,31.73,32.45,30.73,30.94,302800
UMPQ,20111003,8.69,8.96,8.48,8.51,1713600
UNAM,20111003,10.45,10.49,10.41,10.45,2400
UNB,20111003,19.67,19.67,19.5,19.5,2900
UNFI,20111003,36.78,37.36,35.77,35.87,371200
UNIS,20111003,4.16,4.37,4,4,219100
UNTD,20111003,5.1,5.25,4.89,4.89,866200
UNTK,20111003,4.94,5,4.15,4.2,69300
UNTY,20111003,6.55,6.65,6.5,6.65,57800
UNXL,20111003,4.89,5,4.88,4.9,25300
UPI,20111003,4.79,5.02,4.61,4.64,78700
URBN,20111003,22.14,22.62,21.89,21.9,6719200
URRE,20111003,6.6,6.7,5.5,5.6,1606500
USAK,20111003,7.76,7.95,7.67,7.95,86600
USAP,20111003,25,25.93,23.57,23.79,97300
USAT,20111003,1.2,1.3,1.16,1.25,363800
USATP,20111003,15.92,15.92,15.92,15.92,100
USATZ,20111003,0.64,0.68,0.57,0.6,24400
USBI,20111003,5.02,6,5.02,5.26,4700
USCR,20111003,4.07,4.29,4.07,4.29,3600
USEG,20111003,2.28,2.29,2.05,2.05,154500
USLM,20111003,40.4,40.4,37.8,37.8,5700
USMO,20111003,13.12,13.34,12.73,12.73,225500
USTR,20111003,27.25,27.79,26,26.01,309400
UTEK,20111003,16.96,17.12,15.88,16.12,412300
UTHR,20111003,37.23,38.01,36.8,37.21,1753400
UTIW,20111003,12.62,13.12,12.21,12.34,539900
UTMD,20111003,26.49,26.49,26.49,26.49,0
UTSI,20111003,3.06,3.15,2.97,3,410000
UVSP,20111003,13.42,13.97,12.97,12.97,65600
VALU,20111003,11.41,12.3,11.41,11.91,13500
VALV,20111003,0.92,0.94,0.86,0.88,211300
VASC,20111003,11.33,11.53,11.11,11.18,121900
VBFC,20111003,1.87,1.87,1.7,1.75,2900
VCBI,20111003,5.81,6.05,5.64,5.64,175900
VCIT,20111003,80.77,81.03,80.42,80.54,493000
VCLK,20111003,15.29,15.77,14.89,14.92,1180600
VCLT,20111003,84.55,85.11,84.1,85.04,38800
VCSH,20111003,77.37,77.66,77.37,77.59,1098100
VDSI,20111003,5.1,5.2,4.72,4.72,285300
VECO,20111003,24.37,25.09,23.49,24.01,3066600
VELT,20111003,6.55,7.17,6.36,6.44,615000
VGIT,20111003,65.45,65.76,65.43,65.71,68100
VGLT,20111003,75.55,76.47,71.59,76.41,71600
VGSH,20111003,61.02,61.12,60.99,61.12,197900
VIA,20111003,47.8,48.05,45.88,45.91,31200
VIAB,20111003,38.43,38.55,36.5,36.66,9090000
VIAS,20111003,17.34,17.67,15.88,15.89,12600
VICL,20111003,2.45,2.55,2.29,2.29,792100
VICR,20111003,8.63,8.93,8.07,8.14,144500
VIDE,20111003,4.1,4.39,3.96,3.97,22700
VIFL,20111003,6.43,6.49,6.15,6.24,4800
VIMC,20111003,1.36,1.4,1.25,1.28,37900
VIRC,20111003,1.4,1.5,1.39,1.5,21400
VISN,20111003,38.8,38.8,26,28.8,358900
VITC,20111003,4.71,4.98,4.4,4.66,312100
VIVO,20111003,15.57,15.79,14.83,14.9,342700
VLCCF,20111003,16.49,17.11,15.56,15.57,237300
VLGEA,20111003,23.96,23.96,22.83,22.84,26600
VLTR,20111003,19.09,19.47,18.17,18.2,234100
VLYWW,20111003,1.73,1.73,1.73,1.73,0
VMBS,20111003,51.7,52.05,51.7,51.98,135300
VMED,20111003,24.2,24.71,23.41,23.41,4766600
VNDA,20111003,4.89,5.1,4.82,4.82,252000
VNET,20111003,10.02,10.49,9.94,10.16,142200
VNQI,20111003,40.8,40.92,39.9,39.9,32100
VOCS,20111003,16.54,16.57,15.93,15.95,216900
VOD,20111003,25.9,26.22,25.7,25.7,13364600
VOLC,20111003,29.06,29.98,28.55,28.63,538000
VONE,20111003,51.31,51.31,49.88,49.88,5100
VONG,20111003,53.65,54.16,52.44,52.49,14400
VONV,20111003,49.05,49.49,47.81,48,9500
VOXX,20111003,5.42,5.55,4.85,4.88,168400
VPFG,20111003,11.48,11.74,11.16,11.16,155800
VPHM,20111003,17.85,18.22,17.49,17.64,1400500
VPRT,20111003,26.81,27.3,25.16,25.23,692600
VRA,20111003,35.62,36.68,34.27,34.3,812500
VRML,20111003,2.81,2.89,2.14,2.23,206800
VRNM,20111003,2.4,2.52,2.16,2.2,48200
VRNT,20111003,25.99,26.15,23.37,23.42,169700
VRSK,20111003,34.58,35.14,32.79,33.06,1152900
VRSN,20111003,28.37,28.57,27.5,27.52,3615400
VRTA,20111003,1.14,1.14,0.92,1.06,24400
VRTB,20111003,1.23,1.25,1.12,1.13,25500
VRTS,20111003,53.32,55.14,51.54,51.69,50400
VRTU,20111003,13.07,13.3,12.13,12.17,113300
VRTX,20111003,42.74,44.28,40.08,40.49,3472700
VSAT,20111003,33.11,33.76,31.81,31.81,246600
VSBN,20111003,10.52,10.52,10.52,10.52,0
VSCI,20111003,1.78,1.92,1.71,1.84,29400
VSCP,20111003,1.08,1.08,0.91,0.97,29300
VSEC,20111003,27,27.25,25.1,25.2,30400
VTHR,20111003,50.95,51.2,49.78,49.78,5500
VTNC,20111003,3.89,3.9,3.75,3.81,60600
VTSS,20111003,2.88,2.95,2.29,2.4,251900
VTUS,20111003,8.98,8.98,8.01,8.8,81600
VTWG,20111003,52.62,53.27,50.21,50.28,10000
VTWO,20111003,50.77,51.24,48.42,48.51,11400
VTWV,20111003,48.61,48.61,46.93,46.93,600
VVTV,20111003,2.33,2.43,2.1,2.1,762000
VVUS,20111003,8.02,8.35,7.68,7.68,1995800
VXUS,20111003,39.88,40.11,39.1,39.1,80200
VYFC,20111003,4.35,5,4.35,4.81,9300
WABC,20111003,37.86,38.84,36.56,36.58,218400
WAFD,20111003,13.19,13.59,12.35,12.48,1290400
WASH,20111003,19.58,19.98,18.66,18.68,68000
WAVX,20111003,2.3,2.43,2.22,2.23,445600
WAYN,20111003,8.5,8.5,8.5,8.5,600
WBCO,20111003,9.63,9.87,9.54,9.56,68100
WBKC,20111003,14,14,14,14,0
WBMD,20111003,30.04,30.22,28.56,28.6,1087800
WBSN,20111003,17.48,17.68,15.63,15.63,838900
WCRX,20111003,14.48,14.48,13.31,13.33,2599700
WDC,20111003,25.63,25.68,24.58,24.6,5154000
WDFC,20111003,39.17,40.41,38.45,38.46,79800
WEBM,20111003,3.99,4.13,3.71,3.99,75700
WERN,20111003,20.67,21.58,20.33,20.36,798800
WETF,20111003,7.02,7.05,5.95,5.99,949900
WEYS,20111003,22.21,22.46,21.02,21.18,20300
WFD,20111003,6.55,6.68,6.32,6.34,105100
WFM,20111003,65.1,66.6,62.36,62.44,3008700
WIBC,20111003,2.7,2.8,2.45,2.49,430800
WIFI,20111003,7.14,7.28,6.76,6.85,44400
WILC,20111003,5.73,5.9,5.63,5.73,16500
WILN,20111003,5.69,5.77,5.41,5.45,194800
WIN,20111003,11.59,11.74,11.25,11.31,13445900
WINA,20111003,45.07,46.74,44.59,44.93,14800
WIRE,20111003,20.45,21.66,20.24,20.25,166700
WLB,20111003,7.69,7.71,6.8,6.8,51300
WLBPZ,20111003,21.56,21.6,21.56,21.6,200
WLDN,20111003,3.93,3.95,3.91,3.91,600
WLFC,20111003,11.25,11.49,11.02,11.13,23800
WMAR,20111003,7.58,7.7,7,7.01,74300
WMGI,20111003,17.79,18.26,16.87,16.89,807100
WOOD,20111003,34.07,34.48,33.26,33.26,325900
WOOF,20111003,15.81,15.94,14.86,14.89,1306800
WPCS,20111003,2.04,2.04,2.04,2.04,0
WPPGY,20111003,45.89,46.39,44.88,45.04,46000
WPRT,20111003,27.92,28.49,25.15,25.61,1868700
WRES,20111003,2.31,2.37,2.13,2.13,340500
WRLD,20111003,55.61,56.25,54.27,54.46,260800
WRLS,20111003,5.9,5.93,5.69,5.71,18300
WSB,20111003,2.25,2.38,2.25,2.38,2200
WSBC,20111003,17.28,17.56,16.47,16.49,133000
WSBF,20111003,2.56,2.62,2.56,2.61,600
WSCI,20111003,5.79,5.81,5.35,5.53,5400
WSFS,20111003,30.6,31.77,30.2,30.22,35900
WSTG,20111003,9.91,9.91,9.6,9.6,2700
WSTL,20111003,2.14,2.14,2.01,2.01,264900
WTBA,20111003,8.36,8.65,8.12,8.12,43700
WTFC,20111003,25.58,26.42,24.86,24.92,373700
WTFCW,20111003,10.99,10.99,10.99,10.99,100
WVFC,20111003,8.83,8.83,8.83,8.83,0
WVVI,20111003,3,3,2.89,3,16800
WWD,20111003,27.07,28.15,25.46,25.57,610200
WWWW,20111003,6.86,7.1,6.62,6.62,476500
WYNN,20111003,111.9,115.35,107.78,110.67,6039600
XBKS,20111003,3.41,3.41,3.29,3.31,1000
XIDE,20111003,3.96,4.09,3.76,3.76,948500
XLNX,20111003,27.22,27.8,26.77,27.06,4626600
XNPT,20111003,5.84,6.1,5.51,5.51,399000
XOMA,20111003,1.76,1.77,1.5,1.54,336400
XRAY,20111003,30.38,30.6,28.89,29.09,2769700
XRTX,20111003,9.01,9.86,9.01,9.42,570100
XTEX,20111003,16.06,16.06,15.32,15.36,160500
XTXI,20111003,13.28,13.35,12.12,12.14,915500
XWES,20111003,2.96,2.96,2.68,2.87,26900
XXIA,20111003,7.55,7.88,7.49,7.5,788700
YAVY,20111003,1.65,1.68,1.65,1.65,13300
YHOO,20111003,13.69,14.04,13.37,13.53,43196200
YNDX,20111003,20.51,22.82,18.45,18.97,2485600
YORW,20111003,16.08,16.45,16,16,42900
YRCW,20111003,0.05,0.05,0.03,0.04,56942200
Z,20111003,26.93,27.93,25.53,25.85,138200
ZAGG,20111003,9.78,9.91,9.2,9.34,1179600
ZBRA,20111003,30.82,31.6,29.91,30.01,358600
ZEUS,20111003,16.69,17.12,15.2,15.2,88300
ZGNX,20111003,1.84,1.91,1.68,1.85,564500
ZHNE,20111003,1.16,1.17,0.85,0.94,248200
ZIGO,20111003,11.35,11.85,10.64,10.68,59700
ZINC,20111003,7.36,7.45,6.47,6.47,892200
ZION,20111003,14.29,14.75,13.68,13.68,5276900
ZIONW,20111003,2.35,2.52,2.28,2.39,49100
ZIOP,20111003,4.35,4.39,3.85,3.85,1495000
ZIPR,20111003,1.44,1.44,1.38,1.4,11000
ZIXI,20111003,2.63,2.63,2.17,2.2,1239100
ZLCS,20111003,0.98,0.98,0.83,0.84,1284900
ZN,20111003,1.96,2.1,1.75,1.76,252300
ZOLT,20111003,6.32,6.46,5.79,5.79,451700
ZOOM,20111003,1.51,1.52,1.38,1.42,72100
ZUMZ,20111003,17.47,18,16.46,16.49,644700
