<ticker>,<date>,<open>,<high>,<low>,<close>,<vol>
AACC,20120118,4.2,4.23,3.98,4.22,15000
AAME,20120118,2,2.01,2,2,1400
AAON,20120118,19.86,20.18,19.45,20.13,38300
AAPL,20120118,426.95,429.47,426.3,429.11,9885300
AAWW,20120118,40.79,42,40.34,41.7,389200
AAXJ,20120118,52.66,53.65,52.66,53.58,410700
ABAX,20120118,26.92,28.11,26.92,28.1,72300
ABCB,20120118,10.49,10.5,10.32,10.46,38200
ABCD,20120118,3.15,3.22,3.02,3.21,29400
ABCO,20120118,37.5,38.95,37.175,38.875,176800
ABFS,20120118,21.1,21.39,21,21.37,401100
ABIO,20120118,6.06,6.12,6,6,45500
ABMD,20120118,18.04,18.23,17.94,18.2,164800
ABTL,20120118,3.75,3.9,3.7,3.9,19500
ACAD,20120118,1.27,1.56,1.27,1.54,1353000
ACAS,20120118,7.37,7.58,7.31,7.54,2893200
ACAT,20120118,22.98,23.76,22.82,23.55,72600
ACCL,20120118,7.39,7.49,7.32,7.46,75500
ACET,20120118,6.82,6.92,6.76,6.92,39800
ACFC,20120118,2.32,2.55,2.32,2.54,6200
ACFN,20120118,6.59,6.65,6.51,6.65,71700
ACGL,20120118,36.67,37.01,36.49,36.96,840200
ACHC,20120118,11.45,11.7,11.1,11.54,43300
ACHN,20120118,11.26,11.56,10.66,10.88,1729900
ACIW,20120118,28.85,30.02,28.66,29.96,184700
ACLS,20120118,1.62,1.75,1.6,1.74,4902000
ACNB,20120118,14.01,14.03,14.01,14.03,300
ACOR,20120118,26.44,26.44,25.6,25.85,553400
ACPW,20120118,4.9,5,4.45,4.8,2095000
ACRX,20120118,2.92,2.92,2.69,2.89,4400
ACTG,20120118,41.09,42.83,40.69,42.69,651700
ACTS,20120118,1.84,1.9,1.84,1.9,27100
ACUR,20120118,3.6,3.77,3.56,3.7,67900
ACWI,20120118,43.27,43.89,43.26,43.85,408000
ACWX,20120118,37.61,38.09,37.56,38.08,340300
ACXM,20120118,13.17,13.54,13.11,13.32,416400
ADAT,20120118,1.46,1.58,1.4,1.46,43100
ADBE,20120118,29.27,29.89,29.22,29.89,4553600
ADEP,20120118,2.6,2.6,2.49,2.54,4500
ADES,20120118,21,21.1,20.53,21.07,45900
ADI,20120118,38.29,39.45,38.16,39.15,7307000
ADP,20120118,55.78,56.52,55.65,56.5,2694900
ADRA,20120118,23.65,24.02,23.65,23.82,3000
ADRD,20120118,19.04,19.21,19.04,19.21,8900
ADRE,20120118,40.9,41.65,40.9,41.61,32500
ADRU,20120118,18.9,19.05,18.86,19.05,1700
ADSK,20120118,32.13,34.57,32.05,34.34,4580700
ADTN,20120118,31.75,34.32,31.17,33.98,3181300
ADUS,20120118,3.32,3.89,3.32,3.7,12500
ADVS,20120118,25.09,25.7,24.82,25.69,98500
AEGN,20120118,17.29,17.56,17.2,17.43,211600
AEGR,20120118,15.04,15.34,14.88,15.33,74100
AEHR,20120118,0.79,0.92,0.78,0.79,23700
AEIS,20120118,11,11.3,10.95,11.3,383800
AEPI,20120118,25.79,29.62,25.79,29.48,13500
AERL,20120118,6.19,6.2,5.93,6.03,60700
AETI,20120118,5.54,5.67,5.5,5.67,20300
AEY,20120118,2.19,2.24,2.13,2.15,20600
AEZS,20120118,10.08,10.14,9.72,10.14,639800
AFAM,20120118,16.66,17.44,16.52,17.39,106500
AFCB,20120118,11.75,12,11.75,11.99,1400
AFCE,20120118,13.97,14.2,13.92,14.2,83900
AFFX,20120118,4.58,4.76,4.54,4.75,452900
AFFY,20120118,7.18,7.3,7.07,7.26,861000
AFOP,20120118,8.03,8.13,7.79,8.13,85200
AFSI,20120118,24.58,25,24.49,24.96,297000
AGEN,20120118,2.5,2.53,2.42,2.49,104700
AGII,20120118,26.93,28.93,26.93,28.59,93200
AGNC,20120118,28.43,28.54,28.4,28.44,3542600
AGYS,20120118,8.02,8.33,7.9,8.32,56800
AHGP,20120118,52.83,53.81,52.83,53.51,58200
AHPI,20120118,3.28,3.32,3.11,3.32,4500
AIMC,20120118,17.77,18.59,17.69,18.52,393600
AINV,20120118,7.2,7.44,7.13,7.44,2784400
AIRM,20120118,26.8,27.17,26.79,26.9133,60600
AIRT,20120118,8.66,8.75,8.66,8.68,5400
AIXG,20120118,15.07,15.5,15,15.48,224600
AKAM,20120118,32.38,32.57,31.96,32.41,2932100
AKRX,20120118,10.88,11.6,10.82,11.56,1975200
ALCO,20120118,19.68,20.14,19.68,20.02,12900
ALGN,20120118,24.91,25.12,24.51,24.79,486800
ALGT,20120118,52.6,53.02,51.56,52.72,76300
ALIM,20120118,1.24,1.27,1.16,1.27,339600
ALKS,20120118,18.28,18.69,18.27,18.6,635400
ALLB,20120118,10.7,10.8,10.7,10.8,3800
ALLT,20120118,15.66,16.42,15.52,16.17,147100
ALNY,20120118,10.46,10.46,9.79,10.3,405800
ALOG,20120118,59.09,59.54,58.89,59.49,50300
ALOT,20120118,7.9,7.9,7.9,7.9,1600
ALSK,20120118,2.75,2.8,2.7,2.8,627300
ALTE,20120118,23.57,23.96,22.85,23.93,243200
ALTI,20120118,0.68,0.71,0.68,0.7,87000
ALTR,20120118,37.81,40.9,37.76,40.72,11636100
ALVR,20120118,10.7,10.9,10.4,10.9,113700
ALXA,20120118,7.6,8,7.2,7.7,448100
ALXN,20120118,77.34,77.58,76.5,76.99,1110700
AMAG,20120118,16.88,17.25,16.47,17.18,89800
AMAP,20120118,11.19,12.07,11.19,11.62,375200
AMAT,20120118,11.92,12.18,11.84,12.12,20272900
AMBT,20120118,6.14,6.53,6.09,6.38,22300
AMCC,20120118,7.32,8,7.32,7.96,1044900
AMCF,20120118,3.55,3.55,3.43,3.43,3500
AMCN,20120118,3.81,4.01,3.78,3.8,23900
AMCX,20120118,38.77,40.24,38.52,40.2,176900
AMED,20120118,9.93,10.02,9.71,9.85,872300
AMGN,20120118,67.74,69.39,67.63,69.22,7158900
AMIC,20120118,4.51,4.51,4.42,4.46,600
AMKR,20120118,4.96,5.17,4.95,5.16,4184200
AMNB,20120118,19.13,19.48,19.01,19.48,6800
AMOT,20120118,5.63,5.85,5.63,5.8,2900
AMOV,20120118,22.02,23,22.02,23,12000
AMPE,20120118,3.82,4.07,3.76,4.06,104500
AMRB,20120118,4.53,5,4.53,4.98,5000
AMRI,20120118,2.91,3.04,2.9,3.01,48700
AMRN,20120118,7.67,8.4,7.57,8.39,4930800
AMRS,20120118,10.83,10.89,10.52,10.6,95100
AMSC,20120118,4.37,5.55,4.35,5.55,4011400
AMSF,20120118,22.5,23.01,22.41,22.95,55000
AMSG,20120118,25.46,25.76,25.36,25.75,75300
AMSWA,20120118,9.58,9.58,9.32,9.44,140300
AMWD,20120118,13.25,14.81,13.24,14.53,20100
AMZN,20120118,181.9,190.25,181.12,189.44,7477200
ANAC,20120118,5.57,5.98,5.57,5.93,40100
ANAD,20120118,2.44,2.62,2.44,2.59,669700
ANAT,20120118,71.48,71.48,70.86,71.21,10100
ANCB,20120118,6.75,6.75,6.75,6.75,0
ANCI,20120118,1.56,1.56,1.5,1.53,4100
ANCX,20120118,8.79,9.04,8.79,8.87,12700
ANDE,20120118,42.67,43.06,42.59,43.02,64000
ANEN,20120118,17.07,17.49,16.99,17.3,31100
ANGI,20120118,15.84,15.95,15.63,15.9,80100
ANGO,20120118,13.32,13.41,13.28,13.35,76000
ANIK,20120118,9.38,9.56,9.36,9.48,28300
ANLY,20120118,6.07,6.4,6.07,6.33,24000
ANSS,20120118,57.3,58.91,56.6,58.88,165300
ANTH,20120118,6.75,6.8,6.52,6.7,62400
ANTP,20120118,2.96,3.04,2.71,2.82,22600
AOSL,20120118,7.69,8,7.63,8,24500
APAGF,20120118,76.96,78.12,75.22,78.12,15100
APEI,20120118,46.96,46.96,42.93,43,500100
APFC,20120118,7.85,7.85,7.64,7.69,300
APOG,20120118,13.84,15.05,13.77,14.76,242200
APOL,20120118,57.44,57.46,52.8,54.03,12308100
APPY,20120118,5.82,5.82,5.64,5.76,8600
APRI,20120118,5.04,5.06,4.87,5.05,287000
APSA,20120118,14.74,15.55,14.74,15.55,300
APWC,20120118,3.1,3.14,3.1,3.14,1000
ARAY,20120118,5,5.14,4.98,5.09,492300
ARCC,20120118,16,16.05,15.86,16,1739100
ARCI,20120118,5.2,5.25,4.9,4.95,24700
ARCP,20120118,10.7,11.3,10.7,10.95,40300
ARCW,20120118,2.83,2.83,2.83,2.83,0
ARDNA,20120118,87.5,89.35,87.5,89.35,2800
AREX,20120118,31.81,33.67,31.69,32.93,496600
ARIA,20120118,14.5,14.74,14.34,14.45,1981500
ARII,20120118,28.47,28.65,27.29,27.64,74800
ARKR,20120118,14,14,13.45,13.95,2800
ARLP,20120118,79.26,80.24,78.48,78.61,70000
ARMH,20120118,26.9,27.1,26.62,26.66,3784600
ARNA,20120118,1.65,1.67,1.62,1.65,3387200
AROW,20120118,23.52,24,23.48,23.93,21000
ARQL,20120118,6.74,7.19,6.69,7.02,1104000
ARRS,20120118,10.9,11.12,10.82,11.11,521900
ARRY,20120118,2.3,2.48,2.3,2.44,371200
ARTC,20120118,30.15,30.79,30.01,30.78,136000
ARTNA,20120118,18.54,18.88,18.51,18.82,29900
ARTW,20120118,8.18,8.27,7.83,7.83,6700
ARTX,20120118,1.13,1.18,1.13,1.14,4200
ARUN,20120118,19.25,20.43,19.15,20.18,3253900
ARWR,20120118,5.39,5.39,5.32,5.39,17200
ASBB,20120118,11.62,11.62,11.62,11.62,0
ASBC,20120118,12.04,12.42,12.01,12.4,1811600
ASBCW,20120118,1.5,1.5,1.5,1.5,0
ASBI,20120118,4.15,4.15,4.1,4.1,1700
ASCA,20120118,19.42,19.9,19.35,19.89,248200
ASCMA,20120118,52.67,53.07,51.28,52.81,22100
ASEI,20120118,70.34,71.73,69.75,71.55,41200
ASFI,20120118,7.51,7.64,7.51,7.64,3100
ASIA,20120118,8.84,8.94,8.56,8.6,731100
ASMI,20120118,33.19,33.56,32.91,33.56,113800
ASML,20120118,43.49,43.53,41.21,42.22,6608500
ASNA,20120118,17.275,17.64,17.195,17.635,891900
ASPS,20120118,50.67,50.82,50.5,50.5,32800
ASRV,20120118,2.2,2.2,2,2.15,8600
ASRVP,20120118,25.05,25.05,24.8,24.8,3600
ASTC,20120118,0.6,0.63,0.58,0.6,14400
ASTE,20120118,34.52,35.06,34.48,34.89,72600
ASTI,20120118,0.74,0.87,0.74,0.85,1097800
ASTM,20120118,1.9,1.97,1.86,1.97,211300
ASTX,20120118,2.09,2.2,2.06,2.2,415900
ASUR,20120118,5.4667,5.6267,4.6667,4.9267,87000
ASYS,20120118,10.16,10.48,10.04,10.35,172300
ATAI,20120118,7,7.1,6.73,6.75,7700
ATAX,20120118,5.15,5.18,5.13,5.16,19600
ATEA,20120118,4.75,4.75,4.46,4.48,7000
ATEC,20120118,1.84,1.87,1.78,1.85,113300
ATHN,20120118,54.99,57.73,53.54,57.71,751100
ATHX,20120118,2.03,2.11,1.95,2.08,51900
ATLO,20120118,19.34,19.99,19.34,19.99,4700
ATMI,20120118,22.54,23.89,22.4,23.86,250100
ATML,20120118,8.73,9.27,8.7,9.23,8932600
ATNI,20120118,36.48,37.41,36.41,37.05,27400
ATNY,20120118,3.76,3.8,3.61,3.77,25200
ATRC,20120118,11.25,11.45,11.15,11.45,37700
ATRI,20120118,239.14,240.79,239.14,239.99,700
ATRM,20120118,0.92,0.96,0.88,0.88,25500
ATRO,20120118,32.6,32.6,31.83,32.52,48700
ATSG,20120118,4.89,4.93,4.83,4.86,181600
ATVI,20120118,12.02,12.27,11.87,12.21,8261900
ATX,20120118,9.48,10.16,9.37,10.04,86800
AUBN,20120118,19.26,19.27,19.25,19.25,1300
AUDC,20120118,3.97,4.07,3.86,4.01,106600
AUXL,20120118,20.01,20.94,19.92,20.26,811500
AVAV,20120118,29.55,29.74,29.41,29.52,93400
AVEO,20120118,14.55,14.75,14.47,14.47,218300
AVGO,20120118,32.92,35,32.78,33.94,4427300
AVID,20120118,8.84,9.41,8.84,9.41,115100
AVNR,20120118,2.77,2.84,2.73,2.84,1520500
AVNW,20120118,1.99,2.11,1.98,2.11,454100
AWAY,20120118,25.13,25.71,24.94,25.2,138700
AWRE,20120118,2.98,3.09,2.98,3.09,300
AXAS,20120118,3.21,3.26,3.19,3.24,1087100
AXFN,20120118,19.19,19.32,19.19,19.32,1500
AXTI,20120118,4.58,4.8,4.52,4.78,175900
AZPN,20120118,17.21,17.87,17.19,17.65,570400
BABY,20120118,10.4,10.66,10.24,10.58,233500
BAGL,20120118,14.8,15.11,14.8,15.07,31600
BAMM,20120118,2.48,2.6,2.48,2.55,9200
BANC,20120118,11.95,12.11,11.32,12.1,10200
BANF,20120118,39.11,40.35,39.11,40.35,19300
BANFP,20120118,28.38,28.38,28.38,28.38,0
BANR,20120118,17.7,18.46,17.69,18.45,68100
BASI,20120118,1.25,1.31,1.2,1.22,9700
BBBY,20120118,59.72,61.94,59.65,61.7,2906300
BBCN,20120118,10.26,10.27,10.06,10.13,283400
BBEP,20120118,19.1,19.41,19.1,19.37,334500
BBGI,20120118,3.24,3.3,3.16,3.16,4000
BBNK,20120118,10.04,10.43,10,10.42,6000
BBOX,20120118,28.41,30.09,28.28,30.07,51300
BBRG,20120118,18.14,18.44,18.01,18.23,158400
BBRY,20120118,16.59,17.32,16.56,17.28,29498100
BBSI,20120118,18.56,19.95,18.55,18.9,58900
BCBP,20120118,9.75,10.19,9.75,10.19,600
BCOM,20120118,13.02,13.29,13.01,13.29,1200
BCPC,20120118,39.9,40.6,39.66,40.31,149700
BCRX,20120118,2.83,2.87,2.74,2.82,198800
BCSB,20120118,11.21,11.48,11.21,11.48,1700
BDE,20120118,7.9,8.1,7.85,8.02,105400
BDGE,20120118,20.62,21.1,20.11,20.75,14300
BDMS,20120118,16.9,16.9,16.89,16.89,1000
BDSI,20120118,2.09,2.17,2.01,2.12,169500
BEAT,20120118,2.62,2.69,2.53,2.65,61800
BEAV,20120118,41.45,41.99,41.4,41.96,628600
BEBE,20120118,8.7,8.8,8.7,8.76,424300
BECN,20120118,21.48,22.33,21.23,22.33,320700
BELFA,20120118,20.26,20.26,20.26,20.26,0
BELFB,20120118,19.2,20,18.94,19.99,26400
BERK,20120118,7.69,7.74,7.5,7.5,12800
BFIN,20120118,5.5,5.53,5.44,5.52,40600
BFLY,20120118,2.13,2.13,2,2,2400
BGCP,20120118,6.28,6.3,6.16,6.2,1118300
BGFV,20120118,7.89,8.01,7.77,7.95,102100
BGMD,20120118,5.48,5.6,5.4,5.5,5300
BIB,20120118,40.675,41.475,40.23,41.465,15000
BICK,20120118,25.39,25.57,25.27,25.56,21800
BIDU,20120118,128.83,129.73,125.31,126.07,6591000
BIIB,20120118,116.5,117.44,116.2,117.15,1813800
BIOD,20120118,2.48,2.52,2.36,2.4,264700
BIOF,20120118,12.6,12.6,12.2,12.4,252100
BIOS,20120118,5.41,5.53,5.37,5.49,225400
BIRT,20120118,5.97,6.17,5.97,6.15,120800
BIS,20120118,28.26,28.45,27.4,27.41,9700
BJRI,20120118,44.32,45.62,44.23,45.5,175200
BKCC,20120118,8.55,8.91,8.52,8.83,578600
BKEP,20120118,7.16,7.2,6.93,7.13,33000
BKEPP,20120118,8.25,8.35,8,8.35,12700
BKMU,20120118,3.45,3.59,3.42,3.59,80500
BKOR,20120118,2.27,2.27,2.27,2.27,0
BKSC,20120118,10.31,10.31,10.13,10.14,2200
BKYF,20120118,20.84,21.18,20.16,21.03,17100
BLDP,20120118,1.09,1.11,1.07,1.09,148400
BLDR,20120118,2.66,2.7,2.55,2.65,192900
BLIN,20120118,0.56,0.64,0.56,0.6,26100
BLKB,20120118,29.4,30.02,29.24,29.79,190300
BLMT,20120118,10.62,10.7,10.53,10.69,56000
BLRX,20120118,3,3.02,3,3.02,300
BMC,20120118,32.99,33.23,32.84,33.13,2526700
BMRC,20120118,38.02,38.58,38,38.58,9300
BMRN,20120118,35.79,36.1,35.4,36.03,493400
BMTC,20120118,19.94,20.2,19.93,20.13,15400
BNCL,20120118,8.97,9.11,8.8,9.09,83500
BNCN,20120118,7.4,7.41,7.4,7.4,600
BNSO,20120118,1.15,1.15,1.15,1.15,0
BOBE,20120118,34.65,35.3,34.4,35.15,110500
BOCH,20120118,3.93,3.95,3.92,3.94,43600
BODY,20120118,23.8,24.08,23.79,23.96,129300
BOFI,20120118,16.38,16.44,16.29,16.4,39900
BOKF,20120118,57.92,58.2,57.5,58.19,98400
BOLT,20120118,13.13,13.46,12.91,13.42,33300
BONA,20120118,4.38,4.45,4.3,4.45,54100
BONT,20120118,3.01,3.03,2.87,3.03,105400
BOOM,20120118,20.64,21.04,20.28,21,46300
BOSC,20120118,2.96,3.44,2.96,3.44,18100
BPAX,20120118,4.26,4.5,4.02,4.02,16011800
BPFH,20120118,8.07,8.23,8.04,8.23,371100
BPFHW,20120118,3.27,3.3,3.27,3.3,5400
BPOP,20120118,14.7,15.6,14.4,15.3,5011700
BPOPM,20120118,17.05,17.05,17.05,17.05,0
BPOPN,20120118,17.49,17.49,17.49,17.49,300
BRCD,20120118,5.4,5.62,5.31,5.58,6933300
BRCM,20120118,32.78,33.9,32.75,33.35,19712400
BRID,20120118,10,10,10,10,0
BRKL,20120118,8.89,9.03,8.84,9.02,344800
BRKR,20120118,13.21,13.52,13.15,13.43,820800
BRKS,20120118,10.26,10.85,10.26,10.7,1025100
BRLI,20120118,17.45,17.87,17.15,17.8,224000
BSDM,20120118,2.18,2.2,2.03,2.09,87500
BSET,20120118,7.89,7.99,7.89,7.92,10200
BSFT,20120118,30.12,31.71,29.71,30.75,979500
BSPM,20120118,2.01,2.07,1.98,2.07,53400
BSQR,20120118,3.39,3.48,3.36,3.45,7800
BSRR,20120118,9,9.1,8.92,9.1,19400
BSTC,20120118,17.22,17.96,17.22,17.96,7800
BTUI,20120118,2.98,3.07,2.97,3.07,4700
BUR,20120118,6.24,6.25,6.24,6.25,1000
BUSE,20120118,5.08,5.24,5.08,5.21,127500
BVSN,20120118,23.07,23.67,20.36,21.51,365300
BWEN,20120118,7.3,7.3,6.8,7,1076200
BWINA,20120118,22.16,22.16,22.16,22.16,100
BWINB,20120118,22.64,22.85,22.62,22.75,5500
BWLD,20120118,65,65.87,64.72,64.8,497400
BYFC,20120118,1.38,1.45,1.38,1.43,1000
CA,20120118,21.71,22.08,21.59,22.05,2590700
CAAS,20120118,5.07,5.35,5.03,5.35,81700
CAC,20120118,32.3,33.36,32.23,33.36,11700
CACB,20120118,4.76,4.98,4.72,4.95,6300
CACC,20120118,80.05,81.77,80.05,81.6,22200
CACH,20120118,6.22,6.4,6.06,6.4,27400
CADC,20120118,2.46,2.5,2.45,2.5,52300
CADX,20120118,3.88,4.11,3.83,3.93,551200
CAFI,20120118,1.52,1.52,1.32,1.35,2200
CAKE,20120118,29.26,29.88,29.26,29.76,716200
CALD,20120118,6.43,6.64,6.25,6.53,129800
CALI,20120118,5.52,5.52,5.1,5.52,14900
CALL,20120118,15.06,15.34,14.85,15.05,210000
CALM,20120118,37.09,37.2,36.65,36.95,71900
CAMP,20120118,4.75,4.75,4.5,4.67,87900
CAMT,20120118,2.15,2.19,2.12,2.19,22100
CAR,20120118,12.84,13.06,12.63,12.98,1351900
CARB,20120118,10.89,10.98,10.46,10.74,97400
CART,20120118,2.6,2.64,2.6,2.64,800
CARV,20120118,9.5,9.5,9.35,9.35,1100
CARZ,20120118,24.82,24.82,24.82,24.82,300
CASH,20120118,16.74,16.74,16.25,16.25,800
CASM,20120118,1.79,1.88,1.73,1.73,43500
CASS,20120118,35.15,36.45,35.15,36.45,15600
CASY,20120118,52.84,54.15,52.7,54.06,171000
CATM,20120118,26.06,26.69,25.91,26.59,245500
CATY,20120118,15.62,15.95,15.56,15.95,242600
CAVM,20120118,32.51,34.5,32.26,34.08,1287000
CBAK,20120118,3.35,3.5,3.35,3.45,25900
CBAN,20120118,1.91,1.91,1.91,1.91,1300
CBEY,20120118,8.13,8.67,7.91,8.67,136600
CBIN,20120118,10.96,10.99,10.96,10.99,400
CBLI,20120118,3.18,3.22,3.1,3.21,177800
CBMX,20120118,17.5,17.5,17.5,17.5,800
CBMXW,20120118,1,1,1,1,0
CBNJ,20120118,7.85,8.13,7.8,8.12,8600
CBNK,20120118,13.9,13.9,13.9,13.9,0
CBOE,20120118,25.24,25.59,25.16,25.43,254800
CBPO,20120118,8.58,9.27,8,8.98,14500
CBRL,20120118,52.45,53.45,52.26,53.45,122600
CBRX,20120118,1.22,1.47,1.18,1.47,9878200
CBSH,20120118,39.86,40.54,39.73,40.51,463400
CBST,20120118,41.41,41.58,40.93,41.02,862900
CCBG,20120118,9.54,9.89,9.5,9.86,24700
CCCL,20120118,2.97,3.04,2.97,3.03,8300
CCIH,20120118,7.09,7.1,6.71,6.88,57100
CCIX,20120118,9.56,9.9,9.53,9.89,33700
CCMP,20120118,49.15,50.21,49.15,49.98,102600
CCNE,20120118,15.66,16.07,15.48,15.98,12900
CCOI,20120118,18.75,19.49,18.54,19.2,762000
CCRN,20120118,5.53,5.85,5.51,5.81,127100
CCUR,20120118,3.72,3.72,3.57,3.68,4300
CDNS,20120118,9.96,10.37,9.9,10.37,2825700
CDTI,20120118,2.81,2.87,2.75,2.87,60700
CDXS,20120118,5.34,5.48,5.3,5.46,123900
CDZI,20120118,9.4,9.6,9.36,9.55,30200
CECE,20120118,6.1,6.13,5.95,6.04,14800
CECO,20120118,9.51,9.55,9.17,9.41,2093700
CEDU,20120118,5.95,5.95,5.9,5.95,1500
CELG,20120118,72.88,73.18,72.48,72.74,3546400
CELGZ,20120118,1.91,1.97,1.83,1.92,38900
CENT,20120118,8.56,8.74,8.49,8.74,84000
CENTA,20120118,8.8,9.07,8.78,9.07,131100
CENX,20120118,9.57,9.88,9.41,9.87,830100
CERN,20120118,60.88,61.06,60.51,60.99,1017600
CERS,20120118,2.94,2.96,2.86,2.9,138500
CETV,20120118,5.97,6.38,5.89,6.36,529000
CEVA,20120118,26.94,28.19,26.94,28.05,357700
CFBK,20120118,3.7,3.75,3.7,3.75,600
CFFI,20120118,28.95,28.95,28.92,28.94,1000
CFFN,20120118,11.7,11.78,11.6,11.78,410200
CFNB,20120118,15.84,16.03,15.62,16.03,1000
CFNL,20120118,10.55,10.94,10.49,10.86,180600
CGEN,20120118,5.5,5.58,5.32,5.46,105300
CGNX,20120118,40.77,41.25,40.36,41.13,283600
CHCI,20120118,1.54,1.7,1.54,1.65,175700
CHCO,20120118,35.38,35.65,35.07,35.5,43700
CHDN,20120118,51.72,52.61,51.2,52.54,15000
CHDX,20120118,7.91,8.48,7.91,8.42,124700
CHEF,20120118,17.35,19.42,17.35,18.78,314700
CHEV,20120118,7.15,7.15,7.15,7.15,0
CHFC,20120118,21.66,21.91,21.38,21.89,64300
CHFN,20120118,9.7,9.96,9.7,9.9,3500
CHKE,20120118,10.69,10.75,10.63,10.71,62200
CHKP,20120118,55.38,55.49,54.29,54.69,1725500
CHLN,20120118,1.21,1.3,1.16,1.29,40800
CHNR,20120118,7.53,7.66,7.47,7.66,1000
CHOP,20120118,3.6,3.8,3.59,3.77,199500
CHRM,20120118,8.15,8.58,8.15,8.5,14900
CHRW,20120118,66.49,67.33,66.27,67.29,933200
CHSCP,20120118,29.74,29.78,29.59,29.78,8200
CHTP,20120118,5.06,5.22,5.04,5.19,532700
CHTR,20120118,56.91,56.98,56.2,56.44,153000
CHYR,20120118,1.53,1.69,1.33,1.37,16900
CIDM,20120118,1.4,1.48,1.39,1.4,37700
CIEN,20120118,14.53,15.15,14.48,15.01,6348100
CIMT,20120118,3.18,3.34,3.16,3.24,92300
CINF,20120118,31.32,31.87,31.16,31.87,960700
CISG,20120118,6.91,7.09,6.91,6.99,201200
CITZ,20120118,4.46,4.62,4.46,4.59,4100
CIZN,20120118,17.97,18.11,17.97,18.11,600
CJJD,20120118,1.18,1.26,1.18,1.25,10200
CKEC,20120118,6.97,7.18,6.85,7.15,17400
CKSW,20120118,10.19,10.53,10.18,10.51,180300
CLBH,20120118,2.69,2.69,2.69,2.69,0
CLCT,20120118,15.12,15.17,15.1,15.15,6400
CLDX,20120118,3.7,4.05,3.63,3.89,1299300
CLFD,20120118,6.56,6.66,6.53,6.53,40300
CLMS,20120118,12.13,12.59,11.94,12.56,76000
CLMT,20120118,21.94,21.94,21.56,21.87,216900
CLNE,20120118,13.58,14.27,13.54,14.27,1201000
CLNT,20120118,0.31,0.33,0.31,0.33,24200
CLRO,20120118,4.33,4.34,4.18,4.25,12400
CLSN,20120118,1.7,1.71,1.65,1.66,347400
CLUB,20120118,8.23,8.72,8.21,8.69,64100
CLVS,20120118,14.81,17.72,14.81,17.1,76700
CLWR,20120118,1.85,1.9,1.82,1.86,8045600
CLWT,20120118,2.6,4.05,2.6,3.71,34900
CMCO,20120118,12.9,13,12.79,12.98,75400
CMCSA,20120118,25.53,25.83,25.31,25.72,14728500
CMCSK,20120118,25,25.22,24.79,25.15,3506500
CME,20120118,229.15,232.96,226,232.65,495600
CMLS,20120118,3.8,3.88,3.78,3.86,1257100
CMSB,20120118,7.77,7.77,7.77,7.77,0
CMTL,20120118,29.33,30.14,29.14,30.14,224700
CNBC,20120118,9.97,9.97,9.38,9.7,61500
CNBKA,20120118,28.69,28.87,27.74,28.87,1100
CNDO,20120118,5.39,5.98,5.39,5.95,15200
CNET,20120118,1.2,1.2,1.1,1.11,5700
CNIT,20120118,0.7,0.71,0.64,0.65,140100
CNMD,20120118,27.53,27.94,27.27,27.83,114100
CNQR,20120118,49.78,51.89,49.72,51.88,532600
CNSL,20120118,18.49,18.89,18.47,18.86,135700
CNTF,20120118,1.79,1.92,1.77,1.85,93200
CNTY,20120118,2.55,2.66,2.5,2.5,27100
CNYD,20120118,2.23,2.25,2.13,2.2,4500
COBK,20120118,12.48,12.48,12.48,12.48,100
COBR,20120118,4.63,4.75,4.63,4.7,60500
COBZ,20120118,6.03,6.32,6.03,6.25,91100
COCO,20120118,2.8,2.82,2.7,2.78,1386900
COGO,20120118,2.12,2.16,2.07,2.1,72900
COHR,20120118,56.62,58,56.4,58,42800
COHU,20120118,11.98,12.3,11.98,12.28,51300
COKE,20120118,58.05,58.77,57.58,58.46,22200
COLB,20120118,20.94,20.94,20,20.86,201900
COLM,20120118,44.8,45.48,44.49,45.33,175200
CONN,20120118,11.23,11.53,11.1,11.49,139100
COOL,20120118,2.3,2.36,2.1,2.17,5304100
CORE,20120118,39.35,39.53,38.77,39.46,30900
CORT,20120118,3.21,3.4,3.13,3.4,313700
COSI,20120118,0.65,0.68,0.64,0.66,43500
COST,20120118,81.42,81.76,80.59,81.76,2418000
COWN,20120118,2.7,2.8,2.57,2.79,230200
CPBC,20120118,4.65,4.65,4.65,4.65,0
CPGI,20120118,0.92,0.95,0.91,0.91,30400
CPHC,20120118,13.28,13.51,13.28,13.51,1900
CPHD,20120118,36.37,36.5,34.25,35.05,718900
CPIX,20120118,6,6.14,5.98,6.12,25200
CPLA,20120118,41.56,41.87,39.72,40.69,230000
CPLP,20120118,7.7,7.74,7.6,7.71,270300
CPNO,20120118,34.13,34.5,33.9,34.47,579900
CPRT,20120118,24.14,24.24,23.85,24.225,177000
CPRX,20120118,1.19,1.22,1.19,1.19,86000
CPSI,20120118,52.52,52.52,51.05,51.48,124400
CPSL,20120118,6.12,6.48,6.12,6.24,152400
CPSS,20120118,0.97,1,0.97,1,5100
CPST,20120118,1.18,1.2,1.16,1.2,2172300
CPTS,20120118,11.76,11.92,11.68,11.91,149000
CPWR,20120118,7.59,7.65,7.35,7.65,2563200
CRAI,20120118,19.68,20.49,19.49,20.44,63500
CRAY,20120118,6.69,7.15,6.6,7.03,479300
CRDC,20120118,1.61,1.65,1.51,1.62,116200
CRDS,20120118,4.98,5.16,4.96,5.08,2300
CREE,20120118,22.46,24.49,22.45,24.45,10406900
CREG,20120118,1.16,1.18,1.15,1.18,11400
CRESW,20120118,0.07,0.07,0.07,0.07,2100
CRESY,20120118,11.68,12.26,11.52,12.22,164600
CRFN,20120118,3.19,3.24,3.15,3.2,3200
CRIS,20120118,4.54,4.68,4.45,4.68,293700
CRMB,20120118,3.97,3.99,3.97,3.98,2300
CRMBU,20120118,3.9,3.9,3.9,3.9,0
CRMBW,20120118,0.24,0.24,0.24,0.24,0
CRME,20120118,12.3,12.5,11.75,12.15,177500
CRMT,20120118,40.07,40.53,39.68,40.01,34800
CRNT,20120118,8.53,8.61,8.48,8.5,76100
CROX,20120118,18.16,19.18,17.98,18.79,4581100
CRRB,20120118,2.71,2.71,2.71,2.71,0
CRRC,20120118,11.79,11.9,11.5,11.66,73000
CRTX,20120118,5.55,5.8,5.45,5.8,22700
CRUS,20120118,20.37,20.92,20.3,20.75,2759400
CRVL,20120118,51,51.01,50.51,50.96,11200
CRWN,20120118,1.19,1.22,1.16,1.18,128500
CRWS,20120118,3.83,4,3.83,3.9,5200
CRZO,20120118,24.34,24.96,23.51,24.9,1261400
CSBK,20120118,9.84,9.97,9.84,9.93,4400
CSCD,20120118,3.67,3.67,3.44,3.57,3000
CSCO,20120118,19.36,19.63,19.33,19.54,56573400
CSFL,20120118,6.48,6.58,6.45,6.57,41800
CSGP,20120118,60.7,62.45,60.7,62.18,103900
CSGS,20120118,15.72,15.85,15.65,15.85,146200
CSII,20120118,9.72,10.01,9.72,9.99,78900
CSIQ,20120118,3.35,3.54,3.25,3.48,1856500
CSOD,20120118,18.29,18.53,18.13,18.3,138600
CSPI,20120118,3.62,3.67,3.6,3.64,130000
CSRE,20120118,13.09,13.45,13.08,13.38,20300
CSTR,20120118,44.97,47.21,44.86,46.72,1037700
CSWC,20120118,84,84.96,84,84.33,1300
CTAS,20120118,37.57,37.85,37.41,37.82,664800
CTBI,20120118,29.9,30.31,29.8,30.13,44300
CTCH,20120118,3.31,3.4,3.31,3.39,7800
CTCM,20120118,9.49,9.52,9.29,9.5,217100
CTCT,20120118,26,26.32,25.62,26.26,543600
CTGX,20120118,14.11,14.49,14,14.46,32000
CTHR,20120118,2.65,2.75,2.65,2.73,7600
CTIB,20120118,4.8,4.98,4.71,4.98,600
CTIC,20120118,5.65,5.7,5.55,5.65,2228300
CTRN,20120118,8.56,8.8,8.37,8.72,189600
CTRP,20120118,23.91,24.94,23.45,24.69,4705300
CTRX,20120118,30.8,31.895,30.635,31.575,532600
CTSH,20120118,68.21,69.36,67.75,69.35,1978200
CTWS,20120118,26.75,27.06,26.36,27.05,28500
CTXS,20120118,65.7,68.14,65.64,67.56,2354100
CU,20120118,32.21,33,32.18,32.98,30500
CUBA,20120118,6.54,6.6,6.52,6.6,9000
CUTR,20120118,8.65,8.87,8.65,8.83,17200
CVBF,20120118,10.92,11.22,10.78,11.21,1252400
CVCO,20120118,41.33,42.8,40.67,42.77,14300
CVCY,20120118,5.3,5.3,5.25,5.25,1300
CVGI,20120118,10.09,10.6,10.01,10.48,96800
CVGW,20120118,26.8,27.99,26.73,27.7,167100
CVLT,20120118,45.82,47.42,45.81,47.42,381100
CVLY,20120118,9.54,9.9,9.54,9.9,5900
CVTI,20120118,3.35,3.44,3.25,3.41,22300
CVV,20120118,12.85,13.74,12.8,13.71,228900
CWBC,20120118,1.63,1.64,1.5,1.61,4100
CWCO,20120118,8.75,8.94,8.74,8.89,46000
CWEI,20120118,76.25,79.5,75.72,79.28,58500
CWST,20120118,6.99,7.1,6.93,7,65500
CWTR,20120118,3.36,3.52,3.32,3.4,748000
CXDC,20120118,5.73,5.73,5.51,5.54,103000
CXPO,20120118,2.65,2.78,2.65,2.76,66700
CY,20120118,17.98,18.89,17.82,18.68,2705600
CYAN,20120118,6.49,6.6,6.44,6.5,18300
CYBE,20120118,8.09,8.18,7.87,8,10400
CYBX,20120118,32.49,32.89,32.31,32.6,151100
CYCC,20120118,3.78,4.06,3.78,3.78,274400
CYCCP,20120118,2.86,2.86,2.86,2.86,300
CYMI,20120118,50.31,50.64,49.74,50.34,499400
CYNO,20120118,12,13.08,12,13.02,22100
CYOU,20120118,22.5,22.78,22.36,22.5,148100
CYTK,20120118,1,1,0.98,1,180100
CYTR,20120118,1.96,1.96,1.82,1.89,219600
CYTX,20120118,2.66,2.8,2.64,2.8,312600
CYTXW,20120118,1.4,1.4,1.4,1.4,800
CZFC,20120118,7.08,7.08,7.08,7.08,0
CZNC,20120118,19.82,20.67,19.82,20.5,71400
CZWI,20120118,5.05,5.15,5.05,5.15,5200
DAEG,20120118,1.95,2,1.9,2,1200
DAIO,20120118,4.13,4.15,4.1,4.1,600
DAKT,20120118,9.79,10.33,9.75,10.32,256100
DARA,20120118,1.5,1.6,1.44,1.47,157400
DATE,20120118,6.5,6.65,6.49,6.63,64200
DAVE,20120118,10.8,11.23,10.64,11.23,15100
DBLE,20120118,6.71,6.86,6.66,6.83,52600
DBLEP,20120118,25.35,25.59,25.25,25.36,5900
DCIX,20120118,6.9,7.15,6.88,7.15,598400
DCOM,20120118,13.53,13.85,13.51,13.83,82000
DCTH,20120118,3.51,3.83,3.48,3.78,571100
DECK,20120118,83.45,85.1,83,83.85,934500
DELL,20120118,16.13,16.5,16.08,16.39,18643300
DENN,20120118,3.99,4.17,3.95,4.17,702500
DEPO,20120118,6.18,6.24,6.05,6.1,705000
DEST,20120118,14.89,15.74,14.86,15.73,85700
DFZ,20120118,11.9,12.26,11.9,12.26,8100
DGAS,20120118,17.38,17.38,16.755,17,3700
DGICA,20120118,14.02,14.22,13.5,14.22,11100
DGICB,20120118,16.26,16.26,16.26,16.26,0
DGII,20120118,11.94,11.97,11.81,11.96,81800
DGIT,20120118,12.37,12.83,12.21,12.81,388100
DGLY,20120118,0.64,0.66,0.64,0.66,7300
DHIL,20120118,74.24,75.05,73.99,75.05,6600
DHRM,20120118,1.53,1.53,1.53,1.53,100
DIOD,20120118,21.87,23.76,21.72,23.69,570500
DISCA,20120118,43.62,44.01,43.32,43.99,741500
DISCB,20120118,47.07,47.25,46.46,46.46,2100
DISCK,20120118,39.57,40.06,39.33,39.96,379800
DISH,20120118,29.35,29.35,28.52,29.06,2156100
DJCO,20120118,67.25,67.25,67.25,67.25,0
DLGC,20120118,3.9,4.15,3.85,4.15,11000
DLIA,20120118,1.06,1.24,1.06,1.14,95500
DLLR,20120118,17.88,18.3,17.72,18.08,340400
DLTR,20120118,41.885,42.985,41.76,42.76,1410400
DMLP,20120118,22.6,22.85,22.54,22.65,80800
DMND,20120118,30.05,32.2,29.9,31.77,2321000
DMRC,20120118,25,25.8,25,25.63,17400
DNBF,20120118,11,11,11,11,500
DNDN,20120118,13.61,14.19,13.61,14.01,6446600
DNKN,20120118,26.26,26.71,25.93,26.69,399400
DORM,20120118,19.575,19.93,19.34,19.895,23000
DOVR,20120118,4.9,5,4.66,4.66,1500
DRAD,20120118,1.97,2,1.93,1.93,5000
DRAM,20120118,4.98,5.34,4.98,5.04,13600
DRCO,20120118,10.94,11.78,10.91,11.78,14700
DRIV,20120118,14.35,14.9,14.24,14.77,1016900
DRRX,20120118,0.76,0.76,0.72,0.73,367500
DRWI,20120118,3.6,3.65,3.47,3.5,184900
DRYS,20120118,2.26,2.33,2.26,2.32,4578700
DSCI,20120118,7.69,7.76,7.61,7.64,14500
DSCO,20120118,2.2,2.27,2.17,2.19,215300
DSGX,20120118,7.37,7.67,7.36,7.63,11200
DSPG,20120118,5.56,5.77,5.56,5.69,76500
DSWL,20120118,2.08,2.12,2.07,2.09,16100
DTLK,20120118,8.77,8.77,8.67,8.75,75800
DTSI,20120118,27.4,28.21,27.36,27.62,113300
DTV,20120118,42.93,43.03,41.92,42.18,10949700
DVAX,20120118,3.64,3.7,3.59,3.66,1302600
DVOX,20120118,3.66,3.73,3.52,3.73,44700
DWA,20120118,17.2,17.69,17,17.58,433200
DWCH,20120118,6.01,6.01,5.93,5.93,14400
DWSN,20120118,39.19,39.57,38.65,39,70100
DXCM,20120118,10.24,10.69,10.14,10.67,485700
DXPE,20120118,35.79,36.18,35.46,36.08,78000
DXYN,20120118,3.25,3.42,3.25,3.42,8700
DYAX,20120118,1.44,1.53,1.42,1.53,250400
DYNT,20120118,3.75,3.75,3.55,3.65,8700
DYSL,20120118,2.29,2.31,2.21,2.26,78000
EA,20120118,17.77,18.28,17.7,18.26,7761900
EBAY,20120118,30.11,30.42,29.89,30.34,31528000
EBIX,20120118,23.22,23.62,23.15,23.54,415600
EBMT,20120118,9.9,9.9,9.85,9.85,1300
EBSB,20120118,12.69,13.18,12.61,13.17,6800
EBTC,20120118,14.49,15.34,14.47,14.94,12200
ECHO,20120118,16.38,16.96,16.38,16.95,65000
ECOL,20120118,18.86,18.95,18.69,18.9,35000
ECPG,20120118,22.16,22.65,22.13,22.52,148800
ECTE,20120118,2.06,2.14,2.05,2.11,40000
ECTY,20120118,1.2,1.2,1.08,1.1,57800
ECYT,20120118,3.6,3.66,3.48,3.54,432200
EDAC,20120118,10.85,10.85,10.21,10.4,31900
EDAP,20120118,2.28,2.28,2.22,2.23,15100
EDGW,20120118,3.34,3.45,3.25,3.28,32300
EDMC,20120118,25.51,25.77,25.08,25.25,147200
EDS,20120118,4.3,4.33,3.98,4.14,16500
EDUC,20120118,4.92,4.92,4.81,4.85,6600
EEFT,20120118,18.36,19.19,18.25,19.15,165700
EEI,20120118,16.4,16.45,16.22,16.41,1400
EFII,20120118,15.57,16.09,15.57,15.8,170500
EFSC,20120118,14.62,14.86,14.45,14.85,31100
EFUT,20120118,4.58,4.58,4.58,4.58,400
EGAN,20120118,5.85,6.19,5.85,6.16,45600
EGBN,20120118,15.94,15.96,15.62,15.89,58700
EGHT,20120118,3.41,3.45,3.33,3.41,742800
EGLE,20120118,4.4,5,4.4,4.72,1239700
EGOV,20120118,12.63,13,12.63,12.85,217000
EHTH,20120118,14.93,15.39,14.9,15.34,85200
EIHI,20120118,13.92,13.94,13.8,13.91,3000
ELGX,20120118,12.37,12.75,12.2,12.48,655300
ELNK,20120118,6.67,6.75,6.61,6.75,724300
ELON,20120118,5.03,5.2,4.96,5.2,130300
ELOS,20120118,10.58,10.89,10.55,10.8,147200
ELRC,20120118,16.91,17.31,16.85,17.29,36300
ELSE,20120118,3.87,3.87,3.85,3.86,1000
ELTK,20120118,1.31,1.36,1.29,1.34,5000
EMCF,20120118,15.45,15.45,15.45,15.45,0
EMCI,20120118,21.31,21.57,21.29,21.57,2500
EMFN,20120118,22.61,22.74,22.61,22.74,200
EMIF,20120118,30.61,31.13,30.61,31.12,28700
EMITF,20120118,2.99,3.11,2.99,3.11,1700
EMKR,20120118,4.44,4.92,4.4,4.76,865300
EML,20120118,19.99,20,18.51,19.38,11000
EMMS,20120118,0.7,0.73,0.69,0.69,146400
EMMSP,20120118,21.25,21.93,21.25,21.93,300
EMMT,20120118,20.92,20.92,20.92,20.92,1000
ENDP,20120118,36.71,37.05,36.53,37.05,1195000
ENG,20120118,2.16,2.17,2.08,2.09,28400
ENMD,20120118,1.07,1.1,1.03,1.1,15000
ENOC,20120118,10.09,10.11,9.6,9.82,355200
ENSG,20120118,24.91,25.31,24.46,25.19,57900
ENTG,20120118,8.98,9.85,8.94,9.74,3318000
ENTR,20120118,5.2,5.48,5.15,5.41,1096900
ENZN,20120118,6.68,6.8,6.65,6.8,87500
EONC,20120118,1.34,1.36,1.34,1.36,1500
EPAX,20120118,4.41,4.48,4.36,4.44,42600
EPAY,20120118,25.9,26.57,25.6,26.48,211300
EPIQ,20120118,11.74,11.85,11.69,11.83,142600
EQIX,20120118,113.19,114.29,112.01,112.95,1071600
ERIC,20120118,9.66,9.88,9.65,9.85,4731400
ERIE,20120118,75.17,75.53,74.51,75.28,36100
ERII,20120118,2.48,2.61,2.48,2.61,152100
EROC,20120118,11.21,11.49,11.2,11.43,472800
ESBF,20120118,13.87,13.91,13.81,13.9,8800
ESBK,20120118,16.43,16.51,16.33,16.36,900
ESCA,20120118,4.41,4.55,4.41,4.43,2900
ESEA,20120118,2.85,2.95,2.8,2.89,20000
ESGR,20120118,94.94,97.25,94.94,97.02,14100
ESIO,20120118,15.1,16.07,15.1,16.02,163100
ESLT,20120118,41.36,42.18,41.36,41.85,7800
ESMC,20120118,1.09,1.1,1,1,1800
ESRX,20120118,49.79,51.49,49.62,51.37,8283300
ESSA,20120118,10.49,10.68,10.4,10.68,15100
ESSX,20120118,3,3,2.95,3,13400
ESYS,20120118,4.17,4.17,4.17,4.17,0
ETFC,20120118,9.17,9.45,9.13,9.36,4834400
ETRM,20120118,1.85,1.9,1.85,1.87,24600
EUFN,20120118,15.63,15.65,15.44,15.65,38400
EVBS,20120118,2.39,2.76,2.39,2.62,2700
EVEP,20120118,69.95,70.85,69.01,70.66,169300
EVOL,20120118,5.24,5.25,5.2,5.25,17300
EWBC,20120118,21.33,21.77,21.17,21.76,754800
EXAC,20120118,16.17,16.42,16.04,16.36,16500
EXAR,20120118,6.39,6.78,6.39,6.68,115500
EXAS,20120118,9.6,9.65,9.27,9.35,446800
EXEL,20120118,4.95,5.03,4.76,4.99,1474600
EXFO,20120118,6.47,6.61,6.39,6.5,56300
EXLP,20120118,22.07,22.59,22.05,22.36,147900
EXLS,20120118,23.45,23.88,23.15,23.63,215200
EXPD,20120118,42.68,43.36,42.63,43.3,1198300
EXPE,20120118,29.26,31.25,29.04,30.88,7261700
EXPO,20120118,47.76,47.76,46.88,47,37600
EXTR,20120118,3.02,3.06,2.99,3.05,373800
EXXI,20120118,32.69,33.95,32.51,33.84,928400
EZCH,20120118,30.26,32.88,30.2,32.49,361700
EZPW,20120118,26.79,26.84,26.52,26.8,614300
FABK,20120118,12.65,12.65,12.65,12.65,1800
FALC,20120118,2.48,2.54,2.32,2.43,112800
FARM,20120118,8.87,8.98,8.86,8.98,44800
FARO,20120118,53.4,57.3,52.85,55.73,556000
FAST,20120118,45.4,46.11,44.79,45.53,5254800
FBIZ,20120118,16.17,16.17,16.17,16.17,100
FBMI,20120118,5.27,5.27,5.24,5.25,13000
FBMS,20120118,7.38,7.38,7.38,7.38,0
FBNC,20120118,11.23,11.5,11.14,11.5,29600
FBNK,20120118,13.45,13.48,13.39,13.48,25200
FBRC,20120118,8.52,8.56,8.28,8.4,97400
FBSS,20120118,11.95,12.2,11.95,12.1,1800
FCAL,20120118,3.99,4.02,3.96,3.97,66700
FCAP,20120118,20.88,20.88,20.3,20.3,700
FCBC,20120118,12.73,13.07,12.7,13.05,22400
FCCO,20120118,6.24,6.75,6.08,6.65,19500
FCCY,20120118,6.51,7,6.5,6.92,1000
FCEL,20120118,0.94,0.96,0.93,0.96,765000
FCFC,20120118,8.04,8.19,8.02,8.19,800
FCFS,20120118,35.45,36.54,34.7,35.15,471100
FCHI,20120118,44.7,44.87,44.7,44.85,8000
FCLF,20120118,6,6,6,6,0
FCNCA,20120118,178.08,183.53,178.08,182.97,4400
FCTY,20120118,3.62,3.62,3.58,3.58,1200
FCVA,20120118,2.43,2.44,2.43,2.44,700
FCZA,20120118,4.29,4.29,4,4.01,1600
FDEF,20120118,14.83,15.28,14.61,15.27,15800
FDML,20120118,16.07,16.63,15.9,16.51,133700
FDUS,20120118,13.33,13.57,13.21,13.56,14400
FEIC,20120118,43.72,44.76,43.23,44.59,400500
FEIM,20120118,8.26,8.68,8.02,8.48,6700
FELE,20120118,24.33,24.355,24.05,24.295,87000
FES,20120118,6.3,6.4,6.16,6.16,7500
FFBC,20120118,17.44,17.87,17.3,17.86,112500
FFBCW,20120118,5.33,5.33,5.33,5.33,100
FFBH,20120118,4.81,4.82,4.81,4.81,2000
FFCH,20120118,9.01,9.36,8.92,9.36,31600
FFCO,20120118,13.75,13.8,13.75,13.75,2300
FFEX,20120118,1.27,1.4,1.27,1.38,9900
FFHL,20120118,1.45,1.8,1.45,1.79,68000
FFIC,20120118,13.08,13.13,12.95,13.13,108400
FFIN,20120118,34.3,34.71,34.23,34.67,46000
FFIV,20120118,106.4,109.24,106.19,108.46,2645900
FFKT,20120118,4.2,4.33,4.18,4.33,1300
FFKY,20120118,2.73,3.18,2.73,2.91,12500
FFN,20120118,0.79,0.85,0.77,0.83,74400
FFNM,20120118,3.12,3.12,3.12,3.12,0
FFNW,20120118,6.47,6.68,6.42,6.62,41600
FHCO,20120118,4.9,4.99,4.88,4.98,12900
FIBK,20120118,13.11,13.59,13.03,13.53,64700
FINL,20120118,19.09,19.72,19.05,19.7,829400
FIRE,20120118,31.33,32.03,31.26,31.82,400300
FISI,20120118,16.3,16.3,16.25,16.26,16500
FISV,20120118,61.22,61.93,61.22,61.88,1072200
FITB,20120118,13.7,13.84,13.51,13.75,15366800
FITBP,20120118,145.83,146.77,145.83,146.77,10300
FIZZ,20120118,15.66,15.94,15.61,15.93,36000
FLDM,20120118,12.53,12.72,12.53,12.7,50300
FLEX,20120118,6.23,6.44,6.19,6.43,5663500
FLIC,20120118,26.32,26.5,26.32,26.5,12400
FLIR,20120118,25.63,26.49,25.56,26.43,893000
FLML,20120118,5.75,5.75,5.39,5.56,117300
FLOW,20120118,3.45,3.59,3.43,3.55,287400
FLWS,20120118,2.48,2.56,2.45,2.56,81900
FLXS,20120118,14.07,14.39,14.01,14.14,12600
FMBI,20120118,10.92,11.05,10.62,11.04,304300
FMCN,20120118,22.06,22.38,21.7,21.9,1435200
FMER,20120118,16.04,16.45,15.9,16.28,735600
FMFC,20120118,3,3,2.98,2.98,22200
FMNB,20120118,5.07,5.14,5.05,5.14,2100
FNBN,20120118,11.68,11.75,11.52,11.75,2700
FNFG,20120118,9.33,9.52,9.29,9.5,5035200
FNGN,20120118,23.07,23.07,22.65,23.02,207300
FNLC,20120118,15.27,15.87,15.27,15.82,6800
FNSR,20120118,18.79,19.83,18.65,19.28,2887000
FOLD,20120118,5.54,6.11,5.4,6.03,623500
FONE,20120118,25,25.35,25,25.35,900
FONR,20120118,1.71,1.8,1.68,1.78,54500
FORD,20120118,1.9,1.9,1.86,1.9,8300
FORM,20120118,4.86,5,4.81,4.85,903900
FORR,20120118,34.31,34.97,34.03,34.96,22200
FORTY,20120118,15.6,15.9,15.6,15.9,4100
FOSL,20120118,86.74,90.91,86.29,90.49,1105200
FRAN,20120118,22.05,23.18,22.05,23.01,208100
FRBK,20120118,1.82,1.89,1.8,1.89,37900
FRED,20120118,14.17,14.75,14.17,14.71,194400
FREE,20120118,4.4,4.8,4.4,4.7,3100
FRME,20120118,9,9.22,8.98,9.22,49900
FRNK,20120118,12.25,12.32,12.1,12.3,11400
FRP,20120118,4.19,4.19,4.04,4.11,102200
FSBK,20120118,3.48,3.54,3.41,3.49,11200
FSC,20120118,10.09,10.37,10.07,10.37,673000
FSCI,20120118,28.2,28.44,28.1,28.37,15900
FSFG,20120118,17.1,17.1,17.1,17.1,0
FSGI,20120118,3.45,3.48,3.42,3.43,1100
FSLR,20120118,40.53,43.74,39.94,42.99,4322700
FSRV,20120118,26.5,28.21,26.49,28.15,32300
FSTR,20120118,29.14,30.45,29.14,30.08,31700
FSYS,20120118,18.25,18.98,18.14,18.89,139000
FTEK,20120118,5.96,6.09,5.9,6.08,83100
FTNT,20120118,21.83,22.3,21.6,22.07,2193300
FTR,20120118,5.1,5.13,4.93,4.95,23464100
FUBC,20120118,5.79,5.96,5.75,5.94,43200
FULL,20120118,7.23,7.5,7.19,7.5,67000
FULT,20120118,10,10.26,9.71,9.77,4555300
FUNC,20120118,3.21,3.28,3.2,3.2,1500
FUND,20120118,6.7,6.75,6.68,6.75,24200
FURX,20120118,16.25,16.38,16,16.19,36500
FWLT,20120118,21.52,22.64,21.22,22.21,2453200
FWRD,20120118,34.73,35.11,34.47,34.65,122100
FXCB,20120118,12.35,12.67,12.35,12.66,25600
FXEN,20120118,5.03,5.21,5,5.19,172300
GABC,20120118,18.83,18.88,18.4,18.8,18400
GAGA,20120118,4.17,4.3,4.07,4.18,6400
GAI,20120118,6.24,6.24,5.1,5.68,900
GAIA,20120118,3.27,3.27,3.16,3.23,8300
GAIN,20120118,7.56,7.75,7.55,7.75,111300
GALE,20120118,0.74,0.76,0.68,0.75,324600
GAME,20120118,4.43,4.68,4.41,4.66,273700
GASS,20120118,4.4,4.5,4.4,4.42,18600
GBCI,20120118,12.98,13.38,12.9,13.37,629000
GBDC,20120118,15.51,15.65,15.38,15.64,54000
GBLI,20120118,19.96,20.5,19.84,20.48,23500
GBNK,20120118,1.44,1.48,1.44,1.44,9300
GCBC,20120118,17.43,17.43,17.43,17.43,0
GCFB,20120118,2.15,2.29,2.15,2.15,6500
GCOM,20120118,13.83,14.43,13.83,14.04,49600
GCVRZ,20120118,1.27,1.29,1.24,1.29,306000
GENC,20120118,6.8,6.8,6.76,6.79,5300
GENE,20120118,3.5,3.65,3.32,3.49,37100
GENT,20120118,5.68,7.64,5.46,7.47,514400
GERN,20120118,1.67,1.74,1.66,1.7,1007500
GEVA,20120118,35.95,36.77,35.02,35.53,66400
GEVO,20120118,6.08,6.45,6,6.35,62700
GFED,20120118,6.35,6.5,6.35,6.5,200
GFN,20120118,2.63,2.63,2.52,2.63,8800
GFNCL,20120118,3.39,3.39,3.39,3.39,300
GGAL,20120118,7.14,7.7,7.14,7.64,186500
GHDX,20120118,27.61,27.76,27.23,27.32,69600
GIFI,20120118,29.86,30.91,29.37,30.91,37000
GIGA,20120118,1.55,1.55,1.55,1.55,200
GIGM,20120118,0.92,0.95,0.91,0.94,78000
GIII,20120118,21.77,22.18,21.75,22.18,105200
GILD,20120118,23.14,23.775,23.05,23.755,13146100
GILT,20120118,4.15,4.19,4.07,4.18,40600
GIVN,20120118,17.95,18.14,17.88,17.88,25500
GKNT,20120118,16.35,16.62,16.18,16.58,16900
GLAD,20120118,8.55,8.58,8.51,8.58,121800
GLBS,20120118,4.49,4.5,4.3,4.38,25800
GLBZ,20120118,8.24,8.3,8.24,8.3,1800
GLCH,20120118,1.53,1.66,1.53,1.65,110300
GLDC,20120118,3.5,3.5,3.4,3.44,4200
GLDD,20120118,6.12,6.4,6.08,6.35,276600
GLNG,20120118,41.25,41.31,39.6,39.65,2282200
GLPW,20120118,22.65,23.82,22.6,23.78,37700
GLRE,20120118,24.8,25.27,24.75,25.23,56400
GLUU,20120118,3,3.04,2.9,2.93,1369000
GMAN,20120118,13.96,14.22,13.76,14.22,12000
GMCR,20120118,50.76,51.64,49.08,51.39,4620500
GMETP,20120118,10.01,10.01,10.01,10.01,100
GMLP,20120118,32.66,32.99,32.09,32.23,92200
GNCMA,20120118,9.63,10.04,9.58,10.02,199600
GNMK,20120118,4.54,4.58,4.47,4.58,15700
GNTX,20120118,30.31,30.97,30.3,30.96,512100
GNVC,20120118,2.42,2.49,2.41,2.49,13500
GOLD,20120118,110.33,112.49,110.12,111.54,465700
GOOD,20120118,17.88,18.01,17.82,18,59400
GOODO,20120118,24.75,24.75,24.45,24.45,1200
GOODP,20120118,24.9,24.97,24.5,24.97,900
GOOG,20120118,626.63,634,622.12,632.91,2763100
GPIC,20120118,6.12,6.2,6,6.17,9800
GPOR,20120118,31.03,32.49,31.03,32.47,649100
GPRC,20120118,1.84,1.84,1.64,1.66,10700
GPRE,20120118,10.85,11.16,10.84,11.02,253100
GRFS,20120118,11.5,11.88,11.38,11.84,4383300
GRID,20120118,26.37,26.52,26.28,26.52,2000
GRIF,20120118,25.8,26.78,25.8,26.78,1100
GRMN,20120118,40.82,41.13,40.8,41.1,693600
GROW,20120118,6.68,6.68,6.49,6.5,38700
GRPN,20120118,19.53,21,19.26,20.57,1851700
GRVY,20120118,1.71,1.72,1.67,1.69,43600
GSBC,20120118,23.55,24.13,23.55,24.06,16900
GSIG,20120118,10.89,11.03,10.78,11.02,77500
GSIT,20120118,4.65,4.67,4.63,4.64,56700
GSJK,20120118,16.42,16.6,16.03,16.44,16500
GSM,20120118,13.52,14.17,13.52,14.1,727000
GSOL,20120118,5.4,5.52,5.38,5.52,34900
GSVC,20120118,14.24,14.24,13.91,14.04,37400
GTAT,20120118,8.37,8.59,8.31,8.5,1826900
GTIM,20120118,1.26,1.4,1.25,1.4,2500
GTIV,20120118,6.95,7.46,6.9,7.4,499700
GTLS,20120118,59.55,61.55,59.12,61.45,303200
GTXI,20120118,4.03,4.17,3.89,4.17,209000
GUID,20120118,6.57,7.12,6.55,7.1,193200
GULF,20120118,14.33,14.5,14.33,14.43,10600
GURE,20120118,2.09,2.12,2.03,2.12,178600
GYRO,20120118,100.99,100.99,98.72,99,1100
HA,20120118,5.9,6,5.82,6,271600
HAIN,20120118,35.96,36.69,35.79,36.62,340600
HALL,20120118,6.95,7.04,6.91,7,21600
HALO,20120118,10.31,10.65,10.25,10.45,1000600
HAS,20120118,32.89,33.19,32.56,33.07,2977200
HAST,20120118,1.7,1.71,1.66,1.67,10100
HAUP,20120118,0.89,0.93,0.84,0.86,46100
HAYN,20120118,59.18,61.6,58.81,60.7,105800
HBAN,20120118,5.98,6.04,5.95,6.03,18771100
HBANP,20120118,1101.27,1101.27,1101.27,1101.27,0
HBCP,20120118,15.65,15.65,15.65,15.65,0
HBHC,20120118,34.41,34.77,34.22,34.72,354000
HBIO,20120118,4,4.05,3.98,4.05,103400
HBNC,20120118,11.9067,11.98,11.6533,11.8333,12700
HBNK,20120118,11.74,11.74,11.74,11.74,100
HBOS,20120118,11.55,11.55,11.42,11.42,1100
HCBK,20120118,6.78,6.92,6.64,6.88,7128700
HCCI,20120118,20.45,20.9,20.2,20.86,16800
HCIIP,20120118,9.8,9.95,9.8,9.9,25300
HCKT,20120118,3.64,3.69,3.62,3.66,95700
HCOM,20120118,14.65,14.65,14.65,14.65,900
HCSG,20120118,17.51,17.69,17.47,17.68,154500
HDNG,20120118,9.86,10.25,9.86,10.06,37800
HDSN,20120118,1.86,1.86,1.76,1.79,38500
HEES,20120118,15.55,16.36,15.38,16.22,116200
HELE,20120118,31.73,32.17,31.68,32.05,105200
HEOP,20120118,3.55,3.57,3.55,3.57,1400
HERO,20120118,3.9,4.43,3.86,4.4,5227100
HFBC,20120118,6.89,6.89,6.65,6.69,7300
HFBL,20120118,14.7,14.7,14.7,14.7,0
HFFC,20120118,10.5,10.79,10.5,10.79,6100
HFWA,20120118,12.87,13.19,12.71,13.16,7500
HGSH,20120118,0.63,0.63,0.62,0.63,400
HIBB,20120118,47,47.95,46.73,47.93,322100
HIFS,20120118,51,51,51,51,400
HIHO,20120118,2.71,2.73,2.57,2.71,6400
HILL,20120118,1.4,1.46,1.4,1.45,143800
HIMX,20120118,1.33,1.4,1.33,1.4,1361500
HITK,20120118,36.59,37.06,36.56,37.03,129800
HITT,20120118,51.97,53.89,51.65,53.76,205000
HLIT,20120118,5.21,5.47,5.1,5.46,910300
HMIN,20120118,27.61,27.99,27.43,27.71,174700
HMNF,20120118,1.9,1.9,1.85,1.85,1400
HMNY,20120118,1.9,2.07,1.9,2.06,500
HMPR,20120118,2.75,2.85,2.75,2.84,6900
HMSY,20120118,33.6,34.06,33.43,34.03,926900
HNH,20120118,10.21,10.65,10.21,10.5,6600
HNRG,20120118,9.69,9.84,9.65,9.82,3000
HNSN,20120118,2.4,2.44,2.32,2.42,376300
HOFT,20120118,12.25,12.32,12.14,12.2,8000
HOGS,20120118,10.59,11.56,10.59,11.5,362300
HOLI,20120118,9.8,9.81,9.34,9.65,265500
HOLL,20120118,1.25,1.25,1.22,1.25,400
HOLX,20120118,19.17,19.32,18.95,19.28,2406800
HOMB,20120118,25.66,26.21,25.64,26.13,46800
HOME,20120118,10.22,10.5,10.21,10.46,12300
HOTT,20120118,7.18,7.43,7.12,7.42,306600
HOVNP,20120118,2.65,3.09,2.65,2.65,5500
HPCCP,20120118,25.99,26.69,25.72,26.25,8600
HPJ,20120118,1.03,1.07,1.02,1.06,5600
HPOL,20120118,0.59,0.6,0.58,0.6,53000
HRZN,20120118,16.28,16.5,16.28,16.39,23400
HSIC,20120118,68.1,68.74,67.51,68.72,435400
HSII,20120118,21.55,22.22,21.55,22.08,60900
HSKA,20120118,7.22,7.35,7.15,7.35,17500
HSNI,20120118,36.77,37.15,36.43,36.64,465600
HSOL,20120118,1.77,1.98,1.67,1.88,1908600
HSTM,20120118,18.61,18.66,18,18.32,153900
HTBK,20120118,5.09,5.16,4.96,5.15,39300
HTCH,20120118,1.39,1.45,1.31,1.32,277800
HTCO,20120118,11.23,11.43,11.11,11.43,17400
HTHT,20120118,13.96,14.21,13.94,14.08,24400
HTLD,20120118,14.02,14.24,13.96,14.18,392800
HTLF,20120118,16.22,16.65,16.22,16.65,8200
HTWR,20120118,68,68.6,67.3,67.92,58200
HUBG,20120118,32.28,33.71,32.28,33.4,323000
HURC,20120118,21.5,21.84,21.28,21.8,40000
HURN,20120118,37.31,38.03,37.05,37.93,97200
HWAY,20120118,7.43,7.43,7.2,7.27,220400
HWBK,20120118,6.39,6.39,6.39,6.39,0
HWCC,20120118,14.53,14.94,14.39,14.87,53800
HWKN,20120118,38.9,39.96,38.42,39.73,27300
HYGS,20120118,5.58,5.75,5.43,5.55,3700
HZNP,20120118,3.45,3.45,3.05,3.07,66600
IACI,20120118,41.93,42.6,41.46,42.56,701200
IART,20120118,24.61,25.14,24.59,25.05,521900
IBB,20120118,113.1,114.43,112.77,114.33,390400
IBCA,20120118,2.92,2.95,2.82,2.95,56600
IBCP,20120118,1.5,1.72,1.5,1.69,58500
IBCPO,20120118,14.25,14.25,14.25,14.25,100
IBKC,20120118,52.97,53.81,52.84,53.81,86000
IBKR,20120118,15.03,15.29,14.9,15.21,358500
IBOC,20120118,19.41,19.89,19.28,19.88,170500
ICAD,20120118,0.57,0.6,0.54,0.59,87100
ICCC,20120118,5.06,5.15,4.95,4.95,1700
ICFI,20120118,27.24,27.5,27.12,27.46,145800
ICGE,20120118,8.49,8.71,8.48,8.6,88300
ICLN,20120118,9.18,9.39,9.18,9.38,7500
ICLR,20120118,18.54,18.84,18.35,18.55,201100
ICON,20120118,17.68,17.88,17.53,17.87,428800
ICUI,20120118,44.54,44.61,44.33,44.5,57400
IDCC,20120118,42.43,44.48,42.2,44.48,984300
IDIX,20120118,14.02,14.59,13.56,14.48,2754000
IDRA,20120118,1.09,1.11,1.06,1.1,8000
IDSA,20120118,5.62,6.15,5.62,5.64,30500
IDSY,20120118,5.4,5.59,5.39,5.54,12200
IDTI,20120118,5.77,6.24,5.77,6.22,1796600
IDXX,20120118,82.7,84.21,82.42,84.1,152600
IEP,20120118,37.5,37.9,37.5,37.62,11000
IESC,20120118,1.96,2.55,1.96,2.55,10600
IFAS,20120118,25.82,26.1,25.82,26.02,1400
IFEU,20120118,24.92,24.92,24.76,24.76,7500
IFGL,20120118,26.52,26.68,26.35,26.67,18800
IFNA,20120118,42.97,43.22,42.84,42.91,2600
IFON,20120118,0.62,0.66,0.62,0.66,2100
IFSM,20120118,31.99,32.26,31.54,32.21,8100
IGLD,20120118,10.78,10.83,10.5,10.83,2500
IGOI,20120118,10.56,11.76,10.2,10.2,52200
IGOV,20120118,97.6,97.6,97.11,97.38,11100
IGTE,20120118,16.44,16.7,16.21,16.65,90400
III,20120118,1.3,1.3,1.25,1.3,38600
IIIN,20120118,11.35,11.76,11.06,11.76,96100
IIJI,20120118,7.72,7.83,7.63,7.82,61900
IILG,20120118,13.34,13.64,13.25,13.5,91400
IIN,20120118,6.8,6.89,6.8,6.89,1000
IIVI,20120118,20.78,21.54,20.75,21.51,291500
IKAN,20120118,0.77,0.77,0.72,0.75,49600
IKNX,20120118,7.66,7.88,7.65,7.88,1800
ILMN,20120118,35.72,36.48,35.32,36.3,2191000
IMGN,20120118,12.34,12.89,12.3,12.89,353200
IMI,20120118,8.38,8.62,8.3,8.47,281500
IMKTA,20120118,16.41,17.04,16.23,16.96,54700
IMMR,20120118,5.47,5.56,5.41,5.55,47700
IMMU,20120118,3.44,3.6,3.39,3.6,526000
IMOS,20120118,7.11,7.51,7.11,7.36,96400
IMRS,20120118,2.26,2.53,2.26,2.35,33800
INAP,20120118,6.2,6.38,6.05,6.38,131300
INCY,20120118,17.3,17.71,17.08,17.57,2109500
INDB,20120118,28.3,28.65,27.96,28.65,32800
INDY,20120118,22.39,22.64,22.35,22.64,123800
INFA,20120118,35.66,37.22,35.26,37,1792400
INFI,20120118,9.11,9.5,9.08,9.49,26300
INFN,20120118,7.33,7.62,7.32,7.62,701500
ININ,20120118,26.29,27,26.01,26.86,51000
INOC,20120118,1.19,1.19,1.19,1.19,0
INOD,20120118,3.89,3.9,3.78,3.85,1300
INPH,20120118,4.75,4.8,4.7,4.7,12700
INSM,20120118,3.52,3.69,3.5,3.69,77000
INTC,20120118,25.14,25.48,25.01,25.39,62695600
INTG,20120118,19.02,19.02,19,19,1500
INTL,20120118,24.73,25,24.43,25,71300
INTT,20120118,2.92,3.04,2.92,3,21300
INTU,20120118,55.5,56.46,55.27,56.45,1784300
INTX,20120118,11.18,11.47,10.93,11.46,50700
INVE,20120118,2.21,2.24,2.1,2.24,186100
INWK,20120118,9.91,10.05,9.76,9.95,218200
IOSP,20120118,29.87,30.5,29.68,30.33,78400
IPAR,20120118,16.34,16.43,16,16.42,67500
IPAS,20120118,1.53,1.55,1.53,1.55,18700
IPCC,20120118,55.86,56.93,55.25,56.92,24100
IPCI,20120118,2.94,2.99,2.8,2.95,14400
IPCM,20120118,31.66,31.83,31.01,31.7,147800
IPGP,20120118,50.84,52.33,50.4,52,610800
IPHS,20120118,47.01,48.01,46.95,47.9,83600
IPXL,20120118,19.63,20.05,19.6,20.04,630700
IRBT,20120118,30.79,31.54,30.61,31.34,282100
IRDM,20120118,7.48,7.68,7.46,7.59,187300
IRDMZ,20120118,1.25,1.25,1.25,1.25,0
IRIX,20120118,3.76,3.91,3.76,3.83,10000
IROQ,20120118,11.26,11.26,11.26,11.26,500
IRWD,20120118,12.25,12.67,12.17,12.65,223200
ISBC,20120118,14.51,14.69,14.45,14.64,134700
ISCA,20120118,25.59,26.05,25.43,26.04,104100
ISHG,20120118,98.32,98.72,97.48,98.72,12800
ISIG,20120118,2.1,2.2,2.06,2.18,33300
ISIL,20120118,11,11.64,11,11.55,1728900
ISIS,20120118,7.89,8.04,7.78,8.02,797200
ISLE,20120118,4.49,4.52,4.38,4.46,58800
ISM,20120118,21.12,21.76,21.12,21.75,4600
ISNS,20120118,6.85,6.87,6.85,6.87,500
ISRG,20120118,465.57,471.2,465.41,470.86,295100
ISRL,20120118,82.83,83.99,82.83,83.99,400
ISSC,20120118,4,4.12,3.96,4.01,6000
ISSI,20120118,9.28,9.49,9.25,9.45,159600
ITIC,20120118,37.01,37.6,37.01,37.6,600
ITMN,20120118,15.22,15.69,15.19,15.58,958300
ITRI,20120118,37.72,38.68,37.62,38.55,361600
ITRN,20120118,13.59,14.18,13.59,14.18,18500
IVAC,20120118,7.74,8.01,7.72,8.01,109000
IVAN,20120118,1.09,1.12,1.05,1.12,1090600
IXYS,20120118,11.33,11.75,11.33,11.75,84500
JACK,20120118,21.2,21.66,21.14,21.62,330200
JADE,20120118,2,2.02,1.95,2,64700
JAKK,20120118,13.38,13.5,13.35,13.38,200200
JASO,20120118,9.5,10.8,9.2,10.55,12072500
JAXB,20120118,3.04,3.06,2.94,3.01,1100
JAZZ,20120118,46.5,48.17,44.61,47.34,1266000
JBHT,20120118,47.79,48.31,47.71,48.17,845400
JBLU,20120118,5.26,5.45,5.18,5.38,3506200
JBSS,20120118,8.52,9.09,8.26,8.76,9900
JCOM,20120118,27.8,27.87,27.58,27.65,221300
JCS,20120118,14.71,14.93,14.59,14.9,15000
JCTCF,20120118,8.21,8.27,8.21,8.27,7000
JDSU,20120118,11.85,12.65,11.83,12.64,6451600
JFBI,20120118,2.5,2.55,2.5,2.55,5000
JIVE,20120118,14.52,15.37,14.42,15.29,193100
JJSF,20120118,51.69,51.83,50.97,51.7,36600
JKHY,20120118,33.88,33.88,33.15,33.63,382900
JMBA,20120118,1.6,1.62,1.58,1.61,204600
JOBS,20120118,42.21,43.91,42.21,43.37,48000
JOEZ,20120118,0.6,0.65,0.56,0.64,421200
JOSB,20120118,47.09,47.68,46.95,47.5,250800
JOUT,20120118,16.92,17.52,16.3,17.52,15900
JRCC,20120118,6.33,6.75,6.3,6.75,1838400
JRJC,20120118,1.9,1.96,1.87,1.88,44900
JSM,20120118,20.52,21.24,20.5,20.97,15500
JST,20120118,8.78,9.43,8.77,9.25,40200
JVA,20120118,10.31,10.68,10.25,10.4,421300
JXSB,20120118,13.95,13.95,13.95,13.95,0
KALU,20120118,49.06,50.1,48.72,49.51,70900
KBALB,20120118,5.55,5.72,5.5,5.71,79700
KCAP,20120118,6.53,6.68,6.44,6.67,90700
KCLI,20120118,32.07,32.9,31.98,32.2,34200
KELYA,20120118,16,16.5,15.99,16.48,148200
KELYB,20120118,16.82,16.82,16.82,16.82,0
KEQU,20120118,8.41,8.6,8.4,8.6,2500
KERX,20120118,2.71,2.9,2.62,2.88,1639300
KEYN,20120118,18.85,18.96,18.66,18.82,235400
KEYW,20120118,7.33,7.64,7.3,7.6,107100
KFFB,20120118,9.05,9.05,9.05,9.05,0
KFRC,20120118,12.9,13,12.73,13,118600
KGJI,20120118,1.88,1.9,1.68,1.71,319800
KINS,20120118,3.7,3.7,3.65,3.7,4200
KIOR,20120118,10,10.58,9.84,10.49,79400
KIPO,20120118,7.21,7.43,7.21,7.35,2200
KIPS,20120118,1.74,1.74,1.46,1.49,1900
KIRK,20120118,14.19,14.57,14.19,14.57,72200
KLAC,20120118,48.99,50.28,48.7,50.02,4924700
KLIC,20120118,10.49,11.01,10.43,10.97,1392600
KNDI,20120118,3.44,3.64,3.42,3.49,77300
KONA,20120118,6.45,6.55,6.33,6.46,12600
KONE,20120118,0.42,0.42,0.41,0.42,3000
KONG,20120118,4.18,4.31,4.18,4.25,30100
KOOL,20120118,0.95,0.97,0.94,0.94,8500
KOPN,20120118,3.87,3.98,3.85,3.98,188000
KOSS,20120118,5.75,5.75,5.56,5.66,2300
KRNY,20120118,9.11,9.37,9.11,9.37,11500
KSWS,20120118,2.89,3.07,2.89,3.05,107100
KTCC,20120118,5.6,5.8,5.45,5.78,86100
KTEC,20120118,13.83,13.83,13.71,13.71,600
KTOS,20120118,6.07,6.39,6.06,6.39,237000
KUTV,20120118,3.6,3.68,2.51,2.6,2567300
KVHI,20120118,9.04,9.22,8.93,9.22,34400
LABC,20120118,16.13,16.13,16.13,16.13,0
LABL,20120118,23.25,23.9,22.88,23.85,33600
LACO,20120118,1.89,1.93,1.85,1.85,19700
LAKE,20120118,9.42,9.42,9.27,9.27,1200
LAMR,20120118,28.95,29.65,28.74,29.54,783200
LANC,20120118,69.29,70.05,68.57,69.98,55200
LARK,20120118,18.23,19.35,18.23,19.05,4900
LAWS,20120118,16.04,16.49,15.92,16.46,69200
LAYN,20120118,23.97,24.56,23.87,24.54,77300
LBAI,20120118,9.11,9.41,8.96,9.38,54100
LBIX,20120118,3.11,3.34,3.11,3.34,12900
LBTYA,20120118,43.25,44.5,43,43.92,1296900
LBTYB,20120118,43.71,43.71,43.71,43.71,0
LBTYK,20120118,41.64,42.95,41.57,42.5,172900
LCAV,20120118,5.52,5.6,5.33,5.56,72000
LCNB,20120118,12.64,12.64,12.63,12.63,1400
LCUT,20120118,11.58,11.88,11.23,11.88,70400
LEAP,20120118,9.87,10.37,9.87,10.19,1284600
LECO,20120118,41.17,42.05,41.17,41.99,250900
LEDR,20120118,2.49,2.58,2.45,2.49,12800
LEDS,20120118,3.49,3.55,3.34,3.35,103200
LFUS,20120118,48.14,50.18,48.05,50.14,186200
LGCY,20120118,28.78,28.94,28.61,28.77,127800
LGND,20120118,11.98,12.26,11.95,12.22,41200
LHCG,20120118,13.36,13.63,13.11,13.62,103000
LIFE,20120118,46.39,47.1,46.1,47.05,2770900
LIME,20120118,3.5,3.5,3.43,3.43,8400
LINC,20120118,8.15,8.15,7.94,8.03,352000
LINE,20120118,36.37,36.5,36.26,36.44,1891300
LINTA,20120118,17.25,17.38,16.97,17.25,3348500
LINTB,20120118,17.17,17.17,17.17,17.17,0
LION,20120118,6.06,6.1,6.02,6.02,1600
LIOX,20120118,2.41,2.5,2.4,2.5,146500
LIVE,20120118,2.98,3.29,2.8,3,74300
LIWA,20120118,5.61,5.82,5.55,5.77,52900
LKFN,20120118,26.08,26.6,25.67,26.55,45800
LKQ,20120118,15.75,16.07,15.75,16.06,1115500
LLEN,20120118,2.84,2.87,2.76,2.86,181000
LLNW,20120118,3.02,3.2,3.01,3.2,987700
LLTC,20120118,32.24,33.49,31.69,33.32,11519000
LMAT,20120118,5.71,5.8,5.56,5.8,14500
LMCA,20120118,84.7,85.63,84.15,85.45,570100
LMCB,20120118,84.93,85.28,84.93,85.28,300
LMIA,20120118,17.63,18.14,17.57,18.12,16700
LMNR,20120118,17.89,17.89,17.01,17.74,21000
LMNX,20120118,20.01,20.18,19.7,19.82,330600
LMOS,20120118,15.34,15.91,15.34,15.75,32100
LNBB,20120118,5,5.45,5,5.28,34600
LNCE,20120118,22.99,23.1,22.89,23,184900
LNDC,20120118,5.55,5.74,5.55,5.7,34100
LOAN,20120118,1.14,1.15,1.07,1.09,6600
LOCM,20120118,2.44,2.5,2.4,2.48,55800
LOGI,20120118,7.85,7.91,7.78,7.86,631000
LOGM,20120118,39.99,40.74,39.63,40.7,105600
LOJN,20120118,3.59,3.64,3.49,3.6,48300
LONG,20120118,14.95,15.43,14.75,14.91,7600
LOOK,20120118,1.44,1.49,1.4,1.46,58800
LOPE,20120118,18.1,18.1,17.16,17.3,707700
LORL,20120118,65.62,66.55,65.62,66.49,11800
LPHI,20120118,4.16,4.35,4.11,4.31,136300
LPLA,20120118,33.47,34,33.41,34,321400
LPNT,20120118,35.64,36.42,35.61,36.38,528200
LPSB,20120118,7.86,7.93,7.86,7.93,200
LPSN,20120118,12.14,12.5,11.94,12.5,156700
LPTH,20120118,1,1,0.91,0.99,42600
LQDT,20120118,36.85,36.85,36.5,36.62,168400
LRAD,20120118,1.49,1.5,1.43,1.46,15900
LRCX,20120118,40.43,41.69,40.33,41.64,6448200
LSBI,20120118,14,14,13.94,14,1300
LSBK,20120118,9.8,9.8,9.8,9.8,0
LSCC,20120118,6.55,6.95,6.54,6.85,2704000
LSTR,20120118,49.12,49.4,48.6,48.86,223300
LTBR,20120118,1.99,2.15,1.98,2.08,30800
LTON,20120118,1.33,1.35,1.3,1.35,54200
LTRE,20120118,6.88,6.88,6.55,6.63,6400
LTRX,20120118,2.76,2.77,2.46,2.5,19900
LTXC,20120118,6.44,6.8,6.44,6.76,576200
LUFK,20120118,72.83,73.97,71.53,73.74,188200
LULU,20120118,60.69,60.98,59.88,60.51,2305900
LUNA,20120118,1.55,1.55,1.48,1.51,9900
LWAY,20120118,9.26,9.33,9.2,9.33,6900
LXRX,20120118,1.58,1.63,1.52,1.63,606100
LYTS,20120118,6.63,6.85,6.47,6.82,52100
MAG,20120118,12.09,13.66,12.09,13.34,22500
MAGS,20120118,4.39,4.48,4.25,4.26,33400
MAKO,20120118,35.08,36.51,34.87,36.47,1036500
MANH,20120118,41.74,42.62,41.6,42.58,188900
MANT,20120118,34.94,35.45,34.71,35.39,101400
MARK,20120118,4.8,4.99,4.8,4.93,2000
MARPS,20120118,25.68,26.1,25.62,26.01,3400
MASC,20120118,8.26,8.41,8.02,8.25,35700
MASI,20120118,19.63,19.89,19.6,19.8,353800
MAT,20120118,28.28,28.82,28.04,28.81,2179400
MATR,20120118,5.61,6.02,5.61,6,700
MATW,20120118,31.02,31.75,30.84,31.64,65900
MAXY,20120118,5.49,5.52,5.48,5.5,74900
MAYS,20120118,15.49,15.49,14.5,14.73,1600
MBFI,20120118,17.88,18.15,17.61,18.1,178600
MBLX,20120118,2.6,2.71,2.55,2.71,986400
MBND,20120118,3.36,3.37,3.32,3.33,44900
MBRG,20120118,14.77,14.82,14.77,14.82,900
MBTF,20120118,1.07,1.08,0.98,0.98,13400
MBVT,20120118,29,29.38,28.65,28.99,14100
MBWM,20120118,11.87,11.87,11.29,11.48,50400
MCBC,20120118,2.3,2.32,2.29,2.3,52300
MCBI,20120118,6.49,6.49,6.49,6.49,0
MCEP,20120118,19.2,19.3,19.16,19.3,85200
MCGC,20120118,4.13,4.38,4.08,4.31,991200
MCHP,20120118,37.37,38.38,37.25,38.22,6061600
MCHX,20120118,5.02,5.19,4.99,5.1,308800
MCOX,20120118,6.75,6.75,6.15,6.2,48500
MCRI,20120118,10.47,10.88,10.41,10.87,22900
MCRL,20120118,10.37,10.8,10.37,10.75,479100
MCRS,20120118,48.82,49.62,48.7,49.57,382500
MDAS,20120118,10.02,10.2,9.98,10.2,532300
MDCA,20120118,12.55,13.4,12.55,13.25,91700
MDCI,20120118,5.39,5.43,5.28,5.39,47700
MDCO,20120118,19.06,19.43,19.06,19.37,251300
MDH,20120118,2.38,2.4,2.35,2.35,1400
MDRX,20120118,18.59,19.01,18.48,19,1068300
MDSO,20120118,19.84,20.17,19.77,20.02,138600
MDVN,20120118,53.01,54.9,53,54.06,817900
MEAD,20120118,3.15,3.35,3.15,3.35,3400
MEAS,20120118,30.25,30.93,29.99,30.93,70500
MELA,20120118,3.9,4.19,3.89,4.1,564500
MELI,20120118,86.85,87.77,86.23,86.95,579900
MEMP,20120118,18,18.75,17.95,18.48,163200
MEMS,20120118,3.08,3.1,3.07,3.1,1000
MENT,20120118,13.04,13.3,12.93,13.26,854000
MEOH,20120118,26.65,27.77,26.65,27.54,1068000
MERC,20120118,6.78,7.03,6.75,6.99,315500
MERU,20120118,4.68,4.76,4.44,4.71,185600
METR,20120118,9.02,9.29,8.99,9.2,47200
MFI,20120118,5.99,5.99,5.85,5.95,3800
MFLR,20120118,7.67,8,7.67,7.88,1400
MFLX,20120118,26.2,27.2,25.3,27.19,120300
MFNC,20120118,5.01,5.16,5.01,5.16,1900
MFRI,20120118,7.11,7.24,7.11,7.24,4400
MFRM,20120118,27.66,27.66,27,27.09,53500
MFSF,20120118,7.9,8.35,7.65,8.3,69900
MGAM,20120118,7.83,7.96,7.81,7.94,131800
MGEE,20120118,44.21,44.23,43.76,44.22,36200
MGIC,20120118,6.25,6.33,6.11,6.32,174000
MGLN,20120118,49.85,50.42,49.57,49.8,130900
MGPI,20120118,4.86,4.94,4.69,4.85,26700
MGRC,20120118,30.29,30.75,30.02,30.62,44500
MGYR,20120118,2.79,2.79,2.65,2.65,500
MHGC,20120118,5.43,5.66,5.36,5.6,116200
MHLD,20120118,8.68,9.16,8.68,9.13,174000
MIDD,20120118,94.79,96.79,93.96,96.52,72900
MIND,20120118,23.77,23.95,23.34,23.76,210000
MINI,20120118,18.78,19.37,18.78,19.34,171900
MITK,20120118,8.7,8.84,8.52,8.74,319800
MITL,20120118,2.84,2.9,2.77,2.86,21500
MKSI,20120118,28.91,29.69,28.87,29.59,354000
MKTAY,20120118,35.71,36.15,35.58,36.05,6400
MKTG,20120118,10.5,11.16,10.47,11.15,352900
MKTX,20120118,30.54,31.58,30.49,31.45,91600
MLAB,20120118,43.78,44.2,43.77,44.2,1700
MLHR,20120118,19.24,19.88,19.01,19.84,275400
MLNK,20120118,5.49,5.61,5.45,5.6,122200
MLNX,20120118,32.96,33.99,32.96,33.63,282400
MLVF,20120118,6.86,7.45,6.86,7.22,15000
MMLP,20120118,36.5,37.6,36.5,37.34,48000
MMSI,20120118,13.21,13.52,13.12,13.42,379200
MMUS,20120118,4.69,4.69,4.48,4.48,1500
MMYT,20120118,22.09,22.64,22.02,22.64,31400
MNDO,20120118,2.2,2.25,2.15,2.2,49800
MNGL,20120118,9.67,9.67,9.67,9.67,100
MNGLU,20120118,10.2,10.2,10.2,10.2,0
MNKD,20120118,2.75,2.76,2.66,2.73,692200
MNOV,20120118,1.92,1.98,1.9,1.95,7500
MNRK,20120118,6.375,6.4083,6.275,6.4083,1100
MNRO,20120118,39.1,39.69,38.85,39.6,175700
MNST,20120118,50.835,50.835,49.6,49.955,702000
MNTA,20120118,19.5,19.6,19.27,19.38,658200
MNTG,20120118,2.13,2.37,2.08,2.26,10900
MNTX,20120118,5.58,5.6,5.41,5.45,31400
MOBI,20120118,3.56,3.73,3.5,3.62,108300
MOCO,20120118,15.99,16.18,15.95,16,1900
MOFG,20120118,15.25,15.75,15.25,15.75,20000
MOLX,20120118,26.23,27,26.13,26.81,1597800
MOLXA,20120118,21.49,22.21,21.34,22.16,141800
MORN,20120118,58.56,59.45,58.18,59.44,46600
MOSY,20120118,3.82,3.9,3.78,3.87,101100
MOVE,20120118,6.94,7.2,6.93,7.15,252000
MPAA,20120118,6.62,6.68,6.33,6.65,102600
MPAC,20120118,6.74,6.8,6.7,6.79,1000
MPB,20120118,7.23,7.25,7.23,7.24,400
MPEL,20120118,10.69,10.9,10.48,10.83,5393100
MPET,20120118,0.98,0.98,0.92,0.97,237000
MPWR,20120118,15.34,16.73,15.24,16.5,603400
MRCY,20120118,13.62,14.12,13.59,14.11,68700
MRGE,20120118,4.8,5.1,4.8,5.03,668100
MRLN,20120118,13.16,13.65,13.16,13.64,83400
MRTN,20120118,18.9,19.11,18.62,19.06,52400
MRVL,20120118,14.55,15.25,14.37,15.12,18902300
MSBF,20120118,5.2,5.2,5.13,5.13,800
MSCC,20120118,18.51,19.62,18.45,19.57,781100
MSEX,20120118,18.46,18.78,18.45,18.77,37400
MSFG,20120118,9.15,9.34,9.12,9.33,25900
MSFT,20120118,28.27,28.4,27.97,28.23,64860500
MSG,20120118,29.27,29.55,28.85,29.52,102500
MSLI,20120118,2.03,2.03,2.03,2.03,3000
MSON,20120118,1.86,2,1.86,2,16300
MSPD,20120118,5.23,5.5,5.16,5.5,315800
MSTR,20120118,104.95,109.26,104.55,108.55,133900
MTEX,20120118,4.08,4.69,4,4.35,55900
MTGE,20120118,18.85,19.24,18.83,19,141300
MTRX,20120118,10.6,10.84,10.58,10.68,111600
MTSC,20120118,44.07,44.9,43.78,44.84,32700
MTSL,20120118,1.36,1.68,1.18,1.63,31200
MTSN,20120118,1.93,2.15,1.83,2.01,474300
MU,20120118,7.25,7.75,7.21,7.65,48913900
MVIS,20120118,3.2,3.2,2.64,2.88,996000
MVISW,20120118,0.16,0.16,0.16,0.16,0
MWIV,20120118,71.44,75.41,70.72,74.97,174200
MXIM,20120118,26.93,27.63,26.77,27.56,9701600
MXWL,20120118,18.45,19.51,18.23,19.25,253400
MYGN,20120118,20.94,21.41,20.79,21.33,481300
MYL,20120118,21.57,21.91,21.38,21.84,4284200
MYRG,20120118,20.16,20.37,19.78,19.96,88300
NAFC,20120118,28.79,29.3,28.47,29.3,21400
NAII,20120118,9.16,9.16,9,9.06,600
NANO,20120118,18.09,18.32,17.85,18.27,400000
NASB,20120118,10.94,11.47,10.93,11.38,4500
NATH,20120118,21.31,21.31,21.18,21.21,2300
NATI,20120118,25.93,26.61,25.93,26.48,236400
NATL,20120118,23.45,23.6,23.25,23.6,4400
NATR,20120118,14.51,14.88,14.46,14.82,46700
NAUH,20120118,7.55,7.55,7.25,7.45,14700
NAVG,20120118,47.64,48.26,47.45,48.23,22800
NAVR,20120118,1.47,1.47,1.44,1.46,38400
NBBC,20120118,3.9,3.99,3.82,3.98,13000
NBIX,20120118,8.52,8.67,8.51,8.64,209900
NBN,20120118,12.95,12.95,12.95,12.95,300
NBTB,20120118,23.28,23.71,23.23,23.67,60200
NBTF,20120118,19.53,19.96,19.53,19.53,1900
NCBC,20120118,2.25,2.25,2.25,2.25,0
NCIT,20120118,11.9,11.95,11.61,11.73,37900
NCMI,20120118,13.14,13.5,13.02,13.48,215100
NCTY,20120118,6.77,6.85,6.73,6.8,10500
NDAQ,20120118,24.6,24.85,24.47,24.78,1203900
NDSN,20120118,42.83,43.94,42.66,43.72,341600
NECB,20120118,6.55,6.55,5.74,5.93,6600
NEOG,20120118,31.2,31.95,30.77,31.84,131600
NEPT,20120118,2.75,2.76,2.65,2.67,29900
NETC,20120118,10.98,11.27,10.92,11.1,10000
NEWL,20120118,0.74,0.74,0.51,0.55,900
NEWP,20120118,16.79,17.65,16.6,17.5,469100
NEWS,20120118,9.56,9.9,9.45,9.86,40700
NEWT,20120118,1.26,1.26,1.26,1.26,0
NFBK,20120118,14.39,14.69,14.26,14.64,23200
NFEC,20120118,0.51,0.51,0.5,0.5,900
NFLX,20120118,93.21,98.92,92.25,98.54,9447500
NFSB,20120118,12.47,12.47,12.47,12.47,0
NGPC,20120118,7.74,7.87,7.72,7.86,63800
NHTB,20120118,11.79,12.25,11.79,12.1,10200
NICE,20120118,34.32,34.5,34.03,34.39,356000
NICK,20120118,12.59,12.72,12.51,12.69,16800
NIHD,20120118,20.72,21.14,20.61,20.99,2400700
NILE,20120118,36.28,37.55,34.91,37.41,308300
NINE,20120118,1.34,1.35,1.31,1.31,800
NKSH,20120118,27.79,28.12,27.72,28.12,4000
NKTR,20120118,6.35,6.43,6.27,6.39,1527100
NLNK,20120118,6.9,7.01,6.84,6.95,26400
NLST,20120118,2.73,2.93,2.71,2.9,182000
NMRX,20120118,8.46,8.74,8.46,8.71,22900
NNBR,20120118,7,7.29,7,7.1,91400
NOVB,20120118,9.58,9.58,9.58,9.58,0
NPBC,20120118,8.81,8.93,8.73,8.92,402700
NPSP,20120118,6.82,6.89,6.65,6.82,587500
NRCI,20120118,40.71,41.01,39.18,40.4,8700
NRIM,20120118,18.76,18.92,18.76,18.92,600
NSEC,20120118,9,9.06,9,9.06,200
NSIT,20120118,17.71,18.61,17.64,18.55,161400
NSPH,20120118,1.73,1.75,1.69,1.7,43500
NSSC,20120118,2.45,2.59,2.45,2.57,177300
NSYS,20120118,3.23,3.23,3.23,3.23,0
NTAP,20120118,33.87,34.75,33.81,34.65,7178100
NTCT,20120118,16.34,17.27,16.34,17.05,378900
NTES,20120118,44.69,45.56,44.69,45.07,347600
NTGR,20120118,37.32,39.02,37.08,38.99,328000
NTIC,20120118,12.62,12.8,12.62,12.8,2800
NTK,20120118,26.7,26.7,26.7,26.7,300
NTLS,20120118,20.56,20.76,20.48,20.73,80900
NTRI,20120118,13.59,14.11,13.58,14.07,1423900
NTRS,20120118,41.64,41.86,40.78,41.22,3782500
NTSC,20120118,6.22,6.22,5.9,5.95,3100
NTSP,20120118,8.07,8.37,7.92,8.34,325600
NTWK,20120118,5.6,5.6,5,5,158500
NUAN,20120118,28.76,29.29,28.54,29.16,4434800
NUCL,20120118,33.32,33.7,33.32,33.7,1600
NURO,20120118,8.04,8.1,7.98,8.04,10200
NUTR,20120118,11.78,11.91,11.5,11.75,25100
NUVA,20120118,13.87,14.22,13.64,14.17,361200
NVAX,20120118,1.29,1.33,1.28,1.32,398700
NVDA,20120118,13.78,14.09,13.7,13.98,15823900
NVEC,20120118,54.15,55.85,54.15,55.18,43000
NVMI,20120118,8.06,8.31,8.03,8.28,67200
NVSL,20120118,7.09,7.24,7.09,7.24,6100
NVTL,20120118,2.92,2.99,2.9,2.95,142400
NWBI,20120118,12.64,12.67,12.42,12.67,538900
NWFL,20120118,27,27,27,27,1000
NWLI,20120118,138.27,139.35,137.75,139.25,2300
NWPX,20120118,21.76,22.43,21.76,22.17,89700
NWS,20120118,19.25,19.67,19.25,19.57,2301800
NWSA,20120118,19.05,19.42,19,19.28,16991300
NXPI,20120118,17.54,19.72,17.52,18.98,3587800
NXST,20120118,8.63,8.85,8.61,8.85,33200
NXTM,20120118,18.28,18.48,17.98,18.36,454800
NYMT,20120118,6.98,7,6.95,6.99,73200
NYMX,20120118,8,8.16,7.99,8.06,31500
NYNY,20120118,1.72,1.94,1.72,1.94,9600
OABC,20120118,15.95,16.07,15.74,16.02,14600
OBAF,20120118,14.5,14.5,14.5,14.5,0
OBAS,20120118,5.4,5.45,5.4,5.45,200
OBCI,20120118,2.21,2.21,2.16,2.19,2700
OCC,20120118,3.5,3.69,3.5,3.68,2900
OCFC,20120118,13.33,13.75,13.33,13.68,49500
OCLR,20120118,3.52,3.78,3.51,3.77,611400
OCLS,20120118,7.56,7.91,7.49,7.49,29100
OCZ,20120118,7.81,7.85,7.59,7.69,1930900
ODFL,20120118,26.9667,27.2067,26.86,27.06,163700
OFED,20120118,11.85,11.85,11.85,11.85,0
OFIX,20120118,38.67,39.95,38.23,39.94,122200
OFLX,20120118,15.1,15.45,15.1,15.1,3100
OGXI,20120118,12.93,13,12.73,13,43800
OIIM,20120118,4.43,4.68,4.36,4.67,428600
OINK,20120118,1.68,1.7,1.51,1.6,17800
OKSB,20120118,6.54,6.8,6.51,6.79,62400
OKSBP,20120118,23,23.01,22.7,23,2400
OLBK,20120118,7.75,7.75,7.75,7.75,0
OMAB,20120118,14.98,15.2,14.82,14.82,19500
OMCL,20120118,16.97,17.24,16.97,17.23,229600
OMER,20120118,5.74,5.8,5.62,5.79,26900
OMEX,20120118,2.98,3,2.85,2.96,343200
OMPI,20120118,10.27,10.34,10.2,10.32,42200
ONCY,20120118,4.22,4.29,4.16,4.29,23800
ONEQ,20120118,107.83,109.1,107.45,109.1,8900
ONFC,20120118,9.62,9.63,9.59,9.6,12900
ONNN,20120118,8.32,8.99,8.3,8.73,21000300
ONTY,20120118,6.76,6.76,6.45,6.47,765600
ONVI,20120118,2.9,2.9,2.9,2.9,400
ONXX,20120118,43.45,43.54,42.56,43.33,1418400
OPAY,20120118,4.15,4.15,4.02,4.08,500
OPEN,20120118,47.18,48.82,46.53,48.49,749000
OPHC,20120118,0.42,0.44,0.4,0.44,2100
OPLK,20120118,17.21,17.5,17.1,17.47,67600
OPOF,20120118,9.73,9.75,9.2,9.5,11800
OPTR,20120118,12.46,12.75,12.39,12.7,273300
OPTT,20120118,2.67,2.84,2.67,2.73,36200
OPXA,20120118,3.88,4,3.72,3.96,47400
ORBC,20120118,3.32,3.4,3.31,3.39,60400
ORBK,20120118,10.73,10.94,10.73,10.9,27700
ORBT,20120118,3.74,3.74,3.74,3.74,0
ORCL,20120118,27.71,28.45,27.61,28.34,35343800
OREX,20120118,2,2.01,1.97,1.98,1121200
ORIG,20120118,13.52,14.43,13.44,14.08,416700
ORIT,20120118,12.48,12.69,12.43,12.68,262000
ORLY,20120118,82.2,83.91,81.88,83.68,692200
ORRF,20120118,7.95,8.96,7.83,8.59,98900
OSBC,20120118,1.26,1.3,1.18,1.18,12600
OSBCP,20120118,3.98,4.02,3.87,3.87,300
OSH,20120118,15.88,15.92,15.52,15.54,40100
OSHC,20120118,10.41,10.5,10.41,10.44,3300
OSIR,20120118,4.9,5.19,4.82,5.16,96500
OSIS,20120118,52.03,54.26,52,54.17,107500
OSM,20120118,22.2,22.68,22.02,22.44,56500
OSN,20120118,1.12,1.2,1.1,1.12,30900
OSTK,20120118,6.68,6.92,6.59,6.85,238300
OSUR,20120118,9.85,10.95,9.76,10.84,1109000
OTEX,20120118,48.48,49.62,48.38,49.47,378000
OTIV,20120118,1.12,1.13,1.09,1.11,110400
OTT,20120118,13.75,13.82,13.36,13.59,92500
OTTR,20120118,21.78,21.93,21.55,21.93,99000
OUTD,20120118,7.36,7.57,7.32,7.57,33400
OVBC,20120118,18.32,18.36,18.07,18.32,500
OVLY,20120118,6.9,6.9,6.9,6.9,0
OVRL,20120118,2.25,2.33,2.12,2.29,51200
OVTI,20120118,12.34,13.4,12.31,13.27,2622700
OXBT,20120118,1.81,1.98,1.75,1.82,96000
OXGN,20120118,1.05,1.09,1.02,1.02,311500
OXLC,20120118,15,15.1,14.98,15.1,5800
OZRK,20120118,30.17,30.32,29.57,30,449300
PAAS,20120118,24.71,24.89,24.41,24.74,889100
PACB,20120118,3.37,3.6,3.35,3.57,290900
PACQ,20120118,9.78,9.78,9.78,9.78,0
PACQW,20120118,0.39,0.39,0.39,0.39,0
PACR,20120118,5.59,5.72,5.53,5.54,194300
PACW,20120118,20.7,21.05,20.62,21.03,143700
PAGG,20120118,28.49,28.75,28.49,28.71,8100
PANL,20120118,41.24,41.24,39.85,40.75,1923000
PATH,20120118,2.23,2.25,2.11,2.16,26800
PATK,20120118,5.55,6.17,5.55,6.14,86100
PATR,20120118,22.27,22.3,22.03,22.16,4900
PAYX,20120118,31.4,31.84,31.23,31.67,3380100
PBCT,20120118,13.29,13.5,13.24,13.4,3510900
PBHC,20120118,9.22,9.22,9.22,9.22,0
PBIB,20120118,2.6,2.62,2.6,2.6,700
PBIP,20120118,5.19,5.19,5.19,5.19,0
PBSK,20120118,11,11.15,11,11.15,1400
PCAR,20120118,42.96,43.27,42.38,43.01,2669300
PCBK,20120118,8.66,8.68,8.48,8.58,34100
PCCC,20120118,12.14,12.49,12.07,12.43,39300
PCH,20120118,33.01,33.52,32.93,33.18,288300
PCLN,20120118,497.06,519.39,496,518.83,1226300
PCO,20120118,2.62,2.7,2.62,2.7,207200
PCOM,20120118,8.09,8.4,8.04,8.38,119800
PCRX,20120118,8.22,8.92,8.2,8.74,101800
PCTI,20120118,7.45,7.5,7.41,7.5,4100
PCYC,20120118,16.6,16.63,16.26,16.39,262800
PCYO,20120118,1.87,1.89,1.85,1.89,13400
PDCO,20120118,29.85,30.95,29.25,30.37,1659500
PDEX,20120118,2.49,3.9,2.49,2.9,54600
PDFS,20120118,6.49,6.52,6.36,6.51,44200
PDII,20120118,6.39,6.69,6.37,6.41,51800
PDLI,20120118,6.32,6.33,6.23,6.29,2257400
PEBK,20120118,5.36,5.5,5.36,5.5,1700
PEBO,20120118,14.69,15.15,14.64,15.07,17300
PEGA,20120118,25.87,26.46,25.83,26.05,394900
PEIX,20120118,1.15,1.16,1.11,1.16,2598900
PENN,20120118,40.25,40.96,40.18,40.91,344900
PENX,20120118,5.4,5.4,5.32,5.38,1600
PEOP,20120118,14.74,14.74,14.7,14.7,1700
PERF,20120118,10.49,10.49,10.25,10.25,6700
PERI,20120118,4.68,4.7,4.61,4.69,28700
PERY,20120118,14.37,14.84,14.36,14.84,60200
PESI,20120118,1.6,1.67,1.6,1.62,181400
PETM,20120118,53.21,54.44,53.07,54.2,1133000
PETS,20120118,10.9,11,10.83,11,186400
PFBC,20120118,7.53,7.55,7.5,7.53,47300
PFBI,20120118,5.11,5.15,5.1,5.15,1300
PFBX,20120118,10.11,10.11,10.07,10.1,600
PFIN,20120118,3.64,3.79,3.55,3.65,7600
PFLT,20120118,10.55,10.95,10.47,10.94,50200
PFSW,20120118,2.6,2.72,2.54,2.56,89200
PGC,20120118,11.44,11.44,11.02,11.24,800
PGNX,20120118,8.42,9.42,8.42,9.33,237800
PGTI,20120118,1.08,1.21,1.08,1.16,60700
PHII,20120118,23.34,23.5,23.23,23.5,2900
PHIIK,20120118,24.8,26,24.8,26,11200
PHMD,20120118,13.94,14.88,13.8,13.9,18000
PICO,20120118,20.17,20.6,19.95,20.6,41500
PKBK,20120118,5.81,5.81,5.5,5.81,300
PKOH,20120118,18.69,19.45,18.69,19.38,33100
PKT,20120118,14.57,15.42,14.51,15.17,212600
PLAB,20120118,6.81,7.35,6.81,7.32,1204800
PLBC,20120118,2.04,2.04,2.04,2.04,100
PLCC,20120118,0.57,0.57,0.57,0.57,500
PLCE,20120118,50.08,51.12,49.39,50.99,887500
PLCM,20120118,17.11,17.57,17.05,17.44,1733100
PLMT,20120118,5.1,5.1,5.05,5.05,700
PLNR,20120118,2.2,2.25,2.19,2.25,51000
PLPC,20120118,61.24,61.35,60.49,61.35,9800
PLTM,20120118,19.31,20,19.31,20,53000
PLUG,20120118,1.95,1.97,1.92,1.93,60500
PLUS,20120118,28.18,29.99,28.1,29.83,46900
PLXS,20120118,32.67,33.57,32.45,33.25,402500
PLXT,20120118,2.82,2.92,2.81,2.91,94100
PMBC,20120118,3.19,3.25,3.17,3.21,9300
PMCS,20120118,6.15,6.79,6.05,6.41,13648700
PMD,20120118,9.75,9.75,9.67,9.7,8600
PMFG,20120118,21.46,21.53,21.1,21.39,25300
PMNA,20120118,10.24,10.28,10.19,10.28,5500
PMTC,20120118,19.28,20.26,19.2,20.25,996300
PMTI,20120118,9.19,9.42,9.1,9.42,42800
PNBK,20120118,1.78,1.8,1.75,1.8,1500
PNFP,20120118,16,16.13,15.52,16.13,219100
PNNT,20120118,10.69,10.83,10.6,10.83,195100
PNQI,20120118,35.73,36.18,35.73,36.18,32200
PNRA,20120118,149.04,151.93,148.89,151.14,297900
PNRG,20120118,21.86,21.86,21.86,21.86,0
PNTR,20120118,3.8,3.8,3.43,3.8,300
PODD,20120118,19.17,19.54,19.04,19.37,173000
POOL,20120118,32.04,33.02,32.04,32.97,167300
POPE,20120118,41.75,42.5,41.75,42,1800
POWI,20120118,32.9,36.5,32.79,35.62,982500
POWL,20120118,31.79,32.25,31.69,32.2,26400
POWR,20120118,5.84,6.06,5.6,6.05,42600
POZN,20120118,4.24,4.29,4.2,4.28,66400
PPBI,20120118,6.6,6.78,6.58,6.75,28900
PPHM,20120118,0.91,0.93,0.91,0.92,278200
PRAA,20120118,66.8,66.8,65.92,66.42,266800
PRAN,20120118,1.54,1.56,1.53,1.54,56000
PRCP,20120118,4.66,4.76,4.61,4.75,12800
PRFT,20120118,11.02,11.51,10.97,11.51,162700
PRFZ,20120118,62.15,63.19,62.15,63.18,34900
PRGO,20120118,98.28,99.85,98.13,99.85,712400
PRGS,20120118,18.87,19.24,18.8,19.23,454000
PRGX,20120118,6.21,6.48,6.21,6.46,27400
PRIM,20120118,15.82,15.92,15.75,15.8,227400
PRKR,20120118,0.81,0.89,0.8,0.81,82300
PRLS,20120118,4,4,3.94,3.99,2600
PRMW,20120118,2.59,2.66,2.47,2.55,259700
PROV,20120118,9.35,9.61,9.35,9.5,800
PRPH,20120118,1.2,1.2,1.17,1.17,13400
PRSC,20120118,14.81,15,14.71,14.8,77300
PRTS,20120118,4.71,4.89,4.64,4.88,143400
PRXI,20120118,2.19,2.23,2.17,2.22,35500
PRXL,20120118,20.62,20.91,20.49,20.91,177900
PSAU,20120118,41.84,42.22,41.84,42,4000
PSBH,20120118,4.56,4.56,4.56,4.56,0
PSCC,20120118,31.36,31.86,31.35,31.8,18100
PSCD,20120118,28.32,28.65,28.32,28.65,1200
PSCE,20120118,35.01,35.95,35.01,35.95,11500
PSCF,20120118,27.75,27.86,27.73,27.86,4400
PSCH,20120118,32.21,32.24,32.07,32.22,9300
PSCI,20120118,28.69,28.69,28.69,28.69,200
PSCM,20120118,27.31,27.31,27.31,27.31,0
PSCT,20120118,29.16,29.89,29.16,29.89,144100
PSCU,20120118,30.35,30.41,30.26,30.41,14100
PSDV,20120118,1.18,1.21,1.17,1.19,31200
PSEC,20120118,10.12,10.25,10.07,10.25,1123400
PSEM,20120118,7.51,7.95,7.5,7.84,107800
PSMT,20120118,63.55,66.63,63.25,65.98,524900
PSTB,20120118,4.28,4.34,4.21,4.31,87100
PSTI,20120118,2.64,2.7,2.6,2.7,83800
PSTR,20120118,3.18,3.2,3.16,3.19,22100
PSUN,20120118,1.65,1.71,1.64,1.7,231800
PTEK,20120118,0.65,0.73,0.65,0.69,49800
PTEN,20120118,18.33,18.89,18.11,18.83,5620000
PTIE,20120118,3.8,4.02,3.7,4.02,89800
PTIX,20120118,1.95,2.08,1.95,2.08,1100
PTNR,20120118,8.97,9.29,8.97,9.23,150000
PTNT,20120118,8.59,8.59,8.47,8.5,27700
PTRY,20120118,11.94,12,11.9,11.95,188700
PTSI,20120118,10.31,10.68,10.13,10.42,900
PTSX,20120118,1.18,1.18,1.18,1.18,0
PULB,20120118,7.35,7.35,7.11,7.22,19100
PURE,20120118,0.37,0.38,0.35,0.35,200300
PVFC,20120118,1.56,1.62,1.55,1.62,5400
PVTB,20120118,13.01,13.26,12.84,13.21,369000
PVTBP,20120118,26.06,26.58,26.03,26.46,6600
PWER,20120118,4.61,4.8,4.55,4.77,1581700
PWOD,20120118,38,39.13,37.43,37.8,9900
PWRD,20120118,10.74,10.89,10.62,10.69,294000
PWX,20120118,11.81,12,11.81,11.98,2700
PXLW,20120118,2.22,2.32,2.06,2.19,62800
PZZA,20120118,38.53,39,38.16,38.78,99900
PZZI,20120118,5.46,5.66,5.45,5.59,60200
QABA,20120118,24.29,24.32,24.29,24.3,600
QADA,20120118,11.89,12.16,11.64,12.11,6600
QADB,20120118,12.35,12.35,12.1,12.3,1000
QBAK,20120118,1.82,1.82,1.82,1.82,200
QCCO,20120118,3.35,3.4,3.33,3.35,11800
QCLN,20120118,10.58,10.82,10.28,10.8,8700
QCOM,20120118,57.14,57.91,56.96,57.59,13314900
QCOR,20120118,37.8,39.37,36.65,37.68,3827400
QCRH,20120118,8.91,8.91,8.91,8.91,0
QDEL,20120118,15.76,15.76,15.06,15.14,179900
QGEN,20120118,15.26,15.46,15.19,15.45,803000
QKLS,20120118,22.56,23.28,22.32,22.32,17000
QLGC,20120118,16.25,16.52,16.18,16.44,754700
QLIK,20120118,24.87,26.38,24.77,26.17,590300
QLTI,20120118,6.95,7.02,6.89,7.02,124800
QLTY,20120118,11.99,12.12,11.84,12.07,52100
QNST,20120118,9.73,10,9.68,9.75,205500
QQEW,20120118,24.32,24.78,24.32,24.78,18800
QQQ,20120118,58.84,59.49,58.68,59.49,48692600
QQQC,20120118,14.15,14.33,14.15,14.33,1100
QQQX,20120118,13.86,13.95,13.86,13.95,39300
QQXT,20120118,22.31,22.48,22.28,22.47,20500
QSII,20120118,37.44,38.19,37.05,37.87,509200
QTEC,20120118,25.39,25.95,25.39,25.95,101000
QTWW,20120118,0.86,0.88,0.79,0.86,386600
QUIK,20120118,2.87,2.95,2.84,2.93,80200
RADA,20120118,2.09,2.1,1.91,1.93,10500
RAIL,20120118,21.11,21.99,21.11,21.96,97300
RAND,20120118,3,3,3,3,0
RAVN,20120118,32.155,32.7,31.495,32.645,27900
RBCAA,20120118,23.96,24.22,23.73,24,42800
RBCN,20120118,11.06,11.57,11.06,11.47,492900
RBNF,20120118,2.89,2.9,2.89,2.89,600
RBPAA,20120118,1.44,1.5,1.36,1.5,1600
RCII,20120118,35.74,36.77,35.74,36.73,461000
RCKB,20120118,10.67,10.76,10.57,10.76,57200
RCKY,20120118,9.97,10.06,9.76,10.06,26700
RCMT,20120118,5.4,5.44,5.34,5.4,18400
RCON,20120118,0.49,0.49,0.48,0.48,13400
RDA,20120118,10,10.61,9.82,10.33,29900
RDCM,20120118,4.32,4.32,4.31,4.31,1400
RDEN,20120118,34.6,35.51,34.6,35.44,212600
RDI,20120118,4.36,4.36,4.17,4.19,15400
RDNT,20120118,2,2,1.87,1.94,180700
RDWR,20120118,15.545,15.795,15.465,15.76,63300
RECN,20120118,11.29,11.78,11.21,11.76,214500
RECV,20120118,2.5,2.88,2.44,2.87,47700
REDF,20120118,8.58,8.85,8.4,8.51,337800
REFR,20120118,3.79,3.81,3.7,3.73,10000
REGN,20120118,77.31,79.29,76.69,78.92,1123900
REIS,20120118,9.97,9.97,9.74,9.74,400
RELL,20120118,12.13,12.32,12.1,12.2,100400
RELV,20120118,1.22,1.29,1.19,1.24,6800
RENT,20120118,15.43,15.8,15.38,15.8,50200
REXI,20120118,5.27,5.28,5.22,5.28,3400
REXX,20120118,11.12,11.34,10.71,10.99,2479600
RFIL,20120118,3.38,3.55,3.38,3.5,4000
RFMD,20120118,4.75,4.95,4.7,4.85,7933600
RGCO,20120118,17.82,17.9,17.75,17.9,2500
RGDX,20120118,1.41,1.49,1.36,1.45,2900
RGEN,20120118,3.55,3.63,3.54,3.63,31800
RGLD,20120118,68.17,68.67,67.79,68.39,434700
RICK,20120118,8.74,9.02,8.65,8.93,49200
RIGL,20120118,8.16,8.5,8.04,8.5,200700
RIMG,20120118,12.49,12.93,12.45,12.85,30200
RITT,20120118,3.45,3.51,3.35,3.4,25800
RIVR,20120118,15.3,15.3,15,15,2600
RJET,20120118,3.67,3.89,3.66,3.89,133400
RLOC,20120118,7.05,7.73,6.97,7.62,147100
RLOG,20120118,6.94,7.17,6.94,6.98,1600
RMBS,20120118,8.07,8.44,8.05,8.39,1210700
RMCF,20120118,8.59,8.64,8.4,8.51,24300
RMKR,20120118,0.77,0.87,0.72,0.85,8700
RMTI,20120118,10.07,10.18,10.04,10.16,29800
RNET,20120118,15.85,16.36,15.85,16.36,10600
RNIN,20120118,5.4,5.45,5.3,5.45,16600
RNST,20120118,14.78,15.47,14.71,15.33,67300
RNWK,20120118,7.14,7.34,7.08,7.33,109200
ROCK,20120118,15.17,15.49,14.89,15.45,65700
ROCM,20120118,8.86,8.97,8.78,8.9,3300
ROIA,20120118,0.93,0.93,0.93,0.93,0
ROIAK,20120118,0.93,0.96,0.93,0.93,45400
ROIC,20120118,11.67,11.77,11.64,11.77,178400
ROICW,20120118,0.79,0.79,0.77,0.77,900
ROLL,20120118,43.64,44.28,43.43,43.93,122800
ROMA,20120118,9.99,10.18,9.99,10.18,6700
ROSE,20120118,44.8,46.03,43.59,46.03,572800
ROSG,20120118,3.9,4.2,3.3,3.3,108400
ROST,20120118,51.6,51.87,51.26,51.49,1947300
ROVI,20120118,29.84,30.42,29.5,30.34,2139400
ROYL,20120118,4.27,4.4,4.27,4.31,217600
RP,20120118,26.2,27.07,25.88,26.89,167800
RPRX,20120118,5.14,5.14,4.97,5.08,77500
RPTP,20120118,6.2,6.35,6.2,6.33,213400
RPXC,20120118,16.56,16.92,16.49,16.9,347300
RRD,20120118,12.13,12.18,11.66,11.82,11830100
RRGB,20120118,29.9,30.87,29.74,30.78,112700
RRST,20120118,4.39,4.4,4.39,4.4,700
RSOL,20120118,1.41,1.48,1.4,1.41,14200
RSTI,20120118,25.34,26.46,25.25,26.37,108500
RSYS,20120118,5.84,6.02,5.76,6.01,51800
RTEC,20120118,9.52,9.89,9.5,9.86,116800
RTIX,20120118,4.18,4.31,4.15,4.28,273600
RUE,20120118,23.49,24.56,23.48,24.36,323900
RUSHA,20120118,21.34,21.82,21.14,21.65,108800
RUSHB,20120118,17.51,17.76,17.51,17.76,300
RUTH,20120118,6.06,6.19,6.01,6.17,147600
RVBD,20120118,26.63,28.48,26.51,27.77,3622200
RVSB,20120118,2.25,2.25,2.15,2.15,3900
RYAAY,20120118,29.55,31.31,29.38,31.11,496500
SAAS,20120118,5.16,5.4,5.1,5.36,177400
SAFM,20120118,49.79,51.74,49.3,51.62,454600
SAFT,20120118,41.31,42.07,40.77,41.9,13500
SAIA,20120118,13.92,14.1,13.92,14.05,32500
SALM,20120118,2.56,2.66,2.46,2.64,15800
SANM,20120118,10.08,10.51,10.08,10.5,1973900
SANW,20120118,4.64,4.65,4.55,4.6,3000
SANWW,20120118,0.68,0.68,0.68,0.68,0
SANWZ,20120118,0.24,0.24,0.24,0.24,0
SAPE,20120118,12.57,12.84,12.48,12.83,402700
SASR,20120118,17.84,18.29,17.73,18.26,63100
SATS,20120118,22.99,23.71,22.37,23.7,257000
SAVE,20120118,14.21,14.5,13.9,14.48,483000
SBAC,20120118,44.48,45.2,44.39,45.06,987500
SBBX,20120118,4.6,4.6,4.6,4.6,0
SBCF,20120118,1.69,1.74,1.65,1.74,227700
SBGI,20120118,12.62,12.78,12.6,12.64,288600
SBLK,20120118,13.8,14.1,13.2,14.1,213600
SBNY,20120118,61.84,62.25,61.6,62.23,206400
SBNYW,20120118,38.95,38.95,38.95,38.95,0
SBRA,20120118,13.5,13.79,13.37,13.78,325700
SBSA,20120118,2.84,2.99,2.84,2.92,4900
SBSI,20120118,21.2,21.29,21.16,21.23,53900
SBUX,20120118,47.86,48.15,47.62,48.04,5610500
SCBT,20120118,30.56,31.41,30.56,31.38,12500
SCHL,20120118,29.4,29.43,29.06,29.33,79600
SCHN,20120118,43.57,45.06,43.57,44.64,280400
SCLN,20120118,4.28,4.34,4.16,4.33,458600
SCMP,20120118,4.53,4.55,4.4,4.55,15900
SCOK,20120118,2.6,2.61,2.45,2.52,38800
SCON,20120118,18.24,18.6,17.4,18.24,111600
SCOR,20120118,22,22.71,21.99,22.61,190100
SCSC,20120118,36.37,37.44,36.37,37.43,45900
SCSS,20120118,23.46,24.01,23.14,23.9,1159300
SCVL,20120118,16.1933,16.9267,15.8733,16.7267,85700
SDBT,20120118,2.15,2.19,2.13,2.15,27400
SDIX,20120118,1.85,1.85,1.85,1.85,0
SEAC,20120118,6.63,6.75,6.58,6.74,104100
SEED,20120118,2.71,3.09,2.63,3.01,268400
SEIC,20120118,18.06,18.52,17.98,18.52,676900
SENEA,20120118,25.97,27.32,25.86,27.16,23400
SENEB,20120118,26.28,26.28,26.28,26.28,0
SEV,20120118,5.3,5.4,5.3,5.4,1000
SFLY,20120118,23,23.58,22.81,23.2,1130500
SFNC,20120118,27.77,28.08,27.58,28,31800
SFST,20120118,6.79,6.98,6.7,6.8,7000
SGC,20120118,13.25,13.25,13.23,13.23,1100
SGEN,20120118,17.49,18.08,17.11,17.95,1025700
SGI,20120118,12.74,13.31,12.72,13.28,375800
SGMA,20120118,3.81,3.81,3.7,3.8,5100
SGMO,20120118,3.22,3.36,3.19,3.31,161400
SGMS,20120118,11.36,11.79,11.25,11.63,582100
SGNT,20120118,21.6,22.03,21.55,22,157000
SGOC,20120118,0.68,0.8,0.68,0.73,8400
SGRP,20120118,1.13,1.14,1.12,1.12,4200
SGYP,20120118,3.74,3.74,3.55,3.64,11300
SGYPU,20120118,7.86,8.02,7.86,8.02,300
SGYPW,20120118,1.15,1.15,1.07,1.09,19900
SHBI,20120118,5.33,5.39,5.25,5.35,11000
SHEN,20120118,10.33,10.72,10.33,10.67,50800
SHFL,20120118,12.46,12.95,12.45,12.95,227400
SHIP,20120118,2.33,2.4,2.15,2.15,10700
SHLD,20120118,37.38,39.7,36.81,39.49,3194000
SHLM,20120118,22.44,22.96,22.38,22.94,158300
SHLO,20120118,7.98,8.27,7.98,8.27,8800
SHOO,20120118,37.96,38.03,37.52,37.88,389500
SHOR,20120118,6.67,6.99,6.64,6.95,262000
SIAL,20120118,65,66.19,64.75,66.09,699600
SIBC,20120118,11.6,11.6,11.6,11.6,2200
SIEB,20120118,1.6,1.6,1.6,1.6,0
SIFI,20120118,9.95,10,9.95,9.95,300
SIFY,20120118,4.84,4.97,4.8,4.92,664100
SIGA,20120118,2.58,2.66,2.51,2.65,206800
SIGI,20120118,17.72,18.01,17.62,18,125100
SIGM,20120118,5.75,5.95,5.74,5.81,163400
SILC,20120118,18.36,18.5,18.14,18.49,15700
SIMG,20120118,4.63,4.84,4.59,4.71,910800
SIMO,20120118,22.32,22.99,22.31,22.65,316100
SINA,20120118,60.19,61.45,58.13,60.66,5385600
SINO,20120118,2.43,2.49,2.35,2.44,16700
SIRI,20120118,2.13,2.17,2.13,2.16,63145300
SIRO,20120118,44.6,46.48,44,46.01,721500
SIVB,20120118,54.21,55.29,54,55.1,307800
SIVBO,20120118,25.16,25.17,25.16,25.17,500
SKBI,20120118,2.96,3.09,2.71,3.03,11800
SKUL,20120118,12.34,12.62,12.3,12.48,379300
SKYW,20120118,13.19,13.84,13.09,13.59,147400
SKYY,20120118,17.73,18.05,17.63,18.03,38300
SLAB,20120118,42.54,44.89,42.54,44.76,546300
SLGN,20120118,39.5,40.03,38.64,39.87,117300
SLM,20120118,13.64,14.73,13.51,14.29,7258100
SLMAP,20120118,41.6,42.25,41.3,42.25,2000
SLMBP,20120118,40.96,40.96,40.96,40.96,0
SLP,20120118,3.07,3.09,3,3.08,40900
SLRC,20120118,22.6,22.95,22.52,22.94,207500
SLTC,20120118,3.08,3.08,3.07,3.07,600
SLTM,20120118,2.56,2.61,2.3,2.34,419700
SLXP,20120118,50,50.01,48.85,49,558400
SMBC,20120118,22.96,22.97,22.86,22.86,1400
SMCI,20120118,16.1,16.53,16.08,16.42,106400
SMED,20120118,3.98,4.01,3.85,3.86,20600
SMIT,20120118,3.5,3.5,3.5,3.5,0
SMMF,20120118,2.75,2.75,2.75,2.75,800
SMRT,20120118,6.46,6.68,6.41,6.68,85000
SMSI,20120118,1.75,2.05,1.72,2,2149200
SMT,20120118,3.99,4.07,3.9,3.96,158200
SMTC,20120118,25.88,27.08,25.84,26.84,940900
SMTX,20120118,2.91,3,2.83,2.88,89200
SNAK,20120118,3.82,4.02,3.8,3.98,26900
SNBC,20120118,2.88,2.93,2.82,2.93,100600
SNCR,20120118,30.43,31.05,30.16,30.95,183800
SNDK,20120118,50.34,52.24,50.18,52.07,7078100
SNFCA,20120118,1.6,1.6,1.6,1.6,0
SNHY,20120118,26.3,27.05,25.96,27.01,61600
SNMX,20120118,3.65,3.71,3.6,3.66,137500
SNPS,20120118,27.96,28.54,27.95,28.49,682000
SNSS,20120118,1.25,1.34,1.23,1.34,133800
SNTA,20120118,4.62,4.69,4.52,4.66,197600
SNTS,20120118,4.53,4.55,4.39,4.47,428200
SOCB,20120118,1.42,1.42,1.42,1.42,3000
SOCL,20120118,13.35,13.35,13.34,13.34,1700
SODA,20120118,39.3,40.25,38.84,40.1,951600
SOFO,20120118,7.34,7.37,7.25,7.25,4800
SOHU,20120118,57.5,57.72,56.45,57.11,1008600
SOMH,20120118,7.73,7.85,7.73,7.85,9300
SONA,20120118,6.2,6.21,6.16,6.16,2500
SONC,20120118,6.7,6.81,6.65,6.8,336500
SONS,20120118,2.52,2.65,2.51,2.64,2714600
SORL,20120118,2.37,2.47,2.37,2.47,92000
SOXX,20120118,52.78,54.95,52.78,54.84,473400
SPAN,20120118,15,16,15,15.73,29500
SPAR,20120118,5.17,5.32,5.11,5.31,85100
SPBC,20120118,10.72,10.72,10.72,10.72,0
SPCHA,20120118,1.77,1.77,1.62,1.75,3100
SPCHB,20120118,2.19,2.19,2.09,2.19,1100
SPEX,20120118,25.2,25.4,23.6,23.8,58000
SPIL,20120118,5.03,5.3,5.03,5.2,3263000
SPIR,20120118,0.91,0.92,0.84,0.92,9300
SPLS,20120118,15.08,15.48,15.05,15.45,8434500
SPMD,20120118,2.67,2.74,2.54,2.73,65800
SPNC,20120118,7.64,7.79,7.55,7.66,101900
SPNS,20120118,4,4,3.87,3.87,27600
SPPI,20120118,15.46,15.62,15.41,15.49,1014900
SPPR,20120118,0.72,0.72,0.7,0.71,13600
SPPRO,20120118,20.15,20.36,20.15,20.15,1500
SPPRP,20120118,7.35,7.36,7.35,7.35,1400
SPRD,20120118,15.48,16.12,15.34,15.66,1888900
SPRO,20120118,2.05,2.05,2.05,2.05,100
SPRT,20120118,2.19,2.3,2.17,2.2,172500
SPSC,20120118,25.46,25.75,25.1,25.45,36700
SPTN,20120118,17.71,18,17.52,18,72200
SPU,20120118,1.64,1.7,1.59,1.62,32000
SPWR,20120118,7.27,7.69,7.09,7.59,774600
SQI,20120118,13.79,14.08,13.77,14,59500
SQNM,20120118,4.46,4.64,4.43,4.64,1489200
SQQQ,20120118,67.16,67.4,64.76,64.84,2333900
SRCE,20120118,24.29,24.75,24,24.75,34400
SRCL,20120118,83.9,84.06,82.96,84.06,542200
SRDX,20120118,14.48,14.85,14.47,14.84,33800
SREV,20120118,16.73,16.73,16.32,16.52,507900
SSBI,20120118,5.47,5.59,5.46,5.58,4000
SSFN,20120118,5.35,5.9,5.35,5.63,1800
SSNC,20120118,18.73,19.09,18.58,18.96,159200
SSRI,20120118,14.68,15.3,14.65,15.22,804400
SSRX,20120118,9.79,10,9.78,9.8,83300
SSYS,20120118,36.07,37.3,36,36.5,93400
STAA,20120118,11.43,11.72,11.26,11.33,289300
STAN,20120118,16.83,17.31,16.83,17.31,34000
STB,20120118,6.72,6.77,6.64,6.74,56900
STBA,20120118,20.18,20.56,20.05,20.56,62600
STBZ,20120118,15.4,15.4,15.06,15.35,85300
STEC,20120118,9.09,9.37,9.09,9.23,584300
STEI,20120118,5.9,6.1,5.84,6.1,334100
STEL,20120118,12.18,12.43,11.94,12.41,36100
STEM,20120118,0.81,0.82,0.78,0.8,165100
STFC,20120118,12.45,12.9,12.35,12.87,51100
STKL,20120118,4.57,4.61,4.47,4.47,123400
STLD,20120118,14.75,15.23,14.65,15.17,3533000
STLY,20120118,3.22,3.24,3.01,3.1,24400
STMP,20120118,29.03,30.95,29,30.83,895200
STND,20120118,15.25,15.25,15.25,15.25,6300
STNR,20120118,46.8,47,46.24,46.73,31200
STRA,20120118,111.31,113.5,107,110.8,177300
STRL,20120118,10.99,11.04,10.87,11.02,62900
STRM,20120118,1.73,1.76,1.73,1.76,4800
STRN,20120118,4.95,4.96,4.95,4.96,2100
STRS,20120118,8.03,8.95,8.03,8.35,800
STRT,20120118,19.2,19.9,19.2,19.9,1600
STSA,20120118,17.62,17.91,17.38,17.81,103000
STX,20120118,19.41,19.79,19.34,19.75,8890700
STXS,20120118,7.9,8.2,7.7,8,160200
SUBK,20120118,11.69,12.24,11.56,12.11,41400
SUMR,20120118,4.94,5.19,4.91,5.19,75900
SUNS,20120118,15.4,15.89,15.4,15.88,29100
SUPX,20120118,18.41,18.85,18.41,18.61,28700
SURG,20120118,6.57,6.57,6.27,6.54,261300
SUSQ,20120118,9.15,9.29,9.09,9.24,1219200
SUTR,20120118,1.24,1.24,1.2,1.21,23200
SVA,20120118,2.27,2.32,2.23,2.26,63900
SVBI,20120118,2.67,2.69,2.67,2.69,1000
SVNT,20120118,2.48,2.54,2.44,2.53,772600
SVVC,20120118,15.66,15.66,15.05,15.12,6600
SWHC,20120118,4.69,4.88,4.59,4.85,888200
SWIR,20120118,7.28,7.29,7.21,7.24,36500
SWKS,20120118,18.39,19.26,18.34,19.08,5356800
SWSH,20120118,3.68,3.74,3.59,3.74,398800
SYBT,20120118,20.55,20.91,20.55,20.91,12000
SYBTP,20120118,11.3,11.3,11.3,11.3,0
SYKE,20120118,16.37,16.93,16.16,16.93,86300
SYMC,20120118,16.36,16.58,16.16,16.55,6696400
SYMM,20120118,5.95,6.21,5.91,6.05,99900
SYMX,20120118,1.54,1.55,1.53,1.53,9100
SYNA,20120118,32.85,33.19,32.27,33.08,563500
SYNL,20120118,11.8,12.18,11.78,12.1,5400
SYNM,20120118,10.5,10.7,10.3,10.5,183300
SYNT,20120118,45.92,46.43,45.83,46.2,60800
SYPR,20120118,4.17,4.18,4.07,4.15,32600
SYUT,20120118,4.64,4.76,4.47,4.64,88400
SZYM,20120118,10.22,10.67,10.16,10.5,381800
TACT,20120118,8.32,8.37,8.21,8.34,16000
TAIT,20120118,0.99,1.06,0.99,1.06,2100
TASR,20120118,5.13,5.29,5.13,5.26,315500
TAST,20120118,11.11,11.46,10.92,11.15,98500
TATT,20120118,4.4,4.4,4.4,4.4,0
TAXI,20120118,11.01,11.12,11,11.11,64600
TAYC,20120118,9.8,10.65,9.8,10.63,38700
TAYCP,20120118,23,23,23,23,500
TAYD,20120118,9.19,9.25,9,9.21,7600
TBAC,20120118,1,1.01,0.94,0.95,15600
TBBK,20120118,8.31,8.65,8.3,8.63,100800
TBNK,20120118,20.07,20.1,19.87,20.09,18300
TBOW,20120118,2.14,2.28,2.12,2.27,14300
TCBI,20120118,31.49,32.21,31.26,32.13,283700
TCBIW,20120118,20.51,20.51,20.51,20.51,0
TCBK,20120118,14.46,14.88,14.31,14.81,15000
TCCO,20120118,7.69,7.69,7.63,7.69,500
TCRD,20120118,13.1,13.37,12.99,13.34,34500
TEAR,20120118,1.32,1.35,1.32,1.35,13400
TECD,20120118,50.53,51.85,50.48,51.77,331400
TECH,20120118,68.02,69.2,67.85,69.2,81500
TECUA,20120118,4.49,4.65,4.36,4.61,47500
TECUB,20120118,4.14,4.14,4.14,4.14,0
TELK,20120118,5.4,5.7,5.1,5.1,851700
TESO,20120118,13.62,14.12,13.59,14.07,143600
TESS,20120118,16.51,17.14,16.27,17,81900
TFCO,20120118,2.94,3.03,2.94,3.03,300
TFM,20120118,41.21,42.31,40.82,42.25,231800
TFSL,20120118,9.33,9.36,9.21,9.35,130900
TGA,20120118,8.95,9.03,8.8,8.88,91500
TGE,20120118,8.55,8.64,8.39,8.57,126700
THFF,20120118,33.92,34.43,33.55,34.34,23800
THLD,20120118,1.5,1.53,1.5,1.52,35700
THOR,20120118,29.52,29.72,29.18,29.64,606700
THRD,20120118,22.43,22.43,22.43,22.43,0
THRX,20120118,18.22,18.75,18.1,18.55,461000
THTI,20120118,1.2,1.23,1.2,1.23,2900
TIBX,20120118,23.54,24.16,23.36,24.11,1537900
TICC,20120118,9.52,9.62,9.42,9.58,146200
TIGR,20120118,2.15,2.24,2.15,2.24,800
TINY,20120118,3.83,3.9,3.81,3.9,111300
TISA,20120118,2.65,2.73,2.59,2.7,238500
TITN,20120118,23.5,24.1,23.48,23.96,196200
TIVO,20120118,10.32,10.51,10.29,10.43,1426500
TKMR,20120118,2.27,2.45,2.27,2.45,8400
TLAB,20120118,3.87,4.13,3.85,4.12,4517600
TLF,20120118,4.9,4.9,4.81,4.89,1200
TMNG,20120118,1.89,1.97,1.88,1.97,1800
TNAV,20120118,7.87,8.09,7.87,8.06,88200
TNGO,20120118,14.7,15.13,14.5,14.99,115300
TOFC,20120118,8.78,8.78,8.61,8.61,1300
TOPS,20120118,1.88,1.88,1.79,1.79,800
TORM,20120118,16.97,17.48,16.97,17.2,1600
TOWN,20120118,12.78,13.18,12.71,13.13,92300
TPGI,20120118,3.34,3.37,3.25,3.26,21200
TQNT,20120118,5.48,5.8,5.48,5.8,5204900
TQQQ,20120118,39.68,41,39.455,40.96,1114100
TRAK,20120118,27.3,27.9,27.09,27.88,137500
TREE,20120118,5.71,5.94,5.66,5.67,11300
TRGT,20120118,5.89,6.04,5.81,5.99,239900
TRIB,20120118,10.5,10.54,10.32,10.34,75700
TRIP,20120118,28.54,29.43,28.52,29.03,1205100
TRIT,20120118,5.93,6.25,5.92,6.25,60600
TRLG,20120118,34.37,34.64,33.75,34.53,194200
TRMB,20120118,21.325,21.9,21.11,21.89,594000
TRMD,20120118,7,7,6.6,6.8,10300
TRMK,20120118,25.33,25.64,25.11,25.47,343100
TRNS,20120118,11.01,11.39,11.01,11.39,800
TRNX,20120118,19.44,20.76,19.3,20.67,111100
TROW,20120118,58.66,59.88,58.39,59.74,1918200
TRS,20120118,19.29,19.57,19.24,19.51,88000
TRST,20120118,5.65,5.68,5.62,5.66,191900
TSBK,20120118,4,4,3.89,3.96,2000
TSCO,20120118,80.56,81.32,80.04,81.29,632100
TSEM,20120118,10.05,10.35,10.05,10.35,530200
TSLA,20120118,26.69,26.88,26.25,26.81,1260100
TSON,20120118,1.75,1.8,1.73,1.74,39800
TSPT,20120118,8.51,8.59,7.87,8,369600
TSRA,20120118,18.04,18.93,18.03,18.84,356000
TSRI,20120118,4.47,4.47,4.39,4.4,1100
TSRX,20120118,5.45,5.75,5.4,5.61,180100
TST,20120118,2.01,2.01,1.95,1.98,53800
TSTC,20120118,3.64,3.7,3.5,3.62,55100
TSYS,20120118,2.51,2.55,2.46,2.49,303800
TTEC,20120118,15.36,15.63,14.74,15.6,144400
TTEK,20120118,21.66,21.77,21.5,21.68,199900
TTGT,20120118,6.25,6.54,6.2,6.53,39400
TTHI,20120118,1.54,1.64,1.5,1.64,31800
TTMI,20120118,11.62,12.02,11.52,11.98,528000
TTWO,20120118,14.8,15.31,14.71,15.21,2391100
TUES,20120118,3.27,3.29,3.13,3.24,177500
TWER,20120118,2.28,2.42,2.27,2.37,307600
TWGP,20120118,20.8,21.15,20.77,21.06,208500
TWIN,20120118,39.5,40.45,39.29,40.37,84000
TWMC,20120118,2.5,2.55,2.42,2.54,4600
TWTC,20120118,19.64,20.51,19.64,20.51,616100
TXCC,20120118,2.86,2.97,2.81,2.9,80400
TXN,20120118,31.97,33.83,31.96,33.72,27363800
TXRH,20120118,15.35,15.98,15.28,15.83,1491600
TYPE,20120118,14.23,14.51,14.18,14.46,158800
TZOO,20120118,28.75,29.65,28.25,29.18,647300
TZYM,20120118,3.32,3.56,3.25,3.56,10300
UACL,20120118,17.82,18.16,17.56,18.16,8500
UBCP,20120118,8.45,8.65,8.45,8.65,7600
UBFO,20120118,2.43,2.65,2.43,2.65,1400
UBNK,20120118,16.02,16.31,15.8,16.29,36200
UBNT,20120118,21.71,22.2,20.91,21.14,363100
UBOH,20120118,7,7,7,7,10000
UBPS,20120118,6.15,6.15,6.15,6.15,0
UBSH,20120118,13.48,13.85,13.35,13.81,44100
UBSI,20120118,28.62,29.3,28.48,29.22,240200
UCBA,20120118,5.5,5.63,5.5,5.63,1700
UCBI,20120118,6.94,7.11,6.94,7.08,120300
UCFC,20120118,1.3,1.3,1.25,1.27,5200
UCTT,20120118,6.89,7.11,6.86,7.07,373100
UEIC,20120118,17.43,17.99,17.43,17.84,69500
UEPS,20120118,8.5,9.13,8.42,8.92,3276200
UFCS,20120118,19.52,19.79,19.46,19.74,34500
UFPI,20120118,32.67,34.09,32.67,34.02,56700
UFPT,20120118,14.01,14.25,14,14.04,19500
UG,20120118,15.87,15.9,15.6,15.9,800
UHAL,20120118,95.11,95.44,93.68,95.28,18400
ULBI,20120118,4.16,4.2,4.04,4.09,21800
ULGX,20120118,1.07,1.09,1.05,1.09,5400
ULTA,20120118,74.37,75.83,73.93,75.75,816300
ULTI,20120118,66.04,67.18,65.5,67.14,115000
ULTR,20120118,2.91,2.95,2.86,2.92,126200
UMBF,20120118,39.29,39.9,39.29,39.81,143700
UMPQ,20120118,12.75,12.9,12.69,12.88,764500
UNAM,20120118,11.55,11.58,11.43,11.45,2400
UNB,20120118,18.92,18.92,18.9,18.9,2200
UNFI,20120118,41.65,42.18,41.52,42.17,225300
UNIS,20120118,3.66,3.84,3.65,3.83,143900
UNTD,20120118,5.61,5.67,5.48,5.53,1096500
UNTK,20120118,3.23,3.36,3.17,3.35,79700
UNTY,20120118,6.35,6.35,6.35,6.35,0
UNXL,20120118,5.25,5.5,5.23,5.45,14000
UPI,20120118,4.15,4.21,4.13,4.21,54100
URBN,20120118,24.92,25.18,24.68,25.1,3481900
URRE,20120118,8.6,9.5,8.5,9,2262500
USAK,20120118,8.09,8.2,7.51,8.19,31100
USAP,20120118,37.28,38.71,36.54,38.23,33400
USAT,20120118,1.13,1.14,1.07,1.14,303900
USATP,20120118,16.8,16.8,16.8,16.8,0
USATZ,20120118,0.6,0.6,0.6,0.6,100
USBI,20120118,5.02,5.1,4.81,4.81,1100
USCR,20120118,3.23,3.45,3.23,3.35,23900
USEG,20120118,3.09,3.23,3.08,3.23,116000
USLM,20120118,61.02,61.79,60.14,61.7,6000
USMO,20120118,14.4,14.4,14.25,14.32,155700
USTR,20120118,32.38,32.83,32.22,32.83,193800
UTEK,20120118,26.55,27.24,26.55,27.1,558300
UTHR,20120118,47.61,48.55,47.29,48.29,1096500
UTIW,20120118,14.76,15.23,14.75,15,285800
UTMD,20120118,28.76,29.14,28.76,29.1,1800
UTSI,20120118,4.11,4.14,4.02,4.02,220500
UVSP,20120118,15.36,15.6,15.35,15.59,29400
VALU,20120118,10.45,10.57,10.27,10.43,10000
VALV,20120118,0.78,0.83,0.78,0.82,23300
VASC,20120118,10.57,10.61,10.5,10.61,32300
VBFC,20120118,1.2,1.2,1.2,1.2,200
VCBI,20120118,7.56,7.73,7.53,7.68,33300
VCIT,20120118,82.93,83.13,82.9,83.01,288500
VCLK,20120118,17.09,17.14,16.92,16.95,732400
VCLT,20120118,87.48,87.53,87.02,87.16,129500
VCSH,20120118,78.34,78.34,78.15,78.29,591600
VDSI,20120118,7.82,7.98,7.8,7.96,125700
VECO,20120118,23,24.45,22.93,24.44,1404900
VELT,20120118,7.79,8.36,7.49,8.32,1597700
VGIT,20120118,65.75,65.85,65.74,65.76,16800
VGLT,20120118,75.53,75.59,74.62,74.62,8500
VGSH,20120118,60.98,61.01,60.96,61,12600
VIA,20120118,53.33,53.69,52.86,53.5,21400
VIAB,20120118,47.39,48.18,47.25,48.06,2843700
VIAS,20120118,16.64,17,16.64,17,2400
VICL,20120118,3.66,3.83,3.61,3.71,3154400
VICR,20120118,7.77,8.08,7.67,8.04,78300
VIDE,20120118,5.78,5.8,5.74,5.74,6600
VIFL,20120118,5.26,5.3,5.26,5.3,2500
VIMC,20120118,1.45,1.45,1.31,1.39,51800
VIRC,20120118,1.77,1.79,1.71,1.76,7300
VISN,20120118,27.8,28.2,27.4,27.8,59000
VITC,20120118,6.5,6.52,6.41,6.5,24800
VIVO,20120118,19.39,19.55,19.34,19.53,138800
VLCCF,20120118,14.7,15.03,14.66,15,148600
VLGEA,20120118,29.46,30.49,29.46,30.47,13600
VLTR,20120118,25.79,28.47,25.77,28.19,709900
VLYWW,20120118,1.55,1.55,1.54,1.54,300
VMBS,20120118,52.12,52.16,52.05,52.05,45700
VMED,20120118,24.13,24.18,23.73,23.86,3424600
VNDA,20120118,4.79,4.84,4.71,4.84,120100
VNET,20120118,10.5,10.6,10.37,10.51,106500
VNQI,20120118,42.63,43.09,42.61,43.08,76300
VOCS,20120118,20.24,20.59,19.25,19.83,199000
VOD,20120118,27.03,27.26,26.98,27.23,7068300
VOLC,20120118,25.1,26.76,24.75,26.72,1499200
VONE,20120118,58.97,59.7,58.97,59.7,18700
VONG,20120118,61.08,61.8,61.08,61.8,11200
VONV,20120118,56.93,57.66,56.93,57.66,5000
VOXX,20120118,11.97,12.35,11.76,12.34,276100
VPFG,20120118,13.33,13.55,13.33,13.55,67600
VPHM,20120118,29.39,30.98,29.15,30.85,2908600
VPRT,20120118,28.87,29.58,28.5,29.3,1049600
VRA,20120118,34.07,35.23,33.64,34.6,301000
VRML,20120118,1.57,1.67,1.57,1.66,32900
VRNM,20120118,2.28,2.34,2.26,2.27,22700
VRNT,20120118,27.44,28.01,27.41,27.99,188200
VRSK,20120118,39.32,39.98,39.06,39.97,509300
VRSN,20120118,35.87,36.13,35.7,35.91,1961700
VRTA,20120118,1.09,1.1,1.09,1.1,600
VRTB,20120118,1.14,1.14,1.11,1.12,6600
VRTS,20120118,78.99,79.58,78.93,79.58,22100
VRTU,20120118,14.71,15.3,14.71,15.29,49800
VRTX,20120118,36.6,37.59,36.25,37.47,4279300
VSAT,20120118,47.15,47.88,46.6,47.56,156500
VSBN,20120118,10,10,10,10,0
VSCI,20120118,1.9,1.91,1.77,1.85,45800
VSCP,20120118,0.9,0.93,0.88,0.92,86900
VSEC,20120118,24.51,25.16,24.51,24.98,8000
VTHR,20120118,59.25,59.79,59.25,59.75,1500
VTNC,20120118,5.8,6.16,5.53,6.1,71400
VTSS,20120118,3.11,3.12,2.95,2.99,37100
VTUS,20120118,8.84,9.25,8.78,8.78,77700
VTWG,20120118,62.99,64.13,62.99,64.13,900
VTWO,20120118,60.44,61.57,60.43,61.57,7300
VTWV,20120118,57.78,57.78,57.78,57.78,0
VVTV,20120118,1.65,1.67,1.51,1.58,303500
VVUS,20120118,12.23,12.42,12.05,12.33,2066800
VXUS,20120118,42.26,42.79,42.05,42.79,46100
VYFC,20120118,5.2,5.2,5.1,5.1,9700
WABC,20120118,46.86,47.49,46.65,47.45,101000
WAFD,20120118,15.17,15.27,15.01,15.25,369900
WASH,20120118,23.56,24.13,23.55,24.08,18000
WAVX,20120118,2.3,2.39,2.3,2.39,150400
WAYN,20120118,7.9,8.01,7.9,8,2300
WBCO,20120118,11.99,12.03,11.9,12.02,17600
WBKC,20120118,14.25,14.25,14.25,14.25,0
WBMD,20120118,26.69,26.81,25.96,26.3,1603700
WBSN,20120118,18.28,18.28,18.01,18.18,338500
WCRX,20120118,16.79,17.31,16.71,17.28,1567600
WDC,20120118,33.17,33.82,32.99,33.66,2986500
WDFC,20120118,41.15,41.89,40.86,41.79,49500
WEBM,20120118,4.83,5.04,4.55,4.83,22000
WEN,20120118,5.31,5.4,5.28,5.4,2497300
WERN,20120118,25.05,25.49,25.02,25.47,233600
WETF,20120118,6.1,6.37,6.1,6.33,107400
WEYS,20120118,23.24,23.25,23.06,23.24,11000
WFD,20120118,7.41,7.59,7.38,7.59,37500
WFM,20120118,76.7,78.29,76.52,77.87,2328800
WIBC,20120118,3.64,3.72,3.64,3.72,187700
WIFI,20120118,8.2,8.29,8.1,8.17,47600
WILC,20120118,4.85,4.85,4.27,4.74,51000
WILN,20120118,5.41,5.44,5.36,5.39,8000
WIN,20120118,12.26,12.39,12.2,12.35,6972400
WINA,20120118,57.9,58.23,57.5,58.23,7900
WIRE,20120118,25.97,26.47,25.86,26.34,67600
WLB,20120118,11.9,12.27,11.3,11.78,30200
WLBPZ,20120118,25.25,25.25,25,25,400
WLDN,20120118,3.91,3.91,3.91,3.91,0
WLFC,20120118,13.05,13.1,12.89,12.98,17300
WMAR,20120118,11.46,11.68,11.33,11.63,34500
WMGI,20120118,16.17,16.69,16.17,16.69,285000
WOOD,20120118,39.36,39.89,39.36,39.89,30500
WOOF,20120118,21.1,21.84,20.97,21.79,681100
WPCS,20120118,1.8,1.8,1.72,1.79,3900
WPPGY,20120118,57,57.79,56.96,57.72,63900
WPRT,20120118,33.7,35.22,33.32,35.17,682600
WRES,20120118,2.98,3.07,2.97,3.07,181800
WRLD,20120118,67.54,69.61,67.26,67.95,209800
WRLS,20120118,7.95,8.09,7.88,8.05,15100
WSB,20120118,2.51,2.51,2.51,2.51,100
WSBC,20120118,20.43,21,20.39,21,31800
WSBF,20120118,1.85,1.85,1.78,1.79,91600
WSCI,20120118,4.82,4.82,4.75,4.79,1900
WSFS,20120118,39.76,40.9,39.56,40.88,13200
WSTG,20120118,11.96,12.03,11.88,11.88,5500
WSTL,20120118,2.41,2.43,2.35,2.38,216800
WTBA,20120118,9.15,9.4,9.02,9.36,12800
WTFC,20120118,31.23,31.55,31.04,31.53,342400
WTFCW,20120118,14.16,14.16,14,14.01,1200
WVFC,20120118,8.75,8.8,8.63,8.64,1800
WVVI,20120118,3.09,3.25,3.09,3.25,900
WWD,20120118,43.77,44.15,43.42,44.05,594900
WWWW,20120118,10.6,12.15,10.56,12.09,429000
WYNN,20120118,112.28,117.2,112,116.81,2979600
XBKS,20120118,3.61,3.7,3.6,3.7,3200
XIDE,20120118,3.02,3.25,3.02,3.23,1012900
XLNX,20120118,33.8,35.48,33.69,35.3,8896000
XNPT,20120118,4.29,4.45,4.25,4.44,207500
XOMA,20120118,1.79,1.89,1.67,1.7,891700
XRAY,20120118,36.17,37.15,36.05,37.14,1102500
XRTX,20120118,15.78,16.06,15.7,15.89,314800
XTEX,20120118,16.98,17.26,16.8,17.19,127600
XTXI,20120118,13.74,13.9,13.52,13.78,160100
XWES,20120118,3.38,3.81,3.38,3.73,65500
XXIA,20120118,11.58,12.16,11.49,12.03,258800
YAVY,20120118,1.84,1.85,1.77,1.85,10900
YHOO,20120118,15.87,16,15.69,15.92,35701900
YNDX,20120118,18.37,18.78,18.1,18.52,883300
YORW,20120118,17.32,17.45,17.25,17.43,17200
YRCW,20120118,10.66,10.66,9.96,10.41,70000
Z,20120118,26.45,27.85,26.45,27.77,268000
ZAGG,20120118,7.92,8.44,7.92,8.15,1133600
ZBRA,20120118,35.53,36.54,35.27,36.54,86300
ZEUS,20120118,24.42,25.12,24.08,25.1,84500
ZGNX,20120118,2.37,2.53,2.32,2.49,455100
ZHNE,20120118,0.9,0.92,0.86,0.91,58400
ZIGO,20120118,16.36,16.7,16.25,16.67,37700
ZINC,20120118,10.51,11,10.44,10.9,273400
ZION,20120118,18.35,18.99,18.14,18.79,3065700
ZIONW,20120118,4.03,4.05,4.03,4.05,100200
ZIOP,20120118,5.12,5.25,5.1,5.17,448000
ZIPR,20120118,1.12,1.13,1.09,1.12,14300
ZIXI,20120118,2.94,3.03,2.94,3.03,238400
ZLCS,20120118,1.1,1.12,1.04,1.1,1082800
ZLTQ,20120118,11.9,11.95,11.35,11.58,985700
ZN,20120118,2.4,2.49,2.4,2.47,61300
ZNGA,20120118,9.16,9.2,8.52,8.65,6550900
ZOLT,20120118,8.31,8.6,8.2,8.54,163600
ZOOM,20120118,1.29,1.3,1.24,1.26,75100
ZUMZ,20120118,29.82,30.12,29.52,29.89,480300
