<ticker>,<date>,<open>,<high>,<low>,<close>,<vol>
AACC,20110202,6.26,6.34,6.08,6.16,10600
AAME,20110202,2.2,2.22,2.17,2.17,4100
AAON,20110202,18.4,18.5,17.94,18.12,12400
AAPL,20110202,344.45,345.25,343.55,344.32,9248400
AAWW,20110202,53.5,54.22,52.73,52.78,174900
AAXJ,20110202,62.6,62.82,62.34,62.46,574300
ABAX,20110202,26.41,26.41,25.87,26,56400
ABCB,20110202,9.78,9.95,9.62,9.78,30200
ABCD,20110202,3.4,3.45,3.28,3.31,13000
ABCO,20110202,24.865,25.425,24.715,24.905,29100
ABFS,20110202,26,26.11,24.86,24.95,428800
ABIO,20110202,18.96,18.96,18.48,18.48,36300
ABMD,20110202,9.92,10.16,9.89,10.12,179500
ABTL,20110202,4.65,4.85,4.55,4.75,68000
ACAD,20110202,1.68,1.72,1.66,1.71,425800
ACAS,20110202,8.4,8.49,8.34,8.35,1779900
ACAT,20110202,17.39,17.5,16.79,16.83,176800
ACCL,20110202,8.65,8.7,8.39,8.52,44900
ACET,20110202,8.85,9,8.81,8.87,70000
ACFC,20110202,1.99,1.99,1.9,1.92,1200
ACFN,20110202,4.02,4.15,4.02,4.12,26200
ACGL,20110202,29.6033,29.8333,29.5733,29.6933,161600
ACHN,20110202,4.2,4.46,3.82,4.44,270400
ACIW,20110202,27.54,27.89,27.37,27.5,54800
ACLS,20110202,3.07,3.07,2.65,2.74,11309400
ACNB,20110202,16.5,16.5,16.5,16.5,600
ACOR,20110202,22.25,23.42,22.25,22.84,691200
ACPW,20110202,11,11.95,10.95,11.7,480300
ACTG,20110202,25.7,26,24.98,25.11,205700
ACTS,20110202,2.35,2.4,2.35,2.38,60700
ACUR,20110202,2.98,3.05,2.98,3.01,46700
ACWI,20110202,48.17,48.33,48.08,48.17,137900
ACWX,20110202,45.28,45.45,45.19,45.32,98700
ACXM,20110202,17.27,17.72,17.21,17.56,665400
ADAT,20110202,0.84,0.92,0.82,0.88,134100
ADBE,20110202,33.29,33.99,33.29,33.43,3046000
ADEP,20110202,4.65,4.67,4.55,4.67,9200
ADES,20110202,14.43,15.35,13.84,15.35,137500
ADI,20110202,39.59,39.96,39.54,39.76,2779100
ADP,20110202,48.66,49.07,48.46,48.91,2217100
ADRA,20110202,28.9,29.09,28.9,29.02,1800
ADRD,20110202,22.72,22.83,22.72,22.79,2800
ADRE,20110202,47.25,47.59,47.02,47.04,41500
ADRU,20110202,22.28,22.36,22.28,22.33,1700
ADSK,20110202,41.97,43.54,41.81,43.41,3537800
ADTN,20110202,41.3,42.38,41.01,42.19,730200
ADUS,20110202,4.59,4.65,4.46,4.65,13300
ADVS,20110202,29.99,30.59,29.78,30.37,133000
AEGR,20110202,13.16,14.48,13.16,13.78,73000
AEHR,20110202,1.32,1.4,1.31,1.4,8400
AEIS,20110202,15.8,16.25,15.62,15.97,340000
AEPI,20110202,28.2,28.44,28.2,28.2,4100
AERL,20110202,11.09,11.71,10.99,11.22,406200
AETI,20110202,2.5,2.53,2.5,2.52,2600
AEY,20110202,3.11,3.25,3.09,3.1,24700
AEZS,20110202,9.36,9.72,9.36,9.66,759400
AFAM,20110202,34.18,35.08,34.18,34.89,45600
AFCB,20110202,13.1,13.1,13.1,13.1,0
AFCE,20110202,15.15,15.43,14.86,15.13,33100
AFFX,20110202,5,5,4.89,4.96,425800
AFFY,20110202,6.86,6.97,6.74,6.8,201200
AFOP,20110202,19.05,19.65,18.7,19.49,248000
AFSI,20110202,18.79,19.21,18.7,18.82,433900
AGEN,20110202,0.93,0.94,0.93,0.93,95100
AGII,20110202,36.39,36.65,36.37,36.53,41900
AGNC,20110202,28.95,29.08,28.89,28.98,1294700
AGYS,20110202,5.5,5.76,5.5,5.59,162700
AHGP,20110202,50.99,51.82,50.61,51.5,26100
AHPI,20110202,4.39,4.39,4.39,4.39,0
AIMC,20110202,21.68,21.9,21.53,21.56,80800
AINV,20110202,11.94,12.15,11.94,12.1,1247400
AIRM,20110202,17.4967,17.68,17.2667,17.3633,47100
AIRT,20110202,9.92,9.98,9.77,9.78,10900
AIXG,20110202,42.37,42.64,42.09,42.64,157900
AKAM,20110202,48.97,49.12,47.8,48.06,3153100
AKRX,20110202,5.28,5.39,5.14,5.17,249200
ALCO,20110202,25.47,25.47,24.65,24.81,4600
ALGN,20110202,21.24,22.24,21.24,21.95,1243900
ALGT,20110202,42.87,42.87,42.11,42.23,368700
ALIM,20110202,10.31,10.5,10.01,10.12,74000
ALKS,20110202,13.01,13.16,12.92,12.96,583000
ALLT,20110202,12.75,13.3,12.65,12.95,182200
ALNY,20110202,10.23,10.48,10.2,10.32,160000
ALOG,20110202,51.19,51.95,51.18,51.44,23700
ALOT,20110202,7.98,7.98,7.98,7.98,0
ALSK,20110202,9.36,9.57,9.32,9.48,436100
ALTE,20110202,22.07,22.16,21.93,21.95,309000
ALTI,20110202,3.02,3.07,2.97,3.04,177100
ALTR,20110202,39.5,40.21,39.31,39.36,5670300
ALVR,20110202,20.9,20.9,18.6,19.4,1433500
ALXA,20110202,14.3,14.5,13.9,14.5,451300
ALXN,20110202,42.525,42.98,42.255,42.655,798600
AMAG,20110202,18.14,18.14,17.69,17.69,354000
AMAP,20110202,15.93,16.2,15.87,16.18,33400
AMAT,20110202,16.16,16.52,16.15,16.35,22847000
AMCC,20110202,10.05,10.14,10,10.05,847500
AMCF,20110202,4.8,4.91,4.76,4.87,13300
AMCN,20110202,7.25,7.48,7.17,7.18,78000
AMED,20110202,34.69,35.25,34.17,35.15,333200
AMGN,20110202,55.14,55.65,54.78,55.63,5353500
AMIC,20110202,4.9,4.9,4.9,4.9,100
AMKR,20110202,8.2,8.36,8.07,8.2,2291800
AMNB,20110202,20.6,20.83,20.54,20.75,3500
AMOT,20110202,8.5,8.74,8.37,8.57,27400
AMOV,20110202,29,29.31,29,29.31,300
AMRB,20110202,6.44,6.45,6.4,6.4,117200
AMRI,20110202,4.99,5.03,4.83,4.84,41300
AMRN,20110202,9.04,9.04,8.74,8.77,1290700
AMRS,20110202,32.37,33.95,32.37,33.82,44300
AMSC,20110202,29.94,30.02,28.67,29.2,1307200
AMSF,20110202,17.79,17.81,17.57,17.6,19900
AMSG,20110202,21.34,21.56,21.27,21.3,79100
AMSWA,20110202,6.66,6.81,6.66,6.78,33300
AMWD,20110202,18.82,19.34,18.53,19.04,10700
AMZN,20110202,171.42,175.2,170.87,173.53,4551400
ANAC,20110202,7.69,7.72,6.83,7.25,68100
ANAD,20110202,6.73,7.06,6.72,7.03,1366300
ANAT,20110202,84.28,84.28,81.16,83.49,8000
ANCB,20110202,10.01,10.09,9.98,10.04,29700
ANCI,20110202,4.38,4.47,4.32,4.32,4000
ANCX,20110202,6.97,7.11,6.92,7.05,14800
ANDE,20110202,40.82,41.16,40.46,40.93,120300
ANEN,20110202,20.86,21.08,20.39,20.55,30100
ANGO,20110202,16.45,16.45,16.14,16.37,68000
ANIK,20110202,7.02,7.2,7,7.2,27800
ANLY,20110202,3.17,3.19,3.13,3.18,900
ANSS,20110202,53.39,54.44,53.39,54.11,198200
ANTH,20110202,4.56,4.61,4.51,4.58,38900
ANTP,20110202,3.63,4,3.52,3.87,18400
AOSL,20110202,14.29,14.5,14.19,14.38,57500
APAGF,20110202,64.77,64.86,63.76,64.11,5600
APEI,20110202,35.09,36.13,34.63,35.57,111500
APFC,20110202,5.88,6.05,5.88,6.05,600
APOG,20110202,13.08,13.31,12.99,13.12,413700
APOL,20110202,42.08,42.65,42.01,42.27,1294300
APPY,20110202,3.6,3.66,3.48,3.66,78400
APRI,20110202,3.88,3.97,3.78,3.9,168400
APSA,20110202,17,17,16.97,16.97,600
ARAY,20110202,8.68,8.99,8.59,8.8,694900
ARCC,20110202,16.9,16.93,16.78,16.89,1524300
ARCI,20110202,3.2,3.21,3.18,3.18,5900
ARCW,20110202,3.08,3.08,3.08,3.08,0
ARDNA,20110202,80.65,81.31,80,80,1000
AREX,20110202,27.46,28.55,27.46,28.3,164700
ARIA,20110202,6.49,6.58,6.38,6.41,1175800
ARII,20110202,20.34,20.67,19.49,20.52,23100
ARKR,20110202,14.54,14.6,14.4,14.4,9600
ARLP,20110202,72.19,72.43,71.11,71.41,118800
ARMH,20110202,27,28.97,26.75,28.71,14762100
ARNA,20110202,1.66,1.72,1.6,1.61,3119200
AROW,20110202,23.47,23.8,23.37,23.71,14800
ARQL,20110202,6.19,6.36,6.1,6.12,180700
ARRS,20110202,12.76,12.85,12.43,12.44,2024000
ARRY,20110202,2.98,3.03,2.9,2.91,324000
ARTC,20110202,28.46,28.75,28.15,28.58,103500
ARTNA,20110202,19.4,19.63,19.38,19.52,4700
ARTW,20110202,13.27,14.25,13.27,13.79,20100
ARTX,20110202,1.5,1.58,1.5,1.5,106500
ARUN,20110202,22.11,23.22,21.99,23.04,2549000
ARWR,20110202,0.93,0.95,0.93,0.94,214800
ASBC,20110202,14.25,14.26,14.02,14.06,1086400
ASBI,20110202,5.15,5.25,4.56,5.25,1800
ASCA,20110202,15.59,15.7,15.32,15.36,181600
ASCMA,20110202,38.96,39.88,38.96,39.37,65800
ASEI,20110202,88.42,90,88.42,89.46,50400
ASFI,20110202,7.77,7.89,7.73,7.73,4900
ASIA,20110202,21.25,21.92,21.09,21.38,1136700
ASMI,20110202,38.08,38.64,38,38.4,186300
ASML,20110202,43.44,44.13,43.23,43.56,4192200
ASNA,20110202,13.825,13.99,13.53,13.545,873900
ASPS,20110202,29.5,29.66,29.31,29.45,46100
ASRV,20110202,2.09,2.09,1.98,2.07,5500
ASRVP,20110202,25,25,25,25,0
ASTC,20110202,1.28,1.28,1.24,1.25,47700
ASTE,20110202,31.56,32.54,31.56,32.31,121500
ASTI,20110202,3.36,3.49,3.33,3.46,249800
ASTM,20110202,2.64,2.66,2.6,2.64,414100
ASUR,20110202,1.9467,1.9467,1.8667,1.8667,200
ASYS,20110202,26.59,28.5,26.12,28.19,515100
ATAI,20110202,4.17,4.2,4.17,4.19,3000
ATAX,20110202,5.54,5.54,5.48,5.49,71300
ATEA,20110202,3.13,3.13,3.08,3.12,4100
ATEC,20110202,2.53,2.61,2.48,2.61,241100
ATHN,20110202,44.31,45.24,43.68,44.29,346400
ATHX,20110202,2.64,2.66,2.54,2.54,129600
ATLO,20110202,18.69,19,18.69,18.9,3000
ATMI,20110202,20.84,21.08,18.85,19.16,734300
ATML,20110202,14.21,14.8,14.2,14.72,8395300
ATNI,20110202,38.42,39.19,38.39,39.08,37700
ATRC,20110202,11.08,11.24,10.85,11.02,13200
ATRI,20110202,171.25,172.05,168.67,172.05,400
ATRM,20110202,2.04,2.05,1.96,1.98,12600
ATRO,20110202,23.92,24.25,23.91,23.94,21000
ATSG,20110202,7.66,7.92,7.64,7.84,172300
ATVI,20110202,11.59,11.83,11.4,11.69,12265300
ATX,20110202,10,10.14,10,10.05,6500
AUBN,20110202,20,20.43,19.64,19.64,2400
AUDC,20110202,6.95,7.48,6.91,7.24,782100
AUXL,20110202,23.02,23.34,22.77,22.86,490300
AVAV,20110202,28.57,29.49,28.57,29.27,220100
AVEO,20110202,14.17,14.31,13.61,13.66,24600
AVGO,20110202,29.02,29.4,28.7,28.8,1129900
AVID,20110202,16.82,17.23,16.82,17.14,63700
AVNR,20110202,4.12,4.19,4.11,4.12,1838500
AVNW,20110202,5.46,5.55,5.35,5.36,188700
AWRE,20110202,3.72,3.75,3.65,3.65,17800
AXAS,20110202,4.85,5,4.66,4.68,1460600
AXFN,20110202,24.95,24.95,24.95,24.95,0
AXTI,20110202,11.4,11.6,11.17,11.42,437500
AZPN,20110202,14.31,14.71,14.31,14.58,458400
BABY,20110202,15.28,15.36,15.12,15.28,36300
BAGL,20110202,15.25,15.44,15.03,15.25,31800
BAMM,20110202,5.92,5.98,5.81,5.81,18300
BANC,20110202,13.95,14,13.75,13.8,23100
BANF,20110202,41.4,41.78,41.17,41.28,3800
BANFP,20110202,28,28,28,28,0
BANR,20110202,17.5,17.85,17.15,17.71,1988900
BASI,20110202,2.16,2.28,2.09,2.09,9100
BBBY,20110202,48.42,48.71,47.48,47.74,2124900
BBEP,20110202,22.38,22.94,22.26,22.79,248200
BBGI,20110202,5.29,5.4,5.23,5.36,17700
BBNK,20110202,8.8,8.8,8.8,8.8,100
BBOX,20110202,36.68,40.78,35.19,40.44,194300
BBRG,20110202,16.8,17.36,16.33,16.34,62400
BBRY,20110202,60.55,61.89,60.29,61.11,8407900
BBSI,20110202,14.98,15,14.62,14.74,12100
BCBP,20110202,10.62,10.97,10.62,10.97,3900
BCOM,20110202,32.86,32.88,32.49,32.5,700
BCPC,20110202,34.53,35.12,34.43,34.55,54100
BCRX,20110202,4.21,4.27,4.18,4.24,156900
BCSB,20110202,12,12,12,12,0
BDE,20110202,7.05,7.33,7,7,120900
BDGE,20110202,23.37,23.49,23.17,23.38,4100
BDMS,20110202,19.12,19.12,19.12,19.12,0
BDSI,20110202,3.31,3.34,3.28,3.32,35500
BEAT,20110202,4.48,4.48,4.32,4.32,123400
BEAV,20110202,38.13,39.25,38.02,38.47,1488500
BEBE,20110202,5.73,5.83,5.56,5.57,386100
BECN,20110202,18.9,19.12,18.71,18.9,294700
BELFA,20110202,23.99,23.99,23.96,23.99,500
BELFB,20110202,22.29,23.03,22.29,22.96,19900
BERK,20110202,7.56,7.83,7.19,7.45,8700
BFIN,20110202,9.29,9.34,9.26,9.3,19700
BFLY,20110202,3.21,3.22,3.21,3.22,600
BGCP,20110202,8.19,8.32,8.14,8.26,422600
BGFV,20110202,12.63,12.79,12.51,12.65,62600
BIB,20110202,30.615,30.615,30.615,30.615,0
BICK,20110202,32.04,32.04,31.67,31.71,28600
BIDU,20110202,118.11,119.21,117.83,118.02,8686500
BIIB,20110202,65.28,66.28,64.92,66.15,1541000
BIOD,20110202,9.04,9.2,8.76,8.96,349500
BIOF,20110202,22.6,22.6,20.8,21.8,871600
BIOS,20110202,5.1,5.11,4.87,4.91,358600
BIRT,20110202,5.66,5.88,5.66,5.81,306200
BIS,20110202,50.14,50.14,50.14,50.14,0
BJRI,20110202,36.19,36.57,36.11,36.25,150400
BKCC,20110202,11.72,11.82,11.63,11.81,437500
BKMU,20110202,4.4,4.49,4.34,4.44,85200
BKOR,20110202,4.45,4.45,4.44,4.44,500
BKSC,20110202,11.99,12.1,11.94,11.94,500
BKYF,20110202,20.62,21.02,20.62,20.88,1500
BLDP,20110202,1.72,2.19,1.72,2.14,4342400
BLDR,20110202,2.4,2.42,2.27,2.31,110400
BLIN,20110202,1.42,1.42,1.42,1.42,0
BLKB,20110202,26.61,27.27,26.61,26.81,133700
BMC,20110202,48.15,48.48,47.9,48.2,1679000
BMRC,20110202,35.54,35.93,35.24,35.49,12200
BMRN,20110202,25.77,26.14,25.74,25.95,1145500
BMTC,20110202,18.92,20.2,18.92,20,81300
BNCL,20110202,8.87,9,8.77,8.79,59400
BNCN,20110202,8.11,8.55,8.09,8.55,8000
BNSO,20110202,1.6,1.8,1.6,1.8,400
BOBE,20110202,32.28,32.7,32.28,32.55,74900
BOCH,20110202,4.2,4.2,4.02,4.1,4500
BODY,20110202,17.8,18,17.55,17.74,30800
BOFI,20110202,15.51,15.74,15.51,15.67,22300
BOKF,20110202,51.66,51.85,51.38,51.44,57900
BOLT,20110202,14.59,14.8,14.55,14.78,21400
BONA,20110202,7.35,7.39,7.15,7.25,38400
BONT,20110202,11.87,11.87,11.28,11.49,84700
BOOM,20110202,20.54,20.85,20.12,20.24,38700
BOSC,20110202,6.24,6.24,5.8,5.8,34100
BPAX,20110202,11.7,11.76,11.4,11.58,843000
BPFH,20110202,6.75,6.89,6.64,6.75,1212500
BPFHW,20110202,2.16,2.3,2,2.29,1026600
BPHX,20110202,2.25,2.27,2.15,2.27,150700
BPOP,20110202,33.5,34,32.6,33.4,13728000
BPOPM,20110202,19.4,19.4,19.4,19.4,1000
BPOPN,20110202,21.31,21.4,21.31,21.4,1600
BRCD,20110202,5.68,5.87,5.67,5.82,9662400
BRCM,20110202,43.84,46.39,42.58,43.79,37725600
BRID,20110202,11.93,12.06,11.55,11.68,3800
BRKL,20110202,11.03,11.23,11.03,11.23,389400
BRKR,20110202,17.83,18.05,17.75,17.9,404900
BRKS,20110202,12.18,12.68,12.06,12.42,796100
BRLI,20110202,23.26,23.44,23.05,23.18,86600
BSDM,20110202,4.33,4.78,4.26,4.66,694700
BSET,20110202,7.25,7.88,7.22,7.29,47900
BSFT,20110202,28.5,34,28.5,32.68,1257000
BSPM,20110202,7.29,7.86,7.2,7.8,195300
BSQR,20110202,9.72,10.18,9.5,9.89,163200
BSRR,20110202,10.86,10.88,10.75,10.8,8400
BSTC,20110202,23.05,27,23.05,25.27,64700
BTUI,20110202,11.93,12.24,11.85,12.13,17000
BUSE,20110202,5,5.07,4.87,4.99,111400
BVSN,20110202,12.28,12.35,11.83,12.09,8200
BWEN,20110202,18.8,19.6,18.7,19.6,482600
BWINA,20110202,21.64,21.64,21.64,21.64,0
BWINB,20110202,23.16,24.27,23.16,23.54,1300
BWLD,20110202,45.3,46.5,45.24,46.38,411500
BYFC,20110202,2.16,2.16,2.16,2.16,500
CA,20110202,24.31,24.91,24.31,24.72,6076400
CAAS,20110202,13.27,13.32,13.08,13.12,155400
CAC,20110202,35.36,35.45,34.8,35.08,3800
CACB,20110202,9.37,9.37,9,9.13,2300
CACC,20110202,58.23,58.78,57.91,58,25600
CACH,20110202,3.74,3.76,3.62,3.7,61900
CADC,20110202,4.7,4.7,4.56,4.65,50600
CADX,20110202,7.74,7.78,7.31,7.37,277500
CAFI,20110202,2.1,2.3,2.1,2.25,32400
CAKE,20110202,29.89,30.29,29.8,29.92,725500
CALD,20110202,6.53,6.61,6.43,6.44,417200
CALI,20110202,17.58,18.3,17.52,18.3,5200
CALL,20110202,10.135,10.135,9.705,9.75,29800
CALM,20110202,28.35,28.48,28,28.1,90200
CAMP,20110202,3.19,3.19,3.11,3.17,82300
CAMT,20110202,3.61,3.7,3.55,3.61,55800
CAR,20110202,14.2,14.56,14.08,14.12,842900
CART,20110202,3.1,3.1,3.05,3.05,1000
CARV,20110202,2.24,2.38,1.86,2.17,10100
CASH,20110202,15.04,15.04,14.86,14.92,500
CASM,20110202,3.1,3.1,3.1,3.1,200
CASS,20110202,37.6,37.79,36.96,37.34,6600
CASY,20110202,42.65,43.24,42.44,42.76,103400
CATM,20110202,17.58,17.94,17.18,17.81,126800
CATY,20110202,17.83,18.2,17.8,17.97,472900
CAVM,20110202,42.57,42.89,41.59,42.29,1677300
CBAK,20110202,10.1,10.3,9.7,9.85,310300
CBAN,20110202,4.26,4.26,4.26,4.26,0
CBEY,20110202,14.62,14.86,14.62,14.71,116600
CBIN,20110202,10.8,10.99,10.79,10.99,1500
CBLI,20110202,6.99,7.21,6.78,7.16,401600
CBMX,20110202,27.7,27.7,26.9,27.7,11700
CBMXW,20110202,2.5,2.5,2.5,2.5,500
CBNJ,20110202,10.03,10.15,9.95,10.06,6200
CBNK,20110202,13.94,14.16,13.82,14.16,2900
CBOE,20110202,22.86,23.37,22.72,23.25,364600
CBPO,20110202,16.2,17,16.1,17,108000
CBRL,20110202,51.07,51.55,50.84,51.2,269400
CBRX,20110202,2.27,2.4,2.25,2.39,386600
CBSH,20110202,41.55,41.76,40.95,40.97,374500
CBST,20110202,22.2,22.41,22.13,22.24,393800
CCBG,20110202,12.93,13.13,12.83,12.88,19100
CCCL,20110202,7.6,7.69,7.57,7.68,28500
CCIH,20110202,21.77,22.45,21.65,22.16,27500
CCIX,20110202,6.89,7,6.68,6.91,15800
CCMP,20110202,45.39,46.29,45.39,45.96,168100
CCNE,20110202,14.18,14.28,13.96,14.08,4400
CCOI,20110202,13.83,13.94,13.57,13.63,175500
CCRN,20110202,7.28,7.39,7.18,7.25,83600
CCUR,20110202,5.11,5.15,4.85,5.01,42900
CDNS,20110202,8.71,9.01,8.64,8.83,3951500
CDTI,20110202,6.58,7.75,6.26,7.44,72500
CDXS,20110202,9.03,9.5,9,9.45,73300
CDZI,20110202,12.16,12.18,11.9,11.98,14200
CECE,20110202,5.51,5.6,5.32,5.41,34700
CECO,20110202,23.04,23.37,22.84,22.87,650900
CEDU,20110202,7.8,7.8,7.75,7.8,600
CELG,20110202,52.06,53.29,52.03,53.17,3782400
CELGZ,20110202,2.21,2.46,2.21,2.41,23400
CENT,20110202,9.98,10.07,9.83,9.88,41700
CENTA,20110202,9.83,10.03,9.77,9.8,110500
CENX,20110202,15.57,15.69,15.23,15.24,1414400
CERN,20110202,49.88,50.335,49.065,49.325,413000
CERS,20110202,3.36,3.42,3.3,3.31,295100
CETV,20110202,18.84,18.93,18.4,18.47,184000
CEVA,20110202,24.46,25.74,24.29,25.53,213400
CFBK,20110202,8.3,8.3,8.3,8.3,1700
CFFI,20110202,23.4,23.4,23.31,23.31,500
CFFN,20110202,12.04,12.26,12.02,12.13,1862000
CFNB,20110202,14.07,14.16,14.05,14.15,1300
CFNL,20110202,11.12,11.2,10.98,11.03,21000
CGEN,20110202,5.37,5.48,5.28,5.41,98000
CGNX,20110202,32.15,33,32,32.81,174800
CHCI,20110202,1.27,1.4,1.26,1.37,115000
CHCO,20110202,35.53,35.81,34.72,35.23,100700
CHDN,20110202,41.65,42.01,41.57,41.79,13100
CHDX,20110202,16.58,16.78,16.25,16.76,18600
CHEV,20110202,8.55,8.68,8.55,8.65,2100
CHFC,20110202,21.15,21.37,20.86,21.04,29800
CHFN,20110202,8.9109,9.6534,8.9109,9.6534,58500
CHKE,20110202,15.91,16.53,15.72,16.45,77300
CHKP,20110202,46.3,46.9,46.02,46.37,2732800
CHLN,20110202,2.8,2.84,2.75,2.76,56400
CHNR,20110202,13.47,13.5,12.95,13.19,11900
CHOP,20110202,5.93,5.93,5.85,5.85,116000
CHRM,20110202,10.3,10.5,10.3,10.5,81500
CHRW,20110202,75.2,78.2,73.7,73.74,5322500
CHSCP,20110202,29.1,29.26,29.1,29.2,7800
CHTP,20110202,5,5.73,4.75,5.04,5125600
CHTR,20110202,41.83,42,41.59,41.62,52800
CHYR,20110202,2.99,2.99,2.82,2.84,17800
CIDM,20110202,1.58,1.58,1.53,1.53,3100
CIEN,20110202,22.99,23.62,22.99,23.31,5148600
CIMT,20110202,4.07,4.34,4.07,4.11,69400
CINF,20110202,32.92,32.94,32.53,32.58,867600
CISG,20110202,17.91,18.2,17.19,17.38,522000
CITZ,20110202,5.6,5.66,5.35,5.35,1800
CIZN,20110202,20.61,20.61,20.61,20.61,0
CJJD,20110202,4.5,4.54,4.4,4.5,24100
CKEC,20110202,6.7,6.83,6.55,6.7,64000
CKSW,20110202,7.71,7.81,7.6,7.78,93200
CLBH,20110202,3.75,3.75,3.7,3.7,2800
CLCT,20110202,13.88,13.88,13.79,13.84,32000
CLDX,20110202,3.65,3.7,3.52,3.54,456700
CLFD,20110202,4.75,4.9,4.65,4.67,72600
CLMS,20110202,16.12,16.31,15.92,16.2,102000
CLMT,20110202,23.72,24,23.72,23.98,141500
CLNE,20110202,12,12.03,11.75,11.75,890700
CLRO,20110202,4.95,5.09,4.95,5.05,2700
CLSN,20110202,2.75,2.79,2.62,2.7,73400
CLUB,20110202,4.04,4.27,4.04,4.23,35900
CLWR,20110202,5.19,5.24,5.15,5.18,2059100
CLWT,20110202,7.425,7.645,7.37,7.425,12200
CMCO,20110202,17.16,17.4,17.13,17.35,67900
CMCSA,20110202,23.28,23.41,22.92,23.07,13618600
CMCSK,20110202,21.84,22,21.57,21.72,3722900
CME,20110202,315.01,317.27,313.4,315.14,541100
CMLS,20110202,4.47,4.58,4.28,4.32,51700
CMSB,20110202,8.74,9.04,8.73,9.04,2500
CMTL,20110202,27.81,28.42,27.68,27.7,310000
CNBC,20110202,8.99,9,8.91,8.98,10600
CNBKA,20110202,26.57,26.94,26.57,26.94,700
CNET,20110202,3.91,4.09,3.91,4.09,14900
CNIT,20110202,4.53,4.62,4.52,4.52,277200
CNMD,20110202,26,26.52,25.96,26.01,55100
CNQR,20110202,50.8,52,50.8,51.2,641500
CNSL,20110202,18.22,18.35,18.11,18.23,96000
CNTF,20110202,4.19,4.22,4.08,4.2,33700
CNTY,20110202,2.55,2.56,2.47,2.49,43600
CNYD,20110202,9.65,9.76,9.56,9.75,3500
COBK,20110202,12.48,12.49,12.48,12.49,1100
COBR,20110202,3.32,3.43,3.32,3.35,5500
COBZ,20110202,6.42,6.55,6.31,6.49,117100
COCO,20110202,5.4,5.41,5.05,5.07,6533300
COGO,20110202,8.95,9.15,8.61,8.8,619900
COHR,20110202,53.01,54.65,52.76,54.32,292300
COHU,20110202,15.12,15.5,15.12,15.41,88400
COKE,20110202,55.55,55.84,54.81,54.97,13400
COLB,20110202,20.53,20.55,20.31,20.51,127600
COLM,20110202,62.07,62.67,60.75,61.19,123900
CONN,20110202,4.48,4.54,4.39,4.46,78800
COOL,20110202,1.23,1.44,1.22,1.3,1748300
CORE,20110202,34.11,34.11,33.74,33.95,21600
CORT,20110202,4.05,4.08,4,4,517000
COSI,20110202,1.41,1.41,1.3,1.32,87200
COST,20110202,72.15,72.48,70.54,70.85,4454700
COWN,20110202,4.5,4.52,4.46,4.47,87700
CPBC,20110202,5.29,5.29,5.29,5.29,0
CPGI,20110202,3.86,3.86,3.81,3.81,5300
CPHC,20110202,13.1,13.1,12.56,12.82,7300
CPHD,20110202,23.89,24.15,23.65,24,168500
CPIX,20110202,6.15,6.29,6.14,6.18,47400
CPLA,20110202,58.34,61.15,57.82,60.48,463900
CPLP,20110202,9.88,9.93,9.53,9.64,281600
CPNO,20110202,33.58,33.71,33.12,33.63,312200
CPRT,20110202,19.895,20.105,19.785,19.8,410800
CPRX,20110202,1.19,1.2,1.15,1.18,52600
CPSI,20110202,52.61,54,52.49,53.48,158300
CPSL,20110202,19.68,20.76,19.68,20.28,562600
CPSS,20110202,1.17,1.19,1.16,1.16,7900
CPST,20110202,1.22,1.3,1.19,1.24,6890700
CPTS,20110202,13.93,14.25,13.87,14.25,224100
CPWR,20110202,10.84,11.02,10.78,10.84,3239200
CRAI,20110202,25.4,25.44,24.16,24.39,8500
CRAY,20110202,7.74,7.92,7.56,7.9,188300
CRDC,20110202,4,4.1,3.88,4.03,118000
CREE,20110202,51.51,52.5,51.25,51.83,2703700
CREG,20110202,3.09,3.14,3.08,3.14,17000
CRESW,20110202,0.25,0.25,0.25,0.25,8900
CRESY,20110202,18.9,19.15,18.88,18.96,103100
CRFN,20110202,2.3,2.3,2.3,2.3,2800
CRIS,20110202,2.85,2.89,2.78,2.8,364100
CRME,20110202,33,34.05,32.5,33.55,88400
CRMT,20110202,25.01,25.38,24.91,25.34,39500
CRNT,20110202,12.86,12.93,12.59,12.75,347100
CROX,20110202,16.82,17.07,16.51,17.04,1142600
CRRB,20110202,5.02,5.02,5.02,5.02,0
CRRC,20110202,14.46,14.68,14.18,14.3,9500
CRTX,20110202,5.84,5.98,5.83,5.85,10600
CRUS,20110202,21.6,22.74,21.51,22.5,5226000
CRVL,20110202,48.68,48.7,47.6,48.06,14300
CRWN,20110202,2.53,2.57,2.46,2.49,80200
CRWS,20110202,4.74,4.75,4.74,4.75,300
CRZO,20110202,33.92,34.58,33.45,33.95,341800
CSBK,20110202,11.72,11.79,11.65,11.71,7200
CSCD,20110202,6.03,6.5,6.01,6.2,116200
CSCO,20110202,21.52,21.69,21.42,21.62,41287300
CSFL,20110202,7.58,7.6,7.42,7.57,45300
CSGP,20110202,57.87,58.85,57.8,58.12,42800
CSGS,20110202,19.78,20,19.78,19.86,356600
CSII,20110202,11.45,11.5,10.74,11.49,136600
CSIQ,20110202,14.41,15.02,14.27,14.82,1438600
CSPI,20110202,3.9,3.9,3.9,3.9,500
CSTR,20110202,42.54,43.72,42.31,43.04,1924900
CSUN,20110202,4.52,4.76,4.5,4.68,448200
CSWC,20110202,95.75,100.5,95.75,99.73,1100
CTAS,20110202,28.44,28.7,28.23,28.63,1003400
CTBI,20110202,29.68,29.89,29.33,29.48,17000
CTCH,20110202,3.86,3.86,3.8,3.84,16800
CTCM,20110202,22.54,22.91,22.44,22.51,189100
CTCT,20110202,28.83,29.27,28.53,28.95,231300
CTGX,20110202,12.27,12.36,11.94,12.01,25000
CTHR,20110202,2.69,2.73,2.69,2.69,10200
CTIB,20110202,5.95,5.97,5.95,5.97,3800
CTIC,20110202,1.75,1.75,1.7,1.7,3965800
CTRN,20110202,20.39,22.12,20.1,21.48,367800
CTRP,20110202,42,42.4,41.19,41.21,1303700
CTSH,20110202,75.05,76.16,74.99,76.16,2550900
CTWS,20110202,24.85,25.17,24.85,25.01,11400
CTXS,20110202,64.77,66.14,64.74,65.78,2071800
CU,20110202,44.53,44.97,44.34,44.9,61800
CUBA,20110202,7.34,7.36,7.3,7.3,11200
CUTR,20110202,8.36,8.4,8.29,8.4,28600
CVBF,20110202,8.35,8.48,8.25,8.28,464500
CVCO,20110202,41.49,41.5,39.48,39.58,19800
CVCY,20110202,5.99,6,5.99,6,1800
CVGI,20110202,16.41,16.66,15.86,15.94,179900
CVGW,20110202,23.71,23.95,23.37,23.53,34900
CVLT,20110202,30.74,33.21,30.74,33.08,695800
CVLY,20110202,10.15,10.15,10.15,10.15,0
CVTI,20110202,9.26,9.45,9.04,9.1,28100
CVV,20110202,7.97,7.98,7.85,7.85,1000
CWBC,20110202,4.46,4.7,4.4,4.4,5900
CWCO,20110202,11.16,11.2,10.81,10.82,48600
CWEI,20110202,89.78,92,89.57,90.05,22700
CWST,20110202,8.19,8.27,7.96,8,147000
CWTR,20110202,11.8,12.36,11.8,12.08,953700
CXDC,20110202,6.62,6.84,6.55,6.66,333000
CXPO,20110202,4.24,4.24,4.13,4.14,69200
CY,20110202,21.85,22.67,21.81,22.58,2963500
CYAN,20110202,2.94,3,2.61,2.66,23100
CYBE,20110202,9.44,9.5,9.31,9.38,8300
CYBX,20110202,32.89,33.02,32.46,32.84,113400
CYCC,20110202,10.15,10.15,9.94,10.01,351700
CYCCP,20110202,4.25,4.25,4.1,4.1,900
CYMI,20110202,50,50.5,49.42,49.47,291500
CYNO,20110202,10.93,11.77,10.93,11.58,60300
CYOU,20110202,39.49,39.55,36.22,37.07,522400
CYTK,20110202,1.9,1.93,1.9,1.91,185600
CYTR,20110202,5.88,6.02,5.6,5.67,197600
CYTX,20110202,5.6,5.62,5.4,5.45,366800
CYTXW,20110202,3.42,3.78,3.39,3.78,300
CZFC,20110202,7.76,7.76,7.75,7.75,200
CZNC,20110202,15.57,15.7,14.82,15.01,17000
CZWI,20110202,5.19,5.19,5,5,4400
DAIO,20110202,6.04,6.04,5.81,6.01,27600
DAKT,20110202,15.47,15.77,15.29,15.37,85800
DARA,20110202,3.71,3.84,3.55,3.8,216200
DAVE,20110202,10.22,10.54,10.08,10.38,16800
DBLE,20110202,8.36,8.7,8.28,8.5,301000
DBLEP,20110202,26,26,25.97,26,3100
DCIX,20110202,12.53,12.75,12.4,12.51,79400
DCOM,20110202,15.48,15.89,15.48,15.8,123700
DCTH,20110202,9.62,10.18,9.62,10.08,767300
DECK,20110202,75.83,76.76,74.78,76.54,955400
DELL,20110202,13.41,13.78,13.39,13.72,15832400
DENN,20110202,3.86,4,3.86,3.87,532800
DEPO,20110202,8.31,9.44,8.25,9.33,4038000
DEST,20110202,20.25,20.27,19.85,19.995,55800
DFZ,20110202,10.68,10.74,10.64,10.69,13100
DGAS,20110202,16.18,16.18,15.595,15.775,6600
DGICA,20110202,13.32,13.32,12.99,13.14,4700
DGICB,20110202,18.69,18.69,18.69,18.69,0
DGII,20110202,10.78,10.93,10.73,10.81,43500
DGIT,20110202,27.75,28.22,27.44,27.85,136800
DGLY,20110202,1.61,1.63,1.6,1.61,19300
DHIL,20110202,69.98,69.98,69.11,69.66,2200
DHRM,20110202,5.35,5.48,5.2,5.2,18000
DIOD,20110202,26.25,26.88,26.25,26.61,159200
DISCA,20110202,38.83,40.01,38.82,39.7,1472000
DISCB,20110202,38.75,38.75,38.75,38.75,0
DISCK,20110202,34.16,35.08,33.68,34.9,957600
DISH,20110202,22.08,22.15,21.69,21.75,2206300
DJCO,20110202,71.01,71.01,71.01,71.01,0
DLGC,20110202,24.95,25.15,24.95,25.15,1600
DLIA,20110202,1.85,1.9,1.77,1.79,78200
DLLR,20110202,20.9667,21.2533,20.5467,20.5733,96000
DLTR,20110202,25,25.115,24.605,24.735,2398500
DMLP,20110202,28.85,28.85,28.25,28.5,36800
DMND,20110202,51.01,51.53,50.74,50.8,131600
DMRC,20110202,30.16,30.8,30.04,30.11,6900
DNBF,20110202,10.5,10.5,10,10,1100
DNDN,20110202,34.84,34.97,34.4,34.67,2374900
DORM,20110202,17.005,17.6,16.75,17.19,69500
DOVR,20110202,2.97,2.97,2.8,2.96,1200
DRAD,20110202,2.29,2.36,2.26,2.35,43600
DRAM,20110202,13.08,13.98,12.48,13.98,89800
DRCO,20110202,13.54,13.55,13.3,13.55,5100
DRIV,20110202,31.88,32.49,31.85,32.32,488600
DRRX,20110202,3.34,3.38,3.26,3.29,121700
DRWI,20110202,7.25,7.3,7.19,7.23,127100
DRYS,20110202,4.9,5.05,4.82,4.95,10885700
DSCI,20110202,6.25,6.92,6.25,6.67,35600
DSCO,20110202,3.15,3.19,3.05,3.05,220600
DSGX,20110202,7.04,7.08,7.02,7.08,6300
DSPG,20110202,7.65,7.72,7.56,7.66,30000
DSWL,20110202,3.06,3.15,3.05,3.09,31200
DTLK,20110202,6.56,7.45,6.56,7.09,396900
DTSI,20110202,45.7,46.11,45.56,45.72,32100
DTV,20110202,42.84,43.27,42.54,42.61,4523500
DVAX,20110202,3.03,3.09,2.98,3,526000
DVOX,20110202,5.32,5.48,5.31,5.41,38800
DWA,20110202,28.38,28.7,28.36,28.7,451300
DWCH,20110202,3.4,3.49,3.1,3.33,2600
DWSN,20110202,33.26,34.73,32.73,34.66,59500
DXCM,20110202,14.1,14.29,13.81,13.86,533800
DXPE,20110202,23.14,23.33,22.91,23.05,20800
DXYN,20110202,4.48,4.5,4.46,4.48,9700
DYAX,20110202,2.01,2.04,1.96,2,205000
DYNT,20110202,4.5,4.7,4.3,4.6,3400
DYSL,20110202,5.01,5.08,4.92,4.92,8200
EBAY,20110202,31.5,32.12,31.37,31.88,12773800
EBIX,20110202,22.93,23.64,22.81,23.55,406300
EBMT,20110202,11.28,11.3,11.15,11.15,11600
EBSB,20110202,12.57,12.61,12.42,12.61,5700
EBTC,20110202,14.26,15.2,14.25,14.39,15000
ECHO,20110202,11.96,12.41,11.9,12.24,47300
ECOL,20110202,17.21,17.27,16.75,16.82,36300
ECPG,20110202,23.52,23.89,22.92,22.97,36500
ECTY,20110202,3.5,3.54,3.4,3.48,36600
EDAC,20110202,3.64,3.83,3.64,3.83,2400
EDAP,20110202,4.26,4.34,4.02,4.14,388000
EDGW,20110202,2.29,2.33,2.27,2.33,13400
EDMC,20110202,19.48,19.9,18.8,18.89,316000
EDS,20110202,8.01,8.01,7.94,7.96,17700
EDUC,20110202,6.8,6.8,6.8,6.8,0
EEFT,20110202,18.77,18.99,18.67,18.86,70500
EEI,20110202,15.13,15.13,15,15.05,3500
EFII,20110202,14.99,15.23,14.88,15,219400
EFSC,20110202,12.95,13.1,12.9,12.94,31400
EFUT,20110202,5.3,5.31,5.3,5.3,2900
EGBN,20110202,14.09,14.24,13.85,14.04,10200
EGHT,20110202,2.68,2.83,2.62,2.8,803000
EGLE,20110202,16.6,17.4,16.44,17.36,3098900
EGOV,20110202,10.21,10.27,10.15,10.2,260200
EHTH,20110202,12.25,12.34,12.22,12.31,160300
EIHI,20110202,12.99,12.99,12.65,12.85,3300
ELGX,20110202,6.24,6.48,6.18,6.35,838100
ELNK,20110202,8.52,8.66,8.51,8.6,1391800
ELON,20110202,9.18,9.33,9.07,9.24,89900
ELOS,20110202,10.92,11,10.82,10.96,81400
ELRC,20110202,15.75,16,15.75,15.84,15500
ELSE,20110202,4.55,4.55,4.55,4.55,5000
ELTK,20110202,1.43,1.44,1.37,1.4,7300
EMCF,20110202,17.3,17.3,17.3,17.3,0
EMCI,20110202,22.84,23.11,22.84,23.01,7600
EMFN,20110202,27.74,27.74,27.5,27.5,10900
EMIF,20110202,34.32,34.37,34.16,34.23,22800
EMITF,20110202,11.78,11.78,11.78,11.78,200
EMKR,20110202,5.64,6.32,5.6,6.08,1845600
EMMS,20110202,1.09,1.09,1,1.05,183600
EMMSP,20110202,19.94,19.94,19.94,19.94,0
EMMT,20110202,27.99,27.99,27.75,27.76,14000
ENDP,20110202,34.28,34.66,34.21,34.55,533900
ENG,20110202,4.63,4.77,4.55,4.74,125300
ENMD,20110202,5.16,5.22,5.04,5.17,31700
ENOC,20110202,26.01,26.08,25.23,25.29,274800
ENSG,20110202,24.41,24.6,24.08,24.36,44500
ENTG,20110202,8.52,8.6,8.27,8.43,2046300
ENTR,20110202,10.69,11.3,10.16,11.01,9674300
ENZN,20110202,11.33,11.4,11.27,11.32,282800
EONC,20110202,1.86,1.88,1.83,1.88,2600
EPAX,20110202,11.25,11.45,11.07,11.22,27800
EPAY,20110202,22.81,23.48,22.81,23.36,172300
EPIQ,20110202,13.34,13.53,13.34,13.36,59900
EQIX,20110202,89.08,91.78,88.31,90.44,1077300
ERIC,20110202,12.59,12.82,12.56,12.81,6827700
ERIE,20110202,67.37,67.98,67.37,67.59,28900
ERII,20110202,3.51,3.62,3.46,3.54,404600
EROC,20110202,9.3,9.34,9.25,9.29,234600
ESBF,20110202,11.85,12.1167,11.6333,11.7167,12100
ESBK,20110202,17.5,17.5,17.5,17.5,0
ESCA,20110202,6.29,6.29,6.27,6.29,3000
ESEA,20110202,3.6,3.67,3.56,3.6,58000
ESGR,20110202,83.6,85,82.36,83.32,6600
ESIO,20110202,16.54,16.68,16.47,16.48,74100
ESLT,20110202,50,50.1,49.42,49.42,4300
ESMC,20110202,1.4,1.4,1.4,1.4,0
ESRX,20110202,57.52,58.05,57,57.23,1872700
ESSA,20110202,12.71,12.85,12.61,12.69,4700
ESSX,20110202,6.16,6.2,6,6.2,18200
ESYS,20110202,4.8,4.8,4.8,4.8,0
ETFC,20110202,17.12,17.34,17.05,17.19,2555900
ETRM,20110202,2.74,2.74,2.54,2.56,72000
EUFN,20110202,24.07,24.07,23.86,24,21300
EVBS,20110202,4.8,4.94,4.79,4.94,5000
EVEP,20110202,44.75,44.99,44.09,44.13,320300
EVOL,20110202,8.09,8.19,8.09,8.17,7100
EWBC,20110202,21.87,22.15,21.79,22,1096400
EXAC,20110202,18.13,18.13,17.47,17.52,9900
EXAR,20110202,6.63,6.7,6.53,6.62,114100
EXAS,20110202,5.84,5.87,5.62,5.73,480900
EXEL,20110202,9.25,9.82,9,9.56,2050600
EXFO,20110202,10.15,10.51,10.12,10.43,227700
EXLP,20110202,28,28.44,27.94,28.27,87100
EXLS,20110202,19.74,19.87,19.65,19.74,16100
EXPD,20110202,52.1,52.22,50.54,50.62,1159500
EXPE,20110202,25.19,25.48,25.09,25.23,2888900
EXPO,20110202,37.26,37.47,36.68,37.03,13400
EXTR,20110202,3.69,3.72,3.53,3.68,621500
EXXI,20110202,28.6,29.24,28.2,29.01,1367900
EZCH,20110202,30.52,31.1,30.36,30.56,338200
EZPW,20110202,27.56,28.05,27.56,27.99,257000
FABK,20110202,13.23,13.23,13.23,13.23,200
FALC,20110202,3.66,3.8,3.66,3.75,104200
FARM,20110202,12.78,12.87,12.5,12.58,16900
FARO,20110202,31.06,31.57,30.27,30.38,26900
FAST,20110202,29.625,29.885,29.41,29.475,654100
FBIZ,20110202,12.25,12.25,12.25,12.25,0
FBMI,20110202,6.6,6.7,6.55,6.61,6600
FBMS,20110202,8.61,8.61,8.61,8.61,0
FBNC,20110202,15.28,15.42,15.01,15.05,18500
FBSS,20110202,13.15,13.15,13.15,13.15,300
FCAL,20110202,3.26,3.26,3.16,3.17,114100
FCAP,20110202,15.54,15.54,15.54,15.54,100
FCBC,20110202,13.76,13.99,13.44,13.58,19600
FCCO,20110202,6.5,6.5,6.31,6.31,1000
FCCY,20110202,9.39,9.4,9.32,9.32,400
FCEL,20110202,1.81,1.88,1.78,1.84,1438300
FCFC,20110202,7.52,7.7,7.52,7.68,1900
FCFS,20110202,33.79,34.47,33.79,33.95,96100
FCHI,20110202,51.14,51.2,51.07,51.07,2400
FCLF,20110202,7.5,7.5,7.5,7.5,0
FCNCA,20110202,199.21,202.71,198.16,198.18,3800
FCTY,20110202,4.21,4.21,4.21,4.21,0
FCVA,20110202,3.55,3.7,3.55,3.7,4500
FCZA,20110202,4.56,4.72,4.5,4.65,9300
FDEF,20110202,13.21,13.21,13.1,13.17,7500
FDML,20110202,23.16,23.71,22.63,22.65,87300
FEFN,20110202,27.25,27.25,27.25,27.25,200
FEIC,20110202,28.18,28.31,27.82,27.86,141300
FEIM,20110202,7.2,7.48,7.13,7.17,13100
FELE,20110202,21.535,21.715,21.42,21.585,53400
FFBC,20110202,17.27,17.55,17.26,17.4,336100
FFBCW,20110202,6.7,6.7,6.7,6.7,1300
FFBH,20110202,2.2,2.2,2.05,2.1,17100
FFCH,20110202,10.38,10.78,10.34,10.41,42400
FFCO,20110202,14.11,14.11,14,14,12700
FFEX,20110202,4.02,4.06,3.91,4.03,21900
FFHL,20110202,4.48,4.5,4.45,4.47,17600
FFIC,20110202,14.56,14.75,14.37,14.4,36600
FFIN,20110202,33.3133,33.42,33.1467,33.3067,37900
FFIV,20110202,107.81,113.74,107.81,113.51,3730600
FFKT,20110202,6.9,6.99,6.7,6.85,7200
FFKY,20110202,4.18,4.42,4.12,4.3,6700
FFNM,20110202,3.94,3.94,3.94,3.94,200
FFNW,20110202,4.9,5.01,4.89,4.92,20100
FHCO,20110202,5.4,5.48,5.39,5.44,32400
FIBK,20110202,13.68,13.94,13.3,13.46,49700
FINL,20110202,15.9,15.97,15.12,15.21,1836800
FIRE,20110202,25.34,25.84,25.3,25.46,239300
FISI,20110202,20.11,20.26,19.62,19.65,11900
FISV,20110202,62.94,63.2,62.38,62.51,732000
FITB,20110202,15.45,15.52,15.24,15.45,12841400
FITBP,20110202,154.75,155,154.13,155,4500
FIZZ,20110202,13.64,13.74,13.51,13.59,14900
FLEX,20110202,8,8.02,7.96,8,4478700
FLIC,20110202,27.79,28.03,27.75,27.77,8000
FLIR,20110202,31.99,32.64,31.95,32.16,1758300
FLML,20110202,6.05,6.12,6.04,6.05,27100
FLOW,20110202,3.87,3.96,3.84,3.89,120000
FLWS,20110202,2.78,2.87,2.74,2.83,187500
FLXS,20110202,16.94,17.19,16.88,17.19,4800
FMBI,20110202,11.75,11.81,11.53,11.67,530200
FMCN,20110202,25.98,26.61,25.98,26.56,1428600
FMER,20110202,17,17.55,16.55,17.38,4564600
FMFC,20110202,3.86,3.95,3.86,3.95,5200
FNBN,20110202,0.41,0.42,0.34,0.42,151800
FNFG,20110202,14.42,14.7,14.36,14.63,3454500
FNGN,20110202,23.15,23.43,22.68,22.9,144200
FNLC,20110202,15.12,15.28,14.93,15.04,3600
FNSR,20110202,34.06,34.98,34.02,34.43,1694200
FOLD,20110202,6.01,6.19,5.92,5.92,48600
FONR,20110202,1.34,1.34,1.28,1.28,9300
FORD,20110202,3.51,3.58,3.43,3.51,37300
FORM,20110202,8.56,9.68,8.5,9.39,1472900
FORR,20110202,36.4,36.86,36.27,36.41,28700
FORTY,20110202,17.8,18.25,17.8,18.25,14600
FOSL,20110202,72.98,73.3,72.14,72.82,279700
FRBK,20110202,3.19,3.25,3.19,3.23,40100
FRED,20110202,13.66,13.82,13.31,13.31,125000
FREE,20110202,32.1,33.3,31.7,33.3,31400
FRME,20110202,9.07,9.1,8.56,9.02,45800
FRP,20110202,24.3,24.37,24.25,24.25,1300
FSBK,20110202,5.6,5.78,5.6,5.71,19200
FSCI,20110202,25.29,25.3,24.38,24.38,10800
FSFG,20110202,17.7,17.7,17.52,17.52,1500
FSGI,20110202,1.01,1.06,0.99,1.05,9700
FSLR,20110202,157.32,165.9,157.32,164.4,3072700
FSRV,20110202,28.95,29.23,28.95,29.09,6300
FSTR,20110202,40.77,41.31,40.03,40.5,22900
FSYS,20110202,25.99,26.17,25.47,25.54,279000
FTEK,20110202,8.38,8.69,8.38,8.4,127700
FTNT,20110202,19.63,19.745,19.46,19.505,805100
FUBC,20110202,6.63,6.63,6.42,6.44,67100
FULL,20110202,8.95,8.95,8.42,8.83,5300
FULT,20110202,10.55,10.73,10.45,10.47,935200
FUNC,20110202,4.18,4.25,4.18,4.25,1900
FUND,20110202,7.82,7.82,7.74,7.79,120100
FURX,20110202,16.71,16.9,16.71,16.79,50800
FWLT,20110202,37.3,37.81,37,37.75,1141000
FWRD,20110202,28.39,28.39,27.79,28.03,142900
FXCB,20110202,12.57,12.64,12.48,12.48,15600
FXEN,20110202,10.22,10.73,9.7,9.88,1037500
GABC,20110202,17.57,17.68,17.3,17.41,7700
GAGA,20110202,8.14,8.14,7.9,8.13,11000
GAI,20110202,8.31,8.31,8.31,8.31,100
GAIA,20110202,7.73,7.86,7.71,7.8,49400
GAIN,20110202,7.81,7.86,7.68,7.81,52000
GAME,20110202,6,6.18,6,6.16,429600
GASS,20110202,6.7,6.84,6.7,6.82,13800
GBCI,20110202,14.23,14.24,14.08,14.09,397000
GBDC,20110202,16.15,16.69,16.15,16.51,8300
GBLI,20110202,20.34,20.42,19.78,19.95,8700
GBNK,20110202,1.44,1.5,1.4,1.48,101200
GCBC,20110202,17.42,17.42,17.42,17.42,0
GCFB,20110202,3.66,3.71,3.5,3.6,10700
GCOM,20110202,9.7,9.83,9.62,9.63,9400
GENC,20110202,7.89,7.89,7.77,7.89,700
GENE,20110202,3.15,3.8,3.15,3.64,516300
GENT,20110202,8.85,9.38,8.45,9.07,70200
GERN,20110202,5.04,5.06,5,5.02,996100
GFED,20110202,6.49,6.49,6.01,6.28,5000
GFN,20110202,3.49,3.49,2.69,2.74,30200
GFNCL,20110202,2.62,2.62,2.62,2.62,0
GGAL,20110202,15.5,15.78,15.24,15.76,461300
GHDX,20110202,21.85,22.33,21.85,22.28,82100
GIFI,20110202,28.37,28.82,28.24,28.72,36800
GIGA,20110202,2.7,2.72,2.5,2.6,23600
GIGM,20110202,1.25,1.25,1.21,1.24,338200
GIII,20110202,36.77,36.98,35.67,36.05,83300
GILD,20110202,19.16,19.875,19.16,19.73,11302400
GILT,20110202,5.21,5.38,5.21,5.36,66900
GIVN,20110202,16.83,17.23,16.83,17.03,92900
GKNT,20110202,19.22,19.52,18.94,18.94,20400
GLAD,20110202,11,11.19,10.97,10.99,44700
GLBS,20110202,9.19,9.53,9,9.53,3900
GLBZ,20110202,8.25,8.25,8.25,8.25,1200
GLCH,20110202,2.15,2.22,2.14,2.2,242800
GLDC,20110202,3.12,3.24,3.11,3.17,3300
GLDD,20110202,8.61,8.66,8.5,8.51,254100
GLNG,20110202,18,18,17.61,17.65,259200
GLPW,20110202,23.52,23.52,23.24,23.49,44600
GLRE,20110202,28.6,28.7,28.07,28.38,45700
GLUU,20110202,3,3.33,2.95,3.15,2856100
GMAN,20110202,14.58,14.83,14.48,14.49,36800
GMCR,20110202,33.22,33.41,32.73,32.96,6416400
GMETP,20110202,11.1,11.1,11.1,11.1,0
GNCMA,20110202,12.39,12.54,12.22,12.36,42600
GNMK,20110202,4.47,4.59,4.25,4.4,15300
GNTX,20110202,31.87,32.14,31.25,31.28,1240900
GNVC,20110202,0.55,0.57,0.53,0.54,708200
GOLD,20110202,79.51,79.98,78.31,78.59,888200
GOOD,20110202,18.27,18.65,18.27,18.35,30800
GOODO,20110202,24.6,24.6,24.3,24.3,2200
GOODP,20110202,24.63,24.63,24.63,24.63,200
GOOG,20110202,611,614.34,607.53,612,1760700
GPIC,20110202,6.66,6.89,6.66,6.75,8300
GPOR,20110202,25.34,25.98,25.25,25.55,448200
GPRC,20110202,6.08,6.14,5.94,6.14,55700
GPRE,20110202,11.54,11.79,11.38,11.59,292200
GRID,20110202,34.11,34.42,34.11,34.4,600
GRIF,20110202,30.5,30.9,29.74,30.1,6900
GRMN,20110202,30.67,30.83,30.43,30.58,994600
GROW,20110202,7.32,7.35,7.08,7.32,86500
GRVY,20110202,2.02,2.09,2.02,2.07,38400
GSBC,20110202,22.76,22.87,22.18,22.42,10800
GSIT,20110202,9.31,9.45,9.25,9.34,333900
GSM,20110202,19.3,19.5,19.23,19.25,268100
GSOL,20110202,10.53,10.66,10.4,10.47,30700
GTIM,20110202,3.5,3.67,3.5,3.6,2400
GTIV,20110202,23.6,23.7,23.3,23.48,123500
GTLS,20110202,37.31,37.68,36.78,37.33,270500
GTXI,20110202,2.75,2.81,2.71,2.77,66000
GUID,20110202,7.09,7.35,7.07,7.25,16600
GULF,20110202,16.64,16.81,16.59,16.74,33600
GYRO,20110202,77.6,77.6,77.6,77.6,0
HA,20110202,7.34,7.4,6.65,6.99,3317000
HAFC,20110202,1.3,1.31,1.26,1.3,1313000
HAIN,20110202,26.58,27.33,26.47,27.24,393400
HALL,20110202,8.58,8.58,8,8.52,17700
HALO,20110202,6.93,7.12,6.93,7.04,310500
HAS,20110202,43.79,44.21,43.09,43.39,1960600
HAST,20110202,5.89,6,5.85,5.98,25800
HAUP,20110202,2.49,2.83,2.47,2.75,508600
HAWK,20110202,7.21,7.22,7,7.01,158600
HAYN,20110202,52.09,52.77,50.66,51.47,117000
HBAN,20110202,7.19,7.32,7.18,7.21,16970000
HBANP,20110202,1137.5,1140,1130,1130,100
HBCP,20110202,13.87,13.98,13.87,13.92,2400
HBHC,20110202,32.88,33.16,32.49,32.57,141800
HBIO,20110202,4.27,4.3,4.25,4.28,19100
HBNC,20110202,12.1689,12.2,12.1689,12.1689,500
HBNK,20110202,12.3,12.35,12.16,12.2,5700
HBOS,20110202,11.62,11.66,11.59,11.6,4700
HCBK,20110202,10.89,11,10.85,10.89,7068400
HCCI,20110202,11.83,12,11.75,11.8,2000
HCKT,20110202,3.75,3.8,3.68,3.68,12200
HCSG,20110202,16.06,16.2,16.01,16.13,124500
HDNG,20110202,9.01,9.01,8.64,8.71,60400
HDSN,20110202,2.01,2.08,2,2.06,82300
HEES,20110202,12.71,13.5,12.71,13.01,356700
HELE,20110202,28.88,29.3,28.88,29,86200
HEOP,20110202,3.65,3.65,3.63,3.65,6800
HERO,20110202,3.61,3.75,3.52,3.63,2653500
HFBC,20110202,9.37,9.5,9.24,9.4,4600
HFBL,20110202,12.75,12.75,12.75,12.75,500
HFFC,20110202,11,11.15,11,11.15,1500
HFWA,20110202,14.25,14.65,14.2,14.53,35500
HGSH,20110202,3.06,3.18,2.95,2.95,1200
HIBB,20110202,33.14,33.14,30.47,30.82,1115200
HIFS,20110202,50.24,50.24,50.24,50.24,0
HIHO,20110202,3.85,3.85,3.54,3.62,16600
HILL,20110202,2.71,2.84,2.66,2.78,263800
HIMX,20110202,2.53,2.55,2.52,2.54,134500
HITK,20110202,23.07,23.41,22.98,22.98,38500
HITT,20110202,61.16,62.13,61.03,61.49,75400
HLIT,20110202,8.72,8.72,8.35,8.36,1161300
HMIN,20110202,34.4,35.04,34.21,34.94,764100
HMNF,20110202,2.44,2.63,2.44,2.47,2300
HMPR,20110202,16.5,17.75,16.5,17.5,94500
HMSY,20110202,21.67,21.8767,21.5233,21.79,86700
HNH,20110202,12.23,12.4,12.18,12.25,8100
HNRG,20110202,11.26,11.26,10.52,10.64,2900
HNSN,20110202,1.56,1.6,1.55,1.58,117300
HOFT,20110202,13.36,13.57,13.23,13.25,8100
HOGS,20110202,19.2,19.29,19.17,19.25,115600
HOLI,20110202,16.29,16.29,16.03,16.13,203200
HOLL,20110202,1.92,1.95,1.92,1.94,89300
HOLX,20110202,19.46,19.81,19.46,19.58,2022400
HOMB,20110202,21,21.48,20.99,21.3,118500
HOME,20110202,10.62,10.76,10.62,10.7,35800
HOTT,20110202,5.59,5.61,5.48,5.49,392400
HOVNP,20110202,8.48,8.48,7.85,7.9,6700
HPCCP,20110202,25.78,26.03,25.78,26.03,3300
HPJ,20110202,3.43,3.48,3.4,3.43,34300
HPOL,20110202,1.13,1.15,1.1,1.1,43100
HRZN,20110202,15.79,15.95,15.5,15.92,62200
HSIC,20110202,66.71,67.16,65.8,65.84,296800
HSII,20110202,27.65,28.01,27.28,27.29,53000
HSKA,20110202,4.8,4.93,4.8,4.8,1100
HSNI,20110202,28.53,29.06,27.4,27.47,631100
HSTM,20110202,7.03,7.1,6.91,7.09,18600
HTBK,20110202,4.55,4.59,4.47,4.55,2200
HTCH,20110202,3.43,3.5,3.42,3.43,105300
HTCO,20110202,10.38,10.45,10.32,10.38,10000
HTHT,20110202,20,20,19.51,19.61,70200
HTLD,20110202,16.1,16.16,15.8,15.81,348200
HTLF,20110202,17.51,17.54,16.87,17.03,8900
HTWR,20110202,91.82,92.43,90.45,90.96,99100
HUBG,20110202,35.11,35.11,34.17,34.17,121300
HURC,20110202,24.5,25.03,23.25,25.01,28100
HURN,20110202,26.07,26.57,25.93,26.01,31000
HWAY,20110202,12.56,12.6,11.85,11.86,194300
HWBK,20110202,9.19,9.22,9.19,9.22,3800
HWCC,20110202,13.99,14.09,13.92,14.06,42500
HWKN,20110202,39.22,39.9,38.77,38.94,33200
HYGS,20110202,4.33,4.66,4.24,4.64,16500
IACI,20110202,28.55,29.3,28.31,28.75,2090000
IART,20110202,46.62,47.04,46.25,46.5,469200
IBB,20110202,94.57,94.78,94.36,94.56,164000
IBCA,20110202,2.61,2.62,2.56,2.6,30400
IBCP,20110202,2.97,3.67,2.96,3.67,1007400
IBCPO,20110202,14.95,15.25,14.15,14.15,1800
IBKC,20110202,57.17,57.84,57.01,57.13,84500
IBKR,20110202,16.35,16.4,16.2,16.23,305700
IBOC,20110202,19.57,19.73,18.85,18.92,250500
ICAD,20110202,1.36,1.43,1.32,1.33,110800
ICCC,20110202,3.45,3.45,3.45,3.45,0
ICFI,20110202,24.24,24.47,23.88,24.26,20000
ICGE,20110202,12.68,13.03,12.67,13.02,114300
ICLN,20110202,16.77,17.29,16.77,17.29,14200
ICLR,20110202,22.6,22.86,21.84,21.9,262200
ICON,20110202,20.32,20.57,19.51,19.69,820000
ICUI,20110202,43.11,43.7,42.51,43.12,78300
IDCC,20110202,50,50.78,49.26,49.37,872700
IDIX,20110202,4.55,4.63,4.5,4.52,55300
IDRA,20110202,2.84,2.88,2.82,2.86,19100
IDSA,20110202,13.98,13.99,13.56,13.66,29400
IDSY,20110202,5.09,5.15,4.76,4.87,165100
IDTI,20110202,7.05,7.35,7,7.26,5969300
IDXX,20110202,72.24,73.07,71.92,72.62,162300
IESC,20110202,3.8,4.06,3.8,4.06,2100
IFAS,20110202,32.28,32.28,32.23,32.23,500
IFEU,20110202,30.6,30.72,30.6,30.72,1800
IFGL,20110202,31.62,31.75,31.6,31.67,24700
IFNA,20110202,42.48,42.64,40.88,42.23,9400
IFON,20110202,1.03,1.13,1.03,1.09,47300
IFSM,20110202,40.17,40.17,39.87,39.9,4400
IGLD,20110202,28.95,29.37,28.74,28.76,2300
IGOI,20110202,43.56,44.76,42.24,42.84,464600
IGOV,20110202,104.16,104.16,103.43,103.75,12800
IGTE,20110202,16.04,16.56,15.9,16.56,532400
III,20110202,2.04,2.04,1.87,1.98,77100
IIIN,20110202,11.95,12.47,11.83,12.21,100000
IIJI,20110202,7.53,7.58,7.46,7.47,21600
IILG,20110202,16.22,16.6,16.11,16.52,179200
IIN,20110202,4.2,4.24,4.08,4.08,3500
IIVI,20110202,25.46,25.75,25.14,25.18,94000
IKAN,20110202,1.22,1.28,1.22,1.25,214200
IKNX,20110202,7.09,7.09,7.09,7.09,0
ILMN,20110202,70.8,71.48,70.74,71.31,1065900
IMGN,20110202,8.25,8.64,8.25,8.58,579700
IMKTA,20110202,19.93,20.03,19.64,19.83,16800
IMMR,20110202,6.06,6.2,5.91,6.14,49100
IMMU,20110202,3.25,3.31,3.25,3.31,148900
IMMY,20110202,3.05,3.05,2,2,2000
IMRS,20110202,8.11,8.23,7.99,8,94900
INAP,20110202,7.65,7.87,7.42,7.77,1170200
INCY,20110202,14.46,14.96,14.46,14.77,926800
INDB,20110202,27.89,28.19,27.86,28.02,56800
INDY,20110202,27.31,27.31,27.1,27.13,116000
INFA,20110202,46.34,48.39,46.32,47.7,1371300
INFI,20110202,5.87,5.93,5.81,5.83,12000
INFN,20110202,7.75,7.8,7.59,7.6,1377100
ININ,20110202,34.16,34.47,34.04,34.38,135600
INOC,20110202,1.56,1.56,1.55,1.55,400
INOD,20110202,2.86,2.86,2.82,2.84,16100
INPH,20110202,1.87,1.87,1.86,1.86,300
INSM,20110202,0.58,0.6,0.58,0.59,255300
INTC,20110202,21.48,21.71,21.47,21.56,46954500
INTG,20110202,21.99,21.99,21.99,21.99,100
INTL,20110202,25.02,25.12,24.8,25.06,26300
INTT,20110202,3.81,3.81,3.6,3.68,164800
INTU,20110202,47.5,48,47.44,47.81,1906700
INTX,20110202,10.01,10.13,9.55,9.76,22200
INVE,20110202,2.58,2.63,2.56,2.57,10000
INWK,20110202,6.41,6.53,6.38,6.49,103800
IOSP,20110202,20.33,20.77,20.24,20.46,63600
IPAR,20110202,17.82,17.82,17.75,17.77,27200
IPAS,20110202,1.53,1.58,1.51,1.55,106300
IPCC,20110202,60.19,60.69,59.87,60.12,16600
IPCI,20110202,4.39,4.47,4.05,4.1,50200
IPCM,20110202,37.48,38.19,37.01,37.72,57000
IPGP,20110202,35.5,36.89,35.5,36.1,148300
IPHS,20110202,34.53,34.85,34,34.25,69400
IPXL,20110202,23.68,24.19,23.43,23.7,328500
IRBT,20110202,27.23,27.5,27.13,27.32,60900
IRDM,20110202,8,8.06,7.88,7.92,221100
IRDMZ,20110202,1.22,1.22,1.04,1.04,3700
IRIX,20110202,3.88,3.9,3.75,3.9,7000
IRWD,20110202,11.05,11.25,10.84,11.14,68300
ISBC,20110202,13.34,13.46,13.25,13.27,215300
ISCA,20110202,29.19,29.35,28.85,29,165600
ISHG,20110202,106.15,106.33,105.94,106.24,5800
ISIG,20110202,7.07,7.2,7.04,7.08,20500
ISIL,20110202,15.23,15.63,14.86,14.98,5779100
ISIS,20110202,9.1,9.26,9.02,9.02,709700
ISLE,20110202,9.74,9.79,9.48,9.54,232600
ISNS,20110202,13.03,13.26,13.02,13.25,3000
ISRG,20110202,331.33,332.55,326.57,327.79,395600
ISRL,20110202,68.5,68.5,68.5,68.5,200
ISSC,20110202,6.05,6.1,5.98,5.98,36600
ISSI,20110202,10.72,11.05,10.67,10.95,370900
ITIC,20110202,31.08,31.5,31.08,31.5,600
ITMN,20110202,36.93,37.56,36.75,36.93,432900
ITRI,20110202,59.75,60.26,58.38,58.82,370000
ITRN,20110202,15.73,15.85,15.48,15.78,12600
IVAC,20110202,12.26,13.03,12.1,12.64,934200
IVAN,20110202,3.52,3.54,3.44,3.45,1561500
IXYS,20110202,11.71,11.81,11.53,11.59,78700
JACK,20110202,22.31,22.86,22.31,22.77,317700
JADE,20110202,3.8,3.8,3.7,3.72,81000
JAKK,20110202,17.59,17.72,17.42,17.42,66800
JASO,20110202,35.4,37.5,35.05,37.25,13757100
JAXB,20110202,6.75,6.75,6.75,6.75,0
JAZZ,20110202,22.58,23.01,22.34,22.44,603700
JBHT,20110202,41.19,41.31,40.41,40.45,1138300
JBLU,20110202,5.82,5.89,5.75,5.85,11517100
JBSS,20110202,11.39,11.58,11.14,11.31,21000
JCOM,20110202,28.09,28.56,28.09,28.38,211500
JCS,20110202,14.95,15.01,14.95,14.96,7500
JCTCF,20110202,9.24,9.79,9.24,9.79,1300
JDSU,20110202,17.59,18,17.45,17.92,6850700
JFBI,20110202,4.24,4.24,4.24,4.24,0
JJSF,20110202,43.2,43.69,42.65,43.19,21900
JKHY,20110202,29.82,31.33,29.82,30.88,948900
JMBA,20110202,2.29,2.32,2.21,2.24,378200
JOBS,20110202,57.06,57.45,56.28,57.38,71600
JOEZ,20110202,1.55,1.58,1.51,1.57,414300
JOSB,20110202,43.67,43.72,42.01,42.3,506700
JOUT,20110202,15.31,15.31,14.95,15.09,27600
JRCC,20110202,22.8,23.45,22.23,22.24,798800
JRJC,20110202,5.68,5.82,5.68,5.81,36100
JST,20110202,10.99,11.81,10.92,11.74,234800
JVA,20110202,3.99,4,3.9,4,22200
JXSB,20110202,11.9,11.9,11.9,11.9,0
KALU,20110202,50.3,51.33,50.19,50.19,74800
KBALB,20110202,6.87,6.98,6.79,6.84,24100
KCAP,20110202,7.3,7.75,7.27,7.62,171300
KCLI,20110202,32.4,32.4,31.61,31.99,6500
KELYA,20110202,20.38,20.6,19.85,20.01,189600
KELYB,20110202,20.49,20.49,20.49,20.49,0
KEQU,20110202,13.9,14,13.9,14,4200
KERX,20110202,4.03,4.2,4.03,4.15,451500
KEYN,20110202,17.28,18.36,17.19,17.4,389500
KEYW,20110202,14.52,14.6,13.44,13.54,157500
KFFB,20110202,9.39,9.39,9.39,9.39,0
KFRC,20110202,18.15,18.43,17.92,18.12,95700
KGJI,20110202,2.65,2.85,2.65,2.83,199500
KINS,20110202,3.06,3.06,3.06,3.06,300
KIRK,20110202,13.58,13.87,13.53,13.77,131700
KLAC,20110202,44.73,45.43,44.63,45.16,2119100
KLIC,20110202,10.23,10.43,10.08,10.28,2393900
KNDI,20110202,4.06,4.24,4.01,4.18,278600
KONA,20110202,4.85,5,4.85,4.85,25700
KONE,20110202,3.02,3.09,3,3.04,15100
KONG,20110202,7.05,7.05,6.99,7.02,22900
KOOL,20110202,3.6,3.67,3.52,3.6,72400
KOPN,20110202,4.13,4.22,4.09,4.17,132000
KOSS,20110202,5.98,6,5.97,5.99,2500
KRNY,20110202,9.32,9.39,9.28,9.32,8500
KSWS,20110202,11.31,11.59,11.31,11.55,44000
KTCC,20110202,4.79,4.86,4.57,4.75,1064300
KTEC,20110202,16.71,16.79,16.66,16.73,9100
KTOS,20110202,14.23,14.48,13.85,14.02,48400
KUTV,20110202,4.54,4.66,4.5,4.55,16800
KVHI,20110202,12.06,12.27,12,12.13,12800
LABC,20110202,14.75,14.84,14.75,14.84,3000
LABL,20110202,17.51,18.09,17.51,17.79,13400
LACO,20110202,2.94,3,2.94,3,25500
LAKE,20110202,8.6,8.68,8.56,8.58,4300
LAMR,20110202,37.15,38.04,36.98,37.61,416600
LANC,20110202,56.08,56.87,55.76,56.05,117800
LARK,20110202,16.45,16.45,16.45,16.45,0
LAWS,20110202,23.36,23.52,22.8,22.85,4600
LAYN,20110202,32.94,33.4,32.24,32.41,34500
LBAI,20110202,10,10.14,9.75,9.92,28100
LBIX,20110202,2.9,3.19,2.87,2.9,66700
LBTYA,20110202,41.11,41.38,40.61,40.85,1219900
LBTYB,20110202,41.37,41.37,41.37,41.37,0
LBTYK,20110202,38.85,39.2,38.73,38.92,320100
LCAV,20110202,7.17,7.28,7.14,7.25,37500
LCUT,20110202,12.91,13.05,12.56,12.65,19700
LEAP,20110202,14.21,14.37,13.7,13.77,1384200
LECO,20110202,34.39,34.935,34.3,34.545,168200
LEDR,20110202,2.44,2.5,2.44,2.44,20400
LEDS,20110202,17.75,17.99,17.56,17.84,107500
LFUS,20110202,51.54,51.91,51.21,51.47,77100
LGCY,20110202,29.08,29.5,29.02,29.4,152900
LGND,20110202,8.8,8.97,8.8,8.91,37500
LHCG,20110202,27.64,27.64,27.06,27.2,64000
LIFE,20110202,55.16,55.17,53.94,54.28,2238300
LIME,20110202,4.93,4.95,4.87,4.87,33400
LINC,20110202,15.51,15.63,15.12,15.16,442300
LINE,20110202,39.57,39.95,39.5,39.94,764200
LINTA,20110202,16.31,16.48,16.25,16.28,1541800
LINTB,20110202,16.22,16.22,16.22,16.22,0
LION,20110202,8.7,8.7,8.57,8.57,5700
LIOX,20110202,3.97,4.05,3.9,3.94,141200
LIVE,20110202,5.5,5.5,5.5,5.5,400
LIWA,20110202,10.75,10.94,10.61,10.87,95000
LKFN,20110202,21.25,21.5,21.07,21.25,18800
LLEN,20110202,8.83,9.05,8.52,8.63,786300
LLNW,20110202,6.48,6.56,6.35,6.5,696200
LLTC,20110202,34.88,35.51,34.88,35.22,1779000
LMAT,20110202,7.1,7.1,7,7.05,32500
LMCA,20110202,67.28,69.07,67.28,68.66,368700
LMIA,20110202,18.37,18.65,18.22,18.22,8400
LMNR,20110202,22.36,23.77,22.31,23.36,6400
LMNX,20110202,17.34,17.55,17.14,17.34,58000
LNBB,20110202,5.21,5.22,5.21,5.22,600
LNCE,20110202,20.78,21.05,20.59,20.7,95800
LNDC,20110202,6.27,6.32,6.15,6.2,65500
LOAN,20110202,1.49,1.49,1.41,1.43,5700
LOCM,20110202,4.08,4.1,3.99,4.03,874800
LOGI,20110202,18.87,19.2,18.84,19.12,751100
LOGM,20110202,40.05,40.74,40,40.17,144900
LOJN,20110202,6.35,6.56,6.03,6.4,133400
LONG,20110202,16.77,17.5,16.77,17.03,13900
LOOK,20110202,1.79,1.82,1.78,1.79,42900
LOPE,20110202,18.9,19.03,18.5,18.58,101600
LORL,20110202,75.75,76.92,75.75,76.78,13100
LPHI,20110202,9.86,10.33,9.73,9.99,233000
LPLA,20110202,34.4,34.61,34.06,34.16,202900
LPNT,20110202,35.27,35.38,34.92,35.28,389100
LPSB,20110202,9.47,9.47,9.47,9.47,2400
LPSN,20110202,11.31,11.47,11.14,11.26,295500
LPTH,20110202,1.6,1.65,1.6,1.65,30200
LQDT,20110202,14.29,14.62,14.13,14.58,119600
LRAD,20110202,2.22,2.44,2.22,2.38,117400
LRCX,20110202,52.01,52.5,51.57,51.65,1083000
LSBI,20110202,15.2,15.2,15.2,15.2,0
LSBK,20110202,9.74,9.9,9.74,9.9,6500
LSCC,20110202,6.25,6.5,6.25,6.44,1603200
LSTR,20110202,40.64,42.4,40.52,41.43,805700
LTBR,20110202,5.9,6.18,5.76,6.01,125200
LTON,20110202,1.48,1.53,1.46,1.47,18800
LTRE,20110202,8.89,9,8.81,8.81,6200
LTRX,20110202,3.53,3.53,3.53,3.53,0
LTXC,20110202,9.4,9.49,9.18,9.32,481900
LUFK,20110202,67.85,68.37,66.01,66.04,267600
LULU,20110202,36.65,36.745,35.625,35.955,1593100
LUNA,20110202,1.92,1.95,1.8,1.85,12200
LWAY,20110202,9.22,9.37,9.03,9.03,13200
LXRX,20110202,1.78,1.81,1.73,1.8,924100
LYTS,20110202,7.79,7.98,7.62,7.7,92200
MAGS,20110202,2.82,2.98,2.81,2.97,3800
MAKO,20110202,15.8,16.21,15.75,15.93,285200
MANH,20110202,28.51,29.7,28.11,29.37,834400
MANT,20110202,40.29,40.72,40.1,40.57,141300
MARPS,20110202,22.99,22.99,22.53,22.53,400
MASC,20110202,7.33,7.39,7.21,7.22,55400
MASI,20110202,29.58,29.84,29.15,29.25,838100
MAT,20110202,25.02,25.32,24.31,24.37,9230300
MATW,20110202,36.39,36.74,36.28,36.36,80500
MAXY,20110202,4.1,4.15,4.03,4.09,93800
MAYS,20110202,18.25,18.25,18.25,18.25,0
MBFI,20110202,19.81,20,19.59,19.63,180300
MBLX,20110202,9.15,9.26,8.82,8.88,133500
MBND,20110202,3.06,3.08,3.04,3.04,5600
MBRG,20110202,14.25,14.67,14.23,14.61,2400
MBTF,20110202,1.71,1.9,1.7,1.89,18700
MBVT,20110202,27.37,27.44,27.08,27.11,7600
MBWM,20110202,8.65,8.76,8.23,8.41,18300
MCBC,20110202,4.27,4.39,4.25,4.31,33600
MCBI,20110202,4.3,4.95,4.29,4.65,21200
MCGC,20110202,7.11,7.2,7.01,7.17,230900
MCHP,20110202,36.98,37.43,36.98,37.12,1495600
MCHX,20110202,9.5,9.87,9.41,9.8,82500
MCOX,20110202,27.95,28.7,27.55,28,81100
MCRI,20110202,10.95,11.29,10.95,11.12,9100
MCRL,20110202,13.26,13.39,13.19,13.29,341700
MCRS,20110202,46.27,47.12,46.17,46.78,234400
MDAS,20110202,19.66,19.8,19.37,19.63,234300
MDCA,20110202,17.02,17.02,16.5,16.93,58100
MDCI,20110202,8.25,8.44,8.15,8.18,407100
MDCO,20110202,15.88,16.09,15.45,15.61,196700
MDH,20110202,2.78,2.88,2.75,2.88,9500
MDRX,20110202,21,21.22,20.75,21.16,1883900
MDSO,20110202,24.86,25.24,24.69,25.05,97100
MDVN,20110202,14.31,14.78,14.23,14.6,255400
MEAD,20110202,3.5,3.54,3.5,3.54,1300
MEAS,20110202,28.02,28.4,27.06,28.1,62700
MELA,20110202,2.61,2.65,2.58,2.62,400900
MELI,20110202,68.59,70.54,68.12,69.68,359600
MEMS,20110202,3.17,3.36,3.06,3.14,13700
MENT,20110202,12.73,13.08,12.69,13.01,904700
MEOH,20110202,28.41,28.5,28.08,28.4,417500
MERC,20110202,8.47,8.64,8.4,8.45,116100
MERU,20110202,17.79,18.57,17.79,18.16,120100
METR,20110202,12.17,12.31,12.15,12.17,37600
MFI,20110202,4.11,4.11,4.11,4.11,0
MFLR,20110202,8.95,8.95,8.95,8.95,0
MFLX,20110202,28.96,29.12,28.42,28.5,27800
MFNC,20110202,6,6,6,6,0
MFRI,20110202,11.49,11.69,11.48,11.61,7700
MFSF,20110202,9.75,9.75,9.75,9.75,0
MGAM,20110202,5.66,5.66,5.44,5.48,88100
MGEE,20110202,41.49,41.61,41.14,41.43,13000
MGIC,20110202,8.8,9.4,8.25,9.34,4724200
MGLN,20110202,49.94,50.07,49.2,49.45,177600
MGPI,20110202,9.7,9.82,9.47,9.68,17200
MGRC,20110202,25.62,25.92,25.62,25.82,60700
MGYR,20110202,4.23,4.24,4.23,4.24,1200
MHGC,20110202,9.51,9.72,9.44,9.5,63800
MHLD,20110202,8.15,8.24,8,8.2,80300
MIDD,20110202,84.56,86.48,83.56,86,96200
MIND,20110202,11.1,11.2,10.92,10.96,40900
MINI,20110202,20.81,21.03,20.78,21,82800
MITL,20110202,5.86,5.86,5.4,5.46,102100
MKSI,20110202,30,30,29.22,29.7,374500
MKTAY,20110202,45.74,46.06,45.68,45.95,25700
MKTX,20110202,20.58,21.15,20.24,21.09,250500
MLAB,20110202,29.29,29.59,29.29,29.59,300
MLHR,20110202,24.19,24.53,24.08,24.11,279600
MLNK,20110202,6.38,6.49,6.35,6.38,124600
MLNX,20110202,26.93,27.66,26.77,27.33,187700
MLVF,20110202,8,8,8,8,0
MMLP,20110202,40.91,41.29,40.3,40.69,77300
MMSI,20110202,11.904,12.024,11.752,11.832,35200
MMUS,20110202,4.94,4.95,4.94,4.95,300
MMYT,20110202,28.83,28.83,26.91,27,192900
MNDO,20110202,2.74,2.75,2.65,2.75,109700
MNKD,20110202,4.75,5.25,4.75,5.15,4200100
MNOV,20110202,4.81,4.99,4.76,4.94,1100
MNRK,20110202,7.0333,7.0833,6.9833,7.0833,2300
MNRO,20110202,33.34,33.75,32.8,33,304100
MNST,20110202,28.95,29.24,28.635,28.75,566400
MNTA,20110202,12.9,13.2,12.87,13.04,569900
MNTG,20110202,2.21,2.33,2.21,2.26,38200
MNTX,20110202,5.93,6.1,5.92,6.05,186100
MOBI,20110202,7.45,7.75,7.01,7.36,402100
MOCO,20110202,12.85,12.85,12.85,12.85,0
MOFG,20110202,14.31,14.67,14.31,14.64,3100
MOLX,20110202,26.69,27.03,26.63,26.8,968600
MOLXA,20110202,22.02,22.44,22.02,22.25,443700
MORN,20110202,53.32,53.82,52.89,53.52,37500
MOSY,20110202,5.93,6.02,5.85,5.86,111500
MOVE,20110202,8.76,8.92,8.6,8.8,236200
MPAA,20110202,14.49,14.75,14.29,14.61,40800
MPAC,20110202,5.2,5.2,5.2,5.2,0
MPB,20110202,10,10.03,9.25,9.8,4200
MPEL,20110202,7.61,7.79,7.18,7.66,5669900
MPET,20110202,2.67,2.71,2.63,2.63,142900
MPWR,20110202,15,15.02,14.73,14.79,375500
MRCY,20110202,18.76,19.18,18.59,18.97,58700
MRGE,20110202,4.37,4.57,4.37,4.57,360400
MRLN,20110202,13.25,13.25,13.01,13.09,4500
MRTN,20110202,21.81,21.88,21.57,21.7,59900
MRVL,20110202,19.3,19.64,19.21,19.5,9701700
MSBF,20110202,6,6,6,6,0
MSCC,20110202,22.94,23.22,22.7,23.08,546100
MSEX,20110202,17.85,18.26,17.85,18.01,27800
MSFG,20110202,9.55,9.62,9.26,9.3,12100
MSFT,20110202,27.93,28.11,27.88,27.94,45836400
MSG,20110202,25.38,25.61,25.08,25.39,411700
MSON,20110202,2.31,2.51,2.31,2.51,4600
MSPD,20110202,7.45,7.46,7.15,7.19,617900
MSTR,20110202,110.25,110.66,109.53,110.17,94000
MTEX,20110202,17.9,18.5,17.9,18.2,32300
MTRX,20110202,11.56,11.78,11.52,11.59,38000
MTSC,20110202,38.19,38.51,38.02,38.4,16700
MTSL,20110202,1.85,1.89,1.82,1.87,11900
MTSN,20110202,2.43,2.43,2.32,2.4,454500
MU,20110202,10.69,11,10.68,10.89,28363300
MVIS,20110202,15.44,15.68,15.28,15.68,526500
MVISW,20110202,0.62,0.62,0.62,0.62,2000
MWIV,20110202,63.52,65.21,62.64,62.65,33300
MXIM,20110202,26.02,26.36,25.98,26.23,3151400
MXWL,20110202,18.68,18.92,18.34,18.43,45500
MYGN,20110202,19.72,20.02,19.67,19.82,816000
MYL,20110202,23.42,23.59,23.1,23.14,4741900
MYRG,20110202,22.85,23.15,21.01,22.11,100200
NAFC,20110202,38.42,38.56,37.87,38.01,14500
NAII,20110202,5.42,5.42,5.3,5.3,400
NANO,20110202,18.4,19.46,17.85,18.96,1469200
NASB,20110202,15.84,15.86,15.29,15.86,2500
NATH,20110202,16.2,16.76,16.2,16.76,8600
NATI,20110202,29.88,31.3067,29.7667,30.4,817300
NATL,20110202,21.5,21.77,21.2,21.74,10300
NATR,20110202,8.37,8.49,8.37,8.44,1600
NAUH,20110202,7.08,7.16,6.94,7.11,3800
NAVG,20110202,49.7,50.19,49.51,49.61,21700
NAVR,20110202,2,2.02,1.98,1.99,40300
NBBC,20110202,5.13,5.14,5.11,5.14,800
NBIX,20110202,7.47,7.69,7.38,7.62,413800
NBN,20110202,15.28,15.49,15.25,15.49,1100
NBTB,20110202,23.68,23.79,23.25,23.46,23900
NBTF,20110202,23.7,23.7,23.7,23.7,0
NCBC,20110202,5.1,5.1,5.09,5.09,700
NCIT,20110202,20.98,21.23,20.85,21.15,20400
NCMI,20110202,18.08,18.33,17.91,18.27,148100
NCTY,20110202,7,7.16,6.99,7.16,85500
NDAQ,20110202,24.94,26.52,24.94,26.51,4411900
NDSN,20110202,47.36,48.35,47.36,47.85,175100
NECB,20110202,6.3,6.3,6.3,6.3,0
NEOG,20110202,36.9,37.45,36.9,37.21,40300
NEPT,20110202,2.22,2.28,2.19,2.26,7500
NETC,20110202,11.47,11.47,11,11.11,35400
NEWL,20110202,2.63,2.7,2.45,2.5,1200
NEWP,20110202,18.35,18.99,18.1,18.84,528100
NEWS,20110202,9.93,10.1,9.83,9.92,36900
NEWT,20110202,1.85,1.87,1.82,1.86,6700
NFBK,20110202,13.49,13.61,13.31,13.42,6700
NFEC,20110202,4.37,4.45,4.25,4.4,4900
NFLX,20110202,208.73,213.67,208.25,211.26,4765600
NFSB,20110202,13.24,13.24,13.24,13.24,800
NGPC,20110202,9.35,9.46,9.1,9.22,61300
NHTB,20110202,13.3,13.3,13.15,13.15,1200
NICE,20110202,32.81,33.57,32.81,33.07,191200
NICK,20110202,12.67,12.79,12.4,12.6,24400
NIHD,20110202,42.02,42.41,41.63,41.83,1601100
NILE,20110202,57.34,58.15,56.5,57.78,115600
NINE,20110202,1.41,1.41,1.41,1.41,8600
NKSH,20110202,28.81,29,28.8,29,11100
NKTR,20110202,11.08,11.22,11.04,11.16,1275000
NLST,20110202,2.19,2.21,2.15,2.16,105100
NMRX,20110202,9.32,9.32,9.14,9.19,10700
NNBR,20110202,13.7,13.72,13.42,13.51,77100
NOVB,20110202,9.33,9.53,9.3,9.5,5700
NPBC,20110202,8.28,8.46,8.08,8.15,470400
NPSP,20110202,9.5,9.72,9,9.04,5594500
NRCI,20110202,31.01,31.06,30.83,31.06,900
NRIM,20110202,18.85,18.85,18.75,18.76,2300
NSEC,20110202,11.95,11.95,11.95,11.95,100
NSIT,20110202,14.63,14.89,14.39,14.71,116000
NSPH,20110202,3.77,3.82,3.67,3.69,11300
NSSC,20110202,1.88,1.9,1.84,1.9,3400
NSYS,20110202,4.2,4.2,4.14,4.15,1100
NTAP,20110202,56.43,57.71,56.32,57.11,3810000
NTCT,20110202,23.31,23.86,23.31,23.83,166700
NTES,20110202,40.57,41.04,40.4,40.94,548000
NTGR,20110202,34.28,35.02,34.28,34.42,197800
NTIC,20110202,15.1,15.25,14.9,14.9,800
NTLS,20110202,20.44,20.67,20.35,20.51,101700
NTRI,20110202,18.94,19.15,18.78,18.84,215500
NTRS,20110202,52.25,52.47,51.75,51.88,1750900
NTSC,20110202,7.39,7.76,7.39,7.76,4700
NTSP,20110202,14.27,14.49,13.96,14.33,113600
NTWK,20110202,20.5,21.5,20.5,21.5,608100
NUAN,20110202,20,20.91,19.73,20.67,3605600
NUCL,20110202,47.15,47.25,47.12,47.12,3200
NURO,20110202,3.3,3.36,3.12,3.18,208400
NUTR,20110202,13.78,13.85,13.78,13.79,6100
NUVA,20110202,28.33,29.08,28.33,28.71,809900
NVAX,20110202,2.19,2.2,2.15,2.17,206000
NVDA,20110202,24.33,26.17,24.33,25.58,40165300
NVEC,20110202,59.7,59.9,59.3,59.34,14400
NVGN,20110202,1.12,1.12,0.93,0.98,189100
NVMI,20110202,9.48,9.99,9.35,9.83,275400
NVSL,20110202,9,9,9,9,0
NVTL,20110202,7.47,7.47,7.33,7.43,328800
NWBI,20110202,11.67,12.02,11.67,11.85,1401700
NWFL,20110202,27.01,27.01,27.01,27.01,0
NWLI,20110202,174.14,174.91,172.71,173.78,2700
NWPX,20110202,23.18,23.75,22.05,22.08,36600
NWS,20110202,17,17.6,17,17.51,2814900
NWSA,20110202,15.51,16,15.51,15.99,19520200
NXPI,20110202,27.48,27.63,26.03,27.19,624600
NXST,20110202,5.18,5.42,4.9,4.94,78500
NXTM,20110202,23.42,23.47,22.32,22.6,1395300
NYMT,20110202,7.15,7.24,7.12,7.18,19200
NYMX,20110202,7.13,7.41,7,7.1,74200
NYNY,20110202,0.89,0.89,0.88,0.88,15100
OABC,20110202,14.82,14.95,14.68,14.72,12000
OBAF,20110202,13.96,14.05,13.96,14.05,700
OBAS,20110202,8,8,8,8,100
OBCI,20110202,2.16,2.24,2.01,2.14,9500
OCFC,20110202,13.91,14.01,13.85,13.89,16300
OCLR,20110202,14.4,14.42,14.12,14.28,673300
OCLS,20110202,14,14.35,13.65,13.93,62700
OCZ,20110202,8.34,8.4,8.14,8.27,365200
ODFL,20110202,21.1133,21.4133,18.9133,20.52,2219900
OFED,20110202,12.05,12.05,12.05,12.05,0
OFIX,20110202,29.19,29.58,28.65,28.87,29200
OFLX,20110202,12.03,12.49,12.03,12.24,7600
OGXI,20110202,15.99,16.01,15.75,15.92,16300
OIIM,20110202,6.76,7.01,6.6,6.92,207600
OINK,20110202,5.2,5.2,5.02,5.09,37700
OKSB,20110202,14.28,14.4,14.13,14.21,32200
OKSBP,20110202,27.5,27.5,27.08,27.08,900
OLBK,20110202,8.73,9.25,8.72,9.01,10000
OMAB,20110202,15.78,15.78,15.18,15.24,14200
OMCL,20110202,14.13,14.26,14.01,14.1,90600
OMER,20110202,6.42,6.54,6.29,6.4,39300
OMEX,20110202,3.38,3.42,3.3,3.35,204400
OMPI,20110202,10.6,10.66,10.55,10.56,167400
ONCY,20110202,6.36,6.37,6.28,6.32,95000
ONEQ,20110202,108.28,108.56,108.04,108.31,4400
ONFC,20110202,8.06,8.29,8.06,8.16,6300
ONNN,20110202,11.49,11.78,11.29,11.5,12857000
ONTY,20110202,3.05,3.08,2.99,3.04,111300
ONVI,20110202,4.3,4.69,4.3,4.34,4300
ONXX,20110202,35.58,36.1,35.57,35.95,510000
OPEN,20110202,82.08,83.47,80.65,81.31,664400
OPHC,20110202,2.97,3.02,2.97,3.02,500
OPLK,20110202,24.19,25.23,24.02,25.01,393200
OPOF,20110202,11.49,11.49,11.49,11.49,0
OPTR,20110202,11.02,11.6,10.9,11.24,574900
OPTT,20110202,5.59,5.59,5.42,5.48,27100
OPXA,20110202,9.84,10.16,9.2,9.24,274000
ORBC,20110202,2.99,3.09,2.93,3.01,81900
ORBK,20110202,14.67,15.1,14.67,14.97,144100
ORBT,20110202,3.82,3.84,3.77,3.83,9200
ORCL,20110202,33.09,33.56,33,33.14,19358200
OREX,20110202,2.54,2.82,2.52,2.68,22692300
ORIT,20110202,12.21,12.46,12.21,12.31,188600
ORLY,20110202,56.71,57.15,55.52,55.65,989700
ORRF,20110202,26.83,26.83,26.26,26.31,3800
OSBC,20110202,1.55,1.55,1.45,1.51,162900
OSBCP,20110202,4.03,4.09,4.03,4.05,1900
OSHC,20110202,11.85,12.09,11.85,12.09,1000
OSIR,20110202,6.92,6.94,6.69,6.71,50800
OSIS,20110202,38.32,39.48,38.22,38.39,80600
OSN,20110202,4.55,4.68,4.27,4.5,213100
OSTK,20110202,15.31,15.42,15.01,15.01,38100
OSUR,20110202,6.52,6.62,6.27,6.31,151800
OTEX,20110202,50.32,50.95,50.28,50.8,354200
OTIV,20110202,3.36,3.4,3.11,3.13,696000
OTT,20110202,19.03,19.24,19.02,19.11,26100
OTTR,20110202,23.04,23.25,23,23.1,63700
OUTD,20110202,8.25,8.27,8.05,8.08,26100
OVBC,20110202,19.61,19.61,19.61,19.61,600
OVLY,20110202,5.97,6.01,5.97,6.01,200
OVRL,20110202,1.91,1.98,1.88,1.93,7700
OVTI,20110202,26.76,26.99,26.35,26.51,718500
OXBT,20110202,1.97,2,1.91,1.91,18900
OXGN,20110202,0.19,0.19,0.17,0.17,4773900
OXLC,20110202,20.01,20.2,20,20.2,7600
OZRK,20110202,21.995,22.05,21.8,21.89,82200
PAAS,20110202,34.61,34.76,33.64,33.96,1183600
PACB,20110202,16.2,16.5,15.68,15.86,307200
PACR,20110202,6.59,6.59,6.4,6.4,240500
PACW,20110202,20.05,20.26,19.84,19.94,100200
PAGG,20110202,33.84,33.88,33.54,33.67,63700
PANL,20110202,36.15,36.64,36,36.4,264600
PATH,20110202,7.46,7.47,7.29,7.35,30800
PATK,20110202,2.18,2.29,2.12,2.28,3500
PATR,20110202,28.43,32.33,28.11,31.77,20400
PAYX,20110202,32.63,32.97,32.62,32.88,1682400
PBCT,20110202,13.18,13.25,13.12,13.18,4036300
PBHC,20110202,8.27,8.27,8.18,8.18,1000
PBIB,20110202,9.38,9.59,9.31,9.31,14000
PBIP,20110202,6.5,6.9,6.5,6.86,1800
PCAR,20110202,51.97,52.38,50.47,50.66,5440000
PCBK,20110202,10.56,10.7,10.32,10.36,10600
PCCC,20110202,8.6,9.05,8.6,8.9,33700
PCH,20110202,37.77,38.01,37.34,37.46,119700
PCLN,20110202,435.34,441.79,435.32,437.19,559500
PCTI,20110202,7.48,7.64,7.4,7.47,62300
PCYC,20110202,5.22,5.3,5.14,5.14,259700
PCYO,20110202,4.02,4.61,4.02,4.4,51400
PDCO,20110202,33.23,33.48,33.07,33.27,881800
PDEX,20110202,2.14,2.14,2.07,2.11,3300
PDFS,20110202,5.75,6.13,5.65,6.03,121100
PDII,20110202,8.54,9.16,8.54,9.05,13900
PDLI,20110202,5.04,5.05,4.88,4.89,1596200
PEBK,20110202,6,6.18,5.99,6.18,1100
PEBO,20110202,13.75,13.78,13.64,13.67,10700
PEGA,20110202,35.09,36.75,35.01,36,160500
PEIX,20110202,0.82,0.83,0.82,0.82,797200
PENN,20110202,36.43,36.64,35.65,36,693700
PENX,20110202,5.85,5.89,5.52,5.76,102000
PEOP,20110202,14.3,14.44,14.2,14.25,9000
PERF,20110202,8.51,8.51,8.51,8.51,0
PERY,20110202,29.12,29.25,28.49,28.57,34500
PESI,20110202,1.55,1.57,1.55,1.56,12700
PETM,20110202,40.39,40.43,39.97,40.02,452300
PETS,20110202,15.01,15.27,15.01,15.06,249200
PFBC,20110202,1.6,1.6,1.52,1.52,444800
PFBI,20110202,6.29,6.49,6.29,6.35,6800
PFBX,20110202,13.81,13.81,13.81,13.81,0
PFIN,20110202,3.41,3.73,3.31,3.41,1200
PFSW,20110202,3.43,3.53,3.35,3.41,51500
PGC,20110202,13.84,13.85,13.41,13.55,2500
PGNX,20110202,5.71,5.84,5.71,5.75,50400
PGTI,20110202,2.44,2.44,2.36,2.43,18000
PHII,20110202,22.35,22.36,22.03,22.25,1400
PHIIK,20110202,21.13,21.13,20.05,20.16,8700
PHMD,20110202,5.5,5.5,5.37,5.5,1800
PICO,20110202,31.5,31.65,31.13,31.15,37700
PKBK,20110202,9.8,9.8,9.8,9.8,100
PKOH,20110202,20.41,21.72,20.17,21.46,39300
PLAB,20110202,6.8,6.81,6.65,6.66,353200
PLBC,20110202,2.8,3,2.8,2.97,3100
PLCC,20110202,1.2,1.2,1.2,1.2,7000
PLCE,20110202,42.02,42.26,40.71,40.89,859800
PLCM,20110202,21.86,22.5,21.71,22.38,963200
PLNR,20110202,2.59,2.71,2.56,2.65,173400
PLPC,20110202,63.74,65.6,63.01,65.54,8700
PLTM,20110202,34.27,34.29,33.81,34.14,7800
PLUG,20110202,0.79,0.84,0.74,0.8,3018400
PLUS,20110202,26.05,26.18,26,26.02,7800
PLXS,20110202,28.08,29.27,28.08,28.62,381100
PLXT,20110202,3.37,3.45,3.34,3.35,197600
PMBC,20110202,3.6,3.84,3.55,3.84,15800
PMCS,20110202,7.99,8.06,7.94,8.01,2757600
PMD,20110202,8.35,8.4,8.15,8.19,10200
PMFG,20110202,16.77,17.37,16.77,17.24,10400
PMNA,20110202,13.37,13.41,13.26,13.31,7700
PMTC,20110202,22.6,23.25,22.49,23.15,1172600
PMTI,20110202,15.09,15.53,15.09,15.51,86100
PNBK,20110202,2.46,2.55,2.46,2.49,2800
PNFP,20110202,14.03,14.2,13.94,13.96,162700
PNNT,20110202,12.5,12.62,12.41,12.5,216500
PNQI,20110202,36.83,37.14,36.8,36.99,10200
PNRA,20110202,96.78,98.65,96.31,97.88,361600
PNRG,20110202,21.39,22.18,21.39,21.81,13500
PNTR,20110202,5.66,5.66,5.66,5.66,2000
PODD,20110202,17.38,17.64,17.17,17.36,216000
POOL,20110202,24.54,24.66,24.22,24.35,322100
POPE,20110202,38.07,40.26,38.04,38.21,2100
POWI,20110202,37.12,38,36.87,37.8,617100
POWL,20110202,38.53,38.88,36.79,37.7,98000
POWR,20110202,7.35,7.55,7.35,7.48,56300
POZN,20110202,6.21,6.29,6.07,6.19,81400
PPBI,20110202,6.82,6.82,6.7,6.75,9800
PPHM,20110202,2.45,2.47,2.36,2.4,319600
PRAA,20110202,73.3,74.4,73.29,73.88,55200
PRAN,20110202,1.4,1.41,1.31,1.32,24700
PRCP,20110202,5.34,5.48,5.34,5.48,10000
PRFT,20110202,12,12.12,11.87,12.09,60100
PRFZ,20110202,65.84,66.12,65.69,65.74,39500
PRGO,20110202,73.61,73.83,72.26,72.76,1027600
PRGS,20110202,29.96,30.45,29.96,30.05,328200
PRGX,20110202,6.13,6.19,6.11,6.18,54400
PRIM,20110202,8.62,8.73,8.37,8.4,44700
PRKR,20110202,0.53,0.54,0.5,0.52,204000
PRLS,20110202,3.31,3.32,3.2,3.22,8400
PRMW,20110202,12.6,12.77,12.57,12.61,49300
PROV,20110202,7.8,7.9,7.8,7.89,12100
PRPH,20110202,1.35,1.63,1.35,1.51,117400
PRSC,20110202,14.63,14.77,14.5,14.65,29400
PRTS,20110202,9,9.07,8.78,8.8,33900
PRXI,20110202,1.56,1.6,1.55,1.6,49900
PRXL,20110202,20.7,21.04,20.4,20.61,1217200
PSAU,20110202,45.95,45.95,44.88,45.03,4900
PSBH,20110202,4.77,4.77,4.77,4.77,0
PSDV,20110202,4.65,4.8,4.5,4.73,107400
PSEC,20110202,11.59,11.67,11.5,11.59,984900
PSEM,20110202,10.85,10.93,10.34,10.39,243600
PSMT,20110202,36.4,36.79,35.26,35.51,169900
PSTB,20110202,5.59,5.66,5.51,5.53,27000
PSTI,20110202,2.95,2.98,2.8,2.89,1300600
PSTR,20110202,4.36,4.36,4.2,4.2,13800
PSUN,20110202,4.32,4.37,4.3,4.37,789300
PTEK,20110202,0.76,0.76,0.7,0.7,26600
PTEN,20110202,23.75,24.33,23.44,24.18,4716600
PTIE,20110202,6.34,6.52,6.21,6.24,86900
PTIX,20110202,1.69,1.81,1.69,1.73,3000
PTNR,20110202,19,19.15,18.91,18.94,242100
PTRY,20110202,16.83,16.83,16.44,16.7,93600
PTSI,20110202,11.86,11.86,11.67,11.75,2400
PTSX,20110202,0.88,0.88,0.88,0.88,0
PULB,20110202,7.48,7.48,7.37,7.48,7400
PURE,20110202,2.16,2.16,2.06,2.16,122100
PVFC,20110202,1.95,1.95,1.9,1.9,5000
PVTB,20110202,15.54,15.62,15.34,15.42,345000
PVTBP,20110202,26.25,26.58,26.25,26.58,2200
PWER,20110202,11.47,12.14,11.38,11.79,14098000
PWOD,20110202,39.09,39.1,38.31,38.5,4400
PWRD,20110202,23.98,24.25,23.68,23.78,478800
PWX,20110202,18.2,18.2,17.05,18.18,3300
PXLW,20110202,3.33,3.5,3.33,3.46,113400
PZZA,20110202,29.11,29.7,29.01,29.25,79600
PZZI,20110202,1.95,1.96,1.95,1.95,8500
QABA,20110202,25.37,25.37,24.93,24.94,3400
QADA,20110202,8.65,8.9,8.59,8.75,6900
QADB,20110202,8.73,8.73,8.56,8.67,1100
QBAK,20110202,1.94,1.95,1.93,1.94,8900
QCCO,20110202,4.15,4.15,4.13,4.13,9300
QCLN,20110202,17.17,17.59,17.17,17.59,5600
QCOM,20110202,54.77,54.9,53.88,53.99,17626100
QCOR,20110202,15.37,15.51,15.16,15.41,498900
QCRH,20110202,7.98,8.35,7.98,8.34,2300
QDEL,20110202,13.6,13.97,13.6,13.9,245400
QGEN,20110202,18.32,18.42,18.08,18.15,1376100
QKLS,20110202,81.12,81.12,76.8,78.48,37900
QLGC,20110202,18.18,18.6,18.08,18.23,2681900
QLIK,20110202,23.5,24.37,23.36,24.05,3256900
QLTI,20110202,7.13,7.2,7.04,7.17,165200
QLTY,20110202,8.7,10.03,8.68,9.96,343400
QNST,20110202,22.85,23.18,22.85,23.13,678900
QQEW,20110202,24.74,24.85,24.68,24.75,17000
QQQ,20110202,56.92,57.17,56.84,56.96,48660900
QQQX,20110202,14.89,15,14.76,14.93,60100
QQXT,20110202,21.78,21.79,21.63,21.63,7700
QSII,20110202,40.125,40.385,39.76,40.145,228400
QTEC,20110202,27.2,27.48,27.17,27.39,188500
QTWW,20110202,0.45,0.46,0.44,0.45,421600
QUIK,20110202,5.92,6,5.85,5.86,283900
RADA,20110202,2.72,2.72,2.72,2.72,0
RAIL,20110202,29.44,29.88,29.22,29.3,23000
RAND,20110202,3.11,3.15,3.11,3.15,1200
RAVN,20110202,24.9,26.015,24.9,25.125,67200
RBCAA,20110202,19.81,19.9,19.47,19.68,17400
RBCN,20110202,19,19,17.85,18.24,546600
RBNF,20110202,3.41,3.79,3.38,3.43,1700
RBPAA,20110202,1.8,1.82,1.8,1.82,1600
RCII,20110202,31.62,31.82,30.86,31.27,520300
RCKB,20110202,14.88,15.01,14.86,15,40000
RCKY,20110202,11.16,11.19,10.97,11.12,17100
RCMT,20110202,4.59,4.68,4.5,4.58,19600
RCON,20110202,3.8,4.23,3.8,4.23,19000
RDA,20110202,13.05,13.59,13.05,13.31,26600
RDCM,20110202,11.21,11.35,10.8,11.03,109900
RDEN,20110202,26.65,27.2,24.85,25,239600
RDI,20110202,5.05,5.06,4.97,5,23800
RDIB,20110202,9,9,9,9,0
RDNT,20110202,3.65,3.76,3.58,3.71,218300
RDWR,20110202,18.905,19.08,18.455,18.57,427100
RECN,20110202,20.08,20.39,19.93,20.34,268100
REDF,20110202,6.44,6.72,6.25,6.35,473600
REFR,20110202,6.53,6.6,6.5,6.56,75600
REGN,20110202,33.57,34.85,33.57,34.57,375200
REIS,20110202,7.05,7.09,7.04,7.05,17200
RELL,20110202,13,13.19,13,13.09,85700
RELV,20110202,2.03,2.09,1.96,2.07,14700
RENT,20110202,29.08,29.4,28.45,28.97,18300
REXI,20110202,6.85,6.9,6.71,6.72,30300
REXX,20110202,12.21,12.43,12.04,12.04,432900
RFIL,20110202,3.645,3.645,3.645,3.645,0
RFMD,20110202,7.01,7.01,6.85,6.96,5257200
RGCO,20110202,16.225,16.245,16,16,1300
RGDX,20110202,2.31,2.35,2.31,2.35,700
RGEN,20110202,5.16,5.28,5.16,5.22,55400
RGLD,20110202,48.41,48.44,47.25,47.52,451400
RICK,20110202,8.65,8.87,8.65,8.87,53400
RIGL,20110202,6.82,7.01,6.7,6.72,204600
RIMG,20110202,14.31,14.53,14.21,14.45,20400
RITT,20110202,5.23,5.65,5.23,5.46,13400
RIVR,20110202,15.55,15.55,15.55,15.55,0
RJET,20110202,6.53,6.6,6.41,6.45,395700
RLOC,20110202,22.7,23.35,22.5,22.73,41600
RLOG,20110202,5.25,5.4,5.25,5.27,2200
RMBS,20110202,20.82,21.18,20.68,21.03,410900
RMCF,20110202,10.34,10.34,10.01,10.11,4700
RMKR,20110202,1.37,1.41,1.31,1.4,6300
RMTI,20110202,9.11,9.39,9.09,9.21,24600
RNET,20110202,14,14.48,13.02,14.3,36900
RNIN,20110202,6.65,7.05,6.35,6.45,75400
RNST,20110202,15.91,16.13,15.75,15.82,28600
RNWK,20110202,3.81,3.88,3.81,3.86,281500
ROCK,20110202,11.03,11.11,10.67,10.68,99600
ROCM,20110202,10.79,10.9,10.69,10.7,16600
ROIA,20110202,1.46,1.46,1.35,1.43,20000
ROIAK,20110202,1.47,1.47,1.38,1.44,353600
ROIC,20110202,9.87,9.96,9.87,9.93,132300
ROICW,20110202,0.68,0.7,0.67,0.7,6300
ROLL,20110202,37.49,38.7,37.19,38.01,78100
ROMA,20110202,10.36,10.51,10.36,10.39,11400
ROSE,20110202,39.37,40.96,39.27,39.78,779100
ROSG,20110202,12.45,12.75,12.3,12.6,29500
ROST,20110202,32.755,32.845,32.22,32.425,2096600
ROVI,20110202,62.24,64.15,62.23,63.96,1359500
ROYL,20110202,2.33,2.35,2.3,2.33,9300
RP,20110202,27.28,27.93,26.97,27.11,49600
RPRX,20110202,2.4,2.49,2.39,2.49,157200
RPTP,20110202,3.85,3.86,3.78,3.79,616500
RRD,20110202,18.2,18.42,18.12,18.22,1502400
RRGB,20110202,21.15,21.3,20.87,20.94,63000
RRST,20110202,7.43,7.45,7.35,7.45,2800
RSOL,20110202,2.75,2.79,2.71,2.78,43900
RSTI,20110202,40.6,40.94,40.26,40.49,127600
RSYS,20110202,8.88,8.88,8.42,8.46,121300
RTEC,20110202,9.8,10.64,9.79,10.6,624300
RTIX,20110202,2.69,2.73,2.6,2.62,129100
RUE,20110202,29.3,29.6,28.81,29.09,44200
RUSHA,20110202,19.72,19.95,19.36,19.51,42200
RUSHB,20110202,17.35,17.35,16.92,16.93,4100
RUTH,20110202,4.74,4.81,4.69,4.7,132000
RVBD,20110202,35.5,36.19,35.39,35.65,2808200
RVSB,20110202,3.24,3.34,3.18,3.19,23200
RYAAY,20110202,30.75,30.99,30.6,30.77,618400
SAAS,20110202,3.33,3.35,3.24,3.25,30500
SAFM,20110202,41,41.06,40.13,40.88,468100
SAFT,20110202,47.92,48.26,47.85,48.15,12800
SAIA,20110202,15.02,15.04,14.69,14.93,105600
SALM,20110202,3.13,3.2,3.13,3.14,5200
SANM,20110202,15.51,15.74,15.4,15.57,1591500
SANW,20110202,4.3,4.35,4.1,4.3,40500
SANWW,20110202,0.5,0.5,0.5,0.5,0
SANWZ,20110202,0.36,0.36,0.36,0.36,0
SAPE,20110202,12.12,12.35,12.12,12.19,449700
SASR,20110202,19.71,19.84,19.11,19.32,14300
SATS,20110202,28.03,29.13,27.81,28.97,366200
SBAC,20110202,41.74,42.45,41.69,42.15,846500
SBBX,20110202,6,6,5.95,5.95,1100
SBCF,20110202,1.67,1.69,1.65,1.69,224700
SBGI,20110202,9.05,9.25,8.95,9.15,230800
SBLK,20110202,38.25,38.4,37.8,37.95,149500
SBNY,20110202,53.57,54.05,52.44,52.53,182200
SBNYW,20110202,30.65,30.72,30.57,30.72,7900
SBRA,20110202,18.56,18.74,18.56,18.64,148900
SBSA,20110202,0.96,0.96,0.89,0.94,276600
SBSI,20110202,21.28,21.57,20.76,20.92,28000
SBUX,20110202,32.16,32.25,31.68,32.2,6549800
SCBT,20110202,30.87,31.11,30.65,30.96,14800
SCHL,20110202,30.16,30.55,30.11,30.31,81100
SCHN,20110202,62.65,63.11,61.92,62.49,186400
SCLN,20110202,3.96,4.05,3.95,4.02,136700
SCMP,20110202,4.3,4.38,4.15,4.35,19700
SCOK,20110202,12.09,12.85,12,12.67,529900
SCON,20110202,26.52,37.68,25.8,35.16,6548100
SCOR,20110202,24.76,25.1,24.6,24.94,141300
SCSC,20110202,35.93,36.53,35.71,36.01,71200
SCSS,20110202,10.1,10.18,9.81,9.88,572600
SCVL,20110202,16.9867,16.9867,16.5467,16.7333,17900
SDBT,20110202,2.82,2.82,2.82,2.82,100
SDIX,20110202,2.15,2.38,2.11,2.28,244300
SEAC,20110202,8.57,8.68,8.57,8.65,42700
SEED,20110202,10.09,10.1,9.55,9.71,570200
SEIC,20110202,23.41,23.56,23.36,23.4,764800
SENEA,20110202,27.72,28.23,27.72,27.9,79900
SENEB,20110202,28.05,28.05,28.05,28.05,200
SFLY,20110202,33.79,34.77,33.4,34.31,718100
SFNC,20110202,28.21,28.21,27.7,27.99,21600
SFST,20110202,8,8,8,8,0
SGC,20110202,10.52,10.57,10.5,10.57,700
SGEN,20110202,15.93,16.05,15.49,15.55,5292500
SGI,20110202,10.23,10.94,10.1,10.9,681800
SGMA,20110202,7.43,7.6,7.09,7.09,6900
SGMO,20110202,7.8,7.91,7.47,7.65,543500
SGMS,20110202,10.53,10.63,10.17,10.34,566400
SGOC,20110202,4.7,4.9,4.7,4.9,700
SGRP,20110202,0.95,0.95,0.95,0.95,0
SHBI,20110202,10.19,10.28,10.17,10.28,6200
SHEN,20110202,17.17,17.28,16.73,16.83,15000
SHFL,20110202,10.52,10.72,10.42,10.6,633100
SHIP,20110202,0.85,0.86,0.84,0.84,200600
SHLD,20110202,76.01,77.4,74.54,76.15,736300
SHLM,20110202,22.03,22.25,21.94,22.04,113900
SHLO,20110202,13.45,13.58,13.45,13.57,2200
SHOO,20110202,26.38,26.7733,26.0467,26.4733,500300
SHOR,20110202,7.46,7.6,7.28,7.54,289500
SIAL,20110202,65.07,65.58,64.29,64.37,519700
SIEB,20110202,1.9,1.9,1.9,1.9,500
SIFY,20110202,2.45,2.51,2.41,2.48,374100
SIGA,20110202,11.13,11.21,10.84,10.93,630700
SIGI,20110202,18,18.11,17.86,17.93,59500
SIGM,20110202,14.16,14.59,13.98,14.54,233500
SILC,20110202,20,20.24,19.6,20.12,38900
SIMG,20110202,7.18,7.54,7.18,7.54,1393700
SIMO,20110202,7.5,7.5,7.25,7.41,851700
SINA,20110202,85,88.19,84.3,87.76,1875200
SINO,20110202,2.38,2.38,2.38,2.38,0
SIRI,20110202,1.66,1.73,1.65,1.72,143861800
SIRO,20110202,44.47,45.01,44.03,44.71,147700
SIVB,20110202,52.8,53.56,52.8,53.39,314200
SIVBO,20110202,24.15,24.15,24.15,24.15,0
SKBI,20110202,7.81,8.2,7.81,8.03,42200
SKYW,20110202,15.42,15.57,15.32,15.51,149500
SLAB,20110202,44.86,45.48,44.68,45.08,625900
SLGN,20110202,37.32,38.29,36.88,37.5,344100
SLMAP,20110202,41.79,42,41.67,41.99,7900
SLP,20110202,3.19,3.3,3.18,3.21,29600
SLRC,20110202,24.59,24.99,24.52,24.61,184100
SLTC,20110202,4.66,4.75,4.66,4.74,1400
SLTM,20110202,2.82,2.88,2.77,2.85,96500
SLXP,20110202,41.14,41.7,40.18,40.48,1637500
SMBC,20110202,19.14,19.14,19.14,19.14,100
SMCI,20110202,14.23,14.6,14.1,14.59,281800
SMED,20110202,4.28,4.29,4.16,4.17,420100
SMIT,20110202,3.9,3.9,3.9,3.9,0
SMMF,20110202,4.15,4.2,4.15,4.2,2400
SMRT,20110202,8.24,8.24,8.05,8.08,97800
SMSI,20110202,12.8,12.83,12.48,12.54,502700
SMT,20110202,8.99,9,8.77,8.88,575000
SMTC,20110202,22.01,22.37,22,22.14,413800
SMTX,20110202,3.35,3.39,3.3,3.3,291400
SNAK,20110202,4.2,4.26,4.19,4.22,13100
SNBC,20110202,4.2,4.2,4.12,4.18,22400
SNCR,20110202,29.03,29.56,29,29.32,191700
SNDK,20110202,46.44,48.2,46.26,47.97,11556800
SNFCA,20110202,1.86,1.86,1.86,1.86,500
SNHY,20110202,25.7533,26.0533,25.18,25.3467,15600
SNMX,20110202,6.23,6.73,6.22,6.67,99400
SNPS,20110202,27.6,28.19,27.54,27.99,1439500
SNSS,20110202,0.41,0.41,0.4,0.4,1734800
SNTA,20110202,4.87,4.89,4.82,4.87,165700
SNTS,20110202,3.33,3.47,3.33,3.45,243700
SOCB,20110202,3.24,3.49,3.1,3.49,8700
SODA,20110202,41.67,43.31,41.26,43,163300
SOFO,20110202,15.11,15.55,14.75,15.07,19600
SOHU,20110202,81.87,85,81.67,84.88,1330400
SOMH,20110202,9.4,9.83,9.4,9.83,1400
SONA,20110202,7.61,7.61,7.38,7.52,7400
SONC,20110202,9.73,9.89,9.56,9.61,341500
SONS,20110202,2.9,3.09,2.9,2.96,3586200
SORL,20110202,7.48,7.49,7.35,7.35,49900
SOXX,20110202,60.76,61.56,60.63,61.29,148700
SPAN,20110202,14.75,14.77,14.75,14.77,700
SPAR,20110202,6.35,6.47,6.3,6.32,80800
SPBC,20110202,9.79,9.8,9.64,9.64,9600
SPCHA,20110202,2.32,2.38,2.31,2.38,1100
SPCHB,20110202,2.38,2.5,2.37,2.37,900
SPEX,20110202,11,11,10.4,10.4,98000
SPIL,20110202,7,7,6.86,6.93,2375200
SPIR,20110202,4.9,5.12,4.9,5.03,49700
SPLS,20110202,22.67,22.95,22.22,22.33,9709400
SPMD,20110202,7.45,7.45,6.81,7.06,667100
SPNC,20110202,4.68,4.83,4.66,4.67,47000
SPNS,20110202,3.22,3.24,3.11,3.24,2200
SPPI,20110202,6.03,6.21,5.97,6.11,344000
SPPR,20110202,1.72,1.74,1.71,1.72,21300
SPPRO,20110202,27.63,27.63,27.25,27.62,1000
SPPRP,20110202,9.41,9.45,9.41,9.45,900
SPRD,20110202,22.2,23.04,22.2,22.89,1586400
SPRO,20110202,2.35,2.35,2.35,2.35,0
SPRT,20110202,5.91,6.13,5.8,6.08,121000
SPSC,20110202,16.33,16.33,15.36,15.7,6000
SPTN,20110202,14.66,15.22,14.66,15.08,132800
SPU,20110202,5.02,5.18,4.99,5.03,554800
SQI,20110202,13.17,13.92,13.13,13.92,14400
SQNM,20110202,7.01,7.11,6.97,6.98,1511300
SQQQ,20110202,107.88,108.24,106.36,107.56,959600
SRCE,20110202,19.32,19.39,19.09,19.15,6200
SRCL,20110202,79.34,79.51,77.61,78.4,520600
SRDX,20110202,12.2,12.3,12.06,12.16,70800
SSBI,20110202,6.59,6.7,6.58,6.64,3300
SSFN,20110202,6.74,6.75,6.43,6.53,3200
SSNC,20110202,18.17,18.4,18.16,18.33,29800
SSRI,20110202,23.81,23.85,23.26,23.55,615200
SSRX,20110202,16.05,16.19,15.47,15.96,37800
SSYS,20110202,33.4,34.41,33.4,34.16,44600
STAA,20110202,5.45,5.55,5.31,5.34,47600
STAN,20110202,18.51,18.52,18.07,18.17,9900
STBA,20110202,22.35,22.83,22.27,22.51,102200
STEC,20110202,21.23,22.66,21.02,22.49,2545300
STEI,20110202,6.49,6.56,6.39,6.43,167900
STEL,20110202,14.87,15.09,14.82,15.01,25200
STEM,20110202,0.93,0.96,0.93,0.95,404700
STFC,20110202,15.56,15.67,15.2,15.33,11500
STKL,20110202,7.33,7.33,6.57,6.71,764800
STLD,20110202,18.61,18.96,18.5,18.9,4326600
STLY,20110202,4.19,4.31,4.17,4.27,15000
STMP,20110202,13.03,13.03,12.65,12.76,32100
STND,20110202,14.07,14.16,14.04,14.16,11000
STNR,20110202,45.27,45.44,44.6,45.3,12100
STRA,20110202,120.24,121.94,119,119.73,139300
STRL,20110202,12.97,13.14,12.83,12.93,23200
STRM,20110202,1.75,1.85,1.69,1.83,25600
STRN,20110202,7.71,7.76,7.55,7.75,3400
STRS,20110202,9.77,9.77,9.77,9.77,100
STRT,20110202,31.65,31.95,31.4,31.4,800
STSA,20110202,17.87,18,17.78,17.8,23300
STX,20110202,13.9,14.44,13.9,14.26,10754200
STXS,20110202,34.3,35.2,34.3,34.6,292800
SUBK,20110202,21.53,21.85,21,21.06,23500
SUMR,20110202,7.69,7.74,7.54,7.56,118900
SUPX,20110202,22.87,23.09,22.64,22.97,34600
SURG,20110202,5,5,4.82,4.9,66100
SUSQ,20110202,9.86,9.96,9.61,9.65,987400
SUTR,20110202,2.06,2.12,2.05,2.09,60100
SVA,20110202,4.57,4.68,4.57,4.65,75600
SVBI,20110202,5.19,5.2,5.19,5.2,7400
SVNT,20110202,9.15,9.64,9.11,9.57,6215000
SWHC,20110202,3.64,3.64,3.57,3.64,516800
SWIR,20110202,14.43,14.45,14.2,14.27,96800
SWKS,20110202,32.47,33.08,31.82,32.92,2678600
SWSH,20110202,6.55,6.83,6.25,6.45,929400
SYBT,20110202,24.53,24.53,24.07,24.27,5000
SYBTP,20110202,11.51,11.51,11.51,11.51,200
SYKE,20110202,19.67,19.94,19.49,19.59,97300
SYMC,20110202,17.97,18.01,17.75,17.91,7095700
SYMM,20110202,6.4,6.49,6.26,6.33,57700
SYMX,20110202,1.1,1.11,1.1,1.1,25000
SYNA,20110202,28.56,29.25,28.51,29.01,584800
SYNL,20110202,12.4,12.97,12.4,12.84,6600
SYNM,20110202,16.3,16.4,16,16.4,135100
SYNT,20110202,57.73,58.12,57.34,57.91,77200
SYPR,20110202,4.13,4.37,4.13,4.33,14300
SYUT,20110202,12.38,12.46,12.21,12.22,31500
TACT,20110202,9.72,9.84,9.65,9.65,3200
TAIT,20110202,1.38,1.43,1.31,1.35,12900
TASR,20110202,4.28,4.35,4.22,4.22,310200
TAST,20110202,7.29,7.4,7.16,7.2,93300
TATT,20110202,5.55,5.55,5.51,5.51,400
TAXI,20110202,8.13,8.22,8.03,8.12,20900
TAYC,20110202,10.3,10.42,10.23,10.33,85400
TAYCP,20110202,25,25,24.95,24.95,1800
TAYD,20110202,4.81,4.81,4.75,4.8,15600
TBAC,20110202,2.88,2.88,2.88,2.88,0
TBBK,20110202,9.88,9.94,9.49,9.54,80300
TBNK,20110202,19.52,19.75,19.52,19.63,7200
TCBI,20110202,24.84,25.18,24.47,24.63,212100
TCBIW,20110202,14,14,14,14,0
TCBK,20110202,15.57,15.6,15.22,15.33,13200
TCCO,20110202,12.65,12.65,10.81,11.25,153600
TCRD,20110202,12.93,13.08,12.91,12.96,613200
TEAR,20110202,2.2,2.22,2.2,2.2,4200
TECD,20110202,48.1,48.45,47.61,48.24,369600
TECH,20110202,69.02,70.2,68.78,68.93,141900
TECUA,20110202,12.57,12.8,12.43,12.47,24700
TECUB,20110202,12.83,13,12.65,12.68,1100
TELK,20110202,34.8,35.4,31.8,33,100900
TESO,20110202,15.63,15.88,15.42,15.79,61200
TESS,20110202,12.52,12.65,12.27,12.57,29600
TFCO,20110202,3.39,3.39,3.39,3.39,0
TFM,20110202,39.35,39.9,38.26,38.37,101200
TFSL,20110202,9.82,9.98,9.81,9.85,346400
TGA,20110202,13.39,13.74,13.14,13.33,558900
TGE,20110202,4.71,4.82,4.65,4.75,26800
THFF,20110202,31.28,31.38,30.74,30.89,12500
THLD,20110202,1.73,1.82,1.72,1.77,74800
THOR,20110202,22.98,23.73,22.98,23.69,2473000
THRD,20110202,22.59,22.59,22.59,22.59,0
THRX,20110202,21.52,22.91,21.52,22.91,943600
THTI,20110202,3.71,3.71,3.7,3.7,1300
TIBX,20110202,23.96,24,23.42,23.8,3030600
TICC,20110202,12.54,12.78,12.51,12.78,299600
TIGR,20110202,4.55,4.68,4.55,4.66,10900
TINY,20110202,5.27,5.29,5.16,5.23,107800
TISA,20110202,1.12,1.13,1.1,1.13,27700
TITN,20110202,25.66,26.5,25.66,26.35,191100
TIVO,20110202,9.8,10.4,9.76,10.3,6714100
TKMR,20110202,5.96,6,5.89,5.93,14800
TLAB,20110202,5.28,5.32,5.25,5.28,10139900
TLF,20110202,4.91,4.91,4.62,4.62,1400
TMNG,20110202,2.56,2.57,2.55,2.55,2800
TNAV,20110202,10,10.13,9.54,10.07,315000
TOFC,20110202,8.53,8.64,8.53,8.58,2400
TOPS,20110202,1.04,1.08,1.03,1.07,62400
TORM,20110202,8.85,9.16,8.69,8.84,7100
TOWN,20110202,15.16,15.25,15,15.08,24000
TPGI,20110202,3.85,3.9,3.81,3.83,45900
TQNT,20110202,13.56,13.79,13.47,13.58,2020100
TQQQ,20110202,41.925,42.39,41.6925,41.9575,240500
TRAK,20110202,20.04,20.59,20.04,20.43,100400
TREE,20110202,8.4,8.49,8.4,8.46,800
TRGT,20110202,26.14,26.48,25.92,26.03,39100
TRIB,20110202,8.41,8.41,8.27,8.39,25800
TRIT,20110202,13.65,13.85,13.4,13.58,83400
TRLG,20110202,20.02,20.2,19.7,20.05,1103400
TRMB,20110202,23.16,23.46,22.93,23.34,573200
TRMD,20110202,72.7,72.9,72.3,72.5,5100
TRMK,20110202,24.43,24.7,24.29,24.29,223900
TRNS,20110202,7.88,7.88,7.88,7.88,300
TROW,20110202,66.75,67.02,66.3,66.52,1311800
TRS,20110202,19.36,19.82,18.95,19.7,98800
TRST,20110202,6.07,6.12,6.02,6.03,92400
TSBK,20110202,4.8,4.8,4.59,4.61,26200
TSCO,20110202,51.5,51.65,50.85,50.86,524300
TSEM,20110202,20.85,21,20.7,20.85,803600
TSLA,20110202,24.16,24.18,23.67,23.94,569400
TSON,20110202,3.5,3.56,3.39,3.5,108000
TSPT,20110202,8.31,8.31,8.17,8.2,14400
TSRA,20110202,17.77,18.38,17.77,18.18,523200
TSRI,20110202,5.08,5.08,5.01,5.01,1000
TSRX,20110202,4.45,4.47,4.34,4.34,15500
TST,20110202,3.07,3.1,3.03,3.06,102100
TSTC,20110202,8.39,8.39,8.25,8.35,169300
TSYS,20110202,4.25,4.3,4.12,4.16,586400
TTEC,20110202,22.07,22.42,21.79,22.1,107500
TTEK,20110202,24.57,24.63,23.92,24.22,474600
TTGT,20110202,7.2,7.38,7.2,7.35,13200
TTHI,20110202,2.12,2.13,2.07,2.09,19400
TTMI,20110202,16.75,16.9,16.29,16.61,673200
TTWO,20110202,13.16,13.92,13.16,13.83,3463100
TUES,20110202,5,5.03,4.9,4.93,264900
TWER,20110202,4.12,4.19,4.05,4.17,134100
TWGP,20110202,26.46,26.66,26.41,26.58,98400
TWIN,20110202,33.83,34.26,33.45,34.23,53900
TWMC,20110202,1.76,1.79,1.75,1.78,7300
TWTC,20110202,17.22,17.49,17.19,17.46,330900
TXCC,20110202,2.09,2.11,2.07,2.09,37800
TXN,20110202,34.8,35.29,34.8,35.12,8260700
TXRH,20110202,17.06,17.29,17.05,17.22,391700
TYPE,20110202,11.14,11.43,11.07,11.35,74900
TZOO,20110202,50.6,53.21,49.41,52.76,670400
UACL,20110202,15.09,15.36,14.02,14.78,26100
UBCP,20110202,8.37,8.9,8.37,8.9,2700
UBFO,20110202,3.14,3.18,3,3,56300
UBNK,20110202,15.7,15.85,15.57,15.62,11500
UBOH,20110202,10.01,10.38,9.9,10.29,700
UBSH,20110202,12.05,12.08,11.9,11.94,93900
UBSI,20110202,28.58,29.01,28.33,28.34,113800
UCBA,20110202,7.72,7.72,7.72,7.72,0
UCBI,20110202,1.71,1.72,1.7,1.7,203100
UCFC,20110202,1.54,1.55,1.47,1.47,8800
UCTT,20110202,12.88,13.19,12.63,12.71,194800
UEIC,20110202,26.83,27.26,26.75,27.16,66400
UEPS,20110202,11.51,11.66,11.5,11.59,117100
UFCS,20110202,20.41,20.43,19.91,19.95,42500
UFPI,20110202,38.04,38.22,37.46,37.75,33200
UFPT,20110202,18.4,19.37,18.24,19.29,328100
UG,20110202,14.25,14.25,14.25,14.25,400
UHAL,20110202,92.02,94.93,92.02,93.57,43100
ULBI,20110202,6.71,6.82,6.64,6.78,33700
ULGX,20110202,0.63,0.64,0.6,0.63,6800
ULTA,20110202,37.9,37.98,36.78,36.91,465900
ULTI,20110202,50.74,52.07,49.75,51.14,180400
ULTR,20110202,5.39,5.39,5.26,5.27,16000
UMBF,20110202,41.22,41.69,40.96,41.12,81300
UMPQ,20110202,11.14,11.2,10.91,10.99,770800
UNAM,20110202,9.75,9.75,9.75,9.75,200
UNB,20110202,18.2,18.2,18.2,18.2,0
UNFI,20110202,37.38,38.02,37.27,37.32,274300
UNIS,20110202,5.06,5.09,4.89,4.94,58300
UNTD,20110202,7.37,7.46,7.23,7.23,470200
UNTK,20110202,9.51,9.81,9.31,9.65,9400
UNTY,20110202,6.56,6.67,6.26,6.55,10900
UNXL,20110202,7.2,7.2,7.2,7.2,0
UPI,20110202,5.15,5.19,5.06,5.13,50700
URBN,20110202,33.92,34.24,33.45,33.6,2814400
URRE,20110202,29.4,31.6,28,31.1,4134900
USAK,20110202,12.2,12.22,12.15,12.16,25700
USAP,20110202,32.15,32.36,32.1,32.21,10600
USAT,20110202,1.64,1.74,1.62,1.72,456700
USATP,20110202,17.22,17.25,17.22,17.25,2000
USATZ,20110202,0.9,0.9,0.9,0.9,500
USBI,20110202,10.4,10.4,10.35,10.35,400
USCR,20110202,9.2,9.21,8.81,8.93,23100
USEG,20110202,6.19,6.29,6.06,6.13,160200
USLM,20110202,39.99,39.99,39.99,39.99,100
USMO,20110202,17.43,17.67,17.2,17.35,61700
USTR,20110202,31.99,32.12,30.86,31.335,159100
UTEK,20110202,23.82,24.58,23.6,24.23,397900
UTHR,20110202,68.72,69.48,66.94,66.94,920400
UTIW,20110202,21.01,22.13,21.01,21.73,285000
UTMD,20110202,27.28,27.28,27.28,27.28,300
UTSI,20110202,6.39,6.54,6.39,6.54,246500
UVSP,20110202,17.88,17.9,17.5,17.57,7400
VALU,20110202,13.7,13.72,13.59,13.69,3700
VALV,20110202,5.31,5.31,4.5,5.12,172300
VASC,20110202,11.1,11.21,10.8,11.11,62800
VBFC,20110202,2.75,2.85,2.74,2.75,8000
VCBI,20110202,6.18,6.21,6.09,6.11,39700
VCIT,20110202,79.31,79.31,78.72,78.85,24700
VCLK,20110202,14.18,14.43,14.03,14.09,1556800
VCLT,20110202,76.19,76.4,75.95,76.02,5000
VCSH,20110202,77.68,77.68,77.51,77.52,104800
VDSI,20110202,7.91,8.13,7.8,7.81,68200
VECO,20110202,43.28,44.81,42.86,43.74,1167800
VELT,20110202,14.14,14.5,13.86,14.03,959900
VGIT,20110202,60.93,60.93,60.7,60.7,6600
VGLT,20110202,58.73,58.76,58.27,58.44,16500
VGSH,20110202,60.61,60.61,60.52,60.55,12100
VIA,20110202,49.25,50.75,48.97,50.51,98800
VIAB,20110202,42.72,45.29,42.63,43.97,8300800
VIAS,20110202,19.88,20.11,19.88,20.01,8400
VICL,20110202,2,2.04,2,2.03,323100
VICR,20110202,15.19,15.57,15.04,15.52,95400
VIDE,20110202,3.78,3.9,3.75,3.85,1500
VIFL,20110202,3.67,3.74,3.62,3.71,5300
VIMC,20110202,3.24,3.29,3.16,3.24,21700
VIRC,20110202,3.02,3.13,3.02,3.13,4800
VISN,20110202,87.2,89,86,88.6,83600
VIVO,20110202,21.88,22.09,21.79,22.01,113200
VLCCF,20110202,24.88,25.11,24.41,24.82,198900
VLGEA,20110202,31.52,31.52,31.33,31.41,1000
VLTR,20110202,25.76,26.19,25.22,25.28,222700
VLYWW,20110202,3,3,3,3,0
VMBS,20110202,50.31,50.31,50.1,50.21,17300
VMED,20110202,26.22,26.25,25.7,25.88,4448000
VNDA,20110202,8.02,8.27,8.02,8.26,66000
VNQI,20110202,51.21,51.21,50.63,50.82,16100
VOCS,20110202,26.58,27.4,26.58,27.27,87100
VOD,20110202,28.85,29.04,28.52,28.75,5991100
VOLC,20110202,26.35,26.89,25.81,26.29,420700
VONE,20110202,59.62,59.71,59.62,59.71,400
VONG,20110202,61.1,61.1,61.1,61.1,100
VONV,20110202,58.59,58.68,58.59,58.68,300
VOXX,20110202,7.2,7.33,7.18,7.21,49000
VPFG,20110202,12.99,13.05,12.95,12.98,147100
VPHM,20110202,16.45,16.75,16.4,16.58,606300
VPRT,20110202,49.71,52.81,49.71,52.17,724000
VRA,20110202,35.29,36.07,34.98,35.83,63300
VRML,20110202,7.43,7.43,6.74,6.8,215900
VRNM,20110202,2.98,3.04,2.93,3.01,47300
VRNT,20110202,34.5,34.99,34.5,34.98,91800
VRSK,20110202,34.07,34.28,33.85,33.88,278900
VRSN,20110202,34.02,34.36,33.99,34.03,2364300
VRTA,20110202,1.5,1.5,1.06,1.21,14500
VRTB,20110202,1.62,1.69,1.62,1.62,2000
VRTS,20110202,49.54,54.49,49.54,53.34,52500
VRTU,20110202,16.99,17.41,16.54,17.28,80000
VRTX,20110202,38.93,39.68,38.9,38.97,2114200
VSAT,20110202,44.77,45.23,44.44,44.59,129400
VSBN,20110202,11.85,11.85,11.85,11.85,0
VSCI,20110202,1.62,1.64,1.57,1.62,27900
VSCP,20110202,2.23,2.25,2.2,2.23,127700
VSEC,20110202,30.97,31.3,30.72,30.84,8000
VTHR,20110202,59.79,59.87,59.79,59.82,400
VTNC,20110202,14.14,14.21,13.63,14,46300
VTUS,20110202,6.49,6.5,6,6,22300
VTWG,20110202,64.13,64.16,63.97,64.04,1900
VTWO,20110202,62.8,63.05,62.73,62.76,4500
VTWV,20110202,60.41,60.41,60.41,60.41,0
VVTV,20110202,6.3,6.31,6.12,6.19,161000
VVUS,20110202,7.55,7.79,7.5,7.63,2787400
VXUS,20110202,51,51,50.54,50.69,47700
VYFC,20110202,3.82,3.96,3.82,3.96,5100
WABC,20110202,50.48,50.77,50.26,50.26,87100
WAFD,20110202,17.35,17.5,17.18,17.23,565400
WASH,20110202,20.44,20.82,20.3,20.56,18000
WAVX,20110202,4.02,4.02,3.81,3.91,636200
WAYN,20110202,9.07,9.07,9.07,9.07,0
WBCO,20110202,13.81,14,13.46,13.94,25800
WBKC,20110202,12.7,12.75,12.28,12.73,22900
WBMD,20110202,52.5,52.8,52.26,52.59,176000
WBSN,20110202,19.64,19.8,18.89,19.25,2101500
WCRX,20110202,23.95,24.07,23.49,23.59,1074600
WDC,20110202,34.28,36.59,34.2,36.39,8094200
WDFC,20110202,39.82,40.15,39.67,39.89,45600
WEBM,20110202,10.99,11.97,10.22,11.41,396200
WERN,20110202,24.78,24.85,24.45,24.6,658600
WEYS,20110202,23.65,24.33,23.37,23.53,4000
WFD,20110202,8.68,8.78,8.68,8.73,33600
WFM,20110202,52.7,52.95,51.38,51.72,2285500
WIBC,20110202,6.44,6.5,6.4,6.47,92900
WILC,20110202,7.45,7.45,7.34,7.35,29800
WIN,20110202,13.01,13.05,12.88,12.88,4533900
WINA,20110202,34.21,34.74,34.21,34.48,5400
WIRE,20110202,22.9,23.19,22.66,23.02,49200
WLDN,20110202,4.42,4.42,4.22,4.4,1000
WLFC,20110202,13.45,13.54,13.45,13.47,8300
WMAR,20110202,12.92,12.96,12.59,12.74,44400
WMGI,20110202,15.01,15.09,14.85,15.08,312300
WOOD,20110202,48.97,48.97,48.69,48.81,16900
WOOF,20110202,22.6,22.87,22.51,22.59,406700
WPCS,20110202,2.9,2.91,2.81,2.81,5100
WPPGY,20110202,62.93,63.13,62.67,62.93,33400
WPRT,20110202,16.43,16.51,15.49,15.68,730300
WRES,20110202,5.92,6.06,5.77,5.85,625100
WRLD,20110202,58.9,59.48,56.61,56.71,129400
WRLS,20110202,6.74,6.8,6.43,6.77,710300
WSB,20110202,3.1,3.1,3.05,3.05,800
WSBC,20110202,19.27,19.82,19.02,19.76,53000
WSBF,20110202,2.82,2.82,2.66,2.69,8800
WSCI,20110202,4.69,4.8,4.64,4.69,4300
WSFS,20110202,45.68,46.79,44.83,45.55,5800
WSTG,20110202,12.21,12.49,12.2,12.44,4800
WSTL,20110202,3.16,3.25,3.06,3.18,290200
WTBA,20110202,7.4,7.51,7.34,7.37,8000
WTFC,20110202,33.48,33.7,33.06,33.1,157700
WVFC,20110202,8.75,8.76,8.75,8.76,400
WVVI,20110202,3.37,3.37,3.37,3.37,100
WWD,20110202,33.84,34.85,33.84,34.66,314300
WWWW,20110202,10.17,10.25,9.85,9.97,370000
WYNN,20110202,119.48,119.7,117.64,118.87,1414500
XBKS,20110202,5.35,5.35,5.35,5.35,0
XIDE,20110202,9.81,10.09,9.78,9.98,423600
XLNX,20110202,33.07,33.58,33,33.08,4981100
XNPT,20110202,7.75,7.9,7.75,7.8,482200
XOMA,20110202,5.35,5.37,5.27,5.34,814100
XRAY,20110202,36.15,36.29,35.91,35.98,715400
XRTX,20110202,13.12,13.64,13.12,13.52,353900
XTEX,20110202,15.25,15.5,15.25,15.31,98800
XTXI,20110202,8.78,8.86,8.62,8.68,155100
XWES,20110202,2.49,2.72,2.48,2.72,6700
XXIA,20110202,16.33,16.44,15.94,16.04,262500
YAVY,20110202,2.71,2.74,2.62,2.65,19100
YHOO,20110202,16.25,16.66,16.25,16.57,21106700
YORW,20110202,17.13,17.17,17.02,17.02,10700
YRCW,20110202,4.15,4.33,4.03,4.22,1649800
ZAGG,20110202,9.28,9.75,9.15,9.57,831000
ZBRA,20110202,39.83,40.53,39.73,39.8,98600
ZEUS,20110202,27.88,28.47,27.69,27.69,23100
ZGNX,20110202,4.9,5.13,4.7,4.7,63600
ZHNE,20110202,2.49,2.55,2.49,2.49,69300
ZIGO,20110202,11.31,11.6,11.26,11.34,21000
ZINC,20110202,13.07,13.38,12.9,13.15,156200
ZION,20110202,24.16,24.34,23.97,24.22,2531600
ZIONW,20110202,7.45,7.45,7.45,7.45,0
ZIOP,20110202,5.96,6.22,5.95,6.2,1200800
ZIPR,20110202,2.61,2.7,2.61,2.65,20300
ZIXI,20110202,4.63,4.75,4.62,4.68,699100
ZLCS,20110202,2.01,2.1,2.01,2.1,1395500
ZN,20110202,4.45,4.5,4.35,4.47,69300
ZOLT,20110202,11.53,11.67,11.4,11.53,95500
ZOOM,20110202,4.12,4.14,4.06,4.09,58900
ZUMZ,20110202,24.25,24.25,23.43,23.64,443900
