<ticker>,<date>,<open>,<high>,<low>,<close>,<vol>
AACC,20110224,5.65,5.88,5.63,5.88,22000
AAME,20110224,2.04,2.04,1.97,2.04,400
AAON,20110224,20.06,20.5467,20.0267,20.1467,48100
AAPL,20110224,344.02,345.15,338.37,342.88,17853500
AAWW,20110224,66.87,68.07,65.91,67.96,283100
AAXJ,20110224,59.36,59.38,58.8,59.25,409900
ABAX,20110224,25.91,25.91,25.3,25.77,70600
ABCB,20110224,9.97,9.97,9.87,9.94,55600
ABCD,20110224,3.68,3.7,3.57,3.61,89300
ABCO,20110224,25.59,25.59,24.97,25.235,133800
ABFS,20110224,24.01,24.03,23.15,23.53,288400
ABIO,20110224,17.94,18.3,17.76,17.88,7300
ABMD,20110224,12.3,12.85,12.3,12.83,230700
ABTL,20110224,5.5,5.9,5.5,5.9,259500
ACAD,20110224,1.49,1.55,1.47,1.5,279400
ACAS,20110224,9.12,9.26,8.88,9.13,3872300
ACAT,20110224,13.01,13.01,12.44,12.72,95800
ACCL,20110224,8.59,8.59,8.45,8.56,116200
ACET,20110224,7.78,7.98,7.71,7.95,120900
ACFN,20110224,3.62,3.77,3.58,3.71,54500
ACGL,20110224,29.2033,29.35,29.0567,29.1867,513600
ACHN,20110224,5.25,5.83,5.19,5.81,390600
ACIW,20110224,29.1,29.73,28.31,29.64,195600
ACLS,20110224,2.57,2.73,2.56,2.7,1409400
ACNB,20110224,15.51,15.55,15.3,15.5,8100
ACOR,20110224,20.6,20.97,20.43,20.6,829800
ACPW,20110224,11,11.9,10.9,11.15,289700
ACRX,20110224,4,4,3.65,3.75,32600
ACTG,20110224,22.43,24.03,22.43,23.69,319800
ACTS,20110224,2.48,2.48,2.47,2.47,21500
ACUR,20110224,3.17,3.24,3.1,3.2,51500
ACWI,20110224,47.9,47.99,47.43,47.81,145100
ACWX,20110224,44.78,44.84,44.35,44.72,54400
ACXM,20110224,16.65,16.69,16.29,16.55,509300
ADAT,20110224,1.06,1.12,1,1.04,9800
ADBE,20110224,33.35,33.63,32.94,33.45,3965400
ADEP,20110224,4.15,4.16,4.07,4.15,5000
ADES,20110224,14.79,14.85,14.15,14.47,80000
ADI,20110224,39.13,39.66,38.87,39.27,3035400
ADP,20110224,49.01,49.24,48.49,48.99,2023900
ADRA,20110224,28.56,28.67,28.4,28.56,39100
ADRD,20110224,22.73,22.73,22.57,22.68,8300
ADRE,20110224,46.31,46.48,45.99,46.21,63000
ADRU,20110224,22.11,22.11,21.99,22.1,900
ADSK,20110224,39.9,41.04,39.7,40.43,3938200
ADTN,20110224,43.61,44.71,43.42,44.69,1057600
ADUS,20110224,4.45,4.45,4.32,4.33,15200
ADVS,20110224,28.63,28.85,28.15,28.71,225800
AEGR,20110224,14.23,14.53,14.23,14.42,9900
AEHR,20110224,1.51,1.61,1.5,1.54,18400
AEIS,20110224,15.51,15.54,15.08,15.48,548200
AEPI,20110224,28.63,28.63,28.06,28.18,10700
AERL,20110224,9.95,10,9.7,9.88,63800
AETI,20110224,2.53,2.61,2.45,2.45,4200
AEY,20110224,3.15,3.2,3.15,3.19,31500
AEZS,20110224,10.62,10.98,10.44,10.56,2096300
AFAM,20110224,36.85,37.81,36.85,37.77,54400
AFCB,20110224,13.51,13.53,13.5,13.51,4000
AFCE,20110224,14.44,14.64,14.17,14.53,70500
AFFX,20110224,4.72,4.85,4.64,4.82,1572800
AFFY,20110224,6.53,6.65,6.32,6.34,222300
AFOP,20110224,12.98,13.1,12.75,13.09,116200
AFSI,20110224,18.95,19.12,18.81,18.88,139600
AGEN,20110224,0.93,0.95,0.93,0.93,119200
AGII,20110224,38.41,38.54,37.63,37.89,109600
AGNC,20110224,29.16,29.3,29.09,29.27,2316600
AGYS,20110224,5.27,5.44,5.2,5.38,169700
AHGP,20110224,53.49,54.17,52.8,54.04,26900
AHPI,20110224,4.86,4.98,4.75,4.77,2000
AIMC,20110224,20.92,21.06,20.61,20.94,116500
AINV,20110224,11.76,12.07,11.71,12.06,1978000
AIRM,20110224,19.0367,19.1133,18.5667,18.6667,117300
AIRT,20110224,9.65,9.65,9.45,9.45,6600
AIXG,20110224,39.86,40.09,39.46,40.07,153700
AKAM,20110224,39.87,40.56,39.17,39.66,6607100
AKRX,20110224,5.19,5.19,5.07,5.16,544800
ALCO,20110224,23.34,23.95,23.34,23.95,9000
ALGN,20110224,19.27,19.61,19.2,19.54,604700
ALGT,20110224,39.74,40.97,39.67,40.81,251500
ALIM,20110224,8.1,8.1,7.95,8.03,79700
ALKS,20110224,14.04,14.16,13.9,14.01,538300
ALLB,20110224,11.2,11.2,11.2,11.2,0
ALLT,20110224,14.78,14.9,14.52,14.53,163700
ALNY,20110224,11.36,11.65,10.96,11.1,325900
ALOG,20110224,52.72,53.09,52.15,53.07,42300
ALOT,20110224,7.56,7.56,7.56,7.56,0
ALSK,20110224,9.58,9.85,9.56,9.75,1503200
ALTE,20110224,20.97,21.07,20.49,20.82,635400
ALTI,20110224,2.55,2.55,2.42,2.47,130800
ALTR,20110224,40.15,40.85,39.73,40.78,5475900
ALVR,20110224,19.3,19.6,19.1,19.5,79700
ALXA,20110224,13,13.3,12.5,12.8,294800
ALXN,20110224,46.045,46.325,45.5,46.085,996400
AMAG,20110224,17.1,17.5,17.06,17.24,140300
AMAP,20110224,15.71,16.37,15.3,15.93,773400
AMAT,20110224,15.69,15.87,15.52,15.83,18660200
AMCC,20110224,9.95,10.21,9.94,10.15,945900
AMCF,20110224,4.57,4.81,4.57,4.78,5900
AMCN,20110224,6.69,6.69,6.61,6.67,40300
AMED,20110224,35,35.61,34.4,34.48,451300
AMGN,20110224,51.07,51.24,50.61,50.95,8616000
AMIC,20110224,5,5,5,5,0
AMKR,20110224,7.19,7.43,7.11,7.29,1668600
AMNB,20110224,21.27,21.3,20.84,21.08,12600
AMOT,20110224,7.02,7.45,6.87,7.42,56300
AMOV,20110224,27.7,27.7,27.7,27.7,200
AMRB,20110224,6.5,6.5,6.5,6.5,0
AMRI,20110224,4.37,4.38,4.29,4.31,65900
AMRN,20110224,8.05,8.24,7.8,8.16,1396100
AMRS,20110224,29.5,31.35,29.5,31.31,59500
AMSC,20110224,26.34,27.14,26.21,26.78,595300
AMSF,20110224,19.69,19.92,19.69,19.85,43500
AMSG,20110224,23.63,23.96,23.41,23.6,102600
AMSWA,20110224,6.53,6.85,6.51,6.85,52800
AMWD,20110224,19.68,19.8,19.16,19.25,25000
AMZN,20110224,177,179.75,174.56,177.75,4661100
ANAC,20110224,7.08,7.74,7.04,7.35,30500
ANAD,20110224,5.25,5.57,5.23,5.49,1411200
ANAT,20110224,80.9,81.89,80.01,80.21,26000
ANCB,20110224,10.31,10.47,10.3,10.47,17900
ANCI,20110224,4.92,4.92,4.8,4.89,8400
ANCX,20110224,6.95,6.95,6.85,6.9,6600
ANDE,20110224,46.82,47.42,46.05,46.71,121100
ANEN,20110224,18.52,19.96,18.52,19.83,82100
ANGO,20110224,16.69,16.69,16.5,16.58,68400
ANIK,20110224,8.52,8.6,8.42,8.51,83100
ANLY,20110224,3.21,3.57,3.15,3.44,51800
ANSS,20110224,53.98,55,52.78,54.11,900100
ANTH,20110224,5.48,5.64,5.33,5.64,113300
ANTP,20110224,3.5,3.6,3.5,3.55,4100
AOSL,20110224,12.4,12.97,12.34,12.89,148200
APAGF,20110224,71.8,74.13,71,73.74,20500
APEI,20110224,41.13,43.12,40.81,42.83,278600
APFC,20110224,5.94,6.04,5.94,6.04,2200
APOG,20110224,13.29,13.55,13.16,13.42,88400
APOL,20110224,44.41,45.24,44.3,45.16,2006800
APPY,20110224,3.42,3.54,3.3,3.42,111800
APRI,20110224,5.22,5.59,5.07,5.2,2591900
APSA,20110224,15.53,15.92,14.91,15.08,1500
ARAY,20110224,9.83,10.02,9.61,9.91,411400
ARCC,20110224,17.09,17.38,17.07,17.26,1559000
ARCI,20110224,4.34,4.39,4.25,4.25,17700
ARCW,20110224,2.8,2.8,2.8,2.8,0
ARDNA,20110224,76.98,77.92,76.85,77.92,1500
AREX,20110224,32.2,32.44,31.62,31.95,178500
ARIA,20110224,5.8,5.91,5.7,5.83,1386100
ARII,20110224,20.34,20.82,19.13,19.8,212100
ARKR,20110224,14.18,14.48,14.17,14.46,7400
ARLP,20110224,74,75.22,73.96,75.21,92400
ARMH,20110224,27.87,28.42,27.6,28.33,6475300
ARNA,20110224,1.61,1.65,1.61,1.63,1510500
AROW,20110224,24.21,24.44,24.15,24.39,25900
ARQL,20110224,6,6.21,5.98,6.21,156400
ARRS,20110224,12.94,13.2,12.81,13.02,1194200
ARRY,20110224,2.72,2.84,2.69,2.84,203500
ARTC,20110224,33.89,34.08,33.07,33.68,180600
ARTNA,20110224,19.26,19.38,19.2,19.38,9000
ARTW,20110224,11.01,11.48,10.75,11.17,48600
ARTX,20110224,1.47,1.5,1.47,1.5,10300
ARUN,20110224,29.35,30.31,28.79,29.65,2876200
ARWR,20110224,0.7,0.72,0.7,0.7,153200
ASBC,20110224,14.39,14.47,14.03,14.08,1251400
ASBI,20110224,5,5,5,5,0
ASCA,20110224,16.61,16.85,16.32,16.54,284300
ASCMA,20110224,40.22,40.86,39.9,40.42,104900
ASEI,20110224,93,93.4,91.71,92.65,73600
ASFI,20110224,8.34,8.49,8.22,8.47,27500
ASIA,20110224,18.81,19.72,18.78,19.6,1021200
ASMI,20110224,38.73,38.82,38.21,38.37,19200
ASML,20110224,42.77,43.35,42.52,43.13,2145900
ASNA,20110224,15.305,15.615,14.975,15.255,814400
ASPS,20110224,29.97,30.11,29.89,30.05,193800
ASRV,20110224,2.13,2.13,2.1,2.13,4500
ASRVP,20110224,24.8,24.8,24.8,24.8,0
ASTC,20110224,1.21,1.21,1.19,1.21,50700
ASTE,20110224,33.76,33.9,33.08,33.7,120100
ASTI,20110224,3.35,3.37,3.27,3.31,163900
ASTM,20110224,2.05,2.24,2.01,2.24,1219900
ASUR,20110224,1.7733,1.8133,1.74,1.8133,2100
ASYS,20110224,22.09,22.74,21.18,21.96,386600
ATAI,20110224,4.89,5.5,4.89,5.5,12000
ATAX,20110224,5.55,5.58,5.52,5.52,55100
ATEA,20110224,3.18,3.27,3.12,3.25,9500
ATEC,20110224,2.69,2.74,2.65,2.73,321000
ATHN,20110224,44.69,46.08,44.24,45.25,459700
ATHX,20110224,2.51,2.52,2.46,2.51,68200
ATLO,20110224,18.4,18.5,18.02,18.39,16400
ATMI,20110224,17.96,18.15,17.81,18,263300
ATML,20110224,14.48,14.7,14.21,14.65,9866000
ATNI,20110224,38.12,38.15,37.74,38.05,75500
ATRC,20110224,10.26,10.26,10,10.07,32600
ATRI,20110224,172,173.53,172,173.53,1700
ATRM,20110224,1.81,1.84,1.75,1.75,28400
ATRO,20110224,21.26,21.41,19.85,20.28,126300
ATSG,20110224,7.39,7.73,7.2,7.62,458400
ATVI,20110224,10.77,10.98,10.69,10.78,12786900
ATX,20110224,10.5,11,10.5,10.9,25600
AUBN,20110224,19.53,19.75,19.51,19.54,1300
AUDC,20110224,6.46,6.49,6.31,6.46,92800
AUXL,20110224,21.65,22.07,21.54,21.89,607600
AVAV,20110224,28.31,28.73,28.05,28.57,140400
AVEO,20110224,14.35,14.57,14,14.2,139500
AVGO,20110224,31.85,34.12,31.66,33.98,3533200
AVID,20110224,21.35,21.82,21.19,21.36,106100
AVNR,20110224,3.6,3.74,3.58,3.71,4254700
AVNW,20110224,5.85,6.03,5.85,6.01,298900
AWRE,20110224,3.55,3.63,3.55,3.63,200
AXAS,20110224,5.58,5.95,5.56,5.76,2090200
AXFN,20110224,25.12,25.12,25.12,25.12,0
AXTI,20110224,7.67,7.71,6.78,7.06,4543700
AZPN,20110224,15.14,15.25,14.97,15.09,491800
BABY,20110224,14.97,15.44,14.84,15.43,241800
BAGL,20110224,15.98,16.16,15.6,16.15,60800
BAMM,20110224,5.6,5.99,5.55,5.97,55300
BANC,20110224,15.25,15.86,15.17,15.34,57900
BANF,20110224,41.52,41.68,41.41,41.66,12000
BANFP,20110224,26.55,26.55,26.55,26.55,0
BANR,20110224,16.31,16.31,15.82,16.17,375600
BASI,20110224,2.37,2.4,2.07,2.25,13500
BBBY,20110224,47.78,47.88,46.78,47.36,2364500
BBEP,20110224,22.04,22.33,21.93,21.97,234700
BBGI,20110224,5.87,6.15,5.87,6.15,4300
BBNK,20110224,9.05,9.24,8.64,9.11,39200
BBOX,20110224,36.44,37.24,36.31,37.04,121400
BBRG,20110224,16.89,16.89,16.23,16.63,129900
BBRY,20110224,65.51,66.87,65.17,65.79,7809100
BBSI,20110224,14.65,14.87,14.43,14.73,52700
BCBP,20110224,10.69,10.76,10.37,10.68,6600
BCOM,20110224,32.5,32.5,32.5,32.5,0
BCPC,20110224,33.52,34.5,33.26,34.4,112500
BCRX,20110224,3.95,4.01,3.94,3.99,192400
BCSB,20110224,12.55,12.61,12.55,12.6,2100
BDE,20110224,6.95,6.95,6.72,6.76,8000
BDGE,20110224,21.97,22.17,21.82,22.11,10900
BDMS,20110224,19.14,19.14,19.14,19.14,0
BDSI,20110224,3.56,3.57,3.45,3.51,64200
BEAT,20110224,4.79,4.83,4.67,4.81,418100
BEAV,20110224,34.05,34.63,33.98,34.48,1318800
BEBE,20110224,5.81,5.82,5.7,5.74,374300
BECN,20110224,20.33,20.46,20.1,20.27,410400
BELFA,20110224,23.1,23.1,23.1,23.1,0
BELFB,20110224,21.1,21.14,20.57,21.02,21100
BERK,20110224,7.31,7.5,7,7,6100
BFIN,20110224,8.6,8.64,8.5,8.6,30400
BFLY,20110224,3.13,3.15,2.86,2.97,15100
BGCP,20110224,9.02,9.32,9.02,9.25,884600
BGFV,20110224,13.01,13.29,13,13.29,55100
BGMD,20110224,8.3,8.3,8.2,8.23,6500
BIB,20110224,29.3,29.3,29.3,29.3,200
BICK,20110224,30.2,30.4,30.1,30.34,80700
BIDU,20110224,116.71,119.86,115.5,118.81,6793300
BIIB,20110224,67.23,67.72,66.79,67.26,1952400
BIOD,20110224,8.04,8.64,8.04,8.28,919400
BIOF,20110224,18,18.6,17.8,18,273000
BIOS,20110224,4.25,4.35,4.21,4.25,678600
BIRT,20110224,4.92,4.97,4.77,4.8,513700
BIS,20110224,51.16,51.52,50.74,50.74,10100
BJRI,20110224,34.58,35.17,34.2,35.08,346300
BKCC,20110224,11.75,12,11.72,11.99,473600
BKMU,20110224,4.41,4.44,4.37,4.43,153100
BKOR,20110224,4.93,4.99,4.73,4.73,1600
BKSC,20110224,11.98,11.98,11.82,11.82,400
BKYF,20110224,20.86,20.86,20.47,20.6,3600
BLDP,20110224,2.02,2.02,1.96,1.98,158900
BLDR,20110224,2.32,2.41,2.25,2.37,121700
BLIN,20110224,1.25,1.25,1.21,1.21,5000
BLKB,20110224,25.7,25.91,25.3,25.69,151600
BMC,20110224,48.21,48.92,47.92,48.36,1550100
BMRC,20110224,34.95,36.36,34.95,36.36,25300
BMRN,20110224,24.5,25.22,24.26,24.55,1116400
BMTC,20110224,20.61,20.82,20.42,20.82,20900
BNCL,20110224,8.79,8.85,8.71,8.8,58300
BNCN,20110224,8,8.29,7.55,7.64,21000
BNSO,20110224,2,2.35,2,2.3,6900
BOBE,20110224,31.02,31.17,30.51,30.88,234800
BOCH,20110224,4.05,4.05,4,4.04,1900
BODY,20110224,17.79,17.79,17.16,17.5,118600
BOFI,20110224,14.85,15,14.7,14.77,25200
BOKF,20110224,50.49,50.59,50.08,50.37,97800
BOLT,20110224,14.35,14.61,14.26,14.26,10900
BONA,20110224,7.55,7.74,7.5,7.54,60100
BONT,20110224,15.01,15.68,15.01,15.65,82500
BOOM,20110224,20.59,21.76,20.5,21.67,139200
BOSC,20110224,6.96,7.2,6.68,7.2,4900
BPAX,20110224,12.3,12.9,12.06,12.72,1523000
BPFH,20110224,7.21,7.26,7.09,7.17,692200
BPFHW,20110224,2.61,2.91,2.61,2.91,22300
BPHX,20110224,2.06,2.09,2.01,2.09,43200
BPOP,20110224,32.2,32.2,31.3,32,8629600
BPOPM,20110224,19.1,19.1,19.1,19.1,0
BPOPN,20110224,20.6,20.75,20.29,20.75,2000
BRCD,20110224,6.13,6.34,6.08,6.29,22662900
BRCM,20110224,40.54,41.25,40.07,40.96,10825400
BRID,20110224,11.1,11.38,11.1,11.38,1800
BRKL,20110224,10.45,10.51,10.24,10.34,401100
BRKR,20110224,18.49,18.78,18.23,18.27,1211100
BRKS,20110224,12.26,12.42,12,12.3,422200
BRLI,20110224,21.66,21.68,20.69,20.83,352000
BSDM,20110224,4.64,4.64,4.38,4.46,293200
BSET,20110224,6.92,6.93,6.53,6.71,10000
BSFT,20110224,35.54,36.31,34.14,34.35,446100
BSPM,20110224,7.62,7.62,7.35,7.41,70100
BSQR,20110224,11.51,11.51,10.82,11.07,226600
BSRR,20110224,10.8,10.8,10.69,10.74,16200
BSTC,20110224,26.5,26.5,26.05,26.28,4700
BTUI,20110224,10.5,11.04,10.49,10.8,8100
BUSE,20110224,4.86,4.9,4.8,4.85,281200
BVSN,20110224,13.05,13.15,12.91,12.91,1500
BWEN,20110224,15.5,15.7,14.7,15,1356000
BWINA,20110224,21.46,21.46,21.46,21.46,0
BWINB,20110224,23.83,24.35,23.77,24.25,10800
BWLD,20110224,52,52.81,51.52,52.7,218700
BYFC,20110224,2.58,2.58,2.4,2.4,400
CA,20110224,24.45,24.54,24.03,24.38,3641600
CAAS,20110224,10.97,11.1,10.97,11.06,189100
CAC,20110224,33.71,33.8,33.03,33.63,10700
CACB,20110224,9.21,9.29,9.2,9.25,2000
CACC,20110224,70.26,70.55,69.88,70.17,46100
CACH,20110224,3.86,3.93,3.83,3.83,6600
CADC,20110224,4.57,4.67,4.5,4.53,25900
CADX,20110224,7.38,7.54,7.31,7.46,266700
CAFI,20110224,2.2,2.25,2.15,2.24,2000
CAKE,20110224,27.84,28.42,27.68,28.36,1664900
CALD,20110224,5.93,5.94,5.88,5.9,148000
CALI,20110224,17.76,18.24,17.4,17.58,47000
CALL,20110224,9.26,9.455,9.155,9.405,6400
CALM,20110224,28.21,28.21,27.7,28.02,116500
CAMP,20110224,3.09,3.1,3.03,3.07,26400
CAMT,20110224,3.9,4.01,3.8,3.88,75300
CAR,20110224,15.25,15.28,14.76,15.02,2013300
CART,20110224,3.06,3.14,3.05,3.14,1100
CARV,20110224,1.27,1.4,1.07,1.21,77900
CASH,20110224,16.85,17.04,16.57,17,52400
CASM,20110224,2.63,3,2.55,2.93,20600
CASS,20110224,38.97,39.22,38.61,39,16000
CASY,20110224,42.46,42.69,41.59,41.88,189500
CATM,20110224,18.74,18.92,18.45,18.76,285400
CATY,20110224,17.62,17.68,17.03,17.26,838200
CAVM,20110224,40.92,42.3,40.51,42.08,1012400
CBAK,20110224,8.9,9.1,8.55,8.85,375100
CBAN,20110224,4.25,4.25,4.25,4.25,0
CBEY,20110224,13.81,13.92,13.57,13.78,150600
CBIN,20110224,13.13,13.13,12.97,13,3800
CBLI,20110224,7.09,7.15,7,7.08,49200
CBMX,20110224,22.5,22.8,22.2,22.8,4800
CBMXW,20110224,2.9,2.9,2.9,2.9,0
CBNJ,20110224,9.68,9.77,9.56,9.63,2400
CBNK,20110224,13.73,13.73,13.7,13.71,700
CBOE,20110224,26.5,27.63,26.23,27.52,960600
CBPO,20110224,16.56,16.97,16.56,16.79,20300
CBRL,20110224,49.05,49.48,48.58,49.33,407400
CBRX,20110224,2.97,3.06,2.94,2.96,529900
CBSH,20110224,39.6,39.82,39.18,39.28,605000
CBST,20110224,21.52,21.67,21.39,21.67,529000
CCBG,20110224,12.25,12.4,12.03,12.32,33100
CCCL,20110224,7.12,7.12,6.94,6.94,3800
CCIH,20110224,16.84,19.2,16.71,18.99,121800
CCIX,20110224,6.77,7.06,6.65,7.05,39500
CCMP,20110224,48.53,48.99,48.19,48.45,228400
CCNE,20110224,13.71,13.82,13.55,13.8,14700
CCOI,20110224,15.41,15.57,14.49,14.67,443800
CCRN,20110224,7.75,7.93,7.7,7.91,68200
CCUR,20110224,5.89,6.01,5.85,5.85,15300
CDNS,20110224,9.66,9.84,9.49,9.61,3585100
CDTI,20110224,6.33,6.53,5.68,5.89,78200
CDXS,20110224,10.59,10.83,10.32,10.39,347300
CDZI,20110224,12.6,12.81,12.6,12.78,26900
CECE,20110224,5.91,5.93,5.75,5.75,40500
CECO,20110224,22.76,23.1,22.32,22.99,1075900
CEDU,20110224,7.71,7.77,7.57,7.67,2300
CELG,20110224,52.15,53,51.76,52.89,4812900
CELGZ,20110224,2.49,2.52,2.41,2.5,79900
CENT,20110224,9.01,9.18,8.99,9.07,64900
CENTA,20110224,8.84,8.99,8.67,8.96,274500
CENX,20110224,15.69,16.3,15.69,16.08,1698400
CERN,20110224,48.2,49.09,48.045,48.815,459500
CERS,20110224,3.2,3.28,3.14,3.25,390200
CETV,20110224,19.48,19.52,18.96,19.45,548200
CEVA,20110224,21.66,22.01,21.48,21.87,232900
CFBK,20110224,7.45,7.45,7.45,7.45,0
CFFI,20110224,22.84,22.84,22.84,22.84,0
CFFN,20110224,12.19,12.34,12.1,12.22,2469900
CFNB,20110224,14.32,14.75,14.32,14.68,3100
CFNL,20110224,10.91,11.08,10.8,10.84,64900
CGEN,20110224,4.77,4.95,4.7,4.93,81800
CGNX,20110224,27.56,28.1,26.95,27.33,468100
CHCI,20110224,1.54,1.67,1.53,1.6,85200
CHCO,20110224,33.94,34.18,33.43,33.89,100000
CHDN,20110224,40.98,41.19,40.24,40.45,36200
CHDX,20110224,17.01,17.76,16.65,17.74,52900
CHEV,20110224,8.52,8.52,8.35,8.38,4600
CHFC,20110224,19.98,20.14,19.7,19.87,95300
CHFN,20110224,9.9505,9.9505,9.9505,9.9505,0
CHKE,20110224,17.06,17.2,16.98,17.1,44900
CHKP,20110224,48.61,49.71,48.46,49.48,1512500
CHLN,20110224,2.55,2.62,2.5,2.51,50900
CHNR,20110224,13.2,13.2,12.9,13.1,9100
CHOP,20110224,5.52,5.56,5.47,5.49,44600
CHRM,20110224,10.06,11.11,10.06,11.11,53300
CHRW,20110224,70.92,72.25,70.84,71.81,1758100
CHSCP,20110224,29.5,29.51,29.47,29.5,8700
CHTP,20110224,4.07,4.22,4.04,4.2,541900
CHTR,20110224,45.14,45.24,44.76,45,30700
CHYR,20110224,2.65,2.65,2.46,2.53,27400
CIDM,20110224,1.67,1.72,1.65,1.67,5000
CIEN,20110224,26.2,26.7,25.75,26.56,4678900
CIMT,20110224,3.9,4.13,3.86,3.97,30900
CINF,20110224,33.61,33.74,33.18,33.39,907300
CISG,20110224,17.5,17.5,17.03,17.12,260200
CITZ,20110224,5.6,5.78,5.56,5.56,12000
CIZN,20110224,21.03,21.03,21.03,21.03,0
CJJD,20110224,4.03,4.03,3.86,3.87,34500
CKEC,20110224,7.14,7.26,7.01,7.11,54000
CKSW,20110224,7.97,8.06,7.54,7.99,141000
CLBH,20110224,3.8,3.8,3.79,3.79,700
CLCT,20110224,13.8,13.93,13.6,13.86,14900
CLDX,20110224,3.87,3.94,3.71,3.89,445000
CLFD,20110224,4.7,5.06,4.63,5.02,115400
CLMS,20110224,16.13,16.68,16.12,16.5,229300
CLMT,20110224,21,21.2,20.75,20.96,3782300
CLNE,20110224,14.34,15.08,14.14,14.5,3994700
CLRO,20110224,4.53,4.7,4.4,4.4,6700
CLSN,20110224,2.41,2.48,2.4,2.43,24000
CLUB,20110224,4.44,4.57,4.44,4.51,52700
CLWR,20110224,4.96,5.08,4.77,4.81,5384400
CLWT,20110224,6.875,7.15,6.765,7.15,1400
CMCO,20110224,17.63,17.99,17.3,17.49,55300
CMCSA,20110224,24.83,25,24.53,24.94,17083600
CMCSK,20110224,23.39,23.65,23.16,23.59,3348900
CME,20110224,301.22,306.2,299.91,304.56,468600
CMLS,20110224,4.82,4.89,4.79,4.87,75600
CMSB,20110224,9.64,9.64,9.15,9.15,700
CMTL,20110224,26.65,27.37,26.34,27.04,274600
CNBC,20110224,9.19,9.2,9.05,9.05,3100
CNBKA,20110224,27.57,27.87,27.49,27.87,3500
CNET,20110224,4.3,4.3,4.11,4.12,4400
CNIT,20110224,4.6,4.65,4.53,4.55,143900
CNMD,20110224,26.33,26.58,25.9,26.54,102000
CNQR,20110224,49.88,51.19,49.69,50.91,470100
CNSL,20110224,17.79,17.91,17.57,17.85,141500
CNTF,20110224,4.15,4.16,3.85,4.04,310100
CNTY,20110224,2.65,2.66,2.53,2.53,48400
CNYD,20110224,8.05,8.1,7.91,8.02,5900
COBK,20110224,12.65,12.65,12.65,12.65,0
COBR,20110224,3.64,3.64,3.2,3.43,22700
COBZ,20110224,6.46,6.55,6.4,6.55,89200
COCO,20110224,5.09,5.12,5.03,5.1,2607200
COGO,20110224,8.1,8.26,8.03,8.2,138100
COHR,20110224,58.5,59.37,58.28,59.1,167500
COHU,20110224,14.45,14.74,14.23,14.68,80000
COKE,20110224,55.25,55.45,55,55.29,16000
COLB,20110224,19.73,19.73,19.31,19.57,174500
COLM,20110224,61.76,62.4,61.13,61.43,163400
CONN,20110224,4.3,4.48,4.18,4.41,117400
COOL,20110224,1.38,1.48,1.35,1.46,196200
CORE,20110224,33.45,33.5,33.21,33.49,30300
CORT,20110224,3.74,3.77,3.57,3.77,539700
COSI,20110224,1.4,1.43,1.36,1.42,76400
COST,20110224,72.79,73.53,72.3,72.98,1848000
COWN,20110224,4.33,4.33,4.26,4.3,543200
CPBC,20110224,5.19,5.19,5.05,5.05,800
CPGI,20110224,3.33,3.35,3.28,3.3,16000
CPHC,20110224,12.41,12.65,12.15,12.51,4200
CPHD,20110224,25.42,25.49,25.05,25.35,319000
CPIX,20110224,5.78,5.97,5.7,5.95,49500
CPLA,20110224,56.79,57.7,55.44,57.46,263500
CPLP,20110224,9.81,9.92,9.81,9.9,156400
CPNO,20110224,35.74,35.74,35.21,35.44,277100
CPRT,20110224,20.145,20.325,20.02,20.255,496000
CPRX,20110224,1.13,1.13,1.11,1.12,25900
CPSI,20110224,51.6,52.78,51.54,52.48,103400
CPSL,20110224,19.56,19.92,19.32,19.32,454800
CPSS,20110224,1.2,1.26,1.17,1.25,6300
CPST,20110224,1.37,1.49,1.37,1.47,5270700
CPTS,20110224,14.21,14.37,13.81,14.14,226300
CPWR,20110224,11,11.11,10.9,11.06,2493500
CRAI,20110224,25.24,25.36,24,25.36,29900
CRAY,20110224,7.11,7.35,7.09,7.33,224900
CRDC,20110224,3.2,3.45,3.18,3.31,187300
CREE,20110224,51.44,53.09,51.18,52.37,2035200
CREG,20110224,2.94,3.04,2.89,2.89,11300
CRESW,20110224,0.22,0.24,0.22,0.23,28600
CRESY,20110224,17,17.07,16.58,16.83,100600
CRFN,20110224,3.87,4.25,3.87,4.17,545700
CRIS,20110224,2.85,2.9,2.82,2.82,479600
CRME,20110224,27.35,27.75,26.9,27.7,155100
CRMT,20110224,24.21,24.93,23.8,24.88,76400
CRNT,20110224,11.59,12.1,11.51,12.07,294800
CROX,20110224,17.07,18.12,16.77,18.09,3725400
CRRB,20110224,4.43,4.43,4.43,4.43,300
CRRC,20110224,13.98,14.11,13.93,14.07,28400
CRTX,20110224,5.5,5.5,5.47,5.49,33000
CRUS,20110224,22.01,22.9,21.66,22.79,3028400
CRVL,20110224,47.1,48.8,46.73,48.63,43400
CRWN,20110224,2.28,2.32,2.28,2.29,56500
CRWS,20110224,5.03,5.05,4.91,5.01,19800
CRZO,20110224,37.99,39.34,36.14,36.2,1481200
CSBK,20110224,11.25,11.41,11.15,11.39,22000
CSCD,20110224,6,6,5.7,5.8,3600
CSCO,20110224,18.39,18.51,18.23,18.36,71863600
CSFL,20110224,7.17,7.17,7.04,7.13,50200
CSGP,20110224,57,57.27,54.57,56.51,576000
CSGS,20110224,18.9,19.38,18.85,19.3,332400
CSII,20110224,9.37,9.43,8.75,9.01,142700
CSIQ,20110224,15.22,15.94,15.1,15.77,1118800
CSPI,20110224,4.09,4.18,4.09,4.18,3700
CSTR,20110224,45,46.06,44.85,45.86,1016100
CSUN,20110224,4.58,4.75,4.58,4.69,150800
CSWC,20110224,98.22,98.47,97.25,98.47,3300
CTAS,20110224,27.58,27.74,27.34,27.66,979500
CTBI,20110224,28.87,28.87,28.01,28.77,22500
CTCH,20110224,3.72,3.8,3.7,3.7,49200
CTCM,20110224,20.48,20.74,20.4,20.59,496300
CTCT,20110224,28.23,28.57,27.7,28.44,455400
CTGX,20110224,11.46,11.71,11.32,11.65,38000
CTHR,20110224,3.66,3.85,3.35,3.8,112600
CTIB,20110224,6.25,6.53,6.06,6.46,31500
CTIC,20110224,1.5,1.5,1.25,1.35,6779700
CTRN,20110224,20.65,21.51,20.65,21.24,331900
CTRP,20110224,38.12,39.24,37.21,39.04,4253700
CTSH,20110224,73.92,75.09,73.72,74.93,2899200
CTWS,20110224,24.89,25.19,24.87,25.12,15000
CTXS,20110224,67.42,68.9,66.95,68.24,1812000
CU,20110224,41.19,42.08,41.06,41.32,74300
CUBA,20110224,7.15,7.21,7.09,7.1,10800
CUTR,20110224,9.36,9.48,9.15,9.37,41700
CVBF,20110224,8.34,8.34,8.18,8.23,1000300
CVCO,20110224,41.9,41.9,39.18,39.38,15600
CVCY,20110224,6,6.09,5.95,6.04,2200
CVGI,20110224,15.78,16.05,15.08,15.56,197600
CVGW,20110224,23.07,23.85,23.07,23.83,31100
CVLT,20110224,33.97,34.34,33.05,34.31,781500
CVLY,20110224,10.07,10.51,10.06,10.51,500
CVTI,20110224,8.79,8.89,8.57,8.69,23000
CVV,20110224,11.18,11.18,10.8,11,47300
CWBC,20110224,4.43,4.44,4.4,4.44,2000
CWCO,20110224,10.78,10.85,10.41,10.45,61000
CWEI,20110224,100.99,102.85,94.4,96.33,101600
CWST,20110224,7.08,7.1,6.88,6.96,199100
CWTR,20110224,11.76,12.08,11.52,11.68,366200
CXDC,20110224,6.92,7.06,6.88,6.99,103300
CXPO,20110224,4.2,4.44,4.2,4.29,430300
CY,20110224,20.5,21.5,20.37,21.27,3364400
CYAN,20110224,3.32,3.44,3.23,3.24,71000
CYBE,20110224,8.93,8.95,8.65,8.81,2000
CYBX,20110224,31.73,32.3,31.4,32.26,126700
CYCC,20110224,9.52,9.66,9.24,9.38,305300
CYCCP,20110224,4.18,4.18,4.16,4.18,4500
CYMI,20110224,49.3,50.39,48.84,50.17,212500
CYNO,20110224,13.44,13.48,13.2,13.3,52900
CYOU,20110224,34.75,37.53,34.73,37.5,135100
CYTK,20110224,1.49,1.52,1.48,1.52,627100
CYTR,20110224,6.16,6.51,6.02,6.51,463100
CYTX,20110224,5.51,5.67,5.5,5.57,291200
CYTXW,20110224,3.7,3.75,3.65,3.65,5000
CZFC,20110224,8.97,8.97,8.97,8.97,400
CZNC,20110224,14.62,14.95,14.53,14.85,22800
CZWI,20110224,5.17,5.17,5.1,5.1,800
DAIO,20110224,5.96,6.05,5.9,5.95,18700
DAKT,20110224,11.06,11.37,10.75,10.82,550400
DARA,20110224,3.6,3.6,3.49,3.51,12800
DAVE,20110224,10.06,10.25,10,10.1,11200
DBLE,20110224,11.59,12,10.42,10.82,897000
DBLEP,20110224,26.1,26.1,26.1,26.1,300
DCIX,20110224,12.1,12.15,12.02,12.1,20900
DCOM,20110224,15.14,15.37,15.06,15.17,132800
DCTH,20110224,6.26,6.44,6.02,6.18,2684500
DECK,20110224,88.06,90.08,85.25,89.8,3314800
DELL,20110224,15.06,15.25,14.79,15.05,22267600
DENN,20110224,3.9,3.92,3.85,3.91,534200
DEPO,20110224,8.17,8.25,8.03,8.14,879700
DEST,20110224,21.25,21.59,20.805,21.59,44300
DFZ,20110224,10.42,10.52,10.28,10.4,21100
DGAS,20110224,15.67,15.67,15.15,15.355,2800
DGICA,20110224,12.67,12.96,12.46,12.64,24000
DGICB,20110224,18.5,18.5,18.5,18.5,100
DGII,20110224,11.56,11.83,11.55,11.78,99700
DGIT,20110224,31.11,31.87,30.9,31.53,280700
DGLY,20110224,1.67,1.75,1.65,1.73,36200
DHIL,20110224,73.06,74.01,73.06,74.01,6100
DHRM,20110224,5.59,5.59,5.39,5.47,3700
DIOD,20110224,27.9,29.06,27.71,29,317800
DISCA,20110224,42.36,42.81,42.06,42.62,1079600
DISCB,20110224,42.38,42.38,42.38,42.38,100
DISCK,20110224,37.82,38.3,37.49,37.86,471800
DISH,20110224,21.73,22.9,21.72,22.62,3891600
DJCO,20110224,72,72,72,72,0
DLGC,20110224,23.75,24.25,23.7,23.95,24200
DLIA,20110224,1.82,1.87,1.82,1.86,32900
DLLR,20110224,19.96,20.5,19.96,20.49,275300
DLTR,20110224,24.95,25.42,24.905,25.325,3632200
DMLP,20110224,27.29,27.73,26.99,27.26,51500
DMND,20110224,50.73,50.83,49.85,50.18,130500
DMRC,20110224,28.96,29.29,28.96,29.14,33400
DNBF,20110224,11.2,11.2,11,11.15,2000
DNDN,20110224,32.87,33.98,32.78,33.05,3216900
DORM,20110224,16.435,16.76,16.05,16.665,94000
DOVR,20110224,3.1,3.19,3.1,3.19,3200
DRAD,20110224,2.4,2.4,2.3,2.4,31200
DRAM,20110224,13.02,13.62,13.02,13.08,32400
DRCO,20110224,14.61,14.9,14.56,14.8,14000
DRIV,20110224,33.56,34.32,33.41,33.82,453300
DRRX,20110224,3.14,3.17,3.09,3.16,154400
DRWI,20110224,7.28,7.47,7.15,7.17,290100
DRYS,20110224,4.81,4.9,4.78,4.87,6210000
DSCI,20110224,10.25,10.64,10.25,10.55,61300
DSCO,20110224,2.01,2.04,1.95,2,327100
DSGX,20110224,6.87,6.87,6.6,6.7,18300
DSPG,20110224,7.8,7.87,7.69,7.85,46400
DSWL,20110224,3.5,3.51,3.33,3.36,10800
DTLK,20110224,7.06,7.46,6.87,7.23,214600
DTSI,20110224,44.88,45.95,44.67,44.89,142900
DTV,20110224,44.87,45.93,44.58,45.72,7813400
DVAX,20110224,2.95,2.99,2.91,2.96,558200
DVOX,20110224,5.64,5.84,5.64,5.77,98600
DWA,20110224,28.01,28.24,27.78,28.1,724900
DWCH,20110224,5.07,5.4,4.9,5.15,16100
DWSN,20110224,46.27,48.24,46.27,48.11,132000
DXCM,20110224,14.19,14.25,14.01,14.24,246600
DXPE,20110224,20.74,21.22,20.23,20.56,66300
DXYN,20110224,4.55,4.78,4.5,4.6,9100
DYAX,20110224,1.86,1.9,1.76,1.79,445100
DYNT,20110224,4.55,4.55,4.35,4.55,600
DYSL,20110224,4.56,4.81,4.56,4.8,2800
EBAY,20110224,32.84,33.2,32.5,33.09,9477900
EBIX,20110224,24.03,24.45,23.55,24.37,636700
EBMT,20110224,11.38,11.38,11.38,11.38,100
EBSB,20110224,12.96,13.15,12.82,13.11,10600
EBTC,20110224,14.72,14.94,14.52,14.94,1600
ECHO,20110224,13.16,13.26,11.59,12,992500
ECOL,20110224,16.08,16.56,16.08,16.51,60600
ECPG,20110224,25.73,26.61,25.56,26.42,95100
ECTY,20110224,3.75,3.83,3.75,3.8,19700
ECYT,20110224,7.4,7.5,7.22,7.23,25200
EDAC,20110224,3.52,3.53,3.43,3.51,2800
EDAP,20110224,3.39,3.47,3.22,3.31,269200
EDGW,20110224,2.38,2.5,2.27,2.46,28700
EDMC,20110224,18.03,18.48,17.71,18.39,209200
EDS,20110224,7.93,7.95,7.86,7.86,15800
EDUC,20110224,6.64,6.64,6.64,6.64,300
EEFT,20110224,17.6,17.75,17.33,17.72,163200
EEI,20110224,14.96,15.14,14.89,14.89,1900
EFII,20110224,15.1,15.32,14.87,15.1,192100
EFSC,20110224,13.05,13.1,12.92,13.07,33000
EFUT,20110224,4.83,6.16,4.83,5.87,133300
EGBN,20110224,14.12,14.3,13.64,14.25,44400
EGHT,20110224,2.48,2.54,2.41,2.41,363100
EGLE,20110224,16.4,16.8,16.32,16.64,1459000
EGOV,20110224,9.83,10.07,9.83,10.04,233200
EHTH,20110224,12.23,12.43,12.08,12.38,239900
EIHI,20110224,13.09,13.22,12.85,13.04,37500
ELGX,20110224,6.27,6.28,5.76,5.9,367300
ELNK,20110224,8.16,8.26,8.13,8.22,1904500
ELON,20110224,8.62,8.92,8.51,8.85,231700
ELOS,20110224,14.17,14.8,14.15,14.62,761000
ELRC,20110224,15.19,15.55,15.11,15.55,29500
ELSE,20110224,4.55,4.55,4.42,4.54,1100
ELTK,20110224,1.21,1.21,1.18,1.2,10500
EMCF,20110224,17.51,17.75,17.51,17.75,200
EMCI,20110224,24.85,25.41,24.85,25.08,12600
EMFN,20110224,26.62,26.62,26.42,26.42,1000
EMIF,20110224,32.84,33.08,32.82,33.03,16000
EMITF,20110224,12.03,12.03,12.03,12.03,100
EMKR,20110224,9.76,10.16,9.44,9.68,1901700
EMMS,20110224,1.09,1.14,1.07,1.12,159100
EMMSP,20110224,16,16,16,16,100
EMMT,20110224,26.89,26.89,26.63,26.78,1000
ENDP,20110224,34.01,34.01,33.28,33.36,1292900
ENG,20110224,4.9,4.94,4.55,4.75,215300
ENMD,20110224,4.8,4.89,4.6,4.75,25200
ENOC,20110224,18.81,19,18.62,18.76,423400
ENSG,20110224,29.98,30.11,29.48,29.55,144300
ENTG,20110224,8.28,8.6,8.23,8.55,1300200
ENTR,20110224,9.18,9.18,8.91,9.09,3197600
ENZN,20110224,10.76,10.88,10.61,10.63,438700
EONC,20110224,1.86,1.88,1.81,1.81,4100
EPAX,20110224,10.58,10.74,10.5,10.66,39900
EPAY,20110224,21.23,21.34,20.87,21.22,125100
EPIQ,20110224,12.67,13.34,12.67,13.2,166000
EQIX,20110224,86.25,87.61,85.48,86.29,922300
ERIC,20110224,12.47,12.52,12.21,12.31,3419100
ERIE,20110224,68.21,69.3,68.2,68.25,46900
ERII,20110224,3.29,3.36,3.26,3.3,201200
EROC,20110224,9.52,9.53,9.2,9.3,312200
ESBF,20110224,11.3667,11.575,11.275,11.575,10500
ESBK,20110224,17.21,17.21,17.15,17.15,1400
ESCA,20110224,5.6,5.6,5.47,5.59,2700
ESEA,20110224,3.97,4.03,3.92,3.93,86100
ESGR,20110224,81.07,81.8,81,81.31,10900
ESIO,20110224,14.92,15.13,14.65,15.02,76000
ESLT,20110224,49.65,50.46,49.65,49.95,5100
ESMC,20110224,1.31,1.42,1.27,1.28,1400
ESRX,20110224,53.44,54.78,52.96,54.5,5392800
ESSA,20110224,12.9,12.97,12.79,12.89,40400
ESSX,20110224,6.29,6.29,6.2,6.28,500
ESYS,20110224,4.75,4.75,4.75,4.75,100
ETFC,20110224,15.88,16.09,15.61,15.85,26023000
ETRM,20110224,2.55,2.59,2.54,2.55,20900
EUFN,20110224,23.7,24,23.7,23.75,1600
EVBS,20110224,3.55,3.66,3.5,3.65,6400
EVEP,20110224,44.72,45,44.56,44.9,99300
EVOL,20110224,7.95,7.98,7.87,7.95,11900
EWBC,20110224,22.36,22.49,21.78,22.16,1371400
EXAC,20110224,17.86,18.17,17.84,18.17,11700
EXAR,20110224,6.17,6.43,6.17,6.42,122600
EXAS,20110224,4.96,5.2,4.91,5.11,656800
EXEL,20110224,11.44,11.77,11.26,11.57,2391000
EXFO,20110224,10.29,10.92,10.29,10.91,113300
EXLP,20110224,29.43,29.9,29.4,29.68,45800
EXLS,20110224,21.4,21.64,20.96,21.06,62400
EXPD,20110224,48.15,48.77,47.32,47.93,2722800
EXPE,20110224,20.45,20.57,19.96,20.27,7411800
EXPO,20110224,38.26,38.26,37.64,38.1,40600
EXTR,20110224,3.62,3.79,3.6,3.7,670200
EXXI,20110224,33.55,33.7,32.52,32.97,779400
EZCH,20110224,28.74,30.06,28.42,29.19,381000
EZPW,20110224,27.31,28.24,27.2,28.14,453400
FABK,20110224,13.5,13.5,13.5,13.5,400
FALC,20110224,4.41,4.57,4.39,4.53,120300
FARM,20110224,12.94,12.97,12.76,12.9,22000
FARO,20110224,33.38,36.95,32.9,35.19,402500
FAST,20110224,30.45,30.775,30.025,30.425,728700
FBIZ,20110224,12,12.11,12,12,2700
FBMI,20110224,6.77,7.11,6.76,6.99,3000
FBMS,20110224,9,9,9,9,0
FBNC,20110224,14.27,14.54,14.25,14.54,26700
FBSS,20110224,13.26,13.26,13.26,13.26,0
FCAL,20110224,3.61,3.68,3.6,3.62,410500
FCAP,20110224,16.68,16.69,16.2,16.2,500
FCBC,20110224,12.69,12.7,12.37,12.61,43400
FCCO,20110224,6.65,6.75,6.65,6.75,800
FCCY,20110224,9,9,9,9,200
FCEL,20110224,1.64,1.66,1.55,1.62,2139000
FCFC,20110224,7.35,7.4,7.16,7.3,1900
FCFS,20110224,30.96,32.01,30.32,32.01,215700
FCHI,20110224,48.76,48.76,48.32,48.65,4800
FCLF,20110224,7.3,7.3,7.25,7.25,500
FCNCA,20110224,200,201.69,200,200.13,8700
FCTY,20110224,4.15,4.15,4.15,4.15,0
FCVA,20110224,3.96,3.96,3.96,3.96,0
FCZA,20110224,4.2,4.25,4.2,4.25,200
FDEF,20110224,14.13,14.33,14.05,14.31,2400
FDML,20110224,20.04,20.39,19.51,20.15,181900
FEFN,20110224,27.4,27.4,27.4,27.4,0
FEIC,20110224,31.72,32.84,31.71,32.81,421100
FEIM,20110224,7.8,7.89,7.76,7.83,34300
FELE,20110224,20.485,21.15,20.13,21.125,93700
FFBC,20110224,16.68,16.85,16.4,16.42,227300
FFBCW,20110224,6.69,6.69,6.69,6.69,0
FFBH,20110224,2.71,3,2.65,2.94,33100
FFCH,20110224,10.13,10.48,10.13,10.47,34200
FFCO,20110224,13.61,13.61,13.55,13.61,2400
FFEX,20110224,4.82,4.82,4.38,4.39,31400
FFHL,20110224,4.63,4.79,4.5,4.62,131800
FFIC,20110224,14.47,14.62,14.34,14.4,80800
FFIN,20110224,32.54,32.7533,32.3333,32.5733,64500
FFIV,20110224,112.06,117.3,110.74,117.06,3315900
FFKT,20110224,7.43,7.64,7.43,7.54,4100
FFKY,20110224,4,4,3.87,4,2600
FFNM,20110224,3.86,3.9,3.71,3.86,1000
FFNW,20110224,5.85,5.93,5.76,5.85,77000
FHCO,20110224,5,5.09,4.98,5.07,40100
FIBK,20110224,15.06,15.06,14.16,14.37,150400
FINL,20110224,16.7,17.33,16.5,17.17,798600
FIRE,20110224,22.76,24.68,22.7,23.99,1185900
FISI,20110224,18.75,19.05,18.73,19,16800
FISV,20110224,61.77,62.3,61.21,62.01,880200
FITB,20110224,14.41,14.5,14.16,14.3,15851600
FITBP,20110224,151,151,148.71,148.71,1400
FIZZ,20110224,12.51,12.92,12.45,12.87,74200
FLDM,20110224,14.15,14.15,13.5,14,86600
FLEX,20110224,8.11,8.23,8.01,8.07,9930400
FLIC,20110224,27.02,27.03,26.75,26.87,9900
FLIR,20110224,31.6,31.85,31.34,31.74,936400
FLML,20110224,6.55,6.59,6.47,6.47,10000
FLOW,20110224,3.95,4.01,3.82,3.84,142100
FLWS,20110224,2.59,2.68,2.5,2.65,101100
FLXS,20110224,15.51,15.7,14.67,14.87,25300
FMBI,20110224,11.93,11.96,11.69,11.8,899300
FMCN,20110224,25.28,25.68,24.92,25.64,1184200
FMER,20110224,16.89,16.89,16.39,16.6,1440200
FMFC,20110224,3.86,4,3.8,3.91,11500
FNBN,20110224,0.35,0.38,0.35,0.38,8700
FNFG,20110224,14.58,14.71,14.41,14.48,2068500
FNGN,20110224,24.7,24.77,24.17,24.2,377900
FNLC,20110224,14.38,14.77,14.38,14.7,13300
FNSR,20110224,39.04,40,38.4,39.57,3769500
FOLD,20110224,6.31,6.55,6.27,6.44,19100
FONE,20110224,28.85,29.12,28.8,29.09,33600
FONR,20110224,2.1,2.1,1.86,1.91,262400
FORD,20110224,3.42,3.55,3.42,3.55,3300
FORM,20110224,8.97,9.56,8.87,9.56,1025500
FORR,20110224,35.23,36.05,34.65,35.97,97300
FORTY,20110224,18.19,18.66,18,18.6,8700
FOSL,20110224,74.6,76.27,73.76,74.81,973400
FRBK,20110224,2.93,3,2.84,2.92,40600
FRED,20110224,13.54,13.91,13.53,13.74,205300
FREE,20110224,30.2,30.5,30.2,30.4,4700
FRME,20110224,8.69,8.81,8.56,8.78,45700
FRP,20110224,23.51,24.03,22.15,23.56,45800
FSBK,20110224,5.28,5.39,5.17,5.38,15400
FSCI,20110224,26.34,26.5,26.2,26.38,13300
FSFG,20110224,16.64,16.65,16.64,16.65,500
FSGI,20110224,0.84,0.98,0.84,0.88,10000
FSLR,20110224,164.16,168.74,163,164.68,2630800
FSRV,20110224,30.54,30.58,30.47,30.58,6000
FSTR,20110224,37.03,41.03,37.03,40.65,83700
FSYS,20110224,28.22,28.54,27.86,28.21,232100
FTEK,20110224,7.47,7.47,7.25,7.32,193700
FTNT,20110224,20.225,20.875,20.14,20.39,924300
FUBC,20110224,6.46,6.46,6.34,6.43,62700
FULL,20110224,8.46,8.75,8.46,8.55,800
FULT,20110224,10.5,10.59,10.2,10.3,1905000
FUNC,20110224,3.78,3.88,3.6,3.78,2600
FUND,20110224,7.85,7.92,7.78,7.9,60100
FURX,20110224,15.44,15.75,15.44,15.66,18700
FWLT,20110224,33.17,36.19,33,35.44,3874700
FWRD,20110224,29.35,29.86,29.04,29.56,97000
FXCB,20110224,12.74,12.83,12.65,12.76,23200
FXEN,20110224,9.95,10.22,9.82,9.87,391000
GABC,20110224,17.34,17.34,17.06,17.22,18700
GAGA,20110224,8.65,9.1,8.64,8.94,16700
GAI,20110224,7.95,7.95,7.95,7.95,0
GAIA,20110224,7.45,7.72,7.44,7.7,36700
GAIN,20110224,7.76,7.88,7.62,7.83,91100
GAME,20110224,5.7,5.85,5.67,5.69,561900
GASS,20110224,7.19,7.25,6.72,6.72,64700
GBCI,20110224,14.85,15.06,14.81,15,721100
GBDC,20110224,16.94,17.25,16.86,16.9,25800
GBLI,20110224,20.89,21.49,20.57,21.41,33300
GBNK,20110224,1.28,1.29,1.26,1.28,20100
GCBC,20110224,18,18.25,18,18.25,300
GCFB,20110224,4.1,4.3,3.72,3.92,11600
GCOM,20110224,10.5,10.68,10.19,10.61,59500
GENC,20110224,7.8,7.98,7.69,7.96,13500
GENE,20110224,2.69,2.85,2.69,2.85,25600
GENT,20110224,8.12,8.49,8.12,8.26,2500
GERN,20110224,4.82,4.87,4.79,4.87,1060700
GEVO,20110224,18.69,19.32,18.39,19.32,61500
GFED,20110224,5.31,5.42,5.31,5.41,600
GFN,20110224,3.03,3.58,3.01,3.01,1200
GFNCL,20110224,3.32,3.32,3.32,3.32,0
GGAL,20110224,13.96,14.09,13.72,13.83,402800
GHDX,20110224,22.93,23.63,22.63,23.59,172800
GIFI,20110224,27.2,27.85,26.97,27.85,52300
GIGA,20110224,2.4,2.64,2.4,2.48,9300
GIGM,20110224,1.15,1.15,1.12,1.13,183800
GIII,20110224,37.17,37.99,36.66,37.94,90000
GILD,20110224,18.995,19.435,18.915,19.39,7952500
GILT,20110224,5.02,5.07,4.95,5,40600
GIVN,20110224,18.94,19.2,18.88,19.19,84900
GKNT,20110224,27.43,28.8,26.52,27.4,35500
GLAD,20110224,11.18,11.42,11.17,11.34,70300
GLBS,20110224,9,9.11,9,9.11,500
GLBZ,20110224,8.53,8.53,8.31,8.31,1500
GLCH,20110224,1.8,1.89,1.8,1.85,817100
GLDC,20110224,3.05,3.09,3,3,3900
GLDD,20110224,7.71,7.81,7.22,7.8,1172800
GLNG,20110224,18.53,18.6,18.2,18.26,206200
GLPW,20110224,22.07,22.33,21.64,21.87,7400
GLRE,20110224,27.62,27.76,26.85,27.59,149400
GLUU,20110224,4.23,4.39,3.95,4.1,2215100
GMAN,20110224,15.01,15.18,14.15,14.78,70200
GMCR,20110224,40.63,41.99,40.35,41.48,2069500
GMETP,20110224,10.56,10.56,10.56,10.56,1900
GNCMA,20110224,11.7,11.74,11.29,11.53,210200
GNMK,20110224,4.01,4.45,4,4.42,10700
GNTX,20110224,30.79,31.04,29.75,30.42,933800
GNVC,20110224,0.45,0.46,0.44,0.44,398700
GOLD,20110224,81.35,81.44,79.48,79.57,478800
GOOD,20110224,18.46,18.61,18.29,18.5,32800
GOODO,20110224,25,25,25,25,800
GOODP,20110224,24.77,25,24.77,25,1400
GOOG,20110224,611.39,613.09,601.35,608.82,2712900
GPIC,20110224,6.99,7.49,6.99,7.33,34300
GPOR,20110224,29,29.19,28.15,28.42,631700
GPRC,20110224,6.36,6.36,5.86,6.1,20900
GPRE,20110224,11.37,11.66,11.02,11.55,200600
GRID,20110224,33.81,33.81,33.49,33.66,3900
GRIF,20110224,32.37,32.9,32.37,32.9,3300
GRMN,20110224,31.53,32.83,31.22,32.46,1836700
GROW,20110224,7.89,7.96,7.62,7.72,72400
GRVY,20110224,1.95,2.01,1.95,2,32400
GSBC,20110224,20.59,20.93,20.3,20.7,31000
GSIG,20110224,12.11,12.84,12.11,12.75,40800
GSIT,20110224,8.99,9.33,8.95,9.29,141300
GSM,20110224,21.64,21.67,20.72,21.2,1075400
GSOL,20110224,10.55,11.12,10.44,10.99,72200
GTIM,20110224,2.95,3.08,2.9,3.08,3700
GTIV,20110224,26.95,27.32,26.8,26.87,329900
GTLS,20110224,39.03,44.63,38.73,42.93,1163000
GTXI,20110224,2.84,2.84,2.61,2.71,63200
GUID,20110224,7.52,7.68,7.35,7.6,26500
GULF,20110224,16,16.09,15.76,15.85,17600
GYRO,20110224,79,79,79,79,0
HA,20110224,6.6,6.79,6.55,6.72,630700
HAFC,20110224,1.3,1.33,1.29,1.29,925800
HAIN,20110224,29.71,30.04,29.15,29.23,410100
HALL,20110224,8.75,8.76,8.56,8.63,57600
HALO,20110224,6.61,6.67,6.43,6.61,539700
HAS,20110224,43.98,44.33,43.48,44.04,1280100
HAST,20110224,6.06,6.13,5.86,5.94,6300
HAUP,20110224,2.35,2.43,2.35,2.41,100300
HAYN,20110224,50.29,51.21,50.11,50.98,77000
HBAN,20110224,6.81,6.93,6.68,6.82,19126800
HBANP,20110224,1160,1160,1160,1160,100
HBCP,20110224,14.4,14.45,14.34,14.4,16900
HBHC,20110224,33.89,34.38,33.34,33.87,288500
HBIO,20110224,4.38,4.43,4.35,4.38,42800
HBNC,20110224,12.8755,12.8845,12.8755,12.8845,500
HBNK,20110224,12.3,12.3,12.3,12.3,300
HBOS,20110224,13.2,13.2,12.5,13.12,7000
HCBK,20110224,11.23,11.25,11.1,11.18,4288100
HCCI,20110224,11.64,12,11.63,11.8,6400
HCKT,20110224,3.58,3.62,3.55,3.61,124700
HCSG,20110224,17.11,17.38,17.11,17.36,376900
HDNG,20110224,11.37,11.53,11.11,11.49,62100
HDSN,20110224,1.87,1.94,1.87,1.87,18800
HEES,20110224,14.94,15.24,14.58,15.04,125500
HELE,20110224,28.21,28.76,27.9,28.62,139300
HEOP,20110224,3.53,3.53,3.5,3.53,3600
HERO,20110224,4.42,4.44,4.1,4.23,4022000
HFBC,20110224,9.39,9.39,9.39,9.39,0
HFBL,20110224,13.2,13.2,13.2,13.2,1400
HFFC,20110224,11.1,11.1,10.96,10.96,500
HFWA,20110224,14.71,14.87,14.56,14.87,25100
HGSH,20110224,2.85,2.85,2.48,2.7,6800
HIBB,20110224,30.88,31.31,30.05,30.57,457700
HIFS,20110224,50.05,50.05,50.05,50.05,0
HIHO,20110224,3.58,3.58,3.57,3.57,4100
HILL,20110224,3.07,3.24,3.03,3.14,374600
HIMX,20110224,2.52,2.52,2.45,2.45,199000
HITK,20110224,23.12,23.21,22.81,23,60200
HITT,20110224,61.02,61.96,60.4,61.21,241100
HLIT,20110224,9.07,9.45,9,9.44,1037600
HMIN,20110224,32.92,33.31,32.07,32.71,403100
HMNF,20110224,2.5,2.54,2.35,2.5,9700
HMPR,20110224,21.5,23.5,21.5,23,431400
HMSY,20110224,24.4567,24.7267,24.3367,24.5333,200900
HNH,20110224,11.4,11.7,11.31,11.67,10900
HNRG,20110224,9.8,10.4,9.72,10.23,9900
HNSN,20110224,1.99,2.1,1.95,2.04,807600
HOFT,20110224,13.05,13.1,12.65,12.75,35400
HOGS,20110224,18.2,18.47,18.06,18.36,230600
HOLI,20110224,14.42,14.82,14.42,14.6,248800
HOLL,20110224,1.8,1.8,1.77,1.78,7500
HOLX,20110224,19.79,20,19.58,19.83,2254100
HOMB,20110224,22.28,22.46,22.06,22.28,73000
HOME,20110224,10.85,11.09,10.79,11.06,54400
HOTT,20110224,5.39,5.46,5.3,5.31,493100
HOVNP,20110224,7.85,7.85,7.71,7.8,11000
HPCCP,20110224,26.25,26.58,25.9,26.5,6400
HPJ,20110224,3.15,3.2,3.12,3.2,44200
HPOL,20110224,1,1.02,0.96,0.98,37300
HRZN,20110224,15.63,15.8,15.49,15.68,15300
HSIC,20110224,67.34,67.83,67.1,67.62,667400
HSII,20110224,25.39,26.51,24.59,26.35,129200
HSKA,20110224,5.38,5.65,5.26,5.61,2700
HSNI,20110224,30,32.05,29.4,32.05,717800
HSOL,20110224,8.79,9.05,8.7,8.96,1180500
HSTM,20110224,7.44,7.53,7.15,7.53,53300
HTBK,20110224,4.93,4.94,4.61,4.86,10800
HTCH,20110224,3.1,3.21,3.1,3.18,160200
HTCO,20110224,10.1,10.1,10,10.05,3700
HTHT,20110224,16.79,17.04,16,16.25,265600
HTLD,20110224,16.62,16.75,16.4,16.61,644900
HTLF,20110224,16.09,16.46,15.98,16.31,16100
HTWR,20110224,83.5,87.95,83.04,83.43,500300
HUBG,20110224,34.59,35.15,33.91,34.27,423200
HURC,20110224,28.13,29.43,28.11,29.04,35900
HURN,20110224,28.99,29.42,28.35,28.83,136800
HWAY,20110224,13.34,13.59,13.3,13.48,186500
HWBK,20110224,9.04,9.23,9,9.23,1500
HWCC,20110224,13.04,13.24,12.75,13.03,51200
HWKN,20110224,38.5,39.41,38.18,39.12,67900
HYGS,20110224,4.99,5.01,4.86,4.86,13300
IACI,20110224,31.12,31.39,31,31.27,946100
IART,20110224,50.92,51.41,46.83,49.15,496600
IBB,20110224,92.43,93.05,91.92,92.67,575800
IBCA,20110224,2.78,2.81,2.56,2.75,36300
IBCP,20110224,3.91,3.98,3.8,3.85,97900
IBCPO,20110224,16.25,16.25,16.25,16.25,300
IBKC,20110224,55.6,56.33,55.13,56.19,246800
IBKR,20110224,15.54,15.54,15.23,15.4,456300
IBOC,20110224,18.78,18.89,18.2,18.44,317200
ICAD,20110224,1.32,1.32,1.27,1.27,68700
ICCC,20110224,3.24,3.24,3.05,3.06,5400
ICFI,20110224,23.1,23.1,22,22.38,106300
ICGE,20110224,12.83,13.77,12.83,13.36,191400
ICLN,20110224,17.38,17.48,17.19,17.42,26400
ICLR,20110224,19.98,20.3,19.61,19.95,2861600
ICON,20110224,21.44,21.64,21.13,21.54,657600
ICUI,20110224,39.43,41.02,39.43,40.91,70500
IDCC,20110224,48.3,49.84,45.88,47.26,4176800
IDIX,20110224,3.18,3.3,3.15,3.3,271000
IDRA,20110224,2.77,2.9,2.68,2.7,19400
IDSA,20110224,10.8,11.25,10.67,11,100000
IDSY,20110224,4.65,4.88,4.65,4.85,28500
IDTI,20110224,7.62,7.84,7.55,7.69,2143400
IDXX,20110224,76.2,76.68,75.39,75.74,287600
IESC,20110224,3.61,3.73,3.61,3.67,13300
IFAS,20110224,31.11,31.11,30.69,30.84,1500
IFEU,20110224,31.1,31.29,30.83,31.04,6300
IFGL,20110224,31.05,31.05,30.82,31.01,18300
IFNA,20110224,42.04,42.15,42.04,42.15,300
IFON,20110224,0.94,1.02,0.92,1.02,21900
IFSM,20110224,39.16,39.16,38.37,38.37,2800
IGLD,20110224,28.57,28.63,28.33,28.58,1300
IGOI,20110224,43.2,45.96,42.6,43.8,259400
IGOV,20110224,103.85,103.9,103.59,103.79,9700
IGTE,20110224,18,18.34,17.88,18.07,379900
III,20110224,2.24,2.26,2.22,2.25,26400
IIIN,20110224,11.85,12.41,11.78,12.39,63000
IIJI,20110224,7.61,7.63,7.52,7.62,17100
IILG,20110224,16.33,16.5,15.54,16.38,94400
IIN,20110224,3.98,3.99,3.75,3.94,10200
IIVI,20110224,23.9,24.755,23.66,24.615,168400
IKAN,20110224,1.21,1.27,1.21,1.27,165900
IKNX,20110224,8,8,8,8,0
ILMN,20110224,67.13,68.5,67,68.1,1846900
IMGN,20110224,8.7,8.8,8.63,8.8,506100
IMKTA,20110224,18.63,18.71,18.27,18.65,46700
IMMR,20110224,6.77,7.01,6.57,6.88,185000
IMMU,20110224,3.34,3.44,3.3,3.43,483700
IMRS,20110224,7.11,7.2,7.11,7.13,22000
INAP,20110224,6.56,6.76,6.45,6.63,792900
INCY,20110224,13.43,13.64,13.28,13.52,936100
INDB,20110224,26.15,26.4,25.58,26.01,54300
INDY,20110224,26.74,26.82,26.39,26.67,122500
INFA,20110224,45.33,46.58,45.28,46.08,972200
INFI,20110224,5.59,5.82,5.55,5.67,27300
INFN,20110224,7.72,7.93,7.62,7.88,1149800
ININ,20110224,33.22,34.04,32.99,33.46,141100
INOC,20110224,1.34,1.44,1.34,1.44,300
INOD,20110224,2.79,2.79,2.65,2.7,41300
INPH,20110224,5.28,5.86,5.16,5.52,247800
INSM,20110224,0.52,0.56,0.52,0.53,392000
INTC,20110224,21.1,21.41,21.03,21.28,54477300
INTG,20110224,22,22,22,22,0
INTL,20110224,24.33,24.69,24.23,24.64,27200
INTT,20110224,3.7,3.87,3.62,3.78,202900
INTU,20110224,51.87,52.25,50.67,51.68,4265500
INTX,20110224,9.89,10.07,9.76,9.85,4900
INVE,20110224,2.66,2.69,2.63,2.63,24100
INWK,20110224,8.26,8.6,7.74,8.52,334900
IOSP,20110224,27.49,27.49,26.15,26.87,153700
IPAR,20110224,17.84,18.08,17.82,18.06,56900
IPAS,20110224,1.4,1.47,1.36,1.42,214100
IPCC,20110224,60.33,62,59.69,59.98,82900
IPCI,20110224,4.13,4.21,4.06,4.16,12100
IPCM,20110224,38.77,39.04,38.35,38.68,61800
IPGP,20110224,49.94,52.04,49.12,51.86,385700
IPHS,20110224,41.36,42.27,40.07,41.45,161200
IPXL,20110224,22.15,22.27,20.81,20.95,2053500
IRBT,20110224,27.5,27.98,27.15,27.89,182400
IRDM,20110224,8.83,9.05,8.78,8.99,623200
IRDMZ,20110224,1.75,1.79,1.6,1.7,43300
IRIX,20110224,3.77,3.79,3.71,3.72,3100
IRWD,20110224,11.77,11.94,11.75,11.87,158700
ISBC,20110224,13.17,13.22,13.07,13.15,440500
ISCA,20110224,28.62,28.67,27.94,28.22,115300
ISHG,20110224,106.07,106.33,106.07,106.33,4100
ISIG,20110224,7.3,7.4,7.09,7.17,277400
ISIL,20110224,12.29,12.5,12.19,12.41,2644600
ISIS,20110224,8.89,9,8.77,8.93,623300
ISLE,20110224,9.14,9.18,8.93,9.15,202000
ISNS,20110224,14,14.34,13.35,13.65,31200
ISRG,20110224,325.77,328.51,324.58,328.01,347100
ISRL,20110224,64.4,64.4,62.4,64.29,1600
ISSC,20110224,5.88,5.95,5.84,5.94,15100
ISSI,20110224,9.58,9.82,9.37,9.67,336000
ITIC,20110224,31.48,31.48,31.3,31.3,500
ITMN,20110224,36.11,36.54,35.56,36.23,715300
ITRI,20110224,55.67,57.48,55.51,56.65,767100
ITRN,20110224,15.62,15.81,15.56,15.6,6000
IVAC,20110224,12.44,12.56,12.35,12.52,83500
IVAN,20110224,3.36,3.43,3.29,3.41,1367100
IXYS,20110224,11.84,11.98,11.78,11.98,54500
JACK,20110224,22.31,22.95,21.12,21.65,2198700
JADE,20110224,3.82,3.87,3.66,3.85,88300
JAKK,20110224,18.27,18.36,18.05,18.09,213400
JASO,20110224,37.65,39.25,37.3,38.7,8362600
JAXB,20110224,6.6,6.6,6.6,6.6,0
JAZZ,20110224,23.76,24.04,23.52,23.88,389400
JBHT,20110224,40.07,41.45,39.94,40.79,1204100
JBLU,20110224,5.7,5.77,5.57,5.65,7354800
JBSS,20110224,11.78,11.82,11.51,11.76,16600
JCOM,20110224,29.09,29.14,28.55,28.99,278300
JCS,20110224,15.28,15.49,14.93,15.22,28400
JCTCF,20110224,9.45,9.75,9.45,9.6,2600
JDSU,20110224,23.86,24.87,23.63,24.34,18408900
JFBI,20110224,4,4,4,4,900
JJSF,20110224,44.75,45.58,44.75,45.2,73400
JKHY,20110224,31.27,31.39,30.77,31.23,493700
JMBA,20110224,2.29,2.29,2.22,2.25,878600
JOBS,20110224,56,57.54,55.01,56.41,219900
JOEZ,20110224,1.06,1.09,1.03,1.07,773800
JOSB,20110224,45.42,46.46,45.05,46.12,390200
JOUT,20110224,14.84,15.1,14.82,15.04,4900
JRCC,20110224,21.17,21.5,20.85,21.38,692700
JRJC,20110224,5.09,5.5,5.09,5.39,269900
JST,20110224,11.1,11.56,11.02,11.55,52000
JVA,20110224,3.98,4.07,3.97,4.04,3200
JXSB,20110224,12.5,12.5,12.5,12.5,0
KALU,20110224,48.14,48.8,47.77,48.41,156100
KBALB,20110224,7.15,7.3,7,7.11,58800
KCAP,20110224,8.3,8.42,8.24,8.35,75200
KCLI,20110224,32.74,33.1,32.48,32.9,7700
KELYA,20110224,21.19,21.55,20.75,21.36,126600
KELYB,20110224,21.94,21.94,21.94,21.94,0
KEQU,20110224,13.43,13.64,13.4,13.42,3300
KERX,20110224,3.81,3.88,3.78,3.85,568800
KEYN,20110224,17.6,18.02,17.52,17.7,116800
KEYW,20110224,13.34,13.35,13,13.29,404200
KFFB,20110224,9.56,9.95,9.17,9.22,2700
KFRC,20110224,17.57,17.69,17.18,17.63,134600
KGJI,20110224,2.75,2.83,2.75,2.76,72700
KINS,20110224,3.44,3.44,3.44,3.44,0
KIPS,20110224,7.1,7.35,6.91,6.94,9200
KIRK,20110224,14.77,15.13,14.69,14.99,93200
KLAC,20110224,47.18,48,46.8,47.78,1531000
KLIC,20110224,9.21,9.4,9.06,9.31,1236100
KNDI,20110224,3.46,3.57,3.35,3.47,191000
KONA,20110224,4.93,5.12,4.87,5.06,16800
KONE,20110224,2.6,2.67,2.59,2.61,32400
KONG,20110224,7.24,7.31,7.2,7.21,25000
KOOL,20110224,2.7,2.74,2.57,2.71,78900
KOPN,20110224,4.12,4.17,4.07,4.17,218600
KOSS,20110224,6.7,6.7,6.65,6.65,200
KRNY,20110224,9.41,9.81,9.41,9.64,20900
KSWS,20110224,9.24,9.45,9.06,9.41,205700
KTCC,20110224,4.61,4.71,4.6,4.61,76300
KTEC,20110224,19.6,19.74,19.49,19.7,12100
KTOS,20110224,13.89,14.35,13.89,14.26,206600
KUTV,20110224,3.56,3.67,3.56,3.67,18300
KVHI,20110224,14.1,14.15,13.88,14.08,104200
LABC,20110224,14.87,14.87,14.87,14.87,0
LABL,20110224,18.8,19.06,18.8,18.93,45200
LACO,20110224,2.8,2.8,2.57,2.77,76000
LAKE,20110224,8.38,8.38,8.25,8.28,6400
LAMR,20110224,36.55,38.09,35.99,37.88,1084200
LANC,20110224,57.41,57.58,55.81,55.96,184000
LARK,20110224,17.74,17.74,17.74,17.74,0
LAWS,20110224,22.61,24.16,22.53,23.98,32100
LAYN,20110224,32.03,32.5,31.97,32.27,83400
LBAI,20110224,9.33,9.44,9.3,9.42,51100
LBIX,20110224,3.35,3.4,3.25,3.4,41900
LBTYA,20110224,40.91,42,40.91,41.73,1020000
LBTYB,20110224,42.38,42.38,42.38,42.38,0
LBTYK,20110224,38.82,39.96,38.82,39.64,282500
LCAV,20110224,6.7,6.74,6.58,6.71,78100
LCUT,20110224,12.27,12.27,11.69,12.24,15600
LEAP,20110224,12.32,12.53,12.05,12.12,1571600
LECO,20110224,34.66,35.21,34.375,34.835,224900
LEDR,20110224,2.65,2.72,2.61,2.72,4200
LEDS,20110224,16.47,16.5,15.35,15.49,166800
LFUS,20110224,50.83,51.22,50.07,51.07,139800
LGCY,20110224,30.57,31.38,30.2,31.08,235000
LGND,20110224,9.93,10.04,9.91,9.99,97800
LHCG,20110224,29.45,30.01,29.41,29.5,179900
LIFE,20110224,52.38,52.97,52.13,52.45,1649000
LIME,20110224,4.72,4.82,4.7,4.82,23400
LINC,20110224,15.31,15.5,15,15.49,190500
LINE,20110224,38.64,39.39,38.55,39.2,662400
LINTA,20110224,16.59,16.8,16.38,16.54,3678300
LINTB,20110224,16.42,16.42,16.42,16.42,100
LION,20110224,8.34,8.44,8.25,8.42,7300
LIOX,20110224,3.59,3.66,3.53,3.64,607100
LIVE,20110224,4.75,4.75,4.6,4.6,2700
LIWA,20110224,10.2,10.5,10.1,10.35,117100
LKFN,20110224,21.61,21.89,21.43,21.85,29300
LLEN,20110224,7.15,7.18,7.05,7.15,536600
LLNW,20110224,7.33,7.79,7.3,7.77,3966800
LLTC,20110224,33.99,34.34,33.62,33.97,2316600
LMAT,20110224,6.62,6.83,6.6,6.73,13000
LMCA,20110224,67.27,68.67,67.06,67.73,442900
LMIA,20110224,16.16,17.16,16,17.08,27400
LMNR,20110224,22.8,23.19,22.16,22.44,18000
LMNX,20110224,18.43,18.53,18.02,18.33,146200
LNBB,20110224,5.41,5.5,5.41,5.43,4100
LNCE,20110224,17.32,17.74,17.28,17.65,301000
LNDC,20110224,6.07,6.12,6.05,6.09,56200
LOAN,20110224,1.5,1.5,1.48,1.5,34200
LOCM,20110224,4.09,4.09,3.98,4.01,285200
LOGI,20110224,18.57,18.83,18.49,18.67,764600
LOGM,20110224,36.44,37.84,36.15,36.38,383100
LOJN,20110224,5.69,5.79,5.67,5.68,98500
LONG,20110224,13.42,13.78,13.38,13.78,8300
LOOK,20110224,1.79,1.83,1.73,1.76,136100
LOPE,20110224,15.05,15.42,15,15.39,603500
LORL,20110224,77.97,78.58,77.36,77.88,36800
LPHI,20110224,7.69,7.86,7.53,7.82,240600
LPLA,20110224,32.18,32.7,32.11,32.47,242600
LPNT,20110224,36.01,36.64,35.66,36.05,559500
LPSB,20110224,9.75,9.75,9.75,9.75,400
LPSN,20110224,9.69,9.95,9.52,9.78,550900
LPTH,20110224,1.43,1.43,1.39,1.39,11400
LQDT,20110224,14.8,15.33,14.66,15.28,96700
LRAD,20110224,2.1,2.16,2.09,2.12,38000
LRCX,20110224,52.1,53.52,51.58,53.25,1768600
LSBI,20110224,15.74,15.8,15.38,15.38,2700
LSBK,20110224,10,10,10,10,0
LSCC,20110224,6.12,6.35,5.87,6.31,1542700
LSTR,20110224,43.31,44.43,42.81,43.62,780300
LTBR,20110224,5.59,5.59,5.37,5.57,23300
LTON,20110224,1.42,1.45,1.42,1.43,10400
LTRE,20110224,8.89,9.1,8.81,9.1,8900
LTRX,20110224,3.97,3.97,3.85,3.9,12500
LTXC,20110224,9.08,9.19,8.76,8.95,976500
LUFK,20110224,74.97,74.97,73.61,74.14,324100
LULU,20110224,37.355,38.405,36.82,38.085,2349400
LUNA,20110224,1.76,1.85,1.76,1.78,4900
LWAY,20110224,9.13,9.35,9.13,9.3,7000
LXRX,20110224,1.8,1.86,1.8,1.82,463400
LYTS,20110224,7.54,7.66,7.4,7.52,46300
MAGS,20110224,2.99,3.04,2.99,3.04,9300
MAKO,20110224,19.9,20.21,19.77,20.12,633400
MANH,20110224,30.32,30.82,30,30.79,108700
MANT,20110224,41.81,43.13,41.43,42.72,406100
MARPS,20110224,23.6,23.6,22.38,22.58,2100
MASC,20110224,6.59,6.84,6.5,6.77,28600
MASI,20110224,29.85,30.11,29.6,30.03,931200
MAT,20110224,24.87,24.91,24.25,24.63,4055300
MATW,20110224,36.69,36.75,36.22,36.72,154500
MAXY,20110224,4.04,4.05,4.04,4.05,84000
MAYS,20110224,19.59,19.91,19.15,19.3,1000
MBFI,20110224,20.38,20.52,19.97,20.2,240000
MBLX,20110224,8.52,9.39,8.52,9.25,334200
MBND,20110224,2.9,2.96,2.82,2.83,6700
MBRG,20110224,16,17,16,16.9,11400
MBTF,20110224,1.76,1.81,1.76,1.79,5500
MBVT,20110224,26.12,26.13,25.96,26.1,5600
MBWM,20110224,8.85,8.85,8.45,8.59,4500
MCBC,20110224,3.75,3.79,3.5,3.76,66600
MCBI,20110224,6.51,6.8,6.51,6.72,5400
MCGC,20110224,7.06,7.29,6.97,7.24,400900
MCHP,20110224,36.29,36.82,35.96,36.72,1995400
MCHX,20110224,8.52,8.87,8.4,8.71,194600
MCOX,20110224,28.55,29.1,28.35,28.95,179400
MCRI,20110224,10.32,10.8,10.06,10.66,25700
MCRL,20110224,13.14,13.42,12.8,13.37,665600
MCRS,20110224,46.82,47.21,45.05,46.2,1416600
MDAS,20110224,20.53,21.44,20.3,21.32,817300
MDCA,20110224,17.46,17.54,17.04,17.25,13800
MDCI,20110224,8.02,8.03,7.92,8,129500
MDCO,20110224,17.26,17.29,17.01,17.17,432700
MDH,20110224,2.85,2.87,2.78,2.79,9400
MDRX,20110224,20.4,21.08,20.22,20.95,4103000
MDSO,20110224,25.01,25.54,24.65,25.2,127000
MDVN,20110224,16.72,16.82,16.26,16.39,446600
MEAD,20110224,4.13,4.25,4.02,4.02,6300
MEAS,20110224,29.59,30.59,28.72,29.93,126700
MELA,20110224,2.62,2.62,2.48,2.55,256700
MELI,20110224,68.48,68.48,65.9,67.1,1193100
MEMS,20110224,3.19,3.19,3.1,3.13,23500
MENT,20110224,15.47,15.55,15.02,15.09,2962700
MEOH,20110224,28.58,28.76,28.02,28.23,218100
MERC,20110224,12.39,13.1,11.99,13.01,806500
MERU,20110224,22.83,22.83,21.26,21.7,755900
METR,20110224,11.62,11.72,11.5,11.72,28900
MFI,20110224,4.6,4.68,4.58,4.61,9100
MFLR,20110224,8.46,8.46,8.33,8.33,700
MFLX,20110224,27.83,28.04,27.42,28.01,117100
MFNC,20110224,5.89,5.89,5.89,5.89,0
MFRI,20110224,11.6,11.72,11.03,11.31,3200
MFSF,20110224,9.41,9.46,9.4,9.46,700
MGAM,20110224,5.09,5.31,5,5.3,110300
MGEE,20110224,41.02,41.41,40.97,41.14,82600
MGIC,20110224,6.98,7.45,6.87,7.21,978200
MGLN,20110224,50.27,50.27,47.85,48.22,546000
MGPI,20110224,9.11,9.24,9.02,9.1,23300
MGRC,20110224,26.4,27.99,25.91,27.99,217600
MGYR,20110224,4,4,4,4,200
MHGC,20110224,9.02,9.02,8.82,8.99,84300
MHLD,20110224,7.71,7.95,7.66,7.73,143400
MIDD,20110224,87.24,88.23,86.07,88.04,114000
MIND,20110224,11.1,11.22,11.1,11.11,12300
MINI,20110224,20.98,21.27,20.85,21.24,111400
MITL,20110224,5.36,5.42,5.3,5.4,24800
MKSI,20110224,27.8,28.4,27.51,28.32,412100
MKTAY,20110224,40.44,40.44,39.89,40.11,11700
MKTX,20110224,21,21.46,20.93,21.09,158800
MLAB,20110224,28.97,29.3,28.97,29.22,1000
MLHR,20110224,26.23,26.56,25.77,26.11,363000
MLNK,20110224,6.81,6.95,6.72,6.92,247500
MLNX,20110224,26.14,26.49,25.54,26,190300
MLVF,20110224,8.11,8.11,7.99,7.99,600
MMLP,20110224,38.95,38.95,36.92,38.53,326500
MMSI,20110224,13.832,13.936,13.456,13.52,175000
MMUS,20110224,5.01,5.06,5,5.05,1600
MMYT,20110224,25.59,26.19,25,25.75,288300
MNDO,20110224,3.05,3.24,2.99,3.15,265900
MNKD,20110224,3.84,3.84,3.64,3.76,1726200
MNOV,20110224,3.65,3.7,3.49,3.67,32100
MNRK,20110224,6.7667,7.0583,6.7583,7.0333,18000
MNRO,20110224,32.37,32.9,32.03,32.45,174600
MNST,20110224,27.875,27.94,27.215,27.345,1206000
MNTA,20110224,13.13,13.48,13.12,13.45,515100
MNTG,20110224,2.65,2.72,2.5,2.61,22500
MNTX,20110224,5.01,5.12,4.8,4.8,150000
MOBI,20110224,9.98,10.35,9.56,9.94,464800
MOCO,20110224,12.23,12.87,12.2,12.78,13800
MOFG,20110224,14.67,14.68,14.51,14.63,8700
MOLX,20110224,26.86,27.47,26.68,27.13,1124300
MOLXA,20110224,22.2,22.77,22.09,22.49,215800
MORN,20110224,58.2,58.59,57.47,57.76,118200
MOSY,20110224,5.7,5.72,5.6,5.72,80500
MOVE,20110224,8.92,9.08,8.56,8.72,1264500
MPAA,20110224,13.84,14.06,13.76,14,64100
MPAC,20110224,5.3,5.49,5.3,5.49,6300
MPB,20110224,8.5,8.5,8.5,8.5,200
MPEL,20110224,6.8,6.9,6.63,6.79,5372100
MPET,20110224,2.81,2.98,2.68,2.71,553600
MPWR,20110224,14.91,15.15,14.6,14.81,733700
MRCY,20110224,18.5,19.41,18.44,18.94,222100
MRGE,20110224,4.71,4.93,4.7,4.85,476000
MRLN,20110224,11.27,11.41,11.05,11.14,22500
MRTN,20110224,21.14,21.64,20.93,21.37,58300
MRVL,20110224,17.94,18.16,17.6,18.01,13616500
MSBF,20110224,6.09,6.09,6.09,6.09,0
MSCC,20110224,21.37,21.86,21.17,21.7,516200
MSEX,20110224,18.08,18.34,17.98,18.32,32500
MSFG,20110224,9.43,9.66,9.35,9.66,53700
MSFT,20110224,26.64,27.06,26.5,26.77,64499000
MSG,20110224,27.49,27.63,27.25,27.46,130500
MSON,20110224,2.36,2.45,2.25,2.25,4800
MSPD,20110224,7.48,7.63,7.28,7.58,563900
MSTR,20110224,114.78,115.92,114.38,114.8,59400
MTEX,20110224,19.6,19.8,19.4,19.6,62400
MTRX,20110224,13.64,13.87,13.45,13.78,111400
MTSC,20110224,43.73,44.5,43.25,44.02,95100
MTSL,20110224,1.84,1.85,1.75,1.75,800
MTSN,20110224,2.37,2.43,2.31,2.42,329800
MU,20110224,10.61,10.95,10.45,10.91,49024200
MVIS,20110224,12.64,12.8,11.84,12.4,1496900
MVISW,20110224,0.4,0.4,0.38,0.39,18000
MWIV,20110224,66,68.34,65.52,68.22,100800
MXIM,20110224,26.63,26.98,26.36,26.73,2658000
MXWL,20110224,18.15,18.42,17.98,18.17,168700
MYGN,20110224,17.79,18.7,17.79,18.57,2641000
MYL,20110224,22.34,22.4,21.51,22.13,19698000
MYRG,20110224,21.41,22.03,21.37,21.89,131400
NAFC,20110224,39.2,39.6,38.72,38.85,51400
NAII,20110224,5.46,5.52,5.44,5.5,1300
NANO,20110224,17.03,18.14,16.91,17.61,711100
NASB,20110224,14.56,15.59,14.56,15.43,5100
NATH,20110224,18.4,19.5,18.39,19.32,3800
NATI,20110224,30.67,31.25,30.45,30.76,460600
NATL,20110224,20.68,20.96,20.11,20.67,40300
NATR,20110224,8.04,8.2,7.97,8.19,12700
NAUH,20110224,7.69,7.69,7.43,7.48,227200
NAVG,20110224,51.68,52.1,51.4,51.74,84400
NAVR,20110224,2.03,2.05,1.99,2.02,48200
NBBC,20110224,5.06,5.14,5.06,5.09,2500
NBIX,20110224,7.18,7.24,7.07,7.2,201100
NBN,20110224,14.81,14.91,14.8,14.91,2400
NBTB,20110224,22.4,22.4,22,22.26,99600
NBTF,20110224,21.38,21.5,21.38,21.5,1000
NCBC,20110224,5.03,5.04,5.03,5.03,1200
NCIT,20110224,20.94,21.37,20.94,21.3,58900
NCMI,20110224,17.88,18.95,17.66,18.56,617700
NCTY,20110224,7.35,7.71,7.33,7.47,38600
NDAQ,20110224,28.04,28.12,27.56,28.02,3255200
NDSN,20110224,54.075,55.995,53.875,54.91,403000
NECB,20110224,6.15,6.15,6.15,6.15,0
NEOG,20110224,36.56,36.92,36.17,36.39,100000
NEPT,20110224,2.32,2.43,2.32,2.43,19200
NETC,20110224,10.67,11.11,10.65,10.73,24800
NEWL,20110224,2.67,2.67,2.44,2.44,2400
NEWP,20110224,15.4,15.77,15.26,15.54,554700
NEWS,20110224,10.09,10.35,9.93,10.3,66000
NEWT,20110224,1.65,1.65,1.63,1.64,26800
NFBK,20110224,12.99,13.07,12.83,13.02,29400
NFEC,20110224,4.03,4.08,3.6,4.08,27600
NFLX,20110224,212.5,216.39,210.28,215.18,4519800
NFSB,20110224,14,14,14,14,300
NGPC,20110224,9.86,10.15,9.86,10.04,92600
NHTB,20110224,13,13.42,12.98,13.25,4000
NICE,20110224,33.5,33.65,33,33.29,213800
NICK,20110224,12.19,12.4,12.19,12.4,4600
NIHD,20110224,40.1,42.34,40.1,41.84,3452400
NILE,20110224,52.22,53.52,51.8,53.31,350600
NINE,20110224,1.37,1.37,1.36,1.37,300
NKSH,20110224,28.83,29.16,28.54,28.88,9000
NKTR,20110224,9.75,9.86,9.59,9.64,1211600
NLST,20110224,2.35,2.43,2.35,2.36,80200
NMRX,20110224,9.42,9.47,9.3,9.35,42100
NNBR,20110224,11.96,12.25,11.69,11.81,102200
NOVB,20110224,10.51,10.75,10.5,10.75,400
NPBC,20110224,7.9,7.99,7.61,7.72,805700
NPSP,20110224,7.75,8.01,7.66,7.8,555600
NRCI,20110224,31.94,32.1,31.78,32.1,2000
NRIM,20110224,18.4,18.48,18.4,18.46,2700
NSEC,20110224,12,12.25,12,12.25,900
NSIT,20110224,17.64,18.07,17.64,17.82,372500
NSPH,20110224,3.18,3.19,3.11,3.15,101200
NSSC,20110224,2.2,2.35,2.2,2.28,4900
NSYS,20110224,4,4.08,4,4.08,500
NTAP,20110224,50.45,51.04,50.29,50.84,9863300
NTCT,20110224,23.7,24.29,23.2,23.82,378300
NTES,20110224,48.5,48.7,45.25,45.46,3999500
NTGR,20110224,31.79,31.97,31.05,31.28,458900
NTIC,20110224,15.76,15.76,15.75,15.75,1000
NTLS,20110224,19.17,19.47,19.12,19.45,179600
NTRI,20110224,19.96,20.95,19.75,20.2,1485800
NTRS,20110224,52.28,52.59,51.73,52.14,1211600
NTSC,20110224,7.63,7.64,7.49,7.51,3100
NTSP,20110224,14.32,14.9,14.12,14.38,94200
NTWK,20110224,17.9,18.7,17.5,18.1,1076400
NUAN,20110224,18.67,18.95,18.48,18.74,1743000
NUCL,20110224,45.01,45.55,45.01,45.1,95100
NURO,20110224,3.06,3.18,3,3.06,57800
NUTR,20110224,14.28,14.38,14.2,14.38,15500
NUVA,20110224,27.94,28.53,26.62,27.49,2090000
NVAX,20110224,2.25,2.33,2.23,2.33,402500
NVDA,20110224,22.22,23.04,22.06,22.65,31152900
NVEC,20110224,57.02,58.19,56.42,58.15,51300
NVGN,20110224,0.76,0.77,0.75,0.75,24600
NVMI,20110224,9.4,9.63,9.12,9.38,442800
NVSL,20110224,8.44,8.47,8.21,8.42,400
NVTL,20110224,6.48,6.99,6.44,6.74,1112300
NWBI,20110224,12.04,12.08,11.94,11.98,799200
NWFL,20110224,27,27,27,27,0
NWLI,20110224,169.76,170,168,169.76,4200
NWPX,20110224,21.77,22.5,21.44,21.87,39500
NWS,20110224,17.6,17.93,17.4,17.84,2377400
NWSA,20110224,16.53,16.85,16.25,16.76,15245000
NXPI,20110224,28.37,29.29,28.1,29.12,901800
NXST,20110224,6,6.25,5.67,6.25,32500
NXTM,20110224,19.85,20.2,19.64,19.79,404800
NYMT,20110224,7.16,7.19,7.11,7.14,15300
NYMX,20110224,6.2,6.64,6.14,6.53,68600
NYNY,20110224,0.81,0.82,0.77,0.82,149200
OABC,20110224,15.23,15.25,14.75,15.25,38500
OBAF,20110224,14,14.21,13.95,13.96,43700
OBAS,20110224,8,8.05,7.9,7.9,3500
OBCI,20110224,1.91,1.91,1.86,1.9,27400
OCFC,20110224,13.49,13.5,13.36,13.5,66600
OCLR,20110224,16.75,18.29,16.45,18.09,4993300
OCLS,20110224,14.14,14.7,14,14,54100
OCZ,20110224,7.07,7.47,6.9,7.28,643900
ODFL,20110224,20.2533,20.5467,19.9267,20.1867,334900
OFED,20110224,12.28,12.28,12.26,12.26,600
OFIX,20110224,30.68,31.19,30.68,31.05,134100
OFLX,20110224,12.72,13.02,12.72,12.97,3700
OGXI,20110224,15.7,15.8,15.7,15.7,31100
OIIM,20110224,8.41,8.44,8.1,8.16,333100
OINK,20110224,4.78,4.87,4.45,4.7,103100
OKSB,20110224,13.94,14.35,13.85,14.25,46700
OKSBP,20110224,27.45,27.45,27,27,200
OLBK,20110224,10.45,10.45,8.92,9.3,6100
OMAB,20110224,14.47,14.74,14.12,14.16,7400
OMCL,20110224,13.49,13.83,13.36,13.48,201800
OMER,20110224,6.35,6.56,6.25,6.46,91400
OMEX,20110224,3.14,3.19,3.11,3.11,188300
OMPI,20110224,11.4,11.4,11.15,11.27,49200
ONCY,20110224,6.21,6.28,6.16,6.26,81000
ONEQ,20110224,107.25,108.21,106.61,107.93,17900
ONFC,20110224,8.75,9,8.75,8.75,5000
ONNN,20110224,10.79,11.14,10.7,11.1,7068400
ONTY,20110224,3.19,3.27,3.15,3.17,60100
ONVI,20110224,4.49,4.49,4.3,4.3,1300
ONXX,20110224,34.49,34.96,33.43,34.07,909000
OPEN,20110224,85.27,88.77,84.57,88.72,1296900
OPHC,20110224,2.43,2.59,2.42,2.43,500
OPLK,20110224,26.26,27.45,25.93,27.27,354200
OPOF,20110224,11.77,11.8,11.4,11.5,5200
OPTR,20110224,11.6,12.03,11.5,11.94,396300
OPTT,20110224,5.28,5.28,5.14,5.23,22700
OPXA,20110224,7.16,7.48,6.76,7.4,154600
ORBC,20110224,2.97,3.11,2.97,3.06,16100
ORBK,20110224,13.61,14.2,13.61,14.13,120500
ORBT,20110224,3.92,3.92,3.92,3.92,0
ORCL,20110224,32.1,32.41,31.64,32.25,23416200
OREX,20110224,3.14,3.25,3.11,3.25,1696200
ORIT,20110224,12.48,12.57,12.42,12.53,208100
ORLY,20110224,54.42,54.94,53.33,54.58,2543200
ORRF,20110224,26.99,27.04,26.56,27.03,8800
OSBC,20110224,1.04,1.06,1,1.05,73600
OSBCP,20110224,2.75,3,2.75,3,6400
OSHC,20110224,12.13,12.29,12.12,12.29,500
OSIR,20110224,6.79,6.79,6.13,6.42,196600
OSIS,20110224,38.76,38.76,37.03,37.31,153300
OSN,20110224,4.33,4.39,4.29,4.37,7900
OSTK,20110224,14.06,14.08,13.76,14,124100
OSUR,20110224,6.68,6.78,6.53,6.59,204500
OTEX,20110224,56.99,58.4,56.89,57.65,448900
OTIV,20110224,2.6,2.77,2.59,2.65,273400
OTT,20110224,19.19,19.24,19,19.06,50200
OTTR,20110224,21.94,22.04,21.69,21.98,111000
OUTD,20110224,8.02,8.02,7.83,7.85,63700
OVBC,20110224,19.8,19.98,19.8,19.98,1000
OVLY,20110224,5.97,5.97,5.97,5.97,0
OVRL,20110224,1.74,1.74,1.65,1.72,2800
OVTI,20110224,22.91,24,22.9,23.85,3421000
OXBT,20110224,2.06,2.07,2.05,2.06,42000
OXGN,20110224,0.14,0.14,0.14,0.14,0
OXLC,20110224,19.4,19.4,19.4,19.4,0
OZRK,20110224,21.245,21.27,20.945,21.05,61700
PAAS,20110224,38,38.23,36.61,36.65,1928400
PACB,20110224,15.68,15.76,15.46,15.68,68300
PACR,20110224,5.09,5.2,4.99,5.1,559500
PACW,20110224,20.77,20.77,19.96,20.22,159300
PAGG,20110224,32.29,32.37,31.91,32.23,66100
PANL,20110224,37.74,40,37.28,39.82,524300
PATH,20110224,7.7,7.95,7.7,7.95,5700
PATK,20110224,2.05,2.06,2.05,2.05,12400
PATR,20110224,25.16,26,24.38,25.41,20300
PAYX,20110224,32.54,32.69,32.19,32.54,1772500
PBCT,20110224,13.11,13.14,12.89,12.91,3700700
PBHC,20110224,9,9,9,9,0
PBIB,20110224,8.45,8.5,8.39,8.5,6700
PBIP,20110224,6.34,6.36,6.33,6.35,900
PCAR,20110224,49.81,50.34,49.26,49.91,2549600
PCBK,20110224,10.03,10.1,9.98,10,58400
PCCC,20110224,8.75,8.87,8.55,8.59,49300
PCH,20110224,37.1,37.53,36.65,37.34,374300
PCLN,20110224,466.61,469.4,453.11,462.34,4462200
PCOM,20110224,9.93,10.1,9.6,10.06,50100
PCRX,20110224,6.73,6.96,6.73,6.89,7700
PCTI,20110224,7.2,7.44,7.2,7.4,63800
PCYC,20110224,5,5.15,5,5.11,204600
PCYO,20110224,3.95,4,3.82,3.98,14300
PDCO,20110224,32.45,33.14,32.29,32.64,1464600
PDEX,20110224,2.4,2.44,2.38,2.41,11000
PDFS,20110224,6.49,6.74,6.41,6.67,190800
PDII,20110224,8.59,8.59,8.45,8.57,19000
PDLI,20110224,4.79,4.84,4.76,4.78,3406200
PEBK,20110224,6.25,7,6.25,7,3500
PEBO,20110224,13.21,13.21,13.01,13.17,16500
PEGA,20110224,36.61,38.76,36.59,38,205100
PEIX,20110224,0.74,0.74,0.7,0.71,1018400
PENN,20110224,34.55,34.85,34.02,34.22,640200
PENX,20110224,6.02,6.1,6,6.02,23800
PEOP,20110224,14,14.05,13.9,14.05,10400
PERF,20110224,7.67,7.67,7.67,7.67,0
PERY,20110224,28.1,29.39,27.95,29.3,68200
PESI,20110224,1.46,1.49,1.44,1.45,15200
PETM,20110224,39.83,40.58,39.34,39.63,1127000
PETS,20110224,14.8,14.83,14.5,14.63,181600
PFBC,20110224,1.64,1.64,1.57,1.62,20600
PFBI,20110224,6.77,6.77,6.75,6.76,7400
PFBX,20110224,15.14,16.14,15.14,15.75,18900
PFIN,20110224,3.28,3.29,3.28,3.28,800
PFSW,20110224,3.34,3.54,3.2,3.32,135200
PGC,20110224,13.46,13.75,13.26,13.48,14300
PGNX,20110224,5.49,5.66,5.4,5.65,233000
PGTI,20110224,2.32,2.44,2.32,2.39,51500
PHII,20110224,21.54,22.72,21.37,22.72,7600
PHIIK,20110224,19.17,20.67,19.03,20.66,75900
PHMD,20110224,5.5,5.5,5.5,5.5,0
PICO,20110224,30.07,30.07,29.23,29.65,98000
PKBK,20110224,9.61,9.66,9.6,9.66,5200
PKOH,20110224,19.23,21.93,18.71,21.93,87700
PLAB,20110224,8.28,8.78,8.19,8.71,1194700
PLBC,20110224,3.55,3.55,3.55,3.55,0
PLCC,20110224,1.13,1.13,1.13,1.13,0
PLCE,20110224,45.42,46.34,44.7,45.49,386400
PLCM,20110224,22.765,23.745,22.74,23.495,1595000
PLNR,20110224,2.66,2.79,2.62,2.76,41900
PLPC,20110224,67.64,68.83,66.17,67.13,14400
PLTM,20110224,33.74,33.74,32.61,33,27600
PLUG,20110224,0.73,0.77,0.72,0.74,465600
PLUS,20110224,25.6,26.25,25.51,26.25,21500
PLXS,20110224,30.62,31.15,30.02,30.81,465600
PLXT,20110224,3.6,3.68,3.55,3.66,140700
PMBC,20110224,4.4,4.5,4.39,4.4,3600
PMCS,20110224,7.81,7.86,7.68,7.78,2183400
PMD,20110224,8.76,8.8,8.6,8.62,5000
PMFG,20110224,16.25,17.1,16.03,16.92,36600
PMNA,20110224,12.98,12.98,12.46,12.54,16500
PMTC,20110224,22.75,23.16,22.53,23.1,1550300
PMTI,20110224,15.33,15.45,14.98,15.37,134000
PNBK,20110224,2.37,2.37,2.37,2.37,2000
PNFP,20110224,14.99,15.09,14.82,14.97,207600
PNNT,20110224,12.44,12.7,12.3,12.69,602400
PNQI,20110224,36.72,36.94,36.41,36.87,77800
PNRA,20110224,115.31,115.73,113,114.94,371100
PNRG,20110224,26.3,26.3,25.7,26,3100
PNTR,20110224,6.01,6.01,6.01,6.01,100
PODD,20110224,17.83,18.08,17.64,18,294100
POOL,20110224,24.93,25.08,24.64,24.98,344300
POPE,20110224,42.07,42.5,42,42.02,3600
POWI,20110224,39.39,39.99,38.93,39.73,231700
POWL,20110224,36.87,37.62,36.34,37.48,51300
POWR,20110224,7.43,7.5,7.26,7.37,50000
POZN,20110224,5.37,5.37,5.08,5.21,205000
PPBI,20110224,6.95,6.95,6.84,6.9,11600
PPHM,20110224,2.16,2.17,2.06,2.13,745500
PRAA,20110224,81.84,83.15,79.88,83.01,131000
PRAN,20110224,1.61,1.61,1.55,1.58,50900
PRCP,20110224,6.9,6.9,6.82,6.85,33500
PRFT,20110224,11.85,12.16,11.64,12.14,88300
PRFZ,20110224,66.15,66.87,65.84,66.57,70900
PRGO,20110224,71.97,73.04,71.54,72.4,1126300
PRGS,20110224,29.1,29.72,28.64,29.13,388800
PRGX,20110224,5.57,5.6,5.46,5.51,117500
PRIM,20110224,8.71,8.79,8.66,8.7,44600
PRKR,20110224,0.7,0.71,0.64,0.71,159900
PRLS,20110224,3.33,3.33,3.25,3.25,6000
PRMW,20110224,11.8,12.37,11.75,12,31900
PROV,20110224,8.11,8.12,8.08,8.11,2500
PRPH,20110224,1.41,1.51,1.39,1.39,10900
PRSC,20110224,15.01,15.15,14.98,15.05,62700
PRTS,20110224,8,8.1,7.8,7.9,73300
PRXI,20110224,1.59,1.67,1.59,1.65,65100
PRXL,20110224,21.98,22.35,21.6,21.98,670200
PSAU,20110224,47.97,47.98,46.74,47.13,4700
PSBH,20110224,5.3,5.3,5.29,5.29,600
PSDV,20110224,3.79,3.88,3.78,3.81,15000
PSEC,20110224,11.9,11.98,11.8,11.92,1302700
PSEM,20110224,9.89,10.48,9.81,10.43,84700
PSMT,20110224,34.74,35.59,34.03,35.49,105300
PSTB,20110224,5.13,5.13,5,5.02,292000
PSTI,20110224,2.49,2.51,2.43,2.49,229700
PSTR,20110224,5.05,5.22,4.79,4.93,176100
PSUN,20110224,4.2,4.25,4.05,4.1,840700
PTEK,20110224,0.71,0.74,0.62,0.62,213700
PTEN,20110224,26.85,27.21,26.31,26.51,2640100
PTIE,20110224,6.59,6.64,6.52,6.56,172300
PTIX,20110224,1.96,2,1.96,2,5500
PTNR,20110224,18.4,18.55,18.3,18.5,222100
PTRY,20110224,16.31,16.4,15.84,16,279200
PTSI,20110224,11.74,11.88,11.74,11.84,5400
PTSX,20110224,0.75,0.75,0.68,0.75,1400
PULB,20110224,7.12,7.28,7.12,7.28,300
PURE,20110224,2.01,2.01,1.92,1.96,211600
PVFC,20110224,1.91,1.91,1.91,1.91,0
PVTB,20110224,14.5,14.54,13.84,13.89,1080300
PVTBP,20110224,26.83,27,26.76,26.97,1700
PWER,20110224,9.05,9.17,8.95,9.11,3431100
PWOD,20110224,37.49,38.44,37.49,38.11,8600
PWRD,20110224,20.65,21.25,20.43,20.8,418700
PWX,20110224,16.67,17,16.65,16.8,1100
PXLW,20110224,3.41,3.46,3.39,3.42,16900
PZZA,20110224,29.2,29.45,28.81,28.98,270600
PZZI,20110224,1.95,1.99,1.95,1.99,43900
QABA,20110224,25.3,25.3,24.6,24.63,1700
QADA,20110224,8.98,9.09,8.95,9.03,30400
QADB,20110224,9.2,9.2,9.05,9.05,3500
QBAK,20110224,1.78,1.85,1.77,1.85,6200
QCCO,20110224,3.89,3.95,3.75,3.95,16000
QCLN,20110224,17.03,17.44,17.03,17.36,3400
QCOM,20110224,57.3,58.11,57,57.8,15162400
QCOR,20110224,12.87,12.96,12.16,12.49,4124300
QCRH,20110224,8.05,8.26,7.92,7.92,6100
QDEL,20110224,12.81,12.81,12.28,12.57,283200
QGEN,20110224,20.43,20.61,20.27,20.6,2391900
QKLS,20110224,70.8,75.84,70.8,75.84,79300
QLGC,20110224,17.48,17.72,17.36,17.52,1935100
QLIK,20110224,24.2,24.77,23.95,24.56,702900
QLTI,20110224,6.52,6.71,6.5,6.66,251600
QLTY,20110224,10.32,10.7,9.96,10.57,126500
QNST,20110224,22.2,22.2,21.75,21.82,228500
QQEW,20110224,24.55,24.81,24.53,24.81,11900
QQQ,20110224,56.7,57.03,56.14,56.85,98715500
QQQX,20110224,14.65,14.75,14.52,14.67,69100
QQXT,20110224,21.82,21.85,21.66,21.83,2300
QSII,20110224,38.63,39.3,38.63,39.2,138900
QTEC,20110224,26.83,27.45,26.69,27.09,202500
QTWW,20110224,0.38,0.38,0.38,0.38,0
QUIK,20110224,5.01,5.1,4.78,4.99,507900
RADA,20110224,2.69,2.79,2.69,2.79,14200
RAIL,20110224,27.24,28.6,27.24,28.21,150600
RAND,20110224,3.19,3.19,3.1,3.1,400
RAVN,20110224,25.9,26.13,25.225,25.685,51300
RBCAA,20110224,17,17.27,16.84,17.08,121700
RBCN,20110224,23.4,23.74,22.67,23.71,791700
RBNF,20110224,3.25,3.3,3.23,3.29,6800
RBPAA,20110224,1.75,1.75,1.75,1.75,100
RCII,20110224,32.32,32.66,31.85,32.14,734700
RCKB,20110224,15.53,15.77,15.5,15.75,32800
RCKY,20110224,13.47,13.85,13.31,13.85,25400
RCMT,20110224,4.84,4.95,4.77,4.94,74100
RCON,20110224,4.39,4.91,4.35,4.46,17900
RDA,20110224,13.49,13.85,13.36,13.36,2400
RDCM,20110224,10.21,10.59,10,10.5,44200
RDEN,20110224,29,29.35,28.6,29.03,131600
RDI,20110224,4.89,4.95,4.85,4.92,9400
RDIB,20110224,7,7,7,7,0
RDNT,20110224,3.48,3.5,3.4,3.5,147700
RDWR,20110224,18.45,19.255,18.25,19.225,454700
RECN,20110224,18.12,18.19,17.77,18.15,191700
REDF,20110224,5.8,6.1,5.65,5.93,415600
REFR,20110224,8.06,8.06,7.75,7.84,102200
REGN,20110224,36.55,36.64,35.55,35.95,487200
REIS,20110224,7.2,7.5,7.11,7.45,2100
RELL,20110224,12.62,13.09,12.54,13.03,72900
RELV,20110224,2.26,2.29,2.25,2.25,5700
RENT,20110224,26.83,27.53,26.1,26.59,39400
REXI,20110224,6.35,6.38,6.18,6.3,26200
REXX,20110224,11.91,12.59,11.91,12.26,1372000
RFIL,20110224,4.265,4.355,4.24,4.34,9800
RFMD,20110224,7.48,7.69,7.37,7.55,7800300
RGCO,20110224,15.705,15.705,15.705,15.705,0
RGDX,20110224,2.35,2.35,2.35,2.35,0
RGEN,20110224,4.66,4.9,4.66,4.85,32000
RGLD,20110224,49.28,49.64,48.4,48.41,438500
RICK,20110224,10.25,10.88,10.12,10.75,91700
RIGL,20110224,6.73,7.11,6.73,7.09,180800
RIMG,20110224,14.61,14.92,14.56,14.9,34100
RITT,20110224,6.15,6.81,6.11,6.63,12200
RIVR,20110224,15.01,15.01,15.01,15.01,0
RJET,20110224,6.07,6.25,5.88,6.25,647000
RLOC,20110224,19.33,21,19.33,20.02,208200
RLOG,20110224,7.68,7.88,7.26,7.83,21200
RMBS,20110224,20.2,20.43,20,20.29,691600
RMCF,20110224,10.15,10.24,10.12,10.14,1400
RMKR,20110224,1.33,1.33,1.25,1.31,3600
RMTI,20110224,9.33,9.36,9.09,9.09,39800
RNET,20110224,14.62,14.84,14.62,14.78,9700
RNIN,20110224,6.25,6.55,6.2,6.4,28400
RNST,20110224,15.96,15.99,15.85,15.97,42000
RNWK,20110224,3.81,3.86,3.75,3.8,308100
ROCK,20110224,10.59,10.68,10.2,10.47,100900
ROCM,20110224,10.28,10.36,10.12,10.25,24200
ROIA,20110224,2,2,1.79,1.89,25600
ROIAK,20110224,1.91,1.99,1.8,1.88,338600
ROIC,20110224,10.75,10.96,10.72,10.83,382800
ROICW,20110224,0.89,1,0.89,0.95,170900
ROLL,20110224,35.79,36.73,35.62,36.27,112300
ROMA,20110224,10.31,10.6,10.23,10.38,23100
ROSE,20110224,43.2,43.42,42.34,42.68,560700
ROSG,20110224,8.4,8.7,7.8,7.8,295300
ROST,20110224,35.12,35.72,34.86,35.43,877900
ROVI,20110224,54,55.56,53.52,55.02,3878500
ROYL,20110224,4.57,6.23,4.38,5.04,27451400
RP,20110224,26.51,27.24,26.42,27.03,109300
RPRX,20110224,4.31,4.49,4.03,4.4,330000
RPTP,20110224,3.45,3.58,3.45,3.52,88300
RRD,20110224,18.2,18.41,17.98,18.2,2208100
RRGB,20110224,22.78,23.01,22.1,22.83,287600
RRST,20110224,7.18,7.19,7.17,7.18,2100
RSOL,20110224,2.7,2.72,2.7,2.72,11300
RSTI,20110224,37.16,38.1,36.92,37.87,229400
RSYS,20110224,8.23,8.23,8.02,8.2,73100
RTEC,20110224,11.38,11.41,10.89,11.16,290600
RTIX,20110224,2.61,2.72,2.61,2.62,156000
RUE,20110224,33.67,34.46,32.98,34.25,138400
RUSHA,20110224,18.64,18.77,18.37,18.65,99400
RUSHB,20110224,15.87,16.14,15.87,16.04,11000
RUTH,20110224,4.78,4.94,4.71,4.89,465200
RVBD,20110224,38.59,41.37,38.4,40.85,6025300
RVSB,20110224,3.09,3.15,3.01,3.03,8700
RYAAY,20110224,28.81,28.81,28.23,28.7,417600
SAAS,20110224,3.13,3.18,3.13,3.15,48400
SAFM,20110224,42.31,45.92,41.44,42.46,1170700
SAFT,20110224,47.26,47.72,46.69,47.53,46800
SAIA,20110224,15.09,15.57,15.07,15.28,98900
SALM,20110224,4.03,4.17,4.03,4.17,500
SANM,20110224,15.01,15.48,14.98,15.36,1022200
SANW,20110224,4.32,4.37,4.32,4.37,3300
SANWW,20110224,0.45,0.45,0.45,0.45,0
SANWZ,20110224,0.28,0.28,0.28,0.28,0
SAPE,20110224,11.58,11.82,11.49,11.75,816400
SASR,20110224,19.56,19.56,18.89,19.37,41300
SATS,20110224,31.12,34.36,30.85,34.19,674800
SBAC,20110224,42.09,42.91,41.79,42.44,4147200
SBBX,20110224,5.66,5.88,5.6,5.88,5300
SBCF,20110224,1.59,1.63,1.56,1.57,104300
SBGI,20110224,12.38,12.55,12.16,12.41,611600
SBLK,20110224,39,39.15,38.7,39,176600
SBNY,20110224,52.44,52.44,50.99,51.62,226900
SBNYW,20110224,29.59,29.59,29.49,29.49,3900
SBRA,20110224,18.51,18.6,18.01,18.02,194000
SBSA,20110224,0.92,0.95,0.88,0.92,35100
SBSI,20110224,21.6,22.26,21.6,22.17,34900
SBUX,20110224,31.8,31.97,31.17,31.91,9432400
SCBT,20110224,32.05,32.4,31.9,32.29,27500
SCHL,20110224,29.75,29.98,29.57,29.79,164700
SCHN,20110224,61.03,62.17,60.53,61.46,208700
SCLN,20110224,4.2,4.31,4.16,4.31,208500
SCMP,20110224,4.1,4.16,4.04,4.15,32400
SCOK,20110224,9.73,10.17,9.68,10.02,217700
SCON,20110224,32.52,34.32,31.92,33.6,298200
SCOR,20110224,27.99,28,26.99,27.51,222600
SCSC,20110224,35.41,36.14,35.07,35.99,155900
SCSS,20110224,10.89,11.05,10.66,10.99,443700
SCVL,20110224,17.3667,17.5533,17.1467,17.5067,38800
SDBT,20110224,2.68,2.8,2.4,2.54,54000
SDIX,20110224,2.2,2.21,2.07,2.17,33600
SEAC,20110224,8.95,9.22,8.94,9.21,121300
SEED,20110224,8.95,9.25,8.89,9.19,332900
SEIC,20110224,22.61,22.84,22.18,22.4,1920600
SENEA,20110224,25.69,26.74,25.69,26.73,21700
SENEB,20110224,26.44,26.44,26.44,26.44,0
SFLY,20110224,40.98,42.59,40.97,41.84,231200
SFNC,20110224,26.8,27.09,26.45,27,42100
SFST,20110224,8.44,8.5,8.1,8.5,2100
SGC,20110224,10.99,11.14,10.99,11.14,2200
SGEN,20110224,14.59,14.9,14.51,14.86,1028000
SGI,20110224,14.86,15.09,14.5,14.83,640700
SGMA,20110224,8.02,8.78,8.02,8.07,9400
SGMO,20110224,7.58,7.81,7.49,7.57,717700
SGMS,20110224,8.99,9.01,8.8,8.94,830200
SGOC,20110224,4.7,4.7,4.7,4.7,0
SGRP,20110224,1,1,1,1,1000
SHBI,20110224,10.01,10.01,9.77,9.79,3500
SHEN,20110224,16.34,16.35,16,16.35,51200
SHFL,20110224,9.23,9.26,8.93,9.2,501500
SHIP,20110224,0.8,0.81,0.8,0.8,91600
SHLD,20110224,86.73,87.09,81.19,82.4,1677500
SHLM,20110224,21.62,21.83,21.12,21.55,183800
SHLO,20110224,11.43,11.66,11.03,11.66,19000
SHOO,20110224,27.76,28.26,26.8867,28.1533,457500
SHOR,20110224,6.63,6.82,6.5,6.72,389800
SIAL,20110224,62.4,62.66,61.79,62.25,706800
SIEB,20110224,1.95,1.95,1.78,1.78,500
SIFI,20110224,9.43,9.43,9.3,9.3,52700
SIFY,20110224,2.6,2.61,2.35,2.49,676800
SIGA,20110224,13.11,13.42,12.94,13.12,490400
SIGI,20110224,17.75,17.86,17.49,17.64,177000
SIGM,20110224,13.16,13.35,12.88,13.34,386500
SILC,20110224,17.17,17.84,16.79,17.61,44800
SIMG,20110224,7.75,8.07,7.57,8.03,1038300
SIMO,20110224,7.53,7.78,7.42,7.72,386100
SINA,20110224,76.76,79.95,76.37,78,3137400
SINO,20110224,2.26,2.26,2.2,2.2,300
SIRI,20110224,1.68,1.72,1.67,1.71,36643800
SIRO,20110224,48.13,48.9,47.75,48.64,275600
SIVB,20110224,53.53,53.65,52.26,52.78,689100
SIVBO,20110224,24.68,24.73,24.68,24.73,1100
SKBI,20110224,7.23,7.3,7.17,7.27,11100
SKYW,20110224,15.82,16,15.76,15.9,464700
SLAB,20110224,43.41,44.13,43.1,44.01,494400
SLGN,20110224,35.96,36.34,35.33,36.21,320400
SLMAP,20110224,42.35,42.39,42.21,42.29,10100
SLP,20110224,3.06,3.29,3.06,3.25,23700
SLRC,20110224,24.07,24.51,23.99,24.23,229600
SLTC,20110224,5.85,6.09,5.85,6.09,200
SLTM,20110224,3.25,3.26,3.05,3.21,349200
SLXP,20110224,32.27,33.03,31.5,31.61,14272900
SMBC,20110224,20.54,20.54,20.49,20.49,300
SMCI,20110224,14.41,14.75,14.35,14.69,293200
SMED,20110224,5.62,5.62,5.4,5.48,128200
SMIT,20110224,3.45,3.45,3.45,3.45,0
SMMF,20110224,4.01,4.12,4.01,4.12,2000
SMRT,20110224,7.98,8.12,7.94,8.09,109700
SMSI,20110224,8.77,9.1,8.75,9.07,956100
SMT,20110224,8.83,9.09,8.72,9.06,499600
SMTC,20110224,22.67,22.83,22.31,22.59,1403600
SMTX,20110224,3.49,3.55,3.44,3.47,57200
SNAK,20110224,4.1,4.25,4.1,4.21,39100
SNBC,20110224,4.54,4.59,4.49,4.52,23800
SNCR,20110224,32.13,33.41,32.06,33.14,312700
SNDK,20110224,48.21,49.71,47.53,49.02,9280600
SNFCA,20110224,1.8,1.8,1.8,1.8,0
SNHY,20110224,23.0133,23.6133,22.96,23.4333,46800
SNMX,20110224,6.65,6.97,6.45,6.81,157800
SNPS,20110224,27.31,27.75,27.15,27.34,1427800
SNTA,20110224,5.06,5.12,5.06,5.12,75100
SNTS,20110224,3.17,3.23,3.16,3.23,216600
SOCB,20110224,3.28,3.28,3.03,3.05,10200
SODA,20110224,39.77,40.58,38.18,40.27,288800
SOFO,20110224,14.79,14.8,14.56,14.56,9900
SOHU,20110224,80.71,82.85,80.71,82.09,842900
SOMH,20110224,9.03,9.05,8.8,8.85,6500
SONA,20110224,7.31,7.39,7.27,7.29,9400
SONC,20110224,9.05,9.06,8.71,8.74,991500
SONS,20110224,3.05,3.09,3.01,3.08,2044900
SORL,20110224,7.07,7.09,7.01,7.06,12900
SOXX,20110224,60.16,61.25,60.08,61.1,153200
SPAN,20110224,14.85,14.85,14.85,14.85,0
SPAR,20110224,6.13,6.25,5.99,6.23,182900
SPBC,20110224,10.01,10.33,10,10.1,37900
SPCHA,20110224,2.11,2.2,2.11,2.2,200
SPCHB,20110224,2.23,2.4,2.23,2.4,400
SPEX,20110224,10,10.4,9.4,9.6,99600
SPIL,20110224,6.69,6.69,6.53,6.63,1516700
SPIR,20110224,5.49,5.49,5.31,5.43,10600
SPLS,20110224,20.81,20.99,20.62,20.71,10290000
SPMD,20110224,8.07,8.79,8.07,8.7,598200
SPNC,20110224,4.8,4.84,4.72,4.77,80200
SPNS,20110224,4.16,4.27,4.16,4.26,2700
SPPI,20110224,6.59,6.64,6.46,6.48,668500
SPPR,20110224,1.86,1.88,1.75,1.83,12500
SPPRO,20110224,28.42,28.43,28.4,28.43,600
SPPRP,20110224,9.75,9.75,9.5,9.5,1600
SPRD,20110224,19.92,20.73,19.91,20.44,1244400
SPRO,20110224,2.29,2.43,2.29,2.38,3400
SPRT,20110224,5.6,5.86,5.55,5.81,262200
SPSC,20110224,15.93,15.94,15.45,15.85,39000
SPTN,20110224,15.32,15.46,15.11,15.43,92500
SPU,20110224,4.61,4.7,4.58,4.62,117100
SQI,20110224,13.92,14.4,13.8,14.32,14600
SQNM,20110224,6.11,6.16,6.01,6.08,2159600
SQQQ,20110224,108.24,111.4,106.24,107.28,1299800
SRCE,20110224,18.51,18.73,18.45,18.73,38300
SRCL,20110224,84.61,84.66,84.11,84.46,471700
SRDX,20110224,12.25,12.6,12.25,12.54,38600
SSBI,20110224,6.72,6.73,6.69,6.73,5900
SSFN,20110224,5.92,6.01,5.92,6.01,2600
SSNC,20110224,19.51,20.01,19.51,19.84,111900
SSRI,20110224,26.88,27.03,25.73,25.78,1001300
SSRX,20110224,15.9,16,15.56,15.65,55800
SSYS,20110224,43.07,44.2,42.5,43.75,283400
STAA,20110224,5.67,5.74,5.6,5.74,124300
STAN,20110224,17.9,18,17.77,17.99,30000
STBA,20110224,22.29,22.31,21.59,21.92,84000
STEC,20110224,19.48,20.33,19.4,19.89,1937900
STEI,20110224,7.41,7.59,7.33,7.5,953900
STEL,20110224,14.81,14.81,14.4,14.67,49500
STEM,20110224,0.88,0.92,0.88,0.9,621800
STFC,20110224,16.88,17.07,16.56,16.9,36000
STKL,20110224,6.8,6.82,6.6,6.72,224000
STLD,20110224,18.52,19.1,18.31,18.53,6084200
STLY,20110224,6.13,6.13,5.7,5.8,100500
STMP,20110224,13.41,13.52,13.25,13.46,32400
STND,20110224,14.7,14.7,14.7,14.7,0
STNR,20110224,43.98,45.4,43.17,45.37,85400
STRA,20110224,135.28,137.99,133.19,136.83,248500
STRL,20110224,12.62,13.08,12.62,12.88,68100
STRM,20110224,1.83,1.87,1.75,1.87,12500
STRN,20110224,7.9,7.9,7.74,7.88,1600
STRS,20110224,11,11.81,10.58,11.65,22400
STRT,20110224,34.8,34.8,33.7,33.7,1000
STSA,20110224,16.54,16.92,16.45,16.73,10800
STX,20110224,12.7,12.81,12.6,12.74,11384400
STXS,20110224,38.7,39.1,37,39,219500
SUBK,20110224,20.82,21.04,20.57,20.69,20500
SUMR,20110224,7.1,7.18,6.97,7.01,57900
SUPX,20110224,22.37,23,22.37,22.76,44100
SURG,20110224,4.93,5.01,4.9,4.97,76000
SUSQ,20110224,9.73,9.76,9.42,9.59,1060700
SUTR,20110224,1.81,1.83,1.78,1.81,42400
SVA,20110224,4.34,4.38,4.31,4.34,116300
SVBI,20110224,5,5,5,5,900
SVNT,20110224,9.37,9.51,9.23,9.46,2471600
SWHC,20110224,3.85,4.03,3.84,4.01,1572400
SWIR,20110224,10.5,10.8,10.39,10.7,229000
SWKS,20110224,33.39,35.14,33.08,34.91,5312700
SWSH,20110224,6.2,6.26,5.65,6.13,1252300
SYBT,20110224,24.53,24.58,24.36,24.52,15200
SYBTP,20110224,11.5,11.5,11.45,11.46,3400
SYKE,20110224,19.01,19.11,18.27,18.38,298200
SYMC,20110224,17.69,17.94,17.62,17.82,7972100
SYMM,20110224,5.76,6.01,5.76,5.99,174800
SYMX,20110224,1.05,1.05,1.04,1.04,13400
SYNA,20110224,29.76,30.03,29.21,29.53,638700
SYNL,20110224,14.39,14.39,13.94,13.99,9800
SYNM,20110224,15.2,15.6,15,15.4,353800
SYNT,20110224,51.55,52.48,51.45,52.32,126300
SYPR,20110224,4.01,4.11,3.9,3.95,33600
SYUT,20110224,11.06,11.98,10.92,11.49,57800
TACT,20110224,9.61,9.82,9.55,9.82,5000
TAIT,20110224,1.45,1.45,1.39,1.39,200
TASR,20110224,3.94,4.01,3.74,3.76,1151400
TAST,20110224,7.24,7.78,7.1,7.75,498100
TATT,20110224,5.45,5.55,5.45,5.53,1000
TAXI,20110224,8.09,8.09,7.9,7.99,31100
TAYC,20110224,10.46,10.74,10.46,10.74,48900
TAYCP,20110224,24.97,24.97,24.97,24.97,100
TAYD,20110224,4.95,5.11,4.94,4.99,2700
TBAC,20110224,3,3.1,2.85,3.06,15400
TBBK,20110224,8.93,9.07,8.61,8.62,114500
TBNK,20110224,19.4,19.5,19.4,19.49,21900
TBOW,20110224,4.56,4.73,4.4,4.42,41100
TCBI,20110224,24.06,24.61,23.91,24.25,561900
TCBK,20110224,15.99,15.99,15.71,15.81,21800
TCCO,20110224,10.22,10.39,10.1,10.31,11200
TCRD,20110224,13.58,13.58,13.09,13.32,42200
TEAR,20110224,2.19,2.19,2.13,2.13,14700
TECD,20110224,48.83,49.67,48.36,49.41,376600
TECH,20110224,70.7,71.18,69.86,69.94,139300
TECUA,20110224,12.02,12.21,12,12.1,52900
TECUB,20110224,11.89,11.9,11.88,11.9,600
TELK,20110224,28.8,31.2,28.8,30.9,142000
TESO,20110224,16.59,16.78,16.27,16.39,110700
TESS,20110224,12.48,12.52,12,12.31,37000
TFCO,20110224,3.16,3.16,3.16,3.16,0
TFM,20110224,41.26,42.44,41.06,41.91,307300
TFSL,20110224,10.3,10.41,10.09,10.11,416200
TGA,20110224,13.72,14.04,13.68,13.76,215600
TGE,20110224,6.19,6.35,6.09,6.32,85700
THFF,20110224,31.63,31.79,31.3,31.79,13200
THLD,20110224,2.29,2.49,2.21,2.25,299500
THOR,20110224,27.62,28.25,27.2,27.91,1395800
THRD,20110224,21.33,21.33,21.3,21.3,400
THRX,20110224,21.16,21.76,20.83,21.65,557300
THTI,20110224,3.6,3.6,3.6,3.6,0
TIBX,20110224,23.27,24.58,23.1,24.01,4214700
TICC,20110224,12.24,12.61,12.22,12.44,210800
TIGR,20110224,4.6,4.7,4.6,4.7,1800
TINY,20110224,5.5,5.75,5.47,5.7,136600
TISA,20110224,1.22,1.22,1.18,1.19,4600
TITN,20110224,23.91,25.1,23.72,24.74,377000
TIVO,20110224,10.01,10.28,9.98,10.16,2135900
TKMR,20110224,4.97,4.99,4.86,4.96,18100
TLAB,20110224,5.3,5.48,5.29,5.41,6721600
TLF,20110224,4.89,4.98,4.75,4.9,2700
TMNG,20110224,2.42,2.47,2.42,2.47,1300
TNAV,20110224,10.22,10.8,10.01,10.74,203500
TOFC,20110224,8.28,8.34,8.25,8.28,1800
TOPS,20110224,0.95,0.96,0.93,0.94,18100
TORM,20110224,13.51,14.35,12.65,13.19,221000
TOWN,20110224,14.64,14.72,14.53,14.71,47300
TPGI,20110224,3.51,3.55,3.32,3.4,150400
TQNT,20110224,13.74,14.44,13.55,14.34,4572600
TQQQ,20110224,41.1925,41.9,40,41.4875,417300
TRAK,20110224,19.36,19.82,19.11,19.65,298800
TREE,20110224,7.14,7.14,6.85,6.95,43800
TRGT,20110224,26.58,26.87,26.32,26.72,110000
TRIB,20110224,8.43,8.78,8.43,8.77,26400
TRIT,20110224,12.99,12.99,12.8,12.89,15500
TRLG,20110224,20.83,21.19,20.49,21.06,508000
TRMB,20110224,23.54,23.885,23.175,23.46,943500
TRMD,20110224,67.6,67.6,66.2,67.1,20300
TRMK,20110224,23.69,23.92,23.02,23.22,437800
TRNS,20110224,8.12,8.12,8.12,8.12,100
TRNX,20110224,18.44,18.5,18.22,18.38,121100
TROW,20110224,66.44,67.15,65.47,66.3,1931600
TRS,20110224,21,21.28,20.65,21.17,99400
TRST,20110224,5.87,5.97,5.87,5.92,191200
TSBK,20110224,5.92,5.98,5.89,5.9,3500
TSCO,20110224,50.1,51.17,49.81,50.62,787400
TSEM,20110224,20.25,21.15,20.25,20.7,814100
TSLA,20110224,21.78,22.58,21.5,22.53,1055400
TSON,20110224,3.06,3.23,3.01,3.11,90400
TSPT,20110224,8.54,8.88,8.54,8.66,16400
TSRA,20110224,17.05,17.26,16.73,17.16,590600
TSRI,20110224,4.77,5.03,4.76,5.03,900
TSRX,20110224,6.3,6.3,5.45,5.57,163900
TST,20110224,3.28,3.33,3.28,3.31,22900
TSTC,20110224,8.24,8.35,8.1,8.33,160900
TSYS,20110224,4.32,4.38,4.24,4.33,292600
TTEC,20110224,21.42,21.81,21.24,21.73,173100
TTEK,20110224,22.83,23.23,22.5,23,339700
TTGT,20110224,7.88,7.98,7.62,7.83,54200
TTHI,20110224,4.14,4.4,4.02,4.3,128000
TTMI,20110224,16.65,17.08,16.41,16.96,657400
TTWO,20110224,15.51,15.95,15.33,15.69,2076100
TUES,20110224,4.35,4.5,4.3,4.43,190300
TWER,20110224,4.34,4.4,4.23,4.29,130700
TWGP,20110224,26.8,26.96,26.52,26.68,172900
TWIN,20110224,31.45,32.77,31,31.81,96000
TWMC,20110224,1.8,1.8,1.7,1.75,36100
TWTC,20110224,18.03,18.27,17.95,18.11,882800
TXCC,20110224,2.43,2.52,2.39,2.51,65700
TXN,20110224,35.48,35.81,34.93,35.43,11298400
TXRH,20110224,17.11,17.11,16.69,16.83,1013600
TYPE,20110224,13.44,13.55,13.21,13.32,128100
TZOO,20110224,38.42,39.64,37.72,39.12,328100
UACL,20110224,15.4,15.7,15.35,15.66,10800
UBCP,20110224,8.81,8.96,8.81,8.96,3800
UBFO,20110224,3.1,3.11,3.08,3.09,10300
UBNK,20110224,15.23,15.27,15,15.16,33400
UBOH,20110224,9.27,9.53,9.27,9.4,1700
UBSH,20110224,11.23,11.29,10.92,11.12,47700
UBSI,20110224,27.39,27.93,27.29,27.89,348700
UCBA,20110224,7.5,7.5,7.5,7.5,0
UCBI,20110224,1.45,1.56,1.41,1.44,1119800
UCFC,20110224,1.45,1.5,1.45,1.49,11500
UCTT,20110224,9.94,10.65,9.9,10.61,263600
UEIC,20110224,26.47,27.82,26.31,27.48,62400
UEPS,20110224,10.03,10.21,9.94,10.18,228000
UFCS,20110224,19.77,20.1,19.57,19.95,71100
UFPI,20110224,32.87,33.09,32.27,32.87,98500
UFPT,20110224,17.09,17.49,16.8,17.31,163600
UG,20110224,14.99,14.99,14.81,14.94,500
UHAL,20110224,93.5,95.2,91.6,94.36,69600
ULBI,20110224,5.04,5.21,5,5.14,80900
ULGX,20110224,0.62,0.65,0.62,0.62,4700
ULTA,20110224,40.96,42.58,40.49,41.18,542300
ULTI,20110224,50.77,52.24,50.74,52.05,170300
ULTR,20110224,5.5,5.61,5.37,5.5,66600
UMBF,20110224,39.65,39.78,39.05,39.38,161300
UMPQ,20110224,11.33,11.41,11,11.23,954100
UNAM,20110224,9.5,9.65,9.5,9.65,6200
UNB,20110224,19,19.05,19,19.05,300
UNFI,20110224,41.5,41.5,40.89,41.29,312700
UNIS,20110224,4.69,4.96,4.65,4.94,140400
UNTD,20110224,6.5,6.58,6.07,6.09,2186400
UNTK,20110224,9.8,9.99,9.8,9.98,9900
UNTY,20110224,6.49,6.67,6.49,6.67,11800
UNXL,20110224,6.8,6.8,6.5,6.5,1800
UPI,20110224,4.58,5.13,4.43,4.94,347900
URBN,20110224,36.74,37.47,36.43,37.07,1406500
URRE,20110224,26.8,29.1,26.6,27.5,2292000
USAK,20110224,12.8,12.83,12.53,12.72,66600
USAP,20110224,32.59,33.18,31.91,32.8,34400
USAT,20110224,1.78,1.93,1.67,1.84,678800
USATP,20110224,17.5,17.5,17.5,17.5,0
USATZ,20110224,0.84,0.95,0.84,0.95,3400
USBI,20110224,9.13,9.13,7.37,8.32,39300
USCR,20110224,9.3,9.83,9.3,9.82,4000
USEG,20110224,6.48,6.63,6.25,6.41,651500
USLM,20110224,39.64,40.3,39.6,40.3,4500
USMO,20110224,15.64,15.75,14.95,15.55,281700
USTR,20110224,32.645,32.645,31.915,32.5,173800
UTEK,20110224,23.89,24,23.34,23.77,245400
UTHR,20110224,66.56,67.52,65.75,67.13,525000
UTIW,20110224,19.91,20.95,19.81,19.93,311100
UTMD,20110224,28.34,28.85,27.81,27.82,4300
UTSI,20110224,6.39,6.57,6.27,6.39,603500
UVSP,20110224,17.45,17.61,17.36,17.59,21900
VALU,20110224,14.38,14.54,14.17,14.54,2400
VALV,20110224,5.57,5.66,5.55,5.6,21300
VASC,20110224,10.66,10.68,10.5,10.67,43200
VBFC,20110224,2.92,2.99,2.75,2.91,1900
VCBI,20110224,5.95,5.96,5.82,5.95,43200
VCIT,20110224,79.4,79.45,79.08,79.23,22400
VCLK,20110224,15.21,15.28,14.55,14.86,1426000
VCLT,20110224,76.75,77.22,76.75,76.83,9300
VCSH,20110224,77.72,77.75,77.61,77.64,97500
VDSI,20110224,8.64,9.05,8.44,9,284200
VECO,20110224,46.45,48.49,46.1,48.3,1370400
VELT,20110224,12.05,12.4,11.47,11.59,278300
VGIT,20110224,60.76,60.85,60.75,60.75,1200
VGLT,20110224,59.22,59.4,59.22,59.24,1300
VGSH,20110224,60.55,60.57,60.53,60.55,9700
VIA,20110224,49.62,50.23,49.26,50.09,19800
VIAB,20110224,43.65,44.1,43.31,43.94,2645300
VIAS,20110224,23.68,25.98,23.03,25.93,49900
VICL,20110224,1.92,1.94,1.85,1.94,333200
VICR,20110224,14.96,15.2,14.67,14.97,234200
VIDE,20110224,3.85,3.85,3.71,3.75,3000
VIFL,20110224,3.73,3.77,3.67,3.74,800
VIMC,20110224,3.08,3.11,3.06,3.08,43200
VIRC,20110224,3.21,3.29,3.21,3.21,5600
VISN,20110224,87.2,87.2,85.6,86.4,74200
VIVO,20110224,21.3,21.45,20.86,21.43,296200
VLCCF,20110224,23.6,24.38,23.52,23.85,257300
VLGEA,20110224,30.32,30.34,29.55,29.88,6600
VLTR,20110224,24.31,24.92,24.11,24.78,153200
VLYWW,20110224,2.63,2.63,2.63,2.63,0
VMBS,20110224,50.36,50.39,50.16,50.36,6700
VMED,20110224,27,27.15,26.55,26.87,2462000
VNDA,20110224,7.03,7.2,7.01,7.17,159900
VNQI,20110224,49.44,49.58,48.9,49.36,12700
VOCS,20110224,23.84,24.7,23.8,24.25,142700
VOD,20110224,28.38,28.4,27.9,28.18,6674500
VOLC,20110224,27.06,27.35,25.87,26.62,1106800
VONE,20110224,59.87,59.88,59.85,59.85,1200
VONG,20110224,61.26,61.85,61.26,61.27,1525300
VONV,20110224,60.2,60.2,60.2,60.2,0
VOXX,20110224,8.05,8.28,7.9,8.03,158800
VPFG,20110224,12.76,12.99,12.7,12.99,61800
VPHM,20110224,16.43,17.38,16.23,16.43,2052200
VPRT,20110224,49.7,50.18,48.77,49.09,603100
VRA,20110224,33.7,34.3,33.32,33.76,123600
VRML,20110224,5.25,5.4,5.16,5.23,191600
VRNM,20110224,3.22,3.33,3.2,3.31,60600
VRNT,20110224,33.37,33.47,33.11,33.39,58300
VRSK,20110224,32.48,32.64,32.3,32.44,711000
VRSN,20110224,35.1,35.78,35,35.63,2771900
VRTA,20110224,1.28,1.28,1.28,1.28,700
VRTB,20110224,1.54,1.59,1.54,1.59,1600
VRTS,20110224,54.48,57.2,54.48,56.34,24300
VRTU,20110224,16.31,16.62,16.2,16.5,60400
VRTX,20110224,43.7,43.97,43.24,43.58,3033400
VSAT,20110224,40.26,40.61,39.98,40.4,246100
VSBN,20110224,11.77,11.77,11.77,11.77,0
VSCI,20110224,1.88,1.92,1.82,1.84,58200
VSCP,20110224,2.5,2.5,2.1,2.21,925300
VSEC,20110224,30.65,30.66,30.01,30.53,18200
VTHR,20110224,60.05,60.1,60.05,60.1,600
VTNC,20110224,13.03,13.3,12.76,12.92,75600
VTUS,20110224,7.24,7.45,7.01,7.45,17600
VTWG,20110224,65.02,65.02,64.27,64.27,2100
VTWO,20110224,63.39,63.55,62.85,63.37,6100
VTWV,20110224,61.39,61.39,61.34,61.39,500
VVTV,20110224,6.14,6.35,6.03,6.26,282200
VVUS,20110224,7.34,7.6,7.3,7.58,1355300
VXUS,20110224,50.25,50.25,49.8,50.01,19100
VYFC,20110224,5.08,5.1,4.99,5,1700
WABC,20110224,50.37,50.78,49.87,50.16,203700
WAFD,20110224,17.79,17.92,17.41,17.55,530600
WASH,20110224,22.49,22.72,22.4,22.72,44200
WAVX,20110224,3.61,3.91,3.61,3.83,609200
WAYN,20110224,8.37,8.6,8.19,8.44,2200
WBCO,20110224,13.86,14,13.79,13.91,24900
WBKC,20110224,13.48,13.5,13.4,13.45,9600
WBMD,20110224,56.35,57.08,55.81,56.83,1278600
WBSN,20110224,20.79,21.04,20.71,21.02,352900
WCRX,20110224,23.3,23.54,23.13,23.21,1523900
WDC,20110224,30.82,31.11,30.38,30.69,5480800
WDFC,20110224,40.24,40.38,40,40.21,123800
WEBM,20110224,9.8,10.29,9.45,10.01,174900
WERN,20110224,23.3,23.6,22.93,23.39,682800
WEYS,20110224,24.12,24.53,24.05,24.36,7800
WFD,20110224,9.09,9.09,8.9,9,55200
WFM,20110224,56.94,58.16,56.66,57.41,1827200
WIBC,20110224,6.5,6.53,6.49,6.53,78600
WILC,20110224,7.58,7.59,7.45,7.5,18300
WIN,20110224,12.32,12.35,12.1,12.29,6190500
WINA,20110224,35.71,36.5,33.9,36.34,20800
WIRE,20110224,22.89,23.15,22.41,22.8,109300
WLDN,20110224,4.41,4.41,4.36,4.36,900
WLFC,20110224,13.2,13.2,13,13.07,18100
WMAR,20110224,10.78,10.78,10.14,10.41,321000
WMGI,20110224,15.72,15.85,15.36,15.51,451000
WOOD,20110224,47.08,47.39,46.76,47.27,99700
WOOF,20110224,24.96,24.96,24.58,24.69,877200
WPCS,20110224,2.74,2.74,2.73,2.73,4700
WPPGY,20110224,66.24,66.43,65.88,66.39,74000
WPRT,20110224,17.96,18.52,17.8,18.16,1665400
WRES,20110224,4.61,4.7,4.6,4.63,981600
WRLD,20110224,58.2,60.24,58.07,59.81,209000
WRLS,20110224,6.82,6.98,6.75,6.92,200500
WSB,20110224,2.93,3.06,2.91,3.06,1200
WSBC,20110224,19.91,20.12,19.81,20.05,47900
WSBF,20110224,2.65,2.81,2.63,2.78,32400
WSCI,20110224,4.8,4.86,4.77,4.81,3500
WSFS,20110224,43.88,45.27,43.65,44.91,29100
WSTG,20110224,14.15,14.6,14,14.15,14700
WSTL,20110224,3.26,3.3,3.24,3.24,192100
WTBA,20110224,7.76,7.76,7.61,7.7,23900
WTFC,20110224,33.11,33.22,32.75,33.08,441300
WTFCW,20110224,16,16,16,16,0
WVFC,20110224,8.71,8.71,8.71,8.71,100
WVVI,20110224,3.24,3.37,3.24,3.37,300
WWD,20110224,32.67,32.98,31.86,32.25,311400
WWWW,20110224,11.61,12.74,11.61,12.66,1086700
WYNN,20110224,120.12,120.8,117.33,119.29,1542100
XBKS,20110224,5.21,5.21,5.21,5.21,0
XIDE,20110224,11.45,11.72,10.9,11.61,1067600
XLNX,20110224,32.84,33.17,32.49,32.95,4139800
XNPT,20110224,6.98,7.12,6.7,7,726700
XOMA,20110224,4.99,5.17,4.86,4.86,794500
XRAY,20110224,36.18,36.18,35.46,36.07,862900
XRTX,20110224,12.27,12.58,12.22,12.49,298500
XTEX,20110224,16.2,16.41,15.55,15.86,270700
XTXI,20110224,9.26,9.47,9.02,9.21,197400
XWES,20110224,2.9,2.9,2.87,2.87,7500
XXIA,20110224,17,17.65,16.92,17.57,677900
YAVY,20110224,2.06,2.25,2.03,2.2,28300
YHOO,20110224,16.66,16.73,16.04,16.37,31569300
YORW,20110224,16.96,17.03,16.84,16.98,21200
YRCW,20110224,3.39,3.39,3.26,3.32,1160600
ZAGG,20110224,8.99,9.22,8.81,8.98,522000
ZBRA,20110224,37.48,37.68,36.98,37.2,297200
ZEUS,20110224,27.31,28.33,26.82,27.23,136600
ZGNX,20110224,3.64,3.85,3.5,3.63,98200
ZHNE,20110224,2.31,2.31,2.26,2.3,75100
ZIGO,20110224,14.56,14.91,14.38,14.63,34000
ZINC,20110224,14.45,14.65,14.25,14.62,266900
ZION,20110224,23.3,23.37,22.9,23.08,4394600
ZIONW,20110224,7.1,7.1,7.1,7.1,0
ZIOP,20110224,5.83,5.96,5.8,5.91,1032200
ZIPR,20110224,2.93,2.99,2.9,2.9,43200
ZIXI,20110224,3.58,3.65,3.47,3.56,1807100
ZLCS,20110224,2.06,2.09,2.03,2.06,990100
ZN,20110224,4.55,4.63,4.5,4.53,96100
ZOLT,20110224,13.63,13.98,13.4,13.82,237900
ZOOM,20110224,3.71,3.73,3.46,3.57,127500
ZUMZ,20110224,24.2,24.73,23.82,24.6,200600
