<ticker>,<date>,<open>,<high>,<low>,<close>,<vol>
AACC,20110829,4.11,4.11,3.77,4.06,44400
AAME,20110829,1.95,1.99,1.95,1.99,700
AAON,20110829,16.71,17.39,16.36,17.35,52700
AAPL,20110829,388.18,391.5,388,389.97,14473300
AAWW,20110829,45.56,47.32,44.91,47.28,186200
AAXJ,20110829,54.55,55.39,54.53,55.37,213600
ABAX,20110829,25.25,25.86,24.85,25.7,111300
ABCB,20110829,9.01,9.32,8.92,9.28,67700
ABCD,20110829,3.13,3.14,3.08,3.1,91700
ABCO,20110829,30.095,30.33,29.85,30.27,104000
ABFS,20110829,19.78,20.48,19.78,20.44,197400
ABIO,20110829,7.02,7.02,6.84,7.02,29000
ABMD,20110829,11.86,12.2,11.71,12.15,138100
ABTL,20110829,4.4,4.5,4.3,4.5,45500
ACAD,20110829,1.29,1.43,1.27,1.4,285200
ACAS,20110829,8.24,8.72,8.21,8.7,3932300
ACAT,20110829,14.71,15.9,14.62,15.57,117800
ACCL,20110829,6.44,6.58,6.35,6.37,482400
ACET,20110829,5.3,5.46,5.2,5.3,165100
ACFC,20110829,2.76,2.85,2.72,2.74,3300
ACFN,20110829,4.77,4.98,4.7,4.95,47600
ACGL,20110829,33,34,32.9,33.98,1187700
ACHN,20110829,5.58,6.04,5.58,6,491000
ACIW,20110829,29.57,30.56,29.5,30.49,265000
ACLS,20110829,1.43,1.5,1.41,1.49,572600
ACNB,20110829,14.16,14.16,13.28,13.86,4300
ACOR,20110829,26.31,26.79,25.9,26,410300
ACPW,20110829,6.9,7.45,6.9,7.45,273200
ACRX,20110829,3.28,3.28,3.24,3.24,1500
ACTG,20110829,41,42.23,40.74,42.1,500000
ACTS,20110829,1.93,1.95,1.9,1.92,22600
ACUR,20110829,3.24,3.24,3.05,3.11,62500
ACWI,20110829,42.84,43.31,42.78,43.26,273200
ACWX,20110829,39.14,39.5,39.07,39.5,70000
ACXM,20110829,9.85,10.5,9.84,10.49,777100
ADAT,20110829,1.82,1.88,1.7,1.76,121700
ADBE,20110829,24.86,25.58,24.84,25.51,3895900
ADEP,20110829,3.78,3.78,3.7,3.78,10200
ADES,20110829,13.74,13.93,13.61,13.86,4600
ADI,20110829,32.79,33.15,32.62,33.12,3723500
ADP,20110829,49.11,49.41,49.04,49.4,7715100
ADRA,20110829,24.66,24.8,24.66,24.75,1800
ADRD,20110829,19.1,19.58,19.09,19.58,167600
ADRE,20110829,40.92,41.4,40.82,41.4,135400
ADRU,20110829,19.12,19.12,19.12,19.12,200
ADSK,20110829,27,28.07,27,28.05,3092800
ADTN,20110829,28.98,30.06,28.97,30.01,905500
ADUS,20110829,4.84,4.84,4.57,4.66,14800
ADVS,20110829,21.84,22.79,21.84,22.77,221800
AEGR,20110829,14.2,14.21,13.82,13.98,33300
AEHR,20110829,1.17,1.18,1.17,1.18,1200
AEIS,20110829,9.79,10.4,9.79,10.39,317500
AEPI,20110829,25.82,26.72,25.81,26.15,32400
AERL,20110829,6.81,7.03,6.8,6.94,104800
AETI,20110829,3.51,3.61,3.41,3.59,3800
AEY,20110829,2.32,2.38,2.14,2.17,18400
AEZS,20110829,11.16,11.4,10.98,11.34,834500
AFAM,20110829,19.62,20.48,19.42,20.4,114300
AFCB,20110829,12.06,12.69,12,12.33,4400
AFCE,20110829,13,13.27,12.95,13.23,72000
AFFX,20110829,5.38,5.62,5.3,5.6,938800
AFFY,20110829,4.5,4.76,4.33,4.7,294500
AFOP,20110829,7.63,7.97,7.4,7.88,47100
AFSI,20110829,22.88,23.69,22.86,23.66,133200
AGEN,20110829,0.52,0.53,0.5,0.51,284900
AGII,20110829,26.86,27.83,26.86,27.7,84300
AGNC,20110829,28.45,28.61,28.34,28.6,4285600
AGYS,20110829,9.01,9.5,9.01,9.5,112600
AHGP,20110829,45.96,47.77,45.96,47.48,55400
AHPI,20110829,3.42,3.74,3.34,3.34,1900
AIMC,20110829,14.44,15.93,14.18,15.91,294800
AINV,20110829,8.61,9.12,8.6,9.12,1762600
AIRM,20110829,21.7733,22.9967,21.5833,22.9133,94500
AIRT,20110829,7.84,7.84,7.74,7.84,900
AIXG,20110829,22.4,22.94,22.39,22.88,112100
AKAM,20110829,20.88,21.67,20.7,21.62,3041800
AKRX,20110829,7.81,7.9,7.72,7.76,785200
ALCO,20110829,20.9,21.72,20.53,21.71,10900
ALGN,20110829,18.58,19.45,18.58,19.36,465400
ALGT,20110829,45.05,47.55,45.05,47.52,84000
ALIM,20110829,7.79,7.95,7.66,7.75,81300
ALKS,20110829,16.12,16.37,15.9,16.33,667500
ALLB,20110829,10.98,10.98,10.62,10.62,1100
ALLT,20110829,12.05,13,11.99,12.72,224800
ALNY,20110829,6.85,7.21,6.79,7.19,123200
ALOG,20110829,49.28,49.54,48.52,49.51,41800
ALOT,20110829,7.48,7.55,7.46,7.51,4600
ALSK,20110829,7.21,7.31,7.08,7.3,832600
ALTE,20110829,19.32,20.4,19.03,20.35,446300
ALTI,20110829,1.16,1.22,1.15,1.18,80800
ALTR,20110829,36.56,37.46,36.55,37.46,3177600
ALVR,20110829,12.1,12.7,12.1,12.5,177100
ALXA,20110829,12.4,13,12.3,12.7,329100
ALXN,20110829,55.49,57.29,55.03,57.02,1151600
AMAG,20110829,14.09,14.55,14.09,14.38,130700
AMAP,20110829,15,15.1,14.87,15.1,67400
AMAT,20110829,11.11,11.41,11.09,11.39,11017200
AMBT,20110829,8,8,7.04,7.12,4300
AMCC,20110829,5.53,5.75,5.45,5.73,856600
AMCF,20110829,1.26,1.4,1.25,1.37,13900
AMCN,20110829,2.4,2.61,2.32,2.52,213900
AMCX,20110829,34.4,35.27,34.11,34.82,349600
AMED,20110829,16.46,17.02,16.37,16.82,679800
AMGN,20110829,54.36,55.14,54.04,54.79,4852000
AMIC,20110829,5.56,5.56,5.12,5.12,4400
AMKR,20110829,4.02,4.2,4.02,4.2,1759200
AMNB,20110829,18.56,19,18.5,18.9,4600
AMOT,20110829,5.24,5.29,5.15,5.24,4500
AMOV,20110829,24.01,24.04,23.98,24.03,3800
AMPE,20110829,7.25,7.87,7.25,7.68,71300
AMRB,20110829,5.27,5.27,5.17,5.2,1200
AMRI,20110829,3.5,3.59,3.44,3.55,126100
AMRN,20110829,10.81,11.36,10.8,11.23,1611100
AMRS,20110829,19.1,19.94,18.79,19.88,173900
AMSC,20110829,6.49,7,6.43,6.99,926100
AMSF,20110829,19.16,20,19.16,19.99,36500
AMSG,20110829,21.34,22.3,21.34,22.26,169700
AMSWA,20110829,7.17,7.78,7.17,7.77,123500
AMWD,20110829,15.74,16.3,15.3,16.17,28000
AMZN,20110829,202.82,206.67,202.55,206.53,4515200
ANAC,20110829,4.88,4.9,4.8,4.85,32900
ANAD,20110829,2.68,2.76,2.61,2.74,303200
ANAT,20110829,74.06,76.49,74.06,75.6,54100
ANCB,20110829,7.74,7.74,7.65,7.74,1000
ANCI,20110829,2.19,2.19,2.07,2.19,77000
ANCX,20110829,8.43,8.69,8.39,8.54,17000
ANDE,20110829,38.5,40.23,38.5,40.13,122200
ANEN,20110829,19.8,20.2,19.72,20.17,52000
ANGO,20110829,13.8,14.36,13.8,14.26,52900
ANIK,20110829,5.9,6.16,5.9,6.15,10300
ANLY,20110829,3.54,3.58,3.5,3.58,9600
ANSS,20110829,49.12,51.97,48.89,51.48,626000
ANTH,20110829,5.55,5.92,5.53,5.77,75500
ANTP,20110829,2.57,2.57,2.3,2.35,10900
AOSL,20110829,8.22,8.71,8.22,8.68,37600
APAGF,20110829,78.91,80.56,77.98,80.34,24800
APEI,20110829,39.21,40.78,38.06,40.7,105100
APFC,20110829,7.55,7.55,7.28,7.33,1400
APOG,20110829,9.02,9.6,8.97,9.57,108200
APOL,20110829,45.22,46.04,45.22,46.02,1282000
APPY,20110829,16.38,20.88,16.32,20.88,10300
APRI,20110829,4.39,4.5,4.28,4.41,139500
APSA,20110829,18.23,19.93,18.23,18.73,5600
APWC,20110829,3.39,3.41,3.32,3.41,5600
ARAY,20110829,4.71,4.98,4.66,4.9,454200
ARCC,20110829,14.74,15.12,14.68,15.12,1627000
ARCI,20110829,4.24,4.29,4.03,4.29,2200
ARCW,20110829,2.98,3,2.98,3,3000
ARDNA,20110829,84.55,86.1,80.45,84.13,2500
AREX,20110829,17.26,18.15,16.96,18.11,324100
ARIA,20110829,9.43,9.97,9.4,9.86,3300400
ARII,20110829,17.85,18.05,17.08,17.82,50300
ARKR,20110829,13.78,13.85,13.75,13.76,900
ARLP,20110829,70.07,72.74,69.89,72.37,77000
ARMH,20110829,26.81,26.95,26.54,26.84,2310400
ARNA,20110829,1.32,1.33,1.28,1.33,1335200
AROW,20110829,23.65,24.47,23.64,24.46,26000
ARQL,20110829,4.34,4.44,4.31,4.41,366100
ARRS,20110829,10.42,10.86,10.35,10.86,937500
ARRY,20110829,2.19,2.35,2.18,2.29,314600
ARTC,20110829,31.12,32.38,30.77,32.3,114500
ARTNA,20110829,18.01,18.13,17.63,18.05,12000
ARTW,20110829,5.98,6.25,5.95,6.15,4100
ARTX,20110829,1.47,1.58,1.44,1.49,14900
ARUN,20110829,20.97,21.56,20.69,21.43,3869300
ARWR,20110829,0.54,0.54,0.52,0.53,110100
ASBC,20110829,10.57,10.95,10.52,10.8,2224000
ASBI,20110829,4.05,4.05,4,4.05,17900
ASCA,20110829,17.71,18.71,17.61,18.7,360400
ASCMA,20110829,46.9,49.56,46.29,49.42,54000
ASEI,20110829,66.4,66.94,65.9,66.86,53300
ASFI,20110829,8.07,8.28,8.05,8.2,22000
ASIA,20110829,9.48,10.23,9.4,10.05,1114200
ASMI,20110829,26.31,26.61,26.22,26.6,45500
ASML,20110829,35.37,35.88,35.29,35.8,1227700
ASNA,20110829,13.89,14.29,13.75,14.265,542200
ASPS,20110829,33.22,33.99,33.22,33.68,60000
ASRV,20110829,1.88,2.09,1.88,2.04,13100
ASRVP,20110829,25.39,25.4,25.39,25.4,300
ASTC,20110829,0.73,0.77,0.73,0.77,7500
ASTE,20110829,32.36,33.95,32.29,33.92,136800
ASTI,20110829,0.96,1.02,0.96,0.98,229600
ASTM,20110829,2.5,2.65,2.46,2.6,243500
ASUR,20110829,2.2533,2.44,2.2533,2.2733,19400
ASYS,20110829,10.89,11.4,10.86,11.39,136200
ATAI,20110829,8.78,9.19,8.56,9,4600
ATAX,20110829,5.37,5.42,5.3,5.4,44400
ATEA,20110829,2.68,2.89,2.43,2.54,13500
ATEC,20110829,2.47,2.55,2.43,2.55,203500
ATHN,20110829,58.78,59.14,56.55,58.89,759300
ATHX,20110829,2.17,2.24,2.16,2.23,48200
ATLO,20110829,16.53,17.25,16.53,17.24,10300
ATMI,20110829,17.13,17.41,17.07,17.39,223400
ATML,20110829,9.15,9.23,8.78,9.2,11891300
ATNI,20110829,33.2,33.56,32.85,32.97,61400
ATNY,20110829,4.85,5,4.85,4.94,25000
ATRC,20110829,10.29,10.39,10.13,10.37,51300
ATRI,20110829,207.58,213.5,207.49,213.41,7600
ATRM,20110829,1.57,1.59,1.51,1.58,5000
ATRO,20110829,27.41,28.43,27.41,28.42,41500
ATSG,20110829,5.43,5.58,5.39,5.55,921500
ATVI,20110829,11.39,11.65,11.28,11.61,7581200
ATX,20110829,10.46,11.34,10.46,11.28,24500
AUBN,20110829,19.5,19.5,19.5,19.5,200
AUDC,20110829,4.15,4.38,4.07,4.36,60000
AUXL,20110829,17.18,17.9,17.18,17.7,580900
AVAV,20110829,28.12,29.18,27.8,28.94,142500
AVEO,20110829,16.33,17.2,16.33,17,282500
AVGO,20110829,32,32.9,31.75,32.85,1345800
AVID,20110829,9.58,10.05,9.5,9.97,227400
AVNR,20110829,2.66,3.02,2.64,3,4437600
AVNW,20110829,2.56,2.57,2.48,2.52,661600
AWAY,20110829,38.32,41.43,38.32,41.03,249500
AWRE,20110829,3.1,3.3,3.09,3.2,39700
AXAS,20110829,3.37,3.67,3.35,3.66,1921500
AXFN,20110829,20.87,20.87,20.87,20.87,100
AXTI,20110829,7.73,7.9,7.55,7.89,293200
AZPN,20110829,16.95,17.89,16.85,17.78,992500
BABY,20110829,9.74,10.44,9.74,10.43,121100
BAGL,20110829,14.09,14.85,14.06,14.8,62500
BAMM,20110829,2.36,2.57,2.32,2.5,32000
BANC,20110829,11.63,12.34,11.47,11.74,58500
BANF,20110829,35.13,36.25,35.13,36.09,33100
BANFP,20110829,27,27,27,27,500
BANR,20110829,14.46,15.54,14.12,15.51,217600
BASI,20110829,1.63,1.63,1.54,1.54,3800
BBBY,20110829,55.45,57.01,55.26,56.99,2660100
BBEP,20110829,18.27,18.7,18.17,18.61,459400
BBGI,20110829,4.35,4.35,4.07,4.25,1300
BBNK,20110829,10.28,10.54,10.28,10.52,12800
BBOX,20110829,24.48,25.46,24.48,25.29,97700
BBRG,20110829,18.88,20.11,18.88,20.1,273400
BBRY,20110829,29.98,30.87,29.43,30.73,18124200
BBSI,20110829,14.36,14.44,14.23,14.38,46500
BCBP,20110829,9.39,9.39,9.12,9.17,3100
BCOM,20110829,20,20.5,19.9,20.5,500
BCPC,20110829,40.35,41.93,40.01,41.82,141000
BCRX,20110829,2.77,3.18,2.76,3.11,534300
BCSB,20110829,12.4,12.4,12.4,12.4,0
BDE,20110829,7.8,8.13,7.7,8.1,21500
BDGE,20110829,20.58,20.7,19.75,20.47,32700
BDMS,20110829,18,18,17.92,17.92,1700
BDSI,20110829,3.43,3.45,3.31,3.34,88000
BEAT,20110829,3.75,3.77,3.68,3.74,105700
BEAV,20110829,34.02,35.06,33.97,35.02,526800
BEBE,20110829,6.66,7.14,6.58,7.1,674000
BECN,20110829,18.42,19.07,18.1,19.04,1028000
BELFA,20110829,19.48,20.39,19.48,20.39,800
BELFB,20110829,17.28,18.73,17.27,18.57,48200
BERK,20110829,6.4,6.4,6.4,6.4,500
BFIN,20110829,7.87,8.1,7.86,8.03,46500
BFLY,20110829,1.69,1.71,1.6,1.67,7300
BGCP,20110829,6.27,6.61,6.22,6.6,1162400
BGFV,20110829,7.12,7.53,6.98,7.39,84300
BGMD,20110829,6.3,6.83,5.91,6.57,13500
BIB,20110829,28.135,29.47,28.135,29.465,11900
BICK,20110829,26.26,26.8,26.26,26.8,14400
BIDU,20110829,143.35,143.81,140.79,143.3,6711100
BIIB,20110829,93,94.29,92.08,93.89,1468000
BIOD,20110829,4.8,5.04,4.8,4.88,333300
BIOF,20110829,5.8,6.2,5,5.8,234500
BIOS,20110829,6.17,6.41,6.04,6.4,154800
BIRT,20110829,6.41,6.65,6.27,6.58,823200
BIS,20110829,44.72,44.72,42.85,42.85,1800
BJRI,20110829,43.53,43.81,42.99,43.73,213800
BKCC,20110829,8.47,8.9,8.41,8.87,367700
BKEP,20110829,7.99,7.99,7.6,7.6,4800
BKMU,20110829,3.15,3.24,3.07,3.19,124100
BKOR,20110829,3.5,3.5,3.5,3.5,400
BKSC,20110829,9.39,9.41,9.23,9.24,7900
BKYF,20110829,23.22,23.5,22.44,23.5,9000
BLDP,20110829,1.33,1.39,1.32,1.38,132300
BLDR,20110829,1.96,2.12,1.89,2.11,105300
BLIN,20110829,0.85,0.85,0.85,0.85,11000
BLKB,20110829,24.24,25.07,23.89,25,169300
BLRX,20110829,3.51,3.51,3.51,3.51,0
BMC,20110829,39.94,40.77,39.84,40.77,1255900
BMRC,20110829,36.11,36.72,36.11,36.72,7900
BMRN,20110829,28.35,28.96,28.13,28.91,376700
BMTC,20110829,18.18,18.8,18.18,18.75,35300
BNCL,20110829,7.91,8.26,7.91,8.24,78700
BNCN,20110829,6.89,6.89,6.82,6.89,200
BNSO,20110829,1.6,1.97,1.57,1.6,5200
BOBE,20110829,31.55,32.69,31.55,32.61,150500
BOCH,20110829,3.75,3.75,3.51,3.59,55200
BODY,20110829,18.43,18.43,17.59,17.97,131400
BOFI,20110829,13.83,14.38,13.83,14.37,28700
BOKF,20110829,47.95,49.56,47.82,49.52,81800
BOLT,20110829,10.71,11.23,10.63,11.15,10900
BONA,20110829,4.39,4.67,4.35,4.62,97600
BONT,20110829,6.93,7.29,6.93,7.24,191000
BOOM,20110829,19.17,19.91,18.84,19.9,42800
BOSC,20110829,7.08,7.2,6.2,6.44,34500
BPAX,20110829,14.4,15.78,14.4,15.66,2861200
BPFH,20110829,5.85,6.24,5.85,6.22,440600
BPFHW,20110829,2.09,2.09,2.09,2.09,100
BPHX,20110829,0.86,0.87,0.86,0.87,2100
BPOP,20110829,19.8,20.7,19.4,20.7,7158200
BPOPM,20110829,17.85,17.85,17.84,17.85,5900
BPOPN,20110829,19.72,19.75,19.25,19.74,5800
BRCD,20110829,3.71,3.85,3.71,3.85,7193500
BRCM,20110829,34.3,34.92,34.16,34.85,4882600
BRID,20110829,9.5,9.68,9.5,9.68,200
BRKL,20110829,7.84,8.26,7.81,8.26,327700
BRKR,20110829,13.95,14.47,13.9,14.43,407800
BRKS,20110829,8.99,9.69,8.99,9.64,412200
BRLI,20110829,19.16,20.4,19.16,20.38,326400
BSDM,20110829,2.74,2.91,2.73,2.91,86900
BSET,20110829,7.72,7.72,7.1,7.58,14000
BSFT,20110829,29.11,29.97,28.22,29.66,375200
BSPM,20110829,3.3,3.3,3.21,3.24,35400
BSQR,20110829,4.61,4.75,4.5,4.71,28200
BSRR,20110829,10.39,10.84,10.3,10.84,31300
BSTC,20110829,15.85,16.96,15.85,16.74,23100
BTUI,20110829,4.14,4.26,4.05,4.26,8200
BUSE,20110829,4.85,5,4.78,5,290100
BVSN,20110829,9.66,9.66,9.03,9.2,6200
BWEN,20110829,7.3,7.8,7.2,7.7,608500
BWINA,20110829,25.45,25.45,25.45,25.45,200
BWINB,20110829,22.37,23.89,22.37,23.66,10300
BWLD,20110829,61.4,62.44,60.84,61.54,389500
BYFC,20110829,1.5,1.51,1.5,1.51,200
CA,20110829,20.11,20.66,20.08,20.65,2430200
CAAS,20110829,4.39,4.51,4.36,4.4,110300
CAC,20110829,29.17,29.85,28.96,29.85,10400
CACB,20110829,8.35,9,7.92,8.94,12900
CACC,20110829,66.8,68.39,66.47,67.97,30900
CACH,20110829,5.41,5.41,5.11,5.4,16300
CADC,20110829,1.73,1.82,1.73,1.76,27700
CADX,20110829,6.33,6.49,6.32,6.4,196800
CAFI,20110829,1.39,1.39,1.15,1.25,11200
CAKE,20110829,26.98,27.94,26.98,27.91,671200
CALD,20110829,4.78,5.05,4.69,5.01,304300
CALI,20110829,9.48,9.9,9,9,22900
CALL,20110829,10.22,10.5,10.11,10.38,21600
CALM,20110829,30.7,32.45,30.67,32.34,222500
CAMP,20110829,3,3.07,2.99,3.03,172700
CAMT,20110829,2.54,2.54,2.3,2.37,61600
CAR,20110829,12.08,12.65,12.06,12.61,2034500
CARB,20110829,15.49,15.66,14.71,15.1,41700
CART,20110829,2.75,2.75,2.75,2.75,200
CARV,20110829,0.65,0.65,0.65,0.65,0
CARZ,20110829,25,25,25,25,200
CASH,20110829,19.24,19.45,18.98,19.08,7700
CASM,20110829,2.82,2.82,2.74,2.74,2600
CASS,20110829,36.12,36.33,35.54,36.22,22700
CASY,20110829,42.6,45.37,42.58,45.28,315900
CATM,20110829,23.99,24.3,23.9,24.05,422900
CATY,20110829,12.59,13.21,12.54,13.12,712000
CAVM,20110829,30.83,32.4,30.25,32.23,2005700
CBAK,20110829,4.65,4.85,4.6,4.85,292000
CBAN,20110829,2.5,2.92,2.4,2.9,18200
CBEY,20110829,8.92,9.24,8.8,9.24,112700
CBIN,20110829,10.26,10.26,10.26,10.26,300
CBLI,20110829,2.35,2.44,2.35,2.41,108600
CBMX,20110829,26,28,26,27.4,14100
CBMXW,20110829,2,2,2,2,0
CBNJ,20110829,8.49,8.49,8.3,8.44,22400
CBNK,20110829,14,14.1,13.99,14.1,3800
CBOE,20110829,24.84,25.1,24.72,24.99,614900
CBPO,20110829,8.35,8.35,7.8,8.18,4900
CBRL,20110829,41.76,42.85,41.76,42.78,147500
CBRX,20110829,2.11,2.33,2.11,2.31,564000
CBSH,20110829,38.63,39.53,38.5,39.48,257700
CBST,20110829,32.6,33.63,32.24,33.59,647900
CCBG,20110829,10.23,10.25,10.13,10.21,40000
CCCL,20110829,3.7,3.72,3.68,3.7,9000
CCIH,20110829,6.27,6.95,6.27,6.91,83300
CCIX,20110829,11.67,12.69,11.65,12.59,142900
CCMP,20110829,40.11,40.91,39.57,40.59,135200
CCNE,20110829,13.51,13.79,13.28,13.77,21600
CCOI,20110829,13.88,14.31,13.76,14.3,185300
CCRN,20110829,4.93,5.24,4.9,5.15,93600
CCUR,20110829,5.6,6.38,5.6,6.1,5600
CDNS,20110829,8.97,9.34,8.97,9.26,2499600
CDTI,20110829,3.84,4.35,3.7,4.15,314900
CDXS,20110829,5.9,6.34,5.9,6.33,177000
CDZI,20110829,9.19,9.72,8.96,9.67,19200
CECE,20110829,6.29,6.51,6.22,6.36,2600
CECO,20110829,16.67,17.21,16.46,17.15,747000
CEDU,20110829,5.93,6.05,5.82,6.05,10000
CELG,20110829,57.85,58.31,57.37,58.28,2779800
CELGZ,20110829,1.54,1.75,1.5,1.5,31100
CENT,20110829,7.76,8.1,7.72,8.05,70000
CENTA,20110829,7.91,8.24,7.75,8.15,284400
CENX,20110829,11.38,11.89,11.35,11.88,1044600
CERN,20110829,65.63,66.49,65.13,66.45,1612100
CERS,20110829,2.1,2.17,2.01,2.11,450400
CETV,20110829,12.49,13.03,12.48,12.97,441000
CEVA,20110829,27.71,28.44,27.18,28.39,176900
CFBK,20110829,3.4,3.4,3.4,3.4,200
CFFI,20110829,23,23,23,23,300
CFFN,20110829,10.64,10.87,10.64,10.86,650500
CFNB,20110829,17.04,17.43,17.04,17.43,1900
CFNL,20110829,9.34,9.56,9.25,9.49,229400
CGEN,20110829,3.55,3.7,3.54,3.65,37200
CGNX,20110829,34.17,35.6,33.82,35.35,315500
CHCI,20110829,1.07,1.15,1.02,1.12,56600
CHCO,20110829,30.14,30.64,29.71,30.55,110500
CHDN,20110829,42.68,44,42.5,43.78,90200
CHDX,20110829,10.45,11.03,10.38,11.02,31000
CHEF,20110829,13.82,14.07,13.68,13.91,141500
CHEV,20110829,9.08,9.2,9,9,1600
CHFC,20110829,16.9,17.61,16.9,17.52,62800
CHFN,20110829,8.93,9.1,8.39,8.86,31000
CHKE,20110829,14.41,14.56,14.3,14.49,31700
CHKP,20110829,53.29,54.15,53.27,53.9,1300100
CHLN,20110829,1.06,1.06,1.01,1.03,35600
CHNR,20110829,11.39,11.44,10.7,11.01,12200
CHOP,20110829,3.67,3.79,3.63,3.7,175600
CHRM,20110829,11.5,11.78,11.5,11.66,1700
CHRW,20110829,68.89,70.5,68.79,70.47,1291500
CHSCP,20110829,28.52,28.52,28.25,28.39,13800
CHTP,20110829,3.81,4.09,3.81,4.01,472700
CHTR,20110829,48.09,50,47.99,49.71,607600
CHYR,20110829,2.07,2.1,2.05,2.05,1700
CIDM,20110829,1.48,1.48,1.35,1.37,21800
CIEN,20110829,11.02,12.21,11.02,12.13,5864100
CIMT,20110829,3.64,3.8,3.39,3.79,28600
CINF,20110829,27,27.63,27,27.62,953400
CISG,20110829,11.03,12.15,10.95,11.61,691300
CITZ,20110829,5.4,5.5,5.4,5.5,91100
CIZN,20110829,18.46,18.46,18.46,18.46,0
CJJD,20110829,1.8,1.95,1.8,1.91,25700
CKEC,20110829,6.55,6.86,6.51,6.84,71500
CKSW,20110829,8.84,8.86,8.61,8.75,70800
CLBH,20110829,2.73,2.74,2.72,2.72,2000
CLCT,20110829,16.88,17.07,16.5,16.6,74300
CLDX,20110829,2.85,3.1,2.85,3.1,310300
CLFD,20110829,6.5,7.05,6.5,7.05,110500
CLMS,20110829,11.83,12.65,11.73,12.64,82800
CLMT,20110829,20.2,20.51,20.15,20.35,138500
CLNE,20110829,13.88,14.21,13.81,14.19,1172800
CLNT,20110829,0.73,0.73,0.66,0.69,17900
CLRO,20110829,6.31,6.37,6.17,6.22,3500
CLSN,20110829,3.23,3.5,3.22,3.32,630000
CLUB,20110829,7.61,7.8,7.6,7.79,149200
CLWR,20110829,2.79,2.89,2.75,2.81,2388300
CLWT,20110829,5.335,5.335,5.335,5.335,0
CMCO,20110829,13.25,14.34,13.25,14.29,88700
CMCSA,20110829,20.82,21.26,20.66,21.24,12829700
CMCSK,20110829,20.6,20.99,20.5,20.98,2359700
CME,20110829,254.96,264.48,253.58,263.92,671200
CMLS,20110829,2.79,3,2.75,2.79,137600
CMSB,20110829,7.64,7.64,7.64,7.64,0
CMTL,20110829,27.49,28.15,27.13,27.7,350200
CNBC,20110829,9.45,9.5,9.34,9.49,17400
CNBKA,20110829,27.25,27.25,25.74,27.2,4300
CNET,20110829,1.19,1.24,1.08,1.2,37300
CNIT,20110829,1.44,1.44,1.39,1.44,94600
CNMD,20110829,23.75,24.21,23.4,23.7,170900
CNQR,20110829,39.12,40.87,39.12,40.79,397200
CNSL,20110829,18.55,19,18.49,18.98,111500
CNTF,20110829,2.4,2.66,2.37,2.64,403100
CNTY,20110829,2.72,2.9,2.72,2.89,19200
CNYD,20110829,3.29,3.35,3.05,3.27,7800
COBK,20110829,11.98,11.98,11.98,11.98,100
COBR,20110829,3.34,3.52,3.29,3.5,6400
COBZ,20110829,5.06,5.44,5.02,5.42,111000
COCO,20110829,1.96,1.99,1.83,1.87,3911100
COGO,20110829,2.75,2.8,2.72,2.8,168700
COHR,20110829,42.77,43.12,41.96,42.91,253400
COHU,20110829,10.98,11.48,10.98,11.44,59700
COKE,20110829,58.85,59.14,57,57.09,114200
COLB,20110829,15.53,16.36,15.53,16.32,157400
COLM,20110829,49.21,52.25,49.21,52.23,90900
CONN,20110829,5.39,5.89,5.38,5.86,105500
COOL,20110829,2.33,2.62,2.32,2.6,2605300
CORE,20110829,34.58,35.78,34.42,35.63,72200
CORT,20110829,2.81,2.9,2.78,2.89,108100
COSI,20110829,0.74,0.74,0.71,0.71,21500
COST,20110829,77.86,78.11,77.38,77.79,2613600
COWN,20110829,3.38,3.49,3.32,3.46,739900
CPBC,20110829,4.86,5,4.86,4.99,1000
CPGI,20110829,1.14,1.17,1.1,1.17,8400
CPHC,20110829,9.07,9.88,8.88,9.55,15300
CPHD,20110829,34.36,36.47,34.12,36.23,708200
CPIX,20110829,5.81,6.1,5.8,6.1,18000
CPLA,20110829,32.06,33.07,31.88,32.98,235500
CPLP,20110829,6.68,6.86,6.45,6.8,172600
CPNO,20110829,31.21,31.8,31.08,31.8,152500
CPRT,20110829,20.69,21.085,20.69,21.045,205300
CPRX,20110829,1.24,1.31,1.21,1.31,18800
CPSI,20110829,66.41,68.87,66.26,68.7,71600
CPSL,20110829,10.2,10.2,9.6,9.84,90000
CPSS,20110829,1,1,0.98,1,3800
CPST,20110829,1.15,1.2,1.14,1.2,2633300
CPTS,20110829,10.51,10.84,10.42,10.73,146400
CPWR,20110829,8.13,8.42,8.13,8.41,1775300
CRAI,20110829,23.25,23.87,23.2,23.8,51100
CRAY,20110829,5.48,5.51,5.4,5.42,190500
CRDC,20110829,2.47,2.47,2.27,2.37,118400
CREE,20110829,30.09,31.5,30.09,31.47,2484600
CREG,20110829,1.34,1.39,1.32,1.39,3300
CRESW,20110829,0.13,0.13,0.13,0.13,0
CRESY,20110829,13.54,14.8,13.52,14.59,104900
CRFN,20110829,3.65,3.8,3.63,3.78,2100
CRIS,20110829,3.05,3.24,3,3.24,269300
CRMB,20110829,6.65,6.94,6.55,6.6,24900
CRMBW,20110829,0.7,0.7,0.65,0.65,1400
CRME,20110829,18.35,19.4,18.35,19.3,94700
CRMT,20110829,30.43,30.43,29.79,30.04,96400
CRNT,20110829,9.95,10.28,9.95,10.19,233000
CROX,20110829,27.64,28.3,27.5,28.26,1998400
CRRC,20110829,7.33,7.59,7.3,7.45,29800
CRTX,20110829,7.85,8.06,7.85,8.05,28200
CRUS,20110829,14.68,15.29,14.67,15.28,1885500
CRVL,20110829,42.95,46.36,42.95,45.99,59100
CRWN,20110829,1.31,1.39,1.31,1.34,97200
CRWS,20110829,4.1,4.28,4.02,4.28,17900
CRZO,20110829,28.14,29.59,28.14,29.38,883100
CSBK,20110829,10.37,10.37,10.09,10.29,9600
CSCD,20110829,3.84,4.06,3.79,4.06,29500
CSCO,20110829,15.51,15.76,15.4,15.74,39188100
CSFL,20110829,5.98,6.26,5.92,6.26,94600
CSGP,20110829,49,50.4,48.06,50.09,177700
CSGS,20110829,12.93,13.05,12.86,13.03,422200
CSII,20110829,13.98,14.35,13.81,14.34,118400
CSIQ,20110829,6.55,6.7,6.39,6.56,508700
CSOD,20110829,14.95,15.71,14.42,15.68,55800
CSPI,20110829,3.42,3.42,3.42,3.42,100
CSTR,20110829,43.85,45.07,43.74,44.81,638400
CSUN,20110829,1.25,1.33,1.2,1.33,117600
CSWC,20110829,84.87,88.75,84.87,88.7,8500
CTAS,20110829,30.93,31.54,30.81,31.5,723400
CTBI,20110829,25.58,26.01,25.23,25.89,40800
CTCH,20110829,3.24,3.31,3.1,3.31,27500
CTCM,20110829,16.35,16.49,16.11,16.41,205900
CTCT,20110829,18.53,19.66,18.5,19.63,487400
CTGX,20110829,11.31,11.7,10.71,11.67,38100
CTHR,20110829,2.45,2.52,2.36,2.52,19000
CTIB,20110829,3.64,3.64,3.62,3.62,900
CTIC,20110829,5.75,6.1,5.7,5.9,3218500
CTRN,20110829,11.98,12.28,11.92,12.19,161800
CTRP,20110829,39.16,40,39.04,39.75,810500
CTRX,20110829,26.005,26.465,25.65,26.46,275800
CTSH,20110829,61.65,63.06,61.22,63.06,2544400
CTWS,20110829,26.87,27.93,26.75,27.82,34400
CTXS,20110829,56.11,57.76,55.77,57.73,2992500
CU,20110829,35.82,36.49,35.78,36.43,117600
CUBA,20110829,6.34,6.44,6.34,6.44,2700
CUTR,20110829,7.82,8.03,7.76,7.94,35100
CVBF,20110829,8.25,8.63,8.25,8.62,623000
CVCO,20110829,33.15,35.85,33.15,35.23,29500
CVCY,20110829,6.12,6.19,6.1,6.19,1300
CVGI,20110829,6.52,7.3,6.52,7.26,244500
CVGW,20110829,19.64,20.46,19.6,20.39,37000
CVLT,20110829,33.87,34.59,33.52,34.58,362700
CVLY,20110829,9.95,10,9.89,9.96,700
CVTI,20110829,3.97,4.75,3.92,4.72,113700
CVV,20110829,16.77,19.08,16.77,18.79,579200
CWBC,20110829,2.69,2.69,2.66,2.66,2000
CWCO,20110829,8.11,8.37,8.11,8.36,42600
CWEI,20110829,55.5,58.03,55.49,57.9,50600
CWST,20110829,5.22,5.57,5.21,5.55,89200
CWTR,20110829,3.96,4.08,3.88,4.08,510700
CXDC,20110829,4.86,5.18,4.77,5.11,269000
CXPO,20110829,2.44,2.5,2.39,2.4,169800
CY,20110829,16.29,16.65,16.09,16.5,4636100
CYAN,20110829,3.9,3.9,3.8,3.82,5600
CYBE,20110829,8.49,8.59,8.33,8.52,4100
CYBX,20110829,26.7,27.65,26.7,27.55,192600
CYCC,20110829,5.32,5.81,5.32,5.81,324500
CYCCP,20110829,3.33,3.33,3.33,3.33,100
CYMI,20110829,40.88,41.93,40.75,41.87,165200
CYNO,20110829,9.85,10.31,9.77,10.11,32600
CYOU,20110829,37.59,39.08,37.46,38.45,333200
CYTK,20110829,1.15,1.19,1.11,1.15,169900
CYTR,20110829,2.38,2.66,2.38,2.52,698100
CYTX,20110829,3.2,3.37,3.16,3.35,453300
CYTXW,20110829,2.1,2.2,2.1,2.2,4000
CZFC,20110829,6.48,6.5,6.43,6.5,5700
CZNC,20110829,16.05,16.38,15.87,16.3,29500
CZWI,20110829,5.37,5.4,5.16,5.35,11000
DAEG,20110829,2.01,2.15,2,2.03,1600
DAIO,20110829,5.46,5.53,5.45,5.51,2300
DAKT,20110829,9.24,9.75,9.07,9.74,135300
DARA,20110829,2.15,2.15,2.03,2.06,9400
DATE,20110829,13.73,13.73,12.3,13.24,185300
DAVE,20110829,9.72,9.9,9.72,9.83,5200
DBLE,20110829,8.75,9.14,8.62,9.11,145300
DBLEP,20110829,25.47,25.49,25.39,25.49,1200
DCIX,20110829,5.16,5.25,5.1,5.24,70900
DCOM,20110829,11.67,12.18,11.51,12.18,111900
DCTH,20110829,3.49,3.69,3.45,3.69,674400
DECK,20110829,86.64,88.97,85.69,88.4,1123700
DELL,20110829,14.86,14.99,14.78,14.97,22179800
DENN,20110829,3.7,3.8,3.7,3.79,585200
DEPO,20110829,5.78,6.38,5.74,6.3,854500
DEST,20110829,14.18,14.67,14.01,14.36,115600
DFZ,20110829,10.07,10.81,9.89,10.81,19100
DGAS,20110829,16.49,16.49,15.85,16.315,3000
DGICA,20110829,12.22,12.72,12.04,12.58,22300
DGICB,20110829,18.08,18.08,18.08,18.08,0
DGII,20110829,12.9,13.09,12.81,12.99,106800
DGIT,20110829,20.55,21.24,20.55,21.08,291900
DGLY,20110829,0.84,0.85,0.79,0.83,5200
DHIL,20110829,72.06,74.98,71.79,74.85,8000
DHRM,20110829,2.29,2.67,2.24,2.33,4900
DIOD,20110829,19.25,20.11,19.25,20.08,282000
DISCA,20110829,39.76,40.65,39.76,40.62,1354000
DISCB,20110829,39.69,41.09,39.69,40.61,800
DISCK,20110829,37.15,37.83,37.13,37.67,386400
DISH,20110829,22.54,23.33,22.39,23.32,1314500
DJCO,20110829,68.8,68.8,68.8,68.8,0
DLGC,20110829,16.1,16.1,13.8,15.55,32300
DLIA,20110829,1.5,1.54,1.43,1.49,44400
DLLR,20110829,22.14,22.5,21.85,22.07,402700
DLTR,20110829,35.36,37.01,35.335,36.91,2647000
DMLP,20110829,24.78,25.25,24.78,25.19,48300
DMND,20110829,77.09,78.59,76.14,78.36,210700
DMRC,20110829,33.6,34.83,32.38,34.79,37600
DNBF,20110829,9.97,10,9.85,9.85,3200
DNDN,20110829,12.26,12.55,12.08,12.25,5261700
DNKN,20110829,26.02,26.39,25.55,26.2,610500
DORM,20110829,16.42,17.015,16.19,16.635,89500
DOVR,20110829,3.61,3.61,3.47,3.47,700
DRAD,20110829,2.5,2.62,2.48,2.56,11600
DRAM,20110829,7.02,7.2,6.66,6.84,3800
DRCO,20110829,10.1,10.47,9.93,10.39,22200
DRIV,20110829,19.5,20.11,19.33,20.08,433700
DRRX,20110829,1.51,1.82,1.5,1.77,665900
DRWI,20110829,3.92,4.21,3.91,4.17,338000
DRYS,20110829,2.86,3.12,2.84,3.09,10246700
DSCI,20110829,8.27,8.27,7.98,8.1,123400
DSCO,20110829,2.06,2.11,2.05,2.1,173100
DSGX,20110829,6.24,6.43,6.14,6.14,44500
DSPG,20110829,6.5,6.66,6.48,6.61,248700
DSWL,20110829,3.26,3.36,3.11,3.25,125500
DTLK,20110829,8.73,9.16,8.65,9,430600
DTSI,20110829,30.62,31.22,30.01,30.95,106200
DTV,20110829,43.06,43.64,42.89,43.57,5271300
DVAX,20110829,2.25,2.33,2.22,2.26,1718400
DVOX,20110829,5.62,6.24,5.62,6.22,34100
DWA,20110829,20.3,21.14,20.13,21.07,952700
DWCH,20110829,5.17,5.31,5.17,5.18,22900
DWSN,20110829,33.03,34.56,32.99,34.54,26300
DXCM,20110829,11.71,12.4,11.71,12.38,339900
DXPE,20110829,22.34,23.2,21.94,22.98,58500
DXYN,20110829,3.45,3.99,3.45,3.94,14500
DYAX,20110829,1.43,1.49,1.29,1.47,402100
DYNT,20110829,5.4,5.75,5.35,5.5,141400
DYSL,20110829,2.92,2.92,2.78,2.9,2800
EBAY,20110829,29.73,30.7,29.73,30.49,11593000
EBIX,20110829,15.67,16.38,15.67,16.36,436200
EBMT,20110829,10.65,10.65,10.65,10.65,0
EBSB,20110829,12.87,12.96,12.68,12.89,10500
EBTC,20110829,14.17,14.75,13.85,14.7,8300
ECHO,20110829,13.47,14.27,13.31,14.16,127400
ECOL,20110829,17.87,18.4,17.74,18.27,152100
ECPG,20110829,22.67,23.28,22.46,23.24,208600
ECTE,20110829,3.65,3.74,3.57,3.7,59700
ECTY,20110829,2.14,2.2,2.11,2.14,61500
ECYT,20110829,11.01,11.3,10.92,11.05,136800
EDAC,20110829,6.3,7.17,6.3,7.13,79500
EDAP,20110829,2.35,2.48,2.23,2.48,57300
EDGW,20110829,2.79,2.83,2.75,2.76,109900
EDMC,20110829,15.8,16.07,15.51,15.78,290600
EDS,20110829,3.44,3.89,3.39,3.75,54400
EDUC,20110829,5.09,5.13,5.09,5.09,1500
EEFT,20110829,15.69,16.17,15.68,16.11,287300
EEI,20110829,16.44,16.5,16,16.42,5800
EFII,20110829,13.57,14.05,13.37,14.02,258400
EFSC,20110829,14.49,15.25,14.49,15.16,95400
EFUT,20110829,4.47,4.47,4.4,4.4,1700
EGBN,20110829,12.43,12.9,12.24,12.9,29400
EGHT,20110829,4.37,4.61,4.33,4.53,1566700
EGLE,20110829,7.76,7.96,7.68,7.88,418800
EGOV,20110829,11.49,11.67,11.4,11.65,227100
EHTH,20110829,12.73,12.87,12.72,12.75,182600
EIHI,20110829,12.99,13.1,12.99,13.1,1500
ELGX,20110829,9.18,9.36,9.04,9.35,302600
ELNK,20110829,7.16,7.34,7.05,7.33,1160700
ELON,20110829,8.36,8.71,8.36,8.68,213000
ELOS,20110829,10.21,10.51,10.09,10.48,118400
ELRC,20110829,14.98,15.24,14.8,15.17,91000
ELSE,20110829,4,4,3.86,3.86,4000
ELTK,20110829,1.18,1.22,1.15,1.21,34500
EMCF,20110829,15.5,15.5,15.5,15.5,0
EMCI,20110829,18.39,19.19,18.29,19.18,11000
EMFN,20110829,24.22,24.55,24.22,24.55,12400
EMIF,20110829,30.1,30.44,29.91,30.34,2500
EMITF,20110829,2.64,2.85,2.63,2.71,16800
EMKR,20110829,6.52,7.24,6.32,7.2,793700
EMMS,20110829,0.67,0.7,0.62,0.64,51400
EMMSP,20110829,14.75,14.75,14.75,14.75,0
EMMT,20110829,23.18,23.18,23.18,23.18,0
ENDP,20110829,31.22,31.87,31.22,31.45,1608500
ENG,20110829,3.25,3.35,3.25,3.33,35400
ENMD,20110829,1.32,1.48,1.26,1.39,39700
ENOC,20110829,10.95,11.87,10.87,11.84,246700
ENSG,20110829,22.9,23.43,21.26,23.38,281600
ENTG,20110829,7.25,7.55,7.17,7.54,789700
ENTR,20110829,4.1,4.43,4.09,4.43,1534900
ENZN,20110829,8.15,8.58,8,8.47,650200
EONC,20110829,1.65,1.68,1.62,1.68,11100
EPAX,20110829,7.1,7.5,7.1,7.48,50600
EPAY,20110829,22.82,23.33,22.53,23.3,171300
EPIQ,20110829,11.94,12.52,11.9,12.5,93200
EQIX,20110829,89.78,92.5,89.75,92.29,722100
ERIC,20110829,11.02,11.16,10.97,11.15,6002700
ERIE,20110829,72.48,73.99,72.48,73.84,65300
ERII,20110829,2.54,2.78,2.54,2.76,238100
EROC,20110829,10.35,10.42,10.14,10.2,356000
ESBF,20110829,12.05,12.34,11.64,12.31,16300
ESBK,20110829,15.85,15.85,15.85,15.85,0
ESCA,20110829,5.55,5.55,5.37,5.37,6400
ESEA,20110829,3.75,3.94,3.72,3.74,48800
ESGR,20110829,101.99,105.5,101.99,105,44000
ESIO,20110829,15.43,15.56,14.71,15.39,156200
ESLT,20110829,40.9,42.03,40.53,41.59,6100
ESMC,20110829,1.15,1.15,1.15,1.15,1500
ESRX,20110829,45.78,47.15,45.7,46.94,6802400
ESSA,20110829,11.13,11.56,11.12,11.49,33100
ESSX,20110829,3.93,4.29,3.91,4.28,21600
ESYS,20110829,5.11,5.36,5.1,5.19,3300
ETFC,20110829,11.05,11.44,11,11.42,5855700
ETRM,20110829,2.5,2.55,2.39,2.55,35400
EUFN,20110829,17.05,17.36,17.05,17.36,16400
EVBS,20110829,2.43,2.6,2.43,2.6,1900
EVEP,20110829,67,68.85,66.26,68.01,214900
EVOL,20110829,6.67,6.99,6.65,6.78,14100
EWBC,20110829,16.47,16.73,16.31,16.72,756700
EXAC,20110829,14.47,15.11,14.47,15.05,21900
EXAR,20110829,6.16,6.35,6.11,6.31,108000
EXAS,20110829,7.35,7.8,7.28,7.8,435900
EXEL,20110829,6.54,7.1,6.53,7.09,1522500
EXFO,20110829,6.45,6.7,6.45,6.63,60000
EXLP,20110829,22.72,23.06,22.49,22.84,78700
EXLS,20110829,25,25.62,24.94,25.29,129000
EXPD,20110829,44.52,45.68,44.33,45.6,1359800
EXPE,20110829,28.3,29.31,28.29,29.26,8878700
EXPO,20110829,39.44,40.84,39.2,40.68,74800
EXTR,20110829,2.85,2.95,2.85,2.92,325500
EXXI,20110829,25.06,26.45,25.06,26.24,792400
EZCH,20110829,31,31.2,30.18,30.56,263500
EZPW,20110829,33,34.11,32.77,34.06,557600
FABK,20110829,12.62,12.75,12.6,12.75,5100
FALC,20110829,3.13,3.25,3.06,3.24,97900
FARM,20110829,5.53,6.02,5.45,5.78,88400
FARO,20110829,37.94,39.03,37.26,38.83,82600
FAST,20110829,32.91,33.02,32.45,33.01,1575500
FBIZ,20110829,16,16.24,15.97,16.24,4500
FBMI,20110829,5.14,5.29,5.06,5.25,6500
FBMS,20110829,9.29,9.29,9.29,9.29,100
FBNC,20110829,9.3,10.09,9.17,10.05,39300
FBNK,20110829,10.58,10.65,10.58,10.65,31500
FBRC,20110829,10,11.04,10,10.84,237300
FBSS,20110829,11.74,11.74,11.71,11.71,400
FCAL,20110829,3.08,3.19,3,3.13,57700
FCAP,20110829,18.13,18.13,18.13,18.13,0
FCBC,20110829,11.76,12.5,11.76,12.37,30700
FCCO,20110829,5.81,6.13,5.5,5.95,900
FCCY,20110829,7,7,7,7,0
FCEL,20110829,1.17,1.23,1.15,1.23,1452600
FCFC,20110829,6.69,6.69,6.55,6.65,1700
FCFS,20110829,44.59,45.43,44.15,45.3,228000
FCHI,20110829,43.52,44.64,43.52,44.42,8100
FCLF,20110829,6.2,6.5,6.2,6.2,200
FCNCA,20110829,155.95,159.83,154.49,159.83,10400
FCTY,20110829,3.76,3.76,3.75,3.75,300
FCVA,20110829,3.05,3.19,3.01,3.1,1000
FCZA,20110829,3.5,3.52,3.5,3.5,1600
FDEF,20110829,13.76,14.14,13.72,13.82,18100
FDML,20110829,16.27,17.35,16.09,17.33,114800
FDUS,20110829,13,13.47,12.5,13.08,17100
FEFN,20110829,23.2,23.2,23.2,23.2,0
FEIC,20110829,31.99,33.09,31.78,33.02,324200
FEIM,20110829,10.13,10.5,9.84,10.3,36000
FELE,20110829,20.575,21.685,20.1,21.55,90000
FES,20110829,8.5,8.65,8.5,8.55,4000
FFBC,20110829,16.2,16.86,15.99,16.84,262900
FFBCW,20110829,5.01,5.01,4.92,5.01,13700
FFBH,20110829,6,6,5.76,5.96,16300
FFCH,20110829,5.69,6.36,5.63,6.23,68500
FFCO,20110829,13.38,13.44,13.3,13.4,26500
FFEX,20110829,3.27,3.28,3.04,3.26,6800
FFHL,20110829,2.32,2.57,2.2,2.46,31000
FFIC,20110829,11.39,11.72,11.29,11.65,143000
FFIN,20110829,28.74,29.89,28.74,29.79,114400
FFIV,20110829,78.29,78.81,76.33,78.72,2395500
FFKT,20110829,4.57,4.65,4.25,4.3,16200
FFKY,20110829,1.9,1.9,1.84,1.84,3200
FFN,20110829,2.98,3.1,2.92,3.01,99800
FFNM,20110829,3.9,3.9,3.9,3.9,1000
FFNW,20110829,4.06,4.52,4.06,4.45,29100
FHCO,20110829,4.42,4.56,4.37,4.54,36900
FIBK,20110829,12.38,12.42,12.22,12.38,48500
FINL,20110829,19.35,20.08,19.34,20.03,336400
FIRE,20110829,26.5,27.12,26.49,27.02,542700
FISI,20110829,15.88,16.27,15.88,16.09,34900
FISV,20110829,54.44,55.36,54.35,55.3,1318000
FITB,20110829,10.2,10.55,10.17,10.51,11912400
FITBP,20110829,129.15,130.05,129.05,130,2600
FIZZ,20110829,15.48,16.29,15.48,16.24,55800
FLDM,20110829,11.99,13,11.64,12.98,638200
FLEX,20110829,5.57,5.8,5.5,5.8,3096800
FLIC,20110829,23.63,24.31,23.46,24.3,16000
FLIR,20110829,24.84,25.59,24.79,25.56,1100900
FLML,20110829,4.57,4.85,4.4,4.76,40600
FLOW,20110829,2.68,2.9,2.65,2.83,145100
FLWS,20110829,2.5,2.83,2.49,2.74,182300
FLXS,20110829,15,15,14.51,14.69,3300
FMBI,20110829,8.38,8.82,8.3,8.82,442500
FMCN,20110829,31.66,32.24,31.4,32.16,1766000
FMER,20110829,12.16,12.49,12.03,12.49,695000
FMFC,20110829,3.39,3.45,3.32,3.39,1400
FNBN,20110829,0.35,0.37,0.33,0.35,12200
FNFG,20110829,10.26,10.66,10.23,10.64,3486400
FNGN,20110829,20.25,20.92,19.89,20.9,280200
FNLC,20110829,13.62,14.3,13.62,14.28,12900
FNSR,20110829,17.18,18.25,17.11,18.08,4545100
FOLD,20110829,4.3,4.47,4.26,4.45,44000
FONE,20110829,23.38,23.93,23.38,23.93,1100
FONR,20110829,1.79,1.87,1.78,1.8,25600
FORD,20110829,2.68,2.72,2.61,2.7,8700
FORM,20110829,8.09,8.34,7.89,8.33,596800
FORR,20110829,33.31,33.52,32.88,33.42,53500
FORTY,20110829,16.08,16.36,15.55,16.3,1400
FOSL,20110829,97,103.32,96.72,102.37,1827000
FRAN,20110829,24.88,26.41,24.7,26.06,104300
FRBK,20110829,1.84,1.88,1.8,1.88,2600
FRED,20110829,10.9,11.11,10.86,11.09,408200
FREE,20110829,11,11.9,11,11.8,9800
FRME,20110829,7.38,7.67,7.38,7.61,69900
FRNK,20110829,11.52,11.86,11.48,11.74,53700
FRP,20110829,6.55,7.1,6.55,7.03,70300
FSBK,20110829,3.75,4.11,3.75,3.98,22300
FSCI,20110829,26.94,27.4,26.55,27.1,40500
FSFG,20110829,15.69,15.69,15.69,15.69,0
FSGI,20110829,0.41,0.41,0.34,0.35,6300
FSLR,20110829,102.9,103.6,100.62,102.31,1020000
FSRV,20110829,29.89,31.73,29.89,31.63,34900
FSTR,20110829,23.33,24.81,23.08,24.5,76500
FSYS,20110829,20.12,21.1,20.12,20.88,116700
FTEK,20110829,6.09,6.21,6.04,6.13,137700
FTNT,20110829,18.89,19.27,18.73,19.06,1932900
FUBC,20110829,5.01,5.4,5.01,5.39,61100
FULL,20110829,7,7.71,6.93,6.93,29400
FULT,20110829,8.72,9.33,8.65,9.33,1758200
FUNC,20110829,4.46,4.5,4.4,4.5,600
FUND,20110829,6.98,7.12,6.96,7.11,38000
FURX,20110829,15.47,15.81,15.46,15.55,15200
FWLT,20110829,23.64,24.33,23.55,24.3,1205100
FWRD,20110829,27.26,28.37,26.77,28.28,144200
FXCB,20110829,12.61,12.79,12.6,12.75,72100
FXEN,20110829,5.42,5.84,5.42,5.81,632200
GABC,20110829,16.11,16.72,16.11,16.67,21800
GAGA,20110829,6.07,6.25,6.07,6.15,12600
GAI,20110829,3.5,3.5,3.5,3.5,600
GAIA,20110829,3.57,3.83,3.55,3.72,42000
GAIN,20110829,6.7,7.01,6.65,6.97,67200
GAME,20110829,5.63,5.69,5.47,5.6,369200
GASS,20110829,4.1,4.33,4.02,4.19,48000
GBCI,20110829,11.35,11.73,11.28,11.71,323800
GBDC,20110829,15,15.11,14.85,14.98,71500
GBLI,20110829,18.11,18.84,18.04,18.64,47600
GBNK,20110829,1.04,1.1,1.01,1.03,145800
GCBC,20110829,17.75,18,17.75,17.97,600
GCFB,20110829,2.79,2.82,2.57,2.82,2600
GCOM,20110829,12.39,12.76,12.32,12.59,89900
GCVRZ,20110829,1.05,1.06,1.03,1.05,1177900
GENC,20110829,7.26,7.54,7.26,7.54,2300
GENE,20110829,5.47,5.88,5.26,5.7,137700
GENT,20110829,6.76,7,6.66,6.87,57300
GERN,20110829,2.58,2.73,2.57,2.72,1376800
GEVO,20110829,10.82,10.94,10.38,10.92,39200
GFED,20110829,4.85,4.85,4.8,4.8,200
GFN,20110829,3.17,3.17,3.16,3.17,500
GGAL,20110829,11.91,12.1,11.78,11.81,160500
GHDX,20110829,24.33,24.86,24.25,24.48,60600
GIFI,20110829,23.19,23.62,22.19,22.9,236900
GIGA,20110829,1.55,1.55,1.46,1.47,2600
GIGM,20110829,0.88,0.89,0.87,0.88,284800
GIII,20110829,25.85,27.2,25.54,27.08,93000
GILD,20110829,19.595,19.9,19.305,19.895,5520200
GILT,20110829,3.66,3.77,3.65,3.76,48300
GIVN,20110829,15.48,16.03,15.42,15.87,69100
GKNT,20110829,18.52,20.67,18.52,20.67,32900
GLAD,20110829,8.02,8.35,7.99,8.31,99100
GLBS,20110829,5.25,5.25,5.02,5.15,7600
GLBZ,20110829,8.88,8.88,8.88,8.88,0
GLCH,20110829,1.24,1.31,1.24,1.31,169700
GLDC,20110829,3.39,3.46,3.39,3.45,1600
GLDD,20110829,4.77,4.99,4.75,4.98,360200
GLNG,20110829,31.28,32.04,30.82,31.79,1067500
GLPW,20110829,23.69,24.78,23.39,24.56,66300
GLRE,20110829,22,22.57,21.8,22.5,126500
GLUU,20110829,3.16,3.29,3.09,3.28,1393300
GMAN,20110829,15.04,15.47,14.4,15.39,40200
GMCR,20110829,101.22,101.75,97.75,98.71,3263000
GMETP,20110829,11.5,11.5,11.5,11.5,0
GMLP,20110829,25.8,25.95,24.9,25.01,98100
GNCMA,20110829,8,8.67,8,8.62,163600
GNMK,20110829,5.3,5.85,5.3,5.76,101400
GNTX,20110829,25.84,26.65,25.39,26.34,1013000
GNVC,20110829,2.8,2.89,2.75,2.87,32000
GOLD,20110829,105.3,105.31,102.4,103.72,710700
GOOD,20110829,16.02,16.68,16.01,16.45,32900
GOODO,20110829,23.87,23.89,23.5,23.85,1200
GOODP,20110829,23.5,24.88,23.23,24.5,15000
GOOG,20110829,534.56,539.45,533.56,539.08,2338100
GPIC,20110829,7.45,7.45,7.34,7.45,4400
GPOR,20110829,26.24,27.46,26.24,27.43,601200
GPRC,20110829,3,3,2.9,2.94,1400
GPRE,20110829,9.91,10.49,9.78,10.32,334700
GRFS,20110829,13.38,13.98,13.32,13.54,232000
GRID,20110829,27.98,28.21,27.95,28.21,2200
GRIF,20110829,26.26,27.04,25.72,27.04,3000
GRMN,20110829,32.77,33.59,32.45,33.35,1076800
GROW,20110829,7,7.14,6.99,7.08,24700
GRVY,20110829,1.5,1.51,1.46,1.5,9200
GSBC,20110829,17.45,17.99,17.2,17.92,27200
GSIG,20110829,9.51,9.63,9.44,9.63,80300
GSIT,20110829,4.86,5.1,4.86,5.07,88400
GSJK,20110829,15.95,15.95,15.2,15.49,12200
GSM,20110829,15.85,16.18,15.61,16.08,814200
GSOL,20110829,8.16,8.52,8.04,8.45,30900
GSVC,20110829,17.25,17.25,16.1,16.45,107600
GTAT,20110829,11.61,12.31,11.61,12.27,2542800
GTIM,20110829,1.54,1.54,1.54,1.54,100
GTIV,20110829,7.4,8.4,7.34,8.28,897800
GTLS,20110829,44.49,47.35,43.57,46.88,461300
GTXI,20110829,3.44,3.71,3.4,3.71,243700
GUID,20110829,6.32,6.35,6.24,6.33,37200
GULF,20110829,15.06,15.09,14.96,15,4200
GURE,20110829,2.05,2.16,2.02,2.06,256400
GYRO,20110829,59.01,59.01,59.01,59.01,0
HA,20110829,4.01,4.27,4,4.24,601600
HAFC,20110829,0.93,0.97,0.92,0.97,894300
HAIN,20110829,32,32.27,31.45,32.04,544500
HALL,20110829,6.85,7.3,6.73,7.25,41800
HALO,20110829,6.82,7.05,6.66,6.91,729600
HAS,20110829,37.33,37.9,37,37.68,2127500
HAST,20110829,3.34,3.34,3.22,3.26,31500
HAUP,20110829,1.37,1.39,1.34,1.35,3800
HAYN,20110829,50.9,55.95,50.88,55.81,116900
HBAN,20110829,5,5.12,4.98,5.12,10940800
HBANP,20110829,1080,1095,1070,1095,100
HBCP,20110829,14.48,14.48,14.05,14.22,18200
HBHC,20110829,29.2,30.49,29.2,30.43,439000
HBIO,20110829,4.43,4.68,4.34,4.67,59000
HBNC,20110829,12.28,12.2889,11.7333,11.7333,800
HBNK,20110829,12.63,12.95,12.63,12.8,1200
HBOS,20110829,11.52,11.94,11.52,11.84,2600
HCBK,20110829,5.94,6.21,5.9,6.21,3689300
HCCI,20110829,15.35,16.81,15.35,16.79,13300
HCIIP,20110829,8.7,8.7,8.7,8.7,0
HCKT,20110829,3.67,3.86,3.59,3.85,57600
HCOM,20110829,20.5,20.5,19.78,20.11,6200
HCSG,20110829,14.49,15.1,14.45,15.08,374400
HDNG,20110829,9.62,9.62,9.51,9.6,11100
HDSN,20110829,1.5,1.5,1.43,1.47,21300
HEES,20110829,10,10.6,9.92,10.45,93900
HELE,20110829,30.08,30.98,29.97,30.83,209800
HEOP,20110829,3.72,3.72,3.49,3.6,300
HERO,20110829,3.84,3.99,3.82,3.97,3410700
HFBC,20110829,7.35,7.5,7.35,7.46,6400
HFBL,20110829,13.3,13.3,13.3,13.3,0
HFFC,20110829,8.9,9.15,8.52,8.6,4700
HFWA,20110829,11.71,12,11.71,11.99,27700
HGSH,20110829,1.99,1.99,1.73,1.76,76800
HIBB,20110829,36.76,37.7,36.64,37.68,253900
HIFS,20110829,53.09,53.09,52.05,52.12,1400
HIHO,20110829,2.85,3.04,2.85,2.92,4000
HILL,20110829,1.67,1.84,1.67,1.83,225400
HIMX,20110829,1.42,1.43,1.37,1.37,202400
HITK,20110829,27.35,27.66,26.92,27.53,199600
HITT,20110829,54.36,55.88,54.2,55.81,118400
HLIT,20110829,4.94,5.04,4.83,4.92,1784200
HMIN,20110829,36.1,38.46,35.9,38.08,547500
HMNF,20110829,1.86,1.86,1.86,1.86,0
HMNY,20110829,1.7,1.7,1.7,1.7,0
HMPR,20110829,6.5,7.25,6.5,7.16,45100
HMSY,20110829,25.66,25.9,25.35,25.5,621400
HNH,20110829,14.35,14.88,13.98,14.86,100900
HNRG,20110829,8.6,8.7,8.35,8.67,12500
HNSN,20110829,3.24,3.31,3.16,3.3,845800
HOFT,20110829,8.71,9.21,8.71,9.21,11100
HOGS,20110829,8.44,9.09,8.3,9.07,773600
HOLI,20110829,4.88,4.98,4.81,4.87,585000
HOLL,20110829,1.48,1.54,1.42,1.52,14800
HOLX,20110829,16.24,16.72,16.24,16.69,883700
HOMB,20110829,22.61,23.39,22.59,23.39,80300
HOME,20110829,10.07,10.53,9.92,10.48,25700
HOTT,20110829,8.2,8.61,8.14,8.6,1027900
HOVNP,20110829,3.29,3.49,3.17,3.17,1900
HPCCP,20110829,25.8,26.3,25.4,26.29,5200
HPJ,20110829,1.69,1.69,1.56,1.62,17700
HPOL,20110829,0.59,0.63,0.59,0.6,511400
HRZN,20110829,15.63,16.19,15.3,15.81,39600
HSIC,20110829,64.47,65.53,64.27,65.47,321900
HSII,20110829,20.26,20.73,19.79,20.65,93600
HSKA,20110829,8.94,9.24,8.94,9.1,4300
HSNI,20110829,31.73,32.98,31.25,32.86,189400
HSOL,20110829,3.96,4.1,3.95,4.02,330100
HSTM,20110829,12.28,12.58,11.94,12.57,48800
HTBK,20110829,4.27,4.47,4.15,4.45,52900
HTCH,20110829,2.19,2.29,2.19,2.23,188100
HTCO,20110829,9.6,9.74,9.45,9.69,40300
HTHT,20110829,16.47,17.72,16.41,17.63,168900
HTLD,20110829,14.77,15.1,14.55,15.07,1007300
HTLF,20110829,14.38,15.3,14.22,15.26,29000
HTWR,20110829,62.38,63.99,61.68,63.83,83000
HUBG,20110829,29.92,31.37,29.92,31.28,236000
HURC,20110829,25.1,26.26,25.02,25.99,67800
HURN,20110829,30.4,31.92,30.33,31.86,126400
HWAY,20110829,12.28,12.77,12.12,12.65,220100
HWBK,20110829,8.26,8.31,8,8,2300
HWCC,20110829,13.87,14.66,13.81,14.63,48800
HWKN,20110829,35.08,36.99,34.85,36.94,29600
HYGS,20110829,5.98,5.99,5.57,5.66,1000
HZNP,20110829,8.25,8.35,7.51,7.97,24400
IACI,20110829,38.49,39.33,38.3,39.17,794600
IART,20110829,38.97,40.09,38.75,40.07,139600
IBB,20110829,93,95.21,92.93,95.18,487100
IBCA,20110829,3.04,3.05,2.95,3.04,22000
IBCP,20110829,1.99,2.03,1.89,2.03,37600
IBCPO,20110829,16.65,16.65,16.65,16.65,0
IBKC,20110829,47.27,48.53,47,48.49,130700
IBKR,20110829,14.82,15.02,14.74,14.99,517100
IBOC,20110829,14.75,15.66,14.74,15.65,190000
ICAD,20110829,0.64,0.65,0.61,0.62,73600
ICCC,20110829,6.45,6.49,6.45,6.49,600
ICFI,20110829,24.49,24.49,22.26,22.63,76400
ICGE,20110829,9.4,10.63,9.39,10.57,548600
ICLN,20110829,13,13.27,12.96,13.27,9300
ICLR,20110829,19.19,20.3,19.19,20.14,154800
ICON,20110829,18.23,19.22,18.23,19.19,760800
ICUI,20110829,40.07,40.38,39.84,40.36,59000
IDCC,20110829,70.4,71.58,69.7,71.49,1641000
IDIX,20110829,5.58,6.1,5.58,6.05,303200
IDRA,20110829,1.94,1.94,1.76,1.84,5200
IDSA,20110829,6.95,7.41,6.95,7.25,23000
IDSY,20110829,5.43,5.5,5.41,5.45,65700
IDTI,20110829,5.69,5.91,5.67,5.9,932300
IDXX,20110829,77.31,80.96,77.16,80.57,359100
IESC,20110829,2.55,2.77,2.54,2.77,5800
IFAS,20110829,27.25,27.62,27.25,27.62,3200
IFEU,20110829,29.49,29.78,29.31,29.78,2000
IFGL,20110829,28.38,28.69,28.38,28.64,8700
IFNA,20110829,40.7,40.75,40.59,40.75,600
IFON,20110829,0.63,0.67,0.63,0.63,1500
IFSM,20110829,34.54,34.67,34.35,34.67,2500
IGLD,20110829,13.69,14.38,13.69,14.38,900
IGOI,20110829,16.44,17.16,15.96,17.04,137100
IGOV,20110829,110.67,110.67,110.21,110.56,11500
IGTE,20110829,10.69,11.17,10.62,11.16,226900
III,20110829,1.18,1.3,1.18,1.22,121700
IIIN,20110829,10.47,11.17,10.4,11.16,28200
IIJI,20110829,10.84,11.04,10.8,11.03,29100
IILG,20110829,12.37,12.92,12.08,12.91,149200
IIN,20110829,3.58,3.58,3.58,3.58,0
IIVI,20110829,19.37,19.95,19.01,19.89,652200
IKAN,20110829,1.12,1.12,1.08,1.11,37500
IKNX,20110829,7.3,7.3,7.3,7.3,0
ILMN,20110829,49.93,51.85,49.79,51.67,1618600
IMGN,20110829,10.49,11,10.29,10.98,503200
IMKTA,20110829,14.48,15.8,14.48,15.72,57000
IMMR,20110829,7.16,7.35,7.04,7.33,149000
IMMU,20110829,3.68,3.91,3.66,3.9,774100
IMMY,20110829,0.315,0.45,0.315,0.45,22600
IMOS,20110829,5.59,5.6,5.47,5.54,50000
IMRS,20110829,3.79,4.06,3.74,3.92,200200
INAP,20110829,4.87,5.08,4.83,5.07,177800
INCY,20110829,14.94,15.33,14.84,15.31,670600
INDB,20110829,23.05,24.03,23.05,23.97,53600
INDY,20110829,24.56,24.89,24.45,24.89,186400
INFA,20110829,41.93,43.78,41.88,43.7,1228000
INFI,20110829,7.19,7.48,7.03,7.17,57200
INFN,20110829,7.28,7.71,7.27,7.7,1427700
ININ,20110829,30.21,31.5,30.2,31.46,97500
INOC,20110829,1.25,1.25,1.25,1.25,0
INOD,20110829,2.79,2.82,2.73,2.82,22500
INPH,20110829,4.52,4.6,4.4,4.6,6600
INSM,20110829,4.49,4.98,4.49,4.87,218400
INTC,20110829,19.94,20.31,19.83,20.3,40646000
INTG,20110829,22.48,22.5,22.02,22.48,2500
INTL,20110829,23.74,24.09,23.11,23.96,44300
INTT,20110829,2.8,2.97,2.8,2.92,13300
INTU,20110829,47.15,48.44,46.88,48.4,4878500
INTX,20110829,14.51,15.19,14.23,15.16,59200
INVE,20110829,1.96,2.12,1.96,2.05,316400
INWK,20110829,7.55,7.99,7.38,7.83,175800
IOSP,20110829,25.42,27.17,25.42,26.97,160600
IPAR,20110829,16.7,17.13,16.38,16.76,58100
IPAS,20110829,1.43,1.47,1.43,1.46,67200
IPCC,20110829,47.98,51.2,47.44,50.93,49200
IPCI,20110829,3.2,3.22,3.07,3.07,3700
IPCM,20110829,38.98,40.69,38.53,40.65,178700
IPGP,20110829,53.94,57.1,53.94,56.56,440900
IPHS,20110829,40.96,42.61,40.89,42.5,91500
IPXL,20110829,18.99,19.73,18.85,19.61,388200
IRBT,20110829,26.46,27.5,26.31,27.39,216400
IRDM,20110829,7.32,7.38,7.24,7.38,319700
IRDMZ,20110829,1.26,1.26,1.26,1.26,0
IRIX,20110829,3.75,4.03,3.75,3.97,2700
IROQ,20110829,10.91,11.02,10.91,10.96,34400
IRWD,20110829,13,13.07,12.8,12.95,245100
ISBC,20110829,14.34,14.5,14.28,14.49,270900
ISCA,20110829,23.78,25.11,23.78,25.07,115300
ISHG,20110829,109.45,109.78,109.33,109.58,8900
ISIG,20110829,3.25,3.32,3.16,3.28,14000
ISIL,20110829,10.77,11.19,10.76,11.13,1477000
ISIS,20110829,7.25,7.44,7.19,7.39,1054600
ISLE,20110829,6.3,6.66,6.25,6.66,63300
ISNS,20110829,6.94,6.94,6.84,6.84,900
ISRG,20110829,361.02,383.71,358.93,375.86,847000
ISRL,20110829,67.5,68.4,67.5,68.4,1200
ISSC,20110829,4.78,4.89,4.78,4.8,1400
ISSI,20110829,8.36,8.61,8.11,8.6,160600
ITIC,20110829,33.93,33.93,33.93,33.93,0
ITMN,20110829,24.39,26,24.37,25.95,593100
ITRI,20110829,38.07,39.8,37.82,39.69,198700
ITRN,20110829,12.3,12.59,12.3,12.52,11700
IVAC,20110829,7.62,8.31,7.55,8.26,46000
IVAN,20110829,1.51,1.58,1.51,1.54,720300
IXYS,20110829,11.28,12.04,11.28,12.02,202900
JACK,20110829,20.21,20.99,20.21,20.93,353700
JADE,20110829,2.7,2.75,2.68,2.7,162900
JAKK,20110829,16.21,17.04,16.18,16.99,225700
JASO,20110829,18.4,18.9,17.8,18.9,2007200
JAXB,20110829,5.45,5.45,5.45,5.45,0
JAZZ,20110829,38.77,40.47,38.75,40,981200
JBHT,20110829,39.82,40.56,39.55,40.47,728400
JBLU,20110829,4.17,4.37,4.1,4.36,3819800
JBSS,20110829,8.1,8.67,8.03,8.52,37400
JCOM,20110829,29.6,30.86,29.51,30.8,483100
JCS,20110829,14.94,15.35,14.42,15.21,27300
JCTCF,20110829,8.83,9.14,8.83,9.14,500
JDSU,20110829,11.5,12.35,11.42,12.28,8548100
JFBI,20110829,2.96,3,2.94,3,16100
JJSF,20110829,49.52,50.71,49.38,50.68,33800
JKHY,20110829,28.41,29.17,28.25,29.02,862700
JMBA,20110829,1.82,1.86,1.79,1.82,531400
JOBS,20110829,55.98,56.96,55.23,56.76,55100
JOEZ,20110829,0.66,0.68,0.65,0.67,102500
JOSB,20110829,45.78,46.55,45.16,45.99,396100
JOUT,20110829,15.87,15.91,15.24,15.77,9700
JRCC,20110829,10.54,10.97,10.52,10.91,1202200
JRJC,20110829,2.74,2.85,2.72,2.85,26700
JST,20110829,9.63,9.75,8.96,9.7,78400
JVA,20110829,16.7,19.58,16.68,19.39,1762400
JXSB,20110829,13.7,13.7,13.7,13.7,0
KALU,20110829,49.43,51.23,49.43,51.21,67000
KBALB,20110829,5.57,5.91,5.48,5.9,85700
KCAP,20110829,6.43,6.66,6.4,6.65,91300
KCLI,20110829,31.57,31.77,31,31.49,38600
KELYA,20110829,14.56,15.45,14.27,15.42,123100
KELYB,20110829,14.29,14.29,14.29,14.29,0
KEQU,20110829,8.74,8.93,8.66,8.93,1200
KERX,20110829,3.83,3.89,3.71,3.89,770600
KEYN,20110829,22.98,23.9,22.57,23.84,179300
KEYW,20110829,10.09,10.37,10.09,10.31,69200
KFFB,20110829,7.86,8.25,7.86,8.25,500
KFRC,20110829,9.81,10.58,9.81,10.51,447200
KGJI,20110829,1.51,1.51,1.4,1.46,75100
KINS,20110829,3.1,3.1,3.1,3.1,0
KIOR,20110829,13.2,13.33,13.01,13.26,118300
KIPS,20110829,3.03,3.08,2.98,3.08,700
KIRK,20110829,9.51,9.9,9.51,9.88,116300
KLAC,20110829,35.9,36.89,35.81,36.88,1640600
KLIC,20110829,8.75,9.19,8.75,9.16,1005800
KNDI,20110829,2.62,2.66,2.46,2.52,121600
KONA,20110829,5.81,6.12,5.81,5.82,49600
KONE,20110829,1.2,1.2,1.19,1.2,21900
KONG,20110829,4.23,4.82,4.2,4.38,248500
KOOL,20110829,1.62,1.71,1.61,1.7,68500
KOPN,20110829,3.57,3.78,3.52,3.77,198600
KOSS,20110829,6.21,6.25,5.97,6.13,800
KRNY,20110829,8.67,9.02,8.67,8.99,36500
KSWS,20110829,5.02,5.31,5.02,5.29,204200
KTCC,20110829,3.88,4.18,3.88,4.1,25200
KTEC,20110829,13.83,13.99,13.67,13.8,10300
KTOS,20110829,9.25,9.66,9.25,9.65,210000
KUTV,20110829,1.93,1.99,1.89,1.98,10300
KVHI,20110829,8.46,9.45,8.4,9.23,46300
LABC,20110829,15.9,16.1,15.9,16.1,600
LABL,20110829,27.28,27.99,26.01,26.83,128000
LACO,20110829,2.5,2.5,2.35,2.48,11700
LAKE,20110829,8.06,8.12,8,8,1200
LAMR,20110829,20.31,21.26,20.29,21.12,1147500
LANC,20110829,57.72,59.64,57.72,59.49,123800
LARK,20110829,15.05,15.8,15.05,15.42,1800
LAWS,20110829,16.1,16.97,15.98,16.93,10100
LAYN,20110829,27.17,28.24,27.16,28.23,124000
LBAI,20110829,8.29,8.84,8.15,8.84,49900
LBIX,20110829,3.33,3.72,3.33,3.63,5400
LBTYA,20110829,36.39,38.41,36.35,38.37,1932300
LBTYB,20110829,37.73,37.73,37.73,37.73,0
LBTYK,20110829,34.98,36.47,34.98,36.37,421300
LCAV,20110829,2.79,2.86,2.78,2.8,138100
LCUT,20110829,10.08,10.69,9.99,10.68,18600
LEAP,20110829,8.52,8.86,8.44,8.84,1123300
LECO,20110829,33.19,33.63,32.71,33.52,320500
LEDR,20110829,2.18,2.28,2.18,2.28,8100
LEDS,20110829,4.49,4.97,4.44,4.93,67100
LFUS,20110829,46.78,47.92,46.16,47.37,103900
LGCY,20110829,27.5,27.97,26.6,27.4,135400
LGND,20110829,12.62,15.03,12.6,14.96,445800
LHCG,20110829,19.1,20.17,19.1,20.05,160000
LIFE,20110829,39.72,41.14,39.53,41.11,2240100
LIME,20110829,3.59,3.68,3.45,3.68,15100
LINC,20110829,9.69,10.43,9.66,10.34,197000
LINE,20110829,37.47,38,37.27,37.92,644300
LINTA,20110829,15.42,15.77,15.36,15.64,3411900
LINTB,20110829,14.5,14.5,14.5,14.5,0
LION,20110829,6.26,6.56,6.26,6.56,6700
LIOX,20110829,2.76,2.93,2.71,2.89,708200
LIVE,20110829,1.65,1.65,1.65,1.65,0
LIWA,20110829,6.49,6.84,6.23,6.5,230000
LKFN,20110829,21.5,21.78,21.5,21.72,109200
LKQ,20110829,12.33,12.525,12.33,12.495,488400
LLEN,20110829,4.21,4.21,3.42,3.51,644500
LLNW,20110829,2.3,2.48,2.3,2.48,2235000
LLTC,20110829,27.67,28.37,27.59,28.34,2480100
LMAT,20110829,6.92,7.08,6.85,6.98,7900
LMCA,20110829,67.15,69.31,67.15,69.02,550400
LMIA,20110829,18.16,19.44,17.85,19.07,81000
LMNR,20110829,17.91,18.44,17.72,18.42,8900
LMNX,20110829,22.5,23.15,22.03,23.13,417000
LNBB,20110829,4.38,4.4,4.27,4.39,7100
LNCE,20110829,21.33,22.14,21.06,21.98,247300
LNDC,20110829,6.05,6.13,6.01,6.11,180600
LOAN,20110829,1,1,1,1,0
LOCM,20110829,2.62,2.85,2.62,2.8,242200
LOGI,20110829,10.8,11.37,10.79,11.3,1764000
LOGM,20110829,29,30.3,28.49,30.16,411200
LOJN,20110829,3.21,3.33,3.21,3.3,28100
LONG,20110829,18.28,18.5,17.01,17.06,24800
LOOK,20110829,1.49,1.5,1.45,1.46,1600
LOPE,20110829,15.28,15.79,15.03,15.76,469300
LORL,20110829,54.99,56.1,54.74,55.94,58000
LPHI,20110829,7.75,7.75,7.06,7.22,238200
LPLA,20110829,27.82,28.51,27.21,28.49,222000
LPNT,20110829,34.17,35.54,33.93,35.51,542300
LPSB,20110829,8.35,8.35,8.35,8.35,100
LPSN,20110829,10.99,11.31,10.8,11.3,329600
LPTH,20110829,1.65,1.75,1.6,1.66,18100
LQDT,20110829,22.86,23.61,22.41,23.55,119400
LRAD,20110829,2.23,2.4,2.23,2.39,85800
LRCX,20110829,37.84,38.96,37.71,38.74,1807300
LSBI,20110829,13.75,13.75,13.75,13.75,0
LSCC,20110829,5.69,5.96,5.65,5.95,768800
LSTR,20110829,39.74,40.61,39.47,40.53,231300
LTBR,20110829,2.84,3.07,2.68,2.7,41400
LTON,20110829,0.89,0.9,0.89,0.9,1100
LTRE,20110829,8.27,9.41,8.27,9.41,1900
LTRX,20110829,1.77,1.9,1.66,1.86,19400
LTXC,20110829,6.25,6.53,6.18,6.51,635400
LUFK,20110829,62.55,63.57,62.36,63.34,483300
LULU,20110829,54.05,55.35,53.55,55.24,3386700
LUNA,20110829,1.51,1.64,1.4,1.5,22400
LWAY,20110829,10,11,10,10.98,16100
LXRX,20110829,1.34,1.44,1.3,1.44,1047100
LYTS,20110829,7.02,7.29,6.92,7.23,61700
MAGS,20110829,2.91,2.95,2.88,2.9,3700
MAKO,20110829,33.14,35.38,33.14,34.99,1264500
MANH,20110829,35.23,35.51,34.93,35.45,358000
MANT,20110829,36.21,37.41,36.21,37.25,130000
MARPS,20110829,21.27,22.25,21.26,21.56,3000
MASC,20110829,7.2,7.2,6.62,7.02,86300
MASI,20110829,23.98,24.53,23.92,24.49,376100
MAT,20110829,25.45,26.43,25.45,26.37,4395500
MATR,20110829,5.29,5.53,5.29,5.47,7300
MATW,20110829,31.75,33.65,31.73,33.4,185300
MAXY,20110829,5.58,5.6,5.5,5.6,105500
MAYS,20110829,15.25,15.25,13.95,15.25,300
MBFI,20110829,15.83,16.48,15.64,16.47,288800
MBLX,20110829,5.48,5.48,5.27,5.38,228900
MBND,20110829,3.06,3.27,3.03,3.2,165900
MBRG,20110829,15.34,15.4,15.11,15.39,12500
MBTF,20110829,1.39,1.4,1.35,1.36,2200
MBVT,20110829,26.61,27.78,26.55,27.69,7600
MBWM,20110829,8.19,8.75,8.09,8.09,19800
MCBC,20110829,2.91,3.1,2.91,3.05,20900
MCBI,20110829,5.5,5.62,5.5,5.6,4500
MCGC,20110829,4.61,4.82,4.55,4.82,444400
MCHP,20110829,32.69,33.41,32.6,33.38,2382500
MCHX,20110829,9.4,9.83,9.18,9.81,354900
MCOX,20110829,8.1,9.3,7.5,9.25,1571000
MCRI,20110829,9.42,10.08,9.42,10.02,30100
MCRL,20110829,10.02,10.27,9.96,10.25,347300
MCRS,20110829,46.56,46.95,45.96,46.79,669100
MDAS,20110829,10.65,11.3,10.58,11.24,482000
MDCA,20110829,15.87,17.01,15.28,16.12,129400
MDCI,20110829,6.22,6.48,6.22,6.45,41200
MDCO,20110829,14.25,14.67,14.25,14.54,372500
MDH,20110829,2.04,2.22,1.98,1.98,35300
MDRX,20110829,17.51,17.77,17.3,17.54,2185800
MDSO,20110829,15.65,16.61,15.43,16.5,236400
MDVN,20110829,15.57,16,15.46,15.89,299700
MEAD,20110829,3.89,4,3.89,4,500
MEAS,20110829,29.22,31.49,29.21,31.43,133200
MELA,20110829,2.07,2.21,2.07,2.11,110800
MELI,20110829,65.79,68.05,65.6,67.53,207200
MEMS,20110829,2.68,2.89,2.53,2.79,17100
MENT,20110829,11.31,11.91,11.29,11.88,1500900
MEOH,20110829,24.45,25.37,24.2,25.25,229200
MERC,20110829,8.83,9.49,8.77,9.35,404700
MERU,20110829,9.06,9.36,8.76,9.13,139900
METR,20110829,9.93,10.39,9.93,10.34,32700
MFI,20110829,5.51,5.71,5.51,5.51,6600
MFLR,20110829,8.29,8.29,8.29,8.29,0
MFLX,20110829,18.82,19.87,18.82,19.84,29400
MFNC,20110829,5.4,5.4,5.4,5.4,0
MFRI,20110829,9.43,9.43,9.04,9.14,900
MFSF,20110829,7.83,7.85,7.72,7.78,5200
MGAM,20110829,4.43,4.93,4.07,4.93,113200
MGEE,20110829,42.44,43,42.3,42.89,65400
MGIC,20110829,4.24,4.39,4.2,4.36,92600
MGLN,20110829,47.71,49.13,47.71,49.08,218100
MGPI,20110829,5.93,6.15,5.9,6.1,29700
MGRC,20110829,24.14,24.68,24.06,24.36,97300
MGYR,20110829,3.7,3.7,3.7,3.7,0
MHGC,20110829,6.55,7.1,6.16,7.04,295400
MHLD,20110829,8.09,8.5,8.04,8.5,169000
MIDD,20110829,78.05,82.95,78.05,82.77,95300
MIND,20110829,15.92,16.69,15.73,16.65,80500
MINI,20110829,16.69,19.25,16.69,19.22,226100
MITK,20110829,9.15,9.39,9.1,9.16,430600
MITL,20110829,3.1,3.47,2.97,3.21,44700
MKSI,20110829,23.5,24.36,23.5,24.21,294400
MKTAY,20110829,39.93,40.03,39.69,40.03,2800
MKTG,20110829,14.32,15,14.14,14.95,36600
MKTX,20110829,29.99,30.84,29.82,30.75,233300
MLAB,20110829,33.51,34.74,33.44,33.71,3100
MLHR,20110829,19.38,19.93,18.91,19.91,493000
MLNK,20110829,3.98,4.2,3.95,4.18,133100
MLNX,20110829,28.64,29.18,28.32,29.01,138100
MLVF,20110829,7.05,7.05,7.05,7.05,100
MMLP,20110829,36,36.54,35.76,35.99,56500
MMSI,20110829,14.39,14.6,14.09,14.48,305400
MMUS,20110829,5,5.04,4.97,4.97,1900
MMYT,20110829,19.05,19.21,18.45,19.15,54500
MNDO,20110829,2.13,2.15,2.1,2.15,32500
MNGLU,20110829,10.48,10.48,10.48,10.48,100
MNGLW,20110829,0.85,0.85,0.85,0.85,3700
MNKD,20110829,2.56,2.72,2.55,2.7,683800
MNOV,20110829,2.37,2.37,2.19,2.35,8900
MNRK,20110829,5.6667,5.875,5.6667,5.8,1300
MNRO,20110829,38.64,39.95,38.64,39.4,556200
MNST,20110829,43,44.565,43,44.515,1441900
MNTA,20110829,16.56,17.3,16.46,17.28,1013800
MNTG,20110829,2.53,2.63,2.53,2.58,9200
MNTX,20110829,3.84,4.02,3.8,3.92,20900
MOBI,20110829,5.83,5.95,5.7,5.82,128900
MOCO,20110829,14.97,14.99,14.95,14.99,1200
MOFG,20110829,14.66,14.87,14.56,14.87,4400
MOLX,20110829,20.78,21.26,20.56,21.25,931600
MOLXA,20110829,17.11,17.85,17.11,17.85,79100
MORN,20110829,58.78,60.1,58.01,59.99,51800
MOSY,20110829,4.21,4.45,4.09,4.44,100100
MOVE,20110829,6.28,6.68,6.24,6.68,1143400
MPAA,20110829,9.93,10.2,9.91,10.2,59400
MPAC,20110829,5.49,5.6,5.36,5.56,5600
MPB,20110829,8.45,8.45,8.45,8.45,0
MPEL,20110829,12.5,12.69,12.3,12.51,5390200
MPET,20110829,1.57,1.57,1.51,1.52,35700
MPWR,20110829,12.51,12.8,12.37,12.8,209400
MRCY,20110829,13.88,14.37,13.88,14.06,214900
MRGE,20110829,5.74,5.8,5.59,5.78,523700
MRLN,20110829,11.57,12.39,11.3,12.25,26200
MRTN,20110829,18.38,18.74,18.32,18.63,127000
MRVL,20110829,13.09,13.18,12.94,13.16,12463400
MSBF,20110829,5.03,5.03,5.03,5.03,0
MSCC,20110829,15.53,15.81,15.35,15.79,744900
MSEX,20110829,18.2,18.5,18.2,18.49,57400
MSFG,20110829,8.54,8.97,8.49,8.96,43900
MSFT,20110829,25.53,25.86,25.37,25.84,38863100
MSG,20110829,23.53,24.39,23.36,24.2,287500
MSON,20110829,2.39,2.43,2.39,2.43,4700
MSPD,20110829,5.45,5.79,5.45,5.79,251200
MSTR,20110829,117.12,121.92,116.06,121.68,176800
MTEX,20110829,6.4,6.5,5.8,5.8,122300
MTGE,20110829,18.85,18.85,18.2,18.37,19200
MTRX,20110829,10.04,10.66,9.81,10.56,252500
MTSC,20110829,35.28,35.84,34.94,35.07,168200
MTSL,20110829,1.45,1.45,1.42,1.44,300
MTSN,20110829,1.46,1.48,1.4,1.47,92600
MU,20110829,5.96,6.16,5.91,6.14,30876300
MVIS,20110829,7.68,7.68,7.2,7.44,521600
MVISW,20110829,0.31,0.31,0.31,0.31,0
MWIV,20110829,74.95,76.38,73.88,74.96,120200
MXIM,20110829,22.69,23.16,22.42,23.13,1937400
MXWL,20110829,16.75,17.28,16.66,17.27,152500
MYGN,20110829,19.42,20.29,19.24,20.13,560300
MYL,20110829,19.42,20.06,19.37,20.03,6220200
MYRG,20110829,20.89,21.38,20.69,21.19,119600
NAFC,20110829,30.68,32,30.48,31.83,54500
NAII,20110829,4.9,4.9,4.9,4.9,200
NANO,20110829,15.62,16.44,15.62,16.36,208600
NASB,20110829,10.13,10.96,10.13,10.37,16400
NATH,20110829,19.02,19.4,19.02,19.35,700
NATI,20110829,24.46,26.42,24.38,26.18,756700
NATL,20110829,22.06,23.73,22.06,23.57,16000
NATR,20110829,18.25,18.28,17.79,18.25,51300
NAUH,20110829,8.39,8.94,8.24,8.71,21600
NAVG,20110829,42.14,44.22,41.54,44.16,69900
NAVR,20110829,1.76,1.8,1.76,1.8,16000
NBBC,20110829,4.64,4.64,4.5,4.5,6000
NBIX,20110829,6.14,6.14,5.87,6.06,407200
NBN,20110829,11.17,11.2,11,11,1500
NBTB,20110829,19.86,20.65,19.82,20.6,92100
NBTF,20110829,19.26,19.26,19.26,19.26,0
NCBC,20110829,3.2,3.2,3.2,3.2,0
NCIT,20110829,16.05,16.49,15.85,16.45,31200
NCMI,20110829,13.79,14.42,13.72,14.4,149200
NCTY,20110829,4.86,5.04,4.8,4.96,57800
NDAQ,20110829,23.03,23.47,22.89,23.45,1875800
NDSN,20110829,42.38,44.03,41.88,43.93,448400
NECB,20110829,6.5,6.5,6.5,6.5,400
NEOG,20110829,34.73,36.28,34.72,35.67,102900
NEPT,20110829,3.43,3.51,3.3,3.33,127400
NETC,20110829,9.45,9.47,9.09,9.4,9800
NEWL,20110829,0.85,0.85,0.81,0.82,8100
NEWP,20110829,12.45,13,12.23,12.99,154600
NEWS,20110829,9.85,10.05,9.82,10.04,115300
NEWT,20110829,1.28,1.3,1.28,1.28,9700
NFBK,20110829,13.68,13.95,13.41,13.94,193700
NFEC,20110829,1.08,1.08,1.02,1.04,21600
NFLX,20110829,226.97,226.98,222.25,225.04,2789400
NFSB,20110829,12.92,13.25,12.86,13.25,800
NGPC,20110829,7.25,7.6,7.2,7.6,74200
NHTB,20110829,12.53,12.53,12.53,12.53,0
NICE,20110829,30.51,31.69,30.51,31.41,138900
NICK,20110829,10.96,11.59,10.63,11.56,33300
NIHD,20110829,36.48,37.52,36.4,37.48,1284200
NILE,20110829,36.34,39.02,36.34,38.94,168900
NINE,20110829,1.38,1.39,1.38,1.39,400
NKSH,20110829,25.48,26.5,24.76,26.47,12500
NKTR,20110829,5.67,5.91,5.61,5.9,1072900
NLST,20110829,1.72,1.76,1.71,1.73,117500
NMRX,20110829,6.55,6.57,6.22,6.52,29300
NNBR,20110829,7.05,7.77,7.05,7.71,187900
NOVB,20110829,10.15,10.15,10.15,10.15,0
NPBC,20110829,6.97,7.33,6.96,7.33,712300
NPSP,20110829,7.21,7.55,7.13,7.53,529200
NRCI,20110829,33.3,34.13,33.3,34.13,2700
NRIM,20110829,19.43,19.55,19.41,19.41,1400
NSEC,20110829,10.5,10.5,9.71,9.71,1100
NSIT,20110829,18.52,19.57,18.52,19.52,311200
NSPH,20110829,1.42,1.46,1.39,1.44,124000
NSSC,20110829,2.56,2.66,2.55,2.66,10300
NSYS,20110829,3.7,3.7,3.67,3.67,1000
NTAP,20110829,36.8,37.55,36.03,37.32,13695100
NTCT,20110829,12.83,13.79,12.83,13.7,496600
NTES,20110829,47.11,48,47.04,47.71,506500
NTGR,20110829,27.7,29.4,27.27,29.14,564700
NTIC,20110829,15.83,16.5,15.83,16.41,13900
NTLS,20110829,18.56,19.12,18.51,19.1,104400
NTRI,20110829,12.27,12.89,12.27,12.88,321200
NTRS,20110829,37.65,38.83,37.64,38.82,5821500
NTSC,20110829,5.19,5.19,5.13,5.13,500
NTSP,20110829,5.96,6.58,5.92,6.41,608700
NTWK,20110829,9.3,9.4,9,9.3,273700
NUAN,20110829,17.64,18.2,17.57,18.2,1144300
NUCL,20110829,35.19,35.43,35.19,35.43,200
NURO,20110829,2.34,2.34,2.34,2.34,1900
NUTR,20110829,13.15,14.22,13.15,14.15,22000
NUVA,20110829,22.06,22.78,21.83,22.49,1141400
NVAX,20110829,1.42,1.7,1.42,1.68,1507200
NVDA,20110829,13.38,13.41,13.07,13.36,15046000
NVEC,20110829,63.94,65.51,63.15,65.27,77900
NVGN,20110829,0.88,0.89,0.8,0.85,20300
NVMI,20110829,6.58,7.03,6.58,6.97,92500
NVSL,20110829,7.69,7.69,7.5,7.58,2700
NVTL,20110829,3.27,3.43,3.2,3.4,1915900
NWBI,20110829,11.82,12.09,11.82,12,623400
NWFL,20110829,24.83,24.83,24.83,24.83,0
NWLI,20110829,152.73,154,151.51,153.3,3700
NWPX,20110829,26.01,27.62,25.25,27.25,38100
NWS,20110829,17.3,17.48,17.11,17.44,5474300
NWSA,20110829,17.08,17.33,16.96,17.33,18112700
NXPI,20110829,16.97,17.29,16.77,17.16,1023900
NXST,20110829,6,6.61,5.99,6.57,66500
NXTM,20110829,18.14,18.48,16.57,18.45,360900
NYMT,20110829,7.26,7.4,7.25,7.35,38000
NYMX,20110829,7.91,8.17,7.62,8.16,44200
NYNY,20110829,0.85,0.86,0.77,0.83,55400
OABC,20110829,13.96,14.34,13.92,14.06,29700
OBAF,20110829,14.05,14.05,13.76,14,1800
OBAS,20110829,6.75,6.75,6.75,6.75,2500
OBCI,20110829,2.33,2.39,2.29,2.33,7200
OCC,20110829,3.99,3.99,3.76,3.9,2300
OCFC,20110829,11.98,12.3,11.89,12.27,49600
OCLR,20110829,3.66,4.08,3.64,4.04,1749000
OCLS,20110829,9.45,9.45,9.1,9.1,20600
OCZ,20110829,5.16,5.52,5.05,5.51,1247800
ODFL,20110829,20.54,21.34,20.2867,21.3133,407900
OFED,20110829,10.95,10.95,10.95,10.95,0
OFIX,20110829,35.78,36.37,35.65,36.25,122500
OFLX,20110829,13.56,13.69,13.32,13.69,3000
OGXI,20110829,11.32,11.94,11.05,11.77,27300
OIIM,20110829,4.69,4.81,4.66,4.69,86000
OINK,20110829,2.12,2.44,2.1,2.31,26000
OKSB,20110829,5.25,5.25,5.02,5.17,93700
OKSBP,20110829,19.65,19.75,19.5,19.73,1200
OLBK,20110829,7.35,7.35,7.23,7.35,800
OMAB,20110829,14.09,14.09,14.09,14.09,0
OMCL,20110829,15.06,15.69,15.04,15.65,119800
OMER,20110829,3.71,4,3.58,3.97,61800
OMEX,20110829,2.84,2.94,2.66,2.77,803700
OMPI,20110829,10.19,10.7,10.19,10.52,50900
ONCY,20110829,3.79,3.85,3.72,3.81,106000
ONEQ,20110829,99.17,100.91,98.84,100.91,6900
ONFC,20110829,8.59,8.59,8.59,8.59,100
ONNN,20110829,7.33,7.49,7.28,7.43,3843500
ONTY,20110829,7.21,7.75,7.2,7.63,739100
ONVI,20110829,3.91,4,3.91,3.95,2200
ONXX,20110829,33.04,34.28,32.25,33.7,1102300
OPEN,20110829,62.5,64.05,62.04,63.8,641700
OPHC,20110829,0.8,0.8,0.8,0.8,0
OPLK,20110829,16.55,16.86,16.01,16.78,260200
OPOF,20110829,10.59,10.86,10.59,10.83,1400
OPTR,20110829,8.7,8.81,8.61,8.73,561400
OPTT,20110829,3.54,3.64,3.53,3.62,29700
OPXA,20110829,6.2,6.24,5.96,6,86200
ORBC,20110829,2.2,2.29,2.18,2.27,172500
ORBK,20110829,11.4,11.65,11.39,11.49,161000
ORBT,20110829,3.85,3.86,3.85,3.86,1200
ORCL,20110829,27.05,27.96,27.02,27.91,28945400
OREX,20110829,1.3,1.39,1.3,1.38,344800
ORIT,20110829,12.99,13.47,12.92,13.42,1549500
ORLY,20110829,64.37,65.25,63.75,65.24,1646900
ORRF,20110829,15.02,15.08,14.54,14.94,26400
OSBC,20110829,1.39,1.39,1.26,1.36,12700
OSBCP,20110829,4.19,4.19,4.18,4.18,400
OSHC,20110829,10.82,10.93,10.82,10.9,1300
OSIR,20110829,5.37,5.54,5.31,5.52,40700
OSIS,20110829,38.09,39.35,37.9,39.32,119700
OSN,20110829,2.26,2.42,2.26,2.26,800
OSTK,20110829,10.38,11.01,10.24,10.98,53600
OSUR,20110829,7.37,7.82,7.3,7.77,116300
OTEX,20110829,57.02,57.9,56.83,57.38,179500
OTIV,20110829,1.67,1.7,1.62,1.69,71900
OTT,20110829,16.87,16.92,16.8,16.9,27200
OTTR,20110829,20.21,20.65,20.21,20.6,173900
OUTD,20110829,6.36,6.71,6.36,6.67,35000
OVBC,20110829,16.35,18.23,16.3,17.01,2900
OVLY,20110829,5.6,5.69,5.41,5.47,4900
OVRL,20110829,2.52,2.55,2.46,2.5,70400
OVTI,20110829,17.76,18,17.01,17.27,9755300
OXBT,20110829,2.5,2.5,2.35,2.4,63400
OXGN,20110829,1.62,1.78,1.61,1.74,524100
OXLC,20110829,15.29,15.89,15.29,15.67,1500
OZRK,20110829,21.95,22.13,21.79,22.11,251700
PAAS,20110829,32.09,32.59,31.2,32,930200
PACB,20110829,6.09,6.82,6.09,6.81,466700
PACQ,20110829,9.41,9.45,9.41,9.45,800
PACQW,20110829,0.59,0.59,0.59,0.59,0
PACR,20110829,4.3,4.51,4.21,4.51,256900
PACW,20110829,15.67,16.13,15.67,16.06,254300
PAGG,20110829,31.4,31.76,31.28,31.73,48200
PANL,20110829,52.95,54.71,49.4,51.22,4248600
PATH,20110829,3.75,4.1,3.58,4.05,209000
PATK,20110829,2.01,2.01,1.97,1.99,900
PATR,20110829,22,22.88,22,22.88,5400
PAYX,20110829,26.59,26.67,26.23,26.47,4793500
PBCT,20110829,11.12,11.47,11.08,11.44,4081800
PBHC,20110829,9.55,9.55,9.55,9.55,500
PBIB,20110829,4.37,4.7,4.2,4.7,17100
PBIP,20110829,5.39,5.8,5.17,5.17,800
PCAR,20110829,36.28,38.02,36.08,38,3630500
PCBK,20110829,8.53,8.69,8.46,8.68,44700
PCCC,20110829,8.81,9,8.78,8.99,32300
PCH,20110829,33.36,34.25,33.25,34.2,210000
PCLN,20110829,510,522.32,509.06,521.01,1118700
PCO,20110829,2.41,2.6,2.41,2.56,935300
PCOM,20110829,8.09,8.69,7.9,8.11,43100
PCRX,20110829,8.74,8.8,8.52,8.63,106600
PCTI,20110829,5.99,6.1,5.91,6.1,27500
PCYC,20110829,11.65,12.04,11.51,11.96,561700
PCYO,20110829,2.97,3.07,2.97,3.04,5200
PDCO,20110829,27.45,28.56,27.42,28.53,1285800
PDEX,20110829,1.78,1.78,1.78,1.78,0
PDFS,20110829,5.07,5.25,5,5.24,92100
PDII,20110829,7.13,7.49,6.81,7.21,29700
PDLI,20110829,5.81,5.95,5.75,5.95,1450200
PEBK,20110829,4.46,4.66,4.46,4.65,1400
PEBO,20110829,10.55,11.28,10.32,11.27,17900
PEGA,20110829,37.55,39.02,37.55,38.92,142800
PEIX,20110829,0.48,0.54,0.43,0.45,8159700
PENN,20110829,37.55,38.73,37.39,38.68,467700
PENX,20110829,5.4,5.5,5.35,5.42,12500
PEOP,20110829,13.84,14.09,13.81,14.09,13000
PERF,20110829,15.34,15.34,15.34,15.34,100
PERY,20110829,19.57,20.75,19.37,20.75,108600
PESI,20110829,1.37,1.46,1.37,1.43,85300
PETM,20110829,41.71,42.7,41.58,42.64,783000
PETS,20110829,10.11,10.41,10.07,10.31,258000
PFBC,20110829,7.76,7.85,7.65,7.85,2100
PFBI,20110829,6.1,6.1,6.1,6.1,300
PFBX,20110829,10.89,10.92,10.85,10.92,500
PFIN,20110829,4.83,4.93,4.75,4.85,7500
PFLT,20110829,11.85,12,11.77,11.96,23400
PFSW,20110829,5.05,5.31,5,5.16,210100
PGC,20110829,10.94,11.12,10.75,10.86,1700
PGNX,20110829,6.03,6.57,6.02,6.56,103100
PGTI,20110829,1.78,1.88,1.7,1.86,69200
PHII,20110829,22.25,22.35,22.25,22.35,200
PHIIK,20110829,22.06,23,21.8,22.82,28900
PHMD,20110829,13.25,13.3,13.1,13.3,2600
PICO,20110829,22.5,23.97,22.5,23.82,110000
PKBK,20110829,6.75,6.86,6.75,6.86,500
PKOH,20110829,15.08,16.21,15.08,16.17,61500
PLAB,20110829,6.71,6.9,6.63,6.88,524600
PLBC,20110829,1.96,1.96,1.96,1.96,200
PLCC,20110829,0.83,0.83,0.83,0.83,0
PLCE,20110829,41,41.6,40.28,41.57,300000
PLCM,20110829,22.18,23.47,22.1,23.4,2847300
PLMT,20110829,10.05,10.05,10.05,10.05,100
PLNR,20110829,2.02,2.06,2.01,2.05,700
PLPC,20110829,56.05,56.47,53.76,54.78,47600
PLTM,20110829,23.68,23.86,23.68,23.82,7600
PLUG,20110829,1.66,1.77,1.65,1.76,224300
PLUS,20110829,24.85,25.44,24.47,25.43,14000
PLXS,20110829,25.33,26.48,25.02,26.38,203100
PLXT,20110829,3.26,3.31,3.24,3.26,119100
PMBC,20110829,4.12,4.27,4.12,4.27,73300
PMCS,20110829,5.87,6.03,5.77,6.03,2083800
PMD,20110829,8.02,8.29,8,8.13,4700
PMFG,20110829,16.31,17.85,16.04,17.75,56600
PMNA,20110829,11.2,11.44,11.2,11.37,6300
PMTC,20110829,17.4,18.04,17.38,18.02,804800
PMTI,20110829,8.16,8.62,8.05,8.5,68300
PNBK,20110829,1.95,2.05,1.95,2.03,1000
PNFP,20110829,11.83,12.5,11.75,12.48,183300
PNNT,20110829,9.9,10.21,9.9,10.2,261500
PNQI,20110829,35.24,36.02,35.24,36.02,14500
PNRA,20110829,113.02,115.59,111.38,115.12,693700
PNRG,20110829,20.4,20.4,20.4,20.4,100
PNTR,20110829,4.45,4.45,4.45,4.45,900
PODD,20110829,16.78,17.14,16.66,17.12,642000
POOL,20110829,25.64,26.59,25.64,26.14,332700
POPE,20110829,44.06,44.15,44.06,44.15,800
POWI,20110829,31.61,32.83,31.5,32.81,233000
POWL,20110829,35.5,38.48,35.5,38.32,60300
POWR,20110829,4.77,4.82,4.62,4.69,77300
POZN,20110829,2.87,3.02,2.85,2.93,236500
PPBI,20110829,6.19,6.45,6.11,6.45,6300
PPHM,20110829,1.4,1.47,1.39,1.43,428700
PRAA,20110829,74.31,75.23,71.88,74.73,58200
PRAN,20110829,1.72,1.78,1.7,1.75,50500
PRCP,20110829,5.7,5.98,5.7,5.95,10900
PRFT,20110829,8.34,8.66,8.34,8.64,104800
PRFZ,20110829,57.17,58.99,57.17,58.99,12100
PRGO,20110829,92.8,94.11,90.96,93.61,697600
PRGS,20110829,20.15,20.8,20.15,20.78,399300
PRGX,20110829,6.02,6.09,5.99,6.05,76200
PRIM,20110829,10.5,11.32,10.5,11.23,191000
PRKR,20110829,0.87,0.9,0.85,0.87,105500
PRLS,20110829,3.75,3.76,3.73,3.76,500
PRMW,20110829,5.28,5.83,5.26,5.66,737000
PROV,20110829,7.98,8.1,7.92,8.09,19000
PRPH,20110829,0.88,0.89,0.82,0.84,8500
PRSC,20110829,10.54,11.11,10.36,11.08,22900
PRTS,20110829,6.13,6.57,6.13,6.4,39800
PRXI,20110829,1.69,1.7,1.65,1.68,49200
PRXL,20110829,19.4,20.18,18.77,20.16,228400
PSAU,20110829,48.98,49.26,48.47,49.26,2000
PSBH,20110829,5.11,5.11,5.1,5.1,500
PSCC,20110829,30.07,30.51,29.82,30.51,52000
PSCD,20110829,25.43,26.11,25.27,26.11,5600
PSCE,20110829,31.53,32.51,31.46,32.5,133300
PSCF,20110829,24.68,25.41,24.67,25.41,9100
PSCH,20110829,28.81,29.44,28.76,29.44,7200
PSCI,20110829,25.71,26.37,25.71,26.37,1700
PSCM,20110829,25.35,26.07,25.31,26.07,1000
PSCT,20110829,25.37,26.25,25.37,26.22,86200
PSCU,20110829,29.75,29.75,29.38,29.72,4100
PSDV,20110829,4.48,4.69,4.45,4.62,48200
PSEC,20110829,8.85,9.1,8.83,9.1,1757900
PSEM,20110829,7.49,7.69,7.48,7.68,64800
PSMT,20110829,58.08,62.02,58,61.8,201000
PSTB,20110829,3.95,4.2,3.87,4.17,55000
PSTI,20110829,2.8,2.8,2.7,2.8,164900
PSTR,20110829,4.6,4.6,4.5,4.6,7400
PSUN,20110829,1.43,1.46,1.37,1.45,1368100
PTEK,20110829,1.09,1.09,1.05,1.05,4800
PTEN,20110829,24.05,24.56,23.87,24.5,1843200
PTIE,20110829,4.71,4.74,4.56,4.59,576900
PTIX,20110829,1.98,2.08,1.98,1.99,300
PTNR,20110829,11.06,11.18,10.96,11.16,396600
PTRY,20110829,12.29,12.97,12.11,12.79,232200
PTSI,20110829,10.52,10.74,10.52,10.56,2700
PTSX,20110829,0.7,0.7,0.7,0.7,0
PULB,20110829,6.61,6.61,6.55,6.55,2300
PURE,20110829,0.81,0.89,0.8,0.83,88100
PVFC,20110829,1.42,1.52,1.37,1.46,26800
PVTB,20110829,8.45,8.84,8.43,8.83,774900
PVTBP,20110829,25.15,25.75,25.15,25.32,9600
PWER,20110829,7.77,7.8,7.64,7.79,2007600
PWOD,20110829,34.96,35.53,34.53,35.53,3900
PWRD,20110829,22.14,23,21.18,21.55,825500
PWX,20110829,12.25,12.83,12.23,12.83,2800
PXLW,20110829,2.21,2.28,2.1,2.28,10300
PZZA,20110829,28.91,29.73,28.91,29.7,150600
PZZI,20110829,3.02,3.02,2.95,3,9600
QABA,20110829,21.07,21.31,21.07,21.31,22200
QADA,20110829,10.73,11.49,10.71,10.92,70200
QADB,20110829,10.68,10.68,10.17,10.54,2200
QBAK,20110829,1.75,1.75,1.7,1.7,3400
QCCO,20110829,3.89,4.03,3.89,3.95,1500
QCLN,20110829,12.31,12.49,12.13,12.49,1500
QCOM,20110829,49.65,51.07,49.44,50.92,14581500
QCOR,20110829,28.2,28.98,28.2,28.67,786400
QCRH,20110829,8.95,9.44,8.95,9.44,8000
QDEL,20110829,14.63,15.16,14.58,15.11,128200
QGEN,20110829,15.25,15.42,15,15.42,1229800
QKLS,20110829,33.12,33.6,32.4,32.64,4000
QLGC,20110829,13.42,13.85,13.35,13.82,717000
QLIK,20110829,24.5,25.77,24.24,25.6,1399300
QLTI,20110829,6.47,7.53,6.47,7.2,2533800
QLTY,20110829,11.71,11.92,11.56,11.91,90400
QNST,20110829,10.67,11.03,10.63,10.98,377400
QQEW,20110829,22.53,23.06,22.53,23.06,85100
QQQ,20110829,53.66,54.67,53.64,54.61,45985700
QQQX,20110829,13.24,13.52,13.24,13.51,71400
QQXT,20110829,21.19,21.62,21.19,21.62,5500
QSII,20110829,44.92,45.555,44.53,45.33,266000
QTEC,20110829,22.34,22.93,22.34,22.9,165800
QTWW,20110829,3.15,3.25,3.06,3.23,162600
QUIK,20110829,2.67,2.74,2.62,2.72,140200
RADA,20110829,2.5,2.65,2.49,2.6,14900
RAIL,20110829,17.4,18.4,17.15,18.29,104400
RAND,20110829,2.82,2.82,2.82,2.82,200
RAVN,20110829,26.365,27.525,26.325,27.48,57500
RBCAA,20110829,17.58,17.83,17.15,17.47,39800
RBCN,20110829,13.33,13.95,12.51,13.78,588400
RBNF,20110829,2.65,2.65,2.54,2.54,900
RBPAA,20110829,1.1,1.1,1.09,1.09,3900
RCII,20110829,26.81,27.57,26.73,27.47,550300
RCKB,20110829,9.52,9.81,9.52,9.8,74500
RCKY,20110829,11.93,11.95,11.82,11.85,6200
RCMT,20110829,4.49,4.49,4.4,4.49,10400
RCON,20110829,1.63,1.63,1.47,1.62,2700
RDA,20110829,9.03,9.53,9.03,9.37,17100
RDCM,20110829,3.6,4.11,3.57,4.11,29200
RDEN,20110829,31.42,33.28,31.42,33,220400
RDI,20110829,4.19,4.29,4.19,4.24,12200
RDNT,20110829,2.61,2.73,2.57,2.71,122100
RDWR,20110829,12.655,13.405,12.645,13.345,162000
RECN,20110829,10.05,10.46,9.93,10.42,124500
REDF,20110829,8.39,8.75,8.21,8.65,380200
REFR,20110829,4.07,4.12,3.76,3.79,41300
REGN,20110829,56.37,58.81,56.15,58.62,973700
REIS,20110829,8.97,9.36,8.97,9.25,18100
RELL,20110829,13.84,14.15,13.84,14.12,61400
RELV,20110829,1.7,1.7,1.58,1.59,3100
RENT,20110829,14.38,14.99,14.34,14.96,29600
REXI,20110829,4.46,4.63,4.35,4.63,98800
REXX,20110829,11.52,12.14,11.4,12.1,720400
RFIL,20110829,3.97,4.27,3.92,4.1,31000
RFMD,20110829,5.64,6.16,5.61,6.08,10518000
RGCO,20110829,18.05,18.05,17.5,17.8,3100
RGDX,20110829,2.17,2.19,2.17,2.19,700
RGEN,20110829,3.32,3.32,3.28,3.28,14200
RGLD,20110829,75,75.56,72.85,74.55,873400
RICK,20110829,7.08,7.37,7.03,7.31,50700
RIGL,20110829,7.55,7.94,7.55,7.89,222900
RIMG,20110829,14.26,14.69,14.26,14.69,26400
RITT,20110829,4.47,4.64,4.36,4.55,11900
RIVR,20110829,16.2,16.2,16.2,16.2,0
RJET,20110829,3.01,3.37,3.01,3.36,563200
RLOC,20110829,14.69,15.32,14.5,15.28,124700
RLOG,20110829,7.39,7.47,7.19,7.25,4600
RMBS,20110829,11.32,11.87,11.27,11.86,960300
RMCF,20110829,8.9,8.94,8.53,8.89,14300
RMKR,20110829,1.03,1.05,1.01,1.04,13200
RMTI,20110829,8.85,9.18,8.65,9.15,71000
RNET,20110829,14.28,15,14.28,14.96,15800
RNIN,20110829,5.9,5.9,5.65,5.7,43400
RNST,20110829,13.66,14.38,13.66,14.24,60800
RNWK,20110829,2.18,2.22,2.17,2.2,277000
ROCK,20110829,8.6,8.86,8.39,8.85,172300
ROCM,20110829,8.41,8.52,8.36,8.4,41300
ROIA,20110829,1.35,1.45,1.34,1.45,3200
ROIAK,20110829,1.3,1.47,1.26,1.45,76600
ROIC,20110829,11.03,11.23,10.93,11.18,204700
ROICW,20110829,0.73,0.74,0.73,0.74,25200
ROLL,20110829,34.5,35.48,33.91,35.05,146500
ROMA,20110829,9.14,9.43,8.94,9.32,14900
ROSE,20110829,44.11,47.46,44.11,47.28,913200
ROSG,20110829,23.4,24.15,22.95,23.55,11900
ROST,20110829,36.58,37.76,36.58,37.755,1055900
ROVI,20110829,45.95,47.48,45.95,47.42,888800
ROYL,20110829,2.53,2.67,2.53,2.65,130700
RP,20110829,19.9,19.9,19.22,19.73,257700
RPRX,20110829,4.4,4.78,4.35,4.75,37500
RPTP,20110829,4.61,4.73,4.46,4.72,151300
RPXC,20110829,25.38,26.79,25,26.62,87500
RRD,20110829,14.45,14.91,14.37,14.89,2602300
RRGB,20110829,30.21,31.79,30.18,31.76,192500
RRST,20110829,5.97,5.97,5.71,5.76,700
RSOL,20110829,2.25,2.29,2.17,2.25,11800
RSTI,20110829,22.51,23.54,22.51,23.51,219400
RSYS,20110829,7.2,7.86,7.2,7.83,57600
RTEC,20110829,7.04,7.14,6.95,7.05,393000
RTIX,20110829,3.33,3.51,3.32,3.48,542500
RUE,20110829,24.89,25.71,24.5,25.7,336600
RUSHA,20110829,17.38,18.62,17.38,18.54,102400
RUSHB,20110829,14.71,15.68,14.71,15.68,1700
RUTH,20110829,4.88,5.1,4.8,5.1,175000
RVBD,20110829,23.11,24.49,23.11,24.17,6147100
RVSB,20110829,2.7,2.7,2.6,2.7,31100
RYAAY,20110829,25.61,26.26,25.56,26.14,143100
SAAS,20110829,3.95,4.14,3.91,4.13,106700
SAFM,20110829,39.08,39.96,38.58,39.57,460200
SAFT,20110829,37.45,39.44,37.45,39.41,41400
SAIA,20110829,11.85,12.19,11.64,12.13,68100
SALM,20110829,2.54,2.57,2.43,2.57,900
SANM,20110829,7.26,7.64,7.2,7.64,966500
SANW,20110829,4.93,5.06,4.91,5.05,16500
SANWW,20110829,0.72,0.72,0.72,0.72,0
SANWZ,20110829,0.28,0.28,0.28,0.28,0
SAPE,20110829,10.45,10.74,10.33,10.69,1143300
SASR,20110829,15.73,16.63,15.7,16.61,69200
SATS,20110829,23.57,24.28,23.29,24.26,129200
SAVE,20110829,12.24,12.67,12.24,12.44,82900
SBAC,20110829,35.87,36.46,35.8,36.36,700100
SBBX,20110829,5.35,5.35,5.35,5.35,1400
SBCF,20110829,1.74,1.76,1.6,1.73,612900
SBGI,20110829,7.78,8.22,7.63,8.2,845800
SBLK,20110829,21.3,21.3,20.4,21.15,304700
SBNY,20110829,53.76,54.59,53.07,54.56,244400
SBNYW,20110829,28,28,28,28,0
SBRA,20110829,11.29,11.81,11.15,11.79,266300
SBSA,20110829,3.19,3.2,2.86,3.08,11900
SBSI,20110829,19.83,20.57,19.81,20.5,60100
SBUX,20110829,37.73,38.08,37.57,38.05,4749400
SCBT,20110829,27.94,29.19,27.94,29.13,41300
SCHL,20110829,26.16,27.5,25.77,27.41,136000
SCHN,20110829,42.4,44.59,42.06,44.57,181100
SCLN,20110829,4.66,4.88,4.66,4.81,305700
SCMP,20110829,3.16,3.22,3.16,3.21,19600
SCOK,20110829,3.75,3.82,3.63,3.74,90700
SCON,20110829,18.12,19.08,18.12,18.96,46300
SCOR,20110829,16.46,16.62,16.12,16.61,260200
SCSC,20110829,30.19,31.69,30.19,31.62,71700
SCSS,20110829,15,15.68,14.77,15.67,887400
SCVL,20110829,17.32,17.6133,17.2067,17.34,75400
SDBT,20110829,2.47,2.47,2.47,2.47,200
SDIX,20110829,1.85,1.96,1.78,1.93,189700
SEAC,20110829,7.49,7.81,7.49,7.62,176000
SEED,20110829,2.71,3.18,2.7,3.05,389400
SEIC,20110829,16.66,17.1,16.64,17.06,1025700
SENEA,20110829,20.8,22.41,20.8,22.21,48700
SENEB,20110829,21.29,21.29,21.29,21.29,0
SEV,20110829,6.23,6.23,6.2,6.2,400
SFLY,20110829,49.41,51.82,48.97,51.23,809400
SFNC,20110829,22.49,23.6,22.49,23.54,45500
SFST,20110829,7.71,7.71,7.71,7.71,100
SGC,20110829,11.48,11.48,11.16,11.25,1500
SGEN,20110829,16.81,17.28,16.68,17.28,2317000
SGI,20110829,15.3,16,15.25,15.91,609800
SGMA,20110829,4.36,4.41,4.36,4.41,600
SGMO,20110829,5.12,5.14,5.02,5.09,358700
SGMS,20110829,8.44,8.73,8.13,8.7,518400
SGNT,20110829,23.85,23.9,22.55,23.09,35200
SGOC,20110829,3.1,3.1,3.1,3.1,0
SGRP,20110829,1.27,1.27,1.27,1.27,300
SHBI,20110829,5.56,5.89,5.56,5.78,2400
SHEN,20110829,13.26,13.79,13.18,13.78,33000
SHFL,20110829,8.45,8.66,8.42,8.43,328700
SHIP,20110829,3.57,3.78,3.55,3.7,2800
SHLD,20110829,56.22,59.8,56.12,59.68,649200
SHLM,20110829,17.28,17.54,16.96,17.45,194500
SHLO,20110829,10.09,10.45,9.78,10.37,13800
SHOO,20110829,35.43,36.26,35.11,36.21,248600
SHOR,20110829,6.49,7,6.36,6.86,407000
SIAL,20110829,62.44,63.98,62.3,63.98,542000
SIBC,20110829,11.5,11.56,11.5,11.55,3200
SIEB,20110829,1.34,1.34,1.34,1.34,0
SIFI,20110829,9.06,9.29,9.06,9.24,27600
SIFY,20110829,4.34,4.54,4.32,4.48,757500
SIGA,20110829,5.29,5.74,5.29,5.74,388800
SIGI,20110829,14.17,15.1,14.17,15.08,189200
SIGM,20110829,7.8,8.24,7.72,8.19,299800
SILC,20110829,13.26,13.91,13.26,13.78,11900
SIMG,20110829,5.15,5.37,5.08,5.35,772400
SIMO,20110829,10.93,11.08,10.71,11.04,191400
SINA,20110829,100.01,100.98,96.55,98,4308000
SINO,20110829,2.81,3.19,2.66,3,114500
SIRI,20110829,1.73,1.81,1.73,1.81,64385100
SIRO,20110829,44.39,46.14,44.05,45.87,337600
SIVB,20110829,44.77,46,44.77,45.93,372200
SIVBO,20110829,24.75,24.75,24.75,24.75,500
SKBI,20110829,2.29,3.3,2.28,2.68,66400
SKUL,20110829,16.37,16.49,15.25,16.01,934800
SKYW,20110829,12.1,12.96,11.96,12.95,630800
SKYY,20110829,16.49,16.87,16.46,16.86,80400
SLAB,20110829,33.42,35.01,33.42,34.95,815400
SLGN,20110829,36.77,37.44,36.77,37.41,269100
SLMAP,20110829,42.5,43.25,42.36,43.25,7400
SLP,20110829,3.21,3.29,3.2,3.23,24600
SLRC,20110829,22.25,23.08,22.02,23.06,258100
SLTC,20110829,5.08,5.1,4.82,5.1,6900
SLTM,20110829,1.79,1.85,1.69,1.81,177700
SLXP,20110829,29.05,30.03,29.05,29.88,711900
SMBC,20110829,21.7,21.7,21.7,21.7,0
SMCI,20110829,13.41,13.99,13.41,13.92,295800
SMED,20110829,3.74,3.83,3.71,3.82,42100
SMIT,20110829,3.3,3.45,3,3.23,4300
SMMF,20110829,3.06,3.12,3.05,3.12,1500
SMRT,20110829,6.9,7.02,6.8,7.02,142500
SMSI,20110829,1.81,1.9,1.81,1.88,447700
SMT,20110829,4.7,4.93,4.51,4.92,90800
SMTC,20110829,21.93,23.01,21.93,23.01,1086000
SMTX,20110829,1.2,1.39,1.2,1.38,88300
SNAK,20110829,3.98,4.08,3.98,4.05,41200
SNBC,20110829,3.12,3.18,2.99,3,333200
SNCR,20110829,27.99,28.75,27.44,28.71,269000
SNDK,20110829,35.5,37.51,35.5,37.39,8735400
SNFCA,20110829,1.35,1.45,1.35,1.45,3300
SNHY,20110829,27.46,28.66,27.46,28.62,97200
SNMX,20110829,4.27,4.59,4.27,4.47,164700
SNPS,20110829,25.29,25.86,25.29,25.82,633800
SNSS,20110829,1.4,1.5,1.39,1.5,310800
SNTA,20110829,4.02,4.35,4.02,4.31,86400
SNTS,20110829,3.07,3.27,3.03,3.26,703600
SOCB,20110829,2.12,2.12,2.1,2.1,700
SODA,20110829,35.85,38,35.5,36.96,1703200
SOFO,20110829,11.12,11.51,10.7,11.2,14900
SOHU,20110829,76.5,79.83,76.5,79.24,1244000
SOMH,20110829,7.85,7.85,7.85,7.85,700
SONA,20110829,6.5,6.5,6.5,6.5,0
SONC,20110829,9.17,9.56,9.17,9.54,403300
SONS,20110829,2.41,2.47,2.39,2.46,2349500
SORL,20110829,3.46,3.57,3.37,3.44,84400
SOXX,20110829,47.63,48.66,47.57,48.6,137400
SPAN,20110829,14.25,14.44,14,14.44,900
SPAR,20110829,4.42,4.75,4.38,4.56,183200
SPBC,20110829,10.79,11.36,10.79,11.35,3700
SPCHA,20110829,1.84,1.84,1.84,1.84,0
SPCHB,20110829,2.32,2.32,2.32,2.32,0
SPEX,20110829,24.8,27.2,24.6,26.6,6300
SPIL,20110829,4.37,4.49,4.33,4.47,1319200
SPIR,20110829,1.75,2.3,1.74,2.11,37500
SPLS,20110829,14.58,14.86,14.46,14.85,6606800
SPMD,20110829,2.21,2.41,2.21,2.27,67500
SPNC,20110829,6.09,6.42,6.05,6.39,92200
SPNS,20110829,3.96,4.17,3.96,4.16,14200
SPPI,20110829,8.49,8.79,8.37,8.78,772000
SPPR,20110829,0.9,0.9,0.83,0.89,54200
SPPRO,20110829,21.1,21.5,21.1,21.5,300
SPPRP,20110829,8.39,8.39,8.39,8.39,0
SPRD,20110829,17.5,17.71,17.27,17.53,711500
SPRO,20110829,2.18,2.25,2.18,2.25,4000
SPRT,20110829,2.42,2.59,2.42,2.51,481800
SPSC,20110829,17.97,18.41,17.8,18.39,47200
SPTN,20110829,14.78,16.75,14.78,16.63,208400
SPU,20110829,2.15,2.16,2.08,2.13,29100
SQI,20110829,14.56,15.47,14.03,14.41,310400
SQNM,20110829,5.81,6.1,5.76,6.09,1236600
SQQQ,20110829,104.6,104.68,98.48,98.76,2098100
SRCE,20110829,21.66,22.98,21.65,22.9,30200
SRCL,20110829,85.14,87.38,84.17,87.36,551100
SRDX,20110829,10.08,10.63,10.05,10.55,37800
SREV,20110829,16.29,16.69,15.97,16.57,389000
SSBI,20110829,6.5,6.62,6.46,6.46,1200
SSFN,20110829,5.56,5.56,5.56,5.56,0
SSNC,20110829,15.99,16.12,15.71,16.11,102300
SSRI,20110829,27.54,28.19,26.78,27.83,737900
SSRX,20110829,13.21,13.6,13.05,13.58,40600
SSYS,20110829,23.84,24.46,23.8,24.19,252200
STAA,20110829,8.41,8.73,8.26,8.37,1046900
STAN,20110829,15.87,16.35,15.57,16.26,36800
STBA,20110829,17.59,18.73,17.4,18.65,110600
STBZ,20110829,14.09,14.45,14.09,14.37,107100
STEC,20110829,8.78,9.35,8.78,9.35,1594900
STEI,20110829,5.8,6.07,5.76,6.06,308300
STEL,20110829,11.01,11.73,11.01,11.71,69900
STEM,20110829,2.32,2.39,2.26,2.31,128300
STFC,20110829,14.02,14.46,14.01,14.35,56500
STKL,20110829,5.13,5.29,5.13,5.18,163200
STLD,20110829,12.21,12.79,12.05,12.72,3202200
STLY,20110829,3.19,3.32,3.19,3.32,13000
STMP,20110829,17,19.07,16.72,18.07,584100
STND,20110829,15.08,15.08,15.08,15.08,0
STNR,20110829,40.25,41.46,40.06,41.44,81800
STRA,20110829,93.53,95.93,93.51,95.69,167700
STRL,20110829,11.75,12.9,11.75,12.89,50300
STRM,20110829,2,2.06,1.87,1.95,14400
STRN,20110829,4.93,4.95,4.9,4.92,1800
STRS,20110829,11,11,11,11,6000
STRT,20110829,23.29,23.29,23.29,23.29,0
STSA,20110829,13.75,15,13.75,14.9,92500
STX,20110829,11.25,11.69,11.13,11.67,4195600
STXS,20110829,9.9,10.8,9.9,10.8,750800
SUBK,20110829,8.14,8.5,8.14,8.35,25900
SUMR,20110829,7.23,7.39,7.23,7.3,29900
SUNS,20110829,15.62,16.09,15.62,15.99,37900
SUPX,20110829,19.32,19.83,19.32,19.79,58600
SURG,20110829,4.9,5.08,4.89,5.07,57600
SUSQ,20110829,6.31,6.6,6.31,6.59,1330100
SUTR,20110829,1,1,0.95,0.96,20300
SVA,20110829,2.22,2.41,2.21,2.36,206300
SVBI,20110829,2.95,3.02,2.81,3.02,1600
SVNT,20110829,4.09,4.29,4.01,4.17,1444500
SVVC,20110829,16.15,16.15,16.02,16.02,900
SWHC,20110829,2.95,3.12,2.91,3.09,370000
SWIR,20110829,7.36,7.49,7.25,7.43,164500
SWKS,20110829,20.33,20.83,20.18,20.8,2828200
SWSH,20110829,3.94,4.29,3.94,4.18,716700
SYBT,20110829,20.03,20.53,20.03,20.46,21000
SYBTP,20110829,11.4,11.4,11.25,11.4,1000
SYKE,20110829,14.67,15.51,14.67,15.42,357200
SYMC,20110829,16.6,16.85,16.58,16.84,4781500
SYMM,20110829,5.53,5.65,5.51,5.64,96500
SYMX,20110829,1.77,1.77,1.6,1.64,257200
SYNA,20110829,25.48,26.21,25.1,26.06,318500
SYNL,20110829,11.17,11.17,10.55,10.68,3400
SYNM,20110829,11.6,12,11.2,12,362000
SYNT,20110829,45.01,46.51,44.99,46.47,90200
SYPR,20110829,3.19,3.3,3.18,3.26,39900
SYUT,20110829,6.16,6.31,5.92,6.31,67500
SZYM,20110829,13.93,14.34,13.77,13.93,231700
TACT,20110829,8.97,9.4,8.94,9.32,11900
TAIT,20110829,1.1,1.1,1.1,1.1,0
TASR,20110829,4.34,4.5,4.27,4.5,505600
TAST,20110829,8.49,9.13,8.3,9.1,54200
TATT,20110829,5.48,5.65,5.47,5.64,8100
TAXI,20110829,9.15,9.56,9.14,9.54,44700
TAYC,20110829,6.47,6.58,6.39,6.58,32700
TAYCP,20110829,18.97,19.5,18.97,19.5,3100
TAYD,20110829,6.3,6.3,6.1,6.15,22100
TBAC,20110829,1.78,1.78,1.51,1.63,16200
TBBK,20110829,7.36,7.76,7.27,7.71,59900
TBNK,20110829,19.85,20.6,19.76,20.52,29800
TBOW,20110829,3.23,3.23,3.15,3.16,30300
TCBI,20110829,23.71,24.89,23.58,24.86,156700
TCBIW,20110829,12.72,12.75,12.72,12.75,5100
TCBK,20110829,13.02,13.71,12.77,13.63,35400
TCCO,20110829,7.95,7.99,7.41,7.59,8000
TCRD,20110829,11.45,11.88,11.37,11.61,40900
TEAR,20110829,1.2,1.2,1.2,1.2,0
TECD,20110829,45.15,46.34,44.75,46.02,629100
TECH,20110829,71.51,71.97,71.27,71.83,134300
TECUA,20110829,7.95,8.8,7.95,8.76,51500
TECUB,20110829,8.15,8.59,8.06,8.59,1200
TELK,20110829,11.1,12,9.9,10.2,87200
TESO,20110829,15.85,15.88,15.2,15.65,337900
TESS,20110829,14.27,14.56,14.27,14.45,41000
TFCO,20110829,3.88,3.88,3.35,3.35,600
TFM,20110829,33.5,35.11,33.5,34.98,399800
TFSL,20110829,8.72,9,8.7,8.96,228800
TGA,20110829,9.25,9.71,9.16,9.63,129400
TGE,20110829,6,6.28,5.93,6.24,29300
THFF,20110829,29.9,31.35,29.74,31.12,61600
THLD,20110829,1.43,1.48,1.42,1.45,67600
THOR,20110829,32.93,33.95,32.72,33.83,459600
THRD,20110829,21.14,21.14,21.14,21.14,100
THRX,20110829,18.58,19.09,18.51,18.99,347400
THTI,20110829,2.16,2.59,2.13,2.59,300
TIBX,20110829,20.75,21.47,20.67,21.43,1923500
TICC,20110829,9.03,9.43,9.03,9.42,252700
TIGR,20110829,3,3,2.95,2.99,2500
TINY,20110829,4.08,4.29,4.08,4.28,111300
TISA,20110829,1.94,1.99,1.9,1.97,27100
TITN,20110829,24.66,25.99,24.18,25.83,325200
TIVO,20110829,10.01,10.65,9.99,10.64,3972800
TKMR,20110829,1.84,1.91,1.72,1.81,48900
TLAB,20110829,3.88,4.11,3.88,4.09,5252700
TLF,20110829,4.79,4.81,4.76,4.81,3800
TMNG,20110829,2.17,2.18,2.17,2.18,400
TNAV,20110829,9.27,9.48,8.99,9.44,222000
TNGO,20110829,11.14,11.14,10.8,11,38800
TOFC,20110829,8.85,8.85,8.75,8.82,3700
TOPS,20110829,2.4,2.4,2.17,2.17,4200
TORM,20110829,14.01,14.42,14,14.42,3500
TOWN,20110829,11.8,12.33,11.8,12.28,45600
TPGI,20110829,2.76,3.04,2.76,2.96,65400
TQNT,20110829,7.83,8.19,7.8,8.18,3811600
TQQQ,20110829,32,33.775,32,33.66,1180000
TRAK,20110829,18.19,19.01,17.82,18.94,196600
TREE,20110829,5.34,5.4,5.14,5.4,2800
TRGT,20110829,15.89,16,15.4,15.71,485300
TRIB,20110829,10.4,10.6,10.4,10.53,20200
TRIT,20110829,4.15,4.5,4.09,4.43,67200
TRLG,20110829,29.28,30.74,29.27,30.7,312800
TRMB,20110829,18.09,18.76,18,18.65,374600
TRMD,20110829,34.7,34.7,19.6,21.5,27500
TRMK,20110829,20.71,21.69,20.71,21.66,539100
TRNS,20110829,11.18,11.82,11.18,11.66,700
TRNX,20110829,22.25,23.44,21.86,23.02,149200
TROW,20110829,51.65,53,51.43,52.99,1946600
TRS,20110829,18.2,19.17,18.19,19.15,150500
TRST,20110829,4.36,4.62,4.33,4.61,719600
TSBK,20110829,4.96,4.96,4.96,4.96,0
TSCO,20110829,60.14,60.99,59.65,60.96,343800
TSEM,20110829,11.1,11.85,11.1,11.7,391000
TSLA,20110829,24.22,24.85,24.02,24.71,803300
TSON,20110829,4.33,4.59,4.19,4.51,54200
TSPT,20110829,2.85,2.87,2.8,2.86,94100
TSRA,20110829,13.73,14.49,13.73,14.46,420700
TSRI,20110829,4.32,4.44,4.32,4.4,1600
TSRX,20110829,6.43,7.16,6.43,6.9,71100
TST,20110829,2.24,2.28,2.24,2.26,26800
TSTC,20110829,5.48,5.78,5.32,5.58,106900
TSYS,20110829,3.8,3.91,3.74,3.85,447400
TTEC,20110829,16.69,17.24,16.69,17.2,142200
TTEK,20110829,19.39,20.12,19.39,20.09,271400
TTGT,20110829,6.37,6.55,6.37,6.5,47100
TTHI,20110829,2.03,2.03,1.94,2.02,23800
TTMI,20110829,10.68,11.22,10.54,11.21,762500
TTWO,20110829,12.2,12.76,12.13,12.7,1687600
TUES,20110829,3.91,4.02,3.82,3.99,362600
TWER,20110829,3.14,3.68,3.13,3.62,498700
TWGP,20110829,22.17,23.5,22.17,23.3,513100
TWIN,20110829,37.09,38.85,36.95,38.69,35200
TWMC,20110829,1.89,1.9,1.89,1.9,12200
TWTC,20110829,18.17,18.92,18.11,18.88,574400
TXCC,20110829,2.58,2.75,2.53,2.72,59100
TXN,20110829,25.78,26.17,25.69,26.16,9048500
TXRH,20110829,13.59,14.06,13.59,14.06,821200
TYPE,20110829,11.6,11.99,11.47,11.93,133400
TZOO,20110829,35.01,38.24,34.78,36.93,1978100
TZYM,20110829,3.1,3.11,3,3.06,20400
UACL,20110829,15.15,16,15.15,15.89,5900
UBCP,20110829,8.57,8.76,8.54,8.66,2700
UBFO,20110829,2.98,3.08,2.98,3.05,2300
UBNK,20110829,15.26,15.7,15.11,15.64,71000
UBOH,20110829,8.55,8.55,8.55,8.55,100
UBPS,20110829,5.75,5.75,5.75,5.75,0
UBSH,20110829,10.48,10.94,10.43,10.91,51900
UBSI,20110829,21.62,22.74,21.5,22.69,280600
UCBA,20110829,6.21,6.21,5.29,5.59,20200
UCBI,20110829,9.27,10.44,9.27,10.31,388800
UCFC,20110829,1.02,1.02,0.98,1.02,2800
UCTT,20110829,5.52,5.81,5.35,5.74,140000
UEIC,20110829,19.61,20.22,19.61,20.17,87400
UEPS,20110829,6.64,6.68,6.56,6.61,173800
UFCS,20110829,16.82,17.84,16.68,17.81,57500
UFPI,20110829,29.04,31.07,29.04,31.05,115700
UFPT,20110829,15.13,15.55,14.81,15.1,70800
UG,20110829,14.3,15,14.23,15,6100
UHAL,20110829,72.45,74.39,71.85,74.24,46900
ULBI,20110829,4.77,5.04,4.66,4.91,33100
ULGX,20110829,0.86,0.9,0.86,0.9,2100
ULTA,20110829,57.26,59.45,57,58.97,609600
ULTI,20110829,49.32,49.43,47.7,49.33,235700
ULTR,20110829,3.31,3.37,3.21,3.29,113900
UMBF,20110829,37.68,38.58,37.68,38.49,163200
UMPQ,20110829,9.46,9.8,9.46,9.79,639500
UNAM,20110829,10.63,10.87,10.5,10.86,2200
UNB,20110829,19.6,19.6,19.6,19.6,0
UNFI,20110829,39.29,40.85,39.29,40.83,239600
UNIS,20110829,4.73,4.84,4.62,4.8,226200
UNTD,20110829,5.2,5.44,5.17,5.44,998400
UNTK,20110829,5.57,5.7,5.33,5.65,27800
UNTY,20110829,6.42,6.42,6.4,6.4,2100
UNXL,20110829,5.09,5.1,4.6,4.79,19300
UPI,20110829,5.75,6.03,5.58,6,84800
URBN,20110829,24.98,25.6,24.92,25.46,2543400
URRE,20110829,11.3,11.6,11.1,11.5,1235400
USAK,20110829,7.52,7.57,7.37,7.5,18500
USAP,20110829,33.6,35.1,33.34,35.08,43500
USAT,20110829,1.72,1.87,1.72,1.83,261300
USATP,20110829,17.99,17.99,17.99,17.99,0
USATZ,20110829,1.06,1.06,1.06,1.06,700
USBI,20110829,5.94,5.99,5.92,5.98,2800
USCR,20110829,6.01,6.02,5.92,6,9300
USEG,20110829,2.51,2.76,2.51,2.75,194300
USLM,20110829,39.99,41.57,39.21,41.57,4200
USMO,20110829,15.42,15.57,15.12,15.52,138400
USTR,20110829,29.99,31.32,29.79,31.29,242300
UTEK,20110829,21.68,22.02,21.46,21.79,484500
UTHR,20110829,40.47,40.99,39.93,40.76,1931400
UTIW,20110829,12.98,13.63,12.87,13.59,398300
UTMD,20110829,26.11,26.11,26.11,26.11,0
UTSI,20110829,3.81,4.05,3.69,3.96,185800
UVSP,20110829,14.1,14.95,13.98,14.92,30600
VALU,20110829,12.61,12.72,12.33,12.59,5600
VALV,20110829,1.84,1.99,1.82,1.94,177000
VASC,20110829,11.76,12.19,11.7,12.1,44200
VBFC,20110829,2.3,2.3,2.3,2.3,0
VCBI,20110829,5.68,5.89,5.65,5.88,92500
VCIT,20110829,81.54,81.91,81.5,81.86,171800
VCLK,20110829,14.99,15.63,14.94,15.61,945300
VCLT,20110829,81.51,81.72,81,81.72,17200
VCSH,20110829,78.19,78.45,78.19,78.44,540900
VDSI,20110829,7.87,7.98,7.35,7.44,615400
VECO,20110829,36.11,37.36,35.69,37.31,598500
VELT,20110829,9.95,10.08,9.79,9.99,464900
VGIT,20110829,64.95,64.98,64.88,64.97,12000
VGLT,20110829,68.02,68.45,68.02,68.24,6800
VGSH,20110829,61.14,61.2,61.07,61.15,22700
VIA,20110829,55.79,57.02,55.79,56.99,26600
VIAB,20110829,46.07,47.33,45.93,47.28,4200800
VIAS,20110829,18.19,18.62,18,18.62,4600
VICL,20110829,3.34,3.88,3.26,3.86,1594800
VICR,20110829,10.58,11.17,10.49,11.13,59300
VIDE,20110829,3.67,3.78,3.67,3.78,600
VIFL,20110829,6.09,6.66,5.94,6.47,39100
VIMC,20110829,1.3,1.53,1.3,1.53,74900
VIRC,20110829,2.34,2.34,2.26,2.26,400
VISN,20110829,37.4,37.6,35.8,36.8,217600
VITC,20110829,4.54,4.86,4.54,4.67,69500
VIVO,20110829,17.78,18.88,17.78,18.86,193900
VLCCF,20110829,18.98,19.4,18.17,19.07,229900
VLGEA,20110829,24.99,25.47,24.99,25.4,12100
VLTR,20110829,20.07,20.63,20,20.49,324800
VLYWW,20110829,2.42,2.42,2.42,2.42,0
VMBS,20110829,51.99,51.99,51.82,51.93,2200
VMED,20110829,24.54,25.16,24.27,25.12,2228400
VNDA,20110829,5.97,6,5.93,5.99,121300
VNET,20110829,11.49,12.21,11.29,11.79,255800
VNQI,20110829,47.11,47.66,47.11,47.55,15100
VOCS,20110829,19.16,19.5,18.99,19.37,252200
VOD,20110829,26.79,26.85,26.64,26.78,9831000
VOLC,20110829,29.77,30.58,29.34,30.54,306800
VONE,20110829,54.84,55.34,54.79,55.34,4700
VONG,20110829,57.23,57.69,57.08,57.69,2500
VONV,20110829,52.8,53.2,52.78,53.2,4000
VOXX,20110829,6.21,6.48,6.18,6.48,101900
VPFG,20110829,11.7,12.15,11.55,12.08,203000
VPHM,20110829,18.77,19.81,18.72,19.74,979600
VPRT,20110829,28.47,29.6,28.4,29.21,936100
VRA,20110829,29.03,30.13,28.2,29.97,535400
VRML,20110829,2.66,2.75,2.6,2.73,69500
VRNM,20110829,3.16,3.2,3.01,3.17,160300
VRNT,20110829,26.52,28.41,26.08,28.17,126300
VRSK,20110829,33.79,34.46,33.79,34.42,634300
VRSN,20110829,30.62,31.03,30.56,31,1603800
VRTA,20110829,1.34,1.34,1.25,1.33,7600
VRTB,20110829,1.52,1.6,1.49,1.52,22900
VRTS,20110829,63.42,65,62.89,64.98,38800
VRTU,20110829,15.32,16.48,15.28,15.95,2288800
VRTX,20110829,45,45.33,43.66,43.95,2965400
VSAT,20110829,34.19,35.65,34.09,35.57,243900
VSBN,20110829,10.02,10.02,10.02,10.02,0
VSCI,20110829,2.27,2.27,2.19,2.2,10900
VSCP,20110829,1.33,1.33,1.25,1.28,36900
VSEC,20110829,23.56,24.44,23.35,23.77,76000
VTHR,20110829,54.93,55.55,54.93,55.55,800
VTNC,20110829,6.25,6.38,6.21,6.25,81000
VTSS,20110829,3.45,3.48,3.35,3.39,48700
VTUS,20110829,9.71,9.95,9.58,9.95,13300
VTWG,20110829,58.43,59.33,58.34,59.33,1100
VTWO,20110829,56.15,57.4,56.1,57.4,18500
VTWV,20110829,52.5,52.5,52.5,52.5,0
VVTV,20110829,3.37,3.78,3.35,3.76,1286900
VVUS,20110829,7.5,8.12,7.39,7.99,1665200
VXUS,20110829,44.89,45.51,44.89,45.45,27800
VYFC,20110829,4.5,4.5,4.5,4.5,100
WABC,20110829,41,42.46,41,42.41,123600
WAFD,20110829,14.63,15.13,14.52,15.1,665200
WASH,20110829,20.42,21.42,20.22,21.4,55700
WAVX,20110829,2.34,2.47,2.31,2.46,329000
WAYN,20110829,8.45,8.45,8.4,8.4,800
WBCO,20110829,11.45,12.14,11.37,12.13,40700
WBKC,20110829,13.77,13.93,13.75,13.75,900
WBMD,20110829,33.14,35.22,33.13,35.2,670800
WBSN,20110829,19.66,20.12,19.56,20.1,526700
WCRX,20110829,16.61,17.34,16.61,17.29,1243600
WDC,20110829,28.69,29.11,28.48,29.11,1842800
WDFC,20110829,40.63,41.33,40.5,41.29,74000
WEBM,20110829,5.95,5.95,4.13,5.6,98900
WERN,20110829,23.05,23.67,23.05,23.65,427500
WETF,20110829,9.14,9.6,8.99,9.35,644700
WEYS,20110829,23.25,23.91,23.05,23.87,8800
WFD,20110829,7.69,7.8,7.59,7.79,48500
WFM,20110829,61.59,64.33,61.35,64.29,1624400
WIBC,20110829,2.82,3.09,2.76,3.09,582300
WIFI,20110829,8.51,9,8.51,8.73,62000
WILC,20110829,5.82,5.82,5.64,5.74,7900
WILN,20110829,7.15,7.47,7.08,7.46,76700
WIN,20110829,12.17,12.34,12.15,12.34,5489200
WINA,20110829,45.05,46.2,45.05,46.1,18500
WIRE,20110829,21.33,22.19,21.13,22.15,66400
WLB,20110829,10.66,10.76,10.29,10.76,19200
WLBPZ,20110829,23.86,24.97,20.41,24.6,1600
WLDN,20110829,3.89,3.89,3.81,3.83,2000
WLFC,20110829,12.75,13.15,12.75,12.9,15600
WMAR,20110829,9.13,9.5,9.01,9.45,27600
WMGI,20110829,14.97,15.69,14.59,15.6,311100
WOOD,20110829,37.26,37.69,37.05,37.6,19100
WOOF,20110829,18.11,18.69,17.92,18.65,283200
WPCS,20110829,2.11,2.19,2.11,2.14,4100
WPPGY,20110829,51.26,51.56,51.01,51.48,42500
WPRT,20110829,24,25,23.99,24.88,689200
WRES,20110829,3.24,3.45,3.21,3.43,405700
WRLD,20110829,63.36,64.87,62.97,64.67,143000
WRLS,20110829,6.05,6.15,5.95,6.05,21100
WSB,20110829,2.33,2.49,2.33,2.44,2400
WSBC,20110829,18.36,19.2,18.36,19.2,98800
WSBF,20110829,2.7,2.7,2.6,2.6,1800
WSCI,20110829,5.61,5.74,5.38,5.52,4600
WSFS,20110829,33.55,35.39,33.18,35.33,25500
WSTG,20110829,11.33,11.66,10.75,11.26,27200
WSTL,20110829,2.52,2.55,2.44,2.55,234000
WTBA,20110829,9,9.1,8.83,9.06,42800
WTFC,20110829,30.78,31.47,30.23,31.44,394800
WTFCW,20110829,13.75,14.75,12.75,14.75,1800
WVFC,20110829,9.01,9.01,9.01,9.01,0
WVVI,20110829,3.11,3.14,3.03,3.07,3000
WWD,20110829,30.48,31.8,30.14,31.74,256400
WWWW,20110829,8.64,9.09,8.52,9.01,487900
WYNN,20110829,142.61,147.13,141.82,147.11,1622100
XBKS,20110829,3.43,3.46,3.42,3.46,700
XIDE,20110829,4.99,5.4,4.99,5.38,662600
XLNX,20110829,30.57,31.24,30.42,31.2,3597300
XNPT,20110829,6.8,7.22,6.77,7.09,453700
XOMA,20110829,1.87,2.05,1.83,2.03,346000
XRAY,20110829,34.57,35.19,34.5,35.15,1267000
XRTX,20110829,8.59,8.93,8.48,8.87,148500
XTEX,20110829,15.65,16.18,15.64,16.12,73700
XTXI,20110829,9.93,10.22,9.81,10.21,596800
XWES,20110829,3.12,3.19,3.12,3.12,3200
XXIA,20110829,7.97,8.33,7.87,8.32,406100
YAVY,20110829,1.87,1.88,1.79,1.79,11200
YHOO,20110829,12.86,13.68,12.69,13.68,31000600
YNDX,20110829,30.83,31.08,30.06,30.35,466200
YORW,20110829,18,18.14,17.88,18.04,47600
YRCW,20110829,0.77,0.8,0.68,0.72,4285700
Z,20110829,32.25,33.8,31.28,33.04,287300
ZAGG,20110829,14.89,15.22,14.6,15.01,1277900
ZBRA,20110829,34.14,35.25,34.04,35.09,224600
ZEUS,20110829,19.58,20.4,19.25,20.26,74500
ZGNX,20110829,3.37,3.46,3.33,3.42,67000
ZHNE,20110829,1.25,1.44,1.25,1.35,79200
ZIGO,20110829,12.96,14.3,12.8,13.93,144900
ZINC,20110829,9.94,10.45,9.87,10.43,360500
ZION,20110829,16.54,17.26,16.49,17.26,2830400
ZIONW,20110829,3.13,3.35,3.13,3.35,18500
ZIOP,20110829,5.29,5.54,5.25,5.52,302600
ZIPR,20110829,2.02,2.2,2.02,2.18,6500
ZIXI,20110829,3.23,3.39,3.22,3.37,320100
ZLCS,20110829,1.54,1.62,1.54,1.62,758900
ZN,20110829,2.69,2.92,2.67,2.91,239100
ZOLT,20110829,8.8,8.99,8.66,8.98,218000
ZOOM,20110829,2.06,2.14,2.02,2.06,66000
ZUMZ,20110829,18.98,19.51,18.68,19.5,489300
