<ticker>,<date>,<open>,<high>,<low>,<close>,<vol>
AACC,20121030,6.65,6.65,6.65,6.65,0
AAIT,20121030,26.3,26.3,26.3,26.3,0
AAME,20121030,2.94,2.94,2.94,2.94,0
AAON,20121030,20.73,20.73,20.73,20.73,0
AAPL,20121030,604,604,604,604,0
AAWW,20121030,54.23,54.23,54.23,54.23,0
AAXJ,20121030,56.39,56.39,56.39,56.39,0
ABAX,20121030,36.05,36.05,36.05,36.05,0
ABCB,20121030,10.68,10.68,10.68,10.68,0
ABCD,20121030,0.9,0.9,0.9,0.9,0
ABCO,20121030,46.23,46.23,46.23,46.23,0
ABFS,20121030,7.46,7.46,7.46,7.46,0
ABIO,20121030,1.68,1.68,1.68,1.68,0
ABMD,20121030,18.92,18.92,18.92,18.92,0
ABTL,20121030,3.94,3.94,3.94,3.94,0
ACAD,20121030,2.27,2.27,2.27,2.27,0
ACAS,20121030,11.82,11.82,11.82,11.82,0
ACAT,20121030,35.38,35.38,35.38,35.38,0
ACCL,20121030,8.89,8.89,8.89,8.89,0
ACET,20121030,9.71,9.71,9.71,9.71,0
ACFC,20121030,2.15,2.15,2.15,2.15,0
ACFN,20121030,8.43,8.43,8.43,8.43,0
ACGL,20121030,44.06,44.06,44.06,44.06,0
ACHC,20121030,21.04,21.04,21.04,21.04,0
ACHN,20121030,9.54,9.54,9.54,9.54,0
ACIW,20121030,39.31,39.31,39.31,39.31,0
ACLS,20121030,0.9,0.9,0.9,0.9,0
ACNB,20121030,16.24,16.24,16.24,16.24,0
ACOR,20121030,22.48,22.48,22.48,22.48,0
ACPW,20121030,3.55,3.55,3.55,3.55,0
ACRX,20121030,3.11,3.11,3.11,3.11,0
ACTG,20121030,24.28,24.28,24.28,24.28,0
ACTS,20121030,1.62,1.62,1.62,1.62,0
ACUR,20121030,1.43,1.43,1.43,1.43,0
ACWI,20121030,46.52,46.52,46.52,46.52,0
ACWX,20121030,39.58,39.58,39.58,39.58,0
ACXM,20121030,18.39,18.39,18.39,18.39,0
ADAT,20121030,1.4,1.4,1.4,1.4,0
ADBE,20121030,34.01,34.01,34.01,34.01,0
ADEP,20121030,3.96,3.96,3.96,3.96,0
ADES,20121030,19.5,19.5,19.5,19.5,0
ADI,20121030,39.04,39.04,39.04,39.04,0
ADNC,20121030,6.94,6.94,6.94,6.94,0
ADP,20121030,58.19,58.19,58.19,58.19,0
ADRA,20121030,23.92,23.92,23.92,23.92,0
ADRD,20121030,20,20,20,20,0
ADRE,20121030,39.16,39.16,39.16,39.16,0
ADRU,20121030,19.98,19.98,19.98,19.98,0
ADSK,20121030,32.31,32.31,32.31,32.31,0
ADTN,20121030,17.1,17.1,17.1,17.1,0
ADUS,20121030,5.51,5.51,5.51,5.51,0
ADVS,20121030,23.16,23.16,23.16,23.16,0
AEGN,20121030,18.84,18.84,18.84,18.84,0
AEGR,20121030,22.05,22.05,22.05,22.05,0
AEHR,20121030,0.94,0.94,0.94,0.94,0
AEIS,20121030,11.78,11.78,11.78,11.78,0
AEPI,20121030,63.62,63.62,63.62,63.62,0
AERL,20121030,3.49,3.49,3.49,3.49,0
AETI,20121030,4.6,4.6,4.6,4.6,0
AEY,20121030,2.06,2.06,2.06,2.06,0
AEZS,20121030,2.16,2.16,2.16,2.16,0
AFAM,20121030,20.82,20.82,20.82,20.82,0
AFCB,20121030,16.95,16.95,16.95,16.95,0
AFCE,20121030,25.21,25.21,25.21,25.21,0
AFFX,20121030,3.33,3.33,3.33,3.33,0
AFFY,20121030,23.23,23.23,23.23,23.23,0
AFOP,20121030,10.13,10.13,10.13,10.13,0
AFSI,20121030,24.47,24.47,24.47,24.47,0
AGEN,20121030,4.42,4.42,4.42,4.42,0
AGII,20121030,34.33,34.33,34.33,34.33,0
AGIIL,20121030,25.16,25.16,25.16,25.16,0
AGNC,20121030,32,32,32,32,0
AGNCP,20121030,26.02,26.02,26.02,26.02,0
AGYS,20121030,8.08,8.08,8.08,8.08,0
AHGP,20121030,50,50,50,50,0
AHPI,20121030,2.79,2.79,2.79,2.79,0
AIMC,20121030,17.78,17.78,17.78,17.78,0
AINV,20121030,7.9,7.9,7.9,7.9,0
AIRM,20121030,36.1667,36.1667,36.1667,36.1667,0
AIRT,20121030,8.46,8.46,8.46,8.46,0
AIXG,20121030,12.86,12.86,12.86,12.86,0
AKAM,20121030,38.39,38.39,38.39,38.39,0
AKRX,20121030,12.28,12.28,12.28,12.28,0
ALCO,20121030,31.64,31.64,31.64,31.64,0
ALCS,20121030,9.06,9.06,9.06,9.06,0
ALGN,20121030,26.09,26.09,26.09,26.09,0
ALGT,20121030,71.8,71.8,71.8,71.8,0
ALIM,20121030,2.56,2.56,2.56,2.56,0
ALKS,20121030,18.84,18.84,18.84,18.84,0
ALLB,20121030,12.8,12.8,12.8,12.8,0
ALLT,20121030,22.78,22.78,22.78,22.78,0
ALNY,20121030,16.39,16.39,16.39,16.39,0
ALOG,20121030,74.61,74.61,74.61,74.61,0
ALOT,20121030,8.42,8.42,8.42,8.42,0
ALSK,20121030,2.3,2.3,2.3,2.3,0
ALTE,20121030,24.48,24.48,24.48,24.48,0
ALTI,20121030,0.55,0.55,0.55,0.55,0
ALTR,20121030,30.4,30.4,30.4,30.4,0
ALVR,20121030,4.4,4.4,4.4,4.4,0
ALXA,20121030,5.07,5.07,5.07,5.07,0
ALXN,20121030,95.26,95.26,95.26,95.26,0
AMAG,20121030,15.84,15.84,15.84,15.84,0
AMAP,20121030,10.93,10.93,10.93,10.93,0
AMAT,20121030,10.65,10.65,10.65,10.65,0
AMBA,20121030,6.58,6.58,6.58,6.58,0
AMBT,20121030,3.85,3.85,3.85,3.85,0
AMCC,20121030,5.73,5.73,5.73,5.73,0
AMCF,20121030,0.75,0.75,0.75,0.75,0
AMCN,20121030,2.32,2.32,2.32,2.32,0
AMCX,20121030,46.76,46.76,46.76,46.76,0
AMED,20121030,11.01,11.01,11.01,11.01,0
AMGN,20121030,87.63,87.63,87.63,87.63,0
AMIC,20121030,4.95,4.95,4.95,4.95,0
AMKR,20121030,4.05,4.05,4.05,4.05,0
AMNB,20121030,21.2,21.2,21.2,21.2,0
AMOT,20121030,6.52,6.52,6.52,6.52,0
AMOV,20121030,25.57,25.57,25.57,25.57,0
AMPE,20121030,3.84,3.84,3.84,3.84,0
AMRB,20121030,7.59,7.59,7.59,7.59,0
AMRI,20121030,3.49,3.49,3.49,3.49,0
AMRN,20121030,12.05,12.05,12.05,12.05,0
AMRS,20121030,2.73,2.73,2.73,2.73,0
AMSC,20121030,3.62,3.62,3.62,3.62,0
AMSF,20121030,26.46,26.46,26.46,26.46,0
AMSG,20121030,28.08,28.08,28.08,28.08,0
AMSWA,20121030,8.15,8.15,8.15,8.15,0
AMWD,20121030,22.39,22.39,22.39,22.39,0
AMZN,20121030,238.24,238.24,238.24,238.24,0
ANAC,20121030,6,6,6,6,0
ANAD,20121030,1.37,1.37,1.37,1.37,0
ANAT,20121030,73.02,73.02,73.02,73.02,0
ANCB,20121030,12.5,12.5,12.5,12.5,0
ANCI,20121030,1.61,1.61,1.61,1.61,0
ANCX,20121030,12.84,12.84,12.84,12.84,0
ANDA,20121030,9.81,9.81,9.81,9.81,0
ANDAU,20121030,10.05,10.05,10.05,10.05,0
ANDE,20121030,37.69,37.69,37.69,37.69,0
ANEN,20121030,18.08,18.08,18.08,18.08,0
ANGI,20121030,11.66,11.66,11.66,11.66,0
ANGO,20121030,10.8,10.8,10.8,10.8,0
ANIK,20121030,12.15,12.15,12.15,12.15,0
ANLY,20121030,3.64,3.64,3.64,3.64,0
ANSS,20121030,68.99,68.99,68.99,68.99,0
ANTH,20121030,0.9,0.9,0.9,0.9,0
ANTP,20121030,2.1,2.1,2.1,2.1,0
AOSL,20121030,7.89,7.89,7.89,7.89,0
APAGF,20121030,12.52,12.52,12.52,12.52,0
APEI,20121030,35.79,35.79,35.79,35.79,0
APFC,20121030,12.49,12.49,12.49,12.49,0
APOG,20121030,20.05,20.05,20.05,20.05,0
APOL,20121030,19.72,19.72,19.72,19.72,0
APPY,20121030,2.75,2.75,2.75,2.75,0
APRI,20121030,3.02,3.02,3.02,3.02,0
APSA,20121030,17,17,17,17,0
APWC,20121030,3.18,3.18,3.18,3.18,0
AQUUU,20121030,10,10,10,10,0
ARAY,20121030,6.83,6.83,6.83,6.83,0
ARCC,20121030,17.49,17.49,17.49,17.49,0
ARCI,20121030,2.28,2.28,2.28,2.28,0
ARCP,20121030,12.92,12.92,12.92,12.92,0
ARCW,20121030,7,7,7,7,0
ARDNA,20121030,96.54,96.54,96.54,96.54,0
AREX,20121030,26.02,26.02,26.02,26.02,0
ARIA,20121030,21.8,21.8,21.8,21.8,0
ARII,20121030,29.4,29.4,29.4,29.4,0
ARKR,20121030,16.96,16.96,16.96,16.96,0
ARLP,20121030,64.94,64.94,64.94,64.94,0
ARMH,20121030,31.68,31.68,31.68,31.68,0
ARNA,20121030,8.46,8.46,8.46,8.46,0
AROW,20121030,24.63,24.63,24.63,24.63,0
ARQL,20121030,2.51,2.51,2.51,2.51,0
ARRS,20121030,13.73,13.73,13.73,13.73,0
ARRY,20121030,4.27,4.27,4.27,4.27,0
ARTC,20121030,29.73,29.73,29.73,29.73,0
ARTNA,20121030,22.61,22.61,22.61,22.61,0
ARTW,20121030,6.05,6.05,6.05,6.05,0
ARTX,20121030,1,1,1,1,0
ARUN,20121030,17.99,17.99,17.99,17.99,0
ARWR,20121030,2.17,2.17,2.17,2.17,0
ASBB,20121030,16,16,16,16,0
ASBC,20121030,12.83,12.83,12.83,12.83,0
ASBCW,20121030,1.25,1.25,1.25,1.25,0
ASBI,20121030,6.65,6.65,6.65,6.65,0
ASCA,20121030,18.56,18.56,18.56,18.56,0
ASCMA,20121030,57.54,57.54,57.54,57.54,0
ASEI,20121030,63.29,63.29,63.29,63.29,0
ASFI,20121030,9.35,9.35,9.35,9.35,0
ASIA,20121030,10.26,10.26,10.26,10.26,0
ASMI,20121030,32.15,32.15,32.15,32.15,0
ASML,20121030,54.35,54.35,54.35,54.35,0
ASNA,20121030,20.04,20.04,20.04,20.04,0
ASPS,20121030,115.41,115.41,115.41,115.41,0
ASRV,20121030,2.89,2.89,2.89,2.89,0
ASRVP,20121030,26.5,26.5,26.5,26.5,0
ASTC,20121030,0.85,0.85,0.85,0.85,0
ASTE,20121030,27.95,27.95,27.95,27.95,0
ASTI,20121030,0.77,0.77,0.77,0.77,0
ASTM,20121030,1.46,1.46,1.46,1.46,0
ASTX,20121030,2.55,2.55,2.55,2.55,0
ASUR,20121030,6.89,6.89,6.89,6.89,0
ASYS,20121030,3.37,3.37,3.37,3.37,0
ATAI,20121030,4.96,4.96,4.96,4.96,0
ATAX,20121030,6,6,6,6,0
ATEA,20121030,4.2,4.2,4.2,4.2,0
ATEC,20121030,1.69,1.69,1.69,1.69,0
ATHN,20121030,63.7,63.7,63.7,63.7,0
ATHX,20121030,0.98,0.98,0.98,0.98,0
ATLO,20121030,19.74,19.74,19.74,19.74,0
ATMI,20121030,19.53,19.53,19.53,19.53,0
ATML,20121030,4.73,4.73,4.73,4.73,0
ATNI,20121030,38.93,38.93,38.93,38.93,0
ATNY,20121030,2.6,2.6,2.6,2.6,0
ATRC,20121030,6.3,6.3,6.3,6.3,0
ATRI,20121030,204,204,204,204,0
ATRM,20121030,0.67,0.67,0.67,0.67,0
ATRO,20121030,23,23,23,23,0
ATRS,20121030,3.82,3.82,3.82,3.82,0
ATSG,20121030,3.85,3.85,3.85,3.85,0
ATTU,20121030,7.77,7.77,7.77,7.77,0
ATVI,20121030,10.79,10.79,10.79,10.79,0
ATX,20121030,9.4,9.4,9.4,9.4,0
AUBN,20121030,23.05,23.05,23.05,23.05,0
AUDC,20121030,2.27,2.27,2.27,2.27,0
AUXL,20121030,20.65,20.65,20.65,20.65,0
AVAV,20121030,21.95,21.95,21.95,21.95,0
AVEO,20121030,7.87,7.87,7.87,7.87,0
AVGO,20121030,33.83,33.83,33.83,33.83,0
AVHI,20121030,14.52,14.52,14.52,14.52,0
AVID,20121030,6.02,6.02,6.02,6.02,0
AVNR,20121030,2.99,2.99,2.99,2.99,0
AVNW,20121030,2.41,2.41,2.41,2.41,0
AWAY,20121030,24.93,24.93,24.93,24.93,0
AWRE,20121030,6.09,6.09,6.09,6.09,0
AXAS,20121030,2.11,2.11,2.11,2.11,0
AXFN,20121030,22.04,22.04,22.04,22.04,0
AXJS,20121030,57.33,57.33,57.33,57.33,0
AXTI,20121030,3.23,3.23,3.23,3.23,0
AZPN,20121030,24.41,24.41,24.41,24.41,0
BABY,20121030,11.06,11.06,11.06,11.06,0
BAGL,20121030,15.34,15.34,15.34,15.34,0
BAMM,20121030,2.81,2.81,2.81,2.81,0
BANC,20121030,11.21,11.21,11.21,11.21,0
BANCL,20121030,25.3,25.3,25.3,25.3,0
BANF,20121030,43.67,43.67,43.67,43.67,0
BANFP,20121030,26.41,26.41,26.41,26.41,0
BANR,20121030,28.72,28.72,28.72,28.72,0
BASI,20121030,1.21,1.21,1.21,1.21,0
BBBY,20121030,57.45,57.45,57.45,57.45,0
BBCN,20121030,11.89,11.89,11.89,11.89,0
BBEP,20121030,19.98,19.98,19.98,19.98,0
BBGI,20121030,4.83,4.83,4.83,4.83,0
BBNK,20121030,15.11,15.11,15.11,15.11,0
BBOX,20121030,22.7,22.7,22.7,22.7,0
BBRG,20121030,12.42,12.42,12.42,12.42,0
BBRY,20121030,7.57,7.57,7.57,7.57,0
BBSI,20121030,29.32,29.32,29.32,29.32,0
BCBP,20121030,10.08,10.08,10.08,10.08,0
BCOM,20121030,6.57,6.57,6.57,6.57,0
BCOR,20121030,17.41,17.41,17.41,17.41,0
BCOV,20121030,12.45,12.45,12.45,12.45,0
BCPC,20121030,34.71,34.71,34.71,34.71,0
BCRX,20121030,4.08,4.08,4.08,4.08,0
BCSB,20121030,13.95,13.95,13.95,13.95,0
BDE,20121030,9.5,9.5,9.5,9.5,0
BDGE,20121030,19.95,19.95,19.95,19.95,0
BDMS,20121030,16.88,16.88,16.88,16.88,0
BDSI,20121030,5.07,5.07,5.07,5.07,0
BEAT,20121030,2.47,2.47,2.47,2.47,0
BEAV,20121030,45.45,45.45,45.45,45.45,0
BEBE,20121030,4.04,4.04,4.04,4.04,0
BECN,20121030,30.99,30.99,30.99,30.99,0
BELFA,20121030,15.35,15.35,15.35,15.35,0
BELFB,20121030,16.39,16.39,16.39,16.39,0
BERK,20121030,8.01,8.01,8.01,8.01,0
BFIN,20121030,7.82,7.82,7.82,7.82,0
BFLY,20121030,1.08,1.08,1.08,1.08,0
BGCP,20121030,4.69,4.69,4.69,4.69,0
BGFV,20121030,8.93,8.93,8.93,8.93,0
BGMD,20121030,2.34,2.34,2.34,2.34,0
BGSC,20121030,9.82,9.82,9.82,9.82,0
BGSCU,20121030,9.95,9.95,9.95,9.95,0
BIB,20121030,56.7,56.7,56.7,56.7,0
BICK,20121030,23.5,23.5,23.5,23.5,0
BIDU,20121030,113.84,113.84,113.84,113.84,0
BIIB,20121030,142.93,142.93,142.93,142.93,0
BIOD,20121030,2.82,2.82,2.82,2.82,0
BIOF,20121030,6.42,6.42,6.42,6.42,0
BIOL,20121030,1.91,1.91,1.91,1.91,0
BIOS,20121030,9.06,9.06,9.06,9.06,0
BIRT,20121030,6.39,6.39,6.39,6.39,0
BIS,20121030,70.88,70.88,70.88,70.88,0
BJRI,20121030,32.27,32.27,32.27,32.27,0
BKCC,20121030,9.98,9.98,9.98,9.98,0
BKEP,20121030,6.58,6.58,6.58,6.58,0
BKEPP,20121030,8.65,8.65,8.65,8.65,0
BKMU,20121030,4.45,4.45,4.45,4.45,0
BKOR,20121030,4.57,4.57,4.57,4.57,0
BKSC,20121030,11.85,11.85,11.85,11.85,0
BKYF,20121030,25.04,25.04,25.04,25.04,0
BLDP,20121030,0.73,0.73,0.73,0.73,0
BLDR,20121030,5.16,5.16,5.16,5.16,0
BLIN,20121030,1.56,1.56,1.56,1.56,0
BLKB,20121030,23.58,23.58,23.58,23.58,0
BLMN,20121030,13.13,13.13,13.13,13.13,0
BLMT,20121030,12.81,12.81,12.81,12.81,0
BLRX,20121030,3.05,3.05,3.05,3.05,0
BMC,20121030,40.98,40.98,40.98,40.98,0
BMRC,20121030,36.95,36.95,36.95,36.95,0
BMRN,20121030,38.85,38.85,38.85,38.85,0
BMTC,20121030,22.12,22.12,22.12,22.12,0
BNCL,20121030,9.59,9.59,9.59,9.59,0
BNCN,20121030,7.9,7.9,7.9,7.9,0
BNSO,20121030,1.14,1.14,1.14,1.14,0
BOBE,20121030,37.9,37.9,37.9,37.9,0
BOCH,20121030,4.5,4.5,4.5,4.5,0
BODY,20121030,9.98,9.98,9.98,9.98,0
BOFI,20121030,27.25,27.25,27.25,27.25,0
BOKF,20121030,57.99,57.99,57.99,57.99,0
BOLT,20121030,14.26,14.26,14.26,14.26,0
BONA,20121030,5,5,5,5,0
BONT,20121030,12,12,12,12,0
BOOM,20121030,13.05,13.05,13.05,13.05,0
BOSC,20121030,2.4,2.4,2.4,2.4,0
BOTJ,20121030,6.05,6.05,6.05,6.05,0
BPAX,20121030,1.3,1.3,1.3,1.3,0
BPFH,20121030,9.3,9.3,9.3,9.3,0
BPFHW,20121030,3.62,3.62,3.62,3.62,0
BPHX,20121030,3.78,3.78,3.78,3.78,0
BPOP,20121030,19.51,19.51,19.51,19.51,0
BPOPM,20121030,22.5,22.5,22.5,22.5,0
BPOPN,20121030,23.6,23.6,23.6,23.6,0
BRCD,20121030,5.3,5.3,5.3,5.3,0
BRCM,20121030,31.76,31.76,31.76,31.76,0
BREW,20121030,7.52,7.52,7.52,7.52,0
BRID,20121030,6.95,6.95,6.95,6.95,0
BRKL,20121030,8.48,8.48,8.48,8.48,0
BRKR,20121030,12.06,12.06,12.06,12.06,0
BRKS,20121030,7.22,7.22,7.22,7.22,0
BRLI,20121030,28.02,28.02,28.02,28.02,0
BSDM,20121030,1.94,1.94,1.94,1.94,0
BSET,20121030,11.54,11.54,11.54,11.54,0
BSFT,20121030,35.94,35.94,35.94,35.94,0
BSPM,20121030,1.37,1.37,1.37,1.37,0
BSQR,20121030,2.95,2.95,2.95,2.95,0
BSRR,20121030,11.22,11.22,11.22,11.22,0
BSTC,20121030,15.89,15.89,15.89,15.89,0
BTUI,20121030,1.96,1.96,1.96,1.96,0
BUR,20121030,4.18,4.18,4.18,4.18,0
BUSE,20121030,4.77,4.77,4.77,4.77,0
BV,20121030,12.77,12.77,12.77,12.77,0
BVSN,20121030,8.15,8.15,8.15,8.15,0
BWEN,20121030,2.3,2.3,2.3,2.3,0
BWINA,20121030,23.9,23.9,23.9,23.9,0
BWINB,20121030,24.09,24.09,24.09,24.09,0
BWLD,20121030,75.87,75.87,75.87,75.87,0
BYFC,20121030,1.06,1.06,1.06,1.06,0
CA,20121030,22.73,22.73,22.73,22.73,0
CAAS,20121030,4.96,4.96,4.96,4.96,0
CAC,20121030,34.3,34.3,34.3,34.3,0
CACB,20121030,5.04,5.04,5.04,5.04,0
CACC,20121030,82.69,82.69,82.69,82.69,0
CACH,20121030,2.74,2.74,2.74,2.74,0
CADC,20121030,0.42,0.42,0.42,0.42,0
CADX,20121030,3.63,3.63,3.63,3.63,0
CAFI,20121030,1.65,1.65,1.65,1.65,0
CAKE,20121030,32.66,32.66,32.66,32.66,0
CALD,20121030,4.39,4.39,4.39,4.39,0
CALI,20121030,1.45,1.45,1.45,1.45,0
CALL,20121030,20.72,20.72,20.72,20.72,0
CALM,20121030,42.86,42.86,42.86,42.86,0
CAMP,20121030,8.8,8.8,8.8,8.8,0
CAMT,20121030,1.78,1.78,1.78,1.78,0
CAR,20121030,16.36,16.36,16.36,16.36,0
CARB,20121030,7.27,7.27,7.27,7.27,0
CART,20121030,2.45,2.45,2.45,2.45,0
CARV,20121030,3.44,3.44,3.44,3.44,0
CARZ,20121030,24.79,24.79,24.79,24.79,0
CASH,20121030,22.75,22.75,22.75,22.75,0
CASM,20121030,1.84,1.84,1.84,1.84,0
CASS,20121030,41.9,41.9,41.9,41.9,0
CASY,20121030,51.91,51.91,51.91,51.91,0
CATM,20121030,28.62,28.62,28.62,28.62,0
CATY,20121030,17.87,17.87,17.87,17.87,0
CAVM,20121030,29.9,29.9,29.9,29.9,0
CBAK,20121030,2.13,2.13,2.13,2.13,0
CBAN,20121030,3.74,3.74,3.74,3.74,0
CBEY,20121030,8.53,8.53,8.53,8.53,0
CBF,20121030,17.86,17.86,17.86,17.86,0
CBIN,20121030,13.5,13.5,13.5,13.5,0
CBLI,20121030,1.73,1.73,1.73,1.73,0
CBMX,20121030,4.4,4.4,4.4,4.4,0
CBMXW,20121030,0.4,0.4,0.4,0.4,0
CBNJ,20121030,8.92,8.92,8.92,8.92,0
CBNK,20121030,14.75,14.75,14.75,14.75,0
CBOE,20121030,29.15,29.15,29.15,29.15,0
CBPO,20121030,9.56,9.56,9.56,9.56,0
CBRL,20121030,63.34,63.34,63.34,63.34,0
CBRX,20121030,0.68,0.68,0.68,0.68,0
CBSH,20121030,38.1,38.1,38.1,38.1,0
CBST,20121030,43.36,43.36,43.36,43.36,0
CCBG,20121030,10.54,10.54,10.54,10.54,0
CCCL,20121030,1.47,1.47,1.47,1.47,0
CCIH,20121030,4.83,4.83,4.83,4.83,0
CCIX,20121030,9.38,9.38,9.38,9.38,0
CCMP,20121030,29.17,29.17,29.17,29.17,0
CCNE,20121030,17.02,17.02,17.02,17.02,0
CCOI,20121030,21.7,21.7,21.7,21.7,0
CCRN,20121030,4.54,4.54,4.54,4.54,0
CCUR,20121030,5.21,5.21,5.21,5.21,0
CCXI,20121030,10.77,10.77,10.77,10.77,0
CDNS,20121030,12.8,12.8,12.8,12.8,0
CDTI,20121030,2.61,2.61,2.61,2.61,0
CDXS,20121030,2.66,2.66,2.66,2.66,0
CDZI,20121030,8.7,8.7,8.7,8.7,0
CECE,20121030,9.01,9.01,9.01,9.01,0
CECO,20121030,3.31,3.31,3.31,3.31,0
CEDU,20121030,5.83,5.83,5.83,5.83,0
CELG,20121030,75.2,75.2,75.2,75.2,0
CELGZ,20121030,2.92,2.92,2.92,2.92,0
CEMI,20121030,4.4,4.4,4.4,4.4,0
CEMP,20121030,6.65,6.65,6.65,6.65,0
CENT,20121030,11.27,11.27,11.27,11.27,0
CENTA,20121030,11.41,11.41,11.41,11.41,0
CENX,20121030,7.34,7.34,7.34,7.34,0
CERE,20121030,5.31,5.31,5.31,5.31,0
CERN,20121030,77.37,77.37,77.37,77.37,0
CERS,20121030,3.17,3.17,3.17,3.17,0
CETV,20121030,6.62,6.62,6.62,6.62,0
CEVA,20121030,15.12,15.12,15.12,15.12,0
CFBK,20121030,1.44,1.44,1.44,1.44,0
CFFI,20121030,38.49,38.49,38.49,38.49,0
CFFN,20121030,11.82,11.82,11.82,11.82,0
CFNB,20121030,18.08,18.08,18.08,18.08,0
CFNL,20121030,15.8,15.8,15.8,15.8,0
CG,20121030,25.82,25.82,25.82,25.82,0
CGEN,20121030,3.72,3.72,3.72,3.72,0
CGNX,20121030,35.66,35.66,35.66,35.66,0
CGO,20121030,13.53,13.53,13.53,13.53,0
CHCI,20121030,1.4,1.4,1.4,1.4,0
CHCO,20121030,34.64,34.64,34.64,34.64,0
CHDN,20121030,63.45,63.45,63.45,63.45,0
CHDX,20121030,10.35,10.35,10.35,10.35,0
CHEF,20121030,15.61,15.61,15.61,15.61,0
CHEV,20121030,8.92,8.92,8.92,8.92,0
CHFC,20121030,23.54,23.54,23.54,23.54,0
CHFN,20121030,9.37,9.37,9.37,9.37,0
CHI,20121030,12.64,12.64,12.64,12.64,0
CHKE,20121030,14.74,14.74,14.74,14.74,0
CHKP,20121030,44.27,44.27,44.27,44.27,0
CHLN,20121030,1.48,1.48,1.48,1.48,0
CHNR,20121030,5.7,5.7,5.7,5.7,0
CHOP,20121030,1.46,1.46,1.46,1.46,0
CHRM,20121030,4.69,4.69,4.69,4.69,0
CHRW,20121030,59.41,59.41,59.41,59.41,0
CHSCP,20121030,30.96,30.96,30.96,30.96,0
CHTP,20121030,1.86,1.86,1.86,1.86,0
CHTR,20121030,76.57,76.57,76.57,76.57,0
CHUY,20121030,23.18,23.18,23.18,23.18,0
CHW,20121030,8.55,8.55,8.55,8.55,0
CHXF,20121030,52.18,52.18,52.18,52.18,0
CHY,20121030,12.5,12.5,12.5,12.5,0
CHYR,20121030,0.8,0.8,0.8,0.8,0
CIDM,20121030,1.53,1.53,1.53,1.53,0
CIEN,20121030,12.94,12.94,12.94,12.94,0
CIMT,20121030,3.88,3.88,3.88,3.88,0
CINF,20121030,40.61,40.61,40.61,40.61,0
CISG,20121030,5.77,5.77,5.77,5.77,0
CITZ,20121030,5.6,5.6,5.6,5.6,0
CIZN,20121030,18.25,18.25,18.25,18.25,0
CJJD,20121030,0.7,0.7,0.7,0.7,0
CKEC,20121030,13.06,13.06,13.06,13.06,0
CKSW,20121030,7.03,7.03,7.03,7.03,0
CLBH,20121030,7.12,7.12,7.12,7.12,0
CLCT,20121030,12.03,12.03,12.03,12.03,0
CLDX,20121030,5.47,5.47,5.47,5.47,0
CLFD,20121030,5.02,5.02,5.02,5.02,0
CLIR,20121030,5.33,5.33,5.33,5.33,0
CLMS,20121030,10.88,10.88,10.88,10.88,0
CLMT,20121030,31.74,31.74,31.74,31.74,0
CLNE,20121030,12.11,12.11,12.11,12.11,0
CLNT,20121030,2.58,2.58,2.58,2.58,0
CLRO,20121030,4.29,4.29,4.29,4.29,0
CLRX,20121030,4.04,4.04,4.04,4.04,0
CLSN,20121030,4.3,4.3,4.3,4.3,0
CLUB,20121030,12.64,12.64,12.64,12.64,0
CLVS,20121030,21.34,21.34,21.34,21.34,0
CLWR,20121030,1.9,1.9,1.9,1.9,0
CLWT,20121030,3.28,3.28,3.28,3.28,0
CMCO,20121030,14.6,14.6,14.6,14.6,0
CMCSA,20121030,37.56,37.56,37.56,37.56,0
CMCSK,20121030,36.51,36.51,36.51,36.51,0
CME,20121030,55.42,55.42,55.42,55.42,0
CMGE,20121030,6.5,6.5,6.5,6.5,0
CMLS,20121030,2.5,2.5,2.5,2.5,0
CMSB,20121030,8,8,8,8,0
CMTL,20121030,25.33,25.33,25.33,25.33,0
CNBC,20121030,11.13,11.13,11.13,11.13,0
CNBKA,20121030,32.55,32.55,32.55,32.55,0
CNDO,20121030,5.3,5.3,5.3,5.3,0
CNET,20121030,0.76,0.76,0.76,0.76,0
CNIT,20121030,0.9,0.9,0.9,0.9,0
CNMD,20121030,27.33,27.33,27.33,27.33,0
CNQR,20121030,66.05,66.05,66.05,66.05,0
CNSL,20121030,15.53,15.53,15.53,15.53,0
CNTF,20121030,1.02,1.02,1.02,1.02,0
CNTY,20121030,2.89,2.89,2.89,2.89,0
CNYD,20121030,0.9,0.9,0.9,0.9,0
COA,20121030,6.92,6.92,6.92,6.92,0
COBK,20121030,13.1,13.1,13.1,13.1,0
COBR,20121030,4.91,4.91,4.91,4.91,0
COBZ,20121030,7.08,7.08,7.08,7.08,0
COCO,20121030,2.44,2.44,2.44,2.44,0
COGO,20121030,2.41,2.41,2.41,2.41,0
COHR,20121030,46.7,46.7,46.7,46.7,0
COHU,20121030,8.84,8.84,8.84,8.84,0
COKE,20121030,68.35,68.35,68.35,68.35,0
COLB,20121030,17.65,17.65,17.65,17.65,0
COLM,20121030,56.01,56.01,56.01,56.01,0
CONN,20121030,24.35,24.35,24.35,24.35,0
COOL,20121030,1.05,1.05,1.05,1.05,0
CORE,20121030,47.66,47.66,47.66,47.66,0
CORT,20121030,2.49,2.49,2.49,2.49,0
COSI,20121030,0.67,0.67,0.67,0.67,0
COST,20121030,96.94,96.94,96.94,96.94,0
COWN,20121030,2.5,2.5,2.5,2.5,0
CPAH,20121030,2.43,2.43,2.43,2.43,0
CPBC,20121030,6.05,6.05,6.05,6.05,0
CPGI,20121030,1.2,1.2,1.2,1.2,0
CPHC,20121030,9.75,9.75,9.75,9.75,0
CPHD,20121030,30.46,30.46,30.46,30.46,0
CPIX,20121030,6.04,6.04,6.04,6.04,0
CPLA,20121030,31.74,31.74,31.74,31.74,0
CPLP,20121030,7.8,7.8,7.8,7.8,0
CPNO,20121030,32.08,32.08,32.08,32.08,0
CPRT,20121030,27.3,27.3,27.3,27.3,0
CPRX,20121030,1.65,1.65,1.65,1.65,0
CPSI,20121030,50.07,50.07,50.07,50.07,0
CPSL,20121030,1.75,1.75,1.75,1.75,0
CPSS,20121030,4.2,4.2,4.2,4.2,0
CPST,20121030,0.96,0.96,0.96,0.96,0
CPTS,20121030,18.9,18.9,18.9,18.9,0
CPWR,20121030,8.42,8.42,8.42,8.42,0
CRAI,20121030,17.01,17.01,17.01,17.01,0
CRAY,20121030,12.22,12.22,12.22,12.22,0
CRDC,20121030,1.29,1.29,1.29,1.29,0
CRDS,20121030,3.47,3.47,3.47,3.47,0
CREE,20121030,29.89,29.89,29.89,29.89,0
CREG,20121030,0.95,0.95,0.95,0.95,0
CRESW,20121030,0.09,0.09,0.09,0.09,0
CRESY,20121030,8.04,8.04,8.04,8.04,0
CRFN,20121030,4.4,4.4,4.4,4.4,0
CRIS,20121030,3.83,3.83,3.83,3.83,0
CRMB,20121030,3.15,3.15,3.15,3.15,0
CRMBW,20121030,0.09,0.09,0.09,0.09,0
CRME,20121030,1.4,1.4,1.4,1.4,0
CRMT,20121030,41.54,41.54,41.54,41.54,0
CRNT,20121030,5.25,5.25,5.25,5.25,0
CROX,20121030,12.73,12.73,12.73,12.73,0
CRRB,20121030,5.54,5.54,5.54,5.54,0
CRRC,20121030,12.01,12.01,12.01,12.01,0
CRTX,20121030,4.91,4.91,4.91,4.91,0
CRUS,20121030,39.76,39.76,39.76,39.76,0
CRVL,20121030,43.46,43.46,43.46,43.46,0
CRWN,20121030,1.67,1.67,1.67,1.67,0
CRWS,20121030,5.75,5.75,5.75,5.75,0
CRZO,20121030,26.64,26.64,26.64,26.64,0
CSBK,20121030,10.95,10.95,10.95,10.95,0
CSCD,20121030,5.25,5.25,5.25,5.25,0
CSCO,20121030,17.29,17.29,17.29,17.29,0
CSFL,20121030,8.71,8.71,8.71,8.71,0
CSGP,20121030,84.49,84.49,84.49,84.49,0
CSGS,20121030,21.17,21.17,21.17,21.17,0
CSII,20121030,11.26,11.26,11.26,11.26,0
CSIQ,20121030,2.59,2.59,2.59,2.59,0
CSOD,20121030,28.2,28.2,28.2,28.2,0
CSPI,20121030,5.06,5.06,5.06,5.06,0
CSQ,20121030,10.2,10.2,10.2,10.2,0
CSRE,20121030,21.6,21.6,21.6,21.6,0
CSTE,20121030,15.65,15.65,15.65,15.65,0
CSTR,20121030,44.43,44.43,44.43,44.43,0
CSUN,20121030,1.25,1.25,1.25,1.25,0
CSWC,20121030,108.6,108.6,108.6,108.6,0
CTAS,20121030,41.47,41.47,41.47,41.47,0
CTBI,20121030,33.99,33.99,33.99,33.99,0
CTCH,20121030,2.58,2.58,2.58,2.58,0
CTCM,20121030,8.77,8.77,8.77,8.77,0
CTCT,20121030,11.93,11.93,11.93,11.93,0
CTGX,20121030,18.46,18.46,18.46,18.46,0
CTHR,20121030,3.98,3.98,3.98,3.98,0
CTIB,20121030,4.99,4.99,4.99,4.99,0
CTIC,20121030,1.52,1.52,1.52,1.52,0
CTRN,20121030,11.83,11.83,11.83,11.83,0
CTRP,20121030,19.54,19.54,19.54,19.54,0
CTRX,20121030,47.67,47.67,47.67,47.67,0
CTSH,20121030,66.73,66.73,66.73,66.73,0
CTWS,20121030,30.67,30.67,30.67,30.67,0
CTXS,20121030,62.82,62.82,62.82,62.82,0
CU,20121030,28.83,28.83,28.83,28.83,0
CUBA,20121030,7.69,7.69,7.69,7.69,0
CUI,20121030,5.42,5.42,5.42,5.42,0
CUNB,20121030,12.87,12.87,12.87,12.87,0
CUTR,20121030,7.44,7.44,7.44,7.44,0
CVBF,20121030,10.85,10.85,10.85,10.85,0
CVCO,20121030,47.43,47.43,47.43,47.43,0
CVCY,20121030,8.82,8.82,8.82,8.82,0
CVGI,20121030,7.58,7.58,7.58,7.58,0
CVGW,20121030,23.67,23.67,23.67,23.67,0
CVLT,20121030,53.47,53.47,53.47,53.47,0
CVLY,20121030,15.35,15.35,15.35,15.35,0
CVTI,20121030,4.55,4.55,4.55,4.55,0
CVV,20121030,10.2,10.2,10.2,10.2,0
CWBC,20121030,2.98,2.98,2.98,2.98,0
CWCO,20121030,8,8,8,8,0
CWEI,20121030,42.63,42.63,42.63,42.63,0
CWST,20121030,4.52,4.52,4.52,4.52,0
CWTR,20121030,3.99,3.99,3.99,3.99,0
CXDC,20121030,4.2,4.2,4.2,4.2,0
CXPO,20121030,3.66,3.66,3.66,3.66,0
CY,20121030,9.89,9.89,9.89,9.89,0
CYAN,20121030,6.01,6.01,6.01,6.01,0
CYBE,20121030,6.99,6.99,6.99,6.99,0
CYBX,20121030,46.38,46.38,46.38,46.38,0
CYCC,20121030,6.69,6.69,6.69,6.69,0
CYCCP,20121030,4.1,4.1,4.1,4.1,0
CYMI,20121030,78.96,78.96,78.96,78.96,0
CYNO,20121030,27.41,27.41,27.41,27.41,0
CYOU,20121030,23.98,23.98,23.98,23.98,0
CYTK,20121030,0.65,0.65,0.65,0.65,0
CYTR,20121030,2.33,2.33,2.33,2.33,0
CYTX,20121030,3.94,3.94,3.94,3.94,0
CYTXW,20121030,1.89,1.89,1.89,1.89,0
CZFC,20121030,8.9,8.9,8.9,8.9,0
CZNC,20121030,18.51,18.51,18.51,18.51,0
CZR,20121030,5.85,5.85,5.85,5.85,0
CZWI,20121030,5.6,5.6,5.6,5.6,0
DAEG,20121030,1.23,1.23,1.23,1.23,0
DAIO,20121030,1.94,1.94,1.94,1.94,0
DAKT,20121030,8.9,8.9,8.9,8.9,0
DARA,20121030,0.88,0.88,0.88,0.88,0
DATE,20121030,6.03,6.03,6.03,6.03,0
DAVE,20121030,7.92,7.92,7.92,7.92,0
DBLE,20121030,5,5,5,5,0
DBLEP,20121030,25.95,25.95,25.95,25.95,0
DCIN,20121030,5.1,5.1,5.1,5.1,0
DCIX,20121030,6.01,6.01,6.01,6.01,0
DCOM,20121030,14.51,14.51,14.51,14.51,0
DCTH,20121030,1.67,1.67,1.67,1.67,0
DECK,20121030,29.48,29.48,29.48,29.48,0
DELL,20121030,9.24,9.24,9.24,9.24,0
DENN,20121030,4.67,4.67,4.67,4.67,0
DEPO,20121030,5.78,5.78,5.78,5.78,0
DEST,20121030,19.15,19.15,19.15,19.15,0
DFRG,20121030,15.23,15.23,15.23,15.23,0
DFZ,20121030,15.37,15.37,15.37,15.37,0
DGAS,20121030,19.81,19.81,19.81,19.81,0
DGICA,20121030,13.4,13.4,13.4,13.4,0
DGICB,20121030,18.44,18.44,18.44,18.44,0
DGII,20121030,9.35,9.35,9.35,9.35,0
DGIT,20121030,9.1,9.1,9.1,9.1,0
DGLY,20121030,3,3,3,3,0
DHIL,20121030,76.2,76.2,76.2,76.2,0
DHRM,20121030,1.66,1.66,1.66,1.66,0
DIOD,20121030,14.94,14.94,14.94,14.94,0
DISCA,20121030,58.19,58.19,58.19,58.19,0
DISCB,20121030,60.67,60.67,60.67,60.67,0
DISCK,20121030,53.75,53.75,53.75,53.75,0
DISH,20121030,35.55,35.55,35.55,35.55,0
DJCO,20121030,92.85,92.85,92.85,92.85,0
DLGC,20121030,2.29,2.29,2.29,2.29,0
DLHC,20121030,1.09,1.09,1.09,1.09,0
DLIA,20121030,1.26,1.26,1.26,1.26,0
DLLR,20121030,16.83,16.83,16.83,16.83,0
DLTR,20121030,39.85,39.85,39.85,39.85,0
DMLP,20121030,22.53,22.53,22.53,22.53,0
DMND,20121030,18.49,18.49,18.49,18.49,0
DMRC,20121030,19.52,19.52,19.52,19.52,0
DNBF,20121030,15.75,15.75,15.75,15.75,0
DNDN,20121030,3.85,3.85,3.85,3.85,0
DNKN,20121030,30.92,30.92,30.92,30.92,0
DORM,20121030,30.17,30.17,30.17,30.17,0
DOVR,20121030,3.83,3.83,3.83,3.83,0
DRAD,20121030,2.06,2.06,2.06,2.06,0
DRAM,20121030,3.48,3.48,3.48,3.48,0
DRCO,20121030,6.15,6.15,6.15,6.15,0
DRIV,20121030,13.85,13.85,13.85,13.85,0
DRRX,20121030,1.34,1.34,1.34,1.34,0
DRTX,20121030,8.37,8.37,8.37,8.37,0
DRWI,20121030,2.48,2.48,2.48,2.48,0
DRYS,20121030,2.3,2.3,2.3,2.3,0
DSCI,20121030,11.18,11.18,11.18,11.18,0
DSCO,20121030,2.42,2.42,2.42,2.42,0
DSGX,20121030,8.5,8.5,8.5,8.5,0
DSPG,20121030,5.5,5.5,5.5,5.5,0
DSWL,20121030,2.7,2.7,2.7,2.7,0
DTLK,20121030,8.24,8.24,8.24,8.24,0
DTSI,20121030,20.89,20.89,20.89,20.89,0
DTV,20121030,51.27,51.27,51.27,51.27,0
DVAX,20121030,4.17,4.17,4.17,4.17,0
DVOX,20121030,0.5,0.5,0.5,0.5,0
DWA,20121030,19.85,19.85,19.85,19.85,0
DWCH,20121030,17.57,17.57,17.57,17.57,0
DWSN,20121030,24.62,24.62,24.62,24.62,0
DXCM,20121030,13.37,13.37,13.37,13.37,0
DXPE,20121030,47.86,47.86,47.86,47.86,0
DXYN,20121030,4,4,4,4,0
DYAX,20121030,3.08,3.08,3.08,3.08,0
DYNT,20121030,2.6,2.6,2.6,2.6,0
DYSL,20121030,1.66,1.66,1.66,1.66,0
EA,20121030,11.91,11.91,11.91,11.91,0
EAC,20121030,7.5,7.5,7.5,7.5,0
EBAY,20121030,49.51,49.51,49.51,49.51,0
EBIX,20121030,22.26,22.26,22.26,22.26,0
EBMT,20121030,10.74,10.74,10.74,10.74,0
EBSB,20121030,16.66,16.66,16.66,16.66,0
EBTC,20121030,16.8,16.8,16.8,16.8,0
ECHO,20121030,16.6,16.6,16.6,16.6,0
ECOL,20121030,22.18,22.18,22.18,22.18,0
ECPG,20121030,28.35,28.35,28.35,28.35,0
ECTE,20121030,1.4,1.4,1.4,1.4,0
ECTY,20121030,0.47,0.47,0.47,0.47,0
ECYT,20121030,9.48,9.48,9.48,9.48,0
EDAC,20121030,12.73,12.73,12.73,12.73,0
EDAP,20121030,1.8,1.8,1.8,1.8,0
EDGW,20121030,3.62,3.62,3.62,3.62,0
EDMC,20121030,3.16,3.16,3.16,3.16,0
EDS,20121030,1.53,1.53,1.53,1.53,0
EDUC,20121030,4.04,4.04,4.04,4.04,0
EEFT,20121030,20.48,20.48,20.48,20.48,0
EEI,20121030,12,12,12,12,0
EEMA,20121030,53.5,53.5,53.5,53.5,0
EEME,20121030,53.4,53.4,53.4,53.4,0
EEML,20121030,50.15,50.15,50.15,50.15,0
EFII,20121030,17.57,17.57,17.57,17.57,0
EFSC,20121030,14.04,14.04,14.04,14.04,0
EFUT,20121030,4.28,4.28,4.28,4.28,0
EGAN,20121030,4.55,4.55,4.55,4.55,0
EGBN,20121030,19.02,19.02,19.02,19.02,0
EGHT,20121030,6.67,6.67,6.67,6.67,0
EGLE,20121030,2.96,2.96,2.96,2.96,0
EGOV,20121030,14.23,14.23,14.23,14.23,0
EGRW,20121030,50.52,50.52,50.52,50.52,0
EHTH,20121030,21.99,21.99,21.99,21.99,0
EIHI,20121030,16.74,16.74,16.74,16.74,0
ELGX,20121030,13.88,13.88,13.88,13.88,0
ELNK,20121030,6.46,6.46,6.46,6.46,0
ELON,20121030,3.36,3.36,3.36,3.36,0
ELOS,20121030,9.42,9.42,9.42,9.42,0
ELRC,20121030,15.63,15.63,15.63,15.63,0
ELSE,20121030,3.89,3.89,3.89,3.89,0
ELTK,20121030,1.03,1.03,1.03,1.03,0
EMCB,20121030,79.93,79.93,79.93,79.93,0
EMCF,20121030,20.03,20.03,20.03,20.03,0
EMCI,20121030,22.2,22.2,22.2,22.2,0
EMDI,20121030,50.04,50.04,50.04,50.04,0
EMEY,20121030,43.67,43.67,43.67,43.67,0
EMFN,20121030,24.27,24.27,24.27,24.27,0
EMIF,20121030,33.19,33.19,33.19,33.19,0
EMITF,20121030,2.4,2.4,2.4,2.4,0
EMKR,20121030,4.73,4.73,4.73,4.73,0
EML,20121030,16.03,16.03,16.03,16.03,0
EMMS,20121030,1.91,1.91,1.91,1.91,0
EMMSP,20121030,9.5,9.5,9.5,9.5,0
EMMT,20121030,19.51,19.51,19.51,19.51,0
ENDP,20121030,29.13,29.13,29.13,29.13,0
ENG,20121030,0.39,0.39,0.39,0.39,0
ENMD,20121030,1.73,1.73,1.73,1.73,0
ENOC,20121030,12.14,12.14,12.14,12.14,0
ENPH,20121030,3.51,3.51,3.51,3.51,0
ENSG,20121030,29.5,29.5,29.5,29.5,0
ENTG,20121030,8.21,8.21,8.21,8.21,0
ENTR,20121030,4.52,4.52,4.52,4.52,0
ENVI,20121030,2.15,2.15,2.15,2.15,0
ENZN,20121030,6.44,6.44,6.44,6.44,0
EONC,20121030,0.88,0.88,0.88,0.88,0
EOPN,20121030,17.6,17.6,17.6,17.6,0
EPAX,20121030,5.04,5.04,5.04,5.04,0
EPAY,20121030,23.11,23.11,23.11,23.11,0
EPIQ,20121030,12.14,12.14,12.14,12.14,0
EQIX,20121030,181.83,181.83,181.83,181.83,0
ERIC,20121030,8.68,8.68,8.68,8.68,0
ERIE,20121030,62.59,62.59,62.59,62.59,0
ERII,20121030,3.05,3.05,3.05,3.05,0
EROC,20121030,10.17,10.17,10.17,10.17,0
ESBF,20121030,13.44,13.44,13.44,13.44,0
ESBK,20121030,21.5,21.5,21.5,21.5,0
ESCA,20121030,5.29,5.29,5.29,5.29,0
ESEA,20121030,1.2,1.2,1.2,1.2,0
ESGR,20121030,99.18,99.18,99.18,99.18,0
ESIO,20121030,10.84,10.84,10.84,10.84,0
ESLT,20121030,35.32,35.32,35.32,35.32,0
ESMC,20121030,0.95,0.95,0.95,0.95,0
ESRX,20121030,62.24,62.24,62.24,62.24,0
ESSA,20121030,10,10,10,10,0
ESSX,20121030,3.28,3.28,3.28,3.28,0
ESYS,20121030,3.37,3.37,3.37,3.37,0
ETFC,20121030,8.26,8.26,8.26,8.26,0
ETRM,20121030,3.1,3.1,3.1,3.1,0
EUFN,20121030,18.07,18.07,18.07,18.07,0
EVAC,20121030,6.97,6.97,6.97,6.97,0
EVAL,20121030,48.18,48.18,48.18,48.18,0
EVBS,20121030,5.29,5.29,5.29,5.29,0
EVEP,20121030,65.41,65.41,65.41,65.41,0
EVOL,20121030,6.55,6.55,6.55,6.55,0
EWBC,20121030,21.43,21.43,21.43,21.43,0
EXA,20121030,11.76,11.76,11.76,11.76,0
EXAC,20121030,16.12,16.12,16.12,16.12,0
EXAR,20121030,8.45,8.45,8.45,8.45,0
EXAS,20121030,9.41,9.41,9.41,9.41,0
EXEL,20121030,4.81,4.81,4.81,4.81,0
EXFO,20121030,4.65,4.65,4.65,4.65,0
EXLP,20121030,21.95,21.95,21.95,21.95,0
EXLS,20121030,29.82,29.82,29.82,29.82,0
EXPD,20121030,36.43,36.43,36.43,36.43,0
EXPE,20121030,59.06,59.06,59.06,59.06,0
EXPO,20121030,53.55,53.55,53.55,53.55,0
EXTR,20121030,3.25,3.25,3.25,3.25,0
EXXI,20121030,33.16,33.16,33.16,33.16,0
EZCH,20121030,32.12,32.12,32.12,32.12,0
EZPW,20121030,19.89,19.89,19.89,19.89,0
FABK,20121030,13.03,13.03,13.03,13.03,0
FALC,20121030,2.21,2.21,2.21,2.21,0
FANG,20121030,17.14,17.14,17.14,17.14,0
FARM,20121030,9.75,9.75,9.75,9.75,0
FARO,20121030,40.11,40.11,40.11,40.11,0
FAST,20121030,43.24,43.24,43.24,43.24,0
FB,20121030,21.94,21.94,21.94,21.94,0
FBIZ,20121030,24.4,24.4,24.4,24.4,0
FBMI,20121030,11.1,11.1,11.1,11.1,0
FBMS,20121030,10.1,10.1,10.1,10.1,0
FBNC,20121030,10.23,10.23,10.23,10.23,0
FBNK,20121030,13.65,13.65,13.65,13.65,0
FBRC,20121030,11.6,11.6,11.6,11.6,0
FBSS,20121030,12.85,12.85,12.85,12.85,0
FCAL,20121030,6.79,6.79,6.79,6.79,0
FCAP,20121030,20.51,20.51,20.51,20.51,0
FCBC,20121030,14.97,14.97,14.97,14.97,0
FCCO,20121030,8.6,8.6,8.6,8.6,0
FCCY,20121030,9.05,9.05,9.05,9.05,0
FCEL,20121030,0.9,0.9,0.9,0.9,0
FCFC,20121030,8.02,8.02,8.02,8.02,0
FCFS,20121030,44.84,44.84,44.84,44.84,0
FCHI,20121030,45.43,45.43,45.43,45.43,0
FCLF,20121030,6.47,6.47,6.47,6.47,0
FCNCA,20121030,166.86,166.86,166.86,166.86,0
FCTY,20121030,4.99,4.99,4.99,4.99,0
FCVA,20121030,3.19,3.19,3.19,3.19,0
FCZA,20121030,6,6,6,6,0
FDEF,20121030,17.71,17.71,17.71,17.71,0
FDML,20121030,7.43,7.43,7.43,7.43,0
FDUS,20121030,16.53,16.53,16.53,16.53,0
FEFN,20121030,24.22,24.22,24.22,24.22,0
FEIC,20121030,50.35,50.35,50.35,50.35,0
FEIM,20121030,8.56,8.56,8.56,8.56,0
FELE,20121030,29.345,29.345,29.345,29.345,0
FES,20121030,2.87,2.87,2.87,2.87,0
FFBC,20121030,15.6,15.6,15.6,15.6,0
FFBCW,20121030,5.5,5.5,5.5,5.5,0
FFBH,20121030,9.94,9.94,9.94,9.94,0
FFCH,20121030,14.15,14.15,14.15,14.15,0
FFCO,20121030,15.2,15.2,15.2,15.2,0
FFEX,20121030,1.78,1.78,1.78,1.78,0
FFHL,20121030,1.38,1.38,1.38,1.38,0
FFIC,20121030,15.7,15.7,15.7,15.7,0
FFIN,20121030,36.08,36.08,36.08,36.08,0
FFIV,20121030,81.78,81.78,81.78,81.78,0
FFKT,20121030,12.02,12.02,12.02,12.02,0
FFKY,20121030,2.4,2.4,2.4,2.4,0
FFN,20121030,0.8,0.8,0.8,0.8,0
FFNM,20121030,4.77,4.77,4.77,4.77,0
FFNW,20121030,7.93,7.93,7.93,7.93,0
FHCO,20121030,7.25,7.25,7.25,7.25,0
FIBK,20121030,14.97,14.97,14.97,14.97,0
FINL,20121030,20.57,20.57,20.57,20.57,0
FIRE,20121030,42.58,42.58,42.58,42.58,0
FISI,20121030,18.89,18.89,18.89,18.89,0
FISV,20121030,75.25,75.25,75.25,75.25,0
FITB,20121030,14.49,14.49,14.49,14.49,0
FITBP,20121030,136.97,136.97,136.97,136.97,0
FIVE,20121030,33.4,33.4,33.4,33.4,0
FIZZ,20121030,14.95,14.95,14.95,14.95,0
FLDM,20121030,15.25,15.25,15.25,15.25,0
FLEX,20121030,5.66,5.66,5.66,5.66,0
FLIC,20121030,30.01,30.01,30.01,30.01,0
FLIR,20121030,19.53,19.53,19.53,19.53,0
FLML,20121030,3.84,3.84,3.84,3.84,0
FLOW,20121030,3.46,3.46,3.46,3.46,0
FLWS,20121030,3.55,3.55,3.55,3.55,0
FLXS,20121030,19.95,19.95,19.95,19.95,0
FMBI,20121030,12.77,12.77,12.77,12.77,0
FMCN,20121030,23.8,23.8,23.8,23.8,0
FMER,20121030,13.83,13.83,13.83,13.83,0
FMFC,20121030,8.51,8.51,8.51,8.51,0
FMNB,20121030,5.98,5.98,5.98,5.98,0
FNBN,20121030,11.68,11.68,11.68,11.68,0
FNFG,20121030,8.26,8.26,8.26,8.26,0
FNGN,20121030,23.86,23.86,23.86,23.86,0
FNHC,20121030,5.97,5.97,5.97,5.97,0
FNLC,20121030,16.48,16.48,16.48,16.48,0
FNSR,20121030,11.54,11.54,11.54,11.54,0
FOLD,20121030,5.2,5.2,5.2,5.2,0
FONE,20121030,22.07,22.07,22.07,22.07,0
FONR,20121030,5.07,5.07,5.07,5.07,0
FORD,20121030,1.18,1.18,1.18,1.18,0
FORM,20121030,4.75,4.75,4.75,4.75,0
FORR,20121030,28.99,28.99,28.99,28.99,0
FORTY,20121030,15.65,15.65,15.65,15.65,0
FOSL,20121030,87.24,87.24,87.24,87.24,0
FRAN,20121030,29.3,29.3,29.3,29.3,0
FRBK,20121030,2.1,2.1,2.1,2.1,0
FRED,20121030,13.52,13.52,13.52,13.52,0
FREE,20121030,2.2,2.2,2.2,2.2,0
FRGI,20121030,13.14,13.14,13.14,13.14,0
FRME,20121030,14.65,14.65,14.65,14.65,0
FRNK,20121030,17.32,17.32,17.32,17.32,0
FRP,20121030,7.36,7.36,7.36,7.36,0
FSBK,20121030,5.58,5.58,5.58,5.58,0
FSBW,20121030,11,11,11,11,0
FSC,20121030,10.72,10.72,10.72,10.72,0
FSCI,20121030,25.85,25.85,25.85,25.85,0
FSFG,20121030,18.98,18.98,18.98,18.98,0
FSGI,20121030,2.9,2.9,2.9,2.9,0
FSLR,20121030,23.97,23.97,23.97,23.97,0
FSRV,20121030,29.73,29.73,29.73,29.73,0
FSTR,20121030,32.34,32.34,32.34,32.34,0
FSYS,20121030,16.41,16.41,16.41,16.41,0
FTEK,20121030,4.06,4.06,4.06,4.06,0
FTNT,20121030,19.54,19.54,19.54,19.54,0
FTR,20121030,4.74,4.74,4.74,4.74,0
FUBC,20121030,6.14,6.14,6.14,6.14,0
FULL,20121030,8.45,8.45,8.45,8.45,0
FULT,20121030,9.73,9.73,9.73,9.73,0
FUNC,20121030,6.71,6.71,6.71,6.71,0
FUND,20121030,6.61,6.61,6.61,6.61,0
FURX,20121030,18.95,18.95,18.95,18.95,0
FWLT,20121030,22.23,22.23,22.23,22.23,0
FWRD,20121030,32.81,32.81,32.81,32.81,0
FXCB,20121030,15.53,15.53,15.53,15.53,0
FXEN,20121030,5.41,5.41,5.41,5.41,0
GABC,20121030,22.12,22.12,22.12,22.12,0
GAGA,20121030,3.97,3.97,3.97,3.97,0
GAI,20121030,5.5,5.5,5.5,5.5,0
GAIA,20121030,3.37,3.37,3.37,3.37,0
GAIN,20121030,7.43,7.43,7.43,7.43,0
GAINP,20121030,25.15,25.15,25.15,25.15,0
GALE,20121030,2.15,2.15,2.15,2.15,0
GALT,20121030,1.88,1.88,1.88,1.88,0
GALTU,20121030,5.5,5.5,5.5,5.5,0
GALTW,20121030,0.49,0.49,0.49,0.49,0
GAME,20121030,3.38,3.38,3.38,3.38,0
GASS,20121030,6.71,6.71,6.71,6.71,0
GBCI,20121030,14.56,14.56,14.56,14.56,0
GBDC,20121030,15.87,15.87,15.87,15.87,0
GBLI,20121030,22,22,22,22,0
GBNK,20121030,1.84,1.84,1.84,1.84,0
GCBC,20121030,21.44,21.44,21.44,21.44,0
GCFB,20121030,2.2,2.2,2.2,2.2,0
GCOM,20121030,10.96,10.96,10.96,10.96,0
GCVRZ,20121030,1.84,1.84,1.84,1.84,0
GENC,20121030,7.1,7.1,7.1,7.1,0
GENE,20121030,3.41,3.41,3.41,3.41,0
GENT,20121030,11,11,11,11,0
GEOS,20121030,65.37,65.37,65.37,65.37,0
GERN,20121030,1.3,1.3,1.3,1.3,0
GEVA,20121030,43.81,43.81,43.81,43.81,0
GEVO,20121030,2.07,2.07,2.07,2.07,0
GFED,20121030,7.05,7.05,7.05,7.05,0
GFN,20121030,4,4,4,4,0
GFNCZ,20121030,0.2,0.2,0.2,0.2,0
GGAL,20121030,5.3,5.3,5.3,5.3,0
GHDX,20121030,31.52,31.52,31.52,31.52,0
GIFI,20121030,24.05,24.05,24.05,24.05,0
GIGA,20121030,1.71,1.71,1.71,1.71,0
GIGM,20121030,0.98,0.98,0.98,0.98,0
GIII,20121030,35.69,35.69,35.69,35.69,0
GILD,20121030,33.535,33.535,33.535,33.535,0
GILT,20121030,4.31,4.31,4.31,4.31,0
GIVN,20121030,18.3,18.3,18.3,18.3,0
GKNT,20121030,17.86,17.86,17.86,17.86,0
GLAD,20121030,8.77,8.77,8.77,8.77,0
GLADP,20121030,25.39,25.39,25.39,25.39,0
GLBS,20121030,2.3,2.3,2.3,2.3,0
GLBZ,20121030,10.96,10.96,10.96,10.96,0
GLCH,20121030,0.72,0.72,0.72,0.72,0
GLDC,20121030,3.25,3.25,3.25,3.25,0
GLDD,20121030,7.15,7.15,7.15,7.15,0
GLNG,20121030,38.88,38.88,38.88,38.88,0
GLPW,20121030,17.02,17.02,17.02,17.02,0
GLRE,20121030,25.48,25.48,25.48,25.48,0
GLUU,20121030,3.25,3.25,3.25,3.25,0
GMAN,20121030,14.99,14.99,14.99,14.99,0
GMCR,20121030,24.36,24.36,24.36,24.36,0
GMETP,20121030,5.6,5.6,5.6,5.6,0
GMLP,20121030,31.47,31.47,31.47,31.47,0
GNCMA,20121030,9.13,9.13,9.13,9.13,0
GNMA,20121030,50.54,50.54,50.54,50.54,0
GNMK,20121030,8.54,8.54,8.54,8.54,0
GNTX,20121030,16.77,16.77,16.77,16.77,0
GNVC,20121030,1.41,1.41,1.41,1.41,0
GOLD,20121030,117.98,117.98,117.98,117.98,0
GOOD,20121030,18.12,18.12,18.12,18.12,0
GOODN,20121030,25.3,25.3,25.3,25.3,0
GOODO,20121030,25.1,25.1,25.1,25.1,0
GOODP,20121030,26.1,26.1,26.1,26.1,0
GOOG,20121030,675.15,675.15,675.15,675.15,0
GPIC,20121030,6.1,6.1,6.1,6.1,0
GPOR,20121030,31.81,31.81,31.81,31.81,0
GPRC,20121030,1.66,1.66,1.66,1.66,0
GPRE,20121030,6.03,6.03,6.03,6.03,0
GRFS,20121030,24.51,24.51,24.51,24.51,0
GRID,20121030,27.66,27.66,27.66,27.66,0
GRIF,20121030,25.74,25.74,25.74,25.74,0
GRMN,20121030,38.99,38.99,38.99,38.99,0
GROW,20121030,5.45,5.45,5.45,5.45,0
GRPN,20121030,4.47,4.47,4.47,4.47,0
GRVY,20121030,1.35,1.35,1.35,1.35,0
GSBC,20121030,28.08,28.08,28.08,28.08,0
GSIG,20121030,7.96,7.96,7.96,7.96,0
GSIT,20121030,5.46,5.46,5.46,5.46,0
GSJK,20121030,17.31,17.31,17.31,17.31,0
GSM,20121030,15.01,15.01,15.01,15.01,0
GSOL,20121030,5.59,5.59,5.59,5.59,0
GSVC,20121030,7.95,7.95,7.95,7.95,0
GTAT,20121030,5.12,5.12,5.12,5.12,0
GTIM,20121030,1.47,1.47,1.47,1.47,0
GTIV,20121030,9.5,9.5,9.5,9.5,0
GTLS,20121030,71.5,71.5,71.5,71.5,0
GTWN,20121030,11.05,11.05,11.05,11.05,0
GTXI,20121030,4.23,4.23,4.23,4.23,0
GUID,20121030,12.19,12.19,12.19,12.19,0
GULF,20121030,14.58,14.58,14.58,14.58,0
GURE,20121030,1.46,1.46,1.46,1.46,0
GYRO,20121030,107,107,107,107,0
HA,20121030,5.75,5.75,5.75,5.75,0
HAFC,20121030,12.23,12.23,12.23,12.23,0
HAIN,20121030,57.46,57.46,57.46,57.46,0
HALL,20121030,7.52,7.52,7.52,7.52,0
HALO,20121030,5.23,5.23,5.23,5.23,0
HAS,20121030,36.35,36.35,36.35,36.35,0
HAST,20121030,2.01,2.01,2.01,2.01,0
HAUP,20121030,0.93,0.93,0.93,0.93,0
HAYN,20121030,50.87,50.87,50.87,50.87,0
HBAN,20121030,6.33,6.33,6.33,6.33,0
HBANP,20121030,1240,1240,1240,1240,0
HBCP,20121030,18.55,18.55,18.55,18.55,0
HBHC,20121030,31.25,31.25,31.25,31.25,0
HBIO,20121030,4.03,4.03,4.03,4.03,0
HBK,20121030,11.55,11.55,11.55,11.55,0
HBMD,20121030,6.5,6.5,6.5,6.5,0
HBNC,20121030,19.4,19.4,19.4,19.4,0
HBNK,20121030,12.99,12.99,12.99,12.99,0
HBOS,20121030,13.35,13.35,13.35,13.35,0
HCBK,20121030,8.62,8.62,8.62,8.62,0
HCCI,20121030,17.56,17.56,17.56,17.56,0
HCIIP,20121030,22.45,22.45,22.45,22.45,0
HCKT,20121030,3.7,3.7,3.7,3.7,0
HCOM,20121030,16.76,16.76,16.76,16.76,0
HCSG,20121030,23.63,23.63,23.63,23.63,0
HDNG,20121030,10.06,10.06,10.06,10.06,0
HDSN,20121030,3.97,3.97,3.97,3.97,0
HEES,20121030,13.8,13.8,13.8,13.8,0
HELE,20121030,29.29,29.29,29.29,29.29,0
HEOP,20121030,5.41,5.41,5.41,5.41,0
HERO,20121030,4.86,4.86,4.86,4.86,0
HFBC,20121030,7.99,7.99,7.99,7.99,0
HFBL,20121030,17.62,17.62,17.62,17.62,0
HFFC,20121030,12.61,12.61,12.61,12.61,0
HFWA,20121030,14.01,14.01,14.01,14.01,0
HGSH,20121030,0.4,0.4,0.4,0.4,0
HIBB,20121030,53.45,53.45,53.45,53.45,0
HIFS,20121030,67.78,67.78,67.78,67.78,0
HIHO,20121030,1.85,1.85,1.85,1.85,0
HILL,20121030,0.96,0.96,0.96,0.96,0
HIMX,20121030,1.84,1.84,1.84,1.84,0
HITK,20121030,31.8,31.8,31.8,31.8,0
HITT,20121030,56.01,56.01,56.01,56.01,0
HLIT,20121030,4.34,4.34,4.34,4.34,0
HLSS,20121030,19.16,19.16,19.16,19.16,0
HMIN,20121030,28.56,28.56,28.56,28.56,0
HMNF,20121030,3.35,3.35,3.35,3.35,0
HMNY,20121030,2,2,2,2,0
HMPR,20121030,1.3,1.3,1.3,1.3,0
HMST,20121030,22.4,22.4,22.4,22.4,0
HMSY,20121030,20.61,20.61,20.61,20.61,0
HNH,20121030,14.87,14.87,14.87,14.87,0
HNRG,20121030,9.58,9.58,9.58,9.58,0
HNSN,20121030,1.81,1.81,1.81,1.81,0
HOFT,20121030,13.69,13.69,13.69,13.69,0
HOGS,20121030,11.58,11.58,11.58,11.58,0
HOLI,20121030,10.41,10.41,10.41,10.41,0
HOLL,20121030,1.36,1.36,1.36,1.36,0
HOLX,20121030,20.55,20.55,20.55,20.55,0
HOMB,20121030,34.4,34.4,34.4,34.4,0
HOME,20121030,10.33,10.33,10.33,10.33,0
HOTT,20121030,8.65,8.65,8.65,8.65,0
HOVNP,20121030,11.87,11.87,11.87,11.87,0
HPAC,20121030,10.21,10.21,10.21,10.21,0
HPCCP,20121030,28.48,28.48,28.48,28.48,0
HPJ,20121030,1.02,1.02,1.02,1.02,0
HPOL,20121030,1.43,1.43,1.43,1.43,0
HPTX,20121030,10.53,10.53,10.53,10.53,0
HRZN,20121030,16.22,16.22,16.22,16.22,0
HSIC,20121030,74.18,74.18,74.18,74.18,0
HSII,20121030,12.02,12.02,12.02,12.02,0
HSKA,20121030,8.65,8.65,8.65,8.65,0
HSNI,20121030,49.25,49.25,49.25,49.25,0
HSOL,20121030,1.04,1.04,1.04,1.04,0
HSON,20121030,4.16,4.16,4.16,4.16,0
HSTM,20121030,25.07,25.07,25.07,25.07,0
HTBI,20121030,13.44,13.44,13.44,13.44,0
HTBK,20121030,6.5,6.5,6.5,6.5,0
HTCH,20121030,1.38,1.38,1.38,1.38,0
HTCO,20121030,10.45,10.45,10.45,10.45,0
HTHT,20121030,16.96,16.96,16.96,16.96,0
HTLD,20121030,13.53,13.53,13.53,13.53,0
HTLF,20121030,27.92,27.92,27.92,27.92,0
HTWR,20121030,84.12,84.12,84.12,84.12,0
HUBG,20121030,30.99,30.99,30.99,30.99,0
HURC,20121030,22.89,22.89,22.89,22.89,0
HURN,20121030,31.75,31.75,31.75,31.75,0
HWAY,20121030,9.54,9.54,9.54,9.54,0
HWBK,20121030,9,9,9,9,0
HWCC,20121030,11,11,11,11,0
HWKN,20121030,39.52,39.52,39.52,39.52,0
HYGS,20121030,6.05,6.05,6.05,6.05,0
HZNP,20121030,2.72,2.72,2.72,2.72,0
IACI,20121030,49.18,49.18,49.18,49.18,0
IART,20121030,37,37,37,37,0
IBB,20121030,134.96,134.96,134.96,134.96,0
IBCA,20121030,4.13,4.13,4.13,4.13,0
IBCP,20121030,3.26,3.26,3.26,3.26,0
IBCPO,20121030,26.25,26.25,26.25,26.25,0
IBKC,20121030,49.24,49.24,49.24,49.24,0
IBKR,20121030,14,14,14,14,0
IBOC,20121030,18.21,18.21,18.21,18.21,0
ICAD,20121030,1.92,1.92,1.92,1.92,0
ICCC,20121030,4.9,4.9,4.9,4.9,0
ICFI,20121030,18.25,18.25,18.25,18.25,0
ICGE,20121030,10.67,10.67,10.67,10.67,0
ICLN,20121030,6.54,6.54,6.54,6.54,0
ICLR,20121030,24.02,24.02,24.02,24.02,0
ICON,20121030,18.64,18.64,18.64,18.64,0
ICPT,20121030,19.02,19.02,19.02,19.02,0
ICUI,20121030,59.29,59.29,59.29,59.29,0
IDCC,20121030,36.01,36.01,36.01,36.01,0
IDIX,20121030,3.75,3.75,3.75,3.75,0
IDRA,20121030,0.88,0.88,0.88,0.88,0
IDSA,20121030,3.38,3.38,3.38,3.38,0
IDSY,20121030,5.25,5.25,5.25,5.25,0
IDTI,20121030,5.58,5.58,5.58,5.58,0
IDXX,20121030,95.76,95.76,95.76,95.76,0
IEP,20121030,41.49,41.49,41.49,41.49,0
IESC,20121030,5.39,5.39,5.39,5.39,0
IFAS,20121030,32.24,32.24,32.24,32.24,0
IFEU,20121030,29.13,29.13,29.13,29.13,0
IFGL,20121030,31.96,31.96,31.96,31.96,0
IFNA,20121030,46.4,46.4,46.4,46.4,0
IFON,20121030,0.97,0.97,0.97,0.97,0
IFSM,20121030,34.81,34.81,34.81,34.81,0
IGLD,20121030,4.94,4.94,4.94,4.94,0
IGOI,20121030,3.12,3.12,3.12,3.12,0
IGOV,20121030,102.71,102.71,102.71,102.71,0
IGTE,20121030,16.14,16.14,16.14,16.14,0
III,20121030,1.27,1.27,1.27,1.27,0
IIIN,20121030,11.41,11.41,11.41,11.41,0
IIJI,20121030,13.48,13.48,13.48,13.48,0
IILG,20121030,19,19,19,19,0
IIN,20121030,4.95,4.95,4.95,4.95,0
IIVI,20121030,16.81,16.81,16.81,16.81,0
IKAN,20121030,1.42,1.42,1.42,1.42,0
IKNX,20121030,8.06,8.06,8.06,8.06,0
ILMN,20121030,47.93,47.93,47.93,47.93,0
IMGN,20121030,11.47,11.47,11.47,11.47,0
IMI,20121030,6.98,6.98,6.98,6.98,0
IMKTA,20121030,15.95,15.95,15.95,15.95,0
IMMR,20121030,4.19,4.19,4.19,4.19,0
IMMU,20121030,3.33,3.33,3.33,3.33,0
IMOS,20121030,10.22,10.22,10.22,10.22,0
IMRS,20121030,3.81,3.81,3.81,3.81,0
INAP,20121030,6.91,6.91,6.91,6.91,0
INCY,20121030,16.18,16.18,16.18,16.18,0
INDB,20121030,29.36,29.36,29.36,29.36,0
INDY,20121030,24.24,24.24,24.24,24.24,0
INFA,20121030,27.45,27.45,27.45,27.45,0
INFI,20121030,23.07,23.07,23.07,23.07,0
INFN,20121030,4.88,4.88,4.88,4.88,0
ININ,20121030,31.83,31.83,31.83,31.83,0
INOC,20121030,2.1,2.1,2.1,2.1,0
INOD,20121030,3.71,3.71,3.71,3.71,0
INPH,20121030,2.39,2.39,2.39,2.39,0
INSM,20121030,6.22,6.22,6.22,6.22,0
INTC,20121030,21.95,21.95,21.95,21.95,0
INTG,20121030,22.61,22.61,22.61,22.61,0
INTL,20121030,18.41,18.41,18.41,18.41,0
INTT,20121030,2.45,2.45,2.45,2.45,0
INTU,20121030,59.39,59.39,59.39,59.39,0
INTX,20121030,9.43,9.43,9.43,9.43,0
INVE,20121030,1.19,1.19,1.19,1.19,0
INWK,20121030,14.38,14.38,14.38,14.38,0
INXB,20121030,7.75,7.75,7.75,7.75,0
INXBU,20121030,8.21,8.21,8.21,8.21,0
IOSP,20121030,32.33,32.33,32.33,32.33,0
IPAR,20121030,18.3,18.3,18.3,18.3,0
IPAS,20121030,1.9,1.9,1.9,1.9,0
IPCC,20121030,55.98,55.98,55.98,55.98,0
IPCI,20121030,2.95,2.95,2.95,2.95,0
IPCM,20121030,34.83,34.83,34.83,34.83,0
IPGP,20121030,60.3,60.3,60.3,60.3,0
IPHS,20121030,47.72,47.72,47.72,47.72,0
IPXL,20121030,24.34,24.34,24.34,24.34,0
IQNT,20121030,7.87,7.87,7.87,7.87,0
IRBT,20121030,17.99,17.99,17.99,17.99,0
IRDM,20121030,7.23,7.23,7.23,7.23,0
IRDMZ,20121030,1.4,1.4,1.4,1.4,0
IRG,20121030,13.26,13.26,13.26,13.26,0
IRIX,20121030,4,4,4,4,0
IROQ,20121030,13.64,13.64,13.64,13.64,0
IRWD,20121030,12.11,12.11,12.11,12.11,0
ISBC,20121030,17.38,17.38,17.38,17.38,0
ISCA,20121030,25.49,25.49,25.49,25.49,0
ISHG,20121030,97.31,97.31,97.31,97.31,0
ISIG,20121030,1.65,1.65,1.65,1.65,0
ISIL,20121030,7.1,7.1,7.1,7.1,0
ISIS,20121030,8.9,8.9,8.9,8.9,0
ISLE,20121030,6.18,6.18,6.18,6.18,0
ISM,20121030,23.95,23.95,23.95,23.95,0
ISNS,20121030,4.77,4.77,4.77,4.77,0
ISRG,20121030,535.84,535.84,535.84,535.84,0
ISRL,20121030,99.5,99.5,99.5,99.5,0
ISSC,20121030,4.1,4.1,4.1,4.1,0
ISSI,20121030,8.76,8.76,8.76,8.76,0
ITIC,20121030,64.03,64.03,64.03,64.03,0
ITMN,20121030,8.13,8.13,8.13,8.13,0
ITRI,20121030,41.04,41.04,41.04,41.04,0
ITRN,20121030,12.71,12.71,12.71,12.71,0
IVAC,20121030,5.08,5.08,5.08,5.08,0
IVAN,20121030,0.65,0.65,0.65,0.65,0
IXYS,20121030,9.37,9.37,9.37,9.37,0
JACK,20121030,25.67,25.67,25.67,25.67,0
JACQU,20121030,10.02,10.02,10.02,10.02,0
JADE,20121030,1.82,1.82,1.82,1.82,0
JAKK,20121030,12.77,12.77,12.77,12.77,0
JASO,20121030,3.35,3.35,3.35,3.35,0
JAXB,20121030,0.75,0.75,0.75,0.75,0
JAZZ,20121030,54.73,54.73,54.73,54.73,0
JBHT,20121030,57.16,57.16,57.16,57.16,0
JBLU,20121030,5.22,5.22,5.22,5.22,0
JBSS,20121030,14.05,14.05,14.05,14.05,0
JCOM,20121030,29.47,29.47,29.47,29.47,0
JCS,20121030,10.47,10.47,10.47,10.47,0
JCTCF,20121030,14.21,14.21,14.21,14.21,0
JDSU,20121030,10.33,10.33,10.33,10.33,0
JFBI,20121030,2.9,2.9,2.9,2.9,0
JIVE,20121030,11.57,11.57,11.57,11.57,0
JJSF,20121030,56.93,56.93,56.93,56.93,0
JKHY,20121030,37.92,37.92,37.92,37.92,0
JMBA,20121030,2.2,2.2,2.2,2.2,0
JOBS,20121030,46.1,46.1,46.1,46.1,0
JOEZ,20121030,0.96,0.96,0.96,0.96,0
JOSB,20121030,46.58,46.58,46.58,46.58,0
JOUT,20121030,20.02,20.02,20.02,20.02,0
JRCC,20121030,5.09,5.09,5.09,5.09,0
JRJC,20121030,1.24,1.24,1.24,1.24,0
JSM,20121030,24.65,24.65,24.65,24.65,0
JST,20121030,4.39,4.39,4.39,4.39,0
JVA,20121030,6.66,6.66,6.66,6.66,0
JXSB,20121030,17.34,17.34,17.34,17.34,0
KALU,20121030,59.7,59.7,59.7,59.7,0
KBALB,20121030,11.94,11.94,11.94,11.94,0
KCAP,20121030,8.86,8.86,8.86,8.86,0
KCLI,20121030,35.92,35.92,35.92,35.92,0
KELYA,20121030,13.13,13.13,13.13,13.13,0
KELYB,20121030,13.59,13.59,13.59,13.59,0
KEQU,20121030,11.35,11.35,11.35,11.35,0
KERX,20121030,2.44,2.44,2.44,2.44,0
KEYN,20121030,13.08,13.08,13.08,13.08,0
KEYW,20121030,12.44,12.44,12.44,12.44,0
KFFB,20121030,8.14,8.14,8.14,8.14,0
KFRC,20121030,11.85,11.85,11.85,11.85,0
KGJI,20121030,1.34,1.34,1.34,1.34,0
KINS,20121030,4.9,4.9,4.9,4.9,0
KIOR,20121030,6.5,6.5,6.5,6.5,0
KIPO,20121030,6.88,6.88,6.88,6.88,0
KIPS,20121030,1.47,1.47,1.47,1.47,0
KIRK,20121030,9.5,9.5,9.5,9.5,0
KLAC,20121030,46.63,46.63,46.63,46.63,0
KLIC,20121030,9.89,9.89,9.89,9.89,0
KNDI,20121030,4.27,4.27,4.27,4.27,0
KONA,20121030,8.99,8.99,8.99,8.99,0
KONE,20121030,0.22,0.22,0.22,0.22,0
KONG,20121030,5.82,5.82,5.82,5.82,0
KOOL,20121030,0.9,0.9,0.9,0.9,0
KOPN,20121030,3.75,3.75,3.75,3.75,0
KOSS,20121030,4.91,4.91,4.91,4.91,0
KRFT,20121030,45.3,45.3,45.3,45.3,0
KRNY,20121030,9.25,9.25,9.25,9.25,0
KSWS,20121030,2.3,2.3,2.3,2.3,0
KTCC,20121030,10.45,10.45,10.45,10.45,0
KTEC,20121030,8.72,8.72,8.72,8.72,0
KTOS,20121030,5.57,5.57,5.57,5.57,0
KUTV,20121030,0.9,0.9,0.9,0.9,0
KVHI,20121030,13.4,13.4,13.4,13.4,0
KYAK,20121030,33.26,33.26,33.26,33.26,0
KYTH,20121030,24.05,24.05,24.05,24.05,0
LABC,20121030,16.79,16.79,16.79,16.79,0
LABL,20121030,22.34,22.34,22.34,22.34,0
LACO,20121030,2.4,2.4,2.4,2.4,0
LAKE,20121030,5.97,5.97,5.97,5.97,0
LAMR,20121030,39.27,39.27,39.27,39.27,0
LANC,20121030,72.75,72.75,72.75,72.75,0
LARK,20121030,21.23,21.23,21.23,21.23,0
LAWS,20121030,6.57,6.57,6.57,6.57,0
LAYN,20121030,21.78,21.78,21.78,21.78,0
LBAI,20121030,10.12,10.12,10.12,10.12,0
LBIX,20121030,4.23,4.23,4.23,4.23,0
LBTYA,20121030,60.4,60.4,60.4,60.4,0
LBTYB,20121030,61.03,61.03,61.03,61.03,0
LBTYK,20121030,56.55,56.55,56.55,56.55,0
LCAV,20121030,3.8,3.8,3.8,3.8,0
LCNB,20121030,13.75,13.75,13.75,13.75,0
LCUT,20121030,11.25,11.25,11.25,11.25,0
LEAP,20121030,5.37,5.37,5.37,5.37,0
LECO,20121030,39,39,39,39,0
LEDR,20121030,6.71,6.71,6.71,6.71,0
LEDS,20121030,1.21,1.21,1.21,1.21,0
LFUS,20121030,53.12,53.12,53.12,53.12,0
LFVN,20121030,3.16,3.16,3.16,3.16,0
LGCY,20121030,28.9,28.9,28.9,28.9,0
LGND,20121030,15.25,15.25,15.25,15.25,0
LHCG,20121030,17.71,17.71,17.71,17.71,0
LIFE,20121030,48.74,48.74,48.74,48.74,0
LIME,20121030,0.56,0.56,0.56,0.56,0
LINC,20121030,3.64,3.64,3.64,3.64,0
LINE,20121030,41.84,41.84,41.84,41.84,0
LINTA,20121030,20.02,20.02,20.02,20.02,0
LINTB,20121030,19.92,19.92,19.92,19.92,0
LION,20121030,9.81,9.81,9.81,9.81,0
LIOX,20121030,3.21,3.21,3.21,3.21,0
LIVE,20121030,3.76,3.76,3.76,3.76,0
LIWA,20121030,4.26,4.26,4.26,4.26,0
LKFN,20121030,26.57,26.57,26.57,26.57,0
LKQ,20121030,20.76,20.76,20.76,20.76,0
LLEN,20121030,2.14,2.14,2.14,2.14,0
LLNW,20121030,2.11,2.11,2.11,2.11,0
LLTC,20121030,31.58,31.58,31.58,31.58,0
LMAT,20121030,6.14,6.14,6.14,6.14,0
LMCA,20121030,111.57,111.57,111.57,111.57,0
LMCB,20121030,113.5,113.5,113.5,113.5,0
LMIA,20121030,19.87,19.87,19.87,19.87,0
LMNR,20121030,22.45,22.45,22.45,22.45,0
LMNX,20121030,17.49,17.49,17.49,17.49,0
LMOS,20121030,7.96,7.96,7.96,7.96,0
LNBB,20121030,6.01,6.01,6.01,6.01,0
LNCE,20121030,25.26,25.26,25.26,25.26,0
LNCO,20121030,39,39,39,39,0
LNDC,20121030,10.67,10.67,10.67,10.67,0
LOAN,20121030,1.06,1.06,1.06,1.06,0
LOCM,20121030,2.48,2.48,2.48,2.48,0
LOGI,20121030,7.53,7.53,7.53,7.53,0
LOGM,20121030,24.78,24.78,24.78,24.78,0
LOJN,20121030,2.27,2.27,2.27,2.27,0
LONG,20121030,17.18,17.18,17.18,17.18,0
LOOK,20121030,0.83,0.83,0.83,0.83,0
LOPE,20121030,20.89,20.89,20.89,20.89,0
LORL,20121030,73.26,73.26,73.26,73.26,0
LPHI,20121030,2.7,2.7,2.7,2.7,0
LPLA,20121030,28.9,28.9,28.9,28.9,0
LPNT,20121030,36.16,36.16,36.16,36.16,0
LPSB,20121030,11.24,11.24,11.24,11.24,0
LPSN,20121030,15.43,15.43,15.43,15.43,0
LPTH,20121030,0.92,0.92,0.92,0.92,0
LPTN,20121030,6.85,6.85,6.85,6.85,0
LQDT,20121030,41.55,41.55,41.55,41.55,0
LRAD,20121030,1.1,1.1,1.1,1.1,0
LRCX,20121030,35.36,35.36,35.36,35.36,0
LSBI,20121030,19.8,19.8,19.8,19.8,0
LSBK,20121030,10.22,10.22,10.22,10.22,0
LSCC,20121030,3.79,3.79,3.79,3.79,0
LSTR,20121030,48.13,48.13,48.13,48.13,0
LTBR,20121030,1.68,1.68,1.68,1.68,0
LTON,20121030,2.73,2.73,2.73,2.73,0
LTRE,20121030,5.7,5.7,5.7,5.7,0
LTRX,20121030,1.58,1.58,1.58,1.58,0
LTXC,20121030,5.64,5.64,5.64,5.64,0
LUFK,20121030,54.04,54.04,54.04,54.04,0
LULU,20121030,67.49,67.49,67.49,67.49,0
LUNA,20121030,1.84,1.84,1.84,1.84,0
LVNTA,20121030,56.44,56.44,56.44,56.44,0
LVNTB,20121030,55.5,55.5,55.5,55.5,0
LWAY,20121030,9.22,9.22,9.22,9.22,0
LXRX,20121030,2.08,2.08,2.08,2.08,0
LYTS,20121030,6.6,6.6,6.6,6.6,0
MACK,20121030,6.2,6.2,6.2,6.2,0
MAG,20121030,11.45,11.45,11.45,11.45,0
MAGS,20121030,3.68,3.68,3.68,3.68,0
MAKO,20121030,15.42,15.42,15.42,15.42,0
MANH,20121030,61.14,61.14,61.14,61.14,0
MANT,20121030,22.33,22.33,22.33,22.33,0
MARK,20121030,1.12,1.12,1.12,1.12,0
MARPS,20121030,20.02,20.02,20.02,20.02,0
MASC,20121030,8.88,8.88,8.88,8.88,0
MASI,20121030,21.37,21.37,21.37,21.37,0
MAT,20121030,36.85,36.85,36.85,36.85,0
MATR,20121030,5.33,5.33,5.33,5.33,0
MATW,20121030,28.67,28.67,28.67,28.67,0
MAXY,20121030,2.46,2.46,2.46,2.46,0
MAYS,20121030,25,25,25,25,0
MBFI,20121030,20.04,20.04,20.04,20.04,0
MBLX,20121030,1.3,1.3,1.3,1.3,0
MBND,20121030,2.01,2.01,2.01,2.01,0
MBRG,20121030,16.54,16.54,16.54,16.54,0
MBTF,20121030,2.69,2.69,2.69,2.69,0
MBVT,20121030,28.5,28.5,28.5,28.5,0
MBWM,20121030,16.21,16.21,16.21,16.21,0
MCBC,20121030,3.17,3.17,3.17,3.17,0
MCBI,20121030,9.86,9.86,9.86,9.86,0
MCBK,20121030,14.26,14.26,14.26,14.26,0
MCEP,20121030,21.95,21.95,21.95,21.95,0
MCGC,20121030,4.61,4.61,4.61,4.61,0
MCHP,20121030,31.73,31.73,31.73,31.73,0
MCHX,20121030,4.1,4.1,4.1,4.1,0
MCOX,20121030,3,3,3,3,0
MCRI,20121030,9.06,9.06,9.06,9.06,0
MCRL,20121030,9.78,9.78,9.78,9.78,0
MCRS,20121030,46.54,46.54,46.54,46.54,0
MDAS,20121030,17.49,17.49,17.49,17.49,0
MDCA,20121030,11.38,11.38,11.38,11.38,0
MDCI,20121030,3.17,3.17,3.17,3.17,0
MDCO,20121030,22.44,22.44,22.44,22.44,0
MDH,20121030,3.68,3.68,3.68,3.68,0
MDIV,20121030,20.15,20.15,20.15,20.15,0
MDLZ,20121030,26.6,26.6,26.6,26.6,0
MDRX,20121030,13.14,13.14,13.14,13.14,0
MDSO,20121030,37.51,37.51,37.51,37.51,0
MDVN,20121030,52.21,52.21,52.21,52.21,0
MEAD,20121030,2.2,2.2,2.2,2.2,0
MEAS,20121030,32.36,32.36,32.36,32.36,0
MEIP,20121030,2.46,2.46,2.46,2.46,0
MELA,20121030,3.15,3.15,3.15,3.15,0
MELI,20121030,83.6,83.6,83.6,83.6,0
MEMP,20121030,20.5,20.5,20.5,20.5,0
MEMS,20121030,2,2,2,2,0
MENT,20121030,15.49,15.49,15.49,15.49,0
MEOH,20121030,29.31,29.31,29.31,29.31,0
MERC,20121030,7.34,7.34,7.34,7.34,0
MERU,20121030,2.76,2.76,2.76,2.76,0
METR,20121030,12.81,12.81,12.81,12.81,0
MFI,20121030,7.73,7.73,7.73,7.73,0
MFLR,20121030,10,10,10,10,0
MFLX,20121030,21.58,21.58,21.58,21.58,0
MFNC,20121030,7.5,7.5,7.5,7.5,0
MFRI,20121030,5.5,5.5,5.5,5.5,0
MFRM,20121030,31.81,31.81,31.81,31.81,0
MFSF,20121030,12.22,12.22,12.22,12.22,0
MGAM,20121030,15.67,15.67,15.67,15.67,0
MGCD,20121030,6.74,6.74,6.74,6.74,0
MGEE,20121030,52.89,52.89,52.89,52.89,0
MGIC,20121030,4.55,4.55,4.55,4.55,0
MGLN,20121030,50.69,50.69,50.69,50.69,0
MGPI,20121030,3.67,3.67,3.67,3.67,0
MGRC,20121030,25.65,25.65,25.65,25.65,0
MGYR,20121030,4.67,4.67,4.67,4.67,0
MHGC,20121030,6.47,6.47,6.47,6.47,0
MHLD,20121030,8.61,8.61,8.61,8.61,0
MIDD,20121030,123.64,123.64,123.64,123.64,0
MIND,20121030,13.53,13.53,13.53,13.53,0
MINI,20121030,17.29,17.29,17.29,17.29,0
MITK,20121030,3.1,3.1,3.1,3.1,0
MITL,20121030,2.65,2.65,2.65,2.65,0
MKSI,20121030,23.43,23.43,23.43,23.43,0
MKTAY,20121030,39.02,39.02,39.02,39.02,0
MKTG,20121030,8.83,8.83,8.83,8.83,0
MKTX,20121030,31,31,31,31,0
MLAB,20121030,48.72,48.72,48.72,48.72,0
MLHR,20121030,19.37,19.37,19.37,19.37,0
MLNK,20121030,2.95,2.95,2.95,2.95,0
MLNX,20121030,73.74,73.74,73.74,73.74,0
MLVF,20121030,11.26,11.26,11.26,11.26,0
MMLP,20121030,35.2,35.2,35.2,35.2,0
MMSI,20121030,14.44,14.44,14.44,14.44,0
MMUS,20121030,3.8,3.8,3.8,3.8,0
MMYT,20121030,15.35,15.35,15.35,15.35,0
MNDO,20121030,1.96,1.96,1.96,1.96,0
MNGA,20121030,2.36,2.36,2.36,2.36,0
MNGL,20121030,9.82,9.82,9.82,9.82,0
MNGLU,20121030,10.25,10.25,10.25,10.25,0
MNKD,20121030,1.87,1.87,1.87,1.87,0
MNOV,20121030,1.97,1.97,1.97,1.97,0
MNRK,20121030,8.6417,8.6417,8.6417,8.6417,0
MNRO,20121030,33.43,33.43,33.43,33.43,0
MNST,20121030,45.86,45.86,45.86,45.86,0
MNTA,20121030,13.14,13.14,13.14,13.14,0
MNTG,20121030,3.62,3.62,3.62,3.62,0
MNTX,20121030,6.85,6.85,6.85,6.85,0
MOBI,20121030,2.1,2.1,2.1,2.1,0
MOCO,20121030,15.2,15.2,15.2,15.2,0
MOFG,20121030,19.9,19.9,19.9,19.9,0
MOLX,20121030,25.71,25.71,25.71,25.71,0
MOLXA,20121030,21.21,21.21,21.21,21.21,0
MORN,20121030,62.59,62.59,62.59,62.59,0
MOSY,20121030,4.02,4.02,4.02,4.02,0
MOVE,20121030,8.22,8.22,8.22,8.22,0
MPAA,20121030,4.61,4.61,4.61,4.61,0
MPAC,20121030,5.49,5.49,5.49,5.49,0
MPB,20121030,10.17,10.17,10.17,10.17,0
MPEL,20121030,14.36,14.36,14.36,14.36,0
MPET,20121030,1,1,1,1,0
MPWR,20121030,19.25,19.25,19.25,19.25,0
MRCC,20121030,15.14,15.14,15.14,15.14,0
MRCY,20121030,8.65,8.65,8.65,8.65,0
MRGE,20121030,3.46,3.46,3.46,3.46,0
MRLN,20121030,21.19,21.19,21.19,21.19,0
MRTN,20121030,17.64,17.64,17.64,17.64,0
MRVL,20121030,7.76,7.76,7.76,7.76,0
MSBF,20121030,6.47,6.47,6.47,6.47,0
MSCC,20121030,19.16,19.16,19.16,19.16,0
MSEX,20121030,19.2,19.2,19.2,19.2,0
MSFG,20121030,12.23,12.23,12.23,12.23,0
MSFT,20121030,28.21,28.21,28.21,28.21,0
MSG,20121030,40.52,40.52,40.52,40.52,0
MSLI,20121030,1.35,1.35,1.35,1.35,0
MSON,20121030,4.42,4.42,4.42,4.42,0
MSPD,20121030,3.44,3.44,3.44,3.44,0
MSTR,20121030,109.81,109.81,109.81,109.81,0
MTEX,20121030,4.9,4.9,4.9,4.9,0
MTGE,20121030,24.41,24.41,24.41,24.41,0
MTRX,20121030,10.48,10.48,10.48,10.48,0
MTSC,20121030,50.58,50.58,50.58,50.58,0
MTSI,20121030,12.3,12.3,12.3,12.3,0
MTSL,20121030,2.5,2.5,2.5,2.5,0
MTSN,20121030,0.85,0.85,0.85,0.85,0
MU,20121030,5.47,5.47,5.47,5.47,0
MVIS,20121030,2.35,2.35,2.35,2.35,0
MVISW,20121030,0.08,0.08,0.08,0.08,0
MWIV,20121030,103.75,103.75,103.75,103.75,0
MXIM,20121030,27.77,27.77,27.77,27.77,0
MXWL,20121030,6.32,6.32,6.32,6.32,0
MYGN,20121030,26.04,26.04,26.04,26.04,0
MYL,20121030,25.22,25.22,25.22,25.22,0
MYRG,20121030,19.59,19.59,19.59,19.59,0
NAFC,20121030,18.88,18.88,18.88,18.88,0
NAII,20121030,6.35,6.35,6.35,6.35,0
NANO,20121030,12.96,12.96,12.96,12.96,0
NASB,20121030,22.35,22.35,22.35,22.35,0
NATH,20121030,29.42,29.42,29.42,29.42,0
NATI,20121030,23.92,23.92,23.92,23.92,0
NATL,20121030,26.03,26.03,26.03,26.03,0
NATR,20121030,17.01,17.01,17.01,17.01,0
NAUH,20121030,4,4,4,4,0
NAVG,20121030,53.61,53.61,53.61,53.61,0
NAVR,20121030,1.59,1.59,1.59,1.59,0
NBBC,20121030,4.36,4.36,4.36,4.36,0
NBIX,20121030,7.56,7.56,7.56,7.56,0
NBN,20121030,9.45,9.45,9.45,9.45,0
NBTB,20121030,21.41,21.41,21.41,21.41,0
NBTF,20121030,17.23,17.23,17.23,17.23,0
NCBC,20121030,5.8,5.8,5.8,5.8,0
NCIT,20121030,5.37,5.37,5.37,5.37,0
NCMI,20121030,15.44,15.44,15.44,15.44,0
NCTY,20121030,3.63,3.63,3.63,3.63,0
NDAQ,20121030,23.77,23.77,23.77,23.77,0
NDSN,20121030,58.35,58.35,58.35,58.35,0
NECB,20121030,5.44,5.44,5.44,5.44,0
NEOG,20121030,41.84,41.84,41.84,41.84,0
NEON,20121030,3.87,3.87,3.87,3.87,0
NEPT,20121030,3.68,3.68,3.68,3.68,0
NETC,20121030,13.21,13.21,13.21,13.21,0
NETE,20121030,6.51,6.51,6.51,6.51,0
NEWL,20121030,0.5,0.5,0.5,0.5,0
NEWP,20121030,10.87,10.87,10.87,10.87,0
NEWS,20121030,12.49,12.49,12.49,12.49,0
NEWT,20121030,2,2,2,2,0
NFBK,20121030,16.25,16.25,16.25,16.25,0
NFEC,20121030,0.73,0.73,0.73,0.73,0
NFLX,20121030,69.58,69.58,69.58,69.58,0
NFSB,20121030,17.12,17.12,17.12,17.12,0
NGPC,20121030,7.27,7.27,7.27,7.27,0
NHTB,20121030,13.09,13.09,13.09,13.09,0
NICE,20121030,30.86,30.86,30.86,30.86,0
NICK,20121030,13.24,13.24,13.24,13.24,0
NIHD,20121030,7.27,7.27,7.27,7.27,0
NILE,20121030,37.63,37.63,37.63,37.63,0
NINE,20121030,1.74,1.74,1.74,1.74,0
NKSH,20121030,30.96,30.96,30.96,30.96,0
NKTR,20121030,9.22,9.22,9.22,9.22,0
NLNK,20121030,13.81,13.81,13.81,13.81,0
NLST,20121030,1.11,1.11,1.11,1.11,0
NMRX,20121030,11.09,11.09,11.09,11.09,0
NNBR,20121030,8.37,8.37,8.37,8.37,0
NOVB,20121030,13.91,13.91,13.91,13.91,0
NPBC,20121030,8.83,8.83,8.83,8.83,0
NPSP,20121030,9.3,9.3,9.3,9.3,0
NRCI,20121030,50.32,50.32,50.32,50.32,0
NRIM,20121030,22.17,22.17,22.17,22.17,0
NSEC,20121030,8.1,8.1,8.1,8.1,0
NSIT,20121030,16.18,16.18,16.18,16.18,0
NSPH,20121030,3.11,3.11,3.11,3.11,0
NSSC,20121030,3.4,3.4,3.4,3.4,0
NSYS,20121030,2.92,2.92,2.92,2.92,0
NTAP,20121030,27.88,27.88,27.88,27.88,0
NTCT,20121030,25.1,25.1,25.1,25.1,0
NTES,20121030,54.02,54.02,54.02,54.02,0
NTGR,20121030,35.32,35.32,35.32,35.32,0
NTIC,20121030,11.3,11.3,11.3,11.3,0
NTK,20121030,59.32,59.32,59.32,59.32,0
NTLS,20121030,15.12,15.12,15.12,15.12,0
NTRI,20121030,10,10,10,10,0
NTRS,20121030,47.17,47.17,47.17,47.17,0
NTSC,20121030,7.96,7.96,7.96,7.96,0
NTSP,20121030,10.66,10.66,10.66,10.66,0
NTWK,20121030,6.22,6.22,6.22,6.22,0
NUAN,20121030,22.35,22.35,22.35,22.35,0
NUCL,20121030,32.5,32.5,32.5,32.5,0
NURO,20121030,3.12,3.12,3.12,3.12,0
NUTR,20121030,15.49,15.49,15.49,15.49,0
NUVA,20121030,14.27,14.27,14.27,14.27,0
NVAX,20121030,2.11,2.11,2.11,2.11,0
NVDA,20121030,12.05,12.05,12.05,12.05,0
NVDQ,20121030,11.67,11.67,11.67,11.67,0
NVEC,20121030,52.14,52.14,52.14,52.14,0
NVGN,20121030,1.89,1.89,1.89,1.89,0
NVMI,20121030,7.21,7.21,7.21,7.21,0
NVSL,20121030,7.22,7.22,7.22,7.22,0
NVTL,20121030,1.66,1.66,1.66,1.66,0
NWBI,20121030,11.91,11.91,11.91,11.91,0
NWFL,20121030,31.75,31.75,31.75,31.75,0
NWLI,20121030,139.25,139.25,139.25,139.25,0
NWPX,20121030,22.91,22.91,22.91,22.91,0
NWS,20121030,24.21,24.21,24.21,24.21,0
NWSA,20121030,23.79,23.79,23.79,23.79,0
NXPI,20121030,24.02,24.02,24.02,24.02,0
NXST,20121030,10.94,10.94,10.94,10.94,0
NXTM,20121030,11.16,11.16,11.16,11.16,0
NYMT,20121030,6.69,6.69,6.69,6.69,0
NYMX,20121030,7.17,7.17,7.17,7.17,0
NYNY,20121030,1.65,1.65,1.65,1.65,0
OABC,20121030,22.78,22.78,22.78,22.78,0
OBAF,20121030,15.6,15.6,15.6,15.6,0
OBAS,20121030,5.9,5.9,5.9,5.9,0
OBCI,20121030,1.93,1.93,1.93,1.93,0
OCC,20121030,4.2,4.2,4.2,4.2,0
OCFC,20121030,14,14,14,14,0
OCLR,20121030,1.99,1.99,1.99,1.99,0
OCLS,20121030,5.81,5.81,5.81,5.81,0
OCZ,20121030,1.35,1.35,1.35,1.35,0
ODFL,20121030,32.15,32.15,32.15,32.15,0
OFED,20121030,15,15,15,15,0
OFIX,20121030,39.31,39.31,39.31,39.31,0
OFLX,20121030,12.22,12.22,12.22,12.22,0
OGXI,20121030,12.14,12.14,12.14,12.14,0
OIIM,20121030,3.24,3.24,3.24,3.24,0
OINK,20121030,1.27,1.27,1.27,1.27,0
OKSB,20121030,10.9,10.9,10.9,10.9,0
OKSBP,20121030,26.2,26.2,26.2,26.2,0
OLBK,20121030,11.13,11.13,11.13,11.13,0
OMAB,20121030,19.19,19.19,19.19,19.19,0
OMCL,20121030,14.25,14.25,14.25,14.25,0
OMER,20121030,9.73,9.73,9.73,9.73,0
OMEX,20121030,2.86,2.86,2.86,2.86,0
OMPI,20121030,12.39,12.39,12.39,12.39,0
ONCY,20121030,2.09,2.09,2.09,2.09,0
ONEQ,20121030,117.84,117.84,117.84,117.84,0
ONFC,20121030,11.18,11.18,11.18,11.18,0
ONNN,20121030,6.15,6.15,6.15,6.15,0
ONTY,20121030,5.12,5.12,5.12,5.12,0
ONVI,20121030,3.9,3.9,3.9,3.9,0
ONXX,20121030,79.89,79.89,79.89,79.89,0
OPAY,20121030,5.11,5.11,5.11,5.11,0
OPEN,20121030,46.98,46.98,46.98,46.98,0
OPHC,20121030,0.45,0.45,0.45,0.45,0
OPLK,20121030,14.98,14.98,14.98,14.98,0
OPOF,20121030,10.9,10.9,10.9,10.9,0
OPTR,20121030,9.84,9.84,9.84,9.84,0
OPTT,20121030,2.51,2.51,2.51,2.51,0
OPXA,20121030,2.76,2.76,2.76,2.76,0
ORBC,20121030,3.49,3.49,3.49,3.49,0
ORBK,20121030,8.43,8.43,8.43,8.43,0
ORBT,20121030,3.07,3.07,3.07,3.07,0
ORCL,20121030,30.99,30.99,30.99,30.99,0
OREX,20121030,5.7,5.7,5.7,5.7,0
ORIG,20121030,16.02,16.02,16.02,16.02,0
ORIT,20121030,15.17,15.17,15.17,15.17,0
ORLY,20121030,84.58,84.58,84.58,84.58,0
ORRF,20121030,9.31,9.31,9.31,9.31,0
OSBC,20121030,1.48,1.48,1.48,1.48,0
OSBCP,20121030,6.94,6.94,6.94,6.94,0
OSH,20121030,12.92,12.92,12.92,12.92,0
OSHC,20121030,13.48,13.48,13.48,13.48,0
OSIR,20121030,10.16,10.16,10.16,10.16,0
OSIS,20121030,79.76,79.76,79.76,79.76,0
OSM,20121030,24.71,24.71,24.71,24.71,0
OSN,20121030,1.01,1.01,1.01,1.01,0
OSTK,20121030,15.49,15.49,15.49,15.49,0
OSUR,20121030,9.02,9.02,9.02,9.02,0
OTEX,20121030,52.7,52.7,52.7,52.7,0
OTIV,20121030,1.1,1.1,1.1,1.1,0
OTT,20121030,2.02,2.02,2.02,2.02,0
OTTR,20121030,24,24,24,24,0
OUTD,20121030,7.21,7.21,7.21,7.21,0
OVBC,20121030,18.65,18.65,18.65,18.65,0
OVLY,20121030,7.51,7.51,7.51,7.51,0
OVRL,20121030,1.45,1.45,1.45,1.45,0
OVTI,20121030,14.17,14.17,14.17,14.17,0
OXBT,20121030,0.91,0.91,0.91,0.91,0
OXGN,20121030,0.44,0.44,0.44,0.44,0
OXLC,20121030,15.72,15.72,15.72,15.72,0
OZRK,20121030,32.3,32.3,32.3,32.3,0
PAAS,20121030,21.3,21.3,21.3,21.3,0
PACB,20121030,1.24,1.24,1.24,1.24,0
PACQ,20121030,9.98,9.98,9.98,9.98,0
PACQW,20121030,0.3,0.3,0.3,0.3,0
PACR,20121030,3.73,3.73,3.73,3.73,0
PACW,20121030,22.74,22.74,22.74,22.74,0
PAGG,20121030,29.49,29.49,29.49,29.49,0
PAMT,20121030,5.35,5.35,5.35,5.35,0
PANL,20121030,32.85,32.85,32.85,32.85,0
PATH,20121030,3.63,3.63,3.63,3.63,0
PATK,20121030,17.83,17.83,17.83,17.83,0
PATR,20121030,26.93,26.93,26.93,26.93,0
PAYX,20121030,32.93,32.93,32.93,32.93,0
PBCT,20121030,12.15,12.15,12.15,12.15,0
PBHC,20121030,10.4,10.4,10.4,10.4,0
PBIB,20121030,1.95,1.95,1.95,1.95,0
PBIP,20121030,6.35,6.35,6.35,6.35,0
PBMD,20121030,4.2,4.2,4.2,4.2,0
PBSK,20121030,12.6,12.6,12.6,12.6,0
PCAR,20121030,43.34,43.34,43.34,43.34,0
PCBK,20121030,9.37,9.37,9.37,9.37,0
PCCC,20121030,10.18,10.18,10.18,10.18,0
PCH,20121030,38.57,38.57,38.57,38.57,0
PCLN,20121030,579.46,579.46,579.46,579.46,0
PCO,20121030,1.13,1.13,1.13,1.13,0
PCOM,20121030,9.27,9.27,9.27,9.27,0
PCRX,20121030,15.63,15.63,15.63,15.63,0
PCTI,20121030,6.28,6.28,6.28,6.28,0
PCYC,20121030,61.6,61.6,61.6,61.6,0
PCYO,20121030,2.61,2.61,2.61,2.61,0
PDCE,20121030,29.29,29.29,29.29,29.29,0
PDCO,20121030,33.49,33.49,33.49,33.49,0
PDEX,20121030,2.1,2.1,2.1,2.1,0
PDFS,20121030,13.11,13.11,13.11,13.11,0
PDII,20121030,6.47,6.47,6.47,6.47,0
PDLI,20121030,8.07,8.07,8.07,8.07,0
PEBK,20121030,10,10,10,10,0
PEBO,20121030,21.19,21.19,21.19,21.19,0
PEGA,20121030,23.61,23.61,23.61,23.61,0
PEIX,20121030,0.35,0.35,0.35,0.35,0
PENN,20121030,40.03,40.03,40.03,40.03,0
PENX,20121030,7.62,7.62,7.62,7.62,0
PEOP,20121030,16.82,16.82,16.82,16.82,0
PERF,20121030,5.55,5.55,5.55,5.55,0
PERI,20121030,7.31,7.31,7.31,7.31,0
PERY,20121030,19.99,19.99,19.99,19.99,0
PESI,20121030,0.91,0.91,0.91,0.91,0
PETM,20121030,66.31,66.31,66.31,66.31,0
PETS,20121030,10.75,10.75,10.75,10.75,0
PFBC,20121030,14.12,14.12,14.12,14.12,0
PFBI,20121030,9.6,9.6,9.6,9.6,0
PFBX,20121030,8.5,8.5,8.5,8.5,0
PFIN,20121030,6.1,6.1,6.1,6.1,0
PFLT,20121030,12.98,12.98,12.98,12.98,0
PFMT,20121030,9.96,9.96,9.96,9.96,0
PFPT,20121030,13.49,13.49,13.49,13.49,0
PFSW,20121030,3.11,3.11,3.11,3.11,0
PGC,20121030,15.54,15.54,15.54,15.54,0
PGNX,20121030,2.91,2.91,2.91,2.91,0
PGRX,20121030,2.78,2.78,2.78,2.78,0
PGTI,20121030,4.17,4.17,4.17,4.17,0
PHII,20121030,30.95,30.95,30.95,30.95,0
PHIIK,20121030,31.41,31.41,31.41,31.41,0
PHMD,20121030,13.4,13.4,13.4,13.4,0
PICO,20121030,22,22,22,22,0
PKBK,20121030,6.03,6.03,6.03,6.03,0
PKOH,20121030,22.02,22.02,22.02,22.02,0
PKT,20121030,23.11,23.11,23.11,23.11,0
PLAB,20121030,4.83,4.83,4.83,4.83,0
PLBC,20121030,4.19,4.19,4.19,4.19,0
PLCC,20121030,1.02,1.02,1.02,1.02,0
PLCE,20121030,58.2,58.2,58.2,58.2,0
PLCM,20121030,10.14,10.14,10.14,10.14,0
PLMT,20121030,8.02,8.02,8.02,8.02,0
PLNR,20121030,1.3,1.3,1.3,1.3,0
PLPC,20121030,52.7,52.7,52.7,52.7,0
PLTM,20121030,13.55,13.55,13.55,13.55,0
PLUG,20121030,0.74,0.74,0.74,0.74,0
PLUS,20121030,36.23,36.23,36.23,36.23,0
PLXS,20121030,26.3,26.3,26.3,26.3,0
PLXT,20121030,3.99,3.99,3.99,3.99,0
PMBC,20121030,7.26,7.26,7.26,7.26,0
PMCS,20121030,4.89,4.89,4.89,4.89,0
PMD,20121030,11.48,11.48,11.48,11.48,0
PMFG,20121030,6.42,6.42,6.42,6.42,0
PMNA,20121030,10.84,10.84,10.84,10.84,0
PMTC,20121030,20.53,20.53,20.53,20.53,0
PMTI,20121030,8.51,8.51,8.51,8.51,0
PNBK,20121030,1.52,1.52,1.52,1.52,0
PNFP,20121030,19.72,19.72,19.72,19.72,0
PNNT,20121030,10.85,10.85,10.85,10.85,0
PNQI,20121030,40.02,40.02,40.02,40.02,0
PNRA,20121030,169.48,169.48,169.48,169.48,0
PNRG,20121030,26.64,26.64,26.64,26.64,0
PNTR,20121030,2.69,2.69,2.69,2.69,0
PODD,20121030,21.21,21.21,21.21,21.21,0
POOL,20121030,41.66,41.66,41.66,41.66,0
POPE,20121030,52.89,52.89,52.89,52.89,0
POWI,20121030,30.1,30.1,30.1,30.1,0
POWL,20121030,38.94,38.94,38.94,38.94,0
POWR,20121030,6.18,6.18,6.18,6.18,0
POZN,20121030,6.31,6.31,6.31,6.31,0
PPBI,20121030,11.19,11.19,11.19,11.19,0
PPHM,20121030,0.7,0.7,0.7,0.7,0
PRAA,20121030,100.26,100.26,100.26,100.26,0
PRAN,20121030,2.72,2.72,2.72,2.72,0
PRCP,20121030,5.21,5.21,5.21,5.21,0
PRFT,20121030,10.86,10.86,10.86,10.86,0
PRFZ,20121030,66.29,66.29,66.29,66.29,0
PRGO,20121030,116.71,116.71,116.71,116.71,0
PRGS,20121030,19.3,19.3,19.3,19.3,0
PRGX,20121030,7.42,7.42,7.42,7.42,0
PRIM,20121030,13.5,13.5,13.5,13.5,0
PRKR,20121030,1.58,1.58,1.58,1.58,0
PRLS,20121030,3.72,3.72,3.72,3.72,0
PRMW,20121030,0.72,0.72,0.72,0.72,0
PROV,20121030,14.56,14.56,14.56,14.56,0
PRPH,20121030,1.58,1.58,1.58,1.58,0
PRSC,20121030,10.14,10.14,10.14,10.14,0
PRSS,20121030,5.65,5.65,5.65,5.65,0
PRTS,20121030,2.97,2.97,2.97,2.97,0
PRXI,20121030,2.76,2.76,2.76,2.76,0
PRXL,20121030,30.38,30.38,30.38,30.38,0
PSAU,20121030,40,40,40,40,0
PSBH,20121030,4.5,4.5,4.5,4.5,0
PSCC,20121030,34.25,34.25,34.25,34.25,0
PSCD,20121030,31.71,31.71,31.71,31.71,0
PSCE,20121030,33.05,33.05,33.05,33.05,0
PSCF,20121030,30.2,30.2,30.2,30.2,0
PSCH,20121030,34.25,34.25,34.25,34.25,0
PSCI,20121030,30.06,30.06,30.06,30.06,0
PSCM,20121030,29.83,29.83,29.83,29.83,0
PSCT,20121030,29.2,29.2,29.2,29.2,0
PSCU,20121030,31.11,31.11,31.11,31.11,0
PSDV,20121030,1.54,1.54,1.54,1.54,0
PSEC,20121030,11.89,11.89,11.89,11.89,0
PSEM,20121030,7.65,7.65,7.65,7.65,0
PSMI,20121030,17.94,17.94,17.94,17.94,0
PSMT,20121030,77.97,77.97,77.97,77.97,0
PSTB,20121030,4.9,4.9,4.9,4.9,0
PSTI,20121030,3.68,3.68,3.68,3.68,0
PSTR,20121030,1.75,1.75,1.75,1.75,0
PSUN,20121030,1.72,1.72,1.72,1.72,0
PTEK,20121030,0.75,0.75,0.75,0.75,0
PTEN,20121030,16.45,16.45,16.45,16.45,0
PTIE,20121030,4.86,4.86,4.86,4.86,0
PTIX,20121030,1.22,1.22,1.22,1.22,0
PTNR,20121030,5.75,5.75,5.75,5.75,0
PTNT,20121030,3.36,3.36,3.36,3.36,0
PTRY,20121030,13.39,13.39,13.39,13.39,0
PTSI,20121030,9.45,9.45,9.45,9.45,0
PTSX,20121030,0.81,0.81,0.81,0.81,0
PULB,20121030,8.21,8.21,8.21,8.21,0
PURE,20121030,1.06,1.06,1.06,1.06,0
PVFC,20121030,2.48,2.48,2.48,2.48,0
PVTB,20121030,16.41,16.41,16.41,16.41,0
PVTBP,20121030,26.15,26.15,26.15,26.15,0
PWER,20121030,4.11,4.11,4.11,4.11,0
PWOD,20121030,40.5,40.5,40.5,40.5,0
PWRD,20121030,10.53,10.53,10.53,10.53,0
PWX,20121030,14,14,14,14,0
PXLW,20121030,2.37,2.37,2.37,2.37,0
PZZA,20121030,52.87,52.87,52.87,52.87,0
PZZI,20121030,2.67,2.67,2.67,2.67,0
QABA,20121030,25.68,25.68,25.68,25.68,0
QADA,20121030,12,12,12,12,0
QADB,20121030,11.9,11.9,11.9,11.9,0
QBAK,20121030,1.4,1.4,1.4,1.4,0
QCCO,20121030,3.4,3.4,3.4,3.4,0
QCLN,20121030,8.66,8.66,8.66,8.66,0
QCOM,20121030,59.04,59.04,59.04,59.04,0
QCOR,20121030,26.17,26.17,26.17,26.17,0
QCRH,20121030,14.02,14.02,14.02,14.02,0
QDEL,20121030,17.85,17.85,17.85,17.85,0
QGEN,20121030,17.63,17.63,17.63,17.63,0
QKLS,20121030,5.44,5.44,5.44,5.44,0
QLGC,20121030,9.75,9.75,9.75,9.75,0
QLIK,20121030,18.72,18.72,18.72,18.72,0
QLTI,20121030,7.67,7.67,7.67,7.67,0
QLTY,20121030,8.65,8.65,8.65,8.65,0
QLYS,20121030,14.2,14.2,14.2,14.2,0
QNST,20121030,6.9,6.9,6.9,6.9,0
QQEW,20121030,25.15,25.15,25.15,25.15,0
QQQ,20121030,65.35,65.35,65.35,65.35,0
QQQC,20121030,13.75,13.75,13.75,13.75,0
QQQX,20121030,15.56,15.56,15.56,15.56,0
QQXT,20121030,24.08,24.08,24.08,24.08,0
QSII,20121030,17.19,17.19,17.19,17.19,0
QTEC,20121030,24.45,24.45,24.45,24.45,0
QTWW,20121030,0.57,0.57,0.57,0.57,0
QUIK,20121030,2.94,2.94,2.94,2.94,0
RADA,20121030,1.3,1.3,1.3,1.3,0
RAIL,20121030,18.86,18.86,18.86,18.86,0
RAND,20121030,2.36,2.36,2.36,2.36,0
RAVN,20121030,27.27,27.27,27.27,27.27,0
RBCAA,20121030,21.12,21.12,21.12,21.12,0
RBCN,20121030,8.85,8.85,8.85,8.85,0
RBNF,20121030,7.02,7.02,7.02,7.02,0
RBPAA,20121030,1.98,1.98,1.98,1.98,0
RCII,20121030,32.79,32.79,32.79,32.79,0
RCKB,20121030,13.07,13.07,13.07,13.07,0
RCKY,20121030,11.9,11.9,11.9,11.9,0
RCMT,20121030,5.53,5.53,5.53,5.53,0
RCON,20121030,1.29,1.29,1.29,1.29,0
RDA,20121030,10.75,10.75,10.75,10.75,0
RDCM,20121030,2.63,2.63,2.63,2.63,0
RDEN,20121030,46.6,46.6,46.6,46.6,0
RDI,20121030,6.1,6.1,6.1,6.1,0
RDIB,20121030,6.89,6.89,6.89,6.89,0
RDNT,20121030,2.59,2.59,2.59,2.59,0
RDWR,20121030,16.15,16.15,16.15,16.15,0
RECN,20121030,12.35,12.35,12.35,12.35,0
RECV,20121030,4.25,4.25,4.25,4.25,0
REDF,20121030,3.18,3.18,3.18,3.18,0
REFR,20121030,4.23,4.23,4.23,4.23,0
REGI,20121030,4.81,4.81,4.81,4.81,0
REGN,20121030,149.25,149.25,149.25,149.25,0
REIS,20121030,10.91,10.91,10.91,10.91,0
RELL,20121030,11.59,11.59,11.59,11.59,0
RELV,20121030,1.3,1.3,1.3,1.3,0
RENT,20121030,16.83,16.83,16.83,16.83,0
REXI,20121030,6.96,6.96,6.96,6.96,0
REXX,20121030,12.99,12.99,12.99,12.99,0
RFIL,20121030,4.34,4.34,4.34,4.34,0
RFMD,20121030,4.37,4.37,4.37,4.37,0
RGCO,20121030,17.84,17.84,17.84,17.84,0
RGDX,20121030,1.19,1.19,1.19,1.19,0
RGEN,20121030,5.2,5.2,5.2,5.2,0
RGLD,20121030,84.85,84.85,84.85,84.85,0
RGLS,20121030,5.11,5.11,5.11,5.11,0
RICK,20121030,8.24,8.24,8.24,8.24,0
RIGL,20121030,8.72,8.72,8.72,8.72,0
RIMG,20121030,5.88,5.88,5.88,5.88,0
RITT,20121030,4.28,4.28,4.28,4.28,0
RIVR,20121030,17,17,17,17,0
RJET,20121030,4.72,4.72,4.72,4.72,0
RLJE,20121030,8.09,8.09,8.09,8.09,0
RLOC,20121030,11.84,11.84,11.84,11.84,0
RLOG,20121030,6.29,6.29,6.29,6.29,0
RMBS,20121030,4.74,4.74,4.74,4.74,0
RMCF,20121030,10.55,10.55,10.55,10.55,0
RMKR,20121030,1.01,1.01,1.01,1.01,0
RMTI,20121030,7.37,7.37,7.37,7.37,0
RNET,20121030,18.47,18.47,18.47,18.47,0
RNIN,20121030,3.95,3.95,3.95,3.95,0
RNST,20121030,18.33,18.33,18.33,18.33,0
RNWK,20121030,7.52,7.52,7.52,7.52,0
ROCK,20121030,12.24,12.24,12.24,12.24,0
ROCM,20121030,10.82,10.82,10.82,10.82,0
ROIA,20121030,0.92,0.92,0.92,0.92,0
ROIAK,20121030,0.8,0.8,0.8,0.8,0
ROIC,20121030,12.6,12.6,12.6,12.6,0
ROICW,20121030,0.96,0.96,0.96,0.96,0
ROIQW,20121030,0.47,0.47,0.47,0.47,0
ROLL,20121030,48.47,48.47,48.47,48.47,0
ROMA,20121030,8.99,8.99,8.99,8.99,0
ROSE,20121030,45.67,45.67,45.67,45.67,0
ROSG,20121030,4.93,4.93,4.93,4.93,0
ROST,20121030,60.92,60.92,60.92,60.92,0
ROVI,20121030,13.57,13.57,13.57,13.57,0
ROYL,20121030,2.99,2.99,2.99,2.99,0
RP,20121030,20.99,20.99,20.99,20.99,0
RPRX,20121030,13.83,13.83,13.83,13.83,0
RPTP,20121030,4.65,4.65,4.65,4.65,0
RPXC,20121030,9.78,9.78,9.78,9.78,0
RRD,20121030,10.13,10.13,10.13,10.13,0
RRGB,20121030,27.48,27.48,27.48,27.48,0
RRST,20121030,6.14,6.14,6.14,6.14,0
RSOL,20121030,0.57,0.57,0.57,0.57,0
RSTI,20121030,18.59,18.59,18.59,18.59,0
RSYS,20121030,2.94,2.94,2.94,2.94,0
RTEC,20121030,9.48,9.48,9.48,9.48,0
RTIX,20121030,4.15,4.15,4.15,4.15,0
RUE,20121030,29.83,29.83,29.83,29.83,0
RUSHA,20121030,18.53,18.53,18.53,18.53,0
RUSHB,20121030,15.79,15.79,15.79,15.79,0
RUTH,20121030,6.3,6.3,6.3,6.3,0
RVBD,20121030,22.62,22.62,22.62,22.62,0
RVSB,20121030,1.6,1.6,1.6,1.6,0
RYAAY,20121030,31.9,31.9,31.9,31.9,0
SAAS,20121030,5.95,5.95,5.95,5.95,0
SAFM,20121030,45.36,45.36,45.36,45.36,0
SAFT,20121030,46.59,46.59,46.59,46.59,0
SAIA,20121030,22.18,22.18,22.18,22.18,0
SALM,20121030,5.77,5.77,5.77,5.77,0
SANM,20121030,7.6,7.6,7.6,7.6,0
SANW,20121030,8.22,8.22,8.22,8.22,0
SANWW,20121030,1.6,1.6,1.6,1.6,0
SANWZ,20121030,0.65,0.65,0.65,0.65,0
SAPE,20121030,10.12,10.12,10.12,10.12,0
SASR,20121030,19.26,19.26,19.26,19.26,0
SATS,20121030,31.73,31.73,31.73,31.73,0
SAVE,20121030,17.03,17.03,17.03,17.03,0
SBAC,20121030,66.07,66.07,66.07,66.07,0
SBBX,20121030,5.98,5.98,5.98,5.98,0
SBCF,20121030,1.55,1.55,1.55,1.55,0
SBGI,20121030,12.22,12.22,12.22,12.22,0
SBLK,20121030,7.79,7.79,7.79,7.79,0
SBNY,20121030,71.74,71.74,71.74,71.74,0
SBNYW,20121030,40.16,40.16,40.16,40.16,0
SBRA,20121030,21.65,21.65,21.65,21.65,0
SBSA,20121030,3.54,3.54,3.54,3.54,0
SBSI,20121030,20.45,20.45,20.45,20.45,0
SBUX,20121030,45.87,45.87,45.87,45.87,0
SCBT,20121030,39.01,39.01,39.01,39.01,0
SCHL,20121030,32.72,32.72,32.72,32.72,0
SCHN,20121030,29.08,29.08,29.08,29.08,0
SCLN,20121030,5.59,5.59,5.59,5.59,0
SCMP,20121030,5.27,5.27,5.27,5.27,0
SCOK,20121030,1.58,1.58,1.58,1.58,0
SCON,20121030,4.92,4.92,4.92,4.92,0
SCOR,20121030,14.11,14.11,14.11,14.11,0
SCSC,20121030,28.49,28.49,28.49,28.49,0
SCSS,20121030,27.31,27.31,27.31,27.31,0
SCVL,20121030,23.47,23.47,23.47,23.47,0
SDBT,20121030,2.25,2.25,2.25,2.25,0
SDIX,20121030,1.2,1.2,1.2,1.2,0
SEAC,20121030,8.99,8.99,8.99,8.99,0
SEED,20121030,1.47,1.47,1.47,1.47,0
SEIC,20121030,21.91,21.91,21.91,21.91,0
SENEA,20121030,28.77,28.77,28.77,28.77,0
SENEB,20121030,28.54,28.54,28.54,28.54,0
SEV,20121030,4.45,4.45,4.45,4.45,0
SFBC,20121030,10.15,10.15,10.15,10.15,0
SFLY,20121030,29.54,29.54,29.54,29.54,0
SFNC,20121030,24.3,24.3,24.3,24.3,0
SFST,20121030,9.8,9.8,9.8,9.8,0
SGC,20121030,11.83,11.83,11.83,11.83,0
SGEN,20121030,25.39,25.39,25.39,25.39,0
SGI,20121030,7.52,7.52,7.52,7.52,0
SGMA,20121030,4.45,4.45,4.45,4.45,0
SGMO,20121030,5.61,5.61,5.61,5.61,0
SGMS,20121030,8.08,8.08,8.08,8.08,0
SGNT,20121030,15.43,15.43,15.43,15.43,0
SGOC,20121030,0.85,0.85,0.85,0.85,0
SGRP,20121030,2.08,2.08,2.08,2.08,0
SGYP,20121030,4.06,4.06,4.06,4.06,0
SGYPU,20121030,11.01,11.01,11.01,11.01,0
SGYPW,20121030,1.99,1.99,1.99,1.99,0
SHBI,20121030,6.05,6.05,6.05,6.05,0
SHEN,20121030,16.82,16.82,16.82,16.82,0
SHFL,20121030,14.04,14.04,14.04,14.04,0
SHIP,20121030,1.69,1.69,1.69,1.69,0
SHLD,20121030,66.69,66.69,66.69,66.69,0
SHLM,20121030,25.85,25.85,25.85,25.85,0
SHLO,20121030,11.29,11.29,11.29,11.29,0
SHOO,20121030,42.26,42.26,42.26,42.26,0
SHOR,20121030,4.72,4.72,4.72,4.72,0
SHOS,20121030,34.85,34.85,34.85,34.85,0
SHPG,20121030,84.58,84.58,84.58,84.58,0
SIAL,20121030,70.56,70.56,70.56,70.56,0
SIBC,20121030,13.78,13.78,13.78,13.78,0
SIEB,20121030,1.65,1.65,1.65,1.65,0
SIFI,20121030,10.96,10.96,10.96,10.96,0
SIFY,20121030,2.21,2.21,2.21,2.21,0
SIGA,20121030,2.86,2.86,2.86,2.86,0
SIGI,20121030,18.88,18.88,18.88,18.88,0
SIGM,20121030,5.86,5.86,5.86,5.86,0
SILC,20121030,18.08,18.08,18.08,18.08,0
SIMG,20121030,4.6,4.6,4.6,4.6,0
SIMO,20121030,13.19,13.19,13.19,13.19,0
SINA,20121030,56.1,56.1,56.1,56.1,0
SINO,20121030,1.95,1.95,1.95,1.95,0
SIRI,20121030,2.82,2.82,2.82,2.82,0
SIRO,20121030,56.19,56.19,56.19,56.19,0
SIVB,20121030,56.29,56.29,56.29,56.29,0
SIVBO,20121030,25.43,25.43,25.43,25.43,0
SKBI,20121030,1.8,1.8,1.8,1.8,0
SKUL,20121030,12.36,12.36,12.36,12.36,0
SKYW,20121030,11.07,11.07,11.07,11.07,0
SKYY,20121030,18.49,18.49,18.49,18.49,0
SLAB,20121030,40.76,40.76,40.76,40.76,0
SLGN,20121030,43,43,43,43,0
SLM,20121030,17.49,17.49,17.49,17.49,0
SLMAP,20121030,48.25,48.25,48.25,48.25,0
SLMBP,20121030,51.75,51.75,51.75,51.75,0
SLP,20121030,4.69,4.69,4.69,4.69,0
SLRC,20121030,22.9,22.9,22.9,22.9,0
SLTC,20121030,5.44,5.44,5.44,5.44,0
SLTM,20121030,2.99,2.99,2.99,2.99,0
SLXP,20121030,40.05,40.05,40.05,40.05,0
SMBC,20121030,24.5,24.5,24.5,24.5,0
SMCI,20121030,7.95,7.95,7.95,7.95,0
SMED,20121030,3.05,3.05,3.05,3.05,0
SMIT,20121030,3.04,3.04,3.04,3.04,0
SMMF,20121030,4.87,4.87,4.87,4.87,0
SMRT,20121030,7.76,7.76,7.76,7.76,0
SMSI,20121030,1.19,1.19,1.19,1.19,0
SMT,20121030,1.41,1.41,1.41,1.41,0
SMTC,20121030,24.93,24.93,24.93,24.93,0
SMTX,20121030,2.84,2.84,2.84,2.84,0
SNAK,20121030,5.96,5.96,5.96,5.96,0
SNBC,20121030,3.05,3.05,3.05,3.05,0
SNCR,20121030,20.51,20.51,20.51,20.51,0
SNDK,20121030,42.23,42.23,42.23,42.23,0
SNFCA,20121030,4.93,4.93,4.93,4.93,0
SNHY,20121030,25.91,25.91,25.91,25.91,0
SNMX,20121030,1.79,1.79,1.79,1.79,0
SNPS,20121030,32.31,32.31,32.31,32.31,0
SNSS,20121030,4.35,4.35,4.35,4.35,0
SNTA,20121030,7.75,7.75,7.75,7.75,0
SNTS,20121030,9.28,9.28,9.28,9.28,0
SOCB,20121030,4.73,4.73,4.73,4.73,0
SOCL,20121030,12.72,12.72,12.72,12.72,0
SODA,20121030,35.8,35.8,35.8,35.8,0
SOFO,20121030,7.85,7.85,7.85,7.85,0
SOHU,20121030,38.58,38.58,38.58,38.58,0
SOMH,20121030,8.25,8.25,8.25,8.25,0
SONA,20121030,8.01,8.01,8.01,8.01,0
SONC,20121030,10.03,10.03,10.03,10.03,0
SONS,20121030,1.86,1.86,1.86,1.86,0
SORL,20121030,1.85,1.85,1.85,1.85,0
SOXX,20121030,49.8,49.8,49.8,49.8,0
SPAN,20121030,17.03,17.03,17.03,17.03,0
SPAR,20121030,4.8,4.8,4.8,4.8,0
SPBC,20121030,14.93,14.93,14.93,14.93,0
SPCHA,20121030,1.48,1.48,1.48,1.48,0
SPCHB,20121030,1.88,1.88,1.88,1.88,0
SPEX,20121030,7.31,7.31,7.31,7.31,0
SPIL,20121030,5.09,5.09,5.09,5.09,0
SPIR,20121030,0.52,0.52,0.52,0.52,0
SPLK,20121030,28.99,28.99,28.99,28.99,0
SPLS,20121030,11.44,11.44,11.44,11.44,0
SPMD,20121030,2.52,2.52,2.52,2.52,0
SPNC,20121030,14.86,14.86,14.86,14.86,0
SPNS,20121030,3.29,3.29,3.29,3.29,0
SPPI,20121030,11.05,11.05,11.05,11.05,0
SPPR,20121030,1.04,1.04,1.04,1.04,0
SPPRO,20121030,25.5,25.5,25.5,25.5,0
SPPRP,20121030,9.5,9.5,9.5,9.5,0
SPRD,20121030,22.7,22.7,22.7,22.7,0
SPRO,20121030,1.7,1.7,1.7,1.7,0
SPRT,20121030,4.73,4.73,4.73,4.73,0
SPSC,20121030,36.4,36.4,36.4,36.4,0
SPTN,20121030,14.47,14.47,14.47,14.47,0
SPU,20121030,1.81,1.81,1.81,1.81,0
SPWR,20121030,4.29,4.29,4.29,4.29,0
SQI,20121030,15.56,15.56,15.56,15.56,0
SQNM,20121030,3.26,3.26,3.26,3.26,0
SQQQ,20121030,42,42,42,42,0
SRCE,20121030,21.97,21.97,21.97,21.97,0
SRCL,20121030,94.57,94.57,94.57,94.57,0
SRDX,20121030,19.03,19.03,19.03,19.03,0
SREV,20121030,9.01,9.01,9.01,9.01,0
SRPT,20121030,22.47,22.47,22.47,22.47,0
SSBI,20121030,6.25,6.25,6.25,6.25,0
SSFN,20121030,4.34,4.34,4.34,4.34,0
SSH,20121030,6.31,6.31,6.31,6.31,0
SSNC,20121030,23.83,23.83,23.83,23.83,0
SSRI,20121030,14.66,14.66,14.66,14.66,0
SSRX,20121030,13.4,13.4,13.4,13.4,0
SSYS,20121030,68.32,68.32,68.32,68.32,0
STAA,20121030,6.53,6.53,6.53,6.53,0
STAN,20121030,22.75,22.75,22.75,22.75,0
STB,20121030,6.57,6.57,6.57,6.57,0
STBA,20121030,17.68,17.68,17.68,17.68,0
STBZ,20121030,16.17,16.17,16.17,16.17,0
STEC,20121030,5.89,5.89,5.89,5.89,0
STEI,20121030,7.69,7.69,7.69,7.69,0
STEL,20121030,13.63,13.63,13.63,13.63,0
STEM,20121030,2.08,2.08,2.08,2.08,0
STFC,20121030,15.77,15.77,15.77,15.77,0
STKL,20121030,5.97,5.97,5.97,5.97,0
STLD,20121030,12.78,12.78,12.78,12.78,0
STLY,20121030,4.56,4.56,4.56,4.56,0
STMP,20121030,26.2,26.2,26.2,26.2,0
STND,20121030,17.71,17.71,17.71,17.71,0
STNR,20121030,44.83,44.83,44.83,44.83,0
STRA,20121030,57.76,57.76,57.76,57.76,0
STRL,20121030,8.96,8.96,8.96,8.96,0
STRM,20121030,5.87,5.87,5.87,5.87,0
STRN,20121030,5.3,5.3,5.3,5.3,0
STRS,20121030,9.31,9.31,9.31,9.31,0
STRT,20121030,22.35,22.35,22.35,22.35,0
STSA,20121030,21.28,21.28,21.28,21.28,0
STSI,20121030,3.05,3.05,3.05,3.05,0
STX,20121030,27.91,27.91,27.91,27.91,0
STXS,20121030,1.63,1.63,1.63,1.63,0
SUBK,20121030,14.96,14.96,14.96,14.96,0
SUMR,20121030,1.43,1.43,1.43,1.43,0
SUNS,20121030,17.83,17.83,17.83,17.83,0
SUPN,20121030,10.95,10.95,10.95,10.95,0
SUPX,20121030,18.77,18.77,18.77,18.77,0
SURG,20121030,4.44,4.44,4.44,4.44,0
SUSQ,20121030,10.32,10.32,10.32,10.32,0
SUTR,20121030,1.05,1.05,1.05,1.05,0
SVA,20121030,3.1,3.1,3.1,3.1,0
SVBI,20121030,3.6,3.6,3.6,3.6,0
SVNT,20121030,1.47,1.47,1.47,1.47,0
SVVC,20121030,17.98,17.98,17.98,17.98,0
SWHC,20121030,9.71,9.71,9.71,9.71,0
SWIR,20121030,7.9,7.9,7.9,7.9,0
SWKS,20121030,23.17,23.17,23.17,23.17,0
SWSH,20121030,1.44,1.44,1.44,1.44,0
SYBT,20121030,23.31,23.31,23.31,23.31,0
SYBTP,20121030,10.6,10.6,10.6,10.6,0
SYKE,20121030,13.54,13.54,13.54,13.54,0
SYMC,20121030,18.39,18.39,18.39,18.39,0
SYMM,20121030,6.23,6.23,6.23,6.23,0
SYMX,20121030,1.29,1.29,1.29,1.29,0
SYNA,20121030,24.4,24.4,24.4,24.4,0
SYNC,20121030,5.57,5.57,5.57,5.57,0
SYNL,20121030,13.89,13.89,13.89,13.89,0
SYNM,20121030,6.3,6.3,6.3,6.3,0
SYNT,20121030,60.6,60.6,60.6,60.6,0
SYPR,20121030,6.6,6.6,6.6,6.6,0
SYUT,20121030,4.17,4.17,4.17,4.17,0
SZYM,20121030,8.5,8.5,8.5,8.5,0
TACT,20121030,7.53,7.53,7.53,7.53,0
TAIT,20121030,0.98,0.98,0.98,0.98,0
TASR,20121030,8.07,8.07,8.07,8.07,0
TAST,20121030,6.47,6.47,6.47,6.47,0
TATT,20121030,4.69,4.69,4.69,4.69,0
TAX,20121030,14.81,14.81,14.81,14.81,0
TAXI,20121030,12.55,12.55,12.55,12.55,0
TAYC,20121030,19.1,19.1,19.1,19.1,0
TAYCP,20121030,25.65,25.65,25.65,25.65,0
TAYD,20121030,8.5,8.5,8.5,8.5,0
TBAC,20121030,1.57,1.57,1.57,1.57,0
TBBK,20121030,10.96,10.96,10.96,10.96,0
TBNK,20121030,22.61,22.61,22.61,22.61,0
TBOW,20121030,1.06,1.06,1.06,1.06,0
TCBI,20121030,46.85,46.85,46.85,46.85,0
TCBIL,20121030,25.72,25.72,25.72,25.72,0
TCBIW,20121030,32.36,32.36,32.36,32.36,0
TCBK,20121030,15.99,15.99,15.99,15.99,0
TCCO,20121030,5.54,5.54,5.54,5.54,0
TCPC,20121030,15.31,15.31,15.31,15.31,0
TCRD,20121030,14.2,14.2,14.2,14.2,0
TDIV,20121030,19,19,19,19,0
TEAR,20121030,4.3,4.3,4.3,4.3,0
TECD,20121030,44.39,44.39,44.39,44.39,0
TECH,20121030,67.48,67.48,67.48,67.48,0
TECUA,20121030,5,5,5,5,0
TECUB,20121030,5,5,5,5,0
TELK,20121030,1.36,1.36,1.36,1.36,0
TESO,20121030,9.1,9.1,9.1,9.1,0
TESS,20121030,20.74,20.74,20.74,20.74,0
TFCO,20121030,4.75,4.75,4.75,4.75,0
TFM,20121030,57.38,57.38,57.38,57.38,0
TFSL,20121030,8.95,8.95,8.95,8.95,0
TGA,20121030,10.72,10.72,10.72,10.72,0
TGE,20121030,7.2,7.2,7.2,7.2,0
THFF,20121030,30.51,30.51,30.51,30.51,0
THLD,20121030,4.39,4.39,4.39,4.39,0
THOR,20121030,35.05,35.05,35.05,35.05,0
THRD,20121030,22.74,22.74,22.74,22.74,0
THRM,20121030,11.55,11.55,11.55,11.55,0
THRX,20121030,24.85,24.85,24.85,24.85,0
THTI,20121030,0.92,0.92,0.92,0.92,0
TIBX,20121030,25.07,25.07,25.07,25.07,0
TICC,20121030,10.17,10.17,10.17,10.17,0
TIGR,20121030,1.81,1.81,1.81,1.81,0
TINY,20121030,3.41,3.41,3.41,3.41,0
TISA,20121030,3.79,3.79,3.79,3.79,0
TITN,20121030,22.22,22.22,22.22,22.22,0
TIVO,20121030,9.97,9.97,9.97,9.97,0
TKMR,20121030,3.99,3.99,3.99,3.99,0
TLAB,20121030,2.94,2.94,2.94,2.94,0
TLF,20121030,5.32,5.32,5.32,5.32,0
TMNG,20121030,2.35,2.35,2.35,2.35,0
TNAV,20121030,7.15,7.15,7.15,7.15,0
TNGO,20121030,12.53,12.53,12.53,12.53,0
TOFC,20121030,12,12,12,12,0
TOPS,20121030,1.05,1.05,1.05,1.05,0
TORM,20121030,13.28,13.28,13.28,13.28,0
TOWN,20121030,15.62,15.62,15.62,15.62,0
TPGI,20121030,5.4,5.4,5.4,5.4,0
TQNT,20121030,4.37,4.37,4.37,4.37,0
TQQQ,20121030,52.17,52.17,52.17,52.17,0
TRAK,20121030,27.52,27.52,27.52,27.52,0
TREE,20121030,14.34,14.34,14.34,14.34,0
TRGT,20121030,3.99,3.99,3.99,3.99,0
TRIB,20121030,14.35,14.35,14.35,14.35,0
TRIO,20121030,9.89,9.89,9.89,9.89,0
TRIP,20121030,30.27,30.27,30.27,30.27,0
TRIT,20121030,2.75,2.75,2.75,2.75,0
TRLG,20121030,25.84,25.84,25.84,25.84,0
TRMB,20121030,23.53,23.53,23.53,23.53,0
TRMD,20121030,4.7,4.7,4.7,4.7,0
TRMK,20121030,23.41,23.41,23.41,23.41,0
TRNS,20121030,5.32,5.32,5.32,5.32,0
TRNX,20121030,17.2,17.2,17.2,17.2,0
TROV,20121030,3.9,3.9,3.9,3.9,0
TROVU,20121030,9.08,9.08,9.08,9.08,0
TROVW,20121030,1,1,1,1,0
TROW,20121030,64.83,64.83,64.83,64.83,0
TRS,20121030,23.85,23.85,23.85,23.85,0
TRST,20121030,5.65,5.65,5.65,5.65,0
TSBK,20121030,5.95,5.95,5.95,5.95,0
TSCO,20121030,92.08,92.08,92.08,92.08,0
TSEM,20121030,8.08,8.08,8.08,8.08,0
TSLA,20121030,27.38,27.38,27.38,27.38,0
TSON,20121030,2.69,2.69,2.69,2.69,0
TSPT,20121030,4.96,4.96,4.96,4.96,0
TSRA,20121030,14.07,14.07,14.07,14.07,0
TSRI,20121030,5.23,5.23,5.23,5.23,0
TSRO,20121030,15.11,15.11,15.11,15.11,0
TSRX,20121030,5.72,5.72,5.72,5.72,0
TST,20121030,1.62,1.62,1.62,1.62,0
TSTC,20121030,1.96,1.96,1.96,1.96,0
TSYS,20121030,2.1,2.1,2.1,2.1,0
TTEC,20121030,16.88,16.88,16.88,16.88,0
TTEK,20121030,25.1,25.1,25.1,25.1,0
TTGT,20121030,4.95,4.95,4.95,4.95,0
TTHI,20121030,2.17,2.17,2.17,2.17,0
TTMI,20121030,8.9,8.9,8.9,8.9,0
TTS,20121030,14.35,14.35,14.35,14.35,0
TTWO,20121030,10.71,10.71,10.71,10.71,0
TUES,20121030,5.97,5.97,5.97,5.97,0
TWER,20121030,3.61,3.61,3.61,3.61,0
TWGP,20121030,18.79,18.79,18.79,18.79,0
TWIN,20121030,14.17,14.17,14.17,14.17,0
TWMC,20121030,3.52,3.52,3.52,3.52,0
TWTC,20121030,25.44,25.44,25.44,25.44,0
TXCC,20121030,0.97,0.97,0.97,0.97,0
TXN,20121030,28.92,28.92,28.92,28.92,0
TXRH,20121030,16.19,16.19,16.19,16.19,0
TYPE,20121030,14.11,14.11,14.11,14.11,0
TZOO,20121030,17.96,17.96,17.96,17.96,0
TZYM,20121030,4.09,4.09,4.09,4.09,0
UACL,20121030,15.46,15.46,15.46,15.46,0
UBCP,20121030,6.2,6.2,6.2,6.2,0
UBFO,20121030,2.99,2.99,2.99,2.99,0
UBNK,20121030,14.99,14.99,14.99,14.99,0
UBNT,20121030,11.97,11.97,11.97,11.97,0
UBOH,20121030,9.26,9.26,9.26,9.26,0
UBPS,20121030,6.05,6.05,6.05,6.05,0
UBSH,20121030,15.5,15.5,15.5,15.5,0
UBSI,20121030,23.65,23.65,23.65,23.65,0
UCBA,20121030,6.47,6.47,6.47,6.47,0
UCBI,20121030,8.74,8.74,8.74,8.74,0
UCFC,20121030,3.8,3.8,3.8,3.8,0
UCTT,20121030,4.55,4.55,4.55,4.55,0
UEIC,20121030,16.81,16.81,16.81,16.81,0
UEPS,20121030,8.99,8.99,8.99,8.99,0
UFCS,20121030,24.27,24.27,24.27,24.27,0
UFPI,20121030,37.13,37.13,37.13,37.13,0
UFPT,20121030,16.43,16.43,16.43,16.43,0
UG,20121030,17.22,17.22,17.22,17.22,0
UHAL,20121030,112.66,112.66,112.66,112.66,0
ULBI,20121030,3.07,3.07,3.07,3.07,0
ULGX,20121030,0.76,0.76,0.76,0.76,0
ULTA,20121030,92.41,92.41,92.41,92.41,0
ULTI,20121030,96.93,96.93,96.93,96.93,0
ULTR,20121030,1.43,1.43,1.43,1.43,0
UMBF,20121030,44.09,44.09,44.09,44.09,0
UMPQ,20121030,12.14,12.14,12.14,12.14,0
UNAM,20121030,11.85,11.85,11.85,11.85,0
UNB,20121030,19.75,19.75,19.75,19.75,0
UNFI,20121030,54.98,54.98,54.98,54.98,0
UNIS,20121030,2.69,2.69,2.69,2.69,0
UNTD,20121030,5.5,5.5,5.5,5.5,0
UNTK,20121030,3.9,3.9,3.9,3.9,0
UNTY,20121030,6.04,6.04,6.04,6.04,0
UNXL,20121030,6.62,6.62,6.62,6.62,0
UPI,20121030,3.49,3.49,3.49,3.49,0
UPIP,20121030,1.39,1.39,1.39,1.39,0
URBN,20121030,35.74,35.74,35.74,35.74,0
URRE,20121030,4,4,4,4,0
USAK,20121030,2.93,2.93,2.93,2.93,0
USAP,20121030,35.68,35.68,35.68,35.68,0
USAT,20121030,1.52,1.52,1.52,1.52,0
USATP,20121030,16.62,16.62,16.62,16.62,0
USATZ,20121030,0.69,0.69,0.69,0.69,0
USBI,20121030,5.25,5.25,5.25,5.25,0
USCR,20121030,7.35,7.35,7.35,7.35,0
USEG,20121030,1.87,1.87,1.87,1.87,0
USLM,20121030,44.96,44.96,44.96,44.96,0
USMD,20121030,12,12,12,12,0
USMO,20121030,11.16,11.16,11.16,11.16,0
USTR,20121030,28.57,28.57,28.57,28.57,0
UTEK,20121030,30.33,30.33,30.33,30.33,0
UTHR,20121030,45.25,45.25,45.25,45.25,0
UTIW,20121030,13.8,13.8,13.8,13.8,0
UTMD,20121030,33.95,33.95,33.95,33.95,0
UTSI,20121030,2.88,2.88,2.88,2.88,0
UVSP,20121030,16.64,16.64,16.64,16.64,0
VALU,20121030,9.91,9.91,9.91,9.91,0
VALV,20121030,0.89,0.89,0.89,0.89,0
VASC,20121030,14.81,14.81,14.81,14.81,0
VBFC,20121030,1,1,1,1,0
VCBI,20121030,8.83,8.83,8.83,8.83,0
VCIT,20121030,88.55,88.55,88.55,88.55,0
VCLK,20121030,16.68,16.68,16.68,16.68,0
VCLT,20121030,93.51,93.51,93.51,93.51,0
VCSH,20121030,80.62,80.62,80.62,80.62,0
VDSI,20121030,7.07,7.07,7.07,7.07,0
VECO,20121030,30.37,30.37,30.37,30.37,0
VELT,20121030,7.13,7.13,7.13,7.13,0
VGIT,20121030,66.12,66.12,66.12,66.12,0
VGLT,20121030,76.16,76.16,76.16,76.16,0
VGSH,20121030,60.91,60.91,60.91,60.91,0
VIA,20121030,53.07,53.07,53.07,53.07,0
VIAB,20121030,52.53,52.53,52.53,52.53,0
VIAS,20121030,14.96,14.96,14.96,14.96,0
VICL,20121030,3.47,3.47,3.47,3.47,0
VICR,20121030,6.04,6.04,6.04,6.04,0
VIDE,20121030,3.93,3.93,3.93,3.93,0
VIFL,20121030,5.95,5.95,5.95,5.95,0
VIMC,20121030,1.38,1.38,1.38,1.38,0
VIRC,20121030,2.28,2.28,2.28,2.28,0
VISN,20121030,4.4,4.4,4.4,4.4,0
VITC,20121030,6.13,6.13,6.13,6.13,0
VIVO,20121030,19.88,19.88,19.88,19.88,0
VLCCF,20121030,6.37,6.37,6.37,6.37,0
VLGEA,20121030,36.97,36.97,36.97,36.97,0
VLTR,20121030,18.25,18.25,18.25,18.25,0
VLYWW,20121030,0.4,0.4,0.4,0.4,0
VMBS,20121030,52.68,52.68,52.68,52.68,0
VMED,20121030,32.51,32.51,32.51,32.51,0
VNDA,20121030,3.49,3.49,3.49,3.49,0
VNET,20121030,11.33,11.33,11.33,11.33,0
VNQI,20121030,52.8,52.8,52.8,52.8,0
VOCS,20121030,17.52,17.52,17.52,17.52,0
VOD,20121030,27.41,27.41,27.41,27.41,0
VOLC,20121030,28.45,28.45,28.45,28.45,0
VONE,20121030,64.5,64.5,64.5,64.5,0
VONG,20121030,66.53,66.53,66.53,66.53,0
VONV,20121030,62.7,62.7,62.7,62.7,0
VOXX,20121030,6.13,6.13,6.13,6.13,0
VPFG,20121030,20.17,20.17,20.17,20.17,0
VPHM,20121030,26.05,26.05,26.05,26.05,0
VPRT,20121030,29.98,29.98,29.98,29.98,0
VRA,20121030,29.8,29.8,29.8,29.8,0
VRML,20121030,1.28,1.28,1.28,1.28,0
VRNM,20121030,2.72,2.72,2.72,2.72,0
VRNT,20121030,26.65,26.65,26.65,26.65,0
VRSK,20121030,46.67,46.67,46.67,46.67,0
VRSN,20121030,39.39,39.39,39.39,39.39,0
VRTA,20121030,1.18,1.18,1.18,1.18,0
VRTB,20121030,1.48,1.48,1.48,1.48,0
VRTS,20121030,95.5,95.5,95.5,95.5,0
VRTU,20121030,17.19,17.19,17.19,17.19,0
VRTX,20121030,49.56,49.56,49.56,49.56,0
VSAT,20121030,37.89,37.89,37.89,37.89,0
VSBN,20121030,10.78,10.78,10.78,10.78,0
VSCI,20121030,1.35,1.35,1.35,1.35,0
VSCP,20121030,0.79,0.79,0.79,0.79,0
VSEC,20121030,23.77,23.77,23.77,23.77,0
VSTM,20121030,7.97,7.97,7.97,7.97,0
VTHR,20121030,64.29,64.29,64.29,64.29,0
VTIP,20121030,49.88,49.88,49.88,49.88,0
VTNC,20121030,5.64,5.64,5.64,5.64,0
VTSS,20121030,2.22,2.22,2.22,2.22,0
VTUS,20121030,3.09,3.09,3.09,3.09,0
VTWG,20121030,66.67,66.67,66.67,66.67,0
VTWO,20121030,65.06,65.06,65.06,65.06,0
VTWV,20121030,63.04,63.04,63.04,63.04,0
VVTV,20121030,2.14,2.14,2.14,2.14,0
VVUS,20121030,17.55,17.55,17.55,17.55,0
VXUS,20121030,44.55,44.55,44.55,44.55,0
VYFC,20121030,9.28,9.28,9.28,9.28,0
WABC,20121030,44.47,44.47,44.47,44.47,0
WAFD,20121030,17.02,17.02,17.02,17.02,0
WASH,20121030,26.64,26.64,26.64,26.64,0
WAVX,20121030,0.72,0.72,0.72,0.72,0
WAYN,20121030,9.05,9.05,9.05,9.05,0
WBCO,20121030,13.51,13.51,13.51,13.51,0
WBKC,20121030,17.71,17.71,17.71,17.71,0
WBMD,20121030,15.43,15.43,15.43,15.43,0
WBSN,20121030,13.13,13.13,13.13,13.13,0
WCRX,20121030,11.76,11.76,11.76,11.76,0
WDC,20121030,34.12,34.12,34.12,34.12,0
WDFC,20121030,47.49,47.49,47.49,47.49,0
WEBK,20121030,15.69,15.69,15.69,15.69,0
WEBM,20121030,2.37,2.37,2.37,2.37,0
WEN,20121030,4.16,4.16,4.16,4.16,0
WERN,20121030,22.51,22.51,22.51,22.51,0
WETF,20121030,6.42,6.42,6.42,6.42,0
WEYS,20121030,23.89,23.89,23.89,23.89,0
WFD,20121030,7.15,7.15,7.15,7.15,0
WFM,20121030,94.21,94.21,94.21,94.21,0
WIBC,20121030,6.49,6.49,6.49,6.49,0
WIFI,20121030,7.41,7.41,7.41,7.41,0
WILC,20121030,4.2,4.2,4.2,4.2,0
WILN,20121030,5.22,5.22,5.22,5.22,0
WIN,20121030,9.66,9.66,9.66,9.66,0
WINA,20121030,53.11,53.11,53.11,53.11,0
WIRE,20121030,30.14,30.14,30.14,30.14,0
WLB,20121030,10.01,10.01,10.01,10.01,0
WLBPZ,20121030,28,28,28,28,0
WLDN,20121030,1.56,1.56,1.56,1.56,0
WLFC,20121030,13.78,13.78,13.78,13.78,0
WMAR,20121030,10.49,10.49,10.49,10.49,0
WMGI,20121030,20.16,20.16,20.16,20.16,0
WOOD,20121030,40.83,40.83,40.83,40.83,0
WOOF,20121030,19.47,19.47,19.47,19.47,0
WPCS,20121030,0.5,0.5,0.5,0.5,0
WPPGY,20121030,64.52,64.52,64.52,64.52,0
WPRT,20121030,28.41,28.41,28.41,28.41,0
WRES,20121030,2.8,2.8,2.8,2.8,0
WRLD,20121030,65.76,65.76,65.76,65.76,0
WRLS,20121030,10,10,10,10,0
WSB,20121030,5.7,5.7,5.7,5.7,0
WSBC,20121030,21.89,21.89,21.89,21.89,0
WSBF,20121030,5.16,5.16,5.16,5.16,0
WSCI,20121030,7.62,7.62,7.62,7.62,0
WSFS,20121030,42,42,42,42,0
WSFSL,20121030,25.9,25.9,25.9,25.9,0
WSTG,20121030,12.44,12.44,12.44,12.44,0
WSTL,20121030,2.04,2.04,2.04,2.04,0
WTBA,20121030,10.79,10.79,10.79,10.79,0
WTFC,20121030,37.07,37.07,37.07,37.07,0
WTFCW,20121030,18,18,18,18,0
WVFC,20121030,8.5,8.5,8.5,8.5,0
WVVI,20121030,3.61,3.61,3.61,3.61,0
WWD,20121030,33.18,33.18,33.18,33.18,0
WWWW,20121030,15.94,15.94,15.94,15.94,0
WYNN,20121030,118.97,118.97,118.97,118.97,0
XBKS,20121030,4.78,4.78,4.78,4.78,0
XIDE,20121030,3.04,3.04,3.04,3.04,0
XLNX,20121030,32.83,32.83,32.83,32.83,0
XNPT,20121030,8.14,8.14,8.14,8.14,0
XOMA,20121030,2.81,2.81,2.81,2.81,0
XPLR,20121030,4.75,4.75,4.75,4.75,0
XRAY,20121030,37.16,37.16,37.16,37.16,0
XRSC,20121030,0.67,0.67,0.67,0.67,0
XRTX,20121030,8.21,8.21,8.21,8.21,0
XTEX,20121030,16.18,16.18,16.18,16.18,0
XTXI,20121030,14.03,14.03,14.03,14.03,0
XWES,20121030,5.01,5.01,5.01,5.01,0
XXIA,20121030,13.94,13.94,13.94,13.94,0
YAVY,20121030,3.24,3.24,3.24,3.24,0
YHOO,20121030,16.79,16.79,16.79,16.79,0
YNDX,20121030,23.07,23.07,23.07,23.07,0
YOD,20121030,3.67,3.67,3.67,3.67,0
YORW,20121030,17.38,17.38,17.38,17.38,0
YRCW,20121030,7,7,7,7,0
Z,20121030,37.22,37.22,37.22,37.22,0
ZAGG,20121030,7.55,7.55,7.55,7.55,0
ZAZA,20121030,1.39,1.39,1.39,1.39,0
ZBRA,20121030,35.41,35.41,35.41,35.41,0
ZEUS,20121030,18.24,18.24,18.24,18.24,0
ZGNX,20121030,2.43,2.43,2.43,2.43,0
ZHNE,20121030,0.46,0.46,0.46,0.46,0
ZIGO,20121030,18.26,18.26,18.26,18.26,0
ZINC,20121030,9.08,9.08,9.08,9.08,0
ZION,20121030,21.22,21.22,21.22,21.22,0
ZIONW,20121030,3.55,3.55,3.55,3.55,0
ZIOP,20121030,4.87,4.87,4.87,4.87,0
ZIPR,20121030,2.61,2.61,2.61,2.61,0
ZIXI,20121030,2.9,2.9,2.9,2.9,0
ZLCS,20121030,0.6,0.6,0.6,0.6,0
ZLTQ,20121030,5.95,5.95,5.95,5.95,0
ZN,20121030,1.92,1.92,1.92,1.92,0
ZNGA,20121030,2.31,2.31,2.31,2.31,0
ZOLT,20121030,6.94,6.94,6.94,6.94,0
ZOOM,20121030,0.85,0.85,0.85,0.85,0
ZUMZ,20121030,26.59,26.59,26.59,26.59,0
