<ticker>,<date>,<open>,<high>,<low>,<close>,<vol>
AACC,20110818,4.3,4.32,3.97,4.16,12000
AAME,20110818,1.89,1.89,1.77,1.81,5500
AAON,20110818,17.95,18.06,16.5,16.52,210600
AAPL,20110818,370.84,372.65,361.37,366.05,30408300
AAWW,20110818,42.11,42.44,40.57,40.77,434200
AAXJ,20110818,54.35,54.56,53.2,53.72,675500
ABAX,20110818,22.9,22.9,22.02,22.22,180300
ABCB,20110818,8.8,9.03,8.65,8.96,143300
ABCD,20110818,2.75,3.12,2.75,2.82,91900
ABCO,20110818,29.285,29.285,28.125,28.505,105800
ABFS,20110818,19.89,19.99,18.92,19.06,501600
ABIO,20110818,6.9,6.9,6.36,6.78,48300
ABMD,20110818,12.09,12.5,11.7,11.8,360700
ABTL,20110818,4.3,4.45,4.1,4.15,126600
ACAD,20110818,1.49,1.49,1.38,1.41,499800
ACAS,20110818,8.31,8.34,7.9,7.96,6163700
ACAT,20110818,13.51,13.65,12.64,12.82,150800
ACCL,20110818,6.53,6.56,6.32,6.35,230300
ACET,20110818,5.47,5.51,5.31,5.33,144600
ACFC,20110818,3.59,3.86,3.3,3.61,6900
ACFN,20110818,4.83,4.91,4.65,4.69,101000
ACGL,20110818,33.01,33.54,32.8,32.94,1441200
ACHN,20110818,5.61,5.61,5.18,5.22,363300
ACIW,20110818,29.59,29.79,28.39,28.7,313700
ACLS,20110818,1.38,1.38,1.27,1.32,983100
ACNB,20110818,14.56,14.56,14.25,14.25,1500
ACOR,20110818,25.61,25.61,24.71,24.89,569000
ACPW,20110818,7.15,7.35,6.7,6.75,526700
ACRX,20110818,3.52,3.52,3.52,3.52,0
ACTG,20110818,35.9,35.9,32.86,33.05,695200
ACTS,20110818,1.91,1.95,1.9,1.9,19000
ACUR,20110818,3.16,3.16,2.97,3.01,90100
ACWI,20110818,41.84,41.92,40.98,41.35,679700
ACWX,20110818,38.48,38.53,37.69,38.13,430200
ACXM,20110818,10.21,10.28,9.37,9.45,859200
ADAT,20110818,1.86,1.86,1.64,1.74,63500
ADBE,20110818,23.74,23.85,23,23.28,10522600
ADEP,20110818,4.11,4.11,3.5,3.75,3900
ADES,20110818,14.69,14.69,13.76,13.98,35600
ADI,20110818,30.78,30.98,29.8,30.89,9435500
ADP,20110818,46.41,46.94,45.83,46.42,6389500
ADRA,20110818,23.97,24.22,23.81,23.97,500
ADRD,20110818,18.93,19.05,18.85,19,17100
ADRE,20110818,40.18,40.18,39.17,39.69,92600
ADRU,20110818,18.69,18.71,18.47,18.47,3200
ADSK,20110818,27.9,27.9,26.16,26.51,8952900
ADTN,20110818,28.62,28.62,27.17,27.4,1123700
ADUS,20110818,4.68,4.73,4.55,4.63,22500
ADVS,20110818,20.31,20.31,19.33,19.76,391600
AEGR,20110818,13.99,13.99,13.47,13.78,54700
AEHR,20110818,1.14,1.27,1.14,1.19,5800
AEIS,20110818,9.36,9.36,9.03,9.09,415800
AEPI,20110818,24.54,24.95,24,24.1,43000
AERL,20110818,7.31,7.42,6.55,6.67,373500
AETI,20110818,3.55,3.55,3.5,3.55,900
AEY,20110818,2.38,2.44,2.2,2.2,13300
AEZS,20110818,11.1,11.22,10.32,10.62,2080000
AFAM,20110818,18.31,18.96,17.74,18.34,337700
AFCB,20110818,11.7,11.7,11.5,11.7,1200
AFCE,20110818,12.6,13.49,12.4,12.63,354700
AFFX,20110818,4.84,4.86,4.5,4.57,2173500
AFFY,20110818,4.52,4.6,4.22,4.3,782200
AFOP,20110818,7.81,7.81,7.36,7.64,54500
AFSI,20110818,21.54,21.85,21.33,21.57,521100
AGEN,20110818,0.56,0.56,0.51,0.53,432900
AGII,20110818,27.79,28.65,27.45,28.07,192000
AGNC,20110818,29.42,29.69,29.01,29.27,7022400
AGYS,20110818,7.9,8.19,7.69,7.75,200000
AHGP,20110818,45.59,46.28,44.83,45.25,72400
AHPI,20110818,3.84,3.84,3.79,3.79,700
AIMC,20110818,14.97,15.64,14.1,14.13,686400
AINV,20110818,8.5,8.53,8.09,8.14,2383200
AIRM,20110818,21.5333,21.5333,20.67,20.86,69700
AIRT,20110818,8.04,8.04,7.91,7.99,1400
AIXG,20110818,20.48,21.08,20.16,20.57,972900
AKAM,20110818,21.77,21.96,20.65,20.81,5200300
AKRX,20110818,7.73,7.74,7.45,7.53,841900
ALCO,20110818,22.07,22.65,21.18,21.18,22900
ALGN,20110818,17.64,17.65,16.82,16.99,751500
ALGT,20110818,43.92,43.92,43.08,43.69,302800
ALIM,20110818,7.38,7.48,7.07,7.12,44400
ALKS,20110818,14.3,14.49,14.13,14.3,1048500
ALLB,20110818,10.53,10.53,10.5,10.5,2200
ALLT,20110818,12.2,12.2,10.44,10.62,561000
ALNY,20110818,7.02,7.02,6.65,6.65,271600
ALOG,20110818,45.8,46.13,44.6,45.48,98200
ALOT,20110818,7.41,7.49,7.11,7.45,1700
ALSK,20110818,7.15,7.21,7.01,7.07,934200
ALTE,20110818,19.11,19.18,18.78,18.95,729500
ALTI,20110818,1.25,1.25,1.11,1.16,210100
ALTR,20110818,35.33,35.48,33.9,34.21,5549500
ALVR,20110818,11.5,11.9,11.2,11.7,329800
ALXA,20110818,12.5,12.5,11.5,11.8,648400
ALXN,20110818,50.66,50.85,49.67,50.31,1624700
AMAG,20110818,14.21,14.43,13.89,14.03,357700
AMAP,20110818,15.83,15.83,14.38,14.97,166600
AMAT,20110818,11.28,11.3,10.88,10.99,17855300
AMBT,20110818,8.79,8.95,8.02,8.2,2900
AMCC,20110818,5.46,5.46,5.07,5.29,1190800
AMCF,20110818,1.57,1.66,1.51,1.61,36100
AMCN,20110818,2.28,2.49,2.2,2.21,164000
AMCX,20110818,33.66,33.66,32.47,32.96,312500
AMED,20110818,16.2,16.21,15.4,15.49,896800
AMGN,20110818,50.65,51.68,50.63,51.44,10138300
AMIC,20110818,5.1,5.1,5.1,5.1,0
AMKR,20110818,4.14,4.15,3.9,3.94,2681100
AMNB,20110818,18.61,18.66,18.04,18.15,7300
AMOT,20110818,5.4,5.42,5.12,5.42,600
AMOV,20110818,23.62,23.63,23.1,23.28,3000
AMPE,20110818,4.94,5.06,4.62,4.85,90200
AMRB,20110818,5.22,5.22,5.11,5.11,700
AMRI,20110818,3.69,3.84,3.49,3.5,155600
AMRN,20110818,11.27,11.85,10.93,11.09,3245200
AMRS,20110818,19.16,19.42,17.57,18.7,357200
AMSC,20110818,6.04,6.06,5.62,5.73,1499900
AMSF,20110818,18.77,19.17,18.71,18.77,71800
AMSG,20110818,20.71,20.72,19.99,20.05,204000
AMSWA,20110818,6.15,6.27,5.91,6.16,193300
AMWD,20110818,13.58,14.32,13.22,13.45,25700
AMZN,20110818,191.23,191.34,179.72,182.52,8280300
ANAC,20110818,4.75,4.96,4.66,4.82,59500
ANAD,20110818,2.47,2.5,2.3,2.35,798300
ANAT,20110818,73.27,74.15,73,73.32,20100
ANCB,20110818,8.15,8.15,8.14,8.15,6200
ANCI,20110818,2.34,2.34,2.34,2.34,0
ANCX,20110818,8.05,8.29,8.05,8.14,3600
ANDE,20110818,38.23,38.89,37.4,38.4,179100
ANEN,20110818,19.21,19.21,18.05,18.16,87300
ANGO,20110818,14.02,14.07,13.51,13.65,162700
ANIK,20110818,6.01,6.01,5.89,6,17400
ANLY,20110818,3.5,3.55,3.49,3.51,8800
ANSS,20110818,48.44,48.5,46.89,47.26,546700
ANTH,20110818,5.78,5.78,5.35,5.45,120800
ANTP,20110818,2.5,2.5,2.28,2.41,6200
AOSL,20110818,8.25,8.35,8,8.14,81400
APAGF,20110818,77.96,78.21,75.44,76.28,30200
APEI,20110818,37.14,37.51,36.06,36.18,240400
APFC,20110818,7.08,7.65,6.55,6.55,5600
APOG,20110818,8.94,8.99,8.45,8.55,306600
APOL,20110818,45.38,46.21,44.99,45.31,2329900
APPY,20110818,3.96,3.96,3.96,3.96,0
APRI,20110818,4.01,4.4,3.89,4.2,585300
APSA,20110818,19,19.03,18.76,18.81,1700
APWC,20110818,3.41,3.67,3.35,3.67,5700
ARAY,20110818,5.04,5.04,4.63,4.7,1169300
ARCC,20110818,14.26,14.3,13.87,13.98,1836900
ARCI,20110818,4.2,4.22,4.05,4.07,3000
ARCW,20110818,2.96,2.98,2.96,2.98,1600
ARDNA,20110818,81,81.4,79.71,79.71,7100
AREX,20110818,19.16,19.28,16.97,17.57,1446500
ARIA,20110818,9.13,9.18,8.53,8.67,4837300
ARII,20110818,16.75,16.75,15.62,15.73,177200
ARKR,20110818,13.63,13.75,13.63,13.75,1000
ARLP,20110818,71.03,72.13,69.02,71.34,169200
ARMH,20110818,24.09,24.11,23.25,23.51,7060000
ARNA,20110818,1.35,1.37,1.31,1.33,1977000
AROW,20110818,23.47,23.47,22.83,22.85,37600
ARQL,20110818,4.96,4.96,4.55,4.6,400000
ARRS,20110818,10.41,10.41,9.87,9.97,2859500
ARRY,20110818,2.14,2.24,2.03,2.19,579700
ARTC,20110818,30.92,31.01,28.9,29.04,221600
ARTNA,20110818,17.51,17.78,17.18,17.25,21600
ARTW,20110818,6.1,6.25,5.9,5.9,4200
ARTX,20110818,1.48,1.57,1.4,1.41,20100
ARUN,20110818,19.26,19.39,16.59,17.1,8674700
ARWR,20110818,0.48,0.49,0.45,0.45,28800
ASBC,20110818,10.58,10.6,10.17,10.29,2065500
ASBI,20110818,4.2,4.2,4.2,4.2,0
ASCA,20110818,19.36,19.62,18.48,18.59,899700
ASCMA,20110818,42.43,43.19,41.23,41.51,71200
ASEI,20110818,59.89,61.34,59.58,60.5,152700
ASFI,20110818,8.72,8.75,8.41,8.72,9900
ASIA,20110818,9.26,9.28,8.44,8.89,1529400
ASMI,20110818,23.33,23.35,22.78,23.17,114000
ASML,20110818,33.22,33.35,32.33,33.05,3311900
ASNA,20110818,12.99,12.995,12.545,12.635,847600
ASPS,20110818,34.05,34.05,33.07,33.4,46800
ASRV,20110818,2.02,2.02,2.02,2.02,0
ASRVP,20110818,25.02,25.02,25.02,25.02,100
ASTC,20110818,0.77,0.8,0.75,0.8,13200
ASTE,20110818,30.79,31.13,28.91,29.11,183500
ASTI,20110818,0.86,0.99,0.85,0.87,856900
ASTM,20110818,2.5,2.61,2.38,2.53,335500
ASUR,20110818,2.3267,2.3267,2.1667,2.2667,13900
ASYS,20110818,10.83,10.84,10.25,10.38,434400
ATAI,20110818,8.98,9,8.68,8.83,4000
ATAX,20110818,5.58,5.6,5.45,5.48,11900
ATEA,20110818,3.39,3.4,3.2,3.21,20300
ATEC,20110818,2.4,2.46,2.31,2.35,294300
ATHN,20110818,52.45,52.45,49.89,50.33,714600
ATHX,20110818,1.86,1.95,1.81,1.83,57600
ATLO,20110818,17.08,17.08,15.8,15.8,27800
ATMI,20110818,16.97,16.98,16.19,16.33,142000
ATML,20110818,9.47,9.49,8.83,8.93,11213700
ATNI,20110818,32.89,33.47,32.02,32.24,52000
ATNY,20110818,4.95,4.95,4.8,4.8,2800
ATRC,20110818,10.18,10.47,9.9,10.06,91500
ATRI,20110818,193.21,193.21,187.86,189.1,9000
ATRM,20110818,1.64,1.64,1.64,1.64,0
ATRO,20110818,24.6,25.03,24.04,24.79,75100
ATSG,20110818,4.71,4.8,4.54,4.57,435900
ATVI,20110818,10.75,10.87,10.58,10.71,12105500
ATX,20110818,11.81,11.82,10.18,10.58,91200
AUBN,20110818,19.7,19.7,19.7,19.7,0
AUDC,20110818,4.15,4.17,3.83,4,163100
AUXL,20110818,15.06,15.48,14.85,15.39,1304800
AVAV,20110818,26.06,26.3,24.8,25.05,242200
AVEO,20110818,16.25,16.25,15.67,15.79,320900
AVGO,20110818,29.81,29.9,28.28,28.61,2305400
AVID,20110818,10.32,10.32,9.7,9.77,174400
AVNR,20110818,2.84,2.84,2.65,2.71,1999500
AVNW,20110818,2.9,2.92,2.68,2.76,380600
AWAY,20110818,35.9,35.9,33.8,35.13,217000
AWRE,20110818,3.25,3.26,2.81,2.85,28300
AXAS,20110818,3.33,3.35,3.06,3.22,2381800
AXFN,20110818,20.07,20.07,20.07,20.07,400
AXTI,20110818,7.77,7.91,7.36,7.39,597200
AZPN,20110818,13.19,13.31,12.61,13.08,1129400
BABY,20110818,9.92,10.25,9.51,9.83,586300
BAGL,20110818,13.71,13.84,12.85,13.3,161100
BAMM,20110818,2.9,2.9,2.78,2.8,51800
BANC,20110818,12.69,12.69,11.84,12.22,98800
BANF,20110818,32.8,33.88,32.21,32.61,41400
BANFP,20110818,27.08,27.08,27.08,27.08,0
BANR,20110818,14.56,14.56,13.89,14.25,347800
BASI,20110818,1.54,1.6,1.54,1.54,1000
BBBY,20110818,51.91,52.13,50.52,51.01,2798200
BBEP,20110818,18.24,18.54,17.86,18,369700
BBGI,20110818,4.03,4.09,4.03,4.09,1900
BBNK,20110818,10.25,10.42,10,10.13,22300
BBOX,20110818,22.02,22.84,21.73,22.04,168100
BBRG,20110818,19.68,19.68,18.3,18.62,176200
BBRY,20110818,25.78,26.69,25.31,25.76,22781000
BBSI,20110818,13.66,14.11,13.4,13.49,32300
BCBP,20110818,9.26,9.43,9.01,9.24,9000
BCOM,20110818,18.7,18.7,18.7,18.7,0
BCPC,20110818,36.92,37.34,35.9,36.36,185000
BCRX,20110818,2.54,2.57,2.45,2.48,186100
BCSB,20110818,12.61,12.61,12.4,12.4,2300
BDE,20110818,7.33,7.33,6.9,7.2,110000
BDGE,20110818,19.46,19.46,18.07,18.26,28400
BDMS,20110818,18,18,18,18,0
BDSI,20110818,3.29,3.29,3.12,3.13,126800
BEAT,20110818,3.88,3.92,3.75,3.87,190200
BEAV,20110818,32.46,32.49,30.08,30.39,1897500
BEBE,20110818,6.02,6.1,5.88,6.05,618900
BECN,20110818,15.6,15.7,15.09,15.5,1040200
BELFA,20110818,18.19,18.19,17.11,17.24,1500
BELFB,20110818,17.03,17.13,15.71,15.87,33600
BERK,20110818,6.5,6.5,6.5,6.5,100
BFIN,20110818,7.26,7.31,7.15,7.15,79600
BFLY,20110818,2,2,1.95,1.95,500
BGCP,20110818,6.47,6.47,6.19,6.31,1484800
BGFV,20110818,6.7,6.88,6.34,6.38,108000
BGMD,20110818,5.92,6.32,5.74,5.75,14000
BIB,20110818,26.495,27,25.185,25.68,13000
BICK,20110818,26.44,26.44,25.8,25.9,8600
BIDU,20110818,132,133.37,126.61,128.77,14249500
BIIB,20110818,88.92,89.39,86.86,88.46,2353700
BIOD,20110818,4.68,4.72,4.36,4.44,698400
BIOF,20110818,6.4,6.4,6,6.4,85500
BIOS,20110818,5.79,5.97,5.7,5.7,350200
BIRT,20110818,5.95,5.96,5.62,5.75,552200
BIS,20110818,50.3,50.3,49.35,50.13,1100
BJRI,20110818,44,44,40.7,40.93,492600
BKCC,20110818,8.4,8.41,8.03,8.15,783800
BKEP,20110818,7.97,7.97,7.5,7.83,11300
BKMU,20110818,3.05,3.19,3.01,3.06,188800
BKOR,20110818,3.75,3.75,3.75,3.75,0
BKSC,20110818,10.01,10.01,9.98,9.98,1500
BKYF,20110818,21.94,21.99,20.88,21.46,23800
BLDP,20110818,1.33,1.35,1.31,1.34,107600
BLDR,20110818,1.78,1.88,1.69,1.74,219400
BLIN,20110818,0.82,0.83,0.82,0.82,1900
BLKB,20110818,23.18,23.85,22.8,22.92,464800
BLRX,20110818,3.51,3.51,3.51,3.51,0
BMC,20110818,38.63,38.63,37.19,38.08,3233400
BMRC,20110818,37,37.55,36.01,36.06,24800
BMRN,20110818,27.25,27.33,26.11,26.43,920200
BMTC,20110818,17.82,18.6,17.65,17.9,66300
BNCL,20110818,7.45,7.48,7.32,7.35,140500
BNCN,20110818,6.64,6.87,6.64,6.87,5600
BNSO,20110818,1.66,1.66,1.65,1.65,1900
BOBE,20110818,30.82,30.93,29.29,29.5,326300
BOCH,20110818,3.38,3.42,3.36,3.37,11500
BODY,20110818,16.82,17.19,15.9,16.49,514700
BOFI,20110818,13.37,13.66,13.1,13.18,50500
BOKF,20110818,45.65,46,44.13,44.63,175200
BOLT,20110818,11.11,11.2,10.5,10.71,43600
BONA,20110818,4.14,4.14,3.81,3.83,59800
BONT,20110818,6.25,6.25,5.9,6.12,464300
BOOM,20110818,19.53,19.57,18.4,18.47,119400
BOSC,20110818,7,7.04,7,7,1500
BPAX,20110818,15,15,13.86,14.1,3130700
BPFH,20110818,5.85,5.87,5.59,5.65,1103900
BPFHW,20110818,2.12,2.12,2.12,2.12,0
BPHX,20110818,0.93,0.94,0.9,0.91,39100
BPOP,20110818,21,21.1,20.3,20.8,6382600
BPOPM,20110818,18.85,18.85,18.25,18.25,1500
BPOPN,20110818,19.57,19.73,19.57,19.73,200
BRCD,20110818,3.56,3.6,3.31,3.32,22422600
BRCM,20110818,33.3,33.5,32.07,32.25,9261700
BRID,20110818,10.25,10.32,9.47,9.47,5200
BRKL,20110818,7.7,7.83,7.38,7.41,689100
BRKR,20110818,13.83,13.94,12.83,12.95,1186400
BRKS,20110818,8.86,8.92,8.5,8.57,457200
BRLI,20110818,18.67,18.83,17.66,17.85,303900
BSDM,20110818,2.97,3.01,2.72,2.76,131800
BSET,20110818,8.05,8.05,7.66,7.67,15700
BSFT,20110818,29.97,30.04,25.97,26.38,1363800
BSPM,20110818,3.15,3.21,3,3.06,110400
BSQR,20110818,4.24,4.67,4.22,4.52,52100
BSRR,20110818,10.32,10.35,9.97,10.01,31400
BSTC,20110818,15.89,15.9,15.5,15.67,13300
BTUI,20110818,4.99,5,4.55,4.55,6600
BUSE,20110818,4.58,4.63,4.46,4.58,437100
BVSN,20110818,9.91,10.1,9.61,9.73,4600
BWEN,20110818,7.7,8.2,7.4,7.5,546500
BWINA,20110818,25.07,25.07,25.07,25.07,700
BWINB,20110818,23.13,23.39,22.13,22.21,13900
BWLD,20110818,57.34,58.25,54.69,55.14,477000
BYFC,20110818,1.85,1.94,1.85,1.85,3900
CA,20110818,19.39,19.41,18.81,18.99,6350200
CAAS,20110818,5.17,5.3,4.78,4.85,102600
CAC,20110818,26.93,28.79,26.93,28.02,35700
CACB,20110818,7.99,8.14,7.57,7.57,17100
CACC,20110818,70.04,71.03,65.69,67.61,59400
CACH,20110818,5.4,5.56,5.14,5.15,6600
CADC,20110818,1.85,1.88,1.82,1.85,23900
CADX,20110818,6.88,6.98,6.7,6.88,301500
CAFI,20110818,1.55,1.59,1.43,1.49,1500
CAKE,20110818,26.52,27.1,25.9,26.14,1878400
CALD,20110818,4.61,4.74,4.51,4.69,797900
CALI,20110818,9.42,9.42,8.58,9.24,10700
CALL,20110818,10.15,10.5,9.68,10.01,65800
CALM,20110818,30.25,30.51,29.34,29.88,332300
CAMP,20110818,2.97,2.97,2.83,2.85,81400
CAMT,20110818,2.2,2.24,2.11,2.18,26300
CAR,20110818,12.23,12.23,11.59,11.73,2413600
CARB,20110818,15.19,15.2,13.51,13.62,120400
CART,20110818,2.73,2.73,2.73,2.73,200
CARV,20110818,0.69,0.69,0.69,0.69,500
CARZ,20110818,25.11,25.11,24.36,24.61,1900
CASH,20110818,18.31,18.31,17.52,17.52,1800
CASM,20110818,2.65,2.65,2.65,2.65,100
CASS,20110818,35.35,36.51,35,35.23,44000
CASY,20110818,41.34,41.34,40.12,40.5,307400
CATM,20110818,21.49,21.55,20.56,21.29,472700
CATY,20110818,11.95,12.14,11.5,11.61,1091400
CAVM,20110818,28.17,28.51,25.95,26.26,1463200
CBAK,20110818,5,5.05,4.85,4.85,95700
CBAN,20110818,2.91,3.3,2.74,3.01,4100
CBEY,20110818,9.12,9.17,8.66,8.69,303500
CBIN,20110818,10.2,10.2,10.2,10.2,0
CBLI,20110818,2.67,2.67,2.33,2.37,275200
CBMX,20110818,27.8,28.9,27.7,28.8,2800
CBMXW,20110818,2,2,2,2,0
CBNJ,20110818,8.45,8.6,8.37,8.43,42600
CBNK,20110818,14.02,14.24,13.91,14,6900
CBOE,20110818,23.13,23.52,22.84,22.88,787400
CBPO,20110818,8.08,8.33,8.06,8.12,17400
CBRL,20110818,41.04,41.04,38.9,39.29,328500
CBRX,20110818,2.38,2.48,2.25,2.27,575600
CBSH,20110818,36.8,36.8,35.9,36.12,677200
CBST,20110818,33.09,33.16,32.11,32.59,1251700
CCBG,20110818,10.01,10.14,9.9,9.95,51000
CCCL,20110818,4,4,3.82,3.87,53900
CCIH,20110818,6.24,6.24,5.88,6.01,195600
CCIX,20110818,10.73,10.75,10.19,10.52,194400
CCMP,20110818,36.99,37.93,36.87,37.48,297000
CCNE,20110818,12.15,12.36,12.1,12.15,31200
CCOI,20110818,13.68,13.77,13,13.11,312000
CCRN,20110818,4.38,4.92,4.32,4.39,191000
CCUR,20110818,5.85,5.86,5.75,5.82,3500
CDNS,20110818,8.7,8.7,8.32,8.4,3899100
CDTI,20110818,4.02,4.09,3.7,3.77,273500
CDXS,20110818,6.25,6.25,5.83,5.87,245100
CDZI,20110818,8.95,9.14,8.6,8.64,44000
CECE,20110818,6.01,6.3,5.51,5.8,45000
CECO,20110818,15.63,15.69,14.54,14.81,878500
CEDU,20110818,6.14,6.14,5.57,5.9,4600
CELG,20110818,55.11,55.6,53.87,54.55,4282700
CELGZ,20110818,1.55,1.59,1.55,1.55,11500
CENT,20110818,7.26,7.35,7.01,7.03,88200
CENTA,20110818,7.48,7.66,7.13,7.16,268800
CENX,20110818,10.47,10.61,10.07,10.21,1965600
CERN,20110818,55.96,56.46,54.62,55.38,1699300
CERS,20110818,2.05,2.18,2.02,2.02,343700
CETV,20110818,13.15,13.15,12.37,12.67,538100
CEVA,20110818,25.15,25.31,23.79,24.36,275900
CFBK,20110818,3.9,3.9,3.45,3.65,4900
CFFI,20110818,22.4,22.75,22.4,22.66,2500
CFFN,20110818,10.85,10.88,10.66,10.83,1871500
CFNB,20110818,16.99,17,16.45,16.7,3300
CFNL,20110818,9.48,9.58,9.31,9.45,144000
CGEN,20110818,3.76,3.86,3.64,3.68,55700
CGNX,20110818,31.47,31.47,29.67,29.86,317800
CHCI,20110818,1.05,1.07,1.01,1.03,49000
CHCO,20110818,29.53,29.71,28.69,29.03,124200
CHDN,20110818,42.4,42.51,40.52,40.86,98000
CHDX,20110818,10.25,10.58,9.9,10.18,110700
CHEF,20110818,16.51,16.66,16.06,16.18,77100
CHEV,20110818,8.46,8.65,8.45,8.65,3700
CHFC,20110818,16.26,16.5,15.9,15.98,114100
CHFN,20110818,9.13,9.13,7.87,8.1,14200
CHKE,20110818,13.93,14.09,13.62,13.89,52600
CHKP,20110818,55.25,55.3,51.39,52.22,4006500
CHLN,20110818,0.98,1.1,0.96,1.05,94500
CHNR,20110818,9.44,9.44,9.1,9.1,600
CHOP,20110818,3.93,3.94,3.51,3.66,192000
CHRM,20110818,11.66,12,11.54,11.99,3200
CHRW,20110818,65.56,66.05,63.59,64.24,1891800
CHSCP,20110818,28.33,28.4,28.07,28.2,26500
CHTP,20110818,4.02,4.03,3.75,3.8,605400
CHTR,20110818,47.48,47.93,45.42,45.98,510300
CHYR,20110818,2.01,2.06,1.99,2.06,9100
CIDM,20110818,1.48,1.52,1.43,1.46,15200
CIEN,20110818,11.8,11.82,10.85,10.95,6083700
CIMT,20110818,3.59,3.72,3.59,3.7,16300
CINF,20110818,25.81,25.89,25.44,25.71,2456500
CISG,20110818,13.27,13.5,12.95,13.06,180700
CITZ,20110818,5.4,5.4,5.39,5.4,1800
CIZN,20110818,18.51,18.51,18.51,18.51,100
CJJD,20110818,1.5,1.77,1.45,1.77,215800
CKEC,20110818,6.57,6.61,6.11,6.14,116800
CKSW,20110818,8.64,8.64,8.38,8.47,106900
CLBH,20110818,2.55,2.57,2.55,2.55,8800
CLCT,20110818,17.52,17.59,17.3,17.3,30200
CLDX,20110818,2.74,2.75,2.58,2.58,316900
CLFD,20110818,6.81,6.87,6.3,6.64,102400
CLMS,20110818,11.17,11.22,10.53,10.74,152700
CLMT,20110818,19.87,20.11,19.13,19.76,206900
CLNE,20110818,12.15,12.2,11.5,11.71,1699500
CLNT,20110818,0.67,0.7,0.6,0.62,88600
CLRO,20110818,6.88,7.08,6.75,7.04,20500
CLSN,20110818,3.01,3.04,2.81,2.97,806100
CLUB,20110818,7.68,7.75,7.22,7.36,207100
CLWR,20110818,2.21,2.44,2.06,2.31,8504200
CLWT,20110818,5.445,5.445,4.95,5.445,3200
CMCO,20110818,13.13,13.13,12.66,12.96,181700
CMCSA,20110818,20.73,20.93,20.09,20.28,26149300
CMCSK,20110818,20.52,20.65,19.89,20.07,8604800
CME,20110818,248.65,248.65,238.3,240.7,1154200
CMLS,20110818,2.77,3.05,2.75,2.86,379900
CMSB,20110818,7.5,7.5,7.5,7.5,0
CMTL,20110818,25.85,25.99,25.02,25.26,379800
CNBC,20110818,9.4,9.67,9.16,9.25,50300
CNBKA,20110818,25.25,25.27,24.1,24.1,19300
CNET,20110818,1.29,1.38,1.28,1.28,8800
CNIT,20110818,1.51,1.55,1.44,1.48,336200
CNMD,20110818,22.39,22.41,21.66,21.74,269600
CNQR,20110818,37.79,37.99,35.08,35.41,1101600
CNSL,20110818,18.53,18.73,18.32,18.41,231700
CNTF,20110818,2.9,2.9,2.8,2.84,753600
CNTY,20110818,2.7,2.78,2.57,2.66,11700
CNYD,20110818,3.42,3.43,3.23,3.43,2100
COBK,20110818,11.48,11.48,11.35,11.35,500
COBR,20110818,3.29,3.35,3.29,3.35,300
COBZ,20110818,5.01,5.03,4.8,4.83,192600
COCO,20110818,2.73,2.75,2.48,2.52,2528900
COGO,20110818,2.63,2.65,2.26,2.35,763200
COHR,20110818,43.63,43.63,39.64,40.02,202700
COHU,20110818,10.73,10.95,10.47,10.54,107000
COKE,20110818,60,60.27,59.03,59.34,32400
COLB,20110818,15.5,15.63,14.73,14.88,404500
COLM,20110818,50.09,50.34,47.43,48.09,373500
CONN,20110818,5.83,5.85,5.54,5.59,165800
COOL,20110818,2.2,2.27,2.11,2.17,1112700
CORE,20110818,34.52,34.9,33.5,33.8,133000
CORT,20110818,2.76,2.83,2.67,2.75,252500
COSI,20110818,0.69,0.71,0.69,0.7,106400
COST,20110818,74.52,75.38,72.46,74.36,4974300
COWN,20110818,3.39,3.42,3.17,3.23,867100
CPBC,20110818,5,5,5,5,100
CPGI,20110818,1.12,1.15,1.09,1.15,73600
CPHC,20110818,10.05,10.14,10.05,10.14,500
CPHD,20110818,32.42,32.47,30.48,30.72,921400
CPIX,20110818,6.09,6.11,5.83,5.83,40400
CPLA,20110818,33.07,33.07,31.13,31.38,466300
CPLP,20110818,6.78,6.82,6.36,6.51,169700
CPNO,20110818,32.14,32.14,31.01,31.55,231800
CPRT,20110818,20,20.1,19.41,19.54,449700
CPRX,20110818,1.23,1.26,1.15,1.22,19700
CPSI,20110818,66.69,66.7,63.84,64.51,136100
CPSL,20110818,11.4,11.64,10.32,10.8,134300
CPSS,20110818,1.05,1.09,0.94,1.04,10700
CPST,20110818,1.11,1.12,1.05,1.05,6073400
CPTS,20110818,11,11.03,10.49,10.63,277300
CPWR,20110818,8.01,8.01,7.61,7.67,2575100
CRAI,20110818,25.28,25.97,23.02,23.8,73700
CRAY,20110818,5.18,5.26,5.04,5.09,197900
CRDC,20110818,2.52,2.56,2.33,2.35,92200
CREE,20110818,31.86,32.69,30.02,31.25,10338400
CREG,20110818,1.67,1.7,1.5,1.67,26300
CRESW,20110818,0.16,0.16,0.16,0.16,0
CRESY,20110818,14.05,14.05,13.52,13.66,56400
CRFN,20110818,3.63,3.75,3.56,3.62,4600
CRIS,20110818,2.92,2.99,2.84,2.84,561000
CRMB,20110818,7.33,7.33,7,7.3,12500
CRMBW,20110818,0.8,0.8,0.58,0.76,23000
CRME,20110818,17.8,18.25,17.05,17.25,341200
CRMT,20110818,31.58,32.1,31.04,31.3,76400
CRNT,20110818,10.29,10.29,9.8,9.89,137000
CROX,20110818,26.05,26.46,25.16,25.41,2717300
CRRC,20110818,7.53,7.66,7.15,7.24,66100
CRTX,20110818,7.93,8.18,7.92,7.93,23500
CRUS,20110818,13.73,13.76,13.02,13.2,2809100
CRVL,20110818,41.41,41.46,39.83,40.2,59100
CRWN,20110818,1.25,1.32,1.2,1.21,161900
CRWS,20110818,4.33,4.33,4.3,4.32,3800
CRZO,20110818,28.73,28.73,26.88,27.48,1659500
CSBK,20110818,9.5,9.64,9.15,9.15,18200
CSCD,20110818,4.2,4.2,4.2,4.2,500
CSCO,20110818,15.39,15.47,14.9,15.01,104626500
CSFL,20110818,5.67,5.76,5.64,5.66,124800
CSGP,20110818,49.73,49.73,47.02,47.42,257900
CSGS,20110818,13.57,13.61,13.2,13.31,341500
CSII,20110818,13.24,13.52,12.65,12.68,152000
CSIQ,20110818,7.16,7.24,6.66,6.67,660400
CSOD,20110818,16.1,16.1,14.45,14.48,76000
CSPI,20110818,3.55,3.6,3.55,3.6,6100
CSTR,20110818,42.59,42.59,40.33,40.74,1332400
CSUN,20110818,1.3,1.34,1.25,1.26,248400
CSWC,20110818,84.89,85,81.75,81.75,17500
CTAS,20110818,29.36,29.41,28.59,28.86,2138300
CTBI,20110818,25.22,25.5,24.78,24.99,52700
CTCH,20110818,3.07,3.12,3.07,3.12,1600
CTCM,20110818,16.36,16.36,15.33,15.6,402700
CTCT,20110818,16.51,16.9,15.63,16.73,1022100
CTGX,20110818,11.02,11.14,10.44,10.52,70100
CTHR,20110818,2.32,2.4,2.32,2.37,5700
CTIB,20110818,4,4,3.67,3.95,700
CTIC,20110818,6.5,6.55,6,6,2472700
CTRN,20110818,11.85,11.93,11.11,11.11,205800
CTRP,20110818,39.59,39.7,38.1,38.57,2022000
CTRX,20110818,26.07,26.24,24.175,24.615,692200
CTSH,20110818,60.03,60.36,53.93,54.46,10181000
CTWS,20110818,26.3,27.19,25.71,26.61,71900
CTXS,20110818,56.14,56.3,51.31,51.96,6771500
CU,20110818,34.51,34.81,33.57,33.75,46600
CUBA,20110818,6.47,6.48,6.11,6.27,16000
CUTR,20110818,7.64,8.35,7.4,7.45,57000
CVBF,20110818,7.98,8,7.72,7.86,1076900
CVCO,20110818,31.02,31.26,29.36,29.85,34800
CVCY,20110818,6.4,6.4,6.18,6.18,2200
CVGI,20110818,7.2,7.56,6.3,6.39,579200
CVGW,20110818,18.93,19.33,18.66,18.89,77200
CVLT,20110818,36,36.6,32.28,32.57,1796200
CVLY,20110818,10.05,10.05,10.05,10.05,200
CVTI,20110818,4,4.06,3.81,3.82,54100
CVV,20110818,12.93,12.93,11.24,11.82,88500
CWBC,20110818,2.85,2.85,2.65,2.85,4100
CWCO,20110818,8.4,8.6,8.03,8.13,56200
CWEI,20110818,55.09,55.09,51.35,53.7,165400
CWST,20110818,5.05,5.07,4.89,4.94,130000
CWTR,20110818,4.16,4.16,3.68,3.76,630300
CXDC,20110818,4.71,4.85,4.49,4.76,277600
CXPO,20110818,2.63,2.72,2.55,2.55,130900
CY,20110818,17.95,17.95,16.91,17.15,6497300
CYAN,20110818,4.25,4.25,3.93,3.96,20700
CYBE,20110818,8.48,8.49,8.08,8.1,23600
CYBX,20110818,24.37,24.59,23.75,23.99,234500
CYCC,20110818,5.6,5.6,5.04,5.32,396200
CYCCP,20110818,3.36,3.36,3.36,3.36,0
CYMI,20110818,39.45,39.65,38.11,38.37,283500
CYNO,20110818,9.85,9.93,9.11,9.16,111500
CYOU,20110818,37.69,37.69,35.41,35.82,635700
CYTK,20110818,1.03,1.04,1.01,1.03,177500
CYTR,20110818,2.66,2.66,2.38,2.52,815000
CYTX,20110818,3.32,3.33,3.1,3.26,529600
CYTXW,20110818,2.04,2.04,1.88,1.88,1100
CZFC,20110818,7.6,7.6,7.6,7.6,0
CZNC,20110818,14.36,14.71,14.1,14.21,49600
CZWI,20110818,5.75,5.75,5.6,5.62,5600
DAEG,20110818,2.01,2.01,1.87,2,26000
DAIO,20110818,5.7,5.71,5.55,5.68,3200
DAKT,20110818,8.41,8.43,8.09,8.28,273600
DARA,20110818,2.6,3.39,2.32,2.47,1844200
DATE,20110818,13.74,13.98,13.15,13.74,163600
DAVE,20110818,9.77,9.98,9.45,9.92,41100
DBLE,20110818,8.42,8.65,8.21,8.55,159000
DBLEP,20110818,25.17,25.49,25.15,25.49,5000
DCIX,20110818,5.2,5.2,5.01,5.06,51700
DCOM,20110818,11.27,11.32,10.81,10.84,195100
DCTH,20110818,3.82,3.89,3.57,3.6,663200
DECK,20110818,80.77,80.99,73.56,75.02,3018700
DELL,20110818,13.87,13.88,13.29,13.76,53215600
DENN,20110818,3.66,3.67,3.38,3.45,1113100
DEPO,20110818,5.11,5.17,4.95,5.05,975000
DEST,20110818,13.91,14.01,13.53,13.86,144100
DFZ,20110818,8.52,8.77,8.15,8.72,79700
DGAS,20110818,15.355,15.755,15.26,15.43,4300
DGICA,20110818,12.17,12.56,11.75,11.75,25100
DGICB,20110818,20,20,20,20,0
DGII,20110818,12.8,12.97,12.4,12.47,273000
DGIT,20110818,19.15,19.16,18.05,18.37,595500
DGLY,20110818,0.84,0.92,0.79,0.81,1000
DHIL,20110818,69.29,69.99,66.95,67.88,23400
DHRM,20110818,2.57,2.59,2.27,2.32,21900
DIOD,20110818,19.28,19.62,17.96,18.2,737800
DISCA,20110818,38.12,38.17,35.97,36.47,3723900
DISCB,20110818,38.87,38.87,38.87,38.87,0
DISCK,20110818,35.35,35.48,33.4,33.76,978200
DISH,20110818,22.95,23,21.96,22.22,2852300
DJCO,20110818,71.03,71.05,71,71,1000
DLGC,20110818,14.75,16.4,13.3,13.55,38000
DLIA,20110818,1.65,1.65,1.57,1.57,29500
DLLR,20110818,19.45,19.5,18.17,18.35,572700
DLTR,20110818,31.31,33.125,30.56,32.77,3347000
DMLP,20110818,24,25.2,24,24.6,85300
DMND,20110818,70.01,71.18,69.44,70.59,274000
DMRC,20110818,35.55,37.4,32.82,33.24,70100
DNBF,20110818,10,10.1,10,10,5500
DNDN,20110818,12.35,12.49,11.72,11.97,7936800
DNKN,20110818,27.03,27.49,26.42,26.88,566300
DORM,20110818,15.495,16.18,14.425,14.72,44300
DOVR,20110818,3.48,3.48,3.48,3.48,200
DRAD,20110818,2.3,2.4,2.14,2.33,12500
DRAM,20110818,7.68,8.4,7.38,7.38,24000
DRCO,20110818,10.85,10.85,10.27,10.36,64900
DRIV,20110818,19.58,20.31,19.31,19.87,1522100
DRRX,20110818,1.62,1.7,1.54,1.56,461500
DRWI,20110818,3.92,3.93,3.64,3.76,677500
DRYS,20110818,2.9,2.99,2.78,2.95,11310800
DSCI,20110818,8.56,8.71,8.25,8.4,20700
DSCO,20110818,2.17,2.17,2.01,2.09,278800
DSGX,20110818,6.48,6.5,6.38,6.44,5600
DSPG,20110818,6.45,6.68,6.37,6.62,261700
DSWL,20110818,2.65,2.65,2.5,2.55,8900
DTLK,20110818,9.22,9.22,8.33,8.42,973300
DTSI,20110818,27.86,27.86,26.53,26.86,195300
DTV,20110818,43.43,44,42.24,42.71,8485300
DVAX,20110818,2.37,2.38,2.2,2.22,1176000
DVOX,20110818,5.58,5.66,5.02,5.05,48200
DWA,20110818,19.48,19.82,18.99,19.3,1535800
DWCH,20110818,5.22,5.34,5.22,5.34,800
DWSN,20110818,33.65,34,31.98,32.33,87900
DXCM,20110818,10.93,11,10.58,10.74,788900
DXPE,20110818,21.25,21.38,20.28,20.52,91200
DXYN,20110818,3.67,3.68,3.59,3.59,1400
DYAX,20110818,1.29,1.29,1.2,1.24,992100
DYNT,20110818,5.8,6.05,5.75,5.95,78200
DYSL,20110818,2.94,2.97,2.7,2.7,4000
EBAY,20110818,29.35,29.73,27.59,27.94,16643700
EBIX,20110818,16.63,16.66,15.59,15.75,530200
EBMT,20110818,10.5,10.5,10.5,10.5,0
EBSB,20110818,12.28,12.4,11.81,11.87,27200
EBTC,20110818,13.98,14.27,13.1,13.33,19200
ECHO,20110818,13.55,13.55,12.6,12.79,199000
ECOL,20110818,15.89,15.95,15.22,15.44,96000
ECPG,20110818,21.35,21.35,20.02,20.07,144900
ECTE,20110818,3.92,3.95,3.5,3.79,155700
ECTY,20110818,2.35,2.37,2.2,2.27,126000
ECYT,20110818,11.44,11.44,10.32,10.48,156500
EDAC,20110818,6.06,6.25,5.88,6.16,24900
EDAP,20110818,2.36,2.36,2.14,2.2,106000
EDGW,20110818,2.54,2.63,2.54,2.63,502600
EDMC,20110818,16.4,16.84,15.97,16.3,245800
EDS,20110818,3.32,3.49,3.18,3.18,62300
EDUC,20110818,5.2,5.22,5.1,5.1,8300
EEFT,20110818,14.64,14.64,14.01,14.16,355000
EEI,20110818,17.24,17.56,16.26,16.26,6900
EFII,20110818,14.44,14.44,13.38,13.59,307000
EFSC,20110818,13.62,13.94,13.16,13.42,78100
EFUT,20110818,4.27,4.27,4.27,4.27,400
EGBN,20110818,11.97,12.37,11.84,11.91,84900
EGHT,20110818,3.41,3.47,3.23,3.31,1216700
EGLE,20110818,7.12,7.24,6.96,7.04,649000
EGOV,20110818,11.34,11.72,10.95,11.16,407600
EHTH,20110818,12.82,12.94,12.53,12.75,150700
EIHI,20110818,13.02,13.02,12.83,12.99,4900
ELGX,20110818,8.85,9.09,8.75,8.86,763200
ELNK,20110818,7.2,7.26,7.06,7.12,2450900
ELON,20110818,8.6,8.66,8.13,8.17,306600
ELOS,20110818,10.26,10.29,9.8,9.83,235400
ELRC,20110818,15.03,15.13,14.6,14.65,72200
ELSE,20110818,4.19,4.19,4.19,4.19,0
ELTK,20110818,1.32,1.32,1.21,1.27,40300
EMCF,20110818,15.47,15.47,15.47,15.47,0
EMCI,20110818,18.11,18.41,17.95,18.18,25500
EMFN,20110818,24.56,24.56,24.31,24.31,400
EMIF,20110818,29.61,29.86,29.27,29.38,26700
EMITF,20110818,3,3.19,2.91,2.92,11500
EMKR,20110818,6.4,6.8,6.04,6.16,836200
EMMS,20110818,0.65,0.69,0.63,0.66,86600
EMMSP,20110818,14.4,14.4,14.4,14.4,400
EMMT,20110818,23.44,23.44,22.97,22.97,1100
ENDP,20110818,31.11,31.24,29.94,30.05,2598200
ENG,20110818,3.16,3.16,2.95,2.97,22400
ENMD,20110818,1.35,1.38,1.25,1.29,25600
ENOC,20110818,10.25,10.39,9.35,9.83,365800
ENSG,20110818,22.17,22.3,20.9,21.62,203900
ENTG,20110818,6.93,7.02,6.69,6.84,1950500
ENTR,20110818,4.01,4.01,3.69,3.77,2395900
ENZN,20110818,7.9,7.9,7.71,7.8,542400
EONC,20110818,1.72,1.72,1.57,1.67,14700
EPAX,20110818,6.78,6.91,6.47,6.54,95800
EPAY,20110818,21.63,22.34,21.54,21.78,404400
EPIQ,20110818,11.09,11.23,10.76,10.82,154600
EQIX,20110818,89.23,89.79,83.42,84.47,1838900
ERIC,20110818,10.56,10.57,10.13,10.23,9318700
ERIE,20110818,67.31,70.26,67.31,69.76,183500
ERII,20110818,2.22,2.28,2.2,2.24,237800
EROC,20110818,10.6,10.63,10.3,10.54,358000
ESBF,20110818,11.55,11.78,10.77,10.84,42600
ESBK,20110818,16.8,16.8,16.8,16.8,100
ESCA,20110818,5.34,5.34,4.92,5.3,27600
ESEA,20110818,3.71,3.81,3.66,3.69,65300
ESGR,20110818,96.89,97.64,91.31,93.41,20400
ESIO,20110818,14.95,15.07,14.01,14.08,138700
ESLT,20110818,40.95,42,38.76,39.5,14200
ESMC,20110818,1.19,1.24,1.18,1.19,26500
ESRX,20110818,46.55,46.7,45.14,45.59,8148900
ESSA,20110818,11.04,11.1,10.66,10.73,64900
ESSX,20110818,4.22,4.37,3.72,3.95,31900
ESYS,20110818,5.42,5.49,5.29,5.43,1800
ETFC,20110818,11.31,11.32,10.77,10.86,6718000
ETRM,20110818,2.47,2.57,2.35,2.38,39600
EUFN,20110818,17.22,17.22,16.46,16.68,193800
EVBS,20110818,2.41,2.41,2.41,2.41,200
EVEP,20110818,63,64.02,61.64,62.99,436300
EVOL,20110818,6.72,6.82,6.7,6.7,11200
EWBC,20110818,16.04,16.04,15.24,15.33,1913800
EXAC,20110818,14.5,14.91,14.07,14.08,22900
EXAR,20110818,6.09,6.16,5.81,5.97,239700
EXAS,20110818,7.31,7.38,6.92,7.05,649700
EXEL,20110818,6.58,6.78,6.1,6.18,1657400
EXFO,20110818,6.12,6.32,5.91,6.1,33100
EXLP,20110818,22.03,22.87,21.58,22.28,118900
EXLS,20110818,23.9,24.13,23.52,23.76,117400
EXPD,20110818,42.5,42.5,40.72,41.19,3087800
EXPE,20110818,28.29,28.43,26.64,27.05,5556800
EXPO,20110818,37.96,37.96,36.56,37.08,81500
EXTR,20110818,2.83,2.88,2.71,2.72,518500
EXXI,20110818,25.92,25.92,24.89,25.16,1513100
EZCH,20110818,30.15,30.67,29.05,29.46,410000
EZPW,20110818,30.85,30.91,29.4,29.63,477600
FABK,20110818,12.62,12.62,12.61,12.61,5000
FALC,20110818,2.97,2.98,2.83,2.83,164200
FARM,20110818,5.4,5.47,5.25,5.25,88600
FARO,20110818,34.26,34.69,32.86,33.16,179400
FAST,20110818,31.09,31.18,29.7,29.97,3846100
FBIZ,20110818,16.67,16.67,16.45,16.48,1000
FBMI,20110818,5.24,5.33,5.16,5.24,4700
FBMS,20110818,8.5,8.5,8.5,8.5,600
FBNC,20110818,9.12,9.12,8.42,8.43,63300
FBNK,20110818,10.31,10.44,10.3,10.42,77300
FBRC,20110818,10.12,10.56,9.8,9.84,239300
FBSS,20110818,12.05,12.09,12.01,12.05,1800
FCAL,20110818,3.15,3.15,2.9,3.01,86700
FCAP,20110818,17.77,17.77,17.75,17.75,900
FCBC,20110818,10.37,10.75,10.32,10.4,121400
FCCO,20110818,5.7,5.8,5.51,5.75,1700
FCCY,20110818,7.3,7.49,7.26,7.45,1200
FCEL,20110818,1.13,1.13,1.05,1.08,1468400
FCFC,20110818,6.97,7.12,6.84,6.84,400
FCFS,20110818,43.55,44.13,42.9,43.05,387700
FCHI,20110818,42.76,43.09,42.69,42.81,3900
FCLF,20110818,6.99,6.99,6.99,6.99,300
FCNCA,20110818,151.97,153.49,146.17,146.17,24700
FCTY,20110818,3.53,3.53,3.53,3.53,0
FCVA,20110818,3.29,3.31,3.26,3.26,1500
FCZA,20110818,3.77,3.77,3.75,3.75,800
FDEF,20110818,13.05,13.34,12.79,13,34700
FDML,20110818,16.39,16.46,15,15.17,428400
FDUS,20110818,12.68,13.15,12.25,12.25,6800
FEFN,20110818,22.2,22.2,22.2,22.2,100
FEIC,20110818,30.01,30.42,29,29.12,649800
FEIM,20110818,10.49,10.49,9.7,10.07,70000
FELE,20110818,20.9,21.02,19.84,19.965,134000
FES,20110818,10.66,10.66,10.08,10.08,300
FFBC,20110818,14.84,14.94,14.42,14.57,817300
FFBCW,20110818,4.48,4.48,4.48,4.48,0
FFBH,20110818,6.12,6.17,5.99,6,27200
FFCH,20110818,5.83,5.98,5.56,5.62,133900
FFCO,20110818,13.51,13.75,13.5,13.65,700
FFEX,20110818,3.26,3.31,3.16,3.29,1600
FFHL,20110818,2.82,2.83,2.53,2.74,16700
FFIC,20110818,11.26,11.41,10.87,10.92,462200
FFIN,20110818,28.97,29.63,28,28.15,204600
FFIV,20110818,73.88,74.06,70.06,71.3,3856600
FFKT,20110818,4.65,4.7,4.65,4.7,500
FFKY,20110818,1.71,1.88,1.7,1.88,1200
FFN,20110818,3.14,3.23,3,3.2,93800
FFNM,20110818,3.51,3.62,3.01,3.58,4800
FFNW,20110818,4.83,4.95,4.61,4.82,61300
FHCO,20110818,4.19,4.25,4.15,4.18,72300
FIBK,20110818,11.9,12.14,11.84,12.05,61700
FINL,20110818,17.79,17.81,16.89,17.13,1202600
FIRE,20110818,26.44,26.57,24.28,24.63,872400
FISI,20110818,14.84,14.99,14.21,14.29,85100
FISV,20110818,53.17,53.27,51.67,52.07,1793200
FITB,20110818,9.91,9.93,9.52,9.6,18298900
FITBP,20110818,125.81,125.81,121.86,125.06,76000
FIZZ,20110818,15.1,15.27,14.94,15.07,76700
FLDM,20110818,13.07,13.6,12.02,12.33,64400
FLEX,20110818,5.5,5.5,5.14,5.19,8151900
FLIC,20110818,23.22,23.56,23.04,23.04,30200
FLIR,20110818,22.9,23.31,22.15,22.31,2254100
FLML,20110818,4.07,4.09,3.87,3.9,40900
FLOW,20110818,2.43,2.5,2.26,2.28,251500
FLWS,20110818,2.46,2.54,2.3,2.34,221000
FLXS,20110818,14.4,15.74,14.35,14.6,18300
FMBI,20110818,8.79,8.83,8.26,8.3,1246200
FMCN,20110818,28.69,28.69,27.99,28.44,3304900
FMER,20110818,12.18,12.26,11.65,11.72,1287900
FMFC,20110818,3.18,3.49,3.17,3.27,4700
FNBN,20110818,0.44,0.44,0.41,0.41,2500
FNFG,20110818,10.53,10.63,10.2,10.25,4293000
FNGN,20110818,19.79,19.79,18.48,18.67,408700
FNLC,20110818,13.13,13.19,12.89,12.89,29300
FNSR,20110818,14.77,15.5,14.41,14.89,7003600
FOLD,20110818,3.93,3.93,3.76,3.8,69400
FONE,20110818,23.11,23.36,22.65,22.65,2000
FONR,20110818,1.89,1.89,1.76,1.81,9900
FORD,20110818,2.78,2.78,2.5,2.7,23600
FORM,20110818,7.9,8.01,7.62,7.69,1030100
FORR,20110818,31.81,32.15,31.34,31.59,144500
FORTY,20110818,15.41,15.48,15.09,15.09,1000
FOSL,20110818,79.01,80.42,73.26,74.24,2294300
FRAN,20110818,24.75,25.1,22.61,22.62,161300
FRBK,20110818,1.81,1.86,1.79,1.85,9300
FRED,20110818,10.68,10.77,10.34,10.53,369100
FREE,20110818,12,12,11.5,11.5,5200
FRME,20110818,7.2,7.26,6.99,7.01,131300
FRNK,20110818,11.61,11.65,11.28,11.34,56000
FRP,20110818,5.9,6.09,5.64,5.67,181600
FSBK,20110818,3.99,3.99,3.89,3.91,7600
FSCI,20110818,25.56,26.19,25.38,25.55,32700
FSFG,20110818,16.25,16.27,16.25,16.26,1100
FSGI,20110818,0.34,0.46,0.34,0.34,13900
FSLR,20110818,96.48,98,94.17,94.77,1855600
FSRV,20110818,32.38,32.62,31.97,32.07,14600
FSTR,20110818,21.75,22.01,21.01,21.75,175400
FSYS,20110818,20.24,20.26,19.24,19.3,237200
FTEK,20110818,5,5.31,5,5.23,193700
FTNT,20110818,20.07,20.14,18.52,18.7,1809500
FUBC,20110818,5.34,5.35,5.07,5.12,104800
FULL,20110818,7.1,7.49,7.03,7.08,13500
FULT,20110818,8.24,8.24,7.95,8.08,2008100
FUNC,20110818,4.82,4.82,4.5,4.65,4900
FUND,20110818,6.75,6.82,6.58,6.65,55700
FURX,20110818,15.16,15.6,14.71,14.85,51300
FWLT,20110818,23.23,23.31,22.21,22.41,3177400
FWRD,20110818,25.27,25.44,24.37,24.49,142600
FXCB,20110818,12.61,12.66,12.39,12.5,58800
FXEN,20110818,5.41,5.43,5,5.05,880100
GABC,20110818,15.43,15.71,14.68,14.87,41000
GAGA,20110818,5.98,6.5,5.79,6.42,27000
GAI,20110818,3.84,3.89,3.84,3.89,900
GAIA,20110818,3.53,4.49,3.34,3.99,245700
GAIN,20110818,6.91,7.01,6.69,6.73,88300
GAME,20110818,4.87,5,4.56,4.63,1368200
GASS,20110818,4.39,4.4,4.18,4.18,77100
GBCI,20110818,11.22,11.25,10.65,10.69,876000
GBDC,20110818,14.72,14.87,14.5,14.57,50500
GBLI,20110818,17.75,18.39,17.75,17.98,49400
GBNK,20110818,1.22,1.29,1.2,1.23,39900
GCBC,20110818,18.51,18.51,18.51,18.51,400
GCFB,20110818,2.3,2.32,2.3,2.32,2700
GCOM,20110818,11.26,11.97,11.26,11.8,158300
GCVRZ,20110818,1.03,1.08,1.02,1.03,457800
GENC,20110818,7.49,7.49,7.32,7.33,1500
GENE,20110818,5.34,5.34,5,5.07,183000
GENT,20110818,6.87,7.14,5.6,6.85,1211200
GERN,20110818,2.62,2.68,2.5,2.51,1835900
GEVO,20110818,11.2,11.71,10.88,11.49,92400
GFED,20110818,4.5,4.5,4.5,4.5,300
GFN,20110818,3.28,3.47,3.17,3.28,4000
GGAL,20110818,12.07,12.33,11.9,11.96,261200
GHDX,20110818,24.07,24.24,22.81,22.94,96100
GIFI,20110818,25.66,25.97,24.14,24.54,86900
GIGA,20110818,1.59,1.64,1.55,1.56,4700
GIGM,20110818,0.95,0.97,0.94,0.94,175600
GIII,20110818,23.86,23.92,22.41,22.54,236500
GILD,20110818,18.695,18.92,18.475,18.64,9804600
GILT,20110818,3.62,3.81,3.44,3.77,72100
GIVN,20110818,15.67,15.82,15.32,15.62,109800
GKNT,20110818,18.08,19.73,16.82,16.85,35100
GLAD,20110818,7.71,7.88,7.58,7.68,142300
GLBS,20110818,5.54,5.88,5.15,5.48,8400
GLBZ,20110818,8.34,8.34,8.3,8.3,2600
GLCH,20110818,1.26,1.26,1.14,1.16,279700
GLDC,20110818,3.26,3.27,3.24,3.24,600
GLDD,20110818,4.97,5.24,4.73,4.73,958000
GLNG,20110818,30.11,30.34,28.91,30.04,1218100
GLPW,20110818,24.96,25,23.43,23.84,95200
GLRE,20110818,21.61,22,21.48,21.6,156500
GLUU,20110818,3,3.07,2.77,2.85,2546300
GMAN,20110818,15.1,15.46,13.17,14.03,43500
GMCR,20110818,94.97,95.45,87.51,87.69,4661200
GMETP,20110818,11.95,11.95,11.95,11.95,0
GMLP,20110818,24.88,25.7,24.76,25.63,98500
GNCMA,20110818,8.65,8.65,8.05,8.14,450900
GNMK,20110818,4.54,5.4,4.45,4.59,21500
GNTX,20110818,23.7,23.71,22.5,23.01,1395700
GNVC,20110818,2.71,2.81,2.57,2.75,372500
GOLD,20110818,106.54,106.81,103.41,104.2,945600
GOOD,20110818,16.44,16.59,15.92,15.99,61800
GOODO,20110818,24.27,24.27,24.25,24.25,700
GOODP,20110818,24,24,24,24,0
GOOG,20110818,523.47,524.89,500.49,504.88,6291300
GPIC,20110818,7.01,7.24,6.91,7.01,10200
GPOR,20110818,26.59,26.59,24.82,25.76,1219100
GPRC,20110818,3,3.04,2.88,2.88,4700
GPRE,20110818,10.14,10.51,9.78,9.83,237000
GRFS,20110818,13.76,14.2,13.6,13.8,757400
GRID,20110818,26.18,26.2,25.74,25.74,1800
GRIF,20110818,26.91,28.3,26.28,26.28,6600
GRMN,20110818,31.25,31.32,30.3,30.88,1209700
GROW,20110818,6.62,6.78,6.5,6.73,39700
GRVY,20110818,1.53,1.55,1.5,1.52,18900
GSBC,20110818,15.84,16.3,15.54,15.59,33500
GSIG,20110818,10.2,10.2,9.33,9.45,181100
GSIT,20110818,5.64,5.66,5.29,5.3,121200
GSJK,20110818,15.6,15.94,14.9,15.81,17500
GSM,20110818,18.24,18.51,17.16,17.3,1211100
GSOL,20110818,8.11,8.38,7.34,8.24,57700
GSVC,20110818,14.75,14.75,14.19,14.4,46200
GTAT,20110818,11.48,11.5,10.68,11.06,2700400
GTIM,20110818,1.56,1.8,1.56,1.8,300
GTIV,20110818,7.02,7.23,6.62,6.85,836200
GTLS,20110818,42.5,43.5,40.28,40.97,531600
GTXI,20110818,3.36,3.47,3.28,3.32,404700
GUID,20110818,6.48,6.68,5.9,6.3,95900
GULF,20110818,14.72,14.72,14.45,14.46,1400
GURE,20110818,2.06,2.06,1.86,1.88,795700
GYRO,20110818,59,59,59,59,100
HA,20110818,4.25,4.3,4.07,4.09,548700
HAFC,20110818,0.94,0.94,0.85,0.87,912700
HAIN,20110818,30.03,30.03,28.97,29.35,437900
HALL,20110818,6.4,6.73,6.4,6.53,64000
HALO,20110818,6.39,6.39,6.01,6.3,579900
HAS,20110818,36.49,36.87,35.4,35.72,1979200
HAST,20110818,3.15,3.44,3.15,3.25,8800
HAUP,20110818,1.46,1.5,1.41,1.47,25600
HAYN,20110818,52.42,53.17,51.47,51.85,111400
HBAN,20110818,4.97,4.97,4.7,4.74,23616500
HBANP,20110818,1100,1100,1100,1100,100
HBCP,20110818,13.76,14.05,13.75,14.05,2900
HBHC,20110818,28.37,28.61,27.25,27.44,879400
HBIO,20110818,4.39,4.39,4.15,4.29,132900
HBNC,20110818,12.12,12.12,12.12,12.12,0
HBNK,20110818,12.27,12.5,12.25,12.25,1200
HBOS,20110818,11.3,11.3,11.3,11.3,0
HCBK,20110818,5.93,5.97,5.79,5.86,7705800
HCCI,20110818,16.55,16.68,16.07,16.59,48300
HCIIP,20110818,8.5,8.5,8.5,8.5,0
HCKT,20110818,3.51,3.54,3.42,3.46,129200
HCOM,20110818,20.54,20.98,19.76,20.29,20400
HCSG,20110818,13.6,13.72,13.22,13.33,482700
HDNG,20110818,9.44,9.55,9.24,9.49,74500
HDSN,20110818,1.31,1.42,1.3,1.34,10300
HEES,20110818,9.55,9.59,8.72,8.99,310900
HELE,20110818,28.52,28.89,27.51,27.77,213500
HEOP,20110818,3.37,3.37,3.35,3.36,300
HERO,20110818,3.43,3.53,3.3,3.31,2300300
HFBC,20110818,7.55,7.55,7.51,7.51,300
HFBL,20110818,13.75,13.75,13.75,13.75,200
HFFC,20110818,9.04,9.14,8.54,8.78,1800
HFWA,20110818,11.19,11.31,10.75,10.84,50100
HGSH,20110818,2.38,2.38,2,2.05,10100
HIBB,20110818,34.46,34.55,32.69,32.97,647500
HIFS,20110818,54.85,55,54.25,54.25,400
HIHO,20110818,3.16,3.16,3.06,3.06,2500
HILL,20110818,1.68,1.68,1.48,1.57,429500
HIMX,20110818,1.46,1.48,1.4,1.4,218700
HITK,20110818,26.4,26.4,25.59,25.83,167000
HITT,20110818,50.37,50.98,49.25,49.53,302200
HLIT,20110818,5.1,5.14,4.87,4.94,1992600
HMIN,20110818,36.24,37.2,34.22,34.43,724600
HMNF,20110818,2.13,2.13,1.75,1.75,4100
HMNY,20110818,1.22,1.64,0.64,1.3,13800
HMPR,20110818,5.94,6.78,5.52,6.49,89900
HMSY,20110818,23.23,23.29,22.56,22.94,902800
HNH,20110818,12.46,12.84,12.26,12.46,49100
HNRG,20110818,8.62,8.76,8.32,8.44,10100
HNSN,20110818,3.01,3.04,2.8,2.85,1004300
HOFT,20110818,8.41,8.42,8.15,8.3,30300
HOGS,20110818,8.7,8.72,8.15,8.57,890800
HOLI,20110818,5.92,6,5.61,5.69,337700
HOLL,20110818,1.55,1.55,1.5,1.5,38900
HOLX,20110818,16.23,16.27,15.49,15.63,2270100
HOMB,20110818,22.98,23.08,22.48,22.76,124400
HOME,20110818,9.92,10.14,9.48,9.6,44600
HOTT,20110818,6.67,7.6,6.54,7.39,2060800
HOVNP,20110818,3.5,3.53,3.25,3.25,2900
HPCCP,20110818,26.35,26.35,26.05,26.1,5000
HPJ,20110818,1.66,1.71,1.6,1.71,8800
HPOL,20110818,0.63,0.71,0.63,0.65,14300
HRZN,20110818,15.87,16.05,15.27,15.41,51900
HSIC,20110818,61.46,61.93,60,60.48,530700
HSII,20110818,21.49,21.5,19.99,20.17,221900
HSKA,20110818,8.82,9,8.11,8.79,13400
HSNI,20110818,30.16,31.03,29.44,29.76,680400
HSOL,20110818,4.2,4.21,3.91,3.95,848100
HSTM,20110818,11.7,11.78,11.33,11.42,82800
HTBK,20110818,4.31,4.52,4.2,4.26,84200
HTCH,20110818,2.48,2.48,2.28,2.3,323700
HTCO,20110818,9.47,9.53,9.1,9.12,59300
HTHT,20110818,15.01,16,14.91,15.52,326400
HTLD,20110818,13.37,13.42,12.83,13.03,1085000
HTLF,20110818,13.61,14.03,13.31,13.68,58700
HTWR,20110818,61.09,61.14,59.19,59.57,236000
HUBG,20110818,30.14,30.47,28.61,28.79,311100
HURC,20110818,23.77,23.77,22,22.33,38400
HURN,20110818,29.14,29.14,27.65,27.86,132400
HWAY,20110818,11.72,11.83,11.28,11.36,202400
HWBK,20110818,7.02,7.02,7,7.02,600
HWCC,20110818,13.02,13.02,12.44,12.57,126100
HWKN,20110818,32.46,33.1,31.52,32.4,58600
HYGS,20110818,5.42,5.5,5.18,5.18,14000
HZNP,20110818,8.58,8.58,8.17,8.52,8700
IACI,20110818,34.55,35.92,34.55,35.1,1264700
IART,20110818,38.78,38.78,36.83,37.02,179100
IBB,20110818,90.06,90.46,87.63,88.38,858200
IBCA,20110818,3.1,3.1,2.94,2.95,44500
IBCP,20110818,1.89,1.91,1.8,1.9,29700
IBCPO,20110818,16.65,16.65,16.65,16.65,0
IBKC,20110818,45.16,45.41,44.18,45.12,572800
IBKR,20110818,14.56,14.92,14.38,14.86,939900
IBOC,20110818,14.28,14.39,13.85,14.01,409400
ICAD,20110818,0.6,0.6,0.58,0.6,35800
ICCC,20110818,6.51,6.6,5.54,6.16,6500
ICFI,20110818,20.63,20.63,19.47,19.71,140500
ICGE,20110818,9.54,9.75,9.38,9.56,263600
ICLN,20110818,12.75,12.75,12.24,12.28,21900
ICLR,20110818,19.47,19.87,18.65,19.02,182300
ICON,20110818,18.07,18.12,17.36,17.59,1168300
ICUI,20110818,38.5,38.72,37.98,38.07,94200
IDCC,20110818,67.14,68.4,64.59,64.69,3290900
IDIX,20110818,4.64,4.85,4.47,4.65,635800
IDRA,20110818,1.79,1.9,1.7,1.83,14500
IDSA,20110818,6.25,6.39,6.03,6.25,39400
IDSY,20110818,4.26,4.75,4.26,4.61,27400
IDTI,20110818,5.52,5.58,5.28,5.41,2142300
IDXX,20110818,76,76.13,72.91,74.17,615700
IESC,20110818,2.98,3.08,2.98,2.98,600
IFAS,20110818,27,27,26.27,26.51,4800
IFEU,20110818,28.6,28.65,28.54,28.54,10800
IFGL,20110818,27.63,27.67,27.13,27.36,28500
IFNA,20110818,40.18,40.63,39.27,39.27,1100
IFON,20110818,0.64,0.68,0.64,0.68,3500
IFSM,20110818,34.04,34.04,32.99,33.15,8000
IGLD,20110818,13.25,13.36,12.88,13.33,2400
IGOI,20110818,15.84,15.84,13.44,15.12,97700
IGOV,20110818,110.53,110.53,109.91,110.31,8400
IGTE,20110818,10.52,10.52,9.78,9.99,504400
III,20110818,1.18,1.27,1.14,1.19,49900
IIIN,20110818,10.06,10.27,9.75,9.83,90900
IIJI,20110818,10.15,10.15,9.96,10,11900
IILG,20110818,11.47,11.5,11.05,11.36,430000
IIN,20110818,3.32,3.32,3.32,3.32,600
IIVI,20110818,18.54,18.87,17.82,17.95,408200
IKAN,20110818,1.08,1.12,1.07,1.07,64300
IKNX,20110818,7.26,7.29,7.25,7.29,1100
ILMN,20110818,50.24,50.85,46.48,47.1,2803500
IMGN,20110818,10.59,10.59,10,10.06,777800
IMKTA,20110818,14.28,14.78,14.11,14.16,59000
IMMR,20110818,6.77,7.03,6.72,6.92,397100
IMMU,20110818,3.11,3.11,3,3.01,550400
IMOS,20110818,5.51,5.69,5.18,5.46,28800
IMRS,20110818,4.29,4.3,3.88,3.89,280500
INAP,20110818,5.14,5.18,4.81,4.87,340000
INCY,20110818,14.98,15.19,14.13,14.67,1901600
INDB,20110818,22.59,22.7,21.86,22.31,142400
INDY,20110818,24.71,24.71,23.96,24.18,185600
INFA,20110818,44.12,44.26,38.77,41.08,5023200
INFI,20110818,7,7.12,6.63,7.03,86600
INFN,20110818,6.5,6.55,6.23,6.47,2254600
ININ,20110818,34.73,34.76,31.77,31.97,176100
INOC,20110818,1.07,1.07,1.07,1.07,100
INOD,20110818,2.81,2.86,2.61,2.81,30500
INPH,20110818,4.68,4.81,4.35,4.66,38500
INSM,20110818,4.11,4.27,4,4.05,183700
INTC,20110818,20.15,20.18,19.55,19.77,92204800
INTG,20110818,22.16,23,22.15,23,2200
INTL,20110818,22.69,23.36,21.9,22.14,89000
INTT,20110818,2.77,2.81,2.68,2.78,24300
INTU,20110818,41.61,41.62,39.87,40.3,5206900
INTX,20110818,14.26,14.26,13.64,13.7,117900
INVE,20110818,1.77,1.8,1.64,1.64,339900
INWK,20110818,7.27,7.36,7,7.06,190800
IOSP,20110818,24.5,24.5,22.16,22.55,160200
IPAR,20110818,17,17.16,16.09,16.2,230100
IPAS,20110818,1.39,1.42,1.36,1.41,195800
IPCC,20110818,46.89,47.85,45.9,46.4,83500
IPCI,20110818,2.97,3.02,2.75,2.83,28700
IPCM,20110818,40.09,40.22,37.69,37.91,159300
IPGP,20110818,55.07,55.35,52,52.8,568000
IPHS,20110818,40.4,40.54,39.28,39.77,340300
IPXL,20110818,18.08,18.11,17.42,18,789200
IRBT,20110818,28.3,28.51,26.49,26.84,679200
IRDM,20110818,7.64,7.73,7.43,7.44,524400
IRDMZ,20110818,1.26,1.26,1.26,1.26,0
IRIX,20110818,3.52,3.6,3.5,3.51,11300
IROQ,20110818,10.9,10.91,10.85,10.9,30400
IRWD,20110818,12.65,13.03,12,12.02,415400
ISBC,20110818,13.44,13.44,13.09,13.12,357100
ISCA,20110818,24.25,24.42,22.53,22.76,182500
ISHG,20110818,109.56,109.56,108.95,109.25,22000
ISIG,20110818,3.18,3.18,3.05,3.13,4600
ISIL,20110818,10.6,10.63,10.23,10.29,1867100
ISIS,20110818,7.03,7.03,6.7,6.8,830600
ISLE,20110818,6.55,6.55,6.14,6.22,111800
ISNS,20110818,6.48,6.49,6.3,6.45,3000
ISRG,20110818,337.62,341.46,331.15,334.35,512700
ISRL,20110818,59.04,60.71,58.4,58.52,3900
ISSC,20110818,4.91,5.1,4.85,4.92,4800
ISSI,20110818,7.83,8.07,7.82,7.98,270400
ITIC,20110818,34.78,34.78,34.78,34.78,200
ITMN,20110818,23.62,24.18,22.11,22.91,1105100
ITRI,20110818,37.36,37.82,35.14,35.45,782500
ITRN,20110818,11.81,12.06,11.62,11.84,28000
IVAC,20110818,7.41,7.5,7.13,7.23,74000
IVAN,20110818,1.62,1.69,1.5,1.61,742000
IXYS,20110818,11.81,11.85,10.99,11.13,197500
JACK,20110818,19.4,19.61,18.26,18.57,716200
JADE,20110818,2.35,2.48,2.35,2.4,83100
JAKK,20110818,15.81,15.81,15.03,15.1,232800
JASO,20110818,17.45,19.75,16.9,18.25,6869400
JAXB,20110818,5.87,6,5.85,5.85,3100
JAZZ,20110818,37.18,37.19,34.74,35.88,1027200
JBHT,20110818,38.3,38.45,36.64,37.21,1768100
JBLU,20110818,4.28,4.32,4.05,4.14,4388100
JBSS,20110818,7.35,7.4,7.15,7.33,27600
JCOM,20110818,27.99,28.12,27.51,27.95,604100
JCS,20110818,12.94,13.88,12.74,13.82,96900
JCTCF,20110818,9.73,9.73,9.11,9.21,15100
JDSU,20110818,11.19,11.7,10.08,10.21,17620200
JFBI,20110818,3.2,3.2,3.2,3.2,0
JJSF,20110818,47.51,48.87,47.37,48,103600
JKHY,20110818,27.68,27.69,25.96,26.25,1317000
JMBA,20110818,1.84,1.86,1.76,1.83,723200
JOBS,20110818,55,56.17,53.64,53.99,213800
JOEZ,20110818,0.7,0.72,0.69,0.7,121700
JOSB,20110818,42.1,42.43,40.76,41.42,505700
JOUT,20110818,15.36,15.94,14.61,15.41,29800
JRCC,20110818,11.83,11.85,10.84,11.01,1721300
JRJC,20110818,2.79,2.85,2.64,2.78,63200
JST,20110818,9.93,9.94,9.25,9.55,84900
JVA,20110818,16.1,16.55,15.5,15.64,633800
JXSB,20110818,12.8,12.8,12.8,12.8,0
KALU,20110818,49.06,49.06,47.3,47.54,297300
KBALB,20110818,5.5,5.57,5.14,5.15,153400
KCAP,20110818,6.12,6.36,6,6.07,180300
KCLI,20110818,29.8,30.23,29.62,29.94,27800
KELYA,20110818,14.72,14.73,13.95,14.06,220500
KELYB,20110818,14.29,14.29,14.29,14.29,0
KEQU,20110818,8.61,8.76,8.5,8.5,2100
KERX,20110818,3.78,3.8,3.55,3.55,1539400
KEYN,20110818,20.65,20.84,20.01,20.25,171500
KEYW,20110818,9.12,9.21,8.75,8.88,103800
KFFB,20110818,7.75,7.75,7.73,7.73,400
KFRC,20110818,9.12,9.32,8.87,8.91,867600
KGJI,20110818,1.66,1.66,1.55,1.62,133700
KINS,20110818,3,3.15,2.99,3.15,2100
KIOR,20110818,10,10.34,9.5,9.6,264200
KIPS,20110818,2.3,2.38,2.23,2.25,41400
KIRK,20110818,8.6,8.64,8.34,8.36,191700
KLAC,20110818,35.16,35.27,33.99,34.21,2885600
KLIC,20110818,8.16,8.28,7.97,8.08,1743200
KNDI,20110818,2.46,2.7,2.35,2.55,103600
KONA,20110818,5.95,6.04,5.73,5.82,177900
KONE,20110818,1.17,1.26,1.06,1.26,2700
KONG,20110818,4.46,4.46,4.2,4.21,93600
KOOL,20110818,1.65,1.67,1.5,1.61,62700
KOPN,20110818,3.6,3.76,3.4,3.41,443100
KOSS,20110818,5.82,6.75,5.82,6.75,20600
KRNY,20110818,8.29,8.43,8.07,8.1,40300
KSWS,20110818,5.68,5.81,5.34,5.36,320100
KTCC,20110818,3.55,3.56,3.39,3.5,43800
KTEC,20110818,16.51,16.68,14.04,14.04,14700
KTOS,20110818,8.26,8.52,8.14,8.25,352900
KUTV,20110818,2.26,2.34,2.2,2.21,24400
KVHI,20110818,8.77,8.77,8.02,8.14,109000
LABC,20110818,16.3,16.3,16.3,16.3,0
LABL,20110818,22.95,23.09,22.14,22.6,60800
LACO,20110818,2.31,2.31,2.24,2.25,4500
LAKE,20110818,7.82,8.41,7.82,8.4,13800
LAMR,20110818,19.95,20.1,19.14,19.55,1425200
LANC,20110818,56.02,57.1,54.71,55.02,191800
LARK,20110818,15.51,15.51,15.25,15.25,1700
LAWS,20110818,16.53,16.59,15.33,15.7,11700
LAYN,20110818,25.09,26.37,25.09,25.81,226600
LBAI,20110818,8.09,8.31,7.81,7.86,66800
LBIX,20110818,3.6,3.6,3.39,3.42,4900
LBTYA,20110818,38.51,39.06,37.03,37.47,2282400
LBTYB,20110818,43.5,43.5,43.5,43.5,0
LBTYK,20110818,36.76,37.12,35.24,35.66,593400
LCAV,20110818,3.08,3.17,2.92,2.93,72800
LCUT,20110818,10.42,10.42,10.1,10.2,25300
LEAP,20110818,9.47,9.5,8.67,8.87,2579100
LECO,20110818,31.15,31.34,30.13,30.41,348700
LEDR,20110818,2.15,2.15,2.1,2.1,200
LEDS,20110818,4.46,4.5,4.29,4.45,90900
LFUS,20110818,44.33,44.53,43.01,43.45,695300
LGCY,20110818,27.73,29.47,27.3,27.6,148900
LGND,20110818,12.04,12.09,11.84,12,148900
LHCG,20110818,18.32,18.45,17.6,18,267000
LIFE,20110818,37.88,38.09,35.99,36.31,3554100
LIME,20110818,3.71,3.85,3.43,3.45,40400
LINC,20110818,10.07,10.19,9.64,9.7,324200
LINE,20110818,37,37.18,36.38,36.61,1384400
LINTA,20110818,15.27,15.27,13.76,13.97,6028700
LINTB,20110818,14.96,14.96,14.06,14.06,500
LION,20110818,6.36,6.94,6.36,6.68,8200
LIOX,20110818,2.54,2.58,2.49,2.5,297300
LIVE,20110818,2.02,2.25,2.02,2.25,400
LIWA,20110818,7.35,7.56,7.12,7.34,151700
LKFN,20110818,20.77,20.82,20.2,20.32,101500
LKQ,20110818,11.425,11.445,11.13,11.245,971000
LLEN,20110818,3.11,3.23,3.04,3.14,191100
LLNW,20110818,2.21,2.22,2.04,2.13,3035100
LLTC,20110818,26.58,27,26.16,26.83,7952000
LMAT,20110818,6.73,6.73,6.55,6.6,5700
LMCA,20110818,70.45,71.23,67.22,67.65,1106300
LMIA,20110818,18.76,18.96,17.75,17.94,40200
LMNR,20110818,17.41,17.86,16.82,17.11,24400
LMNX,20110818,21.52,21.69,19.69,20.25,566100
LNBB,20110818,4.85,4.85,4.6,4.6,1700
LNCE,20110818,20.07,20.25,19.75,19.86,223100
LNDC,20110818,5.82,5.88,5.77,5.8,146900
LOAN,20110818,0.98,1,0.98,1,1600
LOCM,20110818,2.63,2.74,2.57,2.68,173800
LOGI,20110818,8.78,9.38,8.7,9.33,2353000
LOGM,20110818,31.64,31.64,29.2,29.53,439500
LOJN,20110818,3.24,3.3,3.16,3.19,85100
LONG,20110818,20.3,20.44,19.06,19.51,5400
LOOK,20110818,1.45,1.5,1.4,1.5,22900
LOPE,20110818,15.3,15.3,14.66,14.81,448500
LORL,20110818,54.13,55.27,52.19,53.27,140900
LPHI,20110818,7.99,7.99,6.71,7.43,671100
LPLA,20110818,26.55,26.81,25.9,26.67,638500
LPNT,20110818,32.81,32.82,31.94,32.55,601000
LPSB,20110818,9.5,9.5,8.51,8.51,3600
LPSN,20110818,11.08,11.17,10.69,10.81,565000
LPTH,20110818,1.98,1.98,1.8,1.8,14800
LQDT,20110818,21.96,21.96,20.62,20.82,128800
LRAD,20110818,2.33,2.4,2.28,2.28,53200
LRCX,20110818,37.26,37.49,35.94,36.14,2510100
LSBI,20110818,13,13,13,13,200
LSCC,20110818,5.19,5.27,4.99,5.12,1689800
LSTR,20110818,37.88,38.19,36.91,37.71,718800
LTBR,20110818,2.62,2.7,2.47,2.56,9700
LTON,20110818,0.89,0.89,0.85,0.85,4300
LTRE,20110818,8.02,8.46,8,8.46,1200
LTRX,20110818,1.92,1.98,1.65,1.7,49400
LTXC,20110818,6.12,6.12,5.8,5.81,669000
LUFK,20110818,68.63,69.09,63.15,63.67,325200
LULU,20110818,50.03,50.05,47.23,48,4651500
LUNA,20110818,1.52,1.58,1.52,1.52,7300
LWAY,20110818,9.92,10.22,9.91,10.01,21700
LXRX,20110818,1.24,1.25,1.19,1.19,1330600
LYTS,20110818,6.72,6.83,6.5,6.55,303900
MAGS,20110818,2.9,2.9,2.88,2.9,5400
MAKO,20110818,31.27,31.93,29.24,29.64,1682300
MANH,20110818,33.48,33.48,31.81,32.03,147100
MANT,20110818,34.74,34.83,33.15,33.3,228700
MARPS,20110818,20.1,20.1,20.1,20.1,100
MASC,20110818,7.39,7.39,6.93,7.06,96300
MASI,20110818,22.52,23.02,22.05,22.2,768200
MAT,20110818,24.32,24.39,23.6,23.82,4373100
MATR,20110818,5.26,6.87,5.26,5.53,22800
MATW,20110818,31.97,32.04,30.28,30.46,234800
MAXY,20110818,5.28,5.32,5.23,5.25,186700
MAYS,20110818,17,17,17,17,0
MBFI,20110818,15.26,15.57,14.76,14.91,596400
MBLX,20110818,5.36,5.53,5.17,5.3,322600
MBND,20110818,3.05,3.08,3.01,3.05,20100
MBRG,20110818,14.89,14.9,14.6,14.62,29000
MBTF,20110818,1.35,1.36,1.22,1.3,11200
MBVT,20110818,25.86,26.51,25.86,25.97,12100
MBWM,20110818,8.31,8.31,8.11,8.15,11300
MCBC,20110818,2.85,3.02,2.85,2.91,8700
MCBI,20110818,5.61,5.75,5.61,5.7,1900
MCGC,20110818,4.3,4.39,4.12,4.15,790200
MCHP,20110818,30.2,30.29,29.38,29.71,4382500
MCHX,20110818,10.01,10.07,9.59,9.86,299000
MCOX,20110818,8.8,9,8.1,8.3,200100
MCRI,20110818,9.85,10.04,9.43,9.71,45400
MCRL,20110818,9.33,9.4,9.03,9.12,591300
MCRS,20110818,40.67,41,39.34,39.7,912700
MDAS,20110818,10.42,10.42,9.5,9.56,724400
MDCA,20110818,14.06,14.15,12.79,13.17,213700
MDCI,20110818,5.83,6.02,5.83,5.98,74600
MDCO,20110818,13.58,13.58,13.06,13.11,548900
MDH,20110818,2.2,2.3,2.15,2.15,2000
MDRX,20110818,14.85,14.98,13.85,14.51,7653800
MDSO,20110818,15.5,15.5,14.66,14.72,219200
MDVN,20110818,16.06,16.29,15.03,15.25,307800
MEAD,20110818,4.16,4.16,3.9,3.9,10900
MEAS,20110818,27.87,27.87,26.37,26.5,117800
MELA,20110818,2.05,2.12,1.97,2.05,214300
MELI,20110818,65.89,65.89,61.32,62.21,1016500
MEMS,20110818,2.71,2.74,2.48,2.48,11300
MENT,20110818,9.03,9.14,8.71,8.85,1189800
MEOH,20110818,24.94,25.06,24.05,24.26,184700
MERC,20110818,8.18,8.45,8.01,8.19,405700
MERU,20110818,8.29,8.33,7.78,8,223100
METR,20110818,10.27,10.38,9.85,9.89,78300
MFI,20110818,5.82,6.2,5.8,5.92,8000
MFLR,20110818,7.2,7.2,7.2,7.2,3000
MFLX,20110818,17.62,17.62,17.38,17.48,110300
MFNC,20110818,5.6,5.6,5.6,5.6,0
MFRI,20110818,7.64,8.65,7.64,8.57,6000
MFSF,20110818,7.67,7.69,7.31,7.54,33800
MGAM,20110818,4.39,4.47,4.32,4.32,113000
MGEE,20110818,40.29,40.85,40,40.32,100100
MGIC,20110818,4.25,4.3,4.05,4.08,411800
MGLN,20110818,45.48,45.95,44.82,45.08,281700
MGPI,20110818,6.28,6.36,5.86,5.92,40100
MGRC,20110818,24.73,24.95,23.68,23.89,95400
MGYR,20110818,3.85,4.09,3.58,4.09,1400
MHGC,20110818,5.28,5.53,5.26,5.36,271300
MHLD,20110818,8.17,8.18,8,8,491200
MIDD,20110818,73.8,74.01,69.5,70.17,93700
MIND,20110818,16.47,16.47,15.26,15.35,127000
MINI,20110818,18.14,18.2,17.23,17.38,183000
MITK,20110818,9.49,9.49,8.25,8.69,536600
MITL,20110818,3.14,3.22,3.05,3.06,68400
MKSI,20110818,22.5,22.5,21.75,22.06,474100
MKTAY,20110818,38.63,38.63,37.77,37.85,5200
MKTG,20110818,14.61,15.47,14.04,14.6,61700
MKTX,20110818,26.75,27.72,26.61,27.35,846900
MLAB,20110818,33.47,33.92,33.47,33.58,2400
MLHR,20110818,17.99,17.99,16.78,17.04,574800
MLNK,20110818,3.93,3.94,3.84,3.89,320200
MLNX,20110818,29.33,29.75,28,28.18,564500
MLVF,20110818,6.8,6.8,6.8,6.8,0
MMLP,20110818,35.58,36.05,34.63,35.17,209100
MMSI,20110818,13.43,13.65,13.13,13.15,271100
MMUS,20110818,5.07,5.19,5.05,5.05,14000
MMYT,20110818,19.63,19.74,18.87,19.04,117700
MNDO,20110818,2.1,2.15,1.99,2.07,115200
MNGLU,20110818,10.26,10.26,10.26,10.26,0
MNGLW,20110818,0.65,0.65,0.65,0.65,0
MNKD,20110818,2.54,2.57,2.2,2.41,1143500
MNOV,20110818,2.24,2.27,2.18,2.18,19300
MNRK,20110818,5.8667,5.9167,5.7,5.85,3000
MNRO,20110818,35.94,36.34,34.89,35.2,703900
MNST,20110818,39.54,40.525,39.405,40.305,1498400
MNTA,20110818,16.56,16.64,15.79,15.97,726200
MNTG,20110818,2.8,2.9,2.73,2.73,14500
MNTX,20110818,3.94,4.04,3.78,3.9,22400
MOBI,20110818,5.7,5.7,4.81,5.27,519200
MOCO,20110818,14.8,15.1,14.01,14.28,14600
MOFG,20110818,14.68,14.78,14.64,14.7,10300
MOLX,20110818,20.21,20.34,19.44,19.66,1526800
MOLXA,20110818,17.16,17.37,16.46,16.65,642700
MORN,20110818,55.68,55.68,53.91,54.02,89900
MOSY,20110818,4.31,4.44,3.97,4.03,176200
MOVE,20110818,5.72,5.8,5.36,5.56,1465400
MPAA,20110818,10.34,10.41,9.94,9.99,125200
MPAC,20110818,5.44,5.72,5.44,5.57,189600
MPB,20110818,8.12,8.12,8.12,8.12,0
MPEL,20110818,12.87,13.13,12.25,12.58,9379400
MPET,20110818,1.34,1.42,1.32,1.36,69300
MPWR,20110818,12.15,12.27,11.5,11.6,310500
MRCY,20110818,14.29,14.57,13.73,13.98,356500
MRGE,20110818,5.9,5.93,5.55,5.69,1230900
MRLN,20110818,10.8,10.87,10.1,10.1,21300
MRTN,20110818,18.45,18.53,17.7,17.76,104400
MRVL,20110818,12.4,12.53,11.9,11.97,15725000
MSBF,20110818,5.2,5.2,5.2,5.2,0
MSCC,20110818,16.44,16.44,15.16,15.31,796000
MSEX,20110818,17.75,17.88,17.4,17.54,60000
MSFG,20110818,8.11,8.42,7.92,8.15,97500
MSFT,20110818,24.57,25.09,24.03,24.67,105715500
MSG,20110818,23.01,23.14,22.45,22.59,498100
MSON,20110818,2.35,2.4,2.25,2.34,6600
MSPD,20110818,5.59,5.68,5.35,5.5,415200
MSTR,20110818,116.9,116.9,107.01,108,441700
MTEX,20110818,7,7.2,6.5,7,25100
MTGE,20110818,19.26,19.49,19,19,102800
MTRX,20110818,11.37,11.37,10.37,10.47,131600
MTSC,20110818,33.6,34.91,33.5,34.64,151000
MTSL,20110818,1.29,1.35,1.22,1.33,7500
MTSN,20110818,1.42,1.43,1.37,1.38,161700
MU,20110818,5.88,5.89,5.6,5.64,45547200
MVIS,20110818,8,8.24,7.2,7.28,573600
MVISW,20110818,0.34,0.34,0.34,0.34,500
MWIV,20110818,73.18,73.74,70.33,70.57,84900
MXIM,20110818,22.38,22.38,21.46,21.68,4522400
MXWL,20110818,15.6,15.68,14.95,15.12,252100
MYGN,20110818,19.41,19.42,18.87,19.03,747800
MYL,20110818,19.19,19.49,18.38,18.56,8715500
MYRG,20110818,18.9,19.1,17.72,17.81,120300
NAFC,20110818,29.01,30.38,28.93,30.08,129200
NAII,20110818,4.88,4.89,4.8,4.88,2600
NANO,20110818,15.65,15.72,15,15.18,428700
NASB,20110818,10.26,10.75,10.08,10.75,5600
NATH,20110818,18.58,18.99,18.58,18.98,3400
NATI,20110818,23.73,23.73,22.55,22.76,326600
NATL,20110818,21.9,22.43,21.32,21.34,39700
NATR,20110818,17.56,18.34,17.43,18.2,301700
NAUH,20110818,9.04,9.19,8.5,8.8,35100
NAVG,20110818,40.46,40.82,40.2,40.39,94000
NAVR,20110818,1.77,1.81,1.74,1.8,34100
NBBC,20110818,4.5,4.53,4.45,4.45,29600
NBIX,20110818,5.85,6.05,5.77,5.85,469800
NBN,20110818,10.61,10.61,10.61,10.61,0
NBTB,20110818,19.25,19.25,18.54,18.7,175100
NBTF,20110818,20.38,20.38,20.22,20.35,300
NCBC,20110818,3.53,3.85,3.03,3.19,5100
NCIT,20110818,14.52,15.02,14.41,14.55,49200
NCMI,20110818,14.66,14.71,14.25,14.33,771300
NCTY,20110818,5.4,5.67,5.4,5.41,49600
NDAQ,20110818,22.12,22.16,21.45,21.61,2397600
NDSN,20110818,42.03,43.68,40.87,41.29,505700
NECB,20110818,6.79,6.79,6.71,6.71,300
NEOG,20110818,35.32,35.71,33.76,34.12,235500
NEPT,20110818,4.17,4.18,3.93,3.99,122400
NETC,20110818,9.14,9.18,8.94,9.03,7900
NEWL,20110818,0.78,0.78,0.74,0.78,7600
NEWP,20110818,12.25,12.32,11.45,11.57,324300
NEWS,20110818,8.41,8.59,8.19,8.47,122700
NEWT,20110818,1.3,1.35,1.28,1.28,34600
NFBK,20110818,12.66,12.94,12.11,12.16,67600
NFEC,20110818,1.16,1.23,1.05,1.19,48800
NFLX,20110818,223.4,226,214.98,217.48,4999400
NFSB,20110818,13.12,13.12,13.12,13.12,0
NGPC,20110818,7.32,7.39,6.97,7.06,125400
NHTB,20110818,12.79,12.9,12.75,12.88,3500
NICE,20110818,29.66,29.66,28.54,28.73,306100
NICK,20110818,10.7,10.9,10.3,10.38,43900
NIHD,20110818,36.95,37.32,36.27,36.63,2336300
NILE,20110818,33.07,33.25,31.25,31.83,293300
NINE,20110818,1.38,1.4,1.38,1.38,5500
NKSH,20110818,24.86,24.93,24.17,24.32,34200
NKTR,20110818,5.1,5.13,4.82,4.97,1277900
NLST,20110818,1.7,1.72,1.6,1.6,127500
NMRX,20110818,6.44,6.63,6.29,6.46,44400
NNBR,20110818,7.3,7.46,6.5,6.66,312100
NOVB,20110818,9.92,9.97,9.75,9.75,1800
NPBC,20110818,6.56,6.56,6.21,6.29,1362200
NPSP,20110818,7.52,7.6,7.02,7.16,1036500
NRCI,20110818,33.55,33.95,32.66,33,8100
NRIM,20110818,19.04,19.22,18.8,19.22,2200
NSEC,20110818,10.98,11.41,10.86,10.86,900
NSIT,20110818,16.34,16.34,15.53,15.66,429700
NSPH,20110818,1.49,1.55,1.38,1.45,285400
NSSC,20110818,2.59,2.74,2.53,2.68,7600
NSYS,20110818,3.8,3.8,3.8,3.8,100
NTAP,20110818,35.71,35.92,33.32,35.81,41004300
NTCT,20110818,12.8,12.88,12.19,12.28,603900
NTES,20110818,46.23,47.49,44.05,44.69,2557400
NTGR,20110818,28.43,28.43,26.75,27.13,423700
NTIC,20110818,16.09,16.61,16.01,16.61,1800
NTLS,20110818,18.01,18.3,17.87,18.12,264100
NTRI,20110818,12.5,12.5,11.78,12.15,845500
NTRS,20110818,36.19,36.24,35.1,35.35,3344200
NTSC,20110818,5.01,5.13,4.92,5.13,1600
NTSP,20110818,5.08,5.12,4.85,4.98,894800
NTWK,20110818,8.8,8.8,8.1,8.5,166900
NUAN,20110818,17.46,17.46,16.68,16.8,2808100
NUCL,20110818,34.44,34.44,34.09,34.09,200
NURO,20110818,2.52,2.52,2.4,2.4,16400
NUTR,20110818,13.7,13.75,12.95,13.16,35600
NUVA,20110818,22.5,22.7,21.33,21.51,631400
NVAX,20110818,1.32,1.35,1.23,1.27,786800
NVDA,20110818,12.25,12.35,11.8,11.94,20069700
NVEC,20110818,56.77,57.66,54.91,57.08,70000
NVGN,20110818,0.86,0.9,0.82,0.82,43500
NVMI,20110818,7,7.13,6.58,6.62,159600
NVSL,20110818,7.46,7.75,7.45,7.55,48300
NVTL,20110818,3.31,3.32,3.18,3.19,481800
NWBI,20110818,11.25,11.34,10.99,11.02,1126800
NWFL,20110818,26.06,26.06,26.06,26.06,0
NWLI,20110818,145,147.5,144.03,144.03,9900
NWPX,20110818,27,27.11,24.9,25.33,84800
NWS,20110818,16.47,16.59,16.15,16.31,11943100
NWSA,20110818,16.19,16.42,15.98,16.19,41307400
NXPI,20110818,17.38,17.48,16.14,16.67,1294800
NXST,20110818,6.96,7.04,6.58,6.61,113000
NXTM,20110818,17.61,18.03,16.89,17.09,785200
NYMT,20110818,7.25,7.3,7.07,7.07,57300
NYMX,20110818,7.2,7.41,7.12,7.23,80200
NYNY,20110818,0.8,0.81,0.69,0.75,85900
OABC,20110818,13.99,14.24,13.85,13.88,41500
OBAF,20110818,14.51,14.51,14,14.01,2900
OBAS,20110818,6.8,7.15,6.8,7.15,2700
OBCI,20110818,2.56,2.65,2.5,2.65,7500
OCC,20110818,3.59,3.64,3.59,3.64,2000
OCFC,20110818,11.93,12.04,11.65,11.67,99200
OCLR,20110818,3.64,3.8,3.37,3.42,1228100
OCLS,20110818,9.94,10.15,9.66,9.66,30800
OCZ,20110818,5.85,5.9,5.55,5.62,1571400
ODFL,20110818,19.8667,20.0533,18.96,19.0733,503600
OFED,20110818,11,11,11,11,4000
OFIX,20110818,37.5,38.79,36.04,36.07,163100
OFLX,20110818,13.25,13.25,12.56,12.85,6300
OGXI,20110818,11.15,11.36,10.41,10.83,55400
OIIM,20110818,4.67,4.75,4.53,4.56,131100
OINK,20110818,2.29,2.51,2.19,2.51,8500
OKSB,20110818,5.19,5.19,4.95,4.95,306200
OKSBP,20110818,19.99,20.49,19.25,20.49,6100
OLBK,20110818,7.35,7.35,7.07,7.35,7700
OMAB,20110818,14.65,14.66,14.01,14.3,27000
OMCL,20110818,14.2,14.38,13.9,14.04,243900
OMER,20110818,3.51,3.84,3.51,3.73,55400
OMEX,20110818,2.64,2.7,2.53,2.57,665700
OMPI,20110818,9.75,10,9.59,9.76,104900
ONCY,20110818,3.83,3.83,3.7,3.79,87300
ONEQ,20110818,96.33,96.33,93.3,94.05,20200
ONFC,20110818,8.71,8.71,8.5,8.5,5000
ONNN,20110818,7,7.05,6.79,6.9,7763000
ONTY,20110818,6.76,6.82,6.45,6.55,724800
ONVI,20110818,4.03,4.03,3.93,3.93,700
ONXX,20110818,32.44,32.49,29.94,30.31,1437800
OPEN,20110818,59.1,59.85,55.94,56.56,2075800
OPHC,20110818,0.65,0.65,0.65,0.65,1500
OPLK,20110818,15.37,15.62,14.92,15.16,437400
OPOF,20110818,11,11.18,11,11.18,300
OPTR,20110818,8.22,8.34,7.9,8.09,762400
OPTT,20110818,3.94,4,3.72,3.88,72400
OPXA,20110818,6.4,6.4,5.92,6.08,51700
ORBC,20110818,2.2,2.31,2.17,2.19,211100
ORBK,20110818,10.76,10.84,10.32,10.51,120600
ORBT,20110818,3.7,3.75,3.56,3.73,18600
ORCL,20110818,26.46,26.49,24.72,25.19,78449700
OREX,20110818,1.31,1.35,1.28,1.28,414500
ORIT,20110818,12.04,12.1,11.87,11.95,434400
ORLY,20110818,59.73,61.62,59.03,61.36,2971600
ORRF,20110818,15.09,15.8,15.07,15.12,37700
OSBC,20110818,1.33,1.39,1.28,1.28,12500
OSBCP,20110818,4.18,4.18,4.18,4.18,200
OSHC,20110818,11.49,11.49,11.48,11.49,200
OSIR,20110818,5.1,5.31,5.02,5.04,108200
OSIS,20110818,34.84,35.08,33.52,34,205900
OSN,20110818,2.53,2.54,2.26,2.48,10100
OSTK,20110818,10.31,10.31,9.78,9.87,106700
OSUR,20110818,6.94,6.99,6.63,6.7,267200
OTEX,20110818,50.41,55.06,49.35,54.63,1914700
OTIV,20110818,1.8,1.8,1.66,1.75,103700
OTT,20110818,16.9,17.24,16.42,16.9,61200
OTTR,20110818,20.3,20.5,19.97,20.11,175600
OUTD,20110818,6.23,6.25,5.97,6.17,65600
OVBC,20110818,16.62,16.62,16.5,16.5,900
OVLY,20110818,5.5,5.5,5.5,5.5,0
OVRL,20110818,2.46,2.46,2.25,2.27,63900
OVTI,20110818,24.1,24.78,22.89,24.09,3032600
OXBT,20110818,2.98,3.08,2.15,2.24,306200
OXGN,20110818,1.38,1.42,1.27,1.31,314300
OXLC,20110818,16.26,17.96,16.2,16.2,10200
OZRK,20110818,22.46,22.47,21.51,21.62,264500
PAAS,20110818,30.38,30.62,29.09,29.39,1310300
PACB,20110818,5.83,5.83,5.52,5.76,347600
PACQ,20110818,9.43,9.43,9.43,9.43,1100
PACQW,20110818,0.62,0.62,0.62,0.62,0
PACR,20110818,4.18,4.18,3.76,3.86,754300
PACW,20110818,15.72,15.85,14.55,14.86,252400
PAGG,20110818,29.56,29.68,29.22,29.58,110100
PANL,20110818,30.23,30.57,28.16,28.24,1916300
PATH,20110818,4.6,4.63,4.17,4.32,141300
PATK,20110818,1.94,2.07,1.94,2.04,1700
PATR,20110818,22.37,22.37,20.5,20.55,10700
PAYX,20110818,26.18,26.3,25.5,25.78,4166200
PBCT,20110818,11,11.03,10.69,10.73,6262700
PBHC,20110818,9.15,9.15,9.15,9.15,5300
PBIB,20110818,2.94,3.08,2.94,2.97,700
PBIP,20110818,5.33,5.33,5.33,5.33,0
PCAR,20110818,36.24,36.37,34.58,34.88,4534000
PCBK,20110818,8.13,8.21,7.8,7.9,58300
PCCC,20110818,7.9,7.94,7.55,7.57,62800
PCH,20110818,32.52,32.87,31.02,31.87,429500
PCLN,20110818,476.57,476.85,450.15,458.8,2016900
PCO,20110818,2.39,2.4,2.21,2.3,479400
PCOM,20110818,8.49,8.49,7.7,7.85,50900
PCRX,20110818,8.94,9.03,8.52,8.76,59000
PCTI,20110818,6.36,6.4,6.14,6.14,30300
PCYC,20110818,10.11,10.37,9.61,9.92,793200
PCYO,20110818,3.32,3.44,3.1,3.24,7100
PDCO,20110818,28.55,28.67,27.67,27.9,828800
PDEX,20110818,1.88,1.88,1.88,1.88,0
PDFS,20110818,4.91,4.98,4.85,4.87,98000
PDII,20110818,6.72,7.01,6.72,7.01,6000
PDLI,20110818,5.67,5.88,5.63,5.8,3326400
PEBK,20110818,4.89,5.06,4.84,5.06,800
PEBO,20110818,11.5,11.5,10.3,10.42,28200
PEGA,20110818,41.74,41.76,37.63,37.71,829800
PEIX,20110818,0.37,0.38,0.33,0.35,2685500
PENN,20110818,36.64,36.82,35.63,35.92,1082100
PENX,20110818,5.12,5.77,5.04,5.64,61200
PEOP,20110818,13.95,14,13.95,13.95,3100
PERF,20110818,14.96,14.96,11.66,11.66,500
PERY,20110818,16.86,18.16,16.69,18.03,487900
PESI,20110818,1.4,1.41,1.36,1.39,33800
PETM,20110818,40.41,41.96,39.76,40.15,3307900
PETS,20110818,9.89,10.15,9.58,9.96,528400
PFBC,20110818,7.3,7.36,7.26,7.35,6200
PFBI,20110818,6.5,6.5,5.76,5.76,5700
PFBX,20110818,11.43,11.51,11.4,11.5,3900
PFIN,20110818,5.15,5.15,4.88,4.99,6300
PFLT,20110818,11.52,11.55,11.01,11.29,49000
PFSW,20110818,4.85,4.97,4.73,4.8,41500
PGC,20110818,10.83,10.93,10.67,10.85,5900
PGNX,20110818,5.95,6.06,5.75,5.9,348400
PGTI,20110818,1.7,1.77,1.7,1.76,1200
PHII,20110818,19.65,20.4,19.65,20.4,1700
PHIIK,20110818,20.53,21.27,20.06,20.91,59300
PHMD,20110818,13.94,13.94,13,13.61,1900
PICO,20110818,24.09,24.09,22.96,23.28,159800
PKBK,20110818,7.59,7.59,7.5,7.5,2900
PKOH,20110818,14.15,14.25,13.7,13.86,87200
PLAB,20110818,6.84,7.12,6.55,6.76,2578800
PLBC,20110818,1.98,2.11,1.95,1.95,1600
PLCC,20110818,0.83,0.83,0.83,0.83,0
PLCE,20110818,37.98,42.11,37.5,39.6,1981400
PLCM,20110818,23.63,23.79,21.44,21.57,5243500
PLNR,20110818,2.24,2.27,2.14,2.27,22200
PLPC,20110818,51.65,51.76,48.16,48.35,27400
PLTM,20110818,23.49,23.49,22.73,22.73,4300
PLUG,20110818,1.7,1.74,1.59,1.62,221500
PLUS,20110818,24.49,24.88,23,23.05,27000
PLXS,20110818,25.5,25.7,24.33,24.7,593200
PLXT,20110818,3.14,3.24,2.95,2.99,178400
PMBC,20110818,4.16,4.16,4.16,4.16,0
PMCS,20110818,5.63,5.63,5.39,5.49,3420300
PMD,20110818,8.85,8.9,8.65,8.69,8600
PMFG,20110818,16.07,17.01,15.31,15.93,82900
PMNA,20110818,11.09,11.1,10.93,11.05,7300
PMTC,20110818,17.31,17.48,16.73,16.84,2453100
PMTI,20110818,7.21,7.48,7.15,7.32,145200
PNBK,20110818,2.04,2.04,2,2,2200
PNFP,20110818,12.37,12.42,11.71,11.87,346100
PNNT,20110818,9.7,9.83,9.42,9.53,506800
PNQI,20110818,34.1,34.1,32.52,32.52,19900
PNRA,20110818,103.03,105.35,100.26,102.11,833300
PNRG,20110818,18.86,18.86,18.32,18.8,1300
PNTR,20110818,4.5,4.5,4.5,4.5,2000
PODD,20110818,17.22,17.39,16.4,16.58,436500
POOL,20110818,24.68,24.69,23.34,23.53,324300
POPE,20110818,48,48,46.59,46.59,3200
POWI,20110818,30.27,30.63,29.4,29.51,301300
POWL,20110818,34.23,34.23,32.79,33.2,68800
POWR,20110818,4.51,4.6,4.44,4.5,108200
POZN,20110818,3.15,3.15,2.95,2.96,171700
PPBI,20110818,6.42,6.51,6.31,6.44,8300
PPHM,20110818,1.42,1.48,1.29,1.31,787200
PRAA,20110818,69.52,71.43,68.55,69.16,113000
PRAN,20110818,1.68,1.77,1.61,1.64,55000
PRCP,20110818,6.14,6.24,6.1,6.1,2800
PRFT,20110818,7.99,8.18,7.72,7.82,189900
PRFZ,20110818,55.87,55.87,54.02,54.3,23200
PRGO,20110818,86.73,87.47,84.36,85.01,981600
PRGS,20110818,20.2,20.3,19.07,19.24,672400
PRGX,20110818,6,6.04,5.66,5.68,115400
PRIM,20110818,10.32,10.32,9.77,9.96,163600
PRKR,20110818,0.85,0.89,0.79,0.89,203300
PRLS,20110818,3.8,3.84,3.71,3.78,10300
PRMW,20110818,4.33,4.4,4.04,4.06,891200
PROV,20110818,8.28,8.49,8.28,8.36,8700
PRPH,20110818,0.82,0.87,0.82,0.82,1300
PRSC,20110818,10.56,10.71,10.13,10.51,68600
PRTS,20110818,6.14,6.19,5.91,6,66500
PRXI,20110818,1.72,1.75,1.63,1.68,106100
PRXL,20110818,19.48,19.62,18.34,18.49,490900
PSAU,20110818,47.1,47.82,46.32,46.76,21900
PSBH,20110818,4.75,4.75,4.75,4.75,0
PSCC,20110818,29.75,29.75,29.75,29.75,0
PSCD,20110818,24.9,24.9,23.43,23.48,4900
PSCE,20110818,32.32,32.56,30.47,30.93,59800
PSCF,20110818,24.09,24.15,23.51,23.75,6800
PSCH,20110818,27.46,27.68,27,27.24,16200
PSCI,20110818,24.23,24.23,23.57,23.64,1500
PSCM,20110818,25.44,25.44,24.04,24.29,83200
PSCT,20110818,25.06,25.06,23.91,24.15,19400
PSCU,20110818,28.2,28.75,27.88,27.93,11100
PSDV,20110818,4.31,4.46,4.31,4.41,20100
PSEC,20110818,8.7,8.75,8.4,8.49,2361000
PSEM,20110818,7.22,7.22,6.92,6.97,97200
PSMT,20110818,54.02,55.02,52.2,52.6,283700
PSTB,20110818,3.96,4.11,3.9,3.93,115200
PSTI,20110818,2.57,2.57,2.46,2.47,116600
PSTR,20110818,5.26,5.29,4.6,4.97,30400
PSUN,20110818,2.14,2.16,2.07,2.08,766400
PTEK,20110818,1.04,1.12,1.04,1.05,8500
PTEN,20110818,25.38,25.54,23.27,23.82,5697600
PTIE,20110818,4.62,4.66,4.37,4.55,500700
PTIX,20110818,1.88,1.88,1.88,1.88,0
PTNR,20110818,11.31,11.31,10.8,10.84,264100
PTRY,20110818,11.67,11.98,11.57,11.76,422900
PTSI,20110818,9.85,10.12,9.84,10.12,1500
PTSX,20110818,0.69,0.69,0.69,0.69,0
PULB,20110818,6.55,6.6,6.55,6.6,1100
PURE,20110818,0.8,0.95,0.79,0.95,212400
PVFC,20110818,1.41,1.47,1.4,1.42,11000
PVTB,20110818,8.91,8.91,8.29,8.38,815000
PVTBP,20110818,25.9,25.9,25.06,25.3,11500
PWER,20110818,7.14,7.15,6.8,6.82,3023200
PWOD,20110818,33.85,35.04,33.2,33.32,9100
PWRD,20110818,17.88,18.06,17.05,17.64,1061100
PWX,20110818,14.21,14.21,13.64,13.65,2600
PXLW,20110818,2.31,2.31,2.25,2.29,7900
PZZA,20110818,28.01,28.51,27.32,27.6,254600
PZZI,20110818,2.85,3,2.82,3,31600
QABA,20110818,20.05,20.56,19.75,19.75,4900
QADA,20110818,10.17,10.38,9.93,10.18,40700
QADB,20110818,9.47,9.8,9.47,9.77,29600
QBAK,20110818,1.68,1.69,1.67,1.68,1900
QCCO,20110818,3.9,3.93,3.86,3.93,2300
QCLN,20110818,11.83,11.95,11.33,11.42,7500
QCOM,20110818,49.04,49.15,47.36,47.95,23794300
QCOR,20110818,29.25,29.49,27.31,27.8,1121600
QCRH,20110818,9.08,9.08,9.08,9.08,300
QDEL,20110818,13.38,13.52,13.09,13.27,239800
QGEN,20110818,14.69,14.72,14.34,14.53,1784600
QKLS,20110818,33.12,34.8,31.68,33.36,6400
QLGC,20110818,12.89,13.05,12.48,12.84,1554200
QLIK,20110818,27.01,27.17,25.07,25.83,3024600
QLTI,20110818,6.17,6.17,6.05,6.08,193300
QLTY,20110818,11.72,11.76,11.05,11.06,173000
QNST,20110818,11.81,11.9,11.49,11.61,430600
QQEW,20110818,21.91,21.91,21.17,21.34,79900
QQQ,20110818,52.14,52.14,50.48,50.95,130016400
QQQX,20110818,13.01,13.02,12.75,12.8,50900
QQXT,20110818,20.43,20.43,19.95,20.12,13000
QSII,20110818,39.77,39.77,38.5,38.81,283800
QTEC,20110818,21.77,21.77,20.93,21.06,443200
QTWW,20110818,3.25,3.25,2.99,3.03,294100
QUIK,20110818,2.62,2.69,2.46,2.52,363200
RADA,20110818,2.86,3.03,2.64,2.75,12200
RAIL,20110818,16.98,17.2,16.5,16.74,163000
RAND,20110818,2.7,2.7,2.7,2.7,200
RAVN,20110818,23.41,23.88,22.09,22.28,76800
RBCAA,20110818,17.24,17.24,16.57,16.95,44200
RBCN,20110818,13.1,13.29,12.6,12.8,523700
RBNF,20110818,2.84,2.84,2.65,2.69,3300
RBPAA,20110818,1.11,1.11,1.1,1.1,800
RCII,20110818,23.51,23.99,22.9,23.6,815900
RCKB,20110818,9.12,9.29,9.05,9.09,134300
RCKY,20110818,11.57,11.57,10.56,11.02,22700
RCMT,20110818,4.6,4.73,4.45,4.5,20700
RCON,20110818,1.79,1.79,1.51,1.55,10400
RDA,20110818,9.39,9.5,9.29,9.41,13100
RDCM,20110818,3.81,4.27,3.8,4.1,8600
RDEN,20110818,32.05,32.84,31.25,31.72,374000
RDI,20110818,4.32,4.32,4.24,4.3,10100
RDNT,20110818,2.6,2.62,2.37,2.4,393500
RDWR,20110818,13.735,13.795,12.69,12.805,276600
RECN,20110818,10.28,10.28,9.79,9.91,460500
REDF,20110818,7.88,8.07,7.51,7.64,708300
REFR,20110818,3.75,3.88,3.74,3.79,12800
REGN,20110818,54,54.43,52.04,53.2,1353600
REIS,20110818,9.3,9.3,9.03,9.2,3900
RELL,20110818,13.94,14,13.5,13.6,108100
RELV,20110818,1.54,1.56,1.5,1.54,6400
RENT,20110818,12.34,12.52,11.57,11.58,160000
REXI,20110818,4.81,4.95,4.6,4.86,10600
REXX,20110818,12.2,12.28,11.35,11.55,981800
RFIL,20110818,3.75,3.88,3.75,3.77,7600
RFMD,20110818,5.45,5.55,5.18,5.24,7273800
RGCO,20110818,17.235,17.5,16.53,17.5,1100
RGDX,20110818,2.27,2.27,2.17,2.17,1200
RGEN,20110818,3.35,3.35,3.29,3.31,42100
RGLD,20110818,69.34,69.57,67.55,68.18,673200
RICK,20110818,7.49,7.57,7,7.15,72400
RIGL,20110818,7.39,7.51,7.05,7.25,752200
RIMG,20110818,13.65,13.73,13.3,13.37,51100
RITT,20110818,4.53,4.83,4,4.44,88400
RIVR,20110818,16.25,16.25,16.25,16.25,100
RJET,20110818,3.54,3.57,3.35,3.35,752700
RLOC,20110818,12.99,13.72,12.79,13.6,243900
RLOG,20110818,6.71,6.79,6.4,6.43,7700
RMBS,20110818,11.36,11.37,10.77,10.85,1881700
RMCF,20110818,8.66,8.88,8.66,8.71,3000
RMKR,20110818,0.94,0.99,0.93,0.97,4400
RMTI,20110818,9.03,9.21,8.7,8.79,139300
RNET,20110818,14.26,14.57,14,14.01,19700
RNIN,20110818,6.2,6.25,5.8,6.2,7900
RNST,20110818,12.98,13.03,12.56,12.64,101500
RNWK,20110818,3,3.01,2.87,2.9,463400
ROCK,20110818,7.73,7.85,7.4,7.65,246200
ROCM,20110818,8.63,8.67,8.43,8.59,21200
ROIA,20110818,1.51,1.55,1.5,1.51,11500
ROIAK,20110818,1.51,1.52,1.43,1.44,136600
ROIC,20110818,10.92,11.06,10.85,10.95,326800
ROICW,20110818,0.67,0.7,0.65,0.7,37200
ROLL,20110818,32.98,33.46,31.65,31.98,123900
ROMA,20110818,8.85,8.9,8.68,8.68,21400
ROSE,20110818,45.41,45.52,42.31,42.87,1467300
ROSG,20110818,17.4,18.75,16.65,18.15,29100
ROST,20110818,33.79,36.2,33.5,35.42,4197600
ROVI,20110818,44.92,45.72,43.52,44.23,2046600
ROYL,20110818,2.72,2.79,2.65,2.75,198100
RP,20110818,24.25,24.4,21.65,23.3,527200
RPRX,20110818,4.5,4.58,4.35,4.42,54200
RPTP,20110818,4.56,4.61,4.3,4.39,334700
RPXC,20110818,24.66,24.92,23.92,24.18,130100
RRD,20110818,14.28,14.31,13.82,13.92,4168300
RRGB,20110818,30.59,30.65,29.14,29.36,462300
RRST,20110818,5.83,5.83,5.71,5.77,13100
RSOL,20110818,2.31,2.37,2.3,2.32,44800
RSTI,20110818,23.01,23.09,21.81,21.93,273900
RSYS,20110818,7.42,7.58,7.4,7.54,172500
RTEC,20110818,7.33,7.35,6.91,6.92,338000
RTIX,20110818,3.47,3.6,3.36,3.57,693100
RUE,20110818,26.62,27.07,25.51,25.93,313900
RUSHA,20110818,15.62,16.19,15.42,15.49,192800
RUSHB,20110818,13.15,13.15,12.68,12.68,2300
RUTH,20110818,4.83,4.86,4.48,4.54,449100
RVBD,20110818,23,23,19.93,20.66,10570200
RVSB,20110818,2.67,2.75,2.61,2.65,14500
RYAAY,20110818,26.76,26.8,25.97,26.16,363500
SAAS,20110818,3.5,3.63,3.43,3.55,250700
SAFM,20110818,41.65,42.61,41.28,42.04,209500
SAFT,20110818,38.42,38.96,38,38.11,56600
SAIA,20110818,12.17,12.4,11.58,11.97,88800
SALM,20110818,2.81,2.82,2.67,2.69,5900
SANM,20110818,8.21,8.39,7.55,7.6,1299400
SANW,20110818,4.6,4.6,4.21,4.21,3000
SANWW,20110818,0.65,0.65,0.65,0.65,0
SANWZ,20110818,0.2,0.2,0.2,0.2,0
SAPE,20110818,10.73,10.86,10.04,10.1,1124700
SASR,20110818,14.55,15.04,14.28,14.7,126900
SATS,20110818,23.98,24.31,22.73,22.98,253400
SAVE,20110818,11.4,11.85,10.87,11.01,268500
SBAC,20110818,35.44,35.57,34.08,34.4,2236700
SBBX,20110818,5.49,5.55,5.2,5.55,3800
SBCF,20110818,1.41,1.47,1.33,1.36,486900
SBGI,20110818,7.97,8.05,7.56,7.74,1078100
SBLK,20110818,22.95,22.95,21.15,21.9,484000
SBNY,20110818,52.08,52.08,49.46,49.74,317200
SBNYW,20110818,30.56,30.56,26.5,27.96,3500
SBRA,20110818,11.34,11.37,10.85,10.93,519600
SBSA,20110818,3.41,3.59,3.21,3.28,27300
SBSI,20110818,19.6,19.79,18.98,19.04,78100
SBUX,20110818,37.29,37.31,34.14,34.75,21489200
SCBT,20110818,27.92,28.19,26.97,26.98,48900
SCHL,20110818,25.4,25.55,24.46,24.66,183500
SCHN,20110818,41.54,41.86,39.85,40.76,329700
SCLN,20110818,4.82,4.89,4.62,4.69,455000
SCMP,20110818,3.08,3.17,3,3,43800
SCOK,20110818,3.89,3.9,3.63,3.72,51400
SCON,20110818,18.36,18.96,18,18.48,58100
SCOR,20110818,14.75,14.81,14.26,14.41,532900
SCSC,20110818,31.04,31.42,29.81,29.99,129300
SCSS,20110818,13.57,13.68,12.76,12.93,1015500
SCVL,20110818,18,18.2933,17.2867,17.7733,69900
SDBT,20110818,2.27,2.3,2.27,2.3,300
SDIX,20110818,1.82,1.85,1.78,1.84,7500
SEAC,20110818,7.73,7.73,7.15,7.34,323500
SEED,20110818,3.38,3.45,3.27,3.31,65200
SEIC,20110818,16.64,16.64,16.08,16.13,1267500
SENEA,20110818,21.25,21.25,20.58,20.66,53800
SENEB,20110818,20.78,20.78,20.78,20.78,0
SEV,20110818,6.34,6.34,6.34,6.34,100
SFLY,20110818,44.78,44.78,42.18,43.48,1145700
SFNC,20110818,21.78,21.78,21.13,21.26,92000
SFST,20110818,7.5,8.02,7.5,8,600
SGC,20110818,10.92,11.43,10.92,11.35,900
SGEN,20110818,14.39,14.4,13.62,13.95,2400000
SGI,20110818,12.46,12.63,11.53,11.93,934500
SGMA,20110818,4.2,4.21,4.14,4.21,9000
SGMO,20110818,5.01,5.04,4.68,4.71,561900
SGMS,20110818,8.67,8.73,8.21,8.31,926700
SGNT,20110818,20.59,20.67,19.69,20.01,40900
SGOC,20110818,3.51,3.76,3.51,3.76,10100
SGRP,20110818,1.19,1.2,1.09,1.18,9200
SHBI,20110818,5.64,5.91,5.4,5.85,5400
SHEN,20110818,13.2,13.36,12.59,12.76,87800
SHFL,20110818,7.86,7.86,7.53,7.68,438500
SHIP,20110818,3.62,3.65,3.41,3.47,1300
SHLD,20110818,56.11,57.47,54.91,55.23,1545200
SHLM,20110818,17.57,18.18,16.61,16.83,325500
SHLO,20110818,9.78,9.99,9.28,9.41,32100
SHOO,20110818,32.79,33.01,31.03,31.25,527700
SHOR,20110818,7.6,7.85,7.02,7.09,505400
SIAL,20110818,61.43,62,59.13,59.58,1592400
SIBC,20110818,11.45,11.55,11.45,11.47,8400
SIEB,20110818,1.48,1.48,1.48,1.48,1200
SIFI,20110818,9.35,9.41,9.22,9.3,8900
SIFY,20110818,4.35,4.44,4.1,4.37,1121300
SIGA,20110818,5.56,5.6,5.21,5.28,557800
SIGI,20110818,14.52,14.77,14.32,14.6,380600
SIGM,20110818,8.15,8.26,7.91,7.97,332500
SILC,20110818,13.66,13.66,12.6,12.72,55900
SIMG,20110818,5.23,5.37,5,5.01,1236300
SIMO,20110818,10.77,10.77,9.99,10.21,478700
SINA,20110818,94.4,99.74,89.26,96.2,12951100
SINO,20110818,3.65,3.83,3.42,3.51,39000
SIRI,20110818,1.85,1.87,1.77,1.78,120934700
SIRO,20110818,44.29,44.29,41.34,41.93,748200
SIVB,20110818,44.28,44.66,42.48,42.93,637700
SIVBO,20110818,24.5,24.51,24.32,24.32,2200
SKBI,20110818,3.24,3.24,3.13,3.23,900
SKUL,20110818,15.85,15.97,14.85,14.88,517300
SKYW,20110818,12.62,13.03,12.51,12.88,863400
SKYY,20110818,16.19,16.19,15.42,15.56,127600
SLAB,20110818,32.21,32.64,31.63,31.76,549700
SLGN,20110818,36.34,36.88,36.07,36.55,461500
SLMAP,20110818,43.22,43.9,42.09,43.01,16900
SLP,20110818,3.05,3.1,3,3.06,26600
SLRC,20110818,21.65,21.66,20.68,21.02,372100
SLTC,20110818,5.2,5.2,4.9,4.9,3200
SLTM,20110818,1.39,1.4,1.15,1.34,199200
SLXP,20110818,30.24,30.88,28.85,29.06,946700
SMBC,20110818,21.84,21.84,20.9,21,3300
SMCI,20110818,13.38,13.5,12.74,12.96,332000
SMED,20110818,3.39,3.39,3.12,3.21,140800
SMIT,20110818,3.5,3.5,3.5,3.5,1400
SMMF,20110818,3.25,3.39,2.84,3,3200
SMRT,20110818,7.1,7.42,6.35,6.41,285800
SMSI,20110818,1.82,1.85,1.73,1.76,477400
SMT,20110818,4.69,4.79,4.41,4.44,133800
SMTC,20110818,20.27,20.27,19.41,19.55,555500
SMTX,20110818,1.41,1.47,1.41,1.42,29500
SNAK,20110818,4,4.03,3.95,3.98,11700
SNBC,20110818,2.8,2.93,2.63,2.81,330100
SNCR,20110818,26.72,26.72,25,25.16,341300
SNDK,20110818,35.04,35.17,33.32,33.64,11695300
SNFCA,20110818,1.38,1.38,1.38,1.38,100
SNHY,20110818,23.44,23.7,22.15,22.37,122100
SNMX,20110818,4.07,4.16,3.94,3.98,188900
SNPS,20110818,23.49,24.48,22.5,23.72,5129200
SNSS,20110818,1.51,1.51,1.4,1.4,242300
SNTA,20110818,3.84,3.93,3.78,3.86,193900
SNTS,20110818,2.51,2.59,2.43,2.49,491700
SOCB,20110818,2.02,2.26,2.02,2.02,2400
SODA,20110818,37.35,40.4,37,39.72,4386100
SOFO,20110818,11.78,11.86,11.2,11.67,8800
SOHU,20110818,74,74.14,69.76,70.53,2477600
SOMH,20110818,7.82,7.82,7.82,7.82,0
SONA,20110818,7.05,7.05,7.02,7.04,4200
SONC,20110818,9.09,9.24,8.84,8.92,892100
SONS,20110818,2.37,2.4,2.24,2.28,1844500
SORL,20110818,3.5,3.52,3.41,3.44,71000
SOXX,20110818,46.59,46.59,44.79,45.15,672400
SPAN,20110818,14.05,14.5,14.05,14.5,4700
SPAR,20110818,4.5,4.5,4.21,4.22,226200
SPBC,20110818,10.56,11.03,10.55,11,1400
SPCHA,20110818,1.89,1.89,1.78,1.89,1300
SPCHB,20110818,1.87,2.05,1.87,1.87,700
SPEX,20110818,28.8,30.2,28,28.2,15400
SPIL,20110818,4.19,4.2,4.01,4.04,1124600
SPIR,20110818,1.81,2.49,1.72,2.04,151800
SPLS,20110818,13.92,13.92,13.26,13.57,17788500
SPMD,20110818,2.1,2.12,2.02,2.1,66600
SPNC,20110818,6.13,6.22,6.02,6.15,157600
SPNS,20110818,4.29,4.29,3.96,4.2,9300
SPPI,20110818,8.62,8.7,8.28,8.38,1264100
SPPR,20110818,0.93,0.93,0.88,0.92,37200
SPPRO,20110818,21.5,21.5,21.5,21.5,100
SPPRP,20110818,8.4,8.4,8.4,8.4,0
SPRD,20110818,15.5,16.31,15.33,16.17,1363600
SPRO,20110818,2.19,2.19,2.19,2.19,0
SPRT,20110818,2.81,2.86,2.71,2.74,432500
SPSC,20110818,17.11,17.84,16.9,17.51,81800
SPTN,20110818,14.83,14.94,14.26,14.38,130900
SPU,20110818,2.38,2.52,2.37,2.43,30600
SQI,20110818,14.2,14.96,13.66,13.93,118000
SQNM,20110818,5.66,5.66,5.27,5.39,2374100
SQQQ,20110818,117.4,127.4,117.4,124.32,4889200
SRCE,20110818,20.7,21.34,19.78,19.99,107700
SRCL,20110818,79.02,79.72,77.79,79.22,829400
SRDX,20110818,10.48,10.48,10,10.09,59700
SREV,20110818,16.99,17.14,14.42,14.78,747800
SSBI,20110818,6,6.73,6,6,2200
SSFN,20110818,5.01,6,5.01,5.85,1300
SSNC,20110818,16.31,16.49,15.6,15.67,185600
SSRI,20110818,26.93,26.99,25.2,25.44,820100
SSRX,20110818,15.17,15.17,13.83,13.87,76800
SSYS,20110818,24.17,24.17,22.12,22.12,384300
STAA,20110818,6.36,6.74,6.27,6.71,336300
STAN,20110818,15.41,15.41,14.87,14.98,74000
STBA,20110818,16,16.1,15.29,15.56,196400
STBZ,20110818,14.38,14.46,13.8,13.87,237500
STEC,20110818,9.13,9.3,8.77,8.88,2612500
STEI,20110818,5.65,5.8,5.49,5.53,794200
STEL,20110818,10.09,10.43,9.78,10.09,114700
STEM,20110818,2.21,2.32,2.12,2.17,59100
STFC,20110818,14.8,15.08,14.12,14.34,53100
STKL,20110818,5.18,5.22,4.89,4.93,351200
STLD,20110818,12.24,12.29,11.65,11.76,3499200
STLY,20110818,3.22,3.49,3.17,3.48,16600
STMP,20110818,15.7,15.7,15.25,15.41,165600
STND,20110818,14.51,14.53,14.51,14.53,400
STNR,20110818,41.77,42.83,40.15,40.3,74600
STRA,20110818,97.3,100.98,90.68,91.41,443100
STRL,20110818,11.6,11.92,11.27,11.35,124300
STRM,20110818,1.89,1.89,1.74,1.76,8200
STRN,20110818,4.81,5.57,4.72,5.57,1800
STRS,20110818,10.11,10.11,10.11,10.11,0
STRT,20110818,23.46,23.46,23.46,23.46,0
STSA,20110818,13.65,13.65,12.65,12.66,204300
STX,20110818,11.3,11.3,10.42,10.59,11053600
STXS,20110818,10.3,11.1,9.9,9.9,1640200
SUBK,20110818,8.66,8.84,8.5,8.51,53700
SUMR,20110818,6.95,6.95,6.33,6.4,64800
SUNS,20110818,15.14,15.39,14.99,14.99,38400
SUPX,20110818,18.47,18.47,17.77,17.95,69300
SURG,20110818,5.01,5.03,4.9,4.91,107000
SUSQ,20110818,6.2,6.24,5.97,6.04,2357000
SUTR,20110818,0.95,1.04,0.94,1,74400
SVA,20110818,2.13,2.13,1.98,1.98,93900
SVBI,20110818,2.69,2.85,2.6,2.6,4000
SVNT,20110818,4.17,4.17,3.92,4.05,1733800
SVVC,20110818,16.32,16.75,16.31,16.75,1400
SWHC,20110818,2.77,2.89,2.75,2.79,376900
SWIR,20110818,7.33,7.37,7.22,7.28,109000
SWKS,20110818,20.5,20.51,19.23,19.42,4515100
SWSH,20110818,4.19,4.19,3.92,3.95,826200
SYBT,20110818,20.28,20.28,19.6,19.76,44600
SYBTP,20110818,11.21,11.21,11.21,11.21,300
SYKE,20110818,13.3,13.79,13.25,13.44,592600
SYMC,20110818,16.38,16.47,15.57,15.81,14677300
SYMM,20110818,4.78,5.34,4.78,4.87,291200
SYMX,20110818,1.86,1.93,1.77,1.84,90100
SYNA,20110818,23.64,24,23.03,23.32,464300
SYNL,20110818,9.96,11.2,9.96,11.19,26000
SYNM,20110818,10.8,10.9,10.1,10.3,624900
SYNT,20110818,46.3,46.76,43.09,43.68,274900
SYPR,20110818,3.15,3.3,3.12,3.12,5300
SYUT,20110818,6.99,7.57,6.91,7.26,52000
SZYM,20110818,16,16.77,14.12,14.3,347600
TACT,20110818,8.76,8.91,8.63,8.8,29800
TAIT,20110818,1.14,1.14,1.14,1.14,700
TASR,20110818,4.04,4.05,3.81,3.82,631200
TAST,20110818,8.66,8.9,8.33,8.48,93100
TATT,20110818,5.02,5.02,4.89,4.89,700
TAXI,20110818,9.23,9.28,8.92,9.07,86600
TAYC,20110818,6.8,7.17,6.51,6.51,49900
TAYCP,20110818,20,20.03,20,20.01,2600
TAYD,20110818,5.25,5.28,5.06,5.2,2400
TBAC,20110818,2.04,2.04,1.87,1.87,1100
TBBK,20110818,7.35,7.56,7.24,7.39,170800
TBNK,20110818,19.27,19.48,19.07,19.3,56600
TBOW,20110818,3.6,3.6,3.35,3.43,12100
TCBI,20110818,23.82,24,22.99,23.13,380400
TCBIW,20110818,13.28,13.28,13.28,13.28,0
TCBK,20110818,12.31,12.62,11.77,11.86,60900
TCCO,20110818,7.09,7.19,7.04,7.07,26400
TCRD,20110818,11.59,11.59,10.96,11.03,66600
TEAR,20110818,1.43,1.46,1.25,1.27,15800
TECD,20110818,42.28,44.88,40.78,41.46,1619600
TECH,20110818,70.94,70.94,67.43,68.03,134100
TECUA,20110818,7.65,8.44,7.46,7.89,103600
TECUB,20110818,7.66,7.93,7.66,7.87,400
TELK,20110818,12,12,10.2,10.8,44000
TESO,20110818,14.8,14.93,14.4,14.66,504000
TESS,20110818,13.73,13.73,13.03,13.52,113300
TFCO,20110818,3.9,3.9,3.9,3.9,0
TFM,20110818,32.39,32.78,31.52,31.9,536900
TFSL,20110818,8.64,8.73,8.29,8.32,424700
TGA,20110818,8.99,9.04,8.5,8.98,150500
TGE,20110818,5.88,6.16,5.81,5.9,36000
THFF,20110818,29.5,29.5,28.37,28.6,58100
THLD,20110818,1.32,1.32,1.27,1.29,132100
THOR,20110818,31.29,31.52,30.66,31,1186600
THRD,20110818,21.72,21.72,21.72,21.72,0
THRX,20110818,18.64,18.92,17.35,17.54,517700
THTI,20110818,2.59,2.59,2.59,2.59,0
TIBX,20110818,20.96,21.06,18.76,19.07,8001200
TICC,20110818,9.2,9.21,8.7,8.74,374900
TIGR,20110818,2.92,2.95,2.9,2.95,5200
TINY,20110818,4.18,4.2,4.02,4.14,249800
TISA,20110818,1.93,2.02,1.92,2,228500
TITN,20110818,22.27,22.56,21.19,21.36,371200
TIVO,20110818,8.33,8.33,7.92,8.02,2646100
TKMR,20110818,1.9,2.34,1.9,2.06,10000
TLAB,20110818,3.85,3.86,3.7,3.72,10071800
TLF,20110818,4.62,4.63,4.58,4.62,800
TMNG,20110818,2.29,2.29,2.29,2.29,100
TNAV,20110818,8.9,8.96,8.11,8.22,332300
TNGO,20110818,9.31,10.95,8.66,10.09,63500
TOFC,20110818,8.53,8.75,8.51,8.74,4600
TOPS,20110818,2.48,2.48,2.2,2.2,4000
TORM,20110818,15.45,15.45,14.5,14.61,10100
TOWN,20110818,10.99,11.09,10.75,10.77,99400
TPGI,20110818,2.59,2.6,2.21,2.48,1070000
TQNT,20110818,7.25,7.31,6.83,6.95,4271200
TQQQ,20110818,29.8,29.81,26.845,27.74,1718900
TRAK,20110818,17.79,18.04,17.12,17.19,263100
TREE,20110818,5.36,5.74,5.25,5.6,20900
TRGT,20110818,15.16,15.2,14.42,15,421600
TRIB,20110818,10.71,10.76,10.66,10.72,42400
TRIT,20110818,4.5,4.65,4.15,4.28,84500
TRLG,20110818,29.02,29.07,27.58,27.71,545800
TRMB,20110818,17.565,17.7,16.45,16.625,430100
TRMD,20110818,25.6,25.9,23.4,23.4,45400
TRMK,20110818,19.84,20.03,19.5,19.74,831800
TRNS,20110818,11.35,11.77,10.32,11.77,11800
TRNX,20110818,21.63,22.59,20.42,20.56,83800
TROW,20110818,49.2,49.2,46.51,47.08,5819000
TRS,20110818,19.3,19.3,17.62,17.99,280000
TRST,20110818,4.2,4.26,4.06,4.1,556700
TSBK,20110818,5.02,5.08,4.95,4.95,2100
TSCO,20110818,56.43,56.75,54.59,55.22,758300
TSEM,20110818,11.7,11.85,11.25,11.7,442400
TSLA,20110818,25,25.15,23.47,24.26,1056500
TSON,20110818,4.56,4.8,4.51,4.8,62300
TSPT,20110818,2.84,2.88,2.7,2.74,165100
TSRA,20110818,13.13,13.4,12.93,13.3,1173100
TSRI,20110818,4.41,4.41,4.31,4.31,13400
TSRX,20110818,6.81,6.81,6.25,6.25,80200
TST,20110818,2.3,2.34,2.2,2.34,101200
TSTC,20110818,5.18,5.18,5,5.05,47900
TSYS,20110818,3.98,3.99,3.65,3.7,1075200
TTEC,20110818,16.65,16.67,15.88,15.95,289900
TTEK,20110818,19,19.13,18.23,18.35,728400
TTGT,20110818,6.24,6.31,5.91,6.07,76800
TTHI,20110818,2.13,2.16,1.98,1.98,82000
TTMI,20110818,10.56,10.63,9.98,10.09,916300
TTWO,20110818,11.34,11.35,10.81,10.94,1643900
TUES,20110818,3.7,3.75,3.58,3.6,282000
TWER,20110818,3.15,3.2,3.02,3.04,588900
TWGP,20110818,22.73,22.86,22.36,22.43,367100
TWIN,20110818,34.29,34.29,32.11,32.55,116500
TWMC,20110818,1.88,1.93,1.85,1.89,1200
TWTC,20110818,18.26,18.3,17.48,17.62,1004700
TXCC,20110818,2.5,2.5,2.34,2.37,101500
TXN,20110818,26.06,26.22,25.19,25.39,18962500
TXRH,20110818,14.22,14.22,12.97,13.1,1146900
TYPE,20110818,10.89,11.07,10.43,10.54,215400
TZOO,20110818,34.76,35.95,32.8,33.7,1411400
TZYM,20110818,3.46,3.61,3.21,3.5,8600
UACL,20110818,13.17,13.24,12,12.01,11000
UBCP,20110818,8.67,8.75,8.5,8.56,2500
UBFO,20110818,3.01,3.11,3,3.01,3600
UBNK,20110818,15.17,15.17,14.33,14.52,58200
UBOH,20110818,8.78,8.78,8.62,8.75,9200
UBPS,20110818,5.75,5.75,5.75,5.75,0
UBSH,20110818,10.84,10.98,10.53,10.72,113000
UBSI,20110818,20.9,20.98,20,20.19,489900
UCBA,20110818,6.04,6.04,6.04,6.04,500
UCBI,20110818,9.58,9.67,8.79,8.95,309900
UCFC,20110818,1.01,1.01,0.96,0.96,800
UCTT,20110818,5.4,5.45,5.05,5.08,159700
UEIC,20110818,18.16,18.17,17.57,17.78,112300
UEPS,20110818,6.81,7.11,6.78,6.96,49200
UFCS,20110818,16.22,16.4,15.71,15.98,94000
UFPI,20110818,26,26.14,24.94,25.23,159800
UFPT,20110818,16.6,16.66,16.38,16.43,29000
UG,20110818,13.73,13.74,13.73,13.74,500
UHAL,20110818,71.38,72.9,67.7,68.09,69900
ULBI,20110818,4.85,4.93,4.8,4.87,32500
ULGX,20110818,0.77,0.9,0.77,0.88,16400
ULTA,20110818,51.61,51.67,49.5,50.08,1008300
ULTI,20110818,47.99,48.35,45.54,46,536400
ULTR,20110818,3.5,3.59,3.25,3.3,69000
UMBF,20110818,36.08,36.25,34.72,35.01,253100
UMPQ,20110818,9.57,9.58,9.09,9.2,1173400
UNAM,20110818,10.4,10.45,10.29,10.45,1000
UNB,20110818,19.6,19.69,19.5,19.5,3700
UNFI,20110818,38.63,38.69,37.16,37.46,376400
UNIS,20110818,4.15,4.21,3.92,3.95,257200
UNTD,20110818,5.1,5.17,4.9,4.92,1050600
UNTK,20110818,5.12,5.39,4.64,4.68,51400
UNTY,20110818,6.47,6.58,6.45,6.58,4600
UNXL,20110818,6.19,6.19,4.67,5.34,59300
UPI,20110818,5.5,5.71,5.25,5.6,129500
URBN,20110818,26.12,26.71,25.27,26.02,5907100
URRE,20110818,11.6,12,11.4,11.7,1279500
USAK,20110818,10.9,10.96,10.7,10.93,3000
USAP,20110818,34.49,35.03,32.27,32.43,104000
USAT,20110818,1.81,1.83,1.71,1.72,403000
USATP,20110818,15.33,17.99,15.33,17.99,200
USATZ,20110818,1.06,1.06,1,1.01,11000
USBI,20110818,6.25,6.3,5.96,6.3,3700
USCR,20110818,6,6.18,5.55,5.75,18000
USEG,20110818,2.77,2.78,2.58,2.62,269800
USLM,20110818,39.44,40.03,39.14,39.46,6200
USMO,20110818,15.01,15.25,14.73,14.81,251600
USTR,20110818,27.37,27.54,25.93,26.2,518500
UTEK,20110818,22.39,22.95,20.99,21.27,736000
UTHR,20110818,50.22,50.22,48.43,48.97,1066300
UTIW,20110818,13.04,13.11,12.67,12.75,1298300
UTMD,20110818,25.78,26.51,25.78,26.5,36200
UTSI,20110818,3.99,4.05,3.78,3.9,267500
UVSP,20110818,13.25,13.45,13.07,13.19,65300
VALU,20110818,10.31,10.67,10.31,10.5,7600
VALV,20110818,2.12,2.16,1.99,2.04,295400
VASC,20110818,11.88,11.98,11.55,11.63,73600
VBFC,20110818,2.35,2.35,2.35,2.35,0
VCBI,20110818,5.72,5.86,5.68,5.75,214100
VCIT,20110818,83.56,83.56,82.4,82.9,154900
VCLK,20110818,14.25,14.25,13.67,13.8,1012300
VCLT,20110818,84.35,84.47,82.91,83.75,43900
VCSH,20110818,78.72,78.72,78.36,78.57,214300
VDSI,20110818,7.8,7.8,7.19,7.29,189800
VECO,20110818,33.05,34.14,32.65,33.57,2206200
VELT,20110818,12.15,12.15,10.69,11,355800
VGIT,20110818,65.7,65.7,65.37,65.43,14000
VGLT,20110818,69.96,70.83,69.65,69.89,40000
VGSH,20110818,61.21,61.24,61.14,61.22,63000
VIA,20110818,53.01,53.36,51.05,51.59,39300
VIAB,20110818,44.24,44.25,41.83,42.11,7580500
VIAS,20110818,18,18.13,17.55,17.6,14800
VICL,20110818,3.68,3.69,3.43,3.46,937300
VICR,20110818,10.6,10.87,9.94,10.15,129300
VIDE,20110818,3.81,4,3.75,3.75,8800
VIFL,20110818,6.22,6.23,5.82,5.93,9400
VIMC,20110818,1.47,1.48,1.36,1.42,87300
VIRC,20110818,2.22,2.22,2.2,2.2,1000
VISN,20110818,37.2,38.4,35,38.4,240300
VITC,20110818,4.75,4.85,4.45,4.53,289700
VIVO,20110818,17.79,18.04,17.21,17.52,423400
VLCCF,20110818,18.22,18.52,17.32,17.52,186900
VLGEA,20110818,24.95,26.09,24.3,24.53,14000
VLTR,20110818,22.5,22.53,20.8,21.1,317200
VLYWW,20110818,2.42,2.42,2.42,2.42,0
VMBS,20110818,52.26,52.53,52.2,52.43,2300
VMED,20110818,24.77,24.97,23.54,23.86,5562700
VNDA,20110818,5.49,5.53,5.34,5.4,239700
VNET,20110818,10.6,11.21,10.17,10.36,147100
VNQI,20110818,45.94,46.37,45.36,45.63,118700
VOCS,20110818,20.52,20.79,18.44,18.5,392900
VOD,20110818,27.04,27.14,26.51,26.9,16967400
VOLC,20110818,28.01,28.23,27.15,27.35,338100
VONE,20110818,53.13,53.16,51.92,52.31,14900
VONG,20110818,54.1,54.5,54.09,54.14,2600
VONV,20110818,51.38,51.38,50.12,50.45,21300
VOXX,20110818,6,6.23,5.72,5.74,183900
VPFG,20110818,11.78,11.89,11.54,11.59,186600
VPHM,20110818,17.95,17.95,17.37,17.53,1042100
VPRT,20110818,26.68,26.85,25.7,26.35,1777900
VRA,20110818,27.44,27.45,25.68,25.83,894100
VRML,20110818,3.01,3.01,2.71,2.86,95200
VRNM,20110818,1.97,1.98,1.85,1.92,80800
VRNT,20110818,26.79,26.8,25.06,25.18,221800
VRSK,20110818,31.72,31.85,31.19,31.68,1215900
VRSN,20110818,29.7,29.89,28.66,28.91,3789900
VRTA,20110818,1.28,1.29,0.81,1.29,25100
VRTB,20110818,1.25,1.25,1.18,1.18,47800
VRTS,20110818,58.23,58.61,55.06,55.41,50500
VRTU,20110818,14.16,14.5,12.87,13.29,71000
VRTX,20110818,45.68,46.11,44.55,45.29,2068200
VSAT,20110818,33.85,33.86,32.44,32.81,796100
VSBN,20110818,10.87,10.87,10.87,10.87,0
VSCI,20110818,2.45,2.46,2.08,2.44,32700
VSCP,20110818,1.33,1.37,1.25,1.29,18900
VSEC,20110818,23.59,24.55,23.31,23.6,29300
VTHR,20110818,53.27,53.27,51.78,52.23,2200
VTNC,20110818,7.29,7.29,6.66,6.74,96400
VTSS,20110818,3.46,3.47,3.3,3.34,150200
VTUS,20110818,9.76,9.76,9.07,9.4,102000
VTWG,20110818,56.16,56.16,54.37,54.38,2800
VTWO,20110818,54.02,54.09,52.5,52.51,65500
VTWV,20110818,51.94,52.01,50.68,50.95,2400
VVTV,20110818,3.55,3.55,3.3,3.38,1201600
VVUS,20110818,7.26,7.31,6.95,7.05,1391400
VXUS,20110818,45,45,43.08,43.91,213000
VYFC,20110818,4.55,4.58,4.55,4.57,2100
WABC,20110818,39.46,39.46,37.94,38.18,229100
WAFD,20110818,14.49,14.55,13.98,14.06,616300
WASH,20110818,20,20.22,19.17,19.36,58300
WAVX,20110818,2.47,2.47,2.29,2.4,564600
WAYN,20110818,8.34,8.34,8.3,8.3,600
WBCO,20110818,11.51,11.55,11.13,11.17,68900
WBKC,20110818,13.57,13.61,13.47,13.5,5300
WBMD,20110818,33.66,34.06,32.6,33.02,1419200
WBSN,20110818,20.16,20.29,19.18,19.6,304900
WCRX,20110818,16.67,16.94,16.52,16.85,3642800
WDC,20110818,28.48,28.73,26.75,27.83,5645500
WDFC,20110818,39.77,39.8,38.42,38.82,128500
WEBM,20110818,5.53,5.74,5.25,5.6,43900
WERN,20110818,21.24,21.37,20.55,20.78,736700
WETF,20110818,7.92,7.93,7.36,7.75,243500
WEYS,20110818,22.22,22.4,21.71,21.87,23300
WFD,20110818,7.13,7.25,6.99,7.01,87600
WFM,20110818,61.49,62.53,57.4,58.84,7052800
WIBC,20110818,3.02,3.05,2.91,2.95,537300
WIFI,20110818,8.83,8.89,8.26,8.39,140300
WILC,20110818,5.76,5.79,5.62,5.67,21100
WILN,20110818,6.72,6.91,6.59,6.78,207900
WIN,20110818,11.92,11.92,11.66,11.74,8107100
WINA,20110818,43.97,44.56,42.97,42.97,9200
WIRE,20110818,20.84,20.89,19.95,20.12,197500
WLB,20110818,10.75,10.76,10.35,10.47,52400
WLBPZ,20110818,23.39,23.85,23.39,23.85,400
WLDN,20110818,3.91,3.91,3.9,3.9,2100
WLFC,20110818,12.75,12.75,12.55,12.65,12900
WMAR,20110818,9.12,9.15,8.36,8.47,46200
WMGI,20110818,14.35,14.41,13.61,13.73,440000
WOOD,20110818,36.87,36.87,35.73,35.92,211300
WOOF,20110818,16.95,17.19,16.48,17.12,1444200
WPCS,20110818,2.29,2.3,2.21,2.29,35000
WPPGY,20110818,49.85,49.86,48.51,49.27,108200
WPRT,20110818,22.01,22.6,21.2,22.43,941200
WRES,20110818,3.36,3.36,3.15,3.22,469200
WRLD,20110818,63.34,64.27,61.16,62.41,555100
WRLS,20110818,6,6.1,5.95,6.03,28200
WSB,20110818,2.32,2.37,2.32,2.37,200
WSBC,20110818,17.69,17.69,17.17,17.34,113100
WSBF,20110818,2.63,2.7,2.58,2.62,1300
WSCI,20110818,5.19,5.24,5,5.24,2900
WSFS,20110818,32.99,34.09,32.19,32.46,37000
WSTG,20110818,11.79,12.25,11.7,11.74,1300
WSTL,20110818,2.49,2.49,2.3,2.34,960100
WTBA,20110818,8.21,8.45,8.05,8.12,54800
WTFC,20110818,28.31,28.44,27.34,27.59,686700
WTFCW,20110818,13.4,13.4,13.4,13.4,0
WVFC,20110818,8.53,8.58,8.5,8.51,1000
WVVI,20110818,3.17,3.17,3.17,3.17,200
WWD,20110818,28.55,28.75,26.97,27.2,361900
WWWW,20110818,9,9.12,8.4,8.53,495000
WYNN,20110818,142.38,142.91,134.09,136,4074700
XBKS,20110818,3.45,3.55,3.4,3.41,26800
XIDE,20110818,5,5.03,4.65,4.68,1189700
XLNX,20110818,29.33,29.34,28.48,28.8,6208900
XNPT,20110818,7.36,7.36,6.95,6.99,424200
XOMA,20110818,2.08,2.08,1.77,1.91,583600
XRAY,20110818,32.43,32.6,31.55,31.81,1667800
XRTX,20110818,8.5,8.51,8.1,8.2,458900
XTEX,20110818,16,16.05,15.38,15.81,158100
XTXI,20110818,9.75,9.91,9.15,9.23,1611100
XWES,20110818,3.7,3.7,3.65,3.65,700
XXIA,20110818,8.24,8.29,7.6,7.66,831600
YAVY,20110818,1.78,1.78,1.67,1.67,8400
YHOO,20110818,13.02,13.09,12.8,12.95,30448800
YNDX,20110818,29.04,29.79,28.69,29.56,1151800
YORW,20110818,16.75,17.01,16.64,16.8,51100
YRCW,20110818,0.72,0.73,0.65,0.73,3465000
Z,20110818,23.89,24.6,23.43,23.99,68000
ZAGG,20110818,14.45,14.99,13.67,14.9,1697000
ZBRA,20110818,33.65,33.65,32.43,32.7,223700
ZEUS,20110818,19.34,19.78,18.52,18.78,106100
ZGNX,20110818,4,4.06,3.7,3.7,135900
ZHNE,20110818,1.6,1.6,1.46,1.51,65700
ZIGO,20110818,9.6,10.3,9.4,9.54,86600
ZINC,20110818,9.45,9.5,8.96,9.08,635500
ZION,20110818,16.5,16.55,15.59,15.75,4992400
ZIONW,20110818,3.31,3.31,2.7,2.85,73800
ZIOP,20110818,4.89,5.01,4.73,4.92,897100
ZIPR,20110818,2.22,2.3,2.1,2.28,31700
ZIXI,20110818,3.11,3.18,3.05,3.07,729400
ZLCS,20110818,1.65,1.67,1.51,1.55,1693900
ZN,20110818,3.37,3.42,3.21,3.35,201600
ZOLT,20110818,8.07,8.4,7.98,8.19,354700
ZOOM,20110818,2.16,2.19,2.07,2.08,29000
ZUMZ,20110818,17.76,18.03,16.57,17,1045200
