<ticker>,<date>,<open>,<high>,<low>,<close>,<vol>
AACC,20110602,3.9,4.09,3.64,3.69,57000
AAME,20110602,2.03,2.05,2.03,2.05,200
AAON,20110602,21.9467,21.9467,21.32,21.3467,37100
AAPL,20110602,346.5,347.98,344.3,346.1,12103000
AAWW,20110602,60.87,61.74,60.19,61.46,186200
AAXJ,20110602,63.21,63.45,62.83,63.25,155200
ABAX,20110602,29.88,30.02,29.23,29.58,68500
ABCB,20110602,8.76,8.88,8.68,8.78,32600
ABCD,20110602,3.31,3.31,3.17,3.22,66900
ABCO,20110602,25.725,25.825,24.905,25.67,22100
ABFS,20110602,23.12,23.56,23.07,23.11,194200
ABIO,20110602,12.06,12.06,11.1,11.76,424300
ABMD,20110602,18.1,18.27,17.69,17.81,180700
ABTL,20110602,5.85,5.9,5.6,5.7,104200
ACAD,20110602,1.94,1.94,1.85,1.92,322100
ACAS,20110602,9.41,9.54,9.39,9.47,4436500
ACAT,20110602,13.9,13.96,13.22,13.29,31100
ACCL,20110602,6.86,7.03,6.75,6.76,87400
ACET,20110602,6.93,6.97,6.77,6.84,113900
ACFC,20110602,7.49,7.5,7.27,7.36,2200
ACFN,20110602,4.1,4.18,4.05,4.15,39500
ACGL,20110602,33.55,33.87,33.29,33.87,626300
ACHN,20110602,7.45,7.65,7.25,7.39,642700
ACIW,20110602,31.26,31.38,30.94,31.14,65700
ACLS,20110602,1.9,1.9,1.83,1.87,696200
ACNB,20110602,15.32,15.33,15.25,15.25,1300
ACOR,20110602,32.28,32.71,31.92,32.52,519600
ACPW,20110602,11,11.6,10.85,11.5,452700
ACRX,20110602,4.45,4.82,4.45,4.7,16800
ACTG,20110602,37.09,37.7,36.64,36.7,372400
ACTS,20110602,2.21,2.21,2.17,2.18,11300
ACUR,20110602,5.12,5.23,5,5.13,132400
ACWI,20110602,48.78,48.79,48.28,48.73,1343700
ACWX,20110602,45.39,45.56,45.01,45.5,165700
ACXM,20110602,13.32,13.49,13.08,13.11,411400
ADAT,20110602,2.22,2.22,1.86,1.86,701200
ADBE,20110602,34.07,34.28,33.72,34.26,6011900
ADEP,20110602,3.96,4.05,3.88,4.03,6600
ADES,20110602,10.59,11,10.34,10.52,18200
ADI,20110602,39.99,40.19,39.58,39.84,2371800
ADP,20110602,54.4,54.57,53.95,54.27,2661800
ADRA,20110602,27.73,27.73,27.41,27.7,13800
ADRD,20110602,22.45,22.53,22.35,22.53,3600
ADRE,20110602,46.56,46.7,46.14,46.64,31600
ADRU,20110602,22.28,22.46,22.23,22.43,3200
ADSK,20110602,41.38,41.63,40.78,41.36,3192100
ADTN,20110602,41.68,42.18,41.46,41.73,400600
ADUS,20110602,5.72,5.88,5.58,5.84,15300
ADVS,20110602,26.88,27.33,26.77,27.1,242900
AEGR,20110602,17.74,17.74,16.92,17.31,42700
AEHR,20110602,1.53,1.58,1.5,1.53,6200
AEIS,20110602,14.62,14.92,14.53,14.76,351500
AEPI,20110602,29.39,29.75,29.39,29.6,6800
AERL,20110602,7,7.19,6.6,7.03,67300
AETI,20110602,3.25,3.35,3.25,3.35,4900
AEY,20110602,2.49,2.55,2.45,2.45,33400
AEZS,20110602,15.54,15.72,14.76,15.06,2779200
AFAM,20110602,29.88,29.88,29.48,29.64,95800
AFCB,20110602,13.5,13.5,13.5,13.5,2600
AFCE,20110602,16.29,16.29,15.57,15.58,192700
AFFX,20110602,6.55,7.08,6.54,6.99,8516600
AFFY,20110602,6.69,6.81,6.56,6.75,343300
AFOP,20110602,9.04,9.3,9.01,9.08,67700
AFSI,20110602,22.5,22.55,21.42,21.58,417700
AGEN,20110602,0.95,0.97,0.93,0.97,435800
AGII,20110602,29.58,29.78,29.5,29.59,81400
AGNC,20110602,30.25,30.4,30.25,30.36,2485200
AGYS,20110602,6.99,8.2,6.91,7.99,815500
AHGP,20110602,45.69,47.11,45.69,46.78,102600
AHPI,20110602,4.14,4.21,4.04,4.13,1700
AIMC,20110602,25.03,25.44,24.69,25.12,91100
AINV,20110602,11.07,11.23,10.8,10.91,2300400
AIRM,20110602,20.12,20.2767,19.7933,20.0533,69000
AIRT,20110602,9.6,9.63,9.5,9.62,3800
AIXG,20110602,39.08,39.33,38.82,39.04,64300
AKAM,20110602,33.21,33.89,33.14,33.62,5152100
AKRX,20110602,6.74,6.78,6.52,6.55,1091800
ALCO,20110602,25.11,25.11,24.86,24.89,1800
ALGN,20110602,24.15,24.29,23.37,23.78,821700
ALGT,20110602,43.6,43.81,42.74,42.99,265700
ALIM,20110602,8.21,8.21,7.96,8.05,145100
ALKS,20110602,17.8,18.15,17.76,18.08,767100
ALLB,20110602,11,11,11,11,100
ALLT,20110602,15.11,15.24,15,15.2,55000
ALNY,20110602,10.19,10.36,9.95,10.11,156100
ALOG,20110602,52.19,52.63,51.75,52.12,55900
ALOT,20110602,8.03,8.1,8.03,8.06,800
ALSK,20110602,8.86,8.98,8.75,8.82,988700
ALTE,20110602,22.5,22.63,22.43,22.6,351300
ALTI,20110602,1.29,1.34,1.25,1.31,242500
ALTR,20110602,46.71,47.45,46.61,47.2,3178100
ALVR,20110602,13.1,13.4,13,13,254300
ALXA,20110602,16.2,17,15.9,16.9,1824600
ALXN,20110602,47.97,48.92,47.61,48.11,980600
AMAG,20110602,18.35,19,18.22,18.32,174100
AMAP,20110602,16.5,16.89,16.5,16.87,18400
AMAT,20110602,13.05,13.31,13.05,13.15,26164200
AMCC,20110602,10,10.12,9.89,9.94,884300
AMCF,20110602,3.45,3.56,3.33,3.4,26000
AMCN,20110602,3.6,3.8,3.55,3.59,430700
AMED,20110602,30.82,31.04,30.15,30.49,285000
AMGN,20110602,59.57,59.86,59.08,59.25,4053600
AMIC,20110602,5.77,5.77,5.77,5.77,0
AMKR,20110602,6.16,6.26,6.15,6.17,1455400
AMNB,20110602,18.48,18.5,17.92,18.05,36100
AMOT,20110602,6.6,6.64,6.5,6.5,11800
AMOV,20110602,25.85,25.85,25.62,25.62,2800
AMPE,20110602,7.41,8.31,7.4,8.31,47200
AMRB,20110602,6.46,6.6,6.28,6.54,4100
AMRI,20110602,5.16,5.34,5.16,5.24,296600
AMRN,20110602,18.76,18.96,18.27,18.52,2072200
AMRS,20110602,28.75,29.46,28.75,29.31,91200
AMSC,20110602,8.11,8.5,7.9,7.94,3405600
AMSF,20110602,22.31,22.52,22.21,22.33,28400
AMSG,20110602,25.72,25.84,25.25,25.33,344800
AMSWA,20110602,7.34,7.35,7.17,7.31,27700
AMWD,20110602,19.1,19.59,19,19.11,25500
AMZN,20110602,192.28,194.44,190.56,193.65,3045500
ANAC,20110602,5.85,5.95,5.71,5.87,49000
ANAD,20110602,3.17,3.32,3.12,3.22,901800
ANAT,20110602,78.87,78.87,77.52,77.91,12000
ANCB,20110602,9.6,9.6,9.53,9.53,300
ANCI,20110602,4.89,5.04,4.89,5.01,900
ANCX,20110602,7.48,7.6,7.41,7.41,8400
ANDE,20110602,42.1,42.34,41.58,41.78,95300
ANEN,20110602,16.97,17.04,16.97,16.99,27900
ANGO,20110602,15.5,15.63,15.37,15.51,61900
ANIK,20110602,7.08,7.5,7.05,7.42,99800
ANLY,20110602,3.26,3.3,3.24,3.29,2700
ANSS,20110602,55.79,56.17,55.31,55.86,333200
ANTH,20110602,7.71,7.91,7.51,7.81,75400
ANTP,20110602,3.1,3.13,3.05,3.05,600
AOSL,20110602,13.41,13.43,13.27,13.34,15600
APAGF,20110602,79.06,81.07,78.34,80.81,54700
APEI,20110602,47.53,47.53,43.58,44.21,158500
APFC,20110602,6.49,6.59,6.49,6.59,6600
APOG,20110602,12.64,12.98,12.61,12.77,70300
APOL,20110602,47,48.19,45.87,46.9,14875800
APPY,20110602,4.32,4.5,4.2,4.26,68000
APRI,20110602,4.96,5.15,4.92,5.02,237100
APSA,20110602,21.5,21.5,19.8,21,3700
APWC,20110602,5.49,5.49,5.39,5.39,800
ARAY,20110602,7.3,7.41,7.25,7.29,268900
ARCC,20110602,16.56,17.08,16.55,17.08,2819400
ARCI,20110602,4.67,4.79,4.65,4.74,2700
ARCW,20110602,2.56,2.56,2.4,2.4,7700
ARDNA,20110602,87.62,87.62,87.62,87.62,0
AREX,20110602,25.95,26.21,25.79,26.15,508500
ARIA,20110602,8.2,8.48,8.18,8.35,2278700
ARII,20110602,22.25,22.59,21.74,22.54,99800
ARKR,20110602,17,17.13,16.75,17,5600
ARLP,20110602,70.71,71.12,69.31,70.26,149800
ARMH,20110602,27.52,28.6,27.48,28.48,3909100
ARNA,20110602,1.42,1.46,1.4,1.41,1757900
AROW,20110602,23.84,24.14,23.54,24.07,13200
ARQL,20110602,6.84,6.9,6.66,6.75,181400
ARRS,20110602,11.03,11.12,10.92,10.98,959100
ARRY,20110602,2.56,2.61,2.49,2.56,369800
ARTC,20110602,33.91,34.13,33.37,33.52,105200
ARTNA,20110602,19.25,19.29,19.05,19.05,2800
ARTW,20110602,8.34,8.6,8.23,8.6,5800
ARTX,20110602,1.98,1.98,1.92,1.95,7600
ARUN,20110602,26.86,27.89,26.8,27.58,2664500
ARWR,20110602,0.55,0.56,0.53,0.55,47100
ASBC,20110602,13.66,13.76,13.59,13.65,1018500
ASBI,20110602,4.68,4.68,4.68,4.68,0
ASCA,20110602,21.27,22.12,20.9,21.78,848100
ASCMA,20110602,46.38,46.68,45.91,45.97,36000
ASEI,20110602,85.06,85.98,83,85.34,112400
ASFI,20110602,7.47,7.6,7.28,7.3,22600
ASIA,20110602,17.04,17.65,15.98,16.26,1467600
ASMI,20110602,41.43,41.56,41,41.34,101900
ASML,20110602,38.4,38.66,38.04,38.39,1437300
ASNA,20110602,16.44,16.525,16.09,16.13,898400
ASPS,20110602,35.41,36.07,34.64,35.91,54300
ASRV,20110602,2.14,2.17,2.08,2.11,4600
ASRVP,20110602,25.01,25.5,25,25,1400
ASTC,20110602,1.05,1.06,0.96,1.04,162800
ASTE,20110602,35.83,36.54,35.42,36.05,85900
ASTI,20110602,1.43,1.43,1.36,1.37,166300
ASTM,20110602,3.15,3.19,2.89,3.14,2119100
ASUR,20110602,1.9333,1.9933,1.8533,1.9667,5600
ASYS,20110602,21,21.03,20.4,20.66,134400
ATAI,20110602,12.75,12.75,11.75,12.34,158500
ATAX,20110602,5.71,5.72,5.63,5.65,64300
ATEA,20110602,5.26,5.26,5.03,5.04,5000
ATEC,20110602,3.71,3.72,3.46,3.56,495500
ATHN,20110602,43.49,43.89,42.59,42.73,270200
ATHX,20110602,2.87,2.92,2.8,2.81,74700
ATLO,20110602,16.83,17.1,16.79,16.84,20300
ATMI,20110602,18.51,19.02,18.51,18.97,286400
ATML,20110602,14.59,14.99,14.54,14.78,8174700
ATNI,20110602,37.75,37.75,37.23,37.67,16500
ATRC,20110602,14.24,14.5,14.18,14.5,16000
ATRI,20110602,180.8,180.87,180.5,180.5,900
ATRM,20110602,1.87,1.94,1.86,1.91,25100
ATRO,20110602,26.14,26.14,24.89,25.41,19800
ATSG,20110602,7.03,7.16,7,7.13,211000
ATVI,20110602,11.94,12,11.88,11.95,11108000
ATX,20110602,12.08,12.08,11.79,12.03,33100
AUBN,20110602,19.75,19.75,19.75,19.75,0
AUDC,20110602,5.11,5.19,5.07,5.08,78700
AUXL,20110602,22.1,22.42,21.83,22.38,489400
AVAV,20110602,29.84,30.63,29.64,30.19,218500
AVEO,20110602,19.01,19.91,18.56,19.78,395600
AVGO,20110602,33.81,34.15,32.98,33.52,2314600
AVID,20110602,16.8,16.96,16.62,16.66,93200
AVNR,20110602,4.39,4.54,4.36,4.5,7910300
AVNW,20110602,4.42,4.7,4.35,4.67,1787200
AWRE,20110602,3,3.09,3,3.06,23200
AXAS,20110602,4.04,4.18,3.96,4.04,970700
AXFN,20110602,25.03,25.03,25.03,25.03,0
AXTI,20110602,7.86,7.86,7.63,7.69,384000
AZPN,20110602,16.16,16.57,15.98,16.47,801100
BABY,20110602,16.37,16.37,16.13,16.25,123600
BAGL,20110602,14.35,14.4,14.13,14.3,24600
BAMM,20110602,3.7,3.79,3.67,3.72,77200
BANC,20110602,15.77,15.77,15.25,15.48,34400
BANF,20110602,38.3,38.6,38.25,38.45,12700
BANFP,20110602,27.11,27.11,27.11,27.11,0
BANR,20110602,19.6,19.6,19.6,19.6,0
BASI,20110602,2.11,2.11,1.95,2.03,36500
BBBY,20110602,53.13,53.15,52.12,52.55,2729000
BBEP,20110602,20.32,20.84,19.76,20.12,406900
BBGI,20110602,4.72,4.85,4.42,4.42,5700
BBNK,20110602,10.71,11.25,10.71,11.25,10300
BBOX,20110602,31.8,32.18,31.71,31.94,34600
BBRG,20110602,21.96,22.6,20.53,21.42,146100
BBRY,20110602,40.38,41.27,40.2,40.43,12514200
BBSI,20110602,14.7,14.88,14.27,14.38,27900
BCBP,20110602,11,11.1,10.92,10.92,17100
BCOM,20110602,29.9,29.9,29.9,29.9,0
BCPC,20110602,41.07,41.79,40.08,40.77,91800
BCRX,20110602,3.43,3.48,3.37,3.44,162900
BCSB,20110602,14,14,14,14,5600
BDE,20110602,8.26,8.26,7.93,8,62300
BDGE,20110602,21.28,21.52,21.19,21.21,4900
BDMS,20110602,19.5,19.5,19.5,19.5,100
BDSI,20110602,3.55,3.6,3.4,3.54,96400
BEAT,20110602,5.44,5.58,5.4,5.46,91900
BEAV,20110602,36.42,36.72,36.28,36.48,522400
BEBE,20110602,6.46,6.49,6.32,6.4,309800
BECN,20110602,20.6,21.23,20.6,20.86,230700
BELFA,20110602,21.87,22.15,21.57,21.85,1200
BELFB,20110602,19.65,19.71,19.5,19.68,12500
BERK,20110602,6.96,6.96,6.76,6.86,3500
BFIN,20110602,8.41,8.41,8.19,8.35,16700
BFLY,20110602,2.67,2.7,2.61,2.7,5700
BGCP,20110602,7.9,8.11,7.9,7.98,743900
BGFV,20110602,9.2,9.32,8.88,8.98,107000
BGMD,20110602,6.7,6.78,6.61,6.67,12000
BIB,20110602,39.505,39.59,38.71,39.345,7200
BICK,20110602,32.46,32.7,32.34,32.59,117000
BIDU,20110602,132.81,138.67,132.76,138.49,8352200
BIIB,20110602,93.4,95.52,93.01,95.17,1734900
BIOD,20110602,8,8.52,7.72,8.04,715300
BIOF,20110602,12.2,12.2,11.6,12,56000
BIOS,20110602,7.44,7.85,7.38,7.84,554800
BIRT,20110602,5.19,5.23,5.1,5.2,102000
BIS,20110602,37.38,37.38,36.92,36.98,2800
BJRI,20110602,49.91,49.91,48.76,49.1,208100
BKCC,20110602,9.69,9.85,9.69,9.8,469800
BKEP,20110602,7.74,8.2,7.51,7.87,18900
BKMU,20110602,3.86,3.9,3.81,3.85,77100
BKOR,20110602,3.99,3.99,3.76,3.81,2100
BKSC,20110602,10.24,10.24,10.24,10.24,200
BKYF,20110602,25,25,24.75,25,4600
BLDP,20110602,1.72,1.75,1.7,1.73,242300
BLDR,20110602,2.27,2.31,2.21,2.28,54900
BLIN,20110602,1.05,1.05,1.05,1.05,200
BLKB,20110602,27.59,27.98,27.35,27.91,186700
BMC,20110602,55.06,55.13,54.15,54.67,951100
BMRC,20110602,35.4,35.44,34.82,35.14,16400
BMRN,20110602,28.09,28.53,27.99,28.45,949000
BMTC,20110602,20.47,20.47,20.04,20.37,32400
BNCL,20110602,8.25,8.38,8.19,8.3,27300
BNCN,20110602,7.5,7.5,7.5,7.5,0
BNSO,20110602,2.22,2.24,2.22,2.24,200
BOBE,20110602,30.16,30.47,30,30.11,164500
BOCH,20110602,4.33,4.62,4.27,4.38,54500
BODY,20110602,22.71,22.88,22.13,22.34,215700
BOFI,20110602,14.99,15.05,14.9,15.01,16200
BOKF,20110602,52.4,52.8,52.13,52.53,99500
BOLT,20110602,13.52,13.54,13.48,13.48,3200
BONA,20110602,5.13,5.15,5.05,5.15,27300
BONT,20110602,10.19,10.37,9.93,9.99,172800
BOOM,20110602,21.32,21.39,20.89,21.22,32300
BOSC,20110602,11.76,11.8,11.16,11.48,14600
BPAX,20110602,18.42,18.78,17.52,18.72,3131000
BPFH,20110602,6.38,6.65,6.3,6.35,342500
BPFHW,20110602,2.19,2.19,2.19,2.19,0
BPHX,20110602,1.25,1.31,1.25,1.27,13900
BPOP,20110602,27.8,27.9,27.2,27.6,3707900
BPOPM,20110602,19.48,19.98,19.46,19.5,1800
BPOPN,20110602,20.87,20.95,20.8,20.95,600
BRCD,20110602,6.97,7.27,6.89,7.11,56561700
BRCM,20110602,35.04,35.4,34.8,34.99,6349300
BRID,20110602,8.01,8.16,8.01,8.1,2400
BRKL,20110602,8.54,8.65,8.49,8.6,471700
BRKR,20110602,18.91,19.08,18.7,18.8,445700
BRKS,20110602,11.2,11.25,10.78,11.12,397500
BRLI,20110602,24.17,24.34,24.03,24.14,83200
BSDM,20110602,3.68,3.68,3.55,3.55,37400
BSET,20110602,8.71,8.75,8.31,8.39,19400
BSFT,20110602,39.3,40.55,37.6,37.79,787500
BSPM,20110602,3.78,3.96,3.69,3.84,198700
BSQR,20110602,6.32,6.57,6.12,6.19,17900
BSRR,20110602,10.89,10.96,10.82,10.9,8100
BSTC,20110602,23.41,23.41,22.97,23.06,3000
BTUI,20110602,8.39,8.4,8.3,8.35,8600
BUSE,20110602,5.02,5.07,4.95,5.01,113500
BVSN,20110602,13.61,13.61,13.49,13.5,3600
BWEN,20110602,17,17,16.5,16.6,487000
BWINA,20110602,21.01,21.4,20.72,21.4,2700
BWINB,20110602,22.07,22.07,21.53,21.83,6800
BWLD,20110602,61,61.76,60.16,61.02,233800
BYFC,20110602,2.35,2.35,2.35,2.35,100
CA,20110602,23.12,23.2,22.83,22.93,5004600
CAAS,20110602,6.58,6.99,6.58,6.92,247800
CAC,20110602,31.82,32.18,31.82,32.12,6500
CACB,20110602,8.15,8.55,7.85,8.55,16800
CACC,20110602,76.17,77.29,75.62,76.18,43400
CACH,20110602,5.04,5.18,5.04,5.1,52300
CADC,20110602,2.47,2.48,2.17,2.18,106700
CADX,20110602,9.87,9.93,9.5,9.58,417400
CAFI,20110602,1.9,1.9,1.84,1.85,2500
CAKE,20110602,30.94,30.94,30.34,30.56,816900
CALD,20110602,5.68,5.9,5.56,5.76,509200
CALI,20110602,10.56,11.28,10.38,10.8,23500
CALL,20110602,11.405,11.71,11.28,11.315,34300
CALM,20110602,29.82,29.82,28.74,28.84,235300
CAMP,20110602,3.26,3.35,3.19,3.24,101400
CAMT,20110602,3,3.01,2.95,2.96,36000
CAR,20110602,17,17.15,16.57,16.98,1596700
CART,20110602,2.5,2.5,2.3,2.39,17500
CARV,20110602,0.62,0.62,0.58,0.58,1700
CARZ,20110602,29.25,29.25,29.01,29.01,400
CASH,20110602,15,15,15,15,0
CASM,20110602,2.76,2.76,2.74,2.74,300
CASS,20110602,39.41,39.71,38.97,38.99,41300
CASY,20110602,39.9,40.08,39.2,39.6,185200
CATM,20110602,21.23,21.62,20.98,21.33,218300
CATY,20110602,15.55,15.76,15.46,15.58,272100
CAVM,20110602,42.05,43.11,41.98,42.37,1086600
CBAK,20110602,6.2,6.4,6.05,6.2,180600
CBAN,20110602,3.4,3.4,3.4,3.4,500
CBEY,20110602,13.95,13.95,13.47,13.64,250800
CBIN,20110602,10.7,10.7,10.7,10.7,0
CBLI,20110602,4.43,4.93,4.43,4.9,602900
CBMX,20110602,38.7,38.7,35.4,35.9,51900
CBMXW,20110602,3.2,3.2,3.2,3.2,0
CBNJ,20110602,10.24,10.24,9.91,10.23,11000
CBNK,20110602,14.48,14.5,14.4,14.45,13300
CBOE,20110602,25.17,25.5,25,25.47,312800
CBPO,20110602,11.5,12.06,11.42,11.5,100100
CBRL,20110602,45.43,45.84,44.79,45.18,820200
CBRX,20110602,3.47,3.51,3.34,3.37,275400
CBSH,20110602,41.38,41.63,41.18,41.6,419800
CBST,20110602,37.1,38.43,36.87,38.06,1864500
CCBG,20110602,10.12,10.19,9.95,10.14,24400
CCCL,20110602,4.78,4.84,4.55,4.58,26600
CCIH,20110602,11.15,11.98,10.73,11.42,134400
CCIX,20110602,13.75,13.99,13.47,13.62,112200
CCMP,20110602,48.34,49.02,48.04,48.93,99000
CCNE,20110602,13.17,13.31,12.8,12.97,18800
CCOI,20110602,15.42,15.53,15.01,15.25,119500
CCRN,20110602,7.45,7.84,7.45,7.76,73300
CCUR,20110602,5.92,6.08,5.92,6.08,3700
CDNS,20110602,10.56,10.66,10.41,10.57,1807500
CDTI,20110602,7.2,8.14,7.2,7.55,657200
CDXS,20110602,10.42,10.56,10.26,10.41,81700
CDZI,20110602,10.18,10.52,10.05,10.41,32400
CECE,20110602,6.95,6.95,6.76,6.77,9100
CECO,20110602,27.48,27.6,23.42,24.1,5150000
CEDU,20110602,6.36,6.68,6.36,6.49,14200
CELG,20110602,59.81,60.24,59.43,59.84,1414700
CELGZ,20110602,2.1,2.15,2.1,2.1,72300
CENT,20110602,10.2,10.23,10.02,10.17,55300
CENTA,20110602,9.94,10.12,9.83,10,157100
CENX,20110602,15.05,15.64,15.04,15.46,1612400
CERN,20110602,59.525,59.635,58.905,59,658000
CERS,20110602,2.85,2.91,2.85,2.86,205600
CETV,20110602,21,21.23,20.77,20.83,191500
CEVA,20110602,32.93,33.48,32.24,32.75,178000
CFBK,20110602,3.85,3.85,3.75,3.75,1500
CFFI,20110602,21.38,21.38,21.38,21.38,0
CFFN,20110602,11.7,11.78,11.61,11.77,1032400
CFNB,20110602,14.97,15.11,14.81,14.81,1500
CFNL,20110602,10.86,10.86,10.6,10.72,78700
CGEN,20110602,4.2,4.37,4.15,4.34,50900
CGNX,20110602,34.62,34.99,34.23,34.68,279200
CHCI,20110602,1.03,1.09,1.03,1.06,17600
CHCO,20110602,31.29,31.43,31.1,31.2,29100
CHDN,20110602,43.51,43.51,42.88,43.15,15300
CHDX,20110602,14.57,14.95,14.49,14.69,27800
CHEV,20110602,8.95,9.14,8.95,8.95,1100
CHFC,20110602,18.77,18.91,18.57,18.66,40900
CHFN,20110602,10.32,10.4891,10.3,10.4394,107800
CHKE,20110602,18.08,18.57,18.01,18.37,48100
CHKP,20110602,55.39,56,54.94,55.85,1618300
CHLN,20110602,1.86,1.87,1.77,1.82,30500
CHNR,20110602,12.8,13.13,12.8,12.8,1300
CHOP,20110602,4.37,4.37,4.26,4.3,138000
CHRM,20110602,12.05,12.05,11.73,11.85,5100
CHRW,20110602,78.38,79.21,78.19,78.86,753300
CHSCP,20110602,29.46,29.59,29.19,29.24,12000
CHTP,20110602,4.36,4.4,4.29,4.38,142100
CHTR,20110602,56.73,57.75,56.73,57.39,189100
CHYR,20110602,1.94,2,1.94,1.99,11000
CIDM,20110602,1.85,1.89,1.8,1.88,197800
CIEN,20110602,25.59,26.2,25.44,25.72,3485200
CIMT,20110602,3.42,3.45,3.4,3.42,13800
CINF,20110602,29.91,30.13,29.63,29.67,1697000
CISG,20110602,16,16.49,15.96,16.44,166700
CITZ,20110602,5.65,5.69,5.65,5.68,8800
CIZN,20110602,19.33,19.4,18.59,19.2,1300
CJJD,20110602,2.12,2.2,2.11,2.13,5200
CKEC,20110602,7.22,7.22,7.07,7.17,98300
CKSW,20110602,10.12,10.31,9.96,10.2,299500
CLBH,20110602,3.4,3.4,3.25,3.25,5900
CLCT,20110602,14.03,14.39,13.95,13.95,62800
CLDX,20110602,3.6,3.73,3.55,3.71,254400
CLFD,20110602,6.07,6.72,6.07,6.65,67800
CLMS,20110602,14.21,14.34,14.03,14.27,129300
CLMT,20110602,21.97,22.24,21.27,21.37,77500
CLNE,20110602,13.83,14.39,13.8,14.36,1637300
CLRO,20110602,8.29,8.52,8.09,8.15,48300
CLSN,20110602,2.96,3.18,2.86,2.97,545700
CLUB,20110602,6.61,7.03,6.61,7.02,335700
CLWR,20110602,4.45,4.6,4.26,4.34,6626900
CLWT,20110602,6.27,6.27,6.27,6.27,0
CMCO,20110602,18.65,18.98,18.55,18.75,59200
CMCSA,20110602,24.44,24.75,24.39,24.63,15541000
CMCSK,20110602,22.97,23.32,22.92,23.23,8231100
CME,20110602,278.98,281.39,277.27,278.53,536700
CMLS,20110602,3.93,3.94,3.6,3.75,116900
CMSB,20110602,9.25,9.25,9.25,9.25,0
CMTL,20110602,27.47,27.85,27.4,27.67,180100
CNBC,20110602,10.18,10.2,10.15,10.15,9800
CNBKA,20110602,25.57,25.57,25.31,25.38,500
CNET,20110602,1.94,1.99,1.9,1.97,7900
CNIT,20110602,2.01,2.01,1.82,1.85,1281000
CNMD,20110602,27.61,27.63,27.12,27.38,41600
CNQR,20110602,49.16,49.39,48.55,48.75,235600
CNSL,20110602,18.94,18.96,18.71,18.86,170400
CNTF,20110602,5.27,5.6,5.25,5.53,342300
CNTY,20110602,2.89,2.94,2.88,2.88,9600
CNYD,20110602,5.51,5.7,5.33,5.67,2800
COBK,20110602,12.48,12.48,12.48,12.48,0
COBR,20110602,3.63,3.7,3.63,3.7,1100
COBZ,20110602,6.28,6.3,6.12,6.18,61900
COCO,20110602,5.5,5.61,5.04,5.06,35181200
COGO,20110602,6.52,6.59,6.41,6.45,161800
COHR,20110602,53.08,54.17,52.88,53.94,106400
COHU,20110602,12.59,12.86,12.3,12.79,39000
COKE,20110602,65.48,69.09,65.48,68.8,49200
COLB,20110602,17.21,17.56,17.15,17.33,183700
COLM,20110602,63.6,63.66,62.1,62.5,105400
CONN,20110602,5.87,6.14,5.81,5.85,311500
COOL,20110602,3.13,3.24,3.05,3.19,1366600
CORE,20110602,34.92,35.22,34.59,34.97,35600
CORT,20110602,4.88,4.95,4.8,4.94,379800
COSI,20110602,1.13,1.13,1.05,1.06,107700
COST,20110602,80.83,80.86,78.97,79,4003400
COWN,20110602,4.04,4.12,4,4.07,157500
CPBC,20110602,4.98,4.98,4.98,4.98,0
CPGI,20110602,1.18,1.21,1.16,1.16,19500
CPHC,20110602,14.52,14.79,14.5,14.66,16700
CPHD,20110602,31.26,31.99,30.87,31.87,308400
CPIX,20110602,5,5.08,4.96,5.08,27400
CPLA,20110602,53.58,54.86,48.84,49.58,905900
CPLP,20110602,9.05,9.06,8.81,8.98,155000
CPNO,20110602,33.2,33.51,32.66,33.26,286200
CPRT,20110602,22.795,22.795,21.595,22.205,1331900
CPRX,20110602,1.19,1.3,1.19,1.29,116700
CPSI,20110602,61.21,61.82,59.35,59.56,75800
CPSL,20110602,15,15.24,14.28,14.88,192400
CPSS,20110602,1.09,1.17,1.05,1.09,13200
CPST,20110602,1.67,1.67,1.57,1.64,5479800
CPTS,20110602,12.81,12.93,12.64,12.85,307700
CPWR,20110602,9.85,9.94,9.73,9.75,2812200
CRAI,20110602,26.9,27.59,26.33,27.47,17900
CRAY,20110602,6.11,6.37,6.11,6.27,156600
CRDC,20110602,3.5,3.55,3.48,3.52,30600
CREE,20110602,42.21,42.62,41.64,42,1781000
CREG,20110602,1.94,2,1.9,1.9,3600
CRESW,20110602,0.19,0.19,0.19,0.19,0
CRESY,20110602,16.6,17.01,16.41,16.6,58400
CRFN,20110602,3.72,3.72,3.66,3.69,10500
CRIS,20110602,3.57,3.61,3.5,3.52,233900
CRME,20110602,25.5,25.5,24.1,24.45,238200
CRMT,20110602,27.66,27.83,26.85,27.18,169800
CRNT,20110602,10.47,10.87,10.47,10.79,94600
CROX,20110602,22.12,22.37,21.37,21.5,2271000
CRRB,20110602,4.72,4.72,4.72,4.72,0
CRRC,20110602,10.99,11.17,10.85,11.05,38400
CRTX,20110602,7.73,7.8,7.42,7.42,29600
CRUS,20110602,15.9,16.17,15.85,16.01,1499700
CRVL,20110602,49.75,50.07,49.63,49.76,11400
CRWN,20110602,1.99,2.03,1.9,1.98,95900
CRWS,20110602,4.91,5.05,4.89,4.89,6700
CRZO,20110602,37.01,38.13,36.55,37.16,576300
CSBK,20110602,10.52,10.52,10.38,10.43,5600
CSCD,20110602,5.32,5.4,5.2,5.26,13300
CSCO,20110602,16.31,16.52,16.23,16.25,62685100
CSFL,20110602,6.36,6.54,6.36,6.52,33700
CSGP,20110602,61.48,61.57,60,60.23,182900
CSGS,20110602,18.77,19.25,18.7,18.84,174900
CSII,20110602,14.57,14.61,13.52,14.04,165500
CSIQ,20110602,9.38,9.7,9.32,9.55,756700
CSOD,20110602,20,20,19.16,19.26,31400
CSPI,20110602,4.37,4.5,4.35,4.44,3600
CSTR,20110602,51.9,52.36,51.47,52.02,425300
CSUN,20110602,2.44,2.47,2.37,2.39,213400
CSWC,20110602,93.43,94.4,93.04,94.4,3400
CTAS,20110602,31.97,32.17,31.73,31.99,1182700
CTBI,20110602,26.68,27.04,26.49,26.66,77400
CTCH,20110602,3.59,3.59,3.46,3.48,14700
CTCM,20110602,19.51,19.75,19.36,19.45,271400
CTCT,20110602,22.71,22.94,22.3,22.46,564300
CTGX,20110602,12.76,12.88,12.52,12.61,31800
CTHR,20110602,2.64,2.64,2.43,2.56,19600
CTIB,20110602,5.01,5.35,4.8,4.8,5600
CTRN,20110602,16.29,16.46,16.06,16.14,201100
CTRP,20110602,45.01,46.21,45.01,45.73,1657900
CTSH,20110602,74.97,75.62,74.38,75.36,2682800
CTWS,20110602,24.54,24.88,24.14,24.41,28600
CTXS,20110602,84.66,86.82,84.4,86.1,1698500
CU,20110602,41.83,41.94,41.27,41.66,107000
CUBA,20110602,7.22,7.22,7.17,7.19,8700
CUTR,20110602,8.8,8.95,8.5,8.65,51600
CVBF,20110602,8.63,8.72,8.56,8.6,383500
CVCO,20110602,41.34,41.8,39.69,40.3,26100
CVCY,20110602,6.61,6.61,6.61,6.61,300
CVGI,20110602,14.4,14.83,14.34,14.67,179100
CVGW,20110602,21.96,21.96,21.23,21.4,55800
CVLT,20110602,41,41.54,40.77,41.04,387200
CVLY,20110602,10.5,10.57,10.2,10.43,1700
CVTI,20110602,8.89,9.36,8.79,9.36,20600
CVV,20110602,11.6,12.1,11.5,11.97,44700
CWBC,20110602,4.11,4.11,4.05,4.1,11900
CWCO,20110602,9.21,9.31,8.93,9.08,71100
CWEI,20110602,68.84,73.48,68.84,71.57,157200
CWST,20110602,6.13,6.18,5.98,6.03,53600
CWTR,20110602,7.24,7.24,6.64,6.8,1119900
CXDC,20110602,4.11,4.27,4,4.21,165200
CXPO,20110602,3.73,3.94,3.63,3.9,150500
CY,20110602,22.59,23.23,22.59,22.92,1278200
CYAN,20110602,3.16,3.2,3.16,3.2,3100
CYBE,20110602,9.87,10.12,9.87,9.96,2600
CYBX,20110602,29.25,29.79,27.01,29.05,2003800
CYCC,20110602,11.2,11.2,10.78,10.85,389700
CYCCP,20110602,4.5,4.5,4.5,4.5,0
CYMI,20110602,46.62,47.28,46.38,46.66,193200
CYNO,20110602,12.6,12.6,12.32,12.36,22300
CYOU,20110602,40.6,40.95,39.24,39.89,113300
CYTK,20110602,1.38,1.4,1.36,1.38,438100
CYTR,20110602,6.44,6.65,6.3,6.37,272200
CYTX,20110602,5.41,5.51,5.2,5.3,372700
CYTXW,20110602,3.4,3.4,3.35,3.35,7200
CZFC,20110602,7.5,7.5,7.5,7.5,0
CZNC,20110602,13.55,13.67,13.45,13.51,26200
CZWI,20110602,5.46,5.46,5.46,5.46,0
DAIO,20110602,5.97,6,5.84,5.95,1500
DAKT,20110602,11.82,12.17,11.36,11.43,546800
DARA,20110602,2.5,2.57,2.5,2.55,13500
DATE,20110602,12.77,13.47,12.57,13.37,241900
DAVE,20110602,9.74,9.75,9.69,9.71,6700
DBLE,20110602,7.15,7.25,7.12,7.16,55600
DBLEP,20110602,26.18,26.2,26.18,26.2,500
DCIX,20110602,9.6,9.75,9.26,9.54,35300
DCOM,20110602,13.79,13.87,13.64,13.82,92800
DCTH,20110602,5.79,5.86,5.6,5.65,727900
DECK,20110602,88.39,89.06,85.28,86.83,870300
DELL,20110602,15.59,15.86,15.54,15.77,27776900
DENN,20110602,3.97,4.02,3.91,3.95,439900
DEPO,20110602,9.07,9.2,8.91,9.12,659200
DEST,20110602,19.54,19.91,18.26,18.41,245500
DFZ,20110602,11.3,11.37,11.18,11.27,35600
DGAS,20110602,15.825,15.825,15.825,15.825,0
DGICA,20110602,13.7,13.82,13.7,13.77,9200
DGICB,20110602,17,17,16.99,16.99,600
DGII,20110602,11.38,11.68,11.34,11.6,45700
DGIT,20110602,33.48,34.4,33.43,34.16,196500
DGLY,20110602,1.22,1.22,1.17,1.2,24300
DHIL,20110602,78.99,79.54,78.9,79.54,4100
DHRM,20110602,2.89,3.02,2.89,3,7500
DIOD,20110602,28.59,28.89,28.3,28.46,206500
DISCA,20110602,42.67,43.2,42.45,42.6,1448800
DISCB,20110602,45.65,45.65,45.65,45.65,0
DISCK,20110602,38.4,38.69,37.85,37.96,497000
DISH,20110602,29.6,29.87,29.38,29.56,1427400
DJCO,20110602,75,75,75,75,0
DLGC,20110602,24.45,25.65,24.25,25.25,28800
DLIA,20110602,1.72,1.73,1.67,1.67,42300
DLLR,20110602,22.42,22.62,22.12,22.27,245000
DLTR,20110602,31.275,31.47,30.82,31,1581100
DMLP,20110602,27.05,27.15,26.9,27,33100
DMND,20110602,72.62,73.48,70.52,71.35,500300
DMRC,20110602,28.48,28.48,27.57,28.03,23200
DNBF,20110602,10.15,10.2,10.12,10.2,600
DNDN,20110602,41.83,42.06,40.89,41.47,3961200
DORM,20110602,18.47,19,18.43,18.52,107300
DOVR,20110602,4.63,4.63,4.63,4.63,300
DRAD,20110602,2.72,2.75,2.69,2.75,3900
DRAM,20110602,10.2,10.2,10.02,10.2,4800
DRCO,20110602,15.6,15.65,15.14,15.6,25800
DRIV,20110602,31.45,31.74,31.36,31.73,269000
DRRX,20110602,3.23,3.27,3.13,3.15,270500
DRWI,20110602,6.36,6.48,6.25,6.28,326800
DRYS,20110602,3.92,3.95,3.8,3.83,6028100
DSCI,20110602,9.41,9.8,9.41,9.49,10900
DSCO,20110602,2.52,2.57,2.35,2.38,1010900
DSGX,20110602,6.77,6.95,6.68,6.88,22100
DSPG,20110602,7.97,8.17,7.97,8.09,63000
DSWL,20110602,3.05,3.06,3.02,3.03,25800
DTLK,20110602,6.87,6.87,6.4,6.5,314900
DTSI,20110602,43.96,44.65,43.83,44.31,81600
DTV,20110602,49.57,49.99,49.23,49.64,4586000
DVAX,20110602,2.55,2.59,2.5,2.51,717500
DVOX,20110602,6.82,7.22,6.62,6.95,91100
DWA,20110602,23.17,23.34,22.82,23.04,1706900
DWCH,20110602,5.79,5.79,5.72,5.75,4000
DWSN,20110602,34.4,34.79,33.65,34,54400
DXCM,20110602,15.03,15.57,14.83,15,501200
DXPE,20110602,25.02,25.35,24.5,24.58,19700
DXYN,20110602,4.15,4.23,4.15,4.23,2900
DYAX,20110602,2.13,2.16,2.06,2.16,391300
DYNT,20110602,7.85,7.85,7.2,7.7,49600
DYSL,20110602,3.35,3.4,3.35,3.4,1800
EBAY,20110602,30.51,31.35,30.5,31.28,15821000
EBIX,20110602,18.77,19.2,18.47,18.68,671900
EBMT,20110602,10.9,10.9,10.9,10.9,2200
EBSB,20110602,13.15,13.15,13.01,13.02,12800
EBTC,20110602,18.92,18.92,18.55,18.57,12400
ECHO,20110602,15,15.02,14.6,14.73,119800
ECOL,20110602,16.59,17,16.28,16.4,58000
ECPG,20110602,32.95,32.96,32.65,32.86,126000
ECTY,20110602,4.36,4.36,3.9,3.95,157500
ECYT,20110602,11.32,11.77,11.01,11.64,53600
EDAC,20110602,4.11,4.15,3.97,4.12,6000
EDAP,20110602,3.59,3.65,3.54,3.62,63800
EDGW,20110602,2.94,3,2.94,2.99,4000
EDMC,20110602,24.49,27.59,24.06,24.76,1274900
EDS,20110602,5.83,6.05,5.83,5.93,29000
EDUC,20110602,5.5,5.65,5.5,5.65,900
EEFT,20110602,16.99,17.11,16.76,16.77,172800
EEI,20110602,21.78,21.84,21.5,21.54,5600
EFII,20110602,17.42,17.59,17.1,17.37,169700
EFSC,20110602,13.07,13.13,12.9,13.06,39800
EFUT,20110602,4.35,4.35,4.33,4.33,300
EGBN,20110602,12.06,12.29,12.06,12.2,36900
EGHT,20110602,3.37,3.42,3.3,3.38,537800
EGLE,20110602,11.04,11.32,10.92,11.04,592300
EGOV,20110602,12.77,13.08,12.44,12.87,245300
EHTH,20110602,13.29,13.48,13.14,13.25,138100
EIHI,20110602,13.13,13.19,13.12,13.12,300
ELGX,20110602,8.36,8.49,8.09,8.27,283300
ELNK,20110602,7.83,7.91,7.78,7.87,2092000
ELON,20110602,9.35,9.46,9.25,9.38,156400
ELOS,20110602,12.21,12.35,12.06,12.33,119500
ELRC,20110602,14.51,14.73,14.28,14.62,52900
ELSE,20110602,4.72,4.72,4.72,4.72,0
ELTK,20110602,1.33,1.4,1.27,1.38,62100
EMCF,20110602,16.9,16.9,16.9,16.9,0
EMCI,20110602,19.7,19.75,19.01,19.73,7500
EMFN,20110602,28.51,28.51,28.51,28.51,200
EMIF,20110602,35.88,36.13,35.82,36.13,8700
EMITF,20110602,6.74,6.85,6.55,6.55,13100
EMKR,20110602,9.64,10,9.48,9.84,536600
EMMS,20110602,1.04,1.07,1.04,1.04,91500
EMMSP,20110602,17.92,17.92,17.92,17.92,0
EMMT,20110602,26.97,27.15,26.97,27.15,1400
ENDP,20110602,41.55,41.81,41.08,41.55,686800
ENG,20110602,3.88,3.94,3.86,3.86,21100
ENMD,20110602,3.53,5,3.27,4.96,312500
ENOC,20110602,17.15,17.16,16.65,16.68,266800
ENSG,20110602,29.32,29.64,29.12,29.26,34300
ENTG,20110602,8.79,9.01,8.71,8.86,1112800
ENTR,20110602,8.5,8.55,8.28,8.34,1707100
ENZN,20110602,10.4,10.48,10.32,10.39,447000
EONC,20110602,1.7,1.75,1.62,1.73,26900
EPAX,20110602,9.47,9.47,9.18,9.32,38700
EPAY,20110602,25.02,25.12,24.5,24.69,75600
EPIQ,20110602,15.13,15.22,15.09,15.19,242300
EQIX,20110602,98.88,100.74,98.13,100.66,360400
ERIC,20110602,14.72,14.98,14.7,14.91,4361300
ERIE,20110602,70.08,70.38,69.75,70.35,23500
ERII,20110602,2.6,2.67,2.56,2.65,140400
EROC,20110602,11.58,11.58,11.23,11.44,303400
ESBF,20110602,11.05,11.48,11.05,11.15,6000
ESBK,20110602,16.61,16.75,16.6,16.75,1400
ESCA,20110602,5.87,5.87,5.75,5.75,8000
ESEA,20110602,4.61,4.61,4.52,4.58,25400
ESGR,20110602,100.59,100.63,99.55,100.18,12500
ESIO,20110602,17.37,17.67,16.8,17.01,64600
ESLT,20110602,50.11,50.11,49.78,49.92,2300
ESMC,20110602,1.22,1.22,1.15,1.15,1800
ESRX,20110602,58.91,59.18,57.97,58.04,4893600
ESSA,20110602,11.31,11.4,11.24,11.38,24800
ESSX,20110602,7.07,7.24,6.96,7,18400
ESYS,20110602,5.37,5.37,5,5.11,10700
ETFC,20110602,14.97,15.13,14.73,14.76,5356400
ETRM,20110602,2.5,2.52,2.48,2.5,32100
EUFN,20110602,23.18,23.18,22.98,23.18,1200
EVBS,20110602,3.54,3.54,3.35,3.4,2100
EVEP,20110602,54.35,55.05,52.33,54.94,396500
EVOL,20110602,7,7.04,6.93,6.99,123300
EWBC,20110602,18.78,19.1,18.4,18.92,3457600
EXAC,20110602,18.02,18.13,17.79,17.83,7600
EXAR,20110602,6.16,6.25,6.11,6.16,68700
EXAS,20110602,7.36,7.47,7.19,7.25,392900
EXEL,20110602,11.12,11.34,10.85,11.03,936900
EXFO,20110602,9.21,9.32,9.12,9.27,79000
EXLP,20110602,25.2,25.57,24.67,25.16,265500
EXLS,20110602,23.17,23.43,22.98,23.37,34000
EXPD,20110602,51.32,51.94,50.96,51.51,1011100
EXPE,20110602,27.78,28.03,27.63,27.92,4228500
EXPO,20110602,42.18,42.68,41.94,42.12,53400
EXTR,20110602,3.23,3.26,3.16,3.18,310600
EXXI,20110602,33.05,33.5,32.16,32.64,461200
EZCH,20110602,35,35.59,34.62,34.78,161000
EZPW,20110602,31.46,32.08,31.04,31.81,431800
FABK,20110602,12.5,12.5,12.5,12.5,0
FALC,20110602,4.19,4.25,4.15,4.24,104900
FARM,20110602,9.68,10.06,9.68,9.78,9700
FARO,20110602,44.3,44.8,43.54,44.1,61400
FAST,20110602,31.63,31.95,31.5,31.81,1790600
FBIZ,20110602,12.43,12.44,12.43,12.44,1300
FBMI,20110602,5.67,5.69,5.61,5.61,5600
FBMS,20110602,10.25,10.25,10.25,10.25,0
FBNC,20110602,11.47,11.47,11.06,11.07,11100
FBSS,20110602,12.4,12.4,12.4,12.4,0
FCAL,20110602,3.52,3.54,3.5,3.53,18100
FCAP,20110602,16.84,16.84,16.84,16.84,0
FCBC,20110602,13.86,13.94,13.4,13.41,15200
FCCO,20110602,7.15,7.99,6.8,7.01,6500
FCCY,20110602,7.75,7.75,7.75,7.75,300
FCEL,20110602,1.8,1.86,1.75,1.84,3245300
FCFC,20110602,6.85,6.85,6.6,6.75,6400
FCFS,20110602,38.87,39.22,37.38,38.9,435400
FCHI,20110602,52.12,52.55,51.83,52.25,4500
FCLF,20110602,6.95,6.95,6.95,6.95,0
FCNCA,20110602,189.6,189.6,187,187.43,2800
FCTY,20110602,3.75,3.75,3.75,3.75,0
FCVA,20110602,4.75,4.75,4.75,4.75,0
FCZA,20110602,3.83,3.99,3.7,3.85,17500
FDEF,20110602,14.25,14.25,14,14.12,9900
FDML,20110602,22.46,22.72,22.11,22.38,116600
FEFN,20110602,24.57,24.57,24.57,24.57,0
FEIC,20110602,40.08,41.56,39.93,40.75,1081100
FEIM,20110602,9.46,9.59,9.35,9.35,18400
FELE,20110602,21.17,21.575,21.015,21.5,94200
FFBC,20110602,15.36,15.47,15.21,15.31,199700
FFBCW,20110602,5.79,5.79,5.79,5.79,0
FFBH,20110602,9.5,9.5,9,9.4,2700
FFCH,20110602,9.7,9.74,9.55,9.61,21000
FFCO,20110602,14.7,14.95,14.7,14.95,1600
FFEX,20110602,3.65,3.72,3.64,3.69,2100
FFHL,20110602,3.58,3.58,3.48,3.48,23700
FFIC,20110602,12.88,12.88,12.72,12.75,46200
FFIN,20110602,33.81,34.22,33.6,33.69,98800
FFIV,20110602,109.53,113.45,109.49,111.56,2172500
FFKT,20110602,6.84,6.85,6.68,6.73,600
FFKY,20110602,3.55,3.63,3.27,3.61,1400
FFN,20110602,5.13,5.2,4.93,4.99,105400
FFNM,20110602,3.51,3.74,3.51,3.74,1000
FFNW,20110602,5.76,5.88,5.76,5.87,29700
FHCO,20110602,5,5.04,4.91,4.96,45400
FIBK,20110602,13.65,13.89,13.65,13.71,29400
FINL,20110602,22.26,22.57,21.65,21.88,509100
FIRE,20110602,26.03,26.17,25.65,25.99,178400
FISI,20110602,15.54,15.9,15.41,15.54,106500
FISV,20110602,63.72,64.1,63.4,63.66,758300
FITB,20110602,12.33,12.49,12.25,12.37,9011400
FITBP,20110602,140.7,141.3,140.7,141.3,3600
FIZZ,20110602,13.73,13.89,13.71,13.77,12200
FLDM,20110602,14.7,14.7,13.99,14.05,41000
FLEX,20110602,7.06,7.2,7.01,7.04,6532300
FLIC,20110602,26.62,26.81,26.33,26.33,2300
FLIR,20110602,35.09,35.26,34.71,35.14,644500
FLML,20110602,5.9,6.23,5.87,6.2,23900
FLOW,20110602,3.77,3.8,3.67,3.71,81200
FLWS,20110602,2.95,3,2.8,2.85,188800
FLXS,20110602,15.22,15.25,14.79,15.11,7100
FMBI,20110602,11.92,12,11.77,11.87,326300
FMCN,20110602,30.51,31.29,30.15,30.87,1484000
FMER,20110602,15.57,16.03,15.49,16.01,3018300
FMFC,20110602,3.7,3.7,3.65,3.67,5800
FNBN,20110602,0.44,0.45,0.41,0.43,17300
FNFG,20110602,13.93,13.99,13.68,13.87,2472700
FNGN,20110602,24.18,24.53,23.61,23.78,448500
FNLC,20110602,14.01,14.4,14.01,14.06,3800
FNSR,20110602,22.46,22.69,21.9,22.1,3734400
FOLD,20110602,7.48,7.86,7.35,7.67,37500
FONE,20110602,28.04,28.09,27.94,27.94,1200
FONR,20110602,2.11,2.17,2.08,2.15,10000
FORD,20110602,3.85,3.85,3.37,3.57,56400
FORM,20110602,9.44,9.56,9.36,9.42,210900
FORR,20110602,36.74,36.83,36.3,36.6,21700
FORTY,20110602,18.3,18.43,18.13,18.13,4400
FOSL,20110602,102.16,103.14,100.77,102.26,337700
FRBK,20110602,2.46,2.5,2.35,2.48,41100
FRED,20110602,14.15,14.36,14.09,14.18,353200
FREE,20110602,24,24,23.6,23.7,4000
FRME,20110602,8.07,8.14,8.01,8.12,59000
FRNK,20110602,11.95,11.95,11.9,11.95,51500
FRP,20110602,10.78,11.35,10.58,11.33,121700
FSBK,20110602,4.02,4.08,3.95,3.99,28400
FSCI,20110602,27.95,28.83,27.55,27.93,59500
FSFG,20110602,16.23,16.23,16.23,16.23,0
FSGI,20110602,0.66,0.79,0.6,0.62,30400
FSLR,20110602,122.27,122.27,119.7,120.54,1691700
FSRV,20110602,36.99,37.51,36.71,37.48,23600
FSTR,20110602,34.26,34.9,33.83,33.9,32600
FSYS,20110602,24.2,24.61,23.92,24.13,167100
FTEK,20110602,7.88,8.1,7.88,7.98,50600
FTNT,20110602,25.16,25.25,23.17,23.51,2541400
FUBC,20110602,5.93,6,5.93,5.95,50400
FULL,20110602,7.97,8.07,7.86,7.98,56200
FULT,20110602,10.73,10.89,10.66,10.84,974600
FUNC,20110602,5.16,5.35,5,5.14,7700
FUND,20110602,7.76,7.85,7.76,7.83,45800
FURX,20110602,17.04,17.91,16.82,17.87,87400
FWLT,20110602,33.03,34,32.83,33.21,2229900
FWRD,20110602,34.33,34.51,34.05,34.45,221500
FXCB,20110602,13,13.22,13,13,12200
FXEN,20110602,8.42,8.88,8.28,8.5,433800
GABC,20110602,16.72,17.01,16.65,16.66,12900
GAGA,20110602,7.74,8,7.72,7.77,27400
GAI,20110602,4.87,4.87,4.87,4.87,0
GAIA,20110602,5.01,5.2,5.01,5.16,104200
GAIN,20110602,7.19,7.36,7.19,7.32,49900
GAME,20110602,7.23,7.34,7.01,7.15,847900
GASS,20110602,4.95,4.99,4.9,4.95,21300
GBCI,20110602,13.6,13.81,13.51,13.76,779000
GBDC,20110602,15.16,15.65,15.05,15.6,41800
GBLI,20110602,22.31,22.42,21.18,22.13,29200
GBNK,20110602,1.43,1.46,1.41,1.46,800
GCBC,20110602,17.99,17.99,17.99,17.99,100
GCFB,20110602,3.8,3.8,3.72,3.75,1400
GCOM,20110602,14.13,14.13,13.64,14.05,41100
GCVRZ,20110602,2.42,2.48,2.42,2.44,3700800
GENC,20110602,7.7,7.78,7.7,7.74,7800
GENE,20110602,7.21,7.24,6.73,7.14,197500
GENT,20110602,9.84,9.85,9.25,9.65,48500
GERN,20110602,4.25,4.4,4.25,4.38,1383400
GEVO,20110602,18.35,18.58,17.51,17.98,162700
GFED,20110602,6.1,6.1,6,6,1700
GFN,20110602,2.7,2.8,2.51,2.8,6100
GFNCL,20110602,3.5,3.5,3.5,3.5,1800
GGAL,20110602,11.28,11.46,11.02,11.37,123900
GHDX,20110602,27.55,27.62,27.21,27.26,49800
GIFI,20110602,32.58,33.23,31.83,32.26,154100
GIGA,20110602,2.37,2.49,2.36,2.36,9100
GIGM,20110602,1.25,1.28,1.23,1.26,235100
GIII,20110602,41.17,41.66,39.79,39.98,93100
GILD,20110602,20.56,20.745,20.54,20.71,5537500
GILT,20110602,4.52,4.52,4.45,4.45,17300
GIVN,20110602,21.85,21.95,21.72,21.92,43900
GKNT,20110602,29.07,29.17,28.12,28.55,46600
GLAD,20110602,9.75,9.76,9.64,9.71,179300
GLBS,20110602,8.9,8.9,8.8,8.8,200
GLBZ,20110602,8.32,8.32,8.32,8.32,100
GLCH,20110602,2.18,2.22,2.1,2.22,581500
GLDC,20110602,3.36,3.37,3.15,3.3,6300
GLDD,20110602,5.8,5.97,5.8,5.86,527500
GLNG,20110602,33.37,33.49,32.27,33.05,740900
GLPW,20110602,27.62,28.97,26.64,27.07,54700
GLRE,20110602,25.31,25.67,25.11,25.43,54400
GLUU,20110602,5.22,5.75,5.2,5.34,5596500
GMAN,20110602,16.88,17.04,16.56,16.64,115500
GMCR,20110602,80.21,80.9,78.87,79.52,1703500
GMETP,20110602,13.5,13.5,13.5,13.5,0
GMLP,20110602,27.2,27.89,27.2,27.32,201300
GNCMA,20110602,11.26,11.75,11.2,11.62,132500
GNMK,20110602,5.62,5.86,5.5,5.51,61500
GNTX,20110602,28.49,28.83,28.13,28.17,834700
GNVC,20110602,3.35,3.44,3.31,3.33,69200
GOLD,20110602,81.26,81.99,79.71,80.82,442300
GOOD,20110602,18.44,18.79,18.43,18.54,26400
GOODO,20110602,24.82,24.85,24.82,24.85,500
GOODP,20110602,24.8,24.91,24.8,24.89,300
GOOG,20110602,527.57,530.3,522.48,528.06,2204400
GPIC,20110602,7.67,7.69,7.6,7.6,5600
GPOR,20110602,28.42,29.09,27.75,28.4,675300
GPRC,20110602,3.66,3.96,3.62,3.88,11100
GPRE,20110602,10.08,10.29,10.03,10.2,138000
GRFS,20110602,15.5,17,14.5,15.3,8960600
GRID,20110602,32.43,32.68,32.43,32.68,2600
GRIF,20110602,26.01,26.01,26.01,26.01,300
GRMN,20110602,33.9,34.29,33.64,33.65,1921300
GROW,20110602,7.76,7.84,7.63,7.77,89000
GRVY,20110602,1.77,1.77,1.73,1.73,6100
GSBC,20110602,17.37,17.64,17.25,17.45,23000
GSIG,20110602,11.59,11.86,11.46,11.7,84100
GSIT,20110602,7.02,7.03,6.86,6.97,69800
GSM,20110602,21.4,22.13,21.22,21.74,908000
GSOL,20110602,10.8,10.96,10.62,10.82,26200
GSVC,20110602,13.76,13.76,13.27,13.27,9000
GTIM,20110602,1.79,1.79,1.79,1.79,0
GTIV,20110602,24.02,24.13,23.74,24.03,265800
GTLS,20110602,47.14,48.48,46.67,48.04,540200
GTXI,20110602,5.85,6.1,5.77,6.06,285400
GUID,20110602,7.59,7.66,7.56,7.56,9000
GULF,20110602,16.3,16.39,16.3,16.39,1000
GYRO,20110602,66.92,66.92,66.92,66.92,0
HA,20110602,5.41,5.64,5.41,5.57,1171700
HAFC,20110602,1.17,1.19,1.16,1.18,359300
HAIN,20110602,35.48,35.7,34.53,34.71,306100
HALL,20110602,7.18,7.19,7.03,7.05,26200
HALO,20110602,6.32,6.42,6.21,6.32,147600
HAS,20110602,45.47,45.74,44.96,45.02,1359200
HAST,20110602,4.42,4.44,4.4,4.42,8600
HAUP,20110602,1.94,2.02,1.94,2.02,18000
HAYN,20110602,54.17,56.86,53.35,54.55,80800
HBAN,20110602,6.35,6.37,6.19,6.24,19058700
HBANP,20110602,1150,1150,1145,1145,100
HBCP,20110602,14.83,14.83,14.42,14.56,10600
HBHC,20110602,31.63,32.29,31.38,32.03,537000
HBIO,20110602,5.46,5.64,5.37,5.64,26000
HBNC,20110602,12.0933,12.0933,12,12,3000
HBNK,20110602,13.4,13.41,13.02,13.11,6600
HBOS,20110602,11.56,12,11.56,11.67,48300
HCBK,20110602,8.72,8.85,8.7,8.77,4140300
HCCI,20110602,16.89,17.32,16.54,16.75,9200
HCIIP,20110602,9.5,9.5,9.45,9.45,300
HCKT,20110602,5.12,5.12,5,5.01,183700
HCSG,20110602,16.46,16.75,16.34,16.38,378600
HDNG,20110602,10.84,10.84,10.46,10.47,44300
HDSN,20110602,1.78,1.78,1.75,1.77,16900
HEES,20110602,13.46,14.2,12.86,13.51,70400
HELE,20110602,31.18,31.43,30.92,31.01,139000
HEOP,20110602,3.62,3.95,3.52,3.55,24100
HERO,20110602,6,6.08,5.78,5.93,4738200
HFBC,20110602,7.84,8.05,7.84,8.05,1800
HFBL,20110602,12.85,12.85,12.85,12.85,0
HFFC,20110602,11.06,11.08,11.06,11.08,400
HFWA,20110602,12.92,13.03,12.85,12.85,10500
HGSH,20110602,2.46,2.46,2.46,2.46,100
HIBB,20110602,39.9,40.09,39.05,39.44,369800
HIFS,20110602,52.12,52.12,52.12,52.12,0
HIHO,20110602,2.99,2.99,2.99,2.99,0
HILL,20110602,2.91,2.91,2.75,2.79,184400
HIMX,20110602,2.14,2.14,2.11,2.11,174000
HITK,20110602,28.72,28.72,28.06,28.24,137600
HITT,20110602,60.64,61.07,59.96,60.85,135000
HLIT,20110602,7.47,7.6,7.46,7.51,885200
HMIN,20110602,40.44,40.44,39.21,39.98,594400
HMNF,20110602,2.52,2.52,2.52,2.52,0
HMNY,20110602,0.88,0.88,0.88,0.88,0
HMPR,20110602,24,24.34,23.19,24.18,47900
HMSY,20110602,25.34,25.7033,25.27,25.54,82600
HNH,20110602,12.94,13.33,12.48,13.26,44700
HNRG,20110602,10.1,10.15,9.93,10,14400
HNSN,20110602,2.79,2.82,2.71,2.78,487300
HOFT,20110602,10.89,10.89,10.64,10.74,26500
HOGS,20110602,15.76,15.98,15.33,15.59,324000
HOLI,20110602,9.26,9.55,8.62,8.66,1276500
HOLL,20110602,1.53,1.6,1.53,1.57,3900
HOLX,20110602,20.75,20.84,20.48,20.64,1867300
HOMB,20110602,23.34,23.5,23.28,23.38,27600
HOME,20110602,10.78,10.82,10.75,10.75,20700
HOTT,20110602,7.56,7.63,7.39,7.41,590000
HOVNP,20110602,5.8,5.8,5.8,5.8,0
HPCCP,20110602,25.9,26.14,25.7,26.14,1900
HPJ,20110602,1.97,1.97,1.88,1.9,36100
HPOL,20110602,0.73,0.83,0.73,0.77,17000
HRZN,20110602,15.8,15.83,15.65,15.82,63800
HSIC,20110602,70.63,70.82,70.15,70.59,377800
HSII,20110602,20.66,20.74,20.34,20.55,77700
HSKA,20110602,9.4,9.44,8.92,9.11,45600
HSNI,20110602,34.5,35.3,34.16,34.47,305200
HSOL,20110602,6.15,6.3,6.05,6.25,945500
HSTM,20110602,12.79,12.92,12.63,12.7,62300
HTBK,20110602,5.19,5.27,5.16,5.22,26700
HTCH,20110602,2.41,2.43,2.38,2.38,90400
HTCO,20110602,10.42,10.42,10.08,10.2,31900
HTHT,20110602,18.69,19.14,18.29,18.69,120300
HTLD,20110602,15.94,16.11,15.84,15.9,1038400
HTLF,20110602,13.84,14.04,13.76,13.82,13100
HTWR,20110602,70.4,72.21,66.73,68.52,255800
HUBG,20110602,37.31,37.43,36.51,36.79,132400
HURC,20110602,29.16,29.66,29.05,29.48,7700
HURN,20110602,29.61,29.78,29.2,29.5,75400
HWAY,20110602,15.83,16.2,15.75,16.08,162700
HWBK,20110602,8.16,8.16,8.08,8.08,1200
HWCC,20110602,14.83,15.13,14.65,14.86,67900
HWKN,20110602,38.7,39.89,38.7,38.94,57500
HYGS,20110602,5.31,5.52,5.23,5.51,14800
IACI,20110602,36.88,37,36.42,36.71,945600
IART,20110602,50.04,50.04,48.6,48.88,147400
IBB,20110602,106.92,108.04,106.89,107.87,349700
IBCA,20110602,3.14,3.16,3.09,3.15,35100
IBCP,20110602,2.46,2.46,2.36,2.4,79600
IBCPO,20110602,15.1,15.92,15.1,15.92,400
IBKC,20110602,56.83,57.59,56.72,56.98,90700
IBKR,20110602,16.66,16.66,16.31,16.48,328100
IBOC,20110602,16.36,16.6,16.27,16.44,269100
ICAD,20110602,1.1,1.13,1.1,1.1,41200
ICCC,20110602,4.45,4.45,4.45,4.45,0
ICFI,20110602,24.5,24.99,23.82,24.65,41100
ICGE,20110602,12.22,12.36,12.09,12.19,94700
ICLN,20110602,16.62,16.62,16.41,16.54,9600
ICLR,20110602,25.48,26.22,24.62,25.92,436800
ICON,20110602,23.73,23.8,23.1,23.28,746600
ICUI,20110602,42.78,42.78,42.42,42.56,45300
IDCC,20110602,40.26,41,39.5,39.81,985500
IDIX,20110602,4.52,4.64,4.5,4.61,332100
IDRA,20110602,2.34,2.5,2.34,2.48,13800
IDSA,20110602,10.21,10.31,10.2,10.27,20100
IDSY,20110602,4.61,4.85,4.55,4.59,82600
IDTI,20110602,7.99,8.19,7.99,8.08,1203200
IDXX,20110602,77.6,77.6,75.72,75.79,533300
IESC,20110602,3.25,3.27,3.25,3.25,3700
IFAS,20110602,30.83,30.87,30.81,30.87,1100
IFEU,20110602,35.03,35.03,34.75,35.02,1300
IFGL,20110602,32.17,32.36,31.98,32.29,91900
IFNA,20110602,44,44.11,43.81,43.87,1700
IFON,20110602,0.75,0.75,0.75,0.75,1900
IFSM,20110602,40.64,40.68,40.09,40.57,2300
IGLD,20110602,26.69,26.69,26.69,26.69,100
IGOI,20110602,25.92,27.36,25.8,27,131700
IGOV,20110602,107.1,107.37,106.68,107.25,8000
IGTE,20110602,17.99,18.17,17.92,18.04,221300
III,20110602,2.02,2.02,1.97,1.97,10700
IIIN,20110602,12.61,12.71,12.29,12.56,41900
IIJI,20110602,8.96,9.04,8.84,8.86,40700
IILG,20110602,13.18,13.41,12.9,12.96,133300
IIN,20110602,3.9,3.98,3.71,3.71,9400
IIVI,20110602,27.48,27.88,27.145,27.315,109300
IKAN,20110602,1.51,1.54,1.44,1.47,175300
IKNX,20110602,8.39,8.39,8.39,8.39,0
ILMN,20110602,72.15,73.46,72.15,72.79,1159900
IMGN,20110602,11.68,12.2,11.6,12.07,708600
IMKTA,20110602,17.05,17.2,17.02,17.05,18400
IMMR,20110602,8.37,8.63,8.28,8.5,263900
IMMU,20110602,4.3,4.41,4.21,4.37,675700
IMOS,20110602,9.08,9.64,8.99,9.44,60600
IMRS,20110602,7.4,7.58,7.4,7.55,49100
INAP,20110602,7.83,7.97,7.78,7.87,329800
INCY,20110602,16.89,17.19,16.51,16.85,1725900
INDB,20110602,28.63,28.77,28.43,28.58,48700
INDY,20110602,28.54,28.54,28.24,28.3,98800
INFA,20110602,58.14,58.74,57.3,58.18,1053600
INFI,20110602,6.88,6.99,6.88,6.92,18400
INFN,20110602,6.8,6.92,6.79,6.84,511000
ININ,20110602,34.82,35.67,33.98,34.21,155700
INOC,20110602,1.57,1.57,1.57,1.57,100
INOD,20110602,2.66,2.7,2.61,2.7,71600
INPH,20110602,4.42,4.42,4.26,4.32,34500
INSM,20110602,10.32,10.42,10.1,10.4,42800
INTC,20110602,22,22.33,21.86,22.08,53449000
INTG,20110602,22.33,22.33,22.05,22.15,2800
INTL,20110602,25.09,25.42,24.85,25.01,20100
INTT,20110602,3.27,3.44,3.27,3.38,24400
INTU,20110602,53.21,53.26,52.4,52.48,2809100
INTX,20110602,15.17,16.15,15.16,16.02,52900
INVE,20110602,2.44,2.65,2.39,2.47,2196700
INWK,20110602,8.08,8.48,8.08,8.44,62300
IOSP,20110602,32.45,33.19,32.4,32.7,125200
IPAR,20110602,21.77,22.04,21.69,22,117500
IPAS,20110602,1.53,1.54,1.5,1.53,312800
IPCC,20110602,50.88,52.09,50.75,51.7,42200
IPCI,20110602,3.8,3.83,3.76,3.82,57800
IPCM,20110602,48.75,49.57,47.85,48.27,69600
IPGP,20110602,74.01,75.84,72.04,75.18,475100
IPHS,20110602,44.7,45.06,44.31,44.75,135600
IPXL,20110602,26.46,26.66,26.04,26.39,256600
IRBT,20110602,32.74,33.12,32.29,32.41,175700
IRDM,20110602,8.57,8.69,8.38,8.56,473800
IRDMZ,20110602,1.88,1.9,1.88,1.9,1000
IRIX,20110602,3.9,3.91,3.84,3.87,19300
IRWD,20110602,14.97,15.14,14.83,14.99,123300
ISBC,20110602,14.23,14.27,14.1,14.23,90800
ISCA,20110602,28.5,28.5,28.06,28.23,147400
ISHG,20110602,109.19,109.32,108.64,109.2,45400
ISIG,20110602,4.66,4.66,4.37,4.47,49000
ISIL,20110602,13.75,13.88,13.63,13.66,914600
ISIS,20110602,8.97,9,8.81,8.9,526600
ISLE,20110602,8.56,9.27,8.56,9,313100
ISNS,20110602,10.67,10.67,10.5,10.64,1600
ISRG,20110602,344.4,347.82,342.19,344.68,180500
ISRL,20110602,63.28,63.28,63.28,63.28,100
ISSC,20110602,5.47,5.49,5.46,5.49,300
ISSI,20110602,8.95,9.03,8.86,9,196200
ITIC,20110602,40.59,40.59,40.59,40.59,200
ITMN,20110602,36.47,37.13,36,37.12,863600
ITRI,20110602,51.12,51.12,50.3,50.46,365000
ITRN,20110602,15.03,15.33,15.03,15.28,10300
IVAC,20110602,11.22,11.31,11.02,11.06,26700
IVAN,20110602,2.1,2.12,1.96,2.05,2839000
IXYS,20110602,13.03,13.34,12.9,13.19,49700
JACK,20110602,21.86,22.09,21.26,21.34,683300
JADE,20110602,3.85,3.95,3.78,3.95,109400
JAKK,20110602,19.22,19.46,18.96,19.11,100800
JASO,20110602,29.5,29.65,28.8,29.1,3021100
JAXB,20110602,6.35,6.35,6.35,6.35,0
JAZZ,20110602,29.5,29.62,28.7,29,658700
JBHT,20110602,44.34,44.9,44.1,44.56,814400
JBLU,20110602,5.84,5.93,5.8,5.82,3044400
JBSS,20110602,9.05,9.13,8.95,9.02,18500
JCOM,20110602,28.55,28.95,28.26,28.91,241200
JCS,20110602,18.58,19.39,18.34,19.27,59400
JCTCF,20110602,10.82,10.85,10.46,10.46,1700
JDSU,20110602,19.25,19.47,18.92,19.12,8101700
JFBI,20110602,3.36,3.36,3.36,3.36,0
JJSF,20110602,49.75,50.77,48.75,49.49,32600
JKHY,20110602,30.32,30.55,30.18,30.34,338700
JMBA,20110602,2.23,2.25,2.2,2.2,204500
JOBS,20110602,55.96,56.69,55.82,56.14,58400
JOEZ,20110602,0.84,0.85,0.79,0.82,355700
JOSB,20110602,49.32,51.12,47.09,48.55,2233400
JOUT,20110602,15.66,15.66,15.47,15.47,1300
JRCC,20110602,21.01,21.43,20.72,20.84,674900
JRJC,20110602,4.66,4.66,4.54,4.59,70300
JST,20110602,12.72,12.72,12.1,12.39,57900
JVA,20110602,8.16,8.16,7.57,7.68,260200
JXSB,20110602,12.54,12.54,12.54,12.54,0
KALU,20110602,50.18,52.67,49.82,50.64,92400
KBALB,20110602,6.41,6.6,6.34,6.51,40800
KCAP,20110602,7.77,7.94,7.59,7.85,59700
KCLI,20110602,30.04,30.04,29.21,29.52,6200
KELYA,20110602,16.82,17.09,16.56,16.65,150500
KELYB,20110602,16.7,16.7,16.7,16.7,0
KEQU,20110602,10.42,10.42,10.42,10.42,0
KERX,20110602,5.17,5.26,5.05,5.22,1037700
KEYN,20110602,20.28,20.82,20.18,20.58,64300
KEYW,20110602,11.25,11.25,11.07,11.23,75100
KFFB,20110602,9.09,9.09,8.93,8.93,700
KFRC,20110602,13.09,13.36,13.04,13.21,199800
KGJI,20110602,1.77,1.8,1.68,1.7,80800
KINS,20110602,3.35,3.45,3.32,3.32,2500
KIPS,20110602,3.91,4.05,3.83,3.86,27100
KIRK,20110602,12.32,12.43,11.45,11.86,510200
KLAC,20110602,41.58,42.32,41.48,41.72,1542400
KLIC,20110602,11.64,11.84,11.56,11.58,1150600
KNDI,20110602,1.98,1.98,1.9,1.91,47300
KONA,20110602,4.75,4.86,4.69,4.72,3400
KONE,20110602,0.72,0.72,0.7,0.7,41200
KONG,20110602,5.92,6.13,5.9,6.05,168500
KOOL,20110602,2.41,2.5,2.15,2.16,979100
KOPN,20110602,4.94,5.03,4.88,4.93,182700
KOSS,20110602,5.84,6.1,5.84,6.1,8400
KRNY,20110602,9.1,9.3,9.1,9.21,9100
KSWS,20110602,10.66,10.86,10,10.06,75000
KTCC,20110602,4.49,4.55,4.49,4.51,5600
KTEC,20110602,17.5,17.54,17.45,17.45,3400
KTOS,20110602,11.75,11.81,11.36,11.43,663900
KUTV,20110602,3.68,3.93,3.66,3.72,226400
KVHI,20110602,11.25,11.49,11.23,11.29,29300
LABC,20110602,15.5,15.5,15.5,15.5,0
LABL,20110602,21.65,22.01,21.5,22,24500
LACO,20110602,2.21,2.35,2.19,2.21,5600
LAKE,20110602,8.65,8.74,8.55,8.63,6100
LAMR,20110602,28.42,28.84,28.38,28.45,524000
LANC,20110602,58.08,58.86,57.8,58.06,102800
LARK,20110602,16.75,16.75,16.75,16.75,0
LAWS,20110602,18.11,18.5,17.95,18.48,7200
LAYN,20110602,28.9,28.9,28.49,28.6,46100
LBAI,20110602,9.82,10.02,9.82,9.95,33100
LBIX,20110602,2.52,2.69,2.52,2.56,15000
LBTYA,20110602,44.32,44.97,44.19,44.49,925500
LBTYB,20110602,45.75,45.75,45.75,45.75,0
LBTYK,20110602,42.41,42.83,41.98,42.31,235300
LCAV,20110602,5.5,5.58,5.47,5.52,32000
LCUT,20110602,11.68,11.84,11.62,11.7,32100
LEAP,20110602,17.1,17.66,16.88,16.91,2405000
LECO,20110602,36.4,37.46,36.3,37.11,563300
LEDR,20110602,2.24,2.33,2.2,2.32,17300
LEDS,20110602,8.54,8.54,8.2,8.27,50300
LFUS,20110602,59.26,59.7,58.4,58.75,100600
LGCY,20110602,31.26,31.42,30.18,30.56,112000
LGND,20110602,10.14,10.36,10.1,10.36,50600
LHCG,20110602,26.45,26.59,25.63,25.8,145400
LIFE,20110602,51.19,51.57,50.95,51.44,3716500
LIME,20110602,4.39,4.4,4.35,4.4,15900
LINC,20110602,16.92,17.38,15.32,15.65,1103600
LINE,20110602,38.46,38.84,38.08,38.27,743700
LINTA,20110602,18,18.23,17.9,18.09,4423400
LINTB,20110602,18.16,18.16,18.16,18.16,0
LION,20110602,6.94,7.32,6.82,6.99,1700
LIOX,20110602,3.01,3.06,2.94,2.96,173600
LIVE,20110602,3.8,3.8,3.8,3.8,0
LIWA,20110602,6.95,7.12,6.91,6.98,128900
LKFN,20110602,21.78,22.35,21.71,21.82,27700
LKQ,20110602,12.895,12.925,12.74,12.8,477400
LLEN,20110602,5.36,5.36,5.05,5.13,608500
LLNW,20110602,5.5,5.55,5.45,5.52,1269000
LLTC,20110602,33.66,33.8,33.31,33.46,2196700
LMAT,20110602,7.03,7.04,7,7.01,7600
LMCA,20110602,90.15,91.42,89.64,89.83,492300
LMIA,20110602,21.03,21.09,20.73,21.01,22900
LMNR,20110602,19.85,20.15,19.8,19.8,4200
LMNX,20110602,20.55,20.8,20.15,20.49,155800
LNBB,20110602,5.71,5.72,5.68,5.71,900
LNCE,20110602,21.14,21.21,20.88,20.88,238600
LNDC,20110602,5.81,5.88,5.79,5.84,43500
LOAN,20110602,1.5,1.51,1.5,1.5,4000
LOCM,20110602,3.77,4.09,3.58,3.72,1726100
LOGI,20110602,12.94,13.36,12.85,13.1,2763600
LOGM,20110602,42.22,43.5,41.69,43.21,233900
LOJN,20110602,4.36,4.43,4.3,4.38,72600
LONG,20110602,23,23,21.92,22.46,37900
LOOK,20110602,1.8,1.82,1.8,1.8,6000
LOPE,20110602,15.09,15.15,13.83,13.97,2558000
LORL,20110602,65.17,66.48,65.08,65.73,37000
LPHI,20110602,4.38,4.38,4.04,4.13,109000
LPLA,20110602,35.69,36.04,35.65,35.99,303100
LPNT,20110602,41.2,41.39,40.84,41.2,342000
LPSB,20110602,9.7,9.7,9.7,9.7,0
LPSN,20110602,11.7,11.86,11.43,11.71,535400
LPTH,20110602,1.6,1.62,1.6,1.62,12600
LQDT,20110602,20.85,21.14,20.62,21.1,111400
LRAD,20110602,2.76,2.88,2.72,2.8,36100
LRCX,20110602,46.62,47.37,46.28,46.75,2135300
LSBI,20110602,15.97,15.97,15.97,15.97,0
LSBK,20110602,10.85,10.85,10.6,10.6,20800
LSCC,20110602,6.34,6.42,6.16,6.25,604100
LSTR,20110602,45.73,46.18,45.57,45.63,189900
LTBR,20110602,4.47,4.65,4.44,4.6,39300
LTON,20110602,1.01,1.04,1.01,1.02,65300
LTRE,20110602,8.92,9.09,8.64,8.72,15300
LTRX,20110602,3.78,3.78,3.69,3.69,300
LTXC,20110602,9.08,9.22,9,9.07,311300
LUFK,20110602,87.7,89.83,86.39,88.54,400700
LULU,20110602,43.955,44.39,42.775,43.66,1783800
LUNA,20110602,2.21,2.25,2.13,2.25,26300
LWAY,20110602,10.21,10.31,10.15,10.23,6600
LXRX,20110602,1.62,1.69,1.62,1.68,679200
LYTS,20110602,7.2,7.42,7.19,7.28,40700
MAGS,20110602,3.29,3.29,3.19,3.19,29800
MAKO,20110602,32.4,34.11,32.4,33.7,665400
MANH,20110602,35.06,35.17,34.71,34.92,52900
MANT,20110602,44.06,44.36,43.86,44.16,145300
MARPS,20110602,20.29,20.29,19.92,20.24,1700
MASC,20110602,7.67,7.79,7.45,7.56,113600
MASI,20110602,29.91,30.08,29.25,30.06,444000
MAT,20110602,26.1,26.29,26.05,26.14,2414400
MATR,20110602,7.48,7.48,6.08,6.99,11500
MATW,20110602,37.94,38.17,37.26,37.69,38700
MAXY,20110602,5.25,5.26,5.17,5.24,56600
MAYS,20110602,18.06,18.06,17.38,17.38,600
MBFI,20110602,19.09,19.24,18.72,18.89,362700
MBLX,20110602,8.18,8.19,7.78,8.05,237800
MBND,20110602,3.15,3.24,3.09,3.16,74000
MBRG,20110602,15.19,15.3,15.06,15.19,3500
MBTF,20110602,1.29,1.45,1.29,1.39,82900
MBVT,20110602,25.02,25.22,25,25.01,3000
MBWM,20110602,9.07,9.39,9.07,9.13,18200
MCBC,20110602,2.44,2.44,2.4,2.41,35200
MCBI,20110602,6.32,6.32,6.3,6.3,400
MCGC,20110602,6.51,6.59,6.35,6.48,648900
MCHP,20110602,38.51,38.68,38.2,38.34,3184300
MCHX,20110602,7.52,8.35,7.52,8.3,233900
MCOX,20110602,17.25,17.25,16.75,16.75,196000
MCRI,20110602,9.12,9.15,8.9,9.11,37500
MCRL,20110602,11.72,11.83,11.63,11.74,494700
MCRS,20110602,49.89,50.17,49.47,49.83,198300
MDAS,20110602,14.19,14.36,14.16,14.3,734600
MDCA,20110602,18,18,16.63,17.23,114400
MDCI,20110602,9.73,9.8,9.06,9.55,243500
MDCO,20110602,18.62,18.9,18.3,18.4,1037100
MDH,20110602,2.89,2.94,2.81,2.94,3000
MDRX,20110602,19.99,20.11,19.83,20.02,3461400
MDSO,20110602,22.91,23.11,22.68,22.99,157600
MDVN,20110602,23,23.19,22.14,22.73,357800
MEAD,20110602,4,4.99,3.98,4.89,42700
MEAS,20110602,35.76,36.72,35.76,36.43,84500
MELA,20110602,2.78,2.84,2.75,2.75,176100
MELI,20110602,87.63,89.81,87.23,89.7,624600
MEMS,20110602,3.38,3.42,3.3,3.38,10300
MENT,20110602,13.31,13.42,13.2,13.34,1242700
MEOH,20110602,31.48,31.77,31.36,31.69,264700
MERC,20110602,12.85,13.02,12.39,12.69,314200
MERU,20110602,16.25,16.28,15.67,15.87,129600
METR,20110602,10.76,10.85,10.71,10.77,9500
MFI,20110602,5.79,5.79,5.56,5.59,1900
MFLR,20110602,8.84,8.84,8.84,8.84,0
MFLX,20110602,20.93,21.44,20.88,21.38,74100
MFNC,20110602,5.25,5.25,5.25,5.25,0
MFRI,20110602,9.16,9.16,9,9.06,5700
MFSF,20110602,8.04,8.22,8,8.05,5100
MGAM,20110602,5.34,5.49,5.23,5.47,46800
MGEE,20110602,40.57,40.72,40.27,40.36,64400
MGIC,20110602,5.22,5.3,5.09,5.13,159800
MGLN,20110602,52.23,53,52,52.63,116000
MGPI,20110602,7.9,7.94,7.87,7.94,15500
MGRC,20110602,27.06,27.06,26.58,26.74,41500
MGYR,20110602,4.91,5.03,4.75,5.03,700
MHGC,20110602,7.8,7.91,7.65,7.75,101400
MHLD,20110602,9.34,9.42,9.26,9.36,442800
MIDD,20110602,84.05,84.98,83.56,84.06,85700
MIND,20110602,14.45,14.5,14.3,14.38,26400
MINI,20110602,22.04,22.11,21.75,21.93,192300
MITL,20110602,4.75,5.05,4.75,5.01,49700
MKSI,20110602,25.38,25.58,25.15,25.46,244100
MKTAY,20110602,41.78,41.9,41.4,41.83,12600
MKTG,20110602,16.9,17.36,16.8,17.26,60500
MKTX,20110602,23.17,23.32,22.53,22.82,93100
MLAB,20110602,29.92,29.92,29.92,29.92,0
MLHR,20110602,24.06,24.64,23.19,24.04,209000
MLNK,20110602,4.64,4.81,4.62,4.8,102000
MLNX,20110602,30.57,31.38,30.44,30.86,129800
MLVF,20110602,7.59,7.77,7.55,7.73,1200
MMLP,20110602,39.05,40.17,38.66,39.66,123200
MMSI,20110602,19.42,19.48,18.84,18.99,177900
MMUS,20110602,4.92,4.97,4.91,4.92,28800
MMYT,20110602,23.15,23.99,22.52,23.46,379400
MNDO,20110602,3.28,3.3,3.25,3.25,26200
MNKD,20110602,3.99,4.1,3.89,4.03,730100
MNOV,20110602,2.5,2.5,2.46,2.48,32800
MNRK,20110602,6.45,6.5667,6.4083,6.4833,3000
MNRO,20110602,31.44,31.77,31.37,31.45,300000
MNST,20110602,36.14,36.335,35.89,36.175,661400
MNTA,20110602,19.35,19.68,19.23,19.68,394700
MNTG,20110602,2.89,2.89,2.75,2.79,8700
MNTX,20110602,4.95,5.02,4.85,4.91,20800
MOBI,20110602,8.3,8.74,8.03,8.36,579900
MOCO,20110602,15.15,15.15,14.99,15.09,5400
MOFG,20110602,12.89,13.22,12.89,13.08,1700
MOLX,20110602,26.74,26.86,26.44,26.64,732500
MOLXA,20110602,22.16,22.34,22.05,22.21,223500
MORN,20110602,58.61,59.39,58.2,58.79,43600
MOSY,20110602,5.71,5.76,5.68,5.69,62000
MOVE,20110602,7.44,7.6,7.24,7.48,969100
MPAA,20110602,15.57,15.78,15.4,15.52,78600
MPAC,20110602,6.4,6.4,6.28,6.31,2500
MPB,20110602,8.9,8.9,8.9,8.9,200
MPEL,20110602,11.73,12.06,11.56,11.84,15189000
MPET,20110602,1.44,1.57,1.44,1.55,334300
MPWR,20110602,16.61,16.83,16.55,16.7,256600
MRCY,20110602,18.79,19.25,18.5,18.82,127900
MRGE,20110602,5.78,5.92,5.75,5.86,227800
MRLN,20110602,12.07,12.35,11.84,12.18,13500
MRTN,20110602,20.87,21.03,20.75,20.87,25100
MRVL,20110602,15.75,15.88,15.65,15.73,11146500
MSBF,20110602,5.5,5.5,5.5,5.5,0
MSCC,20110602,21.47,21.72,21.25,21.29,257300
MSEX,20110602,18.08,18.16,17.86,17.87,41100
MSFG,20110602,7.04,7.22,7.04,7.14,82900
MSFT,20110602,24.49,24.65,24.18,24.22,51487700
MSG,20110602,26.65,26.92,26.59,26.67,188300
MSON,20110602,2.46,2.49,2.36,2.42,12600
MSPD,20110602,8.16,8.31,8.03,8.26,400000
MSTR,20110602,149.66,149.66,142.33,143.19,160200
MTEX,20110602,12.8,12.8,12.1,12.1,65100
MTRX,20110602,13.57,13.79,13.13,13.74,152400
MTSC,20110602,39.89,40.58,39.34,39.61,37200
MTSL,20110602,1.56,1.56,1.39,1.43,19300
MTSN,20110602,1.62,1.71,1.62,1.68,1383300
MU,20110602,9.65,9.66,9.34,9.41,45822000
MVIS,20110602,12.08,12.4,9.92,10.24,6123600
MVISW,20110602,0.42,0.43,0.42,0.43,2300
MWIV,20110602,81.7,82.89,80.51,81.82,124100
MXIM,20110602,26.41,26.6,26.28,26.54,1832800
MXWL,20110602,15.66,15.94,15.37,15.45,80600
MYGN,20110602,25.18,25.31,24.83,25.03,1065100
MYL,20110602,23.21,23.27,22.94,23.24,3712400
MYRG,20110602,21.73,22,21.64,21.74,72900
NAFC,20110602,37.75,37.99,37.06,37.31,70300
NAII,20110602,3.53,3.53,3.31,3.33,33100
NANO,20110602,16.32,16.6,15.93,16.12,327400
NASB,20110602,11.43,11.56,11.08,11.08,6500
NATH,20110602,17.6,17.6,17.6,17.6,1000
NATI,20110602,28.73,28.73,28.21,28.27,269900
NATL,20110602,21.34,21.45,21.29,21.3,1400
NATR,20110602,13.46,13.85,12.67,13.62,40400
NAUH,20110602,8.11,8.32,7.73,8.1,98600
NAVG,20110602,46.94,47.36,46.23,46.85,57400
NAVR,20110602,1.74,1.82,1.73,1.79,50600
NBBC,20110602,4.49,4.64,4.49,4.55,21100
NBIX,20110602,8,8.02,7.81,7.99,396400
NBN,20110602,13.76,13.76,13.76,13.76,100
NBTB,20110602,21.17,21.25,20.93,21.15,59100
NBTF,20110602,21.04,21.06,21,21,1300
NCBC,20110602,4.79,4.79,4.79,4.79,0
NCIT,20110602,22.32,22.49,22.18,22.19,6700
NCMI,20110602,17.61,17.77,17.39,17.5,266700
NCTY,20110602,6.2,6.29,6.2,6.26,26900
NDAQ,20110602,24.54,24.79,24.43,24.56,1817100
NDSN,20110602,50.61,51.32,49.66,51.11,345300
NECB,20110602,6.76,6.8,6.59,6.77,1900
NEOG,20110602,43.22,43.5,42.79,43.19,47000
NEPT,20110602,3.71,3.75,3.64,3.68,127300
NETC,20110602,10.06,10.37,10.02,10.27,19800
NEWL,20110602,2.1,2.1,2.1,2.1,0
NEWP,20110602,18,18.1,17.66,17.69,180800
NEWS,20110602,9.06,9.25,8.8,8.87,64500
NEWT,20110602,1.42,1.42,1.4,1.41,1800
NFBK,20110602,13.62,13.63,13.5,13.51,13900
NFEC,20110602,2.41,2.43,2.41,2.41,4400
NFLX,20110602,266.05,272.98,264.12,271.7,4297000
NFSB,20110602,14.19,14.19,14.19,14.19,0
NGPC,20110602,7.81,7.94,7.75,7.86,101000
NHTB,20110602,13.13,13.13,13.13,13.13,100
NICE,20110602,35.09,35.94,34.87,35.56,165800
NICK,20110602,12.39,12.5,12.36,12.43,16200
NIHD,20110602,42.67,43.11,42.54,42.7,867800
NILE,20110602,47.01,48.04,46.77,47.61,211300
NINE,20110602,1.4,1.4,1.4,1.4,7500
NKSH,20110602,24.74,24.74,24.18,24.18,2800
NKTR,20110602,9.36,9.46,9.21,9.38,506400
NLST,20110602,2.34,2.39,2.29,2.38,97600
NMRX,20110602,9.55,10.05,9.55,10.01,23000
NNBR,20110602,13.99,13.99,12.93,12.99,365000
NOVB,20110602,10.2,10.3,10.2,10.21,400
NPBC,20110602,7.26,7.39,7.22,7.32,625300
NPSP,20110602,9.31,9.47,9.19,9.46,575600
NRCI,20110602,34.91,34.91,34.81,34.88,800
NRIM,20110602,19.84,19.94,19.68,19.89,11300
NSEC,20110602,11.73,11.91,11.68,11.68,300
NSIT,20110602,16.25,16.54,16.11,16.25,113800
NSPH,20110602,2.4,2.48,2.37,2.39,244600
NSSC,20110602,2.41,2.48,2.35,2.39,19800
NSYS,20110602,3.95,3.95,3.95,3.95,0
NTAP,20110602,53.04,54.09,52.91,53.31,3312800
NTCT,20110602,21.94,22.62,21.16,21.49,522900
NTES,20110602,45.47,46.92,45.47,46.66,514300
NTGR,20110602,40.8,42.29,40.51,41.8,381300
NTIC,20110602,16.51,16.55,16.51,16.55,500
NTLS,20110602,20.26,20.39,20,20.04,231300
NTRI,20110602,13.75,13.79,13.52,13.55,208600
NTRS,20110602,47.5,47.94,47.29,47.64,1523200
NTSC,20110602,6.25,6.25,6.15,6.15,3400
NTSP,20110602,7.98,8.3,7.85,8.08,241600
NTWK,20110602,15.6,15.7,14.9,15.2,445900
NUAN,20110602,21.16,21.35,20.86,21.02,1975000
NUCL,20110602,40.51,40.51,40.33,40.37,1200
NURO,20110602,2.82,2.82,2.7,2.82,77700
NUTR,20110602,15.01,15.02,14.93,14.94,12500
NUVA,20110602,33.2,33.57,33.1,33.5,892800
NVAX,20110602,2.34,2.35,2.28,2.29,781800
NVDA,20110602,19.17,19.31,18.82,19.05,15195200
NVEC,20110602,58,58.32,57.2,57.89,14700
NVGN,20110602,1.08,1.1,1.04,1.08,27000
NVMI,20110602,10.28,10.5,10.09,10.26,182400
NVSL,20110602,8.2,8.2,8,8,1600
NVTL,20110602,5.18,5.31,5.1,5.25,529600
NWBI,20110602,12.1,12.27,12.05,12.19,512900
NWFL,20110602,28,28,28,28,0
NWLI,20110602,151.93,152.14,150.77,150.77,1600
NWPX,20110602,25.96,26.08,25.13,25.19,23300
NWS,20110602,18.11,18.31,18.05,18.14,2638400
NWSA,20110602,17.63,17.79,17.52,17.58,15395400
NXPI,20110602,27.28,27.49,26.12,26.51,1488700
NXST,20110602,6.88,6.97,6.8,6.89,15400
NXTM,20110602,17.97,18.26,17.75,18.01,638400
NYMT,20110602,7.3,7.35,7.18,7.29,36800
NYMX,20110602,7.81,8.17,7.71,7.79,21800
NYNY,20110602,0.54,0.56,0.54,0.55,54200
OABC,20110602,14.53,14.68,14.46,14.59,15300
OBAF,20110602,14.99,14.99,14.8,14.92,5000
OBAS,20110602,7.35,7.4,7.35,7.4,300
OBCI,20110602,2.9,2.9,2.8,2.83,3600
OCC,20110602,4.22,4.29,4.2,4.27,2300
OCFC,20110602,13.22,13.22,13,13.08,44200
OCLR,20110602,8.9,9.21,8.87,9.03,1295300
OCLS,20110602,14.98,15.26,14.35,15.05,96700
OCZ,20110602,8.13,8.35,7.99,8.02,875700
ODFL,20110602,23.6,23.9933,23.4933,23.6267,500800
OFED,20110602,12.01,12.01,12.01,12.01,100
OFIX,20110602,41.02,41.27,40.58,41.22,213800
OFLX,20110602,12.92,13.02,12.8,13,1400
OGXI,20110602,17.58,18.45,17.58,18.25,54700
OIIM,20110602,6.92,6.95,6.81,6.91,54000
OINK,20110602,2.74,2.79,2.74,2.79,5300
OKSB,20110602,12.02,12.24,11.93,12.11,34500
OKSBP,20110602,26.47,26.47,26.47,26.47,0
OLBK,20110602,8.84,8.84,8.48,8.52,1000
OMAB,20110602,17.7,17.8,17.63,17.76,9100
OMCL,20110602,15.33,15.38,14.47,14.8,256500
OMER,20110602,4.5,4.64,4.48,4.61,42400
OMEX,20110602,4.15,4.15,3.93,4.1,330400
OMPI,20110602,9.48,9.57,9.28,9.4,93900
ONCY,20110602,6.33,6.33,5.9,6.2,172000
ONEQ,20110602,109.56,109.8,108.85,109.32,9000
ONFC,20110602,8.54,8.56,8.5,8.5,3700
ONNN,20110602,10.79,11.03,10.75,10.89,4918900
ONTY,20110602,6.25,6.4,6.24,6.33,339100
ONVI,20110602,4.05,4.15,4.05,4.06,6000
ONXX,20110602,41.46,41.8,40.54,41.13,597000
OPEN,20110602,83.44,86.25,83.41,85.66,931700
OPHC,20110602,2,2,1.47,1.59,9000
OPLK,20110602,18.26,18.53,18.01,18.35,236000
OPOF,20110602,11.34,11.34,11.3,11.31,1400
OPTR,20110602,14.4,14.6,13.88,14,1500800
OPTT,20110602,4.47,4.67,4.45,4.52,18800
OPXA,20110602,6.76,6.92,6.64,6.68,64500
ORBC,20110602,3.25,3.36,3.18,3.3,107000
ORBK,20110602,12.93,13.02,12.51,12.69,86300
ORBT,20110602,4.5,4.54,4.25,4.48,2900
ORCL,20110602,32.87,32.88,32.08,32.72,38255500
OREX,20110602,3.29,3.38,3.07,3.18,3129000
ORIT,20110602,12.3,12.49,12.25,12.35,222600
ORLY,20110602,59.31,59.65,59.03,59.58,1199500
ORRF,20110602,25.18,26.24,25.18,25.29,1700
OSBC,20110602,1.16,1.16,1.09,1.09,18300
OSBCP,20110602,3.68,3.71,3.65,3.65,2500
OSHC,20110602,12.5,12.55,12.47,12.55,14400
OSIR,20110602,7.16,7.19,7,7.11,45100
OSIS,20110602,39.75,40.02,39.37,39.72,66900
OSN,20110602,3.14,3.14,2.88,3.02,53500
OSTK,20110602,14.35,14.63,14.3,14.4,126800
OSUR,20110602,8.5,8.63,8.45,8.55,180500
OTEX,20110602,65.29,65.9,64.83,65,394500
OTIV,20110602,2.43,2.47,2.33,2.37,141300
OTT,20110602,18.96,19.28,18.96,19.2,39600
OTTR,20110602,21.36,21.55,21.24,21.34,106600
OUTD,20110602,6.01,6.01,5.96,5.98,61500
OVBC,20110602,18.25,18.25,18.25,18.25,0
OVLY,20110602,6.12,6.14,6.04,6.04,900
OVRL,20110602,2.15,2.23,2.06,2.06,48700
OVTI,20110602,33.99,34.24,33.27,33.78,1359700
OXBT,20110602,1.9,1.91,1.84,1.84,13400
OXGN,20110602,3.74,3.8,3.4,3.48,890300
OXLC,20110602,19.17,19.35,18.75,19.35,5000
OZRK,20110602,23.94,24.035,23.675,24.015,147800
PAAS,20110602,33.08,33.5,32.02,32.35,1204500
PACB,20110602,10.75,11.52,10.71,11.51,433700
PACR,20110602,5.05,5.11,4.86,4.97,298100
PACW,20110602,20.45,20.59,20.24,20.52,219200
PAGG,20110602,32.67,32.87,32.44,32.86,47100
PANL,20110602,44.99,45.43,40.17,40.66,3162800
PATH,20110602,8.04,8.23,8.04,8.15,83200
PATK,20110602,2.25,2.58,1.97,2.13,32200
PATR,20110602,22.2,22.33,21.87,21.87,3100
PAYX,20110602,31.55,31.64,31.16,31.23,3039800
PBCT,20110602,13.03,13.1,12.87,13.03,4156300
PBHC,20110602,9.99,10,9.99,10,200
PBIB,20110602,5.42,5.43,5.34,5.37,7000
PBIP,20110602,6.1,6.1,5.97,5.99,14300
PCAR,20110602,47.71,48.31,47.19,47.62,2631400
PCBK,20110602,8.65,8.65,8.53,8.55,12800
PCCC,20110602,8.5,8.66,8.5,8.62,29700
PCH,20110602,34.38,34.49,32.73,33.06,868100
PCLN,20110602,507.99,514.98,504.14,512.78,757200
PCOM,20110602,10.32,10.35,10.06,10.19,10800
PCRX,20110602,13.63,14.33,13.52,13.98,31000
PCTI,20110602,6.8,6.8,6.58,6.59,24800
PCYC,20110602,6.81,7.15,6.74,7.13,533800
PCYO,20110602,3.44,3.44,3.15,3.29,29500
PDCO,20110602,33.84,33.91,33.28,33.36,1011900
PDEX,20110602,3.08,3.08,2.98,2.98,6800
PDFS,20110602,6.13,6.28,6.13,6.26,41300
PDII,20110602,6.76,6.76,6.62,6.71,12200
PDLI,20110602,6.53,6.59,6.35,6.42,3463800
PEBK,20110602,6.23,6.33,6.23,6.33,5800
PEBO,20110602,11.86,12.08,11.7,11.71,7700
PEGA,20110602,36.68,36.89,35.86,36.07,102900
PEIX,20110602,0.37,0.38,0.34,0.34,1949500
PENN,20110602,39.4,39.45,38.61,39.2,591500
PENX,20110602,5.73,5.77,5.73,5.77,2000
PEOP,20110602,13.93,13.93,13.91,13.91,500
PERF,20110602,13.4,13.4,13.4,13.4,0
PERY,20110602,29.07,29.4,28.26,28.5,105600
PESI,20110602,1.35,1.36,1.33,1.33,13900
PETM,20110602,44.62,44.82,43.92,44.08,980000
PETS,20110602,12.38,12.5,12.22,12.22,292100
PFBC,20110602,1.54,1.54,1.51,1.51,28500
PFBI,20110602,7.16,7.32,7.15,7.15,5300
PFBX,20110602,14.08,14.43,14.06,14.31,800
PFIN,20110602,4.45,4.45,4.39,4.45,4600
PFLT,20110602,12.88,13.21,12.88,12.88,61400
PFSW,20110602,5.41,5.41,5.12,5.13,49400
PGC,20110602,12.18,12.2,12.03,12.15,9900
PGNX,20110602,7.8,8.03,7.58,7.89,45300
PGTI,20110602,2.24,2.25,2.17,2.2,16100
PHII,20110602,19.48,20.23,19.48,20.23,400
PHIIK,20110602,19.95,20.03,19.4,20,20800
PHMD,20110602,9.53,9.53,9.49,9.49,300
PICO,20110602,28.45,28.74,27.95,28.04,38600
PKBK,20110602,7.81,7.85,7.76,7.76,2500
PKOH,20110602,19.95,20.32,19.91,20.08,27500
PLAB,20110602,9.87,9.91,9.61,9.73,680900
PLBC,20110602,2.56,2.56,2.5,2.53,700
PLCC,20110602,1.12,1.12,1.12,1.12,0
PLCE,20110602,48.55,48.74,46.89,47.4,1035400
PLCM,20110602,28.845,29.865,28.835,29.685,1485100
PLNR,20110602,3.01,3.11,3.01,3.03,20200
PLPC,20110602,76.45,77,71.45,72.77,80000
PLTM,20110602,30.14,30.14,29.47,29.89,5000
PLUS,20110602,25.28,25.38,24.87,25.26,22300
PLXS,20110602,36.28,36.43,35.76,35.97,266000
PLXT,20110602,3.35,3.4,3.32,3.36,72800
PMBC,20110602,3.7,3.72,3.56,3.7,18100
PMCS,20110602,7.54,7.69,7.43,7.56,3473400
PMD,20110602,9.84,9.87,9.5,9.68,15300
PMFG,20110602,18.21,18.65,17.68,17.72,29700
PMNA,20110602,12.57,12.57,12.46,12.47,1000
PMTC,20110602,22.53,22.74,22.26,22.47,870700
PMTI,20110602,13.49,13.62,12.97,13.03,71300
PNBK,20110602,1.97,2.01,1.97,2.01,700
PNFP,20110602,14.96,15.11,14.76,14.78,100400
PNNT,20110602,12.12,12.23,12,12.16,288000
PNQI,20110602,39.07,39.55,39,39.47,1900
PNRA,20110602,121.77,121.84,119.24,120.7,257300
PNRG,20110602,25.54,25.54,25.54,25.54,0
PNTR,20110602,5.13,5.13,4.76,4.77,600
PODD,20110602,20.51,20.8,19.52,19.59,632600
POOL,20110602,28.33,28.48,27.6,28.25,252900
POPE,20110602,41.8,41.8,41.8,41.8,100
POWI,20110602,36.65,37.6,36.38,37.19,203900
POWL,20110602,32.95,33.32,32.72,33.22,21300
POWR,20110602,7.96,8.12,7.79,7.95,93800
POZN,20110602,5.01,5.07,4.92,5.05,63700
PPBI,20110602,6.87,6.92,6.81,6.81,2300
PPHM,20110602,2.05,2.11,2,2,236300
PRAA,20110602,84,84.92,83.53,83.96,36100
PRAN,20110602,1.93,1.98,1.85,1.95,155500
PRCP,20110602,7.15,7.24,7.05,7.09,33600
PRFT,20110602,11.04,11.16,10.91,11.11,87100
PRFZ,20110602,67.37,67.66,67.1,67.26,16800
PRGO,20110602,84.27,85.78,84.13,85.77,605600
PRGS,20110602,26.1,26.28,25.82,26.2,666700
PRGX,20110602,7.55,7.55,7.18,7.25,151400
PRIM,20110602,12.67,12.67,12.11,12.25,204300
PRKR,20110602,0.89,0.95,0.71,0.76,1026800
PRLS,20110602,3.15,3.27,3.15,3.23,2300
PRMW,20110602,13.54,13.78,13.19,13.47,113300
PROV,20110602,7.57,7.6,7.53,7.53,9300
PRPH,20110602,0.8,0.92,0.8,0.92,22900
PRSC,20110602,13.55,13.55,12.77,12.86,29800
PRTS,20110602,7.5,7.61,7.33,7.43,98300
PRXI,20110602,1.47,1.51,1.46,1.49,147800
PRXL,20110602,24.36,25.21,24.14,24.72,456000
PSAU,20110602,46.78,47.01,45.62,46.53,6100
PSBH,20110602,5.04,5.09,5.04,5.09,500
PSCC,20110602,32.35,32.66,32.29,32.3,1200
PSCD,20110602,28.82,28.82,28.42,28.47,3200
PSCE,20110602,38,38.56,37.56,37.86,22300
PSCF,20110602,27.36,27.49,27.36,27.39,3000
PSCH,20110602,33.66,33.89,33.51,33.7,23700
PSCI,20110602,29.24,29.3,29.08,29.19,1900
PSCM,20110602,29.15,29.15,29.13,29.13,200
PSCT,20110602,31.18,31.23,31,31.05,7400
PSCU,20110602,29.64,29.71,29.59,29.71,5100
PSDV,20110602,4.44,4.5,4.3,4.3,54700
PSEC,20110602,11.32,11.45,11.25,11.39,919300
PSEM,20110602,8.97,9.1,8.95,9.02,40700
PSMT,20110602,44.7,44.95,43.11,44.89,256400
PSTB,20110602,4.93,5.05,4.83,5.03,67500
PSTI,20110602,2.7,2.74,2.66,2.73,80600
PSTR,20110602,6.34,6.5,6.16,6.45,41100
PSUN,20110602,3.06,3.12,2.85,2.92,2339200
PTEK,20110602,1.48,1.48,1.48,1.48,3100
PTEN,20110602,30.47,31.45,30.4,31.28,2710000
PTIE,20110602,10,10.45,9.87,10.19,483400
PTIX,20110602,2,2.04,2,2,1400
PTNR,20110602,16.59,16.66,16.39,16.45,206400
PTRY,20110602,17.65,17.65,16.89,17.15,312100
PTSI,20110602,10.91,11.03,10.79,10.95,4100
PTSX,20110602,0.52,0.52,0.52,0.52,0
PULB,20110602,7.22,7.3,7.22,7.29,1100
PURE,20110602,1.17,1.2,1.05,1.13,609300
PVFC,20110602,1.95,1.95,1.92,1.92,3400
PVTB,20110602,15.62,15.65,15.06,15.16,735900
PVTBP,20110602,26.55,26.94,26.55,26.7,2200
PWER,20110602,8.19,8.41,8.03,8.21,1324200
PWOD,20110602,34.69,35.49,34.69,35.04,3500
PWRD,20110602,23.62,23.78,23.27,23.78,418200
PWX,20110602,14.76,14.84,14.7,14.78,700
PXLW,20110602,2.63,2.65,2.54,2.63,26800
PZZA,20110602,32.42,33.19,32.36,32.93,235800
PZZI,20110602,2.3,2.3,2.28,2.28,9100
QABA,20110602,24.1,24.26,24.1,24.26,1500
QADA,20110602,10.47,10.98,10.15,10.5,33700
QADB,20110602,10.12,10.5,10.12,10.12,2200
QBAK,20110602,1.68,1.75,1.68,1.73,9900
QCCO,20110602,4.5,4.5,4.49,4.49,2200
QCLN,20110602,15.57,15.7,15.51,15.6,4400
QCOM,20110602,57.34,58.31,57.34,57.8,12697300
QCOR,20110602,22.75,23.12,22.55,22.94,374700
QCRH,20110602,8.9,8.92,8.9,8.9,700
QDEL,20110602,15.08,15.21,14.91,15.18,136000
QGEN,20110602,19.47,19.64,19.3,19.33,2239100
QKLS,20110602,60.72,62.4,59.76,62.16,98900
QLGC,20110602,15.86,16.21,15.84,16.06,2257300
QLIK,20110602,32.77,33.1,31.81,32.15,1237500
QLTI,20110602,7.53,7.68,7.5,7.66,62500
QLTY,20110602,11,11.15,10.7,10.88,178400
QNST,20110602,15.35,16.36,15.29,15.32,528500
QQEW,20110602,25.56,25.7,25.52,25.61,10200
QQQ,20110602,57.21,57.41,56.89,57.21,50198000
QQQX,20110602,14.7,14.83,14.63,14.7,34500
QQXT,20110602,23.36,23.36,23.24,23.29,1500
QSII,20110602,42.215,42.46,41.98,42.105,151700
QTEC,20110602,26.71,26.87,26.59,26.72,261700
QTWW,20110602,4.49,4.57,4.22,4.45,259400
QUIK,20110602,2.97,3.23,2.95,2.97,114400
RADA,20110602,3.75,4.08,3.7,3.88,81100
RAIL,20110602,26.51,27.1,26.51,27.04,118900
RAND,20110602,2.98,2.98,2.98,2.98,0
RAVN,20110602,26.17,26.59,25.75,26.05,37700
RBCAA,20110602,20.27,20.27,19.8,19.96,45500
RBCN,20110602,22.85,23.28,22.65,23.22,286000
RBNF,20110602,3.27,3.27,3.27,3.27,200
RBPAA,20110602,1.62,1.62,1.62,1.62,0
RCII,20110602,31,31.43,30.7,31.01,259800
RCKB,20110602,9.41,9.53,9.38,9.5,55400
RCKY,20110602,12.5,12.77,12.05,12.13,24700
RCMT,20110602,5.5,5.6,5.41,5.48,30500
RCON,20110602,1.45,1.57,1.45,1.57,1600
RDA,20110602,11.65,11.99,11.42,11.73,81800
RDCM,20110602,5.92,6.1,5.9,5.95,28400
RDEN,20110602,29,29.49,28.12,28.4,143800
RDI,20110602,4.99,4.99,4.9,4.94,7300
RDIB,20110602,5.5,5.5,5.5,5.5,0
RDNT,20110602,4.74,4.96,4.43,4.65,618900
RDWR,20110602,18.2,18.255,17.75,17.91,243400
RECN,20110602,13.46,14.3,13.38,13.54,102400
REDF,20110602,11.45,11.48,10.3,10.75,2153200
REFR,20110602,5.04,5.45,4.95,5.11,49300
REGN,20110602,59.27,60,57.95,59.06,528600
REIS,20110602,9.7,9.92,9.7,9.84,2600
RELL,20110602,13.3,13.52,13.21,13.41,55500
RELV,20110602,1.95,2.04,1.95,1.97,3000
RENT,20110602,20,20,19.3,19.38,32500
REXI,20110602,6.04,6.17,6.04,6.17,7100
REXX,20110602,12.31,12.61,12.18,12.44,607400
RFIL,20110602,3.74,3.74,3.65,3.7,44000
RFMD,20110602,6.07,6.1,5.99,6.05,5386800
RGCO,20110602,17,17,17,17,0
RGDX,20110602,2.42,2.44,2.26,2.26,7900
RGEN,20110602,3.77,3.82,3.68,3.8,32800
RGLD,20110602,61.23,62,59.63,60.41,634500
RICK,20110602,9.29,9.36,9.21,9.28,46800
RIGL,20110602,8.01,8.23,7.95,8.22,431700
RIMG,20110602,14.2,14.31,13.99,14.01,25500
RITT,20110602,3.09,3.39,3.09,3.14,3000
RIVR,20110602,16.01,16.01,16.01,16.01,0
RJET,20110602,4.69,4.75,4.61,4.7,375100
RLOC,20110602,19.66,20.31,19.02,19.34,131800
RLOG,20110602,7.93,7.97,7.5,7.59,16600
RMBS,20110602,14.04,14.35,14,14.01,1046400
RMCF,20110602,10.41,10.41,10.2,10.27,6700
RMKR,20110602,1,1.01,1,1,25500
RMTI,20110602,14.54,14.62,14.2,14.51,112700
RNET,20110602,15.66,15.98,15.5,15.6,18600
RNIN,20110602,5.9,6,5.8,6,24700
RNST,20110602,14.51,14.75,14.32,14.72,42400
RNWK,20110602,3.6,3.64,3.55,3.57,346100
ROCK,20110602,12.75,13.14,12.37,12.73,165200
ROCM,20110602,9.59,9.67,9.38,9.4,24900
ROIA,20110602,2.19,2.19,2.19,2.19,0
ROIAK,20110602,2.1,2.25,2.1,2.19,363600
ROIC,20110602,10.7,10.81,10.65,10.74,63600
ROICW,20110602,0.76,0.8,0.72,0.78,160400
ROLL,20110602,38.74,39.53,38.74,39.16,68900
ROMA,20110602,10.4,10.4,10.21,10.22,4400
ROSE,20110602,46.52,47.46,45.59,47.08,1379500
ROSG,20110602,6.6,6.6,6.15,6.15,76700
ROST,20110602,40.15,40.38,39.84,40.05,817300
ROVI,20110602,56.72,56.97,55.71,56.2,1653900
ROYL,20110602,3.48,3.66,3.45,3.48,310300
RP,20110602,27.4,28.2,26.87,27.27,267200
RPRX,20110602,5.51,5.62,5.45,5.54,38500
RPTP,20110602,5.6,5.62,5.31,5.51,289400
RPXC,20110602,28.97,28.98,27.63,28.65,117200
RRD,20110602,20.86,20.99,20.44,20.68,2565800
RRGB,20110602,37.71,37.86,36.06,36.32,368500
RRST,20110602,7.45,7.45,7.3,7.3,5100
RSOL,20110602,2.45,2.45,2.41,2.45,3000
RSTI,20110602,34.86,35.33,34.34,34.94,181800
RSYS,20110602,8.23,8.42,8.19,8.27,33100
RTEC,20110602,11.2,11.35,11.07,11.19,98800
RTIX,20110602,2.9,2.99,2.9,2.95,183900
RUE,20110602,33.08,34.69,32.57,34.64,499600
RUSHA,20110602,19,19.13,18.54,18.7,212300
RUSHB,20110602,15.96,16.23,15.95,16.1,1700
RUTH,20110602,5.2,5.25,5.09,5.19,117300
RVBD,20110602,37.41,38.33,37.31,37.94,2323500
RVSB,20110602,3.04,3.07,3.02,3.04,3100
RYAAY,20110602,29.93,30.23,29.71,29.98,575500
SAAS,20110602,3.98,3.99,3.91,3.95,226900
SAFM,20110602,43.73,43.78,42.08,42.2,962100
SAFT,20110602,43.32,43.7,43.13,43.66,35100
SAIA,20110602,14.97,15.14,14.84,15.06,43600
SALM,20110602,3.54,3.56,3.54,3.56,1900
SANM,20110602,10.31,10.49,10.23,10.25,566500
SANW,20110602,3.99,3.99,3.99,3.99,0
SANWW,20110602,0.48,0.48,0.48,0.48,0
SANWZ,20110602,0.2,0.2,0.2,0.2,1500
SAPE,20110602,14.45,14.55,14.22,14.4,792500
SASR,20110602,17.88,17.93,17.5,17.85,28500
SATS,20110602,33.32,33.64,32.96,33.46,201900
SAVE,20110602,11.52,12,11.48,11.9,496900
SBAC,20110602,38.53,39.09,38.53,38.82,1132600
SBBX,20110602,6.73,6.77,6.73,6.75,4600
SBCF,20110602,1.79,1.79,1.71,1.74,229200
SBGI,20110602,9.47,9.55,9.22,9.52,762400
SBLK,20110602,31.95,32.85,31.95,32.85,195600
SBNY,20110602,55.17,55.33,54.95,55.03,234800
SBNYW,20110602,32.45,32.45,32.45,32.45,0
SBRA,20110602,16.95,17.09,16.36,16.64,171100
SBSA,20110602,0.71,0.73,0.66,0.68,64100
SBSI,20110602,19.57,19.82,19.28,19.66,26000
SBUX,20110602,36.02,36.22,35.66,35.92,3997900
SCBT,20110602,29.33,29.42,29.08,29.22,6200
SCHL,20110602,26.31,26.64,26.26,26.43,70200
SCHN,20110602,58.04,59.41,57.47,58.04,265500
SCLN,20110602,5.73,5.74,5.5,5.57,436500
SCMP,20110602,4.32,4.33,4.23,4.23,246000
SCOK,20110602,5.84,6.08,5.77,5.97,175300
SCON,20110602,32.28,32.52,30.12,31.08,149900
SCOR,20110602,27.57,27.8,27.06,27.61,59000
SCSC,20110602,33.88,33.9,33.4,33.5,47500
SCSS,20110602,16.3,16.38,15.54,15.93,959900
SCVL,20110602,17.6667,17.88,17.5467,17.7533,58400
SDBT,20110602,2.46,2.46,2.46,2.46,0
SDIX,20110602,2.24,2.24,2.2,2.22,48300
SEAC,20110602,10.93,11.01,10.68,10.71,71400
SEED,20110602,5.91,5.93,5.47,5.47,331700
SEIC,20110602,22.9,23.02,22.18,22.47,1794500
SENEA,20110602,24.21,25.21,23.8,24.7,38900
SENEB,20110602,24.51,24.51,24.51,24.51,0
SFLY,20110602,57.7,58.49,56.35,58.04,403900
SFNC,20110602,25.47,25.47,25.25,25.41,20900
SFST,20110602,8.07,8.07,8.07,8.07,100
SGC,20110602,11.2,11.2,11.2,11.2,200
SGEN,20110602,19.01,19.3,18.93,19.3,913200
SGI,20110602,17.56,17.61,17.02,17.37,319800
SGMA,20110602,4.55,4.57,4.52,4.52,11600
SGMO,20110602,6.44,6.75,6.44,6.72,384500
SGMS,20110602,9.6,9.82,9.56,9.61,667700
SGNT,20110602,24.94,25.97,24.5,25.43,42000
SGOC,20110602,3.13,3.13,3.12,3.12,300
SGRP,20110602,1.43,1.82,1.42,1.57,123500
SHBI,20110602,7.7,7.8,7.64,7.65,7800
SHEN,20110602,17.53,17.54,17.19,17.29,29700
SHFL,20110602,10.7,10.73,10.5,10.73,154800
SHIP,20110602,0.43,0.44,0.41,0.43,15400
SHLD,20110602,68.25,68.92,67.19,68.29,588700
SHLM,20110602,24.66,24.93,24.54,24.79,159900
SHLO,20110602,10.69,10.73,10.6,10.6,2900
SHOO,20110602,36,36.22,35.13,35.42,498600
SHOR,20110602,10.66,10.76,10.25,10.47,447200
SIAL,20110602,69.04,69.45,68.4,68.91,523300
SIEB,20110602,1.56,1.76,1.56,1.7,2300
SIFI,20110602,10.2,10.2,9.91,10.11,21200
SIFY,20110602,5.89,5.89,5.33,5.58,1959500
SIGA,20110602,13.2,13.41,13,13.29,356300
SIGI,20110602,16.12,16.16,15.94,16,118100
SIGM,20110602,8.86,8.92,8.66,8.69,322300
SILC,20110602,20.55,20.72,20.25,20.4,35300
SIMG,20110602,7.13,7.33,7.04,7.17,799100
SIMO,20110602,11.75,11.99,11.62,11.67,342900
SINA,20110602,121.02,126.42,119.57,125.14,5681500
SINO,20110602,2.33,2.33,2.13,2.13,2800
SIRI,20110602,2.29,2.31,2.22,2.23,83031800
SIRO,20110602,53.15,53.28,52.02,52.57,920200
SIVB,20110602,57.2,57.72,56.93,57.38,418400
SIVBO,20110602,24.82,24.82,24.8,24.8,300
SKBI,20110602,3.88,3.98,3.83,3.83,29700
SKYW,20110602,15.09,15.34,15.07,15.31,195800
SLAB,20110602,41.57,41.86,40.7,41.3,525000
SLGN,20110602,44.34,44.54,43.7,44.35,546200
SLMAP,20110602,47.63,47.69,47.6,47.65,3700
SLP,20110602,2.9,2.9,2.84,2.89,18200
SLRC,20110602,24.24,24.48,24.15,24.35,157200
SLTC,20110602,5.61,5.68,5.31,5.61,3300
SLTM,20110602,3.01,3.05,2.96,2.99,94600
SLXP,20110602,39.19,39.36,38.62,39.05,542400
SMBC,20110602,20.51,20.6,20.51,20.51,3200
SMCI,20110602,16.25,16.6,16.03,16.4,73100
SMED,20110602,4,4,3.9,3.98,30800
SMIT,20110602,3.87,3.87,3.87,3.87,0
SMMF,20110602,3.52,3.69,3.52,3.69,1600
SMRT,20110602,9.4,9.43,9.22,9.35,108900
SMSI,20110602,5,5.07,4.95,4.96,422300
SMT,20110602,7.14,7.14,7.02,7.1,344900
SMTC,20110602,27.31,27.63,27.15,27.5,328000
SMTX,20110602,2.25,2.28,2.21,2.26,107300
SNAK,20110602,4.06,4.1,4.06,4.1,24800
SNBC,20110602,3.78,3.8,3.6,3.75,114200
SNCR,20110602,30.5,31.08,29.64,29.79,378600
SNDK,20110602,45.15,45.82,44.79,45.38,5272900
SNFCA,20110602,1.55,1.55,1.45,1.45,3200
SNHY,20110602,31.12,31.16,30,30.58,47700
SNMX,20110602,6.13,6.25,6.02,6.06,72400
SNPS,20110602,27.12,27.24,26.97,27.19,778600
SNSS,20110602,3.01,3.16,3,3.07,1373000
SNTA,20110602,5.21,5.22,5.1,5.18,115600
SNTS,20110602,3.32,3.34,3.29,3.31,162400
SOCB,20110602,3.31,3.35,3.25,3.35,3200
SODA,20110602,56.26,57.68,56.25,56.78,686400
SOFO,20110602,14.27,14.35,14.27,14.35,1500
SOHU,20110602,80.27,82.87,79.5,81.47,1640900
SOMH,20110602,8.71,8.71,8.71,8.71,600
SONA,20110602,6.66,6.78,6.61,6.78,1900
SONC,20110602,10.91,11.15,10.84,10.91,656900
SONS,20110602,3.12,3.14,3.02,3.08,1473100
SORL,20110602,4.85,4.93,4.6,4.67,112600
SOXX,20110602,57.95,58.35,57.51,57.74,163200
SPAN,20110602,14.48,14.99,14.39,14.87,5000
SPAR,20110602,4.62,4.66,4.61,4.65,138100
SPBC,20110602,11.78,11.78,11.78,11.78,0
SPCHA,20110602,1.85,2,1.85,1.99,5000
SPCHB,20110602,2.3,2.3,2.3,2.3,0
SPIL,20110602,6.61,6.61,6.42,6.48,5316900
SPIR,20110602,3.19,3.24,3.19,3.2,21800
SPLS,20110602,16.5,16.59,16.38,16.42,10358000
SPMD,20110602,4.02,4.36,3.85,4.01,217800
SPNC,20110602,5.81,5.92,5.73,5.73,74900
SPNS,20110602,3.73,3.73,3.73,3.73,0
SPPI,20110602,9.44,9.56,9.11,9.38,1198300
SPPR,20110602,1.08,1.12,1.05,1.05,51900
SPPRO,20110602,24.59,24.89,24.3,24.5,4000
SPPRP,20110602,7.7,7.7,7.7,7.7,600
SPRD,20110602,18.5,18.86,18.36,18.58,654500
SPRO,20110602,2.29,2.3,2.29,2.3,400
SPRT,20110602,4.5,4.52,4.45,4.47,72300
SPSC,20110602,16.3,16.44,16.12,16.25,10700
SPTN,20110602,18.94,19.31,17.55,18.77,185300
SPU,20110602,2.2,2.27,2.09,2.16,468600
SQI,20110602,15.73,15.98,15.5,15.61,104300
SQNM,20110602,7.8,8.21,7.73,8.11,4922900
SQQQ,20110602,100.8,102.44,99.64,100.68,744400
SRCE,20110602,20.42,20.65,20.16,20.24,15300
SRCL,20110602,87.6,88.17,86.55,87.61,345800
SRDX,20110602,14.14,14.23,13.91,14.14,79800
SREV,20110602,19.23,19.46,18.76,18.88,122700
SSBI,20110602,6.7,6.76,6.65,6.76,12900
SSFN,20110602,6.85,6.85,5.65,5.7,1500
SSNC,20110602,19.22,19.37,19,19.3,56000
SSRI,20110602,28.95,29.51,27.74,28.31,1109200
SSRX,20110602,18,18,17.65,17.79,33700
SSYS,20110602,33.77,34.72,33.64,34.49,388500
STAA,20110602,5.74,5.87,5.66,5.7,42400
STAN,20110602,15.6,15.98,15.4,15.62,34100
STBA,20110602,17.88,18.08,17.73,17.94,48400
STBZ,20110602,17.05,17.05,16.71,16.81,110100
STEC,20110602,17.39,17.58,16.86,17.11,1264200
STEI,20110602,7.29,7.37,7.15,7.21,413700
STEL,20110602,11.75,11.88,11.47,11.72,25200
STEM,20110602,0.66,0.67,0.66,0.66,519200
STFC,20110602,16.3,16.44,16.14,16.24,27700
STKL,20110602,7.67,7.72,7.39,7.52,195000
STLD,20110602,16.52,16.92,16.52,16.68,3242000
STLY,20110602,5.04,5.09,4.69,4.77,34700
STMP,20110602,12.53,12.68,12.3,12.64,45200
STND,20110602,15.35,15.37,15.34,15.37,900
STNR,20110602,49.71,50.7,48.93,49.33,32000
STRA,20110602,149.42,152.99,136.24,144.95,1982500
STRL,20110602,12.63,12.73,12.52,12.62,23000
STRM,20110602,1.69,1.69,1.64,1.67,4600
STRN,20110602,7.13,7.29,7.11,7.23,1300
STRS,20110602,14.41,14.41,14.26,14.26,300
STRT,20110602,25.29,25.29,24.46,24.46,800
STSA,20110602,18,18.07,17.75,18,95600
STX,20110602,16.37,16.45,16.05,16.28,7158400
STXS,20110602,32.8,33.4,32.5,32.8,103500
SUBK,20110602,14.83,15.06,14.79,14.93,23900
SUMR,20110602,8.12,8.26,8.07,8.25,24700
SUNS,20110602,17.91,18.17,17.91,18.03,58800
SUPX,20110602,21.2,21.28,20.79,21,17400
SURG,20110602,5.54,5.59,5.45,5.49,48300
SUSQ,20110602,8.26,8.34,8.15,8.25,624000
SUTR,20110602,1.36,1.37,1.3,1.3,16000
SVA,20110602,3.52,3.6,3.5,3.55,155600
SVBI,20110602,3.9,3.9,3.9,3.9,0
SVNT,20110602,8.14,8.28,8.08,8.19,1043500
SVVC,20110602,16.5,16.5,16.3,16.3,3200
SWHC,20110602,3.41,3.43,3.37,3.38,165400
SWIR,20110602,11.72,11.78,11.5,11.69,77000
SWKS,20110602,24.48,24.99,24.22,24.92,4344500
SWSH,20110602,6.41,6.41,5.96,6.07,1659200
SYBT,20110602,23.68,23.79,23.51,23.71,10600
SYBTP,20110602,11.07,11.14,10.7,11,8400
SYKE,20110602,20.69,20.84,20.28,20.5,134600
SYMC,20110602,19.01,19.16,18.74,18.8,9479000
SYMM,20110602,5.58,5.66,5.52,5.58,44500
SYMX,20110602,2.3,2.43,2.28,2.32,150900
SYNA,20110602,27.36,27.61,27.03,27.11,581900
SYNL,20110602,14.74,14.74,14.61,14.61,2900
SYNM,20110602,17.4,18,16.9,17.8,124000
SYNT,20110602,52.04,52.89,52.02,52.4,70000
SYPR,20110602,3.91,3.98,3.9,3.9,10300
SYUT,20110602,10.75,10.93,10.66,10.89,35100
SZYM,20110602,22.05,22.39,21.75,21.96,312200
TACT,20110602,11.35,11.52,11.3,11.37,19700
TAIT,20110602,1.3,1.3,1.22,1.22,5200
TASR,20110602,4.46,4.57,4.46,4.48,357200
TAST,20110602,9.24,9.34,9.23,9.25,39800
TATT,20110602,5.8,5.8,5.8,5.8,600
TAXI,20110602,9.18,9.29,9.18,9.22,35800
TAYC,20110602,8.98,9.25,8.98,9.01,18600
TAYCP,20110602,24.64,24.65,24.49,24.65,1600
TAYD,20110602,5.62,5.66,5.61,5.65,3000
TBAC,20110602,1.97,2,1.94,1.94,2200
TBBK,20110602,9.61,9.63,9.41,9.6,48200
TBNK,20110602,19.65,19.77,19.4,19.52,23200
TBOW,20110602,3.6,3.6,3.4,3.43,13500
TCBI,20110602,24.5,24.86,24.5,24.74,190800
TCBIW,20110602,14.4,14.4,14.4,14.4,0
TCBK,20110602,14.09,14.27,13.96,14,6400
TCCO,20110602,8.56,8.56,8.36,8.44,3400
TCRD,20110602,13.3,13.33,13.07,13.14,121600
TEAR,20110602,2.08,2.08,2.08,2.08,0
TECD,20110602,46.39,46.57,45.77,45.87,837900
TECH,20110602,80.73,80.75,79.92,80.55,105000
TECUA,20110602,9.93,10.05,9.86,10,29500
TECUB,20110602,10.11,10.11,9.74,9.96,4700
TELK,20110602,17.4,17.4,15,15.3,281900
TESO,20110602,20.37,20.48,19.63,19.94,252700
TESS,20110602,11.1,11.11,11.07,11.08,11700
TFCO,20110602,3.7,4.05,3.7,4.05,27900
TFM,20110602,39.65,40.44,33.47,35,3445900
TFSL,20110602,9.87,10.08,9.87,9.99,164800
TGA,20110602,14.81,14.91,14.16,14.52,173000
TGE,20110602,6.47,6.51,6.32,6.4,63000
THFF,20110602,31.62,31.92,31.27,31.72,11800
THLD,20110602,1.73,1.74,1.67,1.69,103700
THOR,20110602,33.78,34.02,33.12,33.52,884200
THRD,20110602,21.42,21.42,21.42,21.42,0
THRX,20110602,23.37,23.53,22.29,23.51,1118000
THTI,20110602,3.54,3.54,3.54,3.54,0
TIBX,20110602,27.17,27.7,26.91,27.44,2031500
TICC,20110602,10.04,10.14,10,10.1,286700
TIGR,20110602,4.23,4.48,4.15,4.48,8100
TINY,20110602,5.38,5.66,5.38,5.56,298100
TISA,20110602,2.18,2.27,2.12,2.19,123800
TITN,20110602,25.94,26.31,25.24,25.32,374400
TIVO,20110602,10.2,10.88,10.2,10.7,6250100
TKMR,20110602,3.3,3.52,3.3,3.3,8800
TLAB,20110602,4.5,4.54,4.42,4.43,9987200
TLF,20110602,5.05,5.05,4.91,4.91,12100
TMNG,20110602,2.31,2.47,2.25,2.4,291200
TNAV,20110602,16.29,16.49,16.29,16.36,136900
TOFC,20110602,8.57,8.57,8.26,8.26,2200
TOPS,20110602,0.6,0.63,0.6,0.62,12900
TORM,20110602,16,16.51,16,16.12,20100
TOWN,20110602,13.17,13.18,12.88,13,29500
TPGI,20110602,3.12,3.25,3.11,3.25,66100
TQNT,20110602,12.3,12.62,12.23,12.41,3197100
TQQQ,20110602,41.585,42.025,40.945,41.63,243600
TRAK,20110602,21.72,22.24,21.72,22.02,336900
TREE,20110602,5.85,5.85,5.77,5.83,10900
TRGT,20110602,22.1,22.53,21.91,22.38,202500
TRIB,20110602,10.29,10.48,10.13,10.37,26400
TRIT,20110602,8.77,8.81,8.31,8.48,46800
TRLG,20110602,27.57,28.11,27.27,27.5,270800
TRMB,20110602,21.2,21.305,20.75,21.025,731000
TRMD,20110602,50.4,51.9,50.4,51.7,6300
TRMK,20110602,23.5,23.57,23.26,23.4,408000
TRNS,20110602,10.21,10.21,10.21,10.21,0
TRNX,20110602,27.81,27.81,26.76,27.02,92300
TROW,20110602,59.61,60.14,59.15,59.91,2409600
TRS,20110602,19.95,20.16,19.78,20.02,171500
TRST,20110602,5.71,5.73,5.63,5.64,134400
TSBK,20110602,5.48,5.48,5.48,5.48,100
TSCO,20110602,61.46,62.45,60.99,62.16,525100
TSEM,20110602,17.25,17.55,17.1,17.25,418100
TSLA,20110602,28.52,29.32,28.51,28.76,986200
TSON,20110602,4.61,4.62,4.41,4.42,10900
TSPT,20110602,11.72,11.88,11.55,11.66,50700
TSRA,20110602,16.49,16.91,16.49,16.75,261300
TSRI,20110602,4.85,4.85,4.85,4.85,0
TSRX,20110602,8.1,8.4,7.98,8.26,71200
TST,20110602,3.34,3.34,3.21,3.25,56300
TSTC,20110602,7.35,7.39,6.95,7.38,283600
TSYS,20110602,4.74,4.82,4.71,4.79,254600
TTEC,20110602,17.9,18.1,17.9,17.94,233800
TTEK,20110602,23.72,23.82,23.34,23.48,519800
TTGT,20110602,7.26,7.42,7.03,7.21,22400
TTHI,20110602,3.12,3.35,3.09,3.14,62800
TTMI,20110602,15.61,15.83,15.4,15.72,684900
TTWO,20110602,16.41,16.58,16.27,16.29,2367200
TUES,20110602,4.75,4.79,4.66,4.69,113900
TWER,20110602,5.17,5.37,5.14,5.37,217300
TWGP,20110602,23.67,23.8,23.51,23.8,111700
TWIN,20110602,31.33,31.75,30.85,31.17,29500
TWMC,20110602,1.96,2.06,1.91,2.02,182100
TWTC,20110602,21.2,21.56,21.16,21.4,721100
TXCC,20110602,3.59,3.6,3.29,3.41,302100
TXN,20110602,34.01,34.37,33.9,34.24,7588600
TXRH,20110602,16.73,16.92,16.5,16.67,938300
TYPE,20110602,13.9,14.14,13.51,13.94,170300
TZOO,20110602,70.71,73.37,67.5,70.39,3139800
TZYM,20110602,4.72,4.78,4.68,4.72,24200
UACL,20110602,15.21,15.21,15,15,1600
UBCP,20110602,8.51,8.55,8.51,8.51,600
UBFO,20110602,3.1,3.19,3.1,3.16,4100
UBNK,20110602,15.18,15.26,14.9,14.92,29700
UBOH,20110602,8.9,9,8.9,9,6300
UBSH,20110602,12.13,12.44,12.1,12.32,37800
UBSI,20110602,23.26,23.28,23,23.14,151000
UCBA,20110602,6.54,6.63,6.54,6.63,300
UCBI,20110602,2.06,2.07,2.02,2.07,352600
UCFC,20110602,1.29,1.29,1.24,1.24,3000
UCTT,20110602,9.73,9.92,9.47,9.5,165000
UEIC,20110602,24.76,24.81,24.46,24.56,20300
UEPS,20110602,8.15,8.48,8.15,8.39,128800
UFCS,20110602,18.26,18.62,18,18.33,62700
UFPI,20110602,28.03,28.57,27.51,27.57,67000
UFPT,20110602,16.1,16.55,16.1,16.42,16900
UG,20110602,15.09,15.19,15,15.19,1300
UHAL,20110602,85.2,87.2,84.01,86.52,44800
ULBI,20110602,4.89,5.05,4.73,4.96,192500
ULGX,20110602,0.98,1,0.96,1,46400
ULTA,20110602,53.92,53.93,50.51,50.59,1406400
ULTI,20110602,54.18,55.35,51.43,54.1,90600
ULTR,20110602,5.22,5.26,5.17,5.2,105300
UMBF,20110602,41.95,42.22,41.83,42.03,140800
UMPQ,20110602,11.51,11.62,11.32,11.51,859200
UNAM,20110602,9.76,9.76,9.76,9.76,100
UNB,20110602,19.85,19.85,19.85,19.85,0
UNFI,20110602,42.91,42.91,41.2,41.58,375600
UNIS,20110602,4.68,4.84,4.59,4.67,133600
UNTD,20110602,5.8,5.83,5.72,5.79,558100
UNTK,20110602,8.79,8.92,8.69,8.8,24400
UNTY,20110602,6.69,6.73,6.5,6.73,2400
UNXL,20110602,8.01,8.31,7.9,7.9,7600
UPI,20110602,8,8.08,7.82,8.03,46600
URBN,20110602,29.98,30.32,29.75,29.8,3391200
URRE,20110602,18,19,17.5,18.1,1122600
USAK,20110602,11.29,11.29,11.23,11.26,53800
USAP,20110602,34.4,34.61,34.08,34.24,55300
USAT,20110602,2.21,2.25,2.15,2.17,226100
USATP,20110602,18.97,18.97,18.97,18.97,100
USATZ,20110602,1.25,1.25,1.2,1.25,2700
USBI,20110602,6.07,6.47,6.07,6.46,11800
USCR,20110602,9.55,9.55,9.55,9.55,0
USEG,20110602,4.64,4.74,4.46,4.59,104800
USLM,20110602,38.57,39.73,38.57,38.82,13100
USMO,20110602,15.63,15.73,14.98,15.03,407000
USTR,20110602,36.06,36.65,34.39,34.56,543000
UTEK,20110602,30.6,32.11,30.52,31.72,260400
UTHR,20110602,63.65,63.68,62.56,63.11,1523200
UTIW,20110602,22.05,22.25,20.97,21.36,637000
UTMD,20110602,27.68,27.68,27.68,27.68,0
UTSI,20110602,5.7,5.76,5.7,5.73,491500
UVSP,20110602,16.28,16.38,16.15,16.17,14900
VALU,20110602,13.77,13.96,13.77,13.85,3100
VALV,20110602,2.63,2.65,2.55,2.6,17200
VASC,20110602,12.49,12.55,11.95,12.02,84300
VBFC,20110602,2.91,2.91,2.91,2.91,200
VCBI,20110602,5.6,5.66,5.58,5.6,16800
VCIT,20110602,81.59,81.59,81.05,81.11,74100
VCLK,20110602,17.99,17.99,17.37,17.7,1584000
VCLT,20110602,80.13,80.22,79.51,79.57,66500
VCSH,20110602,78.64,78.64,78.5,78.56,186000
VDSI,20110602,11.69,11.9,11.32,11.64,242100
VECO,20110602,54.98,56.29,54.37,55.88,758400
VELT,20110602,14.88,14.88,13.8,14.37,507300
VGIT,20110602,62.62,62.68,62.58,62.6,22400
VGLT,20110602,62.25,62.37,61.8,61.91,19500
VGSH,20110602,60.92,60.93,60.88,60.89,21300
VIA,20110602,59.3,59.96,59.3,59.68,16400
VIAB,20110602,50.49,50.72,50.01,50.37,3045500
VIAS,20110602,20.62,20.62,19,20.25,137400
VICL,20110602,3.71,3.9,3.71,3.85,660100
VICR,20110602,15.9,15.9,15.58,15.72,57000
VIDE,20110602,3.65,3.69,3.64,3.69,1800
VIFL,20110602,4.95,4.99,4.83,4.98,9200
VIMC,20110602,2.65,2.73,2.52,2.69,28900
VIRC,20110602,3.01,3.01,3.01,3.01,0
VISN,20110602,72.4,75.8,71,75.8,160000
VIVO,20110602,23.64,23.88,23.41,23.68,402700
VLCCF,20110602,21.45,21.46,20.56,20.83,96100
VLGEA,20110602,26.17,26.17,25.8,25.81,4900
VLTR,20110602,23.68,23.82,23.38,23.45,119200
VLYWW,20110602,2.33,2.5,2.31,2.35,4400
VMBS,20110602,51.2,51.43,51.2,51.41,4700
VMED,20110602,32.19,32.58,32.13,32.42,2028400
VNDA,20110602,7.12,7.23,6.98,7.07,137600
VNET,20110602,12.95,13.12,12.14,12.61,569500
VNQI,20110602,52,52.2,51.61,52.02,18400
VOCS,20110602,27.05,27.61,26.91,27.34,51100
VOD,20110602,26.45,26.65,26.35,26.54,8871900
VOLC,20110602,30.55,30.91,30.2,30.81,422900
VONE,20110602,60.58,60.64,60.17,60.53,8300
VONG,20110602,62.05,62.13,61.88,61.9,3000
VONV,20110602,59.38,59.38,59,59.28,8100
VOXX,20110602,7.46,7.64,7.46,7.56,50500
VPFG,20110602,13,13.2,12.93,13.17,110300
VPHM,20110602,19.01,19.08,18.57,18.7,483400
VPRT,20110602,48.25,49.14,48.1,48.59,325600
VRA,20110602,42.95,43.23,39.8,41.17,3010500
VRML,20110602,5.16,5.21,4.92,5.03,407100
VRNM,20110602,2.14,2.16,2.13,2.13,33400
VRNT,20110602,34.83,34.95,34.06,34.48,96300
VRSK,20110602,33.86,34.4,33.71,34.1,753900
VRSN,20110602,34.6,35.15,34.58,35.05,3399800
VRTA,20110602,1.38,1.38,1.38,1.38,0
VRTB,20110602,1.78,1.87,1.74,1.76,17200
VRTS,20110602,54.52,54.52,53.9,54.45,12500
VRTU,20110602,18.85,19,18.42,18.91,96200
VRTX,20110602,52.9,54.68,52.88,54.5,2058800
VSAT,20110602,43.23,43.68,42.84,43.21,113600
VSBN,20110602,12,12,12,12,200
VSCI,20110602,2.4,2.58,2.39,2.52,56300
VSCP,20110602,1.9,1.99,1.76,1.88,43500
VSEC,20110602,25.9,26.5,25.75,26.33,23100
VTHR,20110602,60.87,60.94,60.49,60.75,9500
VTNC,20110602,14.34,14.64,14.17,14.19,65300
VTSS,20110602,4.23,4.31,4.16,4.3,404500
VTUS,20110602,16.72,17.24,16.25,16.5,38600
VTWG,20110602,67.77,67.93,67.27,67.68,3600
VTWO,20110602,65.07,65.31,64.56,64.88,29400
VTWV,20110602,62.32,62.32,62.09,62.09,1000
VVTV,20110602,7.1,7.12,6.87,6.91,256100
VVUS,20110602,8.67,8.72,8.44,8.54,1401300
VXUS,20110602,51.28,51.28,50.75,51.21,233200
VYFC,20110602,5.06,5.06,5.06,5.06,0
WABC,20110602,48.05,48.64,47.25,48.31,233300
WAFD,20110602,15.4,15.59,15.38,15.54,505300
WASH,20110602,22.46,22.58,22.1,22.28,14100
WAVX,20110602,2.64,2.7,2.53,2.56,364900
WAYN,20110602,8.5,8.5,8.5,8.5,0
WBCO,20110602,13.22,13.35,13.13,13.16,22300
WBKC,20110602,14.76,14.85,14.75,14.85,4300
WBMD,20110602,47.34,48.36,47.34,47.72,642800
WBSN,20110602,24.26,24.29,24.02,24.07,156100
WCRX,20110602,23.44,23.57,23.2,23.3,1219800
WDC,20110602,35.36,35.41,34.74,35.03,2634400
WDFC,20110602,41.51,41.51,40.84,41.17,41000
WEBM,20110602,9.59,9.94,9.31,9.66,128100
WERN,20110602,24.35,24.76,24.16,24.22,717600
WEYS,20110602,23,23.03,22.69,22.8,9400
WFD,20110602,8.04,8.05,7.88,7.91,32100
WFM,20110602,59.64,59.77,57.45,58.69,1906700
WIBC,20110602,3.09,3.17,3.03,3.06,789700
WIFI,20110602,9.46,10,9.37,9.96,55600
WILC,20110602,7.35,7.45,7.28,7.33,27100
WILN,20110602,7.43,7.71,7.19,7.54,70200
WIN,20110602,13.2,13.34,13.17,13.32,4790900
WINA,20110602,38.06,38.06,36.1,37.18,11100
WIRE,20110602,23.76,24.07,23.45,23.74,108400
WLB,20110602,17.58,17.98,17.08,17.69,54400
WLBPZ,20110602,29.7,29.7,29.7,29.7,0
WLDN,20110602,3.95,4.05,3.95,4.05,7400
WLFC,20110602,12.84,12.85,12.75,12.81,15200
WMAR,20110602,10.24,10.29,10.24,10.25,19700
WMGI,20110602,15.21,15.35,15.15,15.22,464800
WOOD,20110602,45.98,46.15,44.12,44.18,293700
WOOF,20110602,23.99,24.08,23.71,23.81,413400
WPCS,20110602,2.44,2.5,2.44,2.5,67900
WPPGY,20110602,59.9,60.53,59.55,59.92,46500
WPRT,20110602,23.9,24.77,23.8,24.57,522600
WRES,20110602,3.58,3.68,3.55,3.58,268700
WRLD,20110602,65.07,65.82,64.31,64.76,77800
WRLS,20110602,6.25,6.84,6.25,6.71,60700
WSB,20110602,2.96,2.96,2.96,2.96,0
WSBC,20110602,19.15,19.47,18.94,19.23,36200
WSBF,20110602,2.66,2.68,2.58,2.65,9100
WSCI,20110602,4.94,5.04,4.94,5.01,5300
WSFS,20110602,39.84,39.84,39.09,39.4,8400
WSTG,20110602,14.87,14.87,14.41,14.48,700
WSTL,20110602,3.46,3.6,3.45,3.55,346700
WTBA,20110602,7.22,7.25,7.12,7.19,12100
WTFC,20110602,31.5,31.57,31.2,31.34,148300
WTFCW,20110602,14.82,14.82,14.79,14.79,2700
WVFC,20110602,8.87,8.87,8.87,8.87,0
WVVI,20110602,3.1,3.14,3.09,3.1,1000
WWD,20110602,32.96,33.8,32.79,33.23,246400
WWWW,20110602,11.33,11.87,11.26,11.44,234200
WYNN,20110602,146.34,147.42,143.4,146.26,1610900
XBKS,20110602,4.2,4.23,4.01,4.2,7300
XIDE,20110602,8.01,8.19,7.12,7.35,6059500
XLNX,20110602,34.85,35.15,34.52,34.84,3167300
XNPT,20110602,7.58,7.72,7.52,7.66,417600
XOMA,20110602,2.97,3.08,2.97,3.02,415400
XRAY,20110602,38.36,38.48,38,38.37,717500
XRTX,20110602,9.21,9.4,9.06,9.09,270200
XTEX,20110602,18.37,18.54,17.63,17.65,196300
XTXI,20110602,11.08,11.52,10.75,11.35,808000
XWES,20110602,4.07,4.15,4.05,4.05,7700
XXIA,20110602,14.88,15.14,14.6,14.9,116200
YAVY,20110602,2.27,2.3,2.21,2.24,30900
YHOO,20110602,16,16.11,15.87,16.02,21009800
YNDX,20110602,32.06,33.75,31.55,33.52,2097800
YORW,20110602,16.71,17.15,16.71,16.77,18600
YRCW,20110602,0.76,0.78,0.73,0.76,678400
ZAGG,20110602,11.11,11.53,10.57,11.19,1907500
ZBRA,20110602,42.95,43.01,42.32,42.59,267900
ZEUS,20110602,28.48,28.58,27.47,27.72,129200
ZGNX,20110602,4.18,4.23,4.05,4.11,19800
ZHNE,20110602,2.28,2.3,2.25,2.27,29100
ZIGO,20110602,13.2,13.79,13.17,13.58,47800
ZINC,20110602,12.39,12.61,12.1,12.23,435700
ZION,20110602,23,23.15,22.71,23.06,2060400
ZIONW,20110602,6.32,6.54,6.32,6.48,12500
ZIOP,20110602,6.77,7.02,6.64,6.98,583700
ZIPR,20110602,2.49,2.5,2.47,2.47,600
ZIXI,20110602,3.66,3.73,3.56,3.63,883300
ZLCS,20110602,2.58,2.75,2.57,2.69,2025200
ZN,20110602,5.67,5.79,5.51,5.73,138800
ZOLT,20110602,10.63,10.76,10.45,10.57,107800
ZOOM,20110602,2.68,2.72,2.65,2.65,83700
ZUMZ,20110602,29.02,29.15,25.29,25.84,2222000
