<ticker>,<date>,<open>,<high>,<low>,<close>,<vol>
AACC,20110912,3.92,4.04,3.91,3.92,10200
AAME,20110912,1.98,2.04,1.96,2.04,1400
AAON,20110912,15.58,16.19,15.58,16.13,48300
AAPL,20110912,373,380.88,371.9,379.94,16708200
AAWW,20110912,43.69,44.31,43.01,43.88,243900
AAXJ,20110912,52.38,53.19,51.79,53.13,715300
ABAX,20110912,23.93,24.5,23.57,24.21,68600
ABCB,20110912,8.36,8.68,8.31,8.64,46900
ABCD,20110912,2.89,3.2,2.89,2.96,482800
ABCO,20110912,28.76,29.39,28.5,29.39,82200
ABFS,20110912,18.29,19.16,18.2,19.15,466800
ABIO,20110912,7.2,7.74,7.02,7.5,35200
ABMD,20110912,10.57,10.9,10.45,10.71,240800
ABTL,20110912,4.4,4.45,4.15,4.3,26700
ACAD,20110912,1.4,1.46,1.28,1.43,515300
ACAS,20110912,7.94,8.3,7.93,8.29,3216700
ACAT,20110912,14.7,15.99,14.7,15.94,131900
ACCL,20110912,5.82,6.07,5.82,6.05,130400
ACET,20110912,5.21,5.46,5.2,5.44,103500
ACFC,20110912,2.43,2.6,2.36,2.42,15100
ACFN,20110912,4.91,4.99,4.81,4.95,51400
ACGL,20110912,32.05,32.67,32.01,32.64,778100
ACHN,20110912,5.72,5.83,5.57,5.78,351000
ACIW,20110912,26.01,26.97,25.76,26.91,301700
ACLS,20110912,1.27,1.33,1.27,1.33,622500
ACNB,20110912,15.6,15.6,14.11,14.44,8200
ACOR,20110912,23.15,23.63,22.55,23.17,519000
ACPW,20110912,7.05,7.3,6.55,7.05,424100
ACRX,20110912,3.22,3.4,3.22,3.33,1900
ACTG,20110912,42.49,43.73,41.31,42.96,377000
ACTS,20110912,1.9,1.92,1.86,1.91,17600
ACUR,20110912,2.78,3.24,2.78,3.06,67100
ACWI,20110912,40.28,40.88,39.95,40.88,714200
ACWX,20110912,36.14,36.64,35.89,36.64,155900
ACXM,20110912,9.84,10.13,9.78,10.12,478500
ADAT,20110912,1.74,1.76,1.6,1.74,30400
ADBE,20110912,24.32,25.23,24.24,25.2,6505400
ADEP,20110912,3.64,3.75,3.64,3.75,1600
ADES,20110912,15.54,15.69,15.14,15.36,35100
ADI,20110912,31.75,32.83,31.69,32.83,3765100
ADP,20110912,47.19,48.37,47,48.31,3548200
ADRA,20110912,23.4,23.4,23.09,23.15,3300
ADRD,20110912,17.61,17.9,17.61,17.69,14400
ADRE,20110912,39.26,39.77,38.86,39.74,72300
ADRU,20110912,17.26,17.52,17.2,17.52,4900
ADSK,20110912,25.07,26.75,25,26.72,5531400
ADTN,20110912,28.24,29.62,28.24,29.62,402800
ADUS,20110912,4.85,5,4.7,4.95,6100
ADVS,20110912,21.15,22.21,21.15,22.2,270400
AEGR,20110912,14.48,14.9,14.44,14.88,24100
AEHR,20110912,1.18,1.18,1.07,1.07,4200
AEIS,20110912,9.11,9.48,9.11,9.43,326900
AEPI,20110912,24.79,25.54,24.11,24.68,23100
AERL,20110912,7.1,7.49,7,7.09,70400
AETI,20110912,3.6,3.63,3.43,3.62,3900
AEY,20110912,2.24,2.26,2.22,2.25,700
AEZS,20110912,11.16,11.64,10.98,11.46,1203500
AFAM,20110912,17.72,18.27,17.56,18.13,69100
AFCB,20110912,12.59,12.59,12.59,12.59,600
AFCE,20110912,11.99,12.3,11.99,12.15,101400
AFFX,20110912,5.3,5.36,5.15,5.32,1041700
AFFY,20110912,4.31,4.45,4.3,4.38,229700
AFOP,20110912,7.61,7.86,7.57,7.83,8800
AFSI,20110912,22.49,22.92,22.24,22.88,279900
AGEN,20110912,0.49,0.59,0.49,0.55,622400
AGII,20110912,25.54,26.11,25.42,26.06,104700
AGNC,20110912,28.15,28.99,28.01,28.98,7379600
AGYS,20110912,8.05,8.55,8.05,8.45,111600
AHGP,20110912,46.77,47.49,45.91,46.78,48100
AHPI,20110912,3.76,3.9,3.75,3.79,900
AIMC,20110912,12.35,12.72,12.22,12.61,499100
AINV,20110912,8.53,8.76,8.42,8.76,2039200
AIRM,20110912,20.3767,20.9933,19.9433,20.3833,71400
AIRT,20110912,7.74,7.74,7.66,7.69,700
AIXG,20110912,18.77,18.92,18.27,18.63,341300
AKAM,20110912,20.5,20.96,20.41,20.91,3382900
AKRX,20110912,7.85,8.08,7.75,7.94,591100
ALCO,20110912,19.77,19.86,19.55,19.73,9100
ALGN,20110912,16.72,16.76,16.17,16.42,922700
ALGT,20110912,44.5,45.59,44.5,45.36,44400
ALIM,20110912,6.96,7.27,6.95,7.27,50900
ALKS,20110912,16.03,16.38,15.75,16.25,578100
ALLB,20110912,10.42,10.42,10.42,10.42,0
ALLT,20110912,11.39,11.97,11.31,11.7,174300
ALNY,20110912,6.35,6.76,6.28,6.58,307500
ALOG,20110912,43.78,44.59,43.78,44.5,75300
ALOT,20110912,7.3,7.3,7.3,7.3,0
ALSK,20110912,7.11,7.26,7.05,7.13,526800
ALTE,20110912,18.87,19.18,18.64,19.17,258000
ALTI,20110912,1.1,1.17,1.1,1.12,55500
ALTR,20110912,34.02,36.19,34.02,36.16,8433600
ALVR,20110912,11.4,11.4,10.9,11.2,210500
ALXA,20110912,11.8,12.9,11.6,12.2,234200
ALXN,20110912,57.09,58.9,56.85,58.81,1073600
AMAG,20110912,14.02,14.7,13.98,14.38,562900
AMAP,20110912,14.01,14.38,13.97,14.3,115300
AMAT,20110912,10.63,10.87,10.62,10.86,17444900
AMBT,20110912,5.7,7.51,5.7,7.19,3800
AMCC,20110912,5.24,5.72,5.24,5.72,656600
AMCF,20110912,1.69,1.79,1.69,1.79,44200
AMCN,20110912,2.45,2.52,2.39,2.42,112900
AMCX,20110912,32.3,33.17,31.41,32.8,223900
AMED,20110912,15.31,15.77,15.06,15.74,566600
AMGN,20110912,53.29,54.16,53.26,54.06,5406600
AMIC,20110912,5.48,5.97,5.21,5.97,1200
AMKR,20110912,4.25,4.5,4.25,4.49,3127500
AMNB,20110912,17.67,17.94,17.67,17.85,6800
AMOT,20110912,5.3,5.3,5.2,5.25,800
AMOV,20110912,22.74,23.24,22.74,23.24,4700
AMPE,20110912,8.25,8.25,7.82,8.2,84000
AMRB,20110912,4.97,4.97,4.73,4.73,3900
AMRI,20110912,3.21,3.41,3.21,3.38,65700
AMRN,20110912,10.51,11.02,10.2,10.55,1472900
AMRS,20110912,18.27,18.5,17.75,18.22,297700
AMSC,20110912,5.94,6.18,5.88,6.17,789700
AMSF,20110912,18.74,19.58,18.74,19.52,56900
AMSG,20110912,20.82,21.46,20.78,21.42,138800
AMSWA,20110912,7,7.36,7,7.31,49200
AMWD,20110912,12.46,12.99,12.44,12.74,12400
AMZN,20110912,208.75,216.66,208.65,216.56,5343500
ANAC,20110912,5.01,5.42,5.01,5.36,41400
ANAD,20110912,2.46,2.52,2.36,2.51,332600
ANAT,20110912,70.35,71.51,70.11,71.09,16600
ANCB,20110912,7,7,6.84,6.85,800
ANCI,20110912,2.1,2.22,2.1,2.13,3900
ANCX,20110912,8,8.1,8,8.01,2500
ANDE,20110912,35.37,36.96,35.02,36.91,147600
ANEN,20110912,19.27,19.77,19.04,19.75,42100
ANGO,20110912,13,13.52,13,13.42,75600
ANIK,20110912,5.95,6.01,5.8,5.94,37500
ANLY,20110912,3.33,3.33,3.13,3.27,14500
ANSS,20110912,49.68,51.23,49.58,51.21,525300
ANTH,20110912,4.56,4.85,4.56,4.67,49900
ANTP,20110912,2.32,2.46,2.3,2.44,2300
AOSL,20110912,7.3,8.06,7.3,7.67,158200
APAGF,20110912,70.12,73.07,70.1,72,14600
APEI,20110912,38.92,39.98,38.63,39.92,84300
APFC,20110912,7.11,7.72,6.76,7.36,5800
APOG,20110912,8.22,8.55,8.22,8.53,82600
APOL,20110912,45.03,45.7,44.33,45.34,1390300
APPY,20110912,18.36,20.34,18.36,20.04,11000
APRI,20110912,4.26,4.28,4.19,4.23,97500
APSA,20110912,16.99,17.99,16.75,17.99,4100
APWC,20110912,3.29,3.29,3.29,3.29,1000
ARAY,20110912,4.26,4.34,4.15,4.27,416100
ARCC,20110912,14.02,14.28,13.91,14.27,2393300
ARCI,20110912,4.6,4.65,4.44,4.65,24400
ARCP,20110912,12.5,12.73,12.4,12.73,12900
ARCW,20110912,3,3,3,3,0
ARDNA,20110912,79.03,82.74,79.03,80.88,500
AREX,20110912,18.37,19.15,18.34,18.99,497600
ARIA,20110912,9.32,9.85,9.3,9.72,2584500
ARII,20110912,15.53,16.41,15.53,16.35,63700
ARKR,20110912,13.3,13.54,13.28,13.34,3700
ARLP,20110912,70.71,71.94,70.05,71.72,60200
ARMH,20110912,27.25,28.37,27.1,27.76,7794400
ARNA,20110912,1.28,1.29,1.25,1.27,1011600
AROW,20110912,22.99,23.76,22.63,23.67,38700
ARQL,20110912,4.13,4.45,4.13,4.45,228300
ARRS,20110912,10.21,10.6,10.21,10.6,933100
ARRY,20110912,2.01,2.03,1.95,2,351500
ARTC,20110912,29.25,29.63,29.06,29.61,87500
ARTNA,20110912,17.17,17.23,16.52,17.11,60500
ARTW,20110912,6.37,6.54,6.16,6.16,4800
ARTX,20110912,1.52,1.55,1.44,1.5,5800
ARUN,20110912,18.09,18.93,17.88,18.72,3909800
ARWR,20110912,0.5,0.5,0.48,0.49,77500
ASBC,20110912,9.73,10.01,9.44,10,1956700
ASBI,20110912,3.97,3.97,3.97,3.97,0
ASCA,20110912,16.21,16.75,16.21,16.7,370200
ASCMA,20110912,42.82,43.89,41.75,43.06,57500
ASEI,20110912,61.63,62.73,61.42,62.6,31100
ASFI,20110912,8.17,8.17,7.83,7.98,11900
ASIA,20110912,10.31,11.2,10.27,11.15,419400
ASMI,20110912,24.68,25.6,24.66,25.6,73800
ASML,20110912,34,35,33.99,34.97,2546500
ASNA,20110912,13.185,13.55,13.08,13.55,430900
ASPS,20110912,34.62,35.22,34.15,35.22,67800
ASRV,20110912,1.93,2,1.93,1.98,6800
ASRVP,20110912,25.01,25.01,25.01,25.01,0
ASTC,20110912,0.7,0.72,0.7,0.7,12800
ASTE,20110912,31.84,32.95,31.06,31.59,208700
ASTI,20110912,0.9,1.01,0.89,0.94,152700
ASTM,20110912,2.38,2.47,2.36,2.45,168900
ASTX,20110912,2.01,2.29,1.82,2.25,172400
ASUR,20110912,2.24,2.3467,2.24,2.24,2400
ASYS,20110912,10.01,10.29,9.58,10.02,166900
ATAI,20110912,9.13,9.27,8.91,9.27,6800
ATAX,20110912,5.36,5.39,5.3,5.31,19300
ATEA,20110912,2.81,3.3,2.81,2.93,3900
ATEC,20110912,2.28,2.37,2.25,2.32,65300
ATHN,20110912,58.24,60.62,58.21,60.52,624200
ATHX,20110912,2.03,2.03,1.94,2,44000
ATLO,20110912,14.83,15.94,14.83,15.41,7400
ATMI,20110912,16.12,16.6,16.11,16.56,109400
ATML,20110912,8.54,9.12,8.54,9.05,10032500
ATNI,20110912,30.61,31.14,30.2,31.01,35000
ATNY,20110912,4.6,4.9,4.6,4.82,14800
ATRC,20110912,10.14,10.19,9.55,9.64,19500
ATRI,20110912,199.45,199.45,192.65,193.91,1800
ATRM,20110912,1.35,1.36,1.32,1.33,9200
ATRO,20110912,27.76,28.51,27.03,28.46,22200
ATSG,20110912,4.9,5.11,4.88,4.99,388200
ATVI,20110912,11.3,11.51,11.3,11.49,6074600
ATX,20110912,8.87,9.57,8.87,9.09,35600
AUBN,20110912,19.47,19.47,19.47,19.47,100
AUDC,20110912,3.4,3.49,3.33,3.4,146100
AUXL,20110912,15.61,16.2,15.49,16.1,1252900
AVAV,20110912,27.51,28.56,27.51,28.52,333900
AVEO,20110912,15.94,16.39,15.91,16.3,182500
AVGO,20110912,31.85,33.67,31.8,33.53,2046900
AVID,20110912,8.33,8.65,8.31,8.58,149100
AVNR,20110912,2.75,2.83,2.7,2.78,1205000
AVNW,20110912,2.43,2.57,2.33,2.49,300300
AWAY,20110912,39,43.08,39,40.15,46300
AWRE,20110912,2.86,2.9,2.83,2.85,6200
AXAS,20110912,3.28,3.41,3.28,3.4,1064000
AXFN,20110912,19.05,19.05,18.75,18.75,600
AXTI,20110912,6.81,7.04,6.51,6.83,790000
AZPN,20110912,15.69,16.08,15.53,16.01,426700
BABY,20110912,9.17,9.87,9.05,9.47,121100
BAGL,20110912,13.08,13.29,12.91,12.94,18600
BAMM,20110912,2.6,2.67,2.59,2.66,16300
BANC,20110912,10.81,11.67,10.81,11.29,24700
BANF,20110912,33.65,34.22,33,34.03,11700
BANFP,20110912,27,27,27,27,0
BANR,20110912,14,14.73,14,14.51,141400
BASI,20110912,1.54,1.61,1.54,1.61,300
BBBY,20110912,55.4,58.08,55.39,58.01,2985300
BBEP,20110912,17.87,18.19,17.5,17.84,282500
BBGI,20110912,3.97,3.97,3.82,3.92,1100
BBNK,20110912,9.26,9.44,9.17,9.28,3200
BBOX,20110912,22.51,23.5,22.51,23.44,106600
BBRG,20110912,16.36,16.75,16.05,16.49,119200
BBRY,20110912,29.18,30.35,29.08,30.17,17961600
BBSI,20110912,13.53,14.35,13.52,14.03,21900
BCBP,20110912,10.16,10.16,9.85,9.85,1900
BCOM,20110912,16.5,16.58,16.5,16.5,1000
BCPC,20110912,37.93,39.05,37.93,38.75,126300
BCRX,20110912,2.76,2.9,2.72,2.82,201300
BCSB,20110912,12.02,12.02,12.02,12.02,0
BDE,20110912,6.95,7.36,6.95,7.03,33700
BDGE,20110912,17.69,18.58,17.69,18.31,19500
BDMS,20110912,17.63,17.65,17.26,17.26,4000
BDSI,20110912,3.17,3.19,3.12,3.15,57800
BEAT,20110912,3.1,3.15,3.01,3.09,130900
BEAV,20110912,30.2,31.15,30.03,31.13,1042300
BEBE,20110912,6.65,6.84,6.53,6.77,398500
BECN,20110912,17.21,17.75,17.13,17.74,399700
BELFA,20110912,16.17,16.17,16.17,16.17,0
BELFB,20110912,14.39,15.24,14.35,15.14,20900
BERK,20110912,7.3,7.39,6.63,6.64,3400
BFIN,20110912,6.99,7.2,6.99,7.13,28500
BFLY,20110912,1.85,1.87,1.8,1.86,2700
BGCP,20110912,6.39,6.49,6.25,6.48,1338600
BGFV,20110912,6.66,7.03,6.66,6.88,65700
BGMD,20110912,3.44,4.13,3.44,3.48,21200
BIB,20110912,27.94,29,27.905,29,3800
BICK,20110912,25.01,25.4,24.76,25.4,33700
BIDU,20110912,141.64,145,140.65,144.23,5139400
BIIB,20110912,89.37,92.02,89.37,91.99,1838700
BIOD,20110912,4.48,4.8,4.48,4.8,89800
BIOF,20110912,5.6,5.8,5.6,5.8,91500
BIOS,20110912,5.4,5.68,5.38,5.54,106500
BIRT,20110912,5.49,5.63,5.36,5.48,351100
BIS,20110912,43.04,43.04,43.04,43.04,100
BJRI,20110912,40.5,41.8,40.33,41.39,257400
BKCC,20110912,8.45,8.77,8.45,8.77,406400
BKEP,20110912,7.58,7.58,7.35,7.35,19100
BKMU,20110912,2.75,2.95,2.75,2.87,99800
BKOR,20110912,3.12,3.12,2.29,2.29,1600
BKSC,20110912,9.66,10.04,9.66,9.91,400
BKYF,20110912,19.22,20.2,19.22,19.77,6800
BLDP,20110912,1.39,1.42,1.38,1.42,41700
BLDR,20110912,1.66,1.77,1.64,1.72,117800
BLIN,20110912,0.97,0.97,0.8,0.8,12700
BLKB,20110912,22.68,23.37,22.61,23.37,116100
BLRX,20110912,3.2,3.2,2.75,2.75,600
BMC,20110912,37.83,38.95,37.79,38.93,1541700
BMRC,20110912,32.76,33.76,32.76,33.23,9000
BMRN,20110912,28.57,29.92,28.57,29.88,1353900
BMTC,20110912,16.88,17.6,16.76,17.47,43100
BNCL,20110912,7.18,7.42,7.17,7.39,51600
BNCN,20110912,6.84,6.91,6.84,6.84,500
BNSO,20110912,1.55,1.55,1.5,1.5,4400
BOBE,20110912,27.79,29.1,27.79,28.84,194200
BOCH,20110912,3.34,3.36,3.14,3.22,98700
BODY,20110912,17.43,17.64,16.76,17.12,212300
BOFI,20110912,12.91,13.18,12.91,13.12,9000
BOKF,20110912,45.54,47.35,45.2,47.28,98900
BOLT,20110912,11.24,11.82,11.12,11.7,24300
BONA,20110912,4.58,4.79,4.16,4.65,98800
BONT,20110912,6.38,6.43,5.74,6.08,239900
BOOM,20110912,17.35,18.05,17.01,17.57,62300
BOSC,20110912,5.32,5.36,5.24,5.36,3300
BPAX,20110912,16.86,17.4,16.2,16.62,2479400
BPFH,20110912,5.48,5.72,5.39,5.67,493100
BPFHW,20110912,1.4,1.77,1.4,1.77,700
BPHX,20110912,0.7,0.75,0.68,0.69,46200
BPOP,20110912,17.5,18,16.9,17.2,9903600
BPOPM,20110912,16.76,16.76,16.75,16.75,500
BPOPN,20110912,18.4,18.4,17.6,18.35,3700
BRCD,20110912,3.75,4.02,3.55,3.98,26621700
BRCM,20110912,32.15,33.56,31.8,33.06,14708000
BRID,20110912,9.43,9.5,9.37,9.37,1000
BRKL,20110912,7.64,7.91,7.64,7.91,398000
BRKR,20110912,12.35,12.93,12.3,12.86,738600
BRKS,20110912,8.09,8.49,8.02,8.48,309300
BRLI,20110912,19,19.46,18.96,19.43,118000
BSDM,20110912,2.9,2.92,2.68,2.76,93000
BSET,20110912,7.27,7.3,7.13,7.24,9700
BSFT,20110912,28.66,29.37,27.9,28.99,373500
BSPM,20110912,3.03,3.03,2.88,2.88,66500
BSQR,20110912,4.5,4.57,4.45,4.53,5800
BSRR,20110912,9.03,9.86,9.01,9.56,14100
BSTC,20110912,16.66,17.06,16.25,16.81,3600
BTUI,20110912,4.77,4.77,4.33,4.33,9300
BUSE,20110912,4.25,4.55,4.24,4.45,115200
BVSN,20110912,8.47,8.63,8.42,8.45,8300
BWEN,20110912,5.3,5.6,5,5.1,519500
BWINA,20110912,24,24,24,24,0
BWINB,20110912,21.35,21.55,21.01,21.5,8600
BWLD,20110912,58.51,61.04,58.51,59.53,343000
BYFC,20110912,1.44,1.44,1.44,1.44,0
CA,20110912,19.55,19.94,19.41,19.92,4375400
CAAS,20110912,4.72,5.15,4.6,4.93,305800
CAC,20110912,26.76,27.97,26.76,27.81,19700
CACB,20110912,8.35,8.99,7.79,7.91,8400
CACC,20110912,64,65.68,64,65.07,29300
CACH,20110912,5.25,5.35,5.16,5.32,29600
CADC,20110912,1.86,1.94,1.86,1.91,26300
CADX,20110912,6.26,6.49,6.2,6.34,137400
CAFI,20110912,1.35,1.37,1.25,1.29,6400
CAKE,20110912,25.27,26.15,25.27,26.14,1019200
CALD,20110912,4.12,4.34,4.12,4.31,145200
CALI,20110912,8.1,8.4,8.04,8.4,4600
CALL,20110912,9.85,10.215,9.85,9.985,15200
CALM,20110912,31.68,32.95,31.3,32.32,119000
CAMP,20110912,2.99,3.03,2.82,2.87,138700
CAMT,20110912,2.1,2.15,2.07,2.09,90700
CAR,20110912,11.53,11.89,11.16,11.45,3312100
CARB,20110912,12.54,13.24,12.29,12.81,57000
CART,20110912,2.5,2.73,2.4,2.73,3000
CARV,20110912,0.7,0.7,0.7,0.7,0
CARZ,20110912,22.51,22.51,22.51,22.51,300
CASH,20110912,18.31,18.49,17.8,18.49,1700
CASM,20110912,2.7,2.71,2.58,2.65,25400
CASS,20110912,32.77,33.4,32.45,33.1,12700
CASY,20110912,42.58,45.35,42.1,45.32,444300
CATM,20110912,22.62,23.34,22.17,22.8,404800
CATY,20110912,11.25,11.87,11.17,11.74,383600
CAVM,20110912,33,34.76,32.03,33.1,5144400
CBAK,20110912,4.85,5.1,4.75,4.95,71600
CBAN,20110912,2.98,2.98,2.98,2.98,0
CBEY,20110912,8.6,8.75,8.35,8.4,169500
CBIN,20110912,9.53,9.8,9.5,9.8,5600
CBLI,20110912,2.94,2.97,2.85,2.89,179800
CBMX,20110912,24.7,25.8,24.4,25.2,6500
CBMXW,20110912,1.8,1.8,1.8,1.8,0
CBNJ,20110912,7.37,7.44,7.28,7.36,24200
CBNK,20110912,13.9,13.92,13.85,13.85,6400
CBOE,20110912,25.44,26.33,25.37,26.3,857000
CBPO,20110912,8.54,8.85,8.49,8.75,6300
CBRL,20110912,37.41,39.87,37.31,39.86,647400
CBRX,20110912,2.04,2.14,2.01,2.05,283900
CBSH,20110912,35.54,36.72,35.51,36.63,641500
CBST,20110912,31.78,32.18,31.14,31.84,1380600
CCBG,20110912,9.97,10.19,9.97,10.18,21900
CCCL,20110912,3.6,3.6,3.55,3.55,24700
CCIH,20110912,6.6,6.7,6.34,6.52,32500
CCIX,20110912,9.4,9.85,9.08,9.62,184000
CCMP,20110912,36.7,37.43,36.26,37.08,96200
CCNE,20110912,12.54,13.18,12.54,12.85,10600
CCOI,20110912,12.44,12.85,12.37,12.54,327300
CCRN,20110912,4.1,4.47,4.08,4.46,86500
CCUR,20110912,5.55,5.55,5.34,5.35,7900
CDNS,20110912,8.75,9.03,8.75,9.02,3476800
CDTI,20110912,3.55,3.75,3.55,3.7,43400
CDXS,20110912,5.12,5.28,4.95,5.07,206600
CDZI,20110912,8.2,9.02,8.2,8.95,33700
CECE,20110912,5.85,6.01,5.61,5.79,28000
CECO,20110912,14.99,15.4,14.83,15.36,813100
CEDU,20110912,5.76,5.99,5.76,5.81,8400
CELG,20110912,58.98,60.57,58.98,60.32,4815100
CELGZ,20110912,1.63,1.72,1.62,1.67,5700
CENT,20110912,7.1,7.4,7,7.4,67500
CENTA,20110912,7.09,7.43,7.06,7.27,356900
CENX,20110912,10.6,11.1,10.48,10.87,1339500
CERN,20110912,62.49,64.3,62.27,64.3,1150700
CERS,20110912,1.96,2.02,1.96,2.01,96400
CETV,20110912,9.76,10,9.39,9.75,541000
CEVA,20110912,25.88,26.87,25.32,26.59,181700
CFBK,20110912,4.9,4.9,4.9,4.9,0
CFFI,20110912,21.36,21.8,21.04,21.4,4200
CFFN,20110912,10.42,10.61,10.42,10.51,872900
CFNB,20110912,15.55,16.46,15.54,16.17,9300
CFNL,20110912,9.27,9.64,9.15,9.61,71100
CGEN,20110912,3.5,3.59,3.34,3.55,73400
CGNX,20110912,27.83,28.52,27.64,28.5,345200
CHCI,20110912,1,1.04,1,1.03,24500
CHCO,20110912,27.03,28.41,27.02,28.41,115100
CHDN,20110912,39.18,40.25,39.1,39.93,28100
CHDX,20110912,9.71,10.7,9.71,10.5,63400
CHEF,20110912,13.59,14.65,13.56,13.93,58900
CHEV,20110912,9,9,8.66,8.66,900
CHFC,20110912,15.16,15.83,15.16,15.8,48700
CHFN,20110912,7.74,8.18,7.67,7.91,10100
CHKE,20110912,12.2,12.4,12.07,12.28,48500
CHKP,20110912,51.23,52.46,51,52,1351500
CHLN,20110912,1.13,1.19,1.13,1.15,12600
CHNR,20110912,10.52,10.65,10.51,10.63,3100
CHOP,20110912,3.65,3.8,3.53,3.59,169100
CHRM,20110912,9.17,9.7,8.75,8.95,23300
CHRW,20110912,65.52,66.89,64.94,66.75,1339800
CHSCP,20110912,28.19,28.28,28.07,28.28,10600
CHTP,20110912,4,4.27,4,4.19,342200
CHTR,20110912,46.1,47.13,45.83,46.86,339100
CHYR,20110912,1.95,2.03,1.95,1.95,12400
CIDM,20110912,1.3,1.4,1.27,1.32,22800
CIEN,20110912,12.31,12.9,12.25,12.82,6353500
CIMT,20110912,3.52,3.52,3.34,3.47,18100
CINF,20110912,26.49,27.09,26.37,27.08,4565600
CISG,20110912,10.3,10.46,10.07,10.38,176700
CITZ,20110912,4.86,4.92,4.85,4.92,2400
CIZN,20110912,18.27,18.27,18.27,18.27,0
CJJD,20110912,1.71,1.85,1.71,1.76,22700
CKEC,20110912,6.67,6.97,6.67,6.87,294900
CKSW,20110912,7.79,7.91,7.71,7.9,87900
CLBH,20110912,2.66,2.66,2.45,2.5,400
CLCT,20110912,16.24,16.33,15.6,15.86,60600
CLDX,20110912,2.61,2.73,2.5,2.57,317300
CLFD,20110912,6.93,7.25,6.92,7.19,78700
CLMS,20110912,10.89,11.22,10.5,11.19,139500
CLMT,20110912,17.02,17.4,16.99,17.06,1242900
CLNE,20110912,12.91,13.49,12.78,13.09,1225400
CLNT,20110912,0.65,0.68,0.56,0.62,58000
CLRO,20110912,6.03,6.03,5.85,5.95,8900
CLSN,20110912,3.46,3.55,3.43,3.48,283000
CLUB,20110912,7.12,7.54,7.12,7.53,169500
CLWR,20110912,2.6,2.62,2.49,2.55,1938200
CLWT,20110912,4.84,5.005,4.84,4.895,4200
CMCO,20110912,11.71,12.22,11.71,12.2,52400
CMCSA,20110912,20.6,21.18,20.49,21.14,20116400
CMCSK,20110912,20.18,20.81,20.14,20.76,4383400
CME,20110912,252.71,260.41,251.57,260.24,375000
CMLS,20110912,2.44,2.49,2.28,2.42,112500
CMSB,20110912,6.87,7.99,6.86,7.99,700
CMTL,20110912,27.42,28.13,27.42,28.11,252600
CNBC,20110912,8.93,9.34,8.92,9.25,17900
CNBKA,20110912,22.49,23.67,22.49,23.16,2600
CNET,20110912,1.69,1.69,1.5,1.5,4500
CNIT,20110912,1.18,1.28,1.12,1.17,71300
CNMD,20110912,21.42,21.96,21.32,21.93,229600
CNQR,20110912,37.96,38.5,37.04,38.47,713700
CNSL,20110912,17.68,17.99,17.63,17.97,124300
CNTF,20110912,2.35,2.36,2.11,2.22,540300
CNTY,20110912,2.75,2.8,2.7,2.74,10500
CNYD,20110912,3.04,3.24,3.04,3.24,3800
COBK,20110912,12.4,12.4,12.25,12.3,73500
COBR,20110912,3.23,3.43,3.23,3.32,3600
COBZ,20110912,4.57,4.72,4.56,4.7,82400
COCO,20110912,1.83,1.89,1.81,1.88,1504000
COGO,20110912,2.33,2.39,2.27,2.35,109200
COHR,20110912,39.22,41.63,39.22,41.54,173200
COHU,20110912,10.39,10.71,10.35,10.61,30500
COKE,20110912,54.93,55.76,54.63,55.46,24800
COLB,20110912,15.29,15.77,15.01,15.74,196900
COLM,20110912,48.17,49.47,48.07,49.3,53200
CONN,20110912,8.05,8.37,7.57,8,536400
COOL,20110912,2.62,2.77,2.6,2.73,1247800
CORE,20110912,32.29,33.03,32.29,33,35600
CORT,20110912,2.84,2.93,2.79,2.92,156700
COSI,20110912,0.6,0.6,0.56,0.57,34100
COST,20110912,78.03,79.88,78.02,79.72,2215700
COWN,20110912,3.08,3.14,3.05,3.11,320800
CPBC,20110912,4.78,4.79,4.78,4.79,300
CPGI,20110912,1.05,1.05,1.05,1.05,100
CPHC,20110912,9.26,9.26,9.24,9.24,700
CPHD,20110912,32.53,34.21,32.5,33.52,423100
CPIX,20110912,5.56,5.69,5.42,5.52,83200
CPLA,20110912,30.68,31.75,30.57,31.57,220200
CPLP,20110912,6.06,6.32,5.84,6.02,145100
CPNO,20110912,31.39,31.99,31.2,31.9,147700
CPRT,20110912,20.24,20.48,19.975,20.46,169800
CPRX,20110912,1.22,1.45,1.22,1.45,70500
CPSI,20110912,65.54,66.91,64.1,66.82,62300
CPSL,20110912,10.08,10.08,9.72,9.72,33000
CPSS,20110912,0.96,1.05,0.95,0.95,19000
CPST,20110912,1.03,1.13,1.03,1.11,2294200
CPTS,20110912,9.76,10.15,9.76,10.06,160800
CPWR,20110912,7.61,7.83,7.55,7.82,2290400
CRAI,20110912,19.47,20.7,19.47,20.52,50200
CRAY,20110912,5.25,5.35,5.15,5.23,137500
CRDC,20110912,2.25,2.29,2.21,2.25,72000
CRDS,20110912,6.03,6.4,6.03,6.4,2400
CREE,20110912,30.17,32.13,30.15,31.99,4569300
CREG,20110912,1.16,1.17,1.1,1.1,11400
CRESW,20110912,0.14,0.14,0.13,0.13,8900
CRESY,20110912,13.6,13.97,13.45,13.71,47900
CRFN,20110912,3.83,3.83,3.8,3.8,400
CRIS,20110912,2.94,3.16,2.91,3.09,375100
CRMB,20110912,4.47,4.56,4.27,4.28,3600
CRMBU,20110912,5.4,5.4,4.76,4.76,400
CRMBW,20110912,0.57,0.57,0.42,0.42,1700
CRME,20110912,17.7,18.6,17.5,18.5,255800
CRMT,20110912,28.55,29.3,28.2,29.25,45900
CRNT,20110912,9.44,9.84,9.44,9.71,80400
CROX,20110912,24.72,25.94,24.5,25.63,1784800
CRRC,20110912,6.66,7,6.65,6.82,52400
CRTX,20110912,6.35,6.8,6.31,6.64,40900
CRUS,20110912,13.9,14.65,13.88,14.43,1710300
CRVL,20110912,41.6,43.51,41.6,43.29,27400
CRWN,20110912,1.18,1.24,1.18,1.24,126900
CRWS,20110912,4.04,4.15,4.02,4.15,3000
CRZO,20110912,26.96,27.95,26.55,27.46,655600
CSBK,20110912,9.02,9.25,9.02,9.13,6300
CSCD,20110912,3.94,3.99,3.83,3.89,1400
CSCO,20110912,15.55,16.1,15.55,16.09,53942500
CSFL,20110912,5.19,5.46,5.01,5.43,38000
CSGP,20110912,48.33,50.05,48.33,49.99,134000
CSGS,20110912,12.61,12.88,12.56,12.85,171700
CSII,20110912,13.16,13.41,12.81,13.14,44600
CSIQ,20110912,5.17,5.25,4.88,5.04,992000
CSOD,20110912,12.19,12.73,11.97,12.13,397900
CSPI,20110912,3.36,3.46,3.35,3.37,5000
CSRE,20110912,14,14,13.9,14,1000
CSTR,20110912,43.57,44.81,42.83,43.94,657700
CSUN,20110912,1.19,1.22,1.1,1.15,222400
CSWC,20110912,79.62,83.92,79.62,81.45,5500
CTAS,20110912,29.74,30.58,29.68,30.52,1046700
CTBI,20110912,23.55,24.42,23.55,24.36,36500
CTCH,20110912,3.04,3.14,3.04,3.09,49300
CTCM,20110912,13.36,13.36,11.05,11.7,1467000
CTCT,20110912,16.24,16.57,15.77,16.38,403600
CTGX,20110912,9.95,10.35,9.92,10.02,23000
CTHR,20110912,2.33,2.38,2.27,2.29,11500
CTIB,20110912,4.39,4.43,4.11,4.11,1500
CTIC,20110912,5.3,5.45,5.2,5.4,1228700
CTRN,20110912,9.96,10.34,9.65,10.31,121700
CTRP,20110912,38.08,38.56,37.08,37.74,1452400
CTRX,20110912,25.26,26.39,25.155,26.315,246200
CTSH,20110912,59.73,61.52,59.63,61.5,3829100
CTWS,20110912,25.89,26.01,25.28,25.62,10800
CTXS,20110912,53.01,54.72,52.7,54.72,2280000
CU,20110912,33.59,34.03,33.11,33.84,74200
CUBA,20110912,6.37,6.38,6.32,6.35,10800
CUTR,20110912,7.77,7.91,7.57,7.85,12800
CVBF,20110912,7.77,8.13,7.73,7.96,663000
CVCO,20110912,33.62,34.2,33.29,34.14,7300
CVCY,20110912,6,6,5.95,5.95,800
CVGI,20110912,5.94,6.23,5.76,6.06,217200
CVGW,20110912,18.8,19.3,18.8,19.24,47700
CVLT,20110912,31.51,32.39,31.21,32.18,664400
CVLY,20110912,9.65,9.75,9.11,9.11,3500
CVTI,20110912,4.53,4.63,4.41,4.52,30700
CVV,20110912,16.57,16.89,15.54,16.13,260000
CWBC,20110912,2.7,2.75,2.7,2.75,400
CWCO,20110912,8,8.28,8,8.26,88800
CWEI,20110912,51.75,52.81,50.1,51.57,88900
CWST,20110912,5.55,5.8,5.33,5.52,107100
CWTR,20110912,5,5.6,4.88,5.4,3070000
CXDC,20110912,5.24,5.25,5.1,5.25,60600
CXPO,20110912,2.79,3,2.7,2.72,131500
CY,20110912,15.31,16.16,15.24,15.9,4574500
CYAN,20110912,3.58,3.76,3.58,3.61,3900
CYBE,20110912,6.73,6.8,6.56,6.77,8400
CYBX,20110912,26.21,26.78,26.09,26.45,102100
CYCC,20110912,4.83,5.04,4.48,4.62,776000
CYCCP,20110912,3.04,3.04,3,3.04,1100
CYMI,20110912,36.91,37.37,36.42,37.37,246000
CYNO,20110912,9.49,10.06,9.28,9.95,34300
CYOU,20110912,36.05,37.7,36,36.99,213300
CYTK,20110912,1.03,1.14,1.03,1.11,1071300
CYTR,20110912,2.45,2.59,2.45,2.52,346000
CYTX,20110912,3,3.2,2.96,3.06,207000
CYTXW,20110912,2.15,2.15,2.15,2.15,0
CZFC,20110912,6.34,6.38,6.34,6.38,400
CZNC,20110912,14.32,15.2,14.32,14.8,9800
CZWI,20110912,5.1,5.12,5,5,1900
DAEG,20110912,2.03,2.14,2,2.09,32700
DAIO,20110912,5,5.29,5,5.25,9300
DAKT,20110912,8.45,9.16,8.3,9.14,220700
DARA,20110912,2.05,2.05,1.94,2.01,16400
DATE,20110912,11.06,11.06,10,10.46,358200
DAVE,20110912,9.22,9.5,9.22,9.3,11200
DBLE,20110912,8.19,8.35,7.82,7.99,109000
DBLEP,20110912,25.1,25.17,25.04,25.17,3500
DCIX,20110912,5.05,5.21,4.97,5.16,74500
DCOM,20110912,10.69,10.99,10.55,10.9,143200
DCTH,20110912,3.62,4.04,3.61,3.86,906700
DECK,20110912,87.46,92.63,87.11,92.37,1151700
DELL,20110912,13.73,14.22,13.72,14.19,20037000
DENN,20110912,3.38,3.53,3.33,3.47,431900
DEPO,20110912,5.41,5.67,5.41,5.65,592400
DEST,20110912,13.12,13.37,12.91,12.98,124200
DFZ,20110912,9.28,9.42,9.1,9.27,6900
DGAS,20110912,15.6,16.13,15.6,15.95,1300
DGICA,20110912,11.84,11.86,11.62,11.76,22700
DGICB,20110912,16,16,16,16,0
DGII,20110912,11.88,12.3,11.88,12.27,43900
DGIT,20110912,18.76,19.69,18.59,19.45,435300
DGLY,20110912,0.9,0.95,0.89,0.92,30500
DHIL,20110912,69.68,70.37,68.73,69.72,8500
DHRM,20110912,2.29,2.45,2.29,2.3,27000
DIOD,20110912,17.47,18.53,17.36,18.25,395000
DISCA,20110912,37.76,38.37,36.94,37.78,2277400
DISCB,20110912,39.56,39.56,39.56,39.56,0
DISCK,20110912,36.08,36.43,35.39,36.07,718300
DISH,20110912,24.07,24.45,23.66,24.41,2012100
DJCO,20110912,67,67,67,67,0
DLGC,20110912,11.5,13.3,11.05,12.55,21500
DLIA,20110912,1.5,1.52,1.46,1.47,16800
DLLR,20110912,21.35,21.77,21.05,21.77,502700
DLTR,20110912,34.675,35.9,34.625,35.895,1328600
DMLP,20110912,23.3,23.45,22.77,23.35,124500
DMND,20110912,73.47,75.6,73.05,75.45,230900
DMRC,20110912,30.15,30.92,29.4,30.09,46300
DNBF,20110912,9.7,9.7,9.7,9.7,0
DNDN,20110912,10.99,11.72,10.89,11.69,5539500
DNKN,20110912,25.09,25.81,25,25.18,469200
DORM,20110912,13.635,14.195,13.285,13.775,141700
DOVR,20110912,3.4,3.4,3.4,3.4,0
DRAD,20110912,2.3,2.5,2.2,2.4,38900
DRAM,20110912,6.72,7.02,6.72,6.9,1500
DRCO,20110912,9.26,9.45,9.06,9.23,18200
DRIV,20110912,19.14,20.26,19.02,19.88,911100
DRRX,20110912,1.46,1.65,1.43,1.64,344100
DRWI,20110912,4.01,4.14,4,4.12,140000
DRYS,20110912,2.86,2.91,2.77,2.91,7101700
DSCI,20110912,7.96,8.06,7.7,7.94,12700
DSCO,20110912,2.24,2.29,2.13,2.2,113800
DSGX,20110912,6.45,6.45,6.22,6.3,4500
DSPG,20110912,6.62,6.78,6.25,6.58,217100
DSWL,20110912,2.51,2.71,2.51,2.56,67500
DTLK,20110912,9.54,9.88,9.37,9.77,267800
DTSI,20110912,29.59,30.06,28.69,29,236600
DTV,20110912,40.83,41.57,40.56,41.51,5935800
DVAX,20110912,2.1,2.2,2.1,2.1,635300
DVOX,20110912,4.87,5.02,4.77,4.85,34000
DWA,20110912,18.3,18.68,18.13,18.54,534700
DWCH,20110912,5.31,5.46,5.26,5.27,14700
DWSN,20110912,29.35,31.19,28.98,29.5,61700
DXCM,20110912,11.41,11.78,11.31,11.58,224600
DXPE,20110912,19.97,21.44,19.96,20.52,90800
DXYN,20110912,3.31,3.31,3.21,3.23,2100
DYAX,20110912,1.35,1.45,1.25,1.43,253100
DYNT,20110912,5.2,5.55,5.2,5.4,36000
DYSL,20110912,2.9,2.91,2.81,2.81,2200
EBAY,20110912,28.44,29.53,28.4,29.42,16593200
EBIX,20110912,16.1,16.26,15.4,16.14,485300
EBMT,20110912,10.65,10.74,10.6,10.65,5300
EBSB,20110912,11.87,11.87,11.59,11.62,6100
EBTC,20110912,12.28,12.62,12.28,12.32,5000
ECHO,20110912,12.3,13.17,12.3,13.13,72500
ECOL,20110912,16,16.21,15.77,16.16,71600
ECPG,20110912,21.89,22.86,21.89,22.8,130300
ECTE,20110912,3.66,3.8,3.53,3.67,125700
ECTY,20110912,2.36,2.4,2.25,2.28,17000
ECYT,20110912,10.42,10.85,10.3,10.81,54400
EDAC,20110912,8.31,8.41,7.38,7.89,50300
EDAP,20110912,2.04,2.29,2.01,2.24,44100
EDGW,20110912,2.64,2.7,2.51,2.68,19400
EDMC,20110912,15.2,15.28,14.83,15.08,156300
EDS,20110912,4.09,4.1,3.97,3.97,13500
EDUC,20110912,5.45,5.47,5.32,5.38,1600
EEFT,20110912,15.38,15.65,15.27,15.62,327500
EEI,20110912,15.54,15.79,15.54,15.79,1000
EFII,20110912,13.4,13.85,13.4,13.81,304900
EFSC,20110912,13.11,13.69,13.11,13.42,22500
EFUT,20110912,4.19,4.19,4.19,4.19,0
EGBN,20110912,11.48,11.85,11.42,11.77,22500
EGHT,20110912,4.15,4.4,4.1,4.39,1462600
EGLE,20110912,7.28,7.48,7.08,7.36,396900
EGOV,20110912,10.73,10.98,10.58,10.75,222300
EHTH,20110912,12.22,12.54,12.22,12.48,162500
EIHI,20110912,13.06,13.2,13,13.14,5300
ELGX,20110912,8.83,9.28,8.82,9.15,529100
ELNK,20110912,6.99,7.14,6.95,7.09,981900
ELON,20110912,7.43,7.78,7.43,7.7,164800
ELOS,20110912,9.78,9.86,9.48,9.76,84800
ELRC,20110912,13.35,13.78,13.16,13.74,58500
ELSE,20110912,4.03,4.04,4.03,4.04,200
ELTK,20110912,1.11,1.14,1.07,1.12,39800
EMCF,20110912,15.38,16.25,15.38,16.25,1000
EMCI,20110912,18.05,18.23,18.01,18.01,10600
EMFN,20110912,23.13,23.21,22.94,23.03,11600
EMIF,20110912,28.19,28.58,27.99,28.54,17600
EMITF,20110912,2.1,2.1,1.98,2.01,9200
EMKR,20110912,5.76,6,5.64,5.96,276600
EMMS,20110912,0.65,0.66,0.58,0.6,215000
EMMSP,20110912,16.23,16.23,15.28,15.3,1800
EMMT,20110912,22.32,22.62,22.32,22.62,300
ENDP,20110912,29.42,29.6,28.93,29.47,1039900
ENG,20110912,3.21,3.23,3.07,3.12,54300
ENMD,20110912,1.72,1.79,1.66,1.71,10700
ENOC,20110912,11.35,11.87,10.49,11,487600
ENSG,20110912,20.07,20.49,19.7,20.44,147000
ENTG,20110912,6.94,7.39,6.91,7.39,1676100
ENTR,20110912,4.28,4.66,4.28,4.66,1754900
ENZN,20110912,7.84,8.19,7.84,8.08,259200
EONC,20110912,1.57,1.74,1.57,1.74,3600
EPAX,20110912,6.37,6.64,6.32,6.61,71000
EPAY,20110912,20.42,21.23,20.42,21.23,154400
EPIQ,20110912,11.54,12,11.54,11.98,72500
EQIX,20110912,86.83,90.81,86.69,90.64,856200
ERIC,20110912,9.85,10.02,9.69,9.98,7666000
ERIE,20110912,71.05,72.67,70.98,72.35,39500
ERII,20110912,2.51,2.57,2.42,2.5,158900
EROC,20110912,10.29,10.31,10.02,10.29,280900
ESBF,20110912,10.3,10.71,10.28,10.6,9300
ESBK,20110912,15.25,15.25,15.25,15.25,0
ESCA,20110912,4.87,4.99,4.86,4.86,4900
ESEA,20110912,3.55,3.61,3.49,3.54,39800
ESGR,20110912,90.66,94.14,86.55,93.75,36600
ESIO,20110912,14.36,14.45,13.74,14.31,99200
ESLT,20110912,35,35.5,34.83,35.5,11500
ESMC,20110912,1.11,1.24,1.1,1.24,3500
ESRX,20110912,43.21,44.72,43.09,44.4,9089500
ESSA,20110912,10.81,11.25,10.75,11.2,24400
ESSX,20110912,4.03,4.88,4.03,4.87,20100
ESYS,20110912,4.38,4.73,4.3,4.49,16000
ETFC,20110912,10.57,10.85,10.39,10.74,5798200
ETRM,20110912,2.16,2.19,2,2.07,191000
EUFN,20110912,14.66,14.82,14.26,14.65,56000
EVBS,20110912,2.05,2.15,2,2.15,2900
EVEP,20110912,72.63,73.94,71.11,73.9,290100
EVOL,20110912,6.73,6.75,6.54,6.71,9000
EWBC,20110912,15.21,15.96,15.2,15.94,950000
EXAC,20110912,12.9,13.24,12.9,13.18,6300
EXAR,20110912,6.17,6.32,6.06,6.24,184600
EXAS,20110912,7.46,7.83,7.38,7.82,721600
EXEL,20110912,6.84,7.14,6.77,7.02,731200
EXFO,20110912,6.93,7.06,6.84,7.02,22500
EXLP,20110912,21.59,22.02,21.35,21.71,80800
EXLS,20110912,24.59,25.25,24.31,24.89,58700
EXPD,20110912,41.39,42,40.7,41.76,2269000
EXPE,20110912,28.63,29.67,28.47,29.64,4189100
EXPO,20110912,39.53,40.56,39.1,40.34,39900
EXTR,20110912,2.61,2.74,2.61,2.7,180000
EXXI,20110912,23.42,23.74,22.43,23.18,1332600
EZCH,20110912,29.4,32.82,29.4,32.65,810000
EZPW,20110912,31.73,32.7,31.33,32.11,273100
FABK,20110912,13.01,13.09,12.51,12.73,18300
FALC,20110912,3.06,3.17,3.01,3.16,69100
FARM,20110912,4.78,4.82,4.64,4.69,45100
FARO,20110912,35.09,36.02,35.06,35.8,85700
FAST,20110912,31.89,32.85,31.76,32.8,2418300
FBIZ,20110912,17.1,17.1,15.8,16.93,8600
FBMI,20110912,5.18,5.23,5.1,5.23,5500
FBMS,20110912,8.7,8.7,8.22,8.7,400
FBNC,20110912,9.22,9.62,9.22,9.58,38500
FBNK,20110912,10.79,10.93,10.79,10.92,35700
FBRC,20110912,9.48,9.92,9.32,9.84,143800
FBSS,20110912,12.18,12.18,11.77,11.77,500
FCAL,20110912,3.22,3.22,3.19,3.2,7200
FCAP,20110912,18.1,18.1,18.1,18.1,0
FCBC,20110912,10.5,10.72,10.3,10.61,22000
FCCO,20110912,6,6,5.5,5.88,3400
FCCY,20110912,6.8,6.8,6.8,6.8,0
FCEL,20110912,1.18,1.2,1.15,1.19,1488700
FCFC,20110912,6.32,6.6,6.19,6.57,900
FCFS,20110912,47.77,49.1,47.35,48.35,208200
FCHI,20110912,41.9,42.18,41.52,42.18,8800
FCLF,20110912,6.13,6.13,6.1,6.1,400
FCNCA,20110912,147.61,152.47,147.57,151.84,16100
FCTY,20110912,3.6,3.6,3.53,3.53,10900
FCVA,20110912,3,3,2.78,2.85,4600
FCZA,20110912,3.52,3.6,3.42,3.42,8200
FDEF,20110912,12.84,13.5,12.84,13.2,10500
FDML,20110912,15.36,15.42,15.01,15.27,309100
FDUS,20110912,13.19,13.19,12.4,12.47,10900
FEFN,20110912,22.2,22.2,22.2,22.2,0
FEIC,20110912,29.42,29.99,28.74,29.59,377200
FEIM,20110912,10.27,10.39,10.15,10.38,40600
FELE,20110912,18.735,19.265,18.495,18.97,97800
FES,20110912,7.91,8.38,7.2,8.25,30700
FFBC,20110912,14.35,15.04,14.35,14.93,197600
FFBCW,20110912,4.12,4.12,4.1,4.12,10400
FFBH,20110912,5.86,5.99,5.86,5.97,3600
FFCH,20110912,5.33,5.59,5.31,5.55,46600
FFCO,20110912,13.52,14.06,13.52,13.85,1000
FFEX,20110912,2.9,2.98,2.82,2.86,7200
FFHL,20110912,2.2,2.35,2.2,2.21,15100
FFIC,20110912,10.43,10.91,10.43,10.86,82900
FFIN,20110912,26.45,27.32,26.14,27.32,123200
FFIV,20110912,73.03,77.6,72.81,77.52,2905700
FFKT,20110912,4.47,4.47,4.36,4.46,1500
FFKY,20110912,1.7,1.73,1.7,1.73,2400
FFN,20110912,2.74,2.91,2.57,2.86,146700
FFNM,20110912,3.46,3.72,3.42,3.72,2300
FFNW,20110912,5.26,5.36,5.22,5.32,36800
FHCO,20110912,3.94,4.11,3.85,4.02,77600
FIBK,20110912,11.02,11.27,11,11.22,25100
FINL,20110912,18.7,19.25,18.26,19.22,832200
FIRE,20110912,27.93,28.37,26.97,27.54,557500
FISI,20110912,13.86,14.48,13.75,14.42,16100
FISV,20110912,50.74,51.87,50.73,51.86,1351100
FITB,20110912,9.66,10.08,9.57,9.93,14709200
FITBP,20110912,128.95,128.95,125.75,125.78,5900
FIZZ,20110912,15.22,15.95,15.22,15.86,40600
FLDM,20110912,13.29,13.79,13.03,13.72,66300
FLEX,20110912,5.32,5.51,5.3,5.51,3154500
FLIC,20110912,22.44,22.95,22.44,22.89,13400
FLIR,20110912,24.73,25.31,24.44,25.31,1571500
FLML,20110912,4,4,3.9,3.94,1600
FLOW,20110912,2.1,2.25,2.1,2.13,134900
FLWS,20110912,2.24,2.4,2.24,2.37,34000
FLXS,20110912,14.76,15.23,14.76,15.05,2700
FMBI,20110912,7.65,8.01,7.65,8,471700
FMCN,20110912,29.04,29.31,28.75,29.22,2681900
FMER,20110912,11.19,11.63,11.14,11.56,779700
FMFC,20110912,3.34,3.34,3.22,3.22,1600
FNBN,20110912,0.39,0.4,0.39,0.4,9300
FNFG,20110912,10.05,10.41,10,10.39,2497900
FNGN,20110912,21.43,22,21.32,22,609000
FNLC,20110912,12.25,12.74,12.14,12.59,7300
FNSR,20110912,18.71,20.21,18.52,20.19,5517200
FOLD,20110912,3.77,3.9,3.71,3.84,24700
FONE,20110912,23.13,23.14,22.95,23.14,2400
FONR,20110912,1.81,1.9,1.79,1.79,18900
FORD,20110912,2.85,2.85,2.5,2.5,89000
FORM,20110912,7.04,7.31,7.04,7.3,408000
FORR,20110912,31.78,32.04,31.02,31.63,43200
FORTY,20110912,13.09,13.47,13.02,13.43,15000
FOSL,20110912,92.18,94.68,89.26,92.96,1411700
FRAN,20110912,19.76,20.99,19.6,19.76,188000
FRBK,20110912,1.76,1.77,1.75,1.77,24500
FRED,20110912,10.96,11.48,10.88,11.45,452900
FREE,20110912,10.6,11,10.2,10.2,28700
FRME,20110912,7.08,7.49,7.08,7.27,109900
FRNK,20110912,10.98,11.36,10.98,11.29,36600
FRP,20110912,5.27,5.79,5.27,5.74,119000
FSBK,20110912,3.89,3.92,3.85,3.92,6000
FSCI,20110912,24.33,25.1,23.97,24.29,19700
FSFG,20110912,15.34,15.48,15.19,15.48,1200
FSGI,20110912,0.33,0.36,0.26,0.31,12900
FSLR,20110912,86.81,86.81,83.57,86.08,2476400
FSRV,20110912,28.39,28.83,27.33,28.51,42200
FSTR,20110912,21.21,23.43,21.21,23.07,83000
FSYS,20110912,21.45,21.79,20.78,21.56,146700
FTEK,20110912,5.58,5.92,5.56,5.91,90100
FTNT,20110912,17.29,17.68,16.9,17.45,2648600
FUBC,20110912,4.68,4.88,4.67,4.84,39800
FULL,20110912,7.1,7.1,6.8,6.99,7200
FULT,20110912,8.04,8.41,8.04,8.41,835100
FUNC,20110912,3.75,3.94,3.75,3.94,500
FUND,20110912,6.62,6.74,6.52,6.68,89300
FURX,20110912,14.36,14.62,13.86,14.28,25300
FWLT,20110912,21.01,21.59,20.71,21.44,1012700
FWRD,20110912,27.01,28.29,26.96,28.27,274900
FXCB,20110912,12.08,12.58,12.08,12.54,43900
FXEN,20110912,5.07,5.28,5,5.2,332700
GABC,20110912,15.13,15.28,14.72,15.14,11600
GAGA,20110912,5.77,6,5.54,6,16000
GAI,20110912,3.26,3.31,3.26,3.31,600
GAIA,20110912,3.67,3.68,3.57,3.63,171000
GAIN,20110912,6.37,6.75,6.27,6.73,63300
GAME,20110912,5.23,5.37,5.22,5.26,362700
GASS,20110912,4.08,4.23,4.08,4.18,14800
GBCI,20110912,10.09,10.5,10.08,10.23,1223500
GBDC,20110912,14.84,14.84,14.4,14.67,53900
GBLI,20110912,17.41,17.54,17.12,17.47,12600
GBNK,20110912,1.13,1.15,1.1,1.1,21800
GCBC,20110912,18.07,18.07,18.07,18.07,0
GCFB,20110912,2.57,2.57,2.44,2.45,2300
GCOM,20110912,12.72,13.77,12.5,13.72,144300
GCVRZ,20110912,1.06,1.15,1.06,1.13,942700
GENC,20110912,7.31,7.45,7.31,7.35,8400
GENE,20110912,6.4,6.6,6.18,6.33,75300
GENT,20110912,6.26,6.35,6.12,6.12,32200
GERN,20110912,2.42,2.5,2.38,2.43,1302600
GEVO,20110912,8.81,9,8.62,8.65,68800
GFED,20110912,4.64,4.64,4.54,4.58,2000
GFN,20110912,2.99,2.99,2.99,2.99,100
GFNCL,20110912,3.5,3.5,3.5,3.5,0
GGAL,20110912,10.06,10.37,9.9,10.11,248700
GHDX,20110912,20.08,21.22,20.01,21.08,369300
GIFI,20110912,21.06,22.15,20.88,21.44,154700
GIGA,20110912,1.36,1.4,1.25,1.28,19100
GIGM,20110912,0.82,0.83,0.81,0.82,294200
GIII,20110912,22.11,24,21.7,21.99,376300
GILD,20110912,18.645,19.03,18.61,18.99,6797200
GILT,20110912,3.23,3.28,3.19,3.28,70500
GIVN,20110912,13.76,15.07,13.53,15.01,148100
GKNT,20110912,17.4,18.61,16.83,17.45,11600
GLAD,20110912,7.4,7.69,7.38,7.66,96000
GLBS,20110912,6.37,6.73,5.72,6.22,7700
GLBZ,20110912,8.3,8.3,8.3,8.3,500
GLCH,20110912,0.99,1.06,0.99,1.04,165600
GLDC,20110912,3.37,3.42,3.27,3.42,1700
GLDD,20110912,4.4,4.63,4.38,4.55,506400
GLNG,20110912,30.18,31.43,29.92,31.21,681000
GLPW,20110912,23.32,23.73,23.15,23.59,37000
GLRE,20110912,21.41,21.98,21.1,21.53,97100
GLUU,20110912,2.9,3.07,2.9,3.05,889800
GMAN,20110912,12.68,13.56,12.14,13,77300
GMCR,20110912,104.36,109.96,103.81,109.96,2299100
GMETP,20110912,10.95,10.95,10.95,10.95,100
GMLP,20110912,25.01,25.61,25,25.5,68800
GNCMA,20110912,7.79,8.19,7.75,7.94,135100
GNMK,20110912,6.07,6.5,5.93,6,54100
GNTX,20110912,23.93,24.3,23.52,24.21,816100
GNVC,20110912,2.82,2.93,2.8,2.85,32400
GOLD,20110912,110.19,110.67,105.75,108.56,970900
GOOD,20110912,15.2,15.96,15.13,15.69,31700
GOODO,20110912,23.99,23.99,23.99,23.99,0
GOODP,20110912,24.12,24.12,24.12,24.12,100
GOOG,20110912,517.96,531.99,517.5,530.12,2670400
GPIC,20110912,7.04,7.2,7,7.18,4000
GPOR,20110912,25.6,26.82,25.18,26.27,579700
GPRC,20110912,2.8,2.84,2.76,2.8,2900
GPRE,20110912,9.13,9.49,9.1,9.39,221900
GRFS,20110912,12.54,12.92,12.48,12.84,807000
GRID,20110912,25.5,25.78,25.4,25.78,2800
GRIF,20110912,24.1,24.1,23.49,24,3300
GRMN,20110912,32.5,33.37,32.18,33.37,1675600
GROW,20110912,6.91,6.98,6.76,6.8,27200
GRVY,20110912,1.35,1.43,1.35,1.4,15000
GSBC,20110912,15.01,16.13,15.01,15.83,18000
GSIG,20110912,8.28,8.39,8.12,8.32,95500
GSIT,20110912,4.73,4.9,4.67,4.84,112400
GSJK,20110912,15.95,15.95,14.57,15.31,5800
GSM,20110912,14.93,15.29,14.38,14.97,960400
GSOL,20110912,7.15,7.5,7.15,7.45,30500
GSVC,20110912,14.85,15.24,14.66,14.74,47800
GTAT,20110912,10.79,11.22,10.65,11.08,1974000
GTIM,20110912,1.7,1.7,1.7,1.7,0
GTIV,20110912,6.52,6.85,6.38,6.82,500600
GTLS,20110912,45.35,47.85,44.45,47.27,556400
GTXI,20110912,3.27,3.39,3.25,3.33,145300
GUID,20110912,6.01,6.2,5.82,6.13,15400
GULF,20110912,14.56,14.86,14.56,14.86,1600
GURE,20110912,2.1,2.13,2.01,2.05,258600
GYRO,20110912,57.53,58,57.11,57.64,3600
HA,20110912,3.73,4.14,3.7,4.09,733800
HAFC,20110912,0.9,0.96,0.9,0.94,434000
HAIN,20110912,31,31.64,30.58,31.49,414300
HALL,20110912,6.68,7.15,6.59,6.86,40000
HALO,20110912,6.02,6.15,5.92,6.04,505600
HAS,20110912,35.8,36,35.13,35.79,3031800
HAST,20110912,2.76,2.9,2.69,2.74,18100
HAUP,20110912,1.27,1.31,1.25,1.3,43600
HAYN,20110912,49.93,50.52,47.76,49.25,81900
HBAN,20110912,4.55,4.75,4.52,4.68,23882000
HBANP,20110912,1060,1070,1060,1070,100
HBCP,20110912,14.79,15.23,14.32,14.46,6800
HBHC,20110912,27.42,28.49,27.31,28.39,435300
HBIO,20110912,4.02,4.24,4.02,4.15,22200
HBNC,20110912,11.7378,11.7778,11.7378,11.7778,200
HBNK,20110912,12.51,12.95,12.5,12.5,18800
HBOS,20110912,10.75,10.81,10.5,10.81,7300
HCBK,20110912,5.46,5.77,5.46,5.76,6281500
HCCI,20110912,16.35,17.94,16.35,17.01,17300
HCIIP,20110912,8.81,8.82,8.75,8.82,1600
HCKT,20110912,3.46,3.52,3.3,3.5,246200
HCOM,20110912,18.93,19.25,18.93,19.1,2800
HCSG,20110912,14.91,15.16,14.72,15.08,257800
HDNG,20110912,8.74,8.83,8.68,8.72,1300
HDSN,20110912,1.3,1.38,1.26,1.29,5000
HEES,20110912,8.67,9.09,8.6,9.07,87700
HELE,20110912,26.32,27.01,26.13,26.6,157100
HEOP,20110912,3.5,3.54,3.21,3.21,23900
HERO,20110912,3.86,4.08,3.8,4.02,2101700
HFBC,20110912,7.2,7.22,7.19,7.2,2800
HFBL,20110912,13.04,13.04,13.04,13.04,0
HFFC,20110912,8.15,8.4,8.1,8.12,3700
HFWA,20110912,11.12,11.23,10.9,11.06,18400
HGSH,20110912,1.7,1.7,1.7,1.7,100
HIBB,20110912,33.07,33.99,32.61,33.94,313000
HIFS,20110912,47.74,47.74,46.58,47,700
HIHO,20110912,3.01,3.07,3.01,3.03,1900
HILL,20110912,1.51,1.61,1.51,1.56,139400
HIMX,20110912,1.25,1.27,1.21,1.24,441700
HITK,20110912,29.85,30.58,28.83,29.95,274600
HITT,20110912,50.17,52.4,50.17,52.4,172300
HLIT,20110912,4.42,4.6,4.4,4.54,995900
HMIN,20110912,34.81,35.9,34.18,35.42,344900
HMNF,20110912,1.95,2,1.87,2,6500
HMNY,20110912,1.8,1.8,1.8,1.8,0
HMPR,20110912,5.4,6,5.14,5.76,57400
HMSY,20110912,24.73,25.15,24.44,24.97,349100
HNH,20110912,11.03,11.69,10.88,11.1,41900
HNRG,20110912,8.54,8.67,8.4,8.53,24000
HNSN,20110912,3.9,4.23,3.9,4.2,1315200
HOFT,20110912,9.07,9.34,9,9.28,15900
HOGS,20110912,8.76,8.96,8.58,8.68,345100
HOLI,20110912,6.88,7.06,6.8,7.02,194300
HOLL,20110912,1.34,1.45,1.31,1.42,23100
HOLX,20110912,15.54,15.79,15.38,15.72,1363300
HOMB,20110912,21.72,22.5,21.72,22.28,58100
HOME,20110912,8.39,8.65,8.35,8.58,55100
HOTT,20110912,7.85,8.08,7.83,7.97,885500
HOVNP,20110912,2.84,2.85,2.84,2.84,1100
HPCCP,20110912,26,26,26,26,400
HPJ,20110912,1.5,1.53,1.5,1.52,10200
HPOL,20110912,0.6,0.65,0.6,0.62,12000
HRZN,20110912,15.48,16.11,15.4,15.63,28700
HSIC,20110912,60.43,61.48,59.78,61.31,449500
HSII,20110912,18.18,18.63,17.82,18.09,251500
HSKA,20110912,9.01,9.01,8.76,9,2100
HSNI,20110912,30.8,32.16,30.77,32.1,485500
HSOL,20110912,3.1,3.12,2.92,3.01,621500
HSTM,20110912,11.75,12.04,11.65,11.95,44000
HTBK,20110912,4.06,4.24,4.01,4.09,33900
HTCH,20110912,2.1,2.14,2.04,2.13,129500
HTCO,20110912,8.99,9,8.64,8.79,37600
HTHT,20110912,16.62,16.75,16.41,16.65,158700
HTLD,20110912,13.74,14.06,13.68,14.06,1285000
HTLF,20110912,13.3,13.64,13.06,13.48,16200
HTWR,20110912,56.26,56.98,54.4,56.06,74100
HUBG,20110912,27.74,28.44,27.64,28.44,283000
HURC,20110912,24.78,26.49,24.78,25.53,53300
HURN,20110912,29.51,30.19,28.98,30,458200
HWAY,20110912,11.28,11.51,11.18,11.48,99400
HWBK,20110912,6.87,7.6,6.78,7.34,1600
HWCC,20110912,11.94,12.5,11.71,12.21,39600
HWKN,20110912,32.77,33.75,32.49,33.18,15000
HYGS,20110912,6.22,6.35,6.16,6.21,6400
HZNP,20110912,7.97,8.25,7.72,7.9,10700
IACI,20110912,38.57,39.55,38.57,39.54,915500
IART,20110912,35.6,37.18,35.52,36.78,277400
IBB,20110912,92.47,94.63,92.47,94.63,666800
IBCA,20110912,2.78,2.93,2.77,2.86,13100
IBCP,20110912,1.9,2,1.88,1.95,13000
IBCPO,20110912,14.82,14.82,14.82,14.82,0
IBKC,20110912,43.88,45.45,43.88,45.11,228300
IBKR,20110912,14.09,14.4,13.74,14.4,1303900
IBOC,20110912,13.44,14.06,13.44,14.04,227500
ICAD,20110912,0.5,0.56,0.5,0.56,88300
ICCC,20110912,6.44,6.51,6.44,6.51,200
ICFI,20110912,19.85,20.19,19.09,20.14,105200
ICGE,20110912,8.84,9.27,8.55,8.84,168200
ICLN,20110912,10.77,11.32,10.77,11.1,37600
ICLR,20110912,18.35,18.8,18.2,18.74,383900
ICON,20110912,16.82,17.59,16.77,17.53,1098000
ICUI,20110912,38.28,38.63,36.96,38.56,49800
IDCC,20110912,65.31,66.75,64.2,66.46,1530000
IDIX,20110912,5.49,5.9,5.48,5.89,375600
IDRA,20110912,1.37,1.95,1.27,1.33,35000
IDSA,20110912,7.02,7.02,6.32,6.45,45300
IDSY,20110912,5.03,5.18,5.02,5.12,7900
IDTI,20110912,5.5,5.89,5.5,5.8,1868700
IDXX,20110912,72.69,73.83,72.08,73.58,293300
IESC,20110912,2.51,2.68,2.4,2.5,19400
IFAS,20110912,26.19,26.19,25.76,25.76,1900
IFEU,20110912,27.12,27.29,26.84,27.29,6700
IFGL,20110912,26.84,27.09,26.54,27.09,25700
IFNA,20110912,39.5,39.96,39.5,39.96,300
IFON,20110912,0.64,0.7,0.64,0.64,700
IFSM,20110912,32.11,32.11,31.53,31.77,4600
IGLD,20110912,12.05,12.19,11.86,12.08,3700
IGOI,20110912,21.6,21.72,19.68,20.28,146700
IGOV,20110912,104.24,104.66,103.01,104.2,46200
IGTE,20110912,10.83,11.6,10.73,11.04,222200
III,20110912,1.25,1.41,1.23,1.25,47300
IIIN,20110912,9.45,9.79,9.43,9.71,40900
IIJI,20110912,10.58,10.84,10.58,10.78,18300
IILG,20110912,11.61,12.01,11.56,11.94,168500
IIN,20110912,3.29,3.29,3.12,3.16,1400
IIVI,20110912,17.71,18.35,17.7,18.35,247200
IKAN,20110912,0.97,1.02,0.96,1.02,12700
IKNX,20110912,7.34,7.34,7.34,7.34,0
ILMN,20110912,47.55,48.64,47,48.3,1658400
IMGN,20110912,10.21,10.71,10.2,10.46,576300
IMKTA,20110912,14.18,14.52,14.14,14.4,23800
IMMR,20110912,6.51,6.83,6.51,6.74,79200
IMMU,20110912,3.8,3.92,3.8,3.87,325900
IMMY,20110912,0.2,0.35,0.2,0.35,7800
IMOS,20110912,5.9,6.02,5.85,6.01,13700
IMRS,20110912,4.39,4.45,4.3,4.41,42100
INAP,20110912,4.45,4.77,4.45,4.74,193700
INCY,20110912,15,15.53,14.84,15.22,1420400
INDB,20110912,21.28,22.33,21.28,22.25,60200
INDY,20110912,23.8,24.06,23.73,24.01,343400
INFA,20110912,36.93,39.14,36.79,38.98,2732600
INFI,20110912,6.63,7.05,6.51,7.04,27600
INFN,20110912,7.06,7.69,7.03,7.69,1675700
ININ,20110912,27.86,29.1,27.86,28.86,45000
INOC,20110912,1.15,1.16,1.15,1.16,500
INOD,20110912,2.73,2.77,2.64,2.68,61300
INPH,20110912,4.45,4.54,4.36,4.54,2700
INSM,20110912,4.05,4.37,4.05,4.22,92100
INTC,20110912,19.53,20.29,19.52,20.28,53322600
INTG,20110912,24.5,27.45,24.5,26.67,61900
INTL,20110912,20.5,21.82,20.5,21.75,48000
INTT,20110912,2.63,2.68,2.51,2.55,22800
INTU,20110912,45.6,46.81,45.2,46.8,3326300
INTX,20110912,14.21,14.73,13.61,13.82,47700
INVE,20110912,1.68,1.82,1.68,1.75,140500
INWK,20110912,7.58,8.02,7.54,8,174600
IOSP,20110912,24.51,25.8,24.13,24.96,126800
IPAR,20110912,14.05,14.74,13.9,14.08,134600
IPAS,20110912,1.42,1.43,1.35,1.36,146700
IPCC,20110912,47.13,49.45,47.13,49.33,47200
IPCI,20110912,3.19,3.32,3.15,3.32,9400
IPCM,20110912,35.81,37.55,35.6,37.41,180000
IPGP,20110912,52.41,54.22,52.06,53.81,269800
IPHS,20110912,38.02,39.47,37.44,38.3,104400
IPXL,20110912,18.53,18.75,18.01,18.11,776000
IRBT,20110912,25,26.3,24.99,26.22,413800
IRDM,20110912,6.78,6.97,6.68,6.82,1026700
IRDMZ,20110912,1.26,1.26,1.26,1.26,0
IRIX,20110912,3.85,3.9,3.73,3.75,1600
IROQ,20110912,11,11.03,10.89,11.03,2400
IRWD,20110912,12.02,12.5,11.96,12.18,220800
ISBC,20110912,13,13.34,12.98,13.33,234600
ISCA,20110912,21.86,22.42,21.84,22.4,152600
ISHG,20110912,103.32,103.58,102.75,103.24,112300
ISIG,20110912,3.1,3.11,2.93,3.03,34400
ISIL,20110912,10.31,10.81,10.31,10.65,1848000
ISIS,20110912,6.87,7.07,6.8,7.02,618800
ISLE,20110912,5.69,5.76,5.52,5.66,74400
ISNS,20110912,7.05,7.24,7.03,7.04,1800
ISRG,20110912,365.5,372.7,363.01,371.81,397600
ISRL,20110912,59,59.55,58.25,59.55,1000
ISSC,20110912,4.46,4.57,4.21,4.51,17200
ISSI,20110912,7.81,8.29,7.81,8.24,170800
ITIC,20110912,34,34.79,34,34.53,1000
ITMN,20110912,26.34,27.93,25.57,26.87,1383300
ITRI,20110912,35.41,35.95,35.02,35.89,337400
ITRN,20110912,11.5,12.16,11.27,11.7,36400
IVAC,20110912,6.54,6.75,6.46,6.71,51100
IVAN,20110912,1.48,1.53,1.45,1.48,414000
IXYS,20110912,10.63,11.2,10.56,11.19,82700
JACK,20110912,19.34,19.84,19.34,19.83,561500
JADE,20110912,2.62,2.65,2.5,2.54,234300
JAKK,20110912,15.59,16.02,15.52,15.91,136700
JASO,20110912,15.25,15.35,13.3,13.6,5906800
JAXB,20110912,4.83,5.19,4.8,4.8,4400
JAZZ,20110912,41.08,43.7,40.27,42.99,903100
JBHT,20110912,37.5,38.19,36.99,38.14,1015100
JBLU,20110912,3.98,4.16,3.95,4.16,4405300
JBSS,20110912,7.5,7.65,7.37,7.65,15300
JCOM,20110912,30.05,30.69,29.78,30.69,451600
JCS,20110912,13,13.28,12.88,13.21,15900
JCTCF,20110912,8.9,8.9,8.81,8.81,300
JDSU,20110912,11.98,12.75,11.97,12.71,7522000
JFBI,20110912,3.04,3.04,3.04,3.04,0
JJSF,20110912,46.81,47.95,46.8,47.79,26500
JKHY,20110912,27.52,28.5,27.5,28.48,700400
JMBA,20110912,1.61,1.68,1.61,1.67,237800
JOBS,20110912,51.41,52.8,50.5,51.63,74200
JOEZ,20110912,0.65,0.65,0.62,0.62,60600
JOSB,20110912,49.01,50.36,48.57,50.05,381000
JOUT,20110912,15.13,15.72,15.13,15.5,3500
JRCC,20110912,9.9,10.24,9.47,9.81,1243000
JRJC,20110912,2.52,2.6,2.52,2.57,7800
JST,20110912,9.6,9.73,9.5,9.51,19100
JVA,20110912,18.01,19.52,17.9,19.52,718300
JXSB,20110912,13.25,13.26,13.25,13.25,2600
KALU,20110912,47.76,50.22,47.68,48.91,202300
KBALB,20110912,4.89,5.01,4.89,4.96,54100
KCAP,20110912,6,6.19,5.88,6.14,58700
KCLI,20110912,30.25,31.26,30.14,30.96,18500
KELYA,20110912,12.84,13.27,12.5,12.98,141300
KELYB,20110912,13.9,13.9,13.9,13.9,0
KEQU,20110912,9.04,9.04,8.95,8.96,1600
KERX,20110912,3.78,3.97,3.76,3.88,996300
KEYN,20110912,22.39,23.42,22.3,22.82,161900
KEYW,20110912,10.66,11.08,10.66,10.99,279700
KFFB,20110912,7.29,7.88,7.29,7.65,2100
KFRC,20110912,9.14,9.51,9.03,9.18,332300
KGJI,20110912,1.5,1.5,1.45,1.47,33500
KINS,20110912,3.1,3.1,3.1,3.1,0
KIOR,20110912,14.16,15.05,14.16,15,53000
KIPS,20110912,3.01,3.01,3.01,3.01,400
KIRK,20110912,9.17,9.69,8.82,9.66,139200
KLAC,20110912,34.98,36.41,34.98,36.41,3560900
KLIC,20110912,8.07,8.59,8.07,8.58,1133500
KNDI,20110912,2.3,2.35,2.24,2.28,65500
KONA,20110912,5.05,5.06,4.82,4.96,33700
KONE,20110912,1.1,1.24,1.1,1.2,32100
KONG,20110912,3.88,3.92,3.62,3.69,88600
KOOL,20110912,1.59,1.6,1.56,1.56,45900
KOPN,20110912,3.42,3.53,3.33,3.52,200900
KOSS,20110912,5.76,5.99,5.76,5.95,2200
KRNY,20110912,8.22,8.47,8.22,8.44,25900
KSWS,20110912,4.74,4.92,4.64,4.9,98000
KTCC,20110912,3.64,3.7,3.64,3.66,11400
KTEC,20110912,13.77,13.9,13.44,13.68,2300
KTOS,20110912,8.33,8.42,8.06,8.3,200700
KUTV,20110912,2.05,2.05,1.93,1.96,17700
KVHI,20110912,7.52,7.91,7.44,7.59,97800
LABC,20110912,15.9,16,15.9,16,500
LABL,20110912,23.26,24.58,23.01,24.51,31600
LACO,20110912,2.31,2.39,2.23,2.29,11300
LAKE,20110912,7.31,7.32,7.23,7.23,10200
LAMR,20110912,18.45,18.63,17.58,18.26,1432900
LANC,20110912,59.71,59.71,57.36,58.51,62300
LARK,20110912,15.82,15.82,15.46,15.82,200
LAWS,20110912,14.31,14.76,14.07,14.56,50400
LAYN,20110912,24.62,24.95,24.11,24.5,173800
LBAI,20110912,7.5,7.86,7.5,7.81,39300
LBIX,20110912,3.49,3.68,3.4,3.47,7000
LBTYA,20110912,36.2,36.57,35.6,36.2,2785500
LBTYB,20110912,41.13,41.13,41.13,41.13,0
LBTYK,20110912,34.75,34.99,33.99,34.72,636100
LCAV,20110912,2.49,2.49,2.38,2.39,72400
LCNB,20110912,12.25,13.99,12.25,13.99,23500
LCUT,20110912,9.46,9.78,9.39,9.67,53500
LEAP,20110912,7.82,7.98,7.62,7.97,1239200
LECO,20110912,30.07,30.79,29.97,30.78,287500
LEDR,20110912,2.14,2.25,2.12,2.24,4000
LEDS,20110912,5.11,5.2,4.78,4.84,42100
LFUS,20110912,42.74,43.07,41.99,42.82,114400
LGCY,20110912,26.42,26.99,26.11,26.75,77300
LGND,20110912,14.79,15.36,14.73,14.99,91200
LHCG,20110912,17.75,18.15,17.56,17.97,125000
LIFE,20110912,38.61,39.48,38.48,39.37,1784700
LIME,20110912,3.31,3.4,3.25,3.26,15900
LINC,20110912,8.59,8.74,8.39,8.66,175500
LINE,20110912,36.95,37.16,36.47,37.08,703900
LINTA,20110912,15.44,15.9,15.39,15.88,3294900
LINTB,20110912,15.72,15.72,15.72,15.72,0
LION,20110912,6.45,6.45,6.26,6.44,3800
LIOX,20110912,2.43,2.59,2.41,2.47,263300
LIVE,20110912,1.9,1.9,1.9,1.9,0
LIWA,20110912,6.05,6.14,5.78,5.89,92500
LKFN,20110912,19.66,20.77,19.6,20.71,47500
LKQ,20110912,12.245,12.59,12.135,12.56,598600
LLEN,20110912,3.17,3.33,3,3.2,274400
LLNW,20110912,2.28,2.35,2.21,2.3,839000
LLTC,20110912,27.97,28.89,27.95,28.88,4062000
LMAT,20110912,6.73,6.87,6.68,6.86,11300
LMCA,20110912,65.48,66.04,64.37,65.76,346000
LMIA,20110912,17.21,18,17.02,17.69,36100
LMNR,20110912,15.81,16.86,14.29,16.75,13300
LMNX,20110912,20.69,21.22,20.24,20.9,161000
LNBB,20110912,4.16,4.17,4.15,4.15,2400
LNCE,20110912,19.7,20.16,19.7,20.12,211300
LNDC,20110912,5.71,5.92,5.71,5.79,110800
LOAN,20110912,1.19,1.25,1.19,1.19,2600
LOCM,20110912,2.75,2.91,2.72,2.85,83100
LOGI,20110912,9.08,9.46,9.04,9.44,2679900
LOGM,20110912,29.12,30.79,28.75,30.72,327700
LOJN,20110912,3.19,3.19,3.02,3.09,37100
LONG,20110912,18.02,18.07,17.46,17.59,3100
LOOK,20110912,1.46,1.5,1.38,1.44,20100
LOPE,20110912,14.81,15.27,14.67,15.18,521400
LORL,20110912,53.28,55.55,53.28,55.31,72000
LPHI,20110912,6.11,6.25,5.97,6.24,144800
LPLA,20110912,24.8,25.21,24.8,25.15,420200
LPNT,20110912,33.15,34.15,32.93,34.07,438900
LPSB,20110912,9.46,9.46,9.46,9.46,400
LPSN,20110912,10.09,10.75,10.07,10.7,408800
LPTH,20110912,1.65,1.72,1.62,1.63,7300
LQDT,20110912,30.15,30.62,28.33,28.98,489700
LRAD,20110912,1.73,1.76,1.68,1.76,106500
LRCX,20110912,36.79,37.37,36.38,37.19,3792100
LSBI,20110912,13.3,13.3,13.3,13.3,0
LSCC,20110912,5.1,5.41,5.1,5.38,1372600
LSTR,20110912,38.74,39.42,38.2,39.21,339700
LTBR,20110912,2.34,3.62,2.34,3.17,293900
LTON,20110912,0.87,0.89,0.84,0.84,9600
LTRE,20110912,8.42,8.42,7.15,7.5,8800
LTRX,20110912,1.63,1.63,1.51,1.52,13300
LTXC,20110912,5.36,5.54,5.31,5.54,392600
LUFK,20110912,61.3,62.39,59.9,62.05,716600
LULU,20110912,53.37,56.38,52.81,55.13,4541800
LUNA,20110912,1.42,1.42,1.38,1.38,7300
LWAY,20110912,9.93,10.24,9.75,10.09,18000
LXRX,20110912,1.15,1.29,1.15,1.28,965900
LYTS,20110912,6.37,6.55,6.3,6.52,68100
MAGS,20110912,2.58,2.6,2.4,2.41,32300
MAKO,20110912,35.08,35.41,33.76,34.91,1107400
MANH,20110912,33.09,34.34,32.54,34.31,111300
MANT,20110912,32.32,32.96,32.05,32.64,334900
MARPS,20110912,20,20.07,20,20.06,500
MASC,20110912,6.7,7,6.7,6.78,47900
MASI,20110912,22.68,23.04,22.22,22.65,373000
MAT,20110912,25.82,26.22,25.57,26.22,4664300
MATR,20110912,5.16,5.19,4.95,4.95,9300
MATW,20110912,30.28,30.79,30.06,30.79,90400
MAXY,20110912,5.43,5.52,5.41,5.52,104600
MAYS,20110912,13.5,13.5,13.5,13.5,0
MBFI,20110912,14.68,15.46,14.68,15.34,274000
MBLX,20110912,4.88,5.02,4.81,4.97,180500
MBND,20110912,3,3.05,2.87,2.91,14800
MBRG,20110912,14.91,14.91,14.8,14.91,1600
MBTF,20110912,1.33,1.33,1.27,1.3,2200
MBVT,20110912,26.58,26.59,25.77,26.23,9300
MBWM,20110912,8.07,8.31,8.07,8.08,7000
MCBC,20110912,2.87,2.9,2.75,2.9,8200
MCBI,20110912,5.31,5.31,5.31,5.31,400
MCGC,20110912,4.19,4.38,4.18,4.38,699800
MCHP,20110912,31.49,32.72,31.49,32.71,2950100
MCHX,20110912,8.27,8.61,8.07,8.25,186400
MCOX,20110912,9.75,9.75,8.75,8.95,126700
MCRI,20110912,9.4,10.22,9.39,9.76,24000
MCRL,20110912,9.34,9.76,9.28,9.68,481400
MCRS,20110912,44.42,45.77,44,45.76,526500
MDAS,20110912,9.52,9.8,9.5,9.8,349300
MDCA,20110912,14.49,15.09,13.45,14.01,105900
MDCI,20110912,5.55,5.85,5.29,5.49,102000
MDCO,20110912,14.35,14.86,14.22,14.82,659500
MDH,20110912,2.19,2.22,2.09,2.19,2500
MDRX,20110912,16.84,17.29,16.7,17.24,1639100
MDSO,20110912,15.41,15.9,15.25,15.86,188700
MDVN,20110912,18.68,19.01,17.81,18.19,535300
MEAD,20110912,4.07,4.15,3.99,4.15,3000
MEAS,20110912,25.36,26.63,25.09,25.92,60600
MELA,20110912,3.12,3.12,2.88,2.95,1330500
MELI,20110912,63.57,66.19,63,65.97,621400
MEMS,20110912,2.47,2.85,2.3,2.39,8100
MENT,20110912,10,10.34,9.91,10.23,1226900
MEOH,20110912,22.81,23.02,22.37,22.7,486400
MERC,20110912,8.32,8.59,8.31,8.46,234900
MERU,20110912,8.33,8.59,8.2,8.53,45200
METR,20110912,8.93,9.24,8.93,9.19,28000
MFI,20110912,5.58,5.72,5.41,5.57,2700
MFLR,20110912,8.5,8.5,8.5,8.5,0
MFLX,20110912,18.44,18.86,18.19,18.83,33700
MFNC,20110912,5.65,5.65,5.5,5.6,1600
MFRI,20110912,7.17,7.52,7,7,4000
MFSF,20110912,7.63,7.65,7.62,7.62,400
MGAM,20110912,4.37,4.48,4.29,4.42,78500
MGEE,20110912,39.76,40.78,39.76,40.7,71700
MGIC,20110912,4,4.1,3.98,4.08,123300
MGLN,20110912,45.34,46.17,45.14,46.13,224800
MGPI,20110912,6.08,6.28,6.01,6.19,18500
MGRC,20110912,23.31,23.86,22.96,23.52,65300
MGYR,20110912,3.22,3.61,3.15,3.34,3400
MHGC,20110912,5.53,6.07,5.53,5.92,175000
MHLD,20110912,7.56,7.75,7.54,7.73,315300
MIDD,20110912,70.07,71.23,68.87,71,76700
MIND,20110912,13.41,13.84,13.08,13.69,154600
MINI,20110912,16.66,17.14,15.9,16.55,293600
MITK,20110912,12.22,12.23,11.5,11.85,759800
MITL,20110912,3.07,3.4,3,3.21,8900
MKSI,20110912,22.27,22.86,22.12,22.84,313800
MKTAY,20110912,35.4,35.4,34.78,35.37,11700
MKTG,20110912,13.15,13.18,12.29,12.4,41800
MKTX,20110912,29.06,29.73,28.55,29.44,254900
MLAB,20110912,33.8,34.15,33.73,34.15,600
MLHR,20110912,17.17,17.67,16.84,17.34,437500
MLNK,20110912,3.75,3.77,3.59,3.63,295600
MLNX,20110912,29.9,31.59,29.9,31.3,302600
MLVF,20110912,6.6,6.8,6.3,6.66,700
MMLP,20110912,34.11,34.7,33.87,34.65,54800
MMSI,20110912,12.9,13.19,12.85,13.18,210400
MMUS,20110912,5.06,5.1,5.06,5.06,2800
MMYT,20110912,20.62,21.25,20.3,20.94,129700
MNDO,20110912,1.98,2,1.97,1.98,15000
MNGL,20110912,10.1,10.1,10.1,10.1,1000
MNGLU,20110912,10.26,10.26,10.26,10.26,0
MNGLW,20110912,0.85,0.85,0.85,0.85,0
MNKD,20110912,2.88,3.15,2.87,3.14,820800
MNOV,20110912,2.18,2.33,2.18,2.24,1700
MNRK,20110912,5.5833,5.7917,5.5083,5.7417,3100
MNRO,20110912,36.51,37.57,36.51,37.35,310400
MNST,20110912,42.43,43.195,42.29,43.11,976200
MNTA,20110912,16.14,16.63,16.07,16.39,389500
MNTG,20110912,2.43,2.47,2.41,2.47,2600
MNTX,20110912,4.09,4.15,4.08,4.15,6700
MOBI,20110912,5.25,5.34,5.2,5.28,122500
MOCO,20110912,14.49,15.66,14.49,15.1,5100
MOFG,20110912,14.42,14.47,14.33,14.39,13000
MOLX,20110912,19.65,20.16,19.51,20.13,1143500
MOLXA,20110912,16.61,17.21,16.47,17.18,346000
MORN,20110912,54.8,56.51,54.63,56.41,100100
MOSY,20110912,3.65,4.25,3.65,3.73,179000
MOVE,20110912,6.16,6.2,5.52,5.72,12040500
MPAA,20110912,9.78,10.27,9.31,9.71,208800
MPAC,20110912,5.6,5.87,5.32,5.33,15900
MPB,20110912,8.4,8.4,8.4,8.4,600
MPEL,20110912,11.73,12.32,11.55,12,7439700
MPET,20110912,1.5,1.52,1.4,1.5,74800
MPWR,20110912,11.02,11.64,11.01,11.64,357400
MRCY,20110912,12.74,13.17,12.74,12.98,106700
MRGE,20110912,6.2,6.51,6.07,6.44,931100
MRLN,20110912,10.4,10.65,10.28,10.41,9900
MRTN,20110912,18,18.38,17.83,18.26,70700
MRVL,20110912,13.5,14.4,13.3,14.39,16468100
MSBF,20110912,5,5,5,5,0
MSCC,20110912,15.64,16.36,15.58,16.02,421300
MSEX,20110912,17.9,17.9,17.22,17.44,28600
MSFG,20110912,8.22,8.59,8.15,8.54,35400
MSFT,20110912,25.44,25.93,25.27,25.89,55047200
MSG,20110912,23.12,23.44,22.64,23.1,266100
MSON,20110912,2.27,2.3,2.07,2.29,3900
MSPD,20110912,5.25,5.6,5.25,5.59,257700
MSTR,20110912,102.52,108.2,100.86,105.79,238300
MTEX,20110912,5.5,5.5,5.3,5.5,12700
MTGE,20110912,16.92,17.09,16.91,17.09,24000
MTRX,20110912,8.66,9.25,8.59,9.23,383300
MTSC,20110912,32.53,33.44,32.34,33.43,56600
MTSL,20110912,1.43,1.43,1.28,1.33,1900
MTSN,20110912,1.28,1.38,1.28,1.34,155700
MU,20110912,6.28,6.71,6.28,6.68,46726600
MVIS,20110912,7.12,8.32,7.04,8.08,1305200
MVISW,20110912,0.3,0.3,0.3,0.3,5500
MWIV,20110912,69.91,70.69,68.55,69.82,50300
MXIM,20110912,22.7,24.01,22.7,24,4740200
MXWL,20110912,15.6,17.18,15.51,17.15,287900
MYGN,20110912,18.29,18.69,18.05,18.53,667200
MYL,20110912,19.1,19.56,18.96,19.53,7612400
MYRG,20110912,18.71,18.98,18.18,18.38,67900
NAFC,20110912,28.76,30.17,28.76,29.93,120600
NAII,20110912,4.91,4.93,4.86,4.92,3200
NANO,20110912,14.7,15.29,14.61,15.15,178900
NASB,20110912,10.06,10.45,10.06,10.38,1900
NATH,20110912,18.96,19.23,18.68,18.68,13800
NATI,20110912,23.38,24.33,23.2,24.31,329300
NATL,20110912,21.88,22.21,21.72,22.03,4800
NATR,20110912,16.08,16.39,15.69,15.91,32700
NAUH,20110912,7.65,7.88,7.55,7.68,13300
NAVG,20110912,41.67,42.56,41.09,42.34,73100
NAVR,20110912,1.77,1.78,1.7,1.75,13500
NBBC,20110912,4.35,4.35,4.15,4.23,6000
NBIX,20110912,5.79,5.93,5.63,5.92,251500
NBN,20110912,12.7,13.22,12.7,13.22,1000
NBTB,20110912,17.51,18.24,17.5,18.17,120600
NBTF,20110912,18.68,18.68,18.68,18.68,200
NCBC,20110912,3.12,3.12,3.12,3.12,0
NCIT,20110912,14.83,15.8,14.71,15.73,16600
NCMI,20110912,12.48,12.98,12.48,12.81,330700
NCTY,20110912,4.63,4.63,4.53,4.59,55500
NDAQ,20110912,21.9,22.84,21.71,22.82,2985700
NDSN,20110912,39.79,40.87,39.14,40.41,617200
NECB,20110912,6.4,6.4,6.35,6.35,12300
NEOG,20110912,31.97,32.65,31.8,32.24,121200
NEPT,20110912,3.1,3.1,3,3.03,72500
NETC,20110912,8.85,9.01,8.79,8.79,15500
NEWL,20110912,0.7,0.7,0.6,0.64,7700
NEWP,20110912,10.96,11.61,10.96,11.52,269600
NEWS,20110912,9.14,9.44,8.96,9.42,55800
NEWT,20110912,1.39,1.39,1.35,1.38,8100
NFBK,20110912,11.7,12.16,11.7,12.02,46100
NFEC,20110912,1.12,1.12,1.05,1.05,12300
NFLX,20110912,201.31,210.63,198.62,210.05,4559300
NFSB,20110912,12.51,12.51,12.51,12.51,0
NGPC,20110912,6.91,7.3,6.91,7.15,140300
NHTB,20110912,12.56,12.83,12.53,12.75,1500
NICE,20110912,28.54,29.18,28.49,29.1,296700
NICK,20110912,10,10.38,9.95,10.1,27500
NIHD,20110912,34.55,35.51,34.55,35.13,2471000
NILE,20110912,34.44,35.85,34.44,35.55,192800
NINE,20110912,1.36,1.36,1.36,1.36,1700
NKSH,20110912,22.87,23.51,22.86,23.1,9100
NKTR,20110912,4.99,5.23,4.94,5.06,652800
NLST,20110912,1.6,1.65,1.5,1.51,113100
NMRX,20110912,5.53,5.93,5.47,5.68,16100
NNBR,20110912,6.27,6.46,6.02,6.24,141900
NOVB,20110912,9.77,10.18,9.65,9.65,2900
NPBC,20110912,6.64,6.97,6.56,6.97,1356500
NPSP,20110912,6.48,6.77,6.29,6.45,943300
NRCI,20110912,32,32.6,31.6,31.74,13100
NRIM,20110912,19.31,19.31,18.97,18.97,300
NSEC,20110912,11.34,11.34,11.34,11.34,100
NSIT,20110912,16.97,17.47,16.63,16.99,281400
NSPH,20110912,1.27,1.3,1.24,1.27,181200
NSSC,20110912,2.7,2.75,2.5,2.6,20200
NSYS,20110912,3.35,3.35,3.35,3.35,100
NTAP,20110912,35.05,36.36,34.96,36.3,6294900
NTCT,20110912,12.07,12.65,11.96,12.21,468000
NTES,20110912,47.36,47.61,46.5,47.32,673800
NTGR,20110912,25.03,25.69,24.87,25.6,230200
NTIC,20110912,15.71,15.71,14.06,15.31,3400
NTLS,20110912,18,18.37,17.74,17.99,194400
NTRI,20110912,11.18,11.58,11.08,11.56,342900
NTRS,20110912,35.03,35.97,34.68,35.92,2224400
NTSC,20110912,4.88,4.99,4.79,4.79,1500
NTSP,20110912,5.05,5.81,5.05,5.74,608600
NTWK,20110912,8.1,8.2,7.9,8,135100
NUAN,20110912,16.75,17.66,16.75,17.65,3338300
NUCL,20110912,32.42,32.42,31.92,32.34,1800
NUTR,20110912,13.23,13.7,13.23,13.43,38200
NUVA,20110912,20.54,20.85,19.99,20.61,754100
NVAX,20110912,1.66,1.74,1.64,1.67,867300
NVDA,20110912,13.69,14.33,13.69,14.21,22911900
NVEC,20110912,63.37,66,62.97,65.87,33400
NVGN,20110912,0.75,0.84,0.75,0.79,20800
NVMI,20110912,5.91,6.13,5.88,6.05,131300
NVSL,20110912,7.58,7.79,7.56,7.75,26500
NVTL,20110912,3.22,3.32,3.22,3.3,182900
NWBI,20110912,11.68,12.19,11.67,12.17,980800
NWFL,20110912,24.5,24.5,24.5,24.5,0
NWLI,20110912,139.67,142.19,139,142.08,3800
NWPX,20110912,24.19,25.32,23.63,24.89,58800
NWS,20110912,15.93,16.33,15.9,16.3,5945500
NWSA,20110912,15.73,16.2,15.7,16.18,28221500
NXPI,20110912,16.23,17.27,16.22,17.21,1000900
NXST,20110912,5.53,6.24,5.53,6.15,39700
NXTM,20110912,17.38,18.07,17.29,17.97,324600
NYMT,20110912,7.4,7.49,7.26,7.34,36200
NYMX,20110912,7.85,8.41,7.85,7.96,33000
NYNY,20110912,0.78,0.81,0.78,0.81,23400
OABC,20110912,13.79,14.11,13.75,14.03,24500
OBAF,20110912,14.2,14.35,14.15,14.29,79600
OBAS,20110912,6.8,7.25,6.65,7.25,22500
OBCI,20110912,2.3,2.3,2.27,2.3,2700
OCC,20110912,3.65,3.67,3.39,3.59,6000
OCFC,20110912,11.34,11.8,11.34,11.76,28100
OCLR,20110912,3.95,4.2,3.92,4.18,1222500
OCLS,20110912,8.54,8.96,8.54,8.75,16300
OCZ,20110912,5.08,5.17,4.8,4.99,1364000
ODFL,20110912,19.94,20.4,19.56,20.3467,545700
OFED,20110912,11.2,11.2,11.2,11.2,0
OFIX,20110912,33.51,33.77,33.11,33.61,88700
OFLX,20110912,12.81,13.19,12.7,13.14,3600
OGXI,20110912,10,10.14,9.82,10.06,25800
OIIM,20110912,4.69,4.83,4.67,4.73,112600
OINK,20110912,2.15,2.15,2.06,2.06,9900
OKSB,20110912,4.33,4.6,4.3,4.58,126400
OKSBP,20110912,19.89,19.89,19.89,19.89,600
OLBK,20110912,7.26,7.26,7.26,7.26,0
OMAB,20110912,14.11,14.11,13.65,14,17200
OMCL,20110912,14.63,15.27,14.63,15.06,158700
OMER,20110912,3.67,3.84,3.62,3.68,45800
OMEX,20110912,2.45,2.59,2.45,2.58,280200
OMPI,20110912,9.37,9.92,9.36,9.84,28900
ONCY,20110912,3.9,4.46,3.81,4.4,107200
ONEQ,20110912,95.98,98.27,95.98,98.25,8900
ONFC,20110912,8.71,8.84,8.67,8.67,5800
ONNN,20110912,7.05,7.37,7.05,7.3,6766400
ONTY,20110912,6.9,7.32,6.9,7.11,257600
ONVI,20110912,3.51,3.52,3.44,3.52,700
ONXX,20110912,30.26,30.99,30.12,30.79,583300
OPEN,20110912,53.28,55.18,52.73,53.54,1357800
OPHC,20110912,0.94,0.98,0.94,0.98,300
OPLK,20110912,15.8,16.38,15.7,16.33,85700
OPOF,20110912,10.25,10.59,10.25,10.44,900
OPTR,20110912,12.05,12.8,11.94,12.79,2047200
OPTT,20110912,3.35,3.4,3.19,3.29,54700
OPXA,20110912,5.08,5.4,5,5.4,46000
ORBC,20110912,2.19,2.33,2.15,2.25,180000
ORBK,20110912,9.45,9.7,8.95,9.06,248600
ORBT,20110912,3.67,3.71,3.52,3.7,3300
ORCL,20110912,25.94,26.77,25.9,26.75,37358200
OREX,20110912,1.28,1.35,1.26,1.34,335100
ORIT,20110912,12.58,12.98,12.53,12.9,937200
ORLY,20110912,66.48,67.59,66.21,66.76,2005300
ORRF,20110912,12.23,13.35,12,13.2,15800
OSBC,20110912,1.44,1.49,1.39,1.43,14500
OSBCP,20110912,4.1,4.1,4.1,4.1,200
OSHC,20110912,10.07,10.31,10.07,10.07,400
OSIR,20110912,4.96,5.1,4.91,5.07,37100
OSIS,20110912,33.24,34.63,32.93,34.56,158300
OSN,20110912,2.24,2.3,2.18,2.3,1100
OSTK,20110912,9.56,9.85,9.5,9.74,55900
OSUR,20110912,6.86,7.29,6.86,7.21,137200
OTEX,20110912,54.1,55.51,53.65,55.42,241900
OTIV,20110912,1.58,1.58,1.51,1.54,47400
OTT,20110912,17.19,17.19,16.88,16.89,34100
OTTR,20110912,19.42,19.71,19.31,19.7,174000
OUTD,20110912,6.17,6.37,5.96,6.18,22300
OVBC,20110912,17.5,17.5,17.5,17.5,400
OVLY,20110912,5.35,5.35,5.35,5.35,0
OVRL,20110912,2.7,2.74,2.65,2.73,23800
OVTI,20110912,16.88,17.47,16.73,17.44,1996000
OXBT,20110912,2.2,2.3,2.17,2.3,26400
OXGN,20110912,1.16,1.25,1.12,1.16,251200
OXLC,20110912,15.24,15.24,14.95,15.13,14300
OZRK,20110912,20.39,21.51,20.39,20.91,226000
PAAS,20110912,32.8,33.68,31.36,32.61,1085900
PACB,20110912,5.7,5.78,5.5,5.66,425500
PACQ,20110912,9.45,9.45,9.45,9.45,0
PACQW,20110912,0.59,0.59,0.59,0.59,0
PACR,20110912,3.89,4.11,3.89,4.1,211600
PACW,20110912,15.12,15.74,15.03,15.5,310800
PAGG,20110912,29.39,29.98,29.2,29.73,46600
PANL,20110912,48.81,52.4,48.44,51.23,2240600
PATH,20110912,2.47,2.72,2.47,2.59,218100
PATK,20110912,1.9,2,1.9,2,2800
PATR,20110912,19.75,20.25,19.46,20.03,8300
PAYX,20110912,25.75,26.23,25.5,26.19,4624100
PBCT,20110912,11.55,12.01,11.49,12,7794900
PBHC,20110912,9,9,9,9,0
PBIB,20110912,4.24,4.45,4.2,4.45,1800
PBIP,20110912,5.79,5.79,5.79,5.79,0
PCAR,20110912,34.77,35.61,34.46,35.57,4321600
PCBK,20110912,7.14,7.31,7.1,7.2,29200
PCCC,20110912,8.69,8.97,8.56,8.93,28400
PCH,20110912,30.19,30.79,29.8,30.47,302400
PCLN,20110912,511.45,531.77,508.14,528.87,1197300
PCO,20110912,2.05,2.21,1.96,2.09,711900
PCOM,20110912,8.39,8.39,8.17,8.27,10200
PCRX,20110912,8.22,8.63,8.11,8.52,101100
PCTI,20110912,6.17,6.3,6.08,6.12,15100
PCYC,20110912,11.03,11.35,10.91,10.98,546300
PCYO,20110912,2.7,2.81,2.7,2.76,3200
PDCO,20110912,26.83,27.24,26.68,27.17,1344500
PDEX,20110912,1.78,1.82,1.77,1.77,4300
PDFS,20110912,4.48,4.77,4.45,4.62,69600
PDII,20110912,6.76,6.95,6.76,6.82,1600
PDLI,20110912,5.68,5.7,5.6,5.7,1528800
PEBK,20110912,4.32,4.35,4.3,4.35,500
PEBO,20110912,9.51,9.73,9.51,9.64,8500
PEGA,20110912,34.06,34.71,33,34.43,481500
PEIX,20110912,0.37,0.38,0.36,0.37,1142400
PENN,20110912,35.25,36.44,35.25,36.08,836600
PENX,20110912,5.25,5.37,5.25,5.3,15900
PEOP,20110912,13.55,13.98,13.55,13.93,2700
PERF,20110912,16.5,16.5,16.5,16.5,0
PERY,20110912,19.91,20.58,19.36,20.38,72600
PESI,20110912,1.4,1.41,1.35,1.36,19200
PETM,20110912,41.17,42.59,41.17,42.56,1585600
PETS,20110912,9.46,9.7,9.37,9.58,206600
PFBC,20110912,8.23,8.25,8.08,8.16,3800
PFBI,20110912,5.82,5.82,5.68,5.8,900
PFBX,20110912,10.92,10.92,10.89,10.89,700
PFIN,20110912,4.55,4.87,4.55,4.67,1400
PFLT,20110912,11.11,11.27,10.81,11.27,39500
PFSW,20110912,5.06,5.24,4.98,5.13,76600
PGC,20110912,10.06,10.16,10.01,10.09,1500
PGNX,20110912,4.97,5.67,4.84,5.52,169300
PGTI,20110912,1.67,1.68,1.65,1.68,1500
PHII,20110912,20.64,20.64,20.64,20.64,0
PHIIK,20110912,19.91,20.86,19.89,20.76,15800
PHMD,20110912,13.73,14.09,13.73,13.89,900
PICO,20110912,21.13,21.95,20.5,21.94,298300
PKBK,20110912,7.26,7.27,7.24,7.27,1600
PKOH,20110912,13.29,13.86,12.96,13.75,29700
PLAB,20110912,5.77,6.04,5.66,5.9,651600
PLBC,20110912,2.61,2.61,2.48,2.48,200
PLCC,20110912,1.04,1.04,1.04,1.04,0
PLCE,20110912,41.52,42.85,41.07,42.78,588800
PLCM,20110912,21.37,22.04,21.2,21.97,1497900
PLMT,20110912,9.94,10.4,9.94,10.3,15600
PLNR,20110912,1.97,2.16,1.91,2.01,27200
PLPC,20110912,49.04,50.84,48.58,50.71,5500
PLTM,20110912,22.01,22.33,22,22.33,5900
PLUG,20110912,1.68,1.76,1.66,1.72,68700
PLUS,20110912,22.88,23.14,22.88,23.08,5000
PLXS,20110912,23.91,24.51,23.65,24.49,201700
PLXT,20110912,2.98,3.13,2.98,3.12,71100
PMBC,20110912,4.04,4.05,3.92,4.04,1500
PMCS,20110912,5.88,6.28,5.86,6.26,3379000
PMD,20110912,8.1,8.24,8,8.03,22000
PMFG,20110912,14.29,15,14.26,14.97,33200
PMNA,20110912,11.1,11.25,11.1,11.25,4700
PMTC,20110912,15.61,16.2,15.61,16.2,862400
PMTI,20110912,7.77,8.06,7.77,8.05,105600
PNBK,20110912,1.94,2,1.8,1.82,25200
PNFP,20110912,10.32,10.87,10.32,10.83,254400
PNNT,20110912,9.64,9.97,9.63,9.88,297700
PNQI,20110912,34.68,35.56,34.64,35.52,19900
PNRA,20110912,107.01,110.33,106,108.77,560200
PNRG,20110912,19.38,19.38,19.38,19.38,200
PNTR,20110912,4.01,4.04,3.71,3.71,1000
PODD,20110912,17.01,17.22,16.51,16.81,503400
POOL,20110912,23.88,24.66,23.78,24.63,240600
POPE,20110912,44.22,44.22,43.68,43.68,1100
POWI,20110912,31.46,32.88,31.46,32.87,393200
POWL,20110912,32.75,33.69,32.75,33.27,37800
POWR,20110912,4,4.04,3.84,4.02,197900
POZN,20110912,2.6,2.71,2.6,2.68,61500
PPBI,20110912,6.11,6.23,6.11,6.15,7600
PPHM,20110912,1.2,1.29,1.18,1.24,957700
PRAA,20110912,66.11,67.7,66,67.11,56600
PRAN,20110912,1.59,1.65,1.53,1.65,67000
PRCP,20110912,5.78,5.94,5.76,5.88,3400
PRFT,20110912,7.5,7.81,7.3,7.5,87000
PRFZ,20110912,54.2,55.46,54.2,55.36,96200
PRGO,20110912,88.4,90.54,87.9,90.53,808800
PRGS,20110912,17.94,18.63,17.94,18.58,463100
PRGX,20110912,5.18,5.24,5.02,5.11,61600
PRIM,20110912,10,10.48,9.96,10.24,67600
PRKR,20110912,0.94,1.01,0.9,0.96,136900
PRLS,20110912,3.67,3.75,3.67,3.7,6200
PRMW,20110912,6.13,6.34,5.81,6.15,431300
PROV,20110912,8.16,8.22,8.08,8.08,6800
PRPH,20110912,0.87,0.9,0.82,0.85,5200
PRSC,20110912,8.79,8.89,8.55,8.72,19100
PRTS,20110912,5.29,5.46,5.26,5.29,41300
PRXI,20110912,1.67,1.72,1.67,1.71,100900
PRXL,20110912,20.17,20.33,19.72,20.32,410900
PSAU,20110912,50,50.23,48.74,49.58,9500
PSBH,20110912,4.76,4.76,4.73,4.73,2300
PSCC,20110912,28.69,28.69,28.6,28.6,1000
PSCD,20110912,23.75,24.35,23.68,24.16,14900
PSCE,20110912,30.35,31.29,30.17,31.29,12100
PSCF,20110912,23.66,24.11,23.66,24.1,20400
PSCH,20110912,27.69,28.16,27.54,28.07,47900
PSCI,20110912,23.88,24.47,23.77,24.4,8500
PSCM,20110912,24,24,24,24,0
PSCT,20110912,23.96,24.53,23.96,24.12,17000
PSCU,20110912,27.87,28.34,27.87,28.13,11200
PSDV,20110912,4.38,4.39,4.31,4.31,20200
PSEC,20110912,8.39,8.6,8.37,8.59,1426800
PSEM,20110912,6.93,7.32,6.93,7.27,52700
PSMT,20110912,67.1,67.97,65.51,67.81,357200
PSTB,20110912,3.56,3.79,3.56,3.74,31200
PSTI,20110912,2.28,2.33,2.25,2.29,157700
PSTR,20110912,4.32,4.48,4.15,4.23,12100
PSUN,20110912,1.36,1.48,1.36,1.38,845300
PTEK,20110912,1.09,1.09,1.05,1.05,3000
PTEN,20110912,22.25,22.94,21.92,22.71,2116200
PTIE,20110912,4.59,4.7,4.51,4.68,215300
PTIX,20110912,1.9,1.9,1.85,1.9,500
PTNR,20110912,9.65,9.65,9.4,9.64,336100
PTRY,20110912,12.11,12.72,11.87,12.69,573400
PTSI,20110912,10.41,10.99,10.31,10.89,7100
PTSX,20110912,0.7,0.7,0.7,0.7,0
PULB,20110912,6.42,6.49,6.42,6.49,5700
PURE,20110912,0.92,1.01,0.9,0.91,144000
PVFC,20110912,1.64,1.67,1.61,1.63,28600
PVTB,20110912,7.63,7.86,7.42,7.72,611000
PVTBP,20110912,25.38,25.7,25.01,25.7,5100
PWER,20110912,7.13,7.2,6.67,6.87,1809900
PWOD,20110912,31.31,32.09,31.04,31.2,3700
PWRD,20110912,18.37,18.37,17.38,17.69,806700
PWX,20110912,11.99,12.47,11.6,11.92,6300
PXLW,20110912,2.4,2.4,2.32,2.36,14000
PZZA,20110912,27.78,28.52,27.77,28.41,128900
PZZI,20110912,2.89,2.9,2.83,2.83,12200
QABA,20110912,19.75,19.89,19.75,19.89,1400
QADA,20110912,10.58,11.22,10.4,10.48,36100
QADB,20110912,10.6,10.6,9.96,10.2,19200
QBAK,20110912,1.91,1.95,1.91,1.92,4300
QCCO,20110912,3.77,3.8,3.7,3.7,5100
QCLN,20110912,11.31,11.34,11.16,11.29,8900
QCOM,20110912,49.68,51.43,49.61,51.39,16410700
QCOR,20110912,28.3,29.33,24.62,27.59,6024100
QCRH,20110912,8.92,9.36,8.92,9.24,1500
QDEL,20110912,14.19,14.62,14.06,14.59,128000
QGEN,20110912,13.61,13.87,13.59,13.82,947000
QKLS,20110912,32.16,33.6,32.16,32.64,14100
QLGC,20110912,13.41,13.75,13.39,13.68,1193200
QLIK,20110912,22,23.03,21.82,22.9,1271200
QLTI,20110912,6.97,7.1,6.91,6.96,167200
QLTY,20110912,10.3,10.32,9.67,9.74,273500
QNST,20110912,10.68,10.99,10.5,10.87,177500
QQEW,20110912,22.09,22.45,21.99,22.29,123600
QQQ,20110912,52.61,53.9,52.57,53.86,65973000
QQQX,20110912,13.25,13.37,13.07,13.28,50800
QQXT,20110912,20.95,21.06,20.68,21.06,2600
QSII,20110912,44.285,45.47,44.13,45.42,205700
QTEC,20110912,21.94,22.65,21.93,22.65,176200
QTWW,20110912,3.3,3.34,2.99,3.04,313400
QUIK,20110912,2.5,2.62,2.47,2.51,122300
RADA,20110912,2.37,2.41,2.37,2.37,1500
RAIL,20110912,15.66,16.2,15.32,15.68,61900
RAND,20110912,2.8,2.8,2.8,2.8,0
RAVN,20110912,24.445,24.445,23.34,24.205,39800
RBCAA,20110912,16.99,17.43,16.75,17.32,24200
RBCN,20110912,11.94,12.24,11.65,12.2,323700
RBNF,20110912,2.63,2.63,2.62,2.62,600
RBPAA,20110912,1.09,1.09,1.01,1.01,300
RCII,20110912,26.64,27.6,26.64,27.59,644100
RCKB,20110912,9.59,9.69,9.4,9.57,53900
RCKY,20110912,10.89,11.2,10.67,10.8,16900
RCMT,20110912,4.22,4.22,4.11,4.17,14100
RCON,20110912,1.12,1.22,1.12,1.13,6200
RDA,20110912,9.23,9.49,9.23,9.4,4800
RDCM,20110912,3.65,4.14,3.65,4.1,24700
RDEN,20110912,29.55,30.77,29.22,30.25,160400
RDI,20110912,4.19,4.2,4.1,4.15,4400
RDIB,20110912,6.25,6.71,6.25,6.71,600
RDNT,20110912,2.72,2.72,2.57,2.61,116500
RDWR,20110912,11.885,12.37,11.88,12.165,169600
RECN,20110912,8.32,8.82,8.28,8.81,224300
REDF,20110912,7.61,7.95,7.6,7.83,175200
REFR,20110912,3.86,3.99,3.85,3.96,7500
REGN,20110912,63.4,66.66,63.03,65.55,1273500
REIS,20110912,8.92,9.05,8.92,8.97,33200
RELL,20110912,13.63,14.05,13.63,13.83,76700
RELV,20110912,1.52,1.52,1.5,1.5,1200
RENT,20110912,11.85,12.26,11.6,11.83,71800
REXI,20110912,4.43,4.56,4.43,4.53,4400
REXX,20110912,12.96,13.56,12.84,13.3,1230500
RFIL,20110912,3.75,3.85,3.65,3.71,16300
RFMD,20110912,5.84,6.01,5.74,5.98,4508500
RGCO,20110912,18.1,18.5,18.02,18.08,5700
RGDX,20110912,2.12,2.18,2.12,2.16,1700
RGEN,20110912,3.26,3.38,3.25,3.25,15300
RGLD,20110912,80.63,82,78.23,80.06,970900
RICK,20110912,6.63,7,6.63,6.9,38000
RIGL,20110912,7.22,7.46,7.12,7.41,334300
RIMG,20110912,12.89,13.16,12.86,13.04,18000
RITT,20110912,4.62,4.62,4.2,4.5,9300
RIVR,20110912,14.37,14.37,14.37,14.37,0
RJET,20110912,2.83,3.04,2.79,2.84,346200
RLOC,20110912,13.31,13.79,12.78,13.3,117400
RLOG,20110912,7.29,7.32,6.92,6.92,17700
RMBS,20110912,10.81,11.38,10.74,11.37,855600
RMCF,20110912,9.2,9.2,8.9,9.15,13700
RMKR,20110912,1.19,1.2,1.1,1.2,25900
RMTI,20110912,8.06,8.35,7.8,8.22,59900
RNET,20110912,15.46,16.34,14.78,15.88,8600
RNIN,20110912,6.05,6.55,6.05,6.5,37100
RNST,20110912,11.8,12.46,11.8,12.38,39600
ROCK,20110912,8.35,9.06,8.28,9.06,144100
ROCM,20110912,7.86,8.14,7.86,7.96,10100
ROIA,20110912,1.22,1.31,1.22,1.31,2200
ROIAK,20110912,1.24,1.31,1.18,1.25,66700
ROIC,20110912,10.95,11.19,10.9,11.06,150000
ROICW,20110912,0.65,0.75,0.65,0.75,2600
ROLL,20110912,31.67,31.8,30.37,31.71,125200
ROMA,20110912,7.8,8.06,7.8,7.96,11600
ROSE,20110912,41.58,43.11,41.09,42.46,944900
ROSG,20110912,18.75,19.2,18.15,18.15,8100
ROST,20110912,36.51,37.935,36.5,37.895,1254800
ROVI,20110912,43.94,44.37,43.32,44.16,3032200
ROYL,20110912,2.66,2.72,2.57,2.61,57400
RP,20110912,18.34,19.15,18.17,19.11,360600
RPRX,20110912,4.37,4.52,4.3,4.38,18200
RPTP,20110912,4.1,4.25,3.98,4.07,182900
RPXC,20110912,22,23.1,21.21,21.36,159200
RRD,20110912,13.8,13.98,13.53,13.93,2466100
RRGB,20110912,28.2,28.36,27.5,28.15,286100
RRST,20110912,5.76,5.85,5.7,5.77,2300
RSOL,20110912,2.21,2.24,2.02,2.19,11900
RSTI,20110912,20.82,21.59,20.81,21.41,149000
RSYS,20110912,6.28,6.37,6.11,6.27,65600
RTEC,20110912,6.4,6.6,6.35,6.51,175800
RTIX,20110912,3.12,3.18,3.04,3.09,152700
RUE,20110912,24.3,25.04,23.81,25,364500
RUSHA,20110912,16.2,18.19,15.82,17.02,89800
RUSHB,20110912,13.5,13.94,13.5,13.86,2000
RUTH,20110912,4.56,4.85,4.51,4.84,211900
RVBD,20110912,21.65,22.57,21.07,22.53,4813500
RVSB,20110912,2.43,2.5,2.4,2.5,5400
RYAAY,20110912,24.73,24.98,24.29,24.65,171800
SAAS,20110912,3.43,3.56,3.35,3.44,57000
SAFM,20110912,39.09,40.18,38.74,39.64,436200
SAFT,20110912,35.5,36.7,35.5,36.65,35600
SAIA,20110912,10.5,10.92,10.5,10.76,76100
SALM,20110912,2.37,2.52,2.37,2.4,11800
SANM,20110912,6.92,7.16,6.72,6.98,886400
SANW,20110912,4.75,5,4.74,4.74,1300
SANWW,20110912,0.68,0.68,0.68,0.68,0
SANWZ,20110912,0.23,0.23,0.23,0.23,0
SAPE,20110912,9.94,10.11,9.73,9.9,1590400
SASR,20110912,14.6,15.17,14.47,15.11,66100
SATS,20110912,23.15,23.33,22.56,22.92,270100
SAVE,20110912,11.19,11.57,11.07,11.16,80100
SBAC,20110912,36.23,36.5,35.68,36.07,1120700
SBBX,20110912,6.2,6.2,5.82,5.88,400
SBCF,20110912,1.49,1.53,1.42,1.45,315300
SBGI,20110912,7.06,7.44,7.04,7.38,889400
SBLK,20110912,19.5,19.95,19.35,19.8,89800
SBNY,20110912,49.31,51.42,49.31,51.36,395500
SBNYW,20110912,27.8,27.8,27.8,27.8,0
SBRA,20110912,10.88,11.14,10.88,10.98,162300
SBSA,20110912,3.01,3.01,2.79,2.96,1900
SBSI,20110912,18.97,19.25,18.31,19.15,42300
SBUX,20110912,36.69,37.88,36.69,37.65,8122400
SCBT,20110912,25.56,26.63,25.5,26.39,33100
SCHL,20110912,25.2,25.57,24.69,25.35,127200
SCHN,20110912,39.78,40.95,39.19,40.2,177700
SCLN,20110912,4.12,4.49,4.12,4.37,245000
SCMP,20110912,3.15,3.44,3.15,3.27,10600
SCOK,20110912,3.95,4.17,3.83,4.05,69900
SCON,20110912,19.32,20.16,18.6,19.44,97600
SCOR,20110912,15.5,16.39,15.5,16.29,286200
SCSC,20110912,27.89,28.88,27.64,28.71,93200
SCSS,20110912,14.13,15.08,14.11,15.08,836100
SCVL,20110912,14.5067,16.38,14,14.8933,171500
SDBT,20110912,2.28,2.3,2.28,2.3,11300
SDIX,20110912,1.87,1.9,1.79,1.8,7600
SEAC,20110912,7.5,8,7.4,7.98,187300
SEED,20110912,2.8,2.92,2.65,2.86,131500
SEIC,20110912,15.4,15.99,15.35,15.99,1833900
SENEA,20110912,20.26,20.65,20.15,20.6,22000
SENEB,20110912,20.32,20.32,20.32,20.32,0
SEV,20110912,6.03,6.03,6.03,6.03,0
SFLY,20110912,49.68,52.2,49.24,52.12,400700
SFNC,20110912,20.67,21.51,20.67,21.44,21400
SFST,20110912,7.21,7.25,7.21,7.21,600
SGC,20110912,11.57,11.57,11.25,11.29,1100
SGEN,20110912,17.14,17.58,16.85,17.53,1387300
SGI,20110912,14.01,14.25,13.56,14.17,816700
SGMA,20110912,3.77,3.91,3.67,3.67,2600
SGMO,20110912,5.56,5.9,5.51,5.82,689800
SGMS,20110912,7.66,7.92,7.29,7.85,565900
SGNT,20110912,20.12,20.38,19.96,20.04,24100
SGOC,20110912,3.05,3.05,3.05,3.05,0
SGRP,20110912,1.04,1.17,1.04,1.14,3800
SHBI,20110912,5.24,5.24,4.91,5.04,10300
SHEN,20110912,11.62,12,11.23,11.47,71900
SHFL,20110912,8.44,8.75,8.41,8.55,549200
SHIP,20110912,4.1,4.13,3.81,4.13,5800
SHLD,20110912,53.24,55.33,52.62,54.24,434000
SHLM,20110912,17.12,17.22,16.53,16.91,192800
SHLO,20110912,9.65,9.87,9.45,9.52,8000
SHOO,20110912,31.7,32.79,31.53,32.69,532700
SHOR,20110912,6.04,6.34,6.04,6.25,191200
SIAL,20110912,58.59,59.44,57.6,58.77,891800
SIBC,20110912,11.5,11.55,11.5,11.55,600
SIEB,20110912,1.41,1.41,1.41,1.41,100
SIFI,20110912,9.29,9.49,9.16,9.31,7900
SIFY,20110912,4.28,4.41,4.25,4.41,432800
SIGA,20110912,4.79,4.98,4.68,4.97,519000
SIGI,20110912,13.59,13.89,13.51,13.87,163100
SIGM,20110912,7.76,8.2,7.76,8.15,265400
SILC,20110912,14.93,15.21,14.66,14.95,17500
SIMG,20110912,5.15,5.43,5.13,5.31,738700
SIMO,20110912,10.5,10.93,10.5,10.87,146300
SINA,20110912,102.3,107.4,101.76,106.73,4295600
SINO,20110912,2.79,2.95,2.51,2.69,18200
SIRI,20110912,1.68,1.72,1.66,1.67,57389500
SIRO,20110912,41.82,42,40.93,41.76,530000
SIVB,20110912,41.81,42.8,41.12,42.79,626900
SIVBO,20110912,24.55,24.55,24.37,24.37,7400
SKBI,20110912,2.52,2.56,2.36,2.51,12600
SKUL,20110912,15.28,15.53,15.12,15.4,61700
SKYW,20110912,11.85,12.1,11.61,12.01,212800
SKYY,20110912,15.88,16.44,15.88,16.44,35800
SLAB,20110912,32.75,34.31,32.53,34.16,827500
SLGN,20110912,36.14,36.75,35.75,36.46,212800
SLMAP,20110912,42.26,43.08,41,42.25,10100
SLP,20110912,3.08,3.15,3.08,3.09,11900
SLRC,20110912,22,22.59,21.84,22.55,260800
SLTC,20110912,4.32,4.45,4.25,4.35,3400
SLTM,20110912,1.44,1.5,1.42,1.5,85100
SLXP,20110912,27.27,27.75,26.46,27.55,1463900
SMBC,20110912,21,21,21,21,600
SMCI,20110912,12.2,12.61,12.18,12.6,117500
SMED,20110912,3.97,4.07,3.76,4,30900
SMIT,20110912,3.36,3.36,3.36,3.36,0
SMMF,20110912,3,3,3,3,0
SMRT,20110912,6.72,7.09,6.72,6.95,246800
SMSI,20110912,1.72,1.77,1.68,1.72,379500
SMT,20110912,4.15,4.24,4.11,4.13,214800
SMTC,20110912,21.74,22.54,21.57,22.26,468600
SMTX,20110912,1.51,1.57,1.5,1.55,6100
SNAK,20110912,3.98,4,3.94,3.95,14200
SNBC,20110912,2.85,2.96,2.79,2.9,305100
SNCR,20110912,24.14,25.43,24.12,25.35,275400
SNDK,20110912,38.1,40.19,38.1,40.02,11129700
SNFCA,20110912,1.44,1.5,1.31,1.43,3900
SNHY,20110912,23.92,24.68,23.18,24.11,92300
SNMX,20110912,3.42,3.58,3.36,3.51,56400
SNPS,20110912,24.7,25.24,24.56,25.23,1320200
SNSS,20110912,1.31,1.36,1.3,1.32,100900
SNTA,20110912,3.71,3.9,3.66,3.76,129100
SNTS,20110912,2.89,3.01,2.88,3,227200
SOCB,20110912,1.8,1.9,1.75,1.9,600
SODA,20110912,37.4,40.7,37.25,38.84,1798400
SOFO,20110912,10.69,10.81,10.69,10.77,600
SOHU,20110912,73.32,75.5,72.59,74.67,1198000
SOMH,20110912,7.5,7.5,7.4,7.4,2000
SONA,20110912,6.48,6.48,6.14,6.26,7400
SONC,20110912,7.78,8.01,7.72,7.8,1473900
SONS,20110912,2.21,2.3,2.2,2.25,1531300
SORL,20110912,3.5,3.66,3.3,3.55,416200
SOXX,20110912,46.79,48.78,46.79,48.72,1359500
SPAN,20110912,14,14.25,13.95,14.25,500
SPAR,20110912,4.16,4.37,4.12,4.24,112100
SPBC,20110912,11.3,11.3,11.3,11.3,100
SPCHA,20110912,1.79,1.79,1.71,1.75,900
SPCHB,20110912,2.35,2.38,2.15,2.38,1000
SPEX,20110912,52.4,52.4,40.6,41.6,368300
SPIL,20110912,4.59,4.7,4.54,4.68,2275600
SPIR,20110912,1.77,1.96,1.7,1.72,12900
SPLS,20110912,13.49,13.88,13.45,13.88,7622600
SPMD,20110912,2.3,2.3,2.13,2.19,51100
SPNC,20110912,5.97,6.14,5.77,6.09,78000
SPNS,20110912,3.3,3.3,3.01,3.3,17600
SPPI,20110912,7.81,7.96,7.52,7.9,2226300
SPPR,20110912,0.86,0.87,0.85,0.85,25900
SPPRO,20110912,21.6,21.6,21.56,21.6,1100
SPPRP,20110912,8.05,8.05,8.05,8.05,0
SPRD,20110912,19.63,20.48,19.5,20.09,1809200
SPRO,20110912,2.27,2.27,2,2.01,9700
SPRT,20110912,2.09,2.32,2.09,2.15,536100
SPSC,20110912,16.79,17.11,16.39,16.54,58600
SPTN,20110912,15.04,15.49,14.88,15.44,120500
SPU,20110912,2.41,2.53,2.3,2.32,44600
SQI,20110912,14.1,14.87,14,14.47,32200
SQNM,20110912,5.48,5.68,5.45,5.66,1399900
SQQQ,20110912,109.08,109.24,101.36,101.44,3012000
SRCE,20110912,21.18,21.25,20.46,20.96,15800
SRCL,20110912,79.24,81.05,79.02,80.87,524000
SRDX,20110912,9.82,9.85,8.95,9.02,145500
SREV,20110912,15.85,16.37,15.52,16.14,159700
SSBI,20110912,5.83,5.83,5.83,5.83,0
SSFN,20110912,6.3,6.3,6.3,6.3,0
SSNC,20110912,14.8,15.71,14.8,15.68,114600
SSRI,20110912,28.6,28.64,25.92,26.79,4030200
SSRX,20110912,12.83,13.17,12.83,12.93,12600
SSYS,20110912,22.98,23.6,22.62,23.46,351700
STAA,20110912,7.55,7.8,7.52,7.77,255000
STAN,20110912,14.95,15.5,14.73,15.46,42300
STB,20110912,6.52,6.53,6.35,6.42,157000
STBA,20110912,16,16.79,16,16.58,166400
STBZ,20110912,12.65,13.46,12.57,13.43,63900
STEC,20110912,9.18,9.66,9.12,9.5,1192000
STEI,20110912,5.3,5.43,5.14,5.28,573900
STEL,20110912,10.52,10.97,10.43,10.88,31500
STEM,20110912,2.3,2.36,2.27,2.35,41700
STFC,20110912,11.83,12.27,11.83,12.01,50100
STKL,20110912,4.94,5,4.76,4.88,61500
STLD,20110912,11.07,11.35,10.87,11.18,3045900
STLY,20110912,3.41,3.44,3.26,3.38,2600
STMP,20110912,20.29,21.3,19.87,21.16,577500
STND,20110912,14.75,14.75,14.59,14.59,700
STNR,20110912,37.23,38.37,36.56,37.7,41100
STRA,20110912,85.98,86.66,82.98,85.75,219200
STRL,20110912,11.33,11.73,11.33,11.65,38600
STRM,20110912,1.78,1.86,1.66,1.79,36100
STRN,20110912,4.96,4.96,4.92,4.92,1600
STRS,20110912,10,10,10,10,100
STRT,20110912,24,25.55,23.89,24.68,800
STSA,20110912,12.31,13.33,12.31,13.19,68300
STX,20110912,11.02,11.47,10.85,11.23,5687200
STXS,20110912,13.4,14,12.9,13.6,331600
SUBK,20110912,7.91,8.4,7.9,8.14,49500
SUMR,20110912,6.56,6.84,6.56,6.71,45400
SUNS,20110912,14.76,14.9,14.23,14.6,131500
SUPX,20110912,18.49,19.19,18.49,19.11,40300
SURG,20110912,4.97,5.09,4.93,5.03,44300
SUSQ,20110912,5.87,6.15,5.87,6.1,938400
SUTR,20110912,1.3,1.35,1.2,1.34,93300
SVA,20110912,2.32,2.33,2.21,2.27,136200
SVBI,20110912,2.69,2.84,2.09,2.49,17300
SVNT,20110912,3.6,3.95,3.53,3.81,1515700
SVVC,20110912,15,15.05,15,15.02,600
SWHC,20110912,2.75,2.8,2.62,2.7,738600
SWIR,20110912,6.85,6.91,6.77,6.87,42700
SWKS,20110912,19.25,20.42,19.24,20.28,3964400
SWSH,20110912,4.26,4.61,4.26,4.56,560400
SYBT,20110912,19.53,19.53,18.55,19.12,20100
SYBTP,20110912,11.2,11.2,11.08,11.1,2700
SYKE,20110912,13.9,14.59,13.9,14.53,306500
SYMC,20110912,15.81,16.26,15.81,16.25,7426400
SYMM,20110912,4.78,4.91,4.78,4.87,49100
SYMX,20110912,1.66,1.66,1.63,1.65,64900
SYNA,20110912,24.28,25.22,24.08,24.82,324200
SYNL,20110912,10.03,10.2,10.01,10.02,6100
SYNM,20110912,10.2,10.7,10.2,10.6,207900
SYNT,20110912,38.71,39.47,38.29,38.99,133800
SYPR,20110912,3.47,3.47,3.33,3.39,6000
SYUT,20110912,4.68,4.92,4.57,4.67,41300
SZYM,20110912,11.15,12.57,10.73,11.17,465700
TACT,20110912,9.04,9.05,8.6,8.73,47300
TAIT,20110912,1.08,1.08,1,1,1300
TASR,20110912,4.16,4.33,4.16,4.32,223400
TAST,20110912,8.6,8.64,8.44,8.56,29300
TATT,20110912,5.49,5.49,5.18,5.18,23600
TAXI,20110912,9.38,9.53,9.11,9.25,78600
TAYC,20110912,5.83,6.21,5.83,6.04,31800
TAYCP,20110912,20.01,20.16,19.5,19.85,3200
TAYD,20110912,7,7,6.17,6.73,10900
TBAC,20110912,1.54,1.71,1.54,1.54,400
TBBK,20110912,6.95,7.14,6.93,7.12,45900
TBNK,20110912,18.93,19.12,18.91,18.99,325700
TBOW,20110912,3.18,3.2,3.02,3.04,3100
TCBI,20110912,22.62,23.54,22.29,23.48,148300
TCBIW,20110912,11.86,11.86,11.86,11.86,0
TCBK,20110912,11.9,12.12,11.75,12.06,14100
TCCO,20110912,7.17,7.32,7.15,7.2,5000
TCRD,20110912,11.34,11.66,11.22,11.64,20500
TEAR,20110912,1.2,1.37,1.15,1.37,3300
TECD,20110912,44.09,45.2,43.43,45.17,749100
TECH,20110912,68.82,69.62,68.13,69.12,87500
TECUA,20110912,7.78,8.16,7.7,8.15,56400
TECUB,20110912,7.65,7.66,7.55,7.56,500
TELK,20110912,9.6,10.2,9,10.2,5800
TESO,20110912,14.01,14.58,13.8,14.36,167800
TESS,20110912,14.08,14.23,13.79,14.23,15200
TFCO,20110912,3.48,3.48,3.48,3.48,0
TFM,20110912,36.59,37.61,36.44,37.34,196200
TFSL,20110912,8.17,8.42,8.16,8.41,190200
TGA,20110912,9.28,9.57,8.81,9.2,173200
TGE,20110912,5.56,5.85,5.38,5.49,67900
THFF,20110912,26.5,27.82,26.5,27.63,27000
THLD,20110912,1.46,1.53,1.44,1.51,69100
THOR,20110912,30.62,30.89,29.85,30.66,479600
THRD,20110912,21.5,21.5,21.5,21.5,0
THRX,20110912,19.07,20.05,18.75,19.39,392000
THTI,20110912,2.13,2.17,1.95,1.95,1500
TIBX,20110912,19.52,20.48,19.52,20.45,2760300
TICC,20110912,8.76,9,8.71,8.92,196800
TIGR,20110912,2.82,2.85,2.78,2.85,4100
TINY,20110912,3.69,3.81,3.66,3.75,97600
TISA,20110912,2.3,2.41,2.24,2.28,42400
TITN,20110912,20.97,21.96,20.23,21.28,823100
TIVO,20110912,10.39,10.75,10.29,10.75,2224900
TKMR,20110912,1.94,2.04,1.9,2,8600
TLAB,20110912,3.91,4.1,3.91,4.08,5216600
TLF,20110912,4.75,4.85,4.71,4.75,800
TMNG,20110912,2.24,2.25,2.2,2.2,4100
TNAV,20110912,8.2,8.7,8.04,8.66,218600
TNGO,20110912,12.5,12.5,11.38,11.93,61300
TOFC,20110912,7.88,7.88,7.62,7.74,1400
TOPS,20110912,1.7,1.75,1.65,1.66,2700
TORM,20110912,15.01,15.25,15.01,15.03,500
TOWN,20110912,10.93,11.44,10.93,11.36,30100
TPGI,20110912,2.8,2.8,2.75,2.77,15200
TQNT,20110912,6.15,6.19,5.88,6.02,9641900
TQQQ,20110912,29.91,32.16,29.845,32.09,1250900
TRAK,20110912,16.99,17.57,16.87,17.54,108100
TREE,20110912,4.83,5.75,4.83,5.38,15800
TRGT,20110912,15.5,15.86,15.26,15.79,201700
TRIB,20110912,9.8,9.81,9.47,9.69,45400
TRIT,20110912,4.4,4.55,4.2,4.27,44700
TRLG,20110912,28.38,29.41,28.16,28.97,370300
TRMB,20110912,17.525,17.785,17.25,17.78,435300
TRMD,20110912,16.2,16.7,16,16.3,18100
TRMK,20110912,18.94,19.67,18.9,19.63,225100
TRNS,20110912,11.96,12,11.42,11.42,2600
TRNX,20110912,19.94,22.08,19.94,21.72,93900
TROW,20110912,48.18,49.83,48.07,49.78,2654700
TRS,20110912,16.22,16.86,16.07,16.48,121500
TRST,20110912,4.26,4.38,4.24,4.33,276500
TSBK,20110912,4.99,4.99,4.75,4.86,1400
TSCO,20110912,63.65,66.3,63.65,66.22,1015600
TSEM,20110912,9.45,10.05,9.3,9.75,1127700
TSLA,20110912,22.89,23.31,22.45,22.88,566500
TSON,20110912,3.97,4,3.82,3.83,16600
TSPT,20110912,2.68,2.84,2.6,2.79,111900
TSRA,20110912,12.28,12.81,12.26,12.71,561100
TSRI,20110912,4.47,4.48,4.34,4.4,1300
TSRX,20110912,6.06,6.54,6.06,6.22,15200
TST,20110912,2.22,2.27,2.2,2.22,21500
TSTC,20110912,5.9,5.9,5.53,5.81,42100
TSYS,20110912,3.42,3.52,3.4,3.5,205400
TTEC,20110912,15.61,16.23,15.53,16.19,151800
TTEK,20110912,18.15,18.6,18.07,18.44,401400
TTGT,20110912,5.71,5.77,5.63,5.68,43600
TTHI,20110912,1.82,1.91,1.8,1.91,6700
TTMI,20110912,10,10.67,10,10.66,898900
TTWO,20110912,13.34,13.61,13.1,13.58,1689300
TUES,20110912,3.71,3.88,3.67,3.81,149700
TWER,20110912,3.05,3.25,3.03,3.24,203800
TWGP,20110912,22.22,22.85,22.22,22.81,404900
TWIN,20110912,32.6,34.28,32.22,33.02,51000
TWMC,20110912,1.9,1.9,1.8,1.8,3900
TWTC,20110912,17.14,17.52,17.09,17.52,522900
TXCC,20110912,2.71,2.79,2.65,2.67,108000
TXN,20110912,25.9,26.5,25.6,26.28,16605800
TXRH,20110912,13.07,13.63,13.07,13.61,976100
TYPE,20110912,11.4,11.85,11.36,11.83,290200
TZOO,20110912,31,33,30.6,32.1,1164500
TZYM,20110912,3,3.1,2.85,3,50100
UACL,20110912,12.79,13.14,12.52,12.87,28200
UBCP,20110912,8.5,8.5,8.5,8.5,700
UBFO,20110912,3.02,3.08,3.02,3.05,17900
UBNK,20110912,14.24,15.19,14.24,15.12,24200
UBOH,20110912,8.5,8.5,8.5,8.5,0
UBPS,20110912,5.75,5.75,5.75,5.75,249900
UBSH,20110912,9.99,10.35,9.93,10.31,53200
UBSI,20110912,19.99,21.06,19.99,20.79,263800
UCBA,20110912,5.98,5.98,5.98,5.98,0
UCBI,20110912,9.18,9.73,9.18,9.65,143200
UCFC,20110912,1.1,1.15,1.09,1.11,11700
UCTT,20110912,4.51,4.72,4.45,4.58,90700
UEIC,20110912,16.26,16.82,15.99,16.45,72000
UEPS,20110912,5.91,6.11,5.86,6.07,375200
UFCS,20110912,15.98,16.55,15.98,16.5,32100
UFPI,20110912,25.92,27.08,25.62,27.03,107000
UFPT,20110912,15.46,16.02,15.31,15.97,32200
UG,20110912,14.78,14.9,14.65,14.7,1000
UHAL,20110912,65.29,66.74,64.46,65.64,25600
ULBI,20110912,5.06,5.06,4.83,4.93,12900
ULGX,20110912,1.22,1.23,1.08,1.1,35900
ULTA,20110912,68.06,71.26,67.95,70.93,2083100
ULTI,20110912,46.83,48.9,46.83,48.81,135300
ULTR,20110912,2.88,3.07,2.88,2.97,120000
UMBF,20110912,34.44,35.91,34.44,35.5,155600
UMPQ,20110912,8.83,9.19,8.8,9.13,636000
UNAM,20110912,10.76,10.76,10.51,10.76,1300
UNB,20110912,19.5,19.5,19,19.46,2400
UNFI,20110912,37.73,37.95,37.21,37.82,404700
UNIS,20110912,4.04,4.17,4.02,4.14,90500
UNTD,20110912,5.36,5.56,5.33,5.51,553400
UNTK,20110912,4.15,4.38,4.14,4.23,57400
UNTY,20110912,6.39,6.5,6.35,6.36,2400
UNXL,20110912,5.06,5.49,5,5.49,6800
UPI,20110912,5.02,5.35,4.89,4.96,99700
URBN,20110912,24.24,25.01,24.19,24.85,3821600
URRE,20110912,10,10.5,10,10.2,1489600
USAK,20110912,7.2,7.21,7.07,7.11,12800
USAP,20110912,27.24,28.29,26.71,28.27,31800
USAT,20110912,2.18,2.4,2.07,2.4,540200
USATP,20110912,17.72,17.72,17.72,17.72,0
USATZ,20110912,1.35,1.35,1.34,1.35,43500
USBI,20110912,5.75,5.77,5.7,5.7,300
USCR,20110912,4.8,4.89,4.8,4.84,7700
USEG,20110912,2.47,2.6,2.37,2.46,269200
USLM,20110912,40.47,40.47,39.16,39.16,800
USMO,20110912,14.66,14.92,14.55,14.83,113900
USTR,20110912,28.82,29.34,28.42,28.89,372100
UTEK,20110912,18.67,19.16,18.52,18.8,403300
UTHR,20110912,42.77,43.5,42.25,43.3,989100
UTIW,20110912,13.4,13.69,12.96,13.42,472900
UTMD,20110912,25.8,26.85,25.77,26.08,1800
UTSI,20110912,3.9,4.23,3.9,4.11,199000
UVSP,20110912,12.73,12.94,12.5,12.91,23200
VALU,20110912,11.8,12.48,11.8,12.05,8300
VALV,20110912,1.75,1.86,1.73,1.86,57300
VASC,20110912,11.1,11.32,11.01,11.26,40400
VBFC,20110912,2.1,2.12,2.1,2.12,3300
VCBI,20110912,5.62,5.78,5.57,5.71,49500
VCIT,20110912,82.8,82.92,82.51,82.66,80500
VCLK,20110912,14.61,15.27,14.52,15.26,892900
VCLT,20110912,83.58,84.11,83.18,83.94,41500
VCSH,20110912,78.37,78.37,78.29,78.29,92800
VDSI,20110912,5.13,5.43,5.08,5.36,534600
VECO,20110912,30.78,32.84,30.72,32.69,1229800
VELT,20110912,7.4,7.49,6.22,6.81,2621000
VGIT,20110912,65.66,65.74,65.59,65.59,20200
VGLT,20110912,71.82,72.18,71.6,71.94,44400
VGSH,20110912,61.21,61.21,61.13,61.15,15600
VIA,20110912,58.26,58.26,53.17,54.52,20700
VIAB,20110912,42.93,43.95,42.77,43.88,4843500
VIAS,20110912,16.71,18.48,16.71,18.03,15500
VICL,20110912,3.29,3.5,3.24,3.36,563800
VICR,20110912,9.47,9.61,9.21,9.58,76400
VIDE,20110912,3.81,3.81,3.51,3.64,1800
VIFL,20110912,6.83,6.99,6.58,6.64,7800
VIMC,20110912,1.5,1.54,1.46,1.5,3000
VIRC,20110912,2.11,2.11,1.62,2.01,9500
VISN,20110912,36.2,37.6,35.8,37.6,108300
VITC,20110912,4.26,4.43,4.24,4.39,38300
VIVO,20110912,17.07,17.35,16.99,17.21,207800
VLCCF,20110912,16.01,16.55,16,16.49,167000
VLGEA,20110912,21.61,22.02,20.88,21.72,14800
VLTR,20110912,19.58,20.43,19.58,20.14,182600
VLYWW,20110912,1.75,1.75,1.75,1.75,0
VMBS,20110912,52.22,52.3,52.1,52.21,4900
VMED,20110912,24.17,24.53,23.69,24.37,4350300
VNDA,20110912,5.57,5.57,5.34,5.47,135300
VNET,20110912,9.78,10.17,9.74,10.1,88200
VNQI,20110912,44.75,45.08,44.23,45.08,32100
VOCS,20110912,18.13,18.87,18.13,18.36,157000
VOD,20110912,25.19,25.46,24.91,25.39,9897700
VOLC,20110912,27.1,27.85,26.77,27.42,595400
VONE,20110912,53.08,53.29,52.23,53.28,12300
VONG,20110912,55.01,55.77,54.91,55.77,1400
VONV,20110912,50.16,50.79,49.84,50.79,7000
VOXX,20110912,6,6.12,5.92,6.03,60500
VPFG,20110912,11.62,11.73,11.44,11.71,113700
VPHM,20110912,17.9,18.3,17.8,18.19,429800
VPRT,20110912,27.91,28.48,27.24,27.86,526100
VRA,20110912,31.58,32.64,31.5,32.61,382100
VRML,20110912,2.23,2.39,2.18,2.35,62900
VRNM,20110912,2.72,2.76,2.66,2.72,11800
VRNT,20110912,26.9,27.14,26.26,27,179300
VRSK,20110912,32.63,33.26,32.54,33.26,477700
VRSN,20110912,28.76,29.46,28.34,29.35,5420900
VRTA,20110912,1.28,1.28,1.26,1.26,400
VRTB,20110912,1.32,1.32,1.29,1.29,700
VRTS,20110912,53.28,57.52,53.28,54.88,24900
VRTU,20110912,14.1,14.61,13.95,14.31,47500
VRTX,20110912,45.09,47.79,44.95,47.78,2098300
VSAT,20110912,33.34,34.7,33.06,34.63,155000
VSBN,20110912,10.55,10.55,10.55,10.55,0
VSCI,20110912,1.88,2.03,1.88,1.97,19500
VSCP,20110912,1.24,1.26,1.22,1.23,49900
VSEC,20110912,22.98,23.01,22.38,22.82,10500
VTHR,20110912,52.91,53.27,52.23,53.27,7700
VTNC,20110912,5.34,5.43,5.3,5.37,67600
VTSS,20110912,3.22,3.28,3.15,3.2,23300
VTUS,20110912,9.62,10,9.35,9.57,35800
VTWG,20110912,55.26,56.21,55.19,56.1,5100
VTWO,20110912,52.67,54,52.67,53.99,19800
VTWV,20110912,50.62,51.49,50.62,51.49,500
VVTV,20110912,3.44,3.7,3.44,3.69,404700
VVUS,20110912,8.08,8.26,7.97,8.2,1019000
VXUS,20110912,41.88,42.27,41.42,42.27,308800
VYFC,20110912,4.48,4.48,4.48,4.48,1000
WABC,20110912,38.03,39.33,38,39.17,112300
WAFD,20110912,13.85,14.42,13.81,14.4,524100
WASH,20110912,19.8,20.06,19.39,20,17000
WAVX,20110912,1.99,2.12,1.99,2.06,198100
WAYN,20110912,8.19,8.42,8.19,8.19,400
WBCO,20110912,9.9,10.23,9.9,10.19,32400
WBKC,20110912,14.03,14.03,13.85,13.85,18000
WBMD,20110912,32.49,33.23,32.18,32.92,691500
WBSN,20110912,17.9,18.47,17.79,18.32,192400
WCRX,20110912,14.73,14.83,13.73,14,4408100
WDC,20110912,27.98,29.22,27.98,28.86,3800200
WDFC,20110912,37.74,38.49,37.72,38.17,64200
WEBM,20110912,5.95,6.02,5.74,5.74,23800
WERN,20110912,22.4,22.71,21.82,22.4,884000
WETF,20110912,8.01,8.11,7.79,8.03,532100
WEYS,20110912,21.24,22.21,21.24,21.99,8500
WFD,20110912,6.85,7.05,6.78,7,37100
WFM,20110912,63.52,65.91,63.27,65.67,1471100
WIBC,20110912,2.81,2.86,2.79,2.84,506000
WIFI,20110912,8.02,8.24,8.02,8.1,54000
WILC,20110912,6.25,6.3,6.05,6.15,4500
WILN,20110912,6.89,6.96,6.68,6.81,77200
WIN,20110912,12.41,12.53,12.3,12.51,7027900
WINA,20110912,45.29,46.58,44.84,46.5,4000
WIRE,20110912,20.56,21.01,20.45,20.99,77400
WLB,20110912,9.12,9.33,8.6,8.78,22600
WLBPZ,20110912,23.52,23.52,23.52,23.52,0
WLDN,20110912,3.89,3.9,3.69,3.77,2900
WLFC,20110912,12.58,12.58,12.08,12.08,1800
WMAR,20110912,7.97,8.45,7.97,8.32,21900
WMGI,20110912,13.68,14.06,13.68,14.04,332700
WOOD,20110912,35.88,36,35.29,35.92,13900
WOOF,20110912,16.45,16.92,16.12,16.66,978300
WPCS,20110912,2.04,2.04,1.98,2.03,11500
WPPGY,20110912,46.28,47.17,46.2,47.15,58200
WPRT,20110912,27.16,27.87,26.56,27.68,1000800
WRES,20110912,3.06,3.2,3.02,3.09,268000
WRLD,20110912,62.24,63.22,61.7,62.75,198400
WRLS,20110912,5.73,5.84,5.7,5.79,9000
WSB,20110912,2.51,2.51,2.51,2.51,0
WSBC,20110912,17.32,18.16,17.32,18.07,153300
WSBF,20110912,2.6,2.74,2.57,2.69,1100
WSCI,20110912,5.18,5.53,5.09,5.09,3600
WSFS,20110912,32.75,34.29,32.75,33.86,9100
WSTG,20110912,11.11,11.22,10.81,11,6800
WSTL,20110912,2.15,2.24,2.15,2.22,179200
WTBA,20110912,7.94,8.63,7.89,8.54,29000
WTFC,20110912,28,29.13,27.9,28.78,284700
WTFCW,20110912,12.8,12.8,12.8,12.8,100
WVFC,20110912,9,9,9,9,0
WVVI,20110912,2.95,3.1,2.95,3,10000
WWD,20110912,27.41,28.24,27.12,28.23,357300
WWWW,20110912,8.1,8.41,7.63,7.91,624400
WYNN,20110912,149.26,154.87,147.29,151.72,3442900
XBKS,20110912,3.49,3.49,3.33,3.35,3000
XIDE,20110912,4.55,4.7,4.39,4.56,728900
XLNX,20110912,29.76,30.82,29.74,30.77,4948200
XNPT,20110912,6.53,6.89,6.5,6.78,266600
XOMA,20110912,1.8,1.91,1.8,1.91,102000
XRAY,20110912,31.99,32.42,31.55,32.38,1856900
XRTX,20110912,8.02,8.2,7.82,8.16,293600
XTEX,20110912,17.42,17.82,17.26,17.5,282700
XTXI,20110912,12.52,12.9,12.23,12.79,791700
XWES,20110912,3.09,3.19,3,3.09,9000
XXIA,20110912,7.24,7.6,7.24,7.57,615200
YAVY,20110912,1.57,1.7,1.49,1.58,13600
YHOO,20110912,14.12,14.28,13.92,14.26,32700700
YNDX,20110912,29.67,30.05,28.7,29.02,1186800
YORW,20110912,16.67,16.82,16.5,16.73,22800
YRCW,20110912,0.46,0.48,0.36,0.4,11381200
Z,20110912,36.1,37.49,35.52,37.28,178700
ZAGG,20110912,13.67,14.22,13.15,13.33,1065200
ZBRA,20110912,32.15,33.01,32.15,32.98,156700
ZEUS,20110912,17.71,18.38,17.6,18.01,51900
ZGNX,20110912,2.87,3.09,2.86,2.89,30200
ZHNE,20110912,1.27,1.31,1.26,1.29,8000
ZIGO,20110912,10.58,11.16,10.54,10.87,33600
ZINC,20110912,9.04,9.52,9.04,9.39,394000
ZION,20110912,15.51,16.59,15.5,16.39,3611500
ZIONW,20110912,3.38,3.39,3.1,3.25,25200
ZIOP,20110912,4.86,5.15,4.86,5,335000
ZIPR,20110912,2.15,2.15,2.1,2.15,21300
ZIXI,20110912,3.02,3.13,3.02,3.1,192000
ZLCS,20110912,1.29,1.38,1.26,1.36,967100
ZN,20110912,2.1,2.12,2,2.04,131500
ZOLT,20110912,7.16,7.71,7.16,7.68,199100
ZOOM,20110912,1.98,2.01,1.98,2,16600
ZUMZ,20110912,17.57,18.32,17.3,18.29,471700
