<ticker>,<date>,<open>,<high>,<low>,<close>,<vol>
AACC,20110301,5.89,5.89,5.65,5.66,10900
AAME,20110301,2.04,2.15,2,2,12900
AAON,20110301,20.4467,20.7467,20.2,20.4333,157600
AAPL,20110301,355.47,355.72,347.68,349.31,16290300
AAWW,20110301,68.65,68.76,67.04,67.43,289000
AAXJ,20110301,60.69,60.91,59.94,60.06,441900
ABAX,20110301,26.55,26.7,25.77,26.31,157800
ABCB,20110301,10.1,10.14,9.92,10.02,42400
ABCD,20110301,3.58,3.61,3.46,3.47,30500
ABCO,20110301,25.58,25.81,24.905,24.98,40200
ABFS,20110301,23.68,23.83,23.15,23.46,212300
ABIO,20110301,18.9,19.02,18.24,18.48,33200
ABMD,20110301,12.48,12.71,12.38,12.71,239600
ABTL,20110301,5.9,5.9,5.45,5.8,286900
ACAD,20110301,1.5,1.5,1.39,1.43,329300
ACAS,20110301,9.35,9.39,9.05,9.11,4043700
ACAT,20110301,12.85,12.85,12.38,12.4,74600
ACCL,20110301,8.68,8.68,8.39,8.47,82200
ACET,20110301,7.91,7.98,7.76,7.84,109700
ACFN,20110301,3.98,4.04,3.9,3.94,27000
ACGL,20110301,30.12,30.5233,29.9833,30.0367,542300
ACHN,20110301,6.18,6.19,5.75,5.93,291500
ACIW,20110301,31.41,31.74,30.74,31.1,308000
ACLS,20110301,2.78,2.81,2.62,2.64,1820400
ACNB,20110301,15.75,15.75,15.5,15.5,2200
ACOR,20110301,21.05,21.26,20.72,21,903600
ACPW,20110301,11.5,11.7,11,11.1,367000
ACRX,20110301,3.69,3.7,3.56,3.59,76300
ACTG,20110301,29.4,30,28.42,28.63,506400
ACTS,20110301,2.51,2.52,2.46,2.5,137900
ACUR,20110301,3.32,3.36,3.15,3.21,60100
ACWI,20110301,49.03,49.08,48.1,48.11,287000
ACWX,20110301,45.9,45.95,45.07,45.1,193100
ACXM,20110301,17.19,17.25,16.55,16.57,496500
ADAT,20110301,1.1,1.1,1.02,1.1,200200
ADBE,20110301,34.73,34.79,33.67,33.97,5908400
ADEP,20110301,3.95,4.01,3.81,4.01,17100
ADES,20110301,14.52,14.95,13.95,14.17,29600
ADI,20110301,39.79,40.15,39.03,39.17,3113500
ADP,20110301,50.02,50.1,49.2,49.39,2999200
ADRA,20110301,29.42,29.48,29.1,29.16,11200
ADRD,20110301,23.27,23.27,22.91,22.91,7300
ADRE,20110301,47,47.14,46.4,46.44,73100
ADRU,20110301,22.24,22.24,22.21,22.21,800
ADSK,20110301,42.13,42.28,41.09,41.21,2799800
ADTN,20110301,45.86,45.96,44.57,45.27,1135000
ADUS,20110301,4.5,4.57,4.47,4.48,13200
ADVS,20110301,29.05,29.05,27.9,28.04,307200
AEGR,20110301,14.8,14.84,14.6,14.84,8000
AEHR,20110301,1.76,1.86,1.7,1.73,34000
AEIS,20110301,16.25,16.38,15.66,15.85,750700
AEPI,20110301,27.94,27.94,25.81,27.51,28000
AERL,20110301,10.26,10.45,9.91,10.03,105300
AETI,20110301,2.64,2.64,2.59,2.6,500
AEY,20110301,3.17,3.17,3.15,3.16,17000
AEZS,20110301,10.98,11.1,10.68,10.86,1302400
AFAM,20110301,39.22,39.45,38.54,38.75,161700
AFCB,20110301,13.74,14.05,13.74,13.87,4100
AFCE,20110301,14.86,14.87,14.34,14.47,74900
AFFX,20110301,4.97,5.07,4.82,4.83,803400
AFFY,20110301,6.38,6.52,6.3,6.32,250000
AFOP,20110301,13.5,13.74,12.83,12.91,71800
AFSI,20110301,19.33,19.46,19.14,19.2,340100
AGEN,20110301,0.93,0.95,0.92,0.93,208900
AGII,20110301,38.19,38.33,37.54,37.56,180300
AGNC,20110301,29.55,29.58,29.35,29.44,2395200
AGYS,20110301,5.06,5.21,4.91,5.1,134500
AHGP,20110301,55.95,55.95,54.11,55.15,32600
AHPI,20110301,4.82,4.83,4.4,4.7,4300
AIMC,20110301,20.92,21.82,19.39,20.52,1157900
AINV,20110301,12.43,12.45,12.01,12.04,1283100
AIRM,20110301,19.4333,19.4333,18.63,18.9033,118900
AIRT,20110301,9.57,9.69,9.57,9.69,2500
AIXG,20110301,43.54,43.62,41.87,42.27,424300
AKAM,20110301,38,38.28,36.86,37.36,12458100
AKRX,20110301,5.96,6,5.43,5.51,1241000
ALCO,20110301,27.04,27.45,26.57,27.23,9800
ALGN,20110301,20.83,20.99,20.46,20.52,724200
ALGT,20110301,41.15,42.01,40.87,41.01,272400
ALIM,20110301,8,8,7.56,7.64,67300
ALKS,20110301,14.41,14.48,13.93,13.94,1078700
ALLB,20110301,11,11.05,11,11.03,8800
ALLT,20110301,16.12,16.47,15.34,15.48,353900
ALNY,20110301,11,11.09,10.65,10.71,189400
ALOG,20110301,54.26,54.26,52.56,52.9,63400
ALOT,20110301,7.57,7.98,7.57,7.68,5100
ALSK,20110301,10.16,10.18,9.9,9.97,639100
ALTE,20110301,21.65,21.89,21.45,21.45,376800
ALTI,20110301,2.74,2.77,2.6,2.71,81600
ALTR,20110301,42.1,42.19,41.03,41.23,7921600
ALVR,20110301,19.4,19.7,18.7,18.8,251800
ALXA,20110301,12.4,12.5,11.8,11.8,471800
ALXN,20110301,48.465,48.515,47.625,48.515,895400
AMAG,20110301,18.32,18.59,17.61,17.7,209700
AMAP,20110301,15.83,15.98,15.38,15.75,109100
AMAT,20110301,16.55,16.75,16.16,16.2,34051700
AMCC,20110301,10.56,10.66,10.11,10.14,1885400
AMCF,20110301,5.01,5.01,4.9,4.9,25800
AMCN,20110301,6.59,6.64,6.38,6.54,113700
AMED,20110301,36.17,36.3,35.08,35.37,357000
AMGN,20110301,52.17,52.49,51.74,51.91,6668400
AMIC,20110301,5.25,5.25,5.25,5.25,0
AMKR,20110301,7.36,7.43,7.18,7.18,1277300
AMNB,20110301,21.72,21.72,21.16,21.2,5600
AMOT,20110301,7.93,7.95,7.5,7.86,33700
AMOV,20110301,28.78,28.78,28.08,28.09,5000
AMRB,20110301,6.37,6.45,6.3,6.37,24600
AMRI,20110301,4.52,4.53,4.42,4.42,107800
AMRN,20110301,7.7,7.82,7.37,7.59,2962600
AMRS,20110301,32.33,33.12,30.22,30.49,92700
AMSC,20110301,26.5,26.65,25.88,26.06,664400
AMSF,20110301,19.95,20.37,19.89,19.96,72900
AMSG,20110301,23.73,23.73,23.36,23.5,218800
AMSWA,20110301,6.77,6.83,6.56,6.56,39100
AMWD,20110301,19.97,19.97,19.42,19.45,14400
AMZN,20110301,173.53,173.96,168.67,169.44,5847400
ANAC,20110301,8.17,8.17,7.86,7.95,68800
ANAD,20110301,5.44,5.45,5.15,5.18,1570200
ANAT,20110301,81.95,81.95,79.6,79.63,9200
ANCB,20110301,10.7,10.8,10.64,10.72,25100
ANCI,20110301,4.92,4.98,4.74,4.8,17500
ANCX,20110301,6.96,7.04,6.96,6.98,1400
ANDE,20110301,48.48,48.81,47.58,47.8,130000
ANEN,20110301,21.38,21.38,20.4,20.47,76500
ANGO,20110301,16.95,16.98,16.61,16.68,98600
ANIK,20110301,9.05,9.34,8.86,9.34,203600
ANLY,20110301,4.39,4.48,4.35,4.4,36900
ANSS,20110301,56.53,56.53,54.31,54.93,567800
ANTH,20110301,5.34,5.56,5.21,5.27,44700
ANTP,20110301,3.55,3.58,3.31,3.47,11800
AOSL,20110301,13.06,13.06,12.73,13,33300
APAGF,20110301,80.27,80.83,76.26,76.76,25500
APEI,20110301,42.68,42.97,41.94,42,147900
APFC,20110301,6,6.01,5.97,5.97,1400
APOG,20110301,13.72,13.92,13.43,13.47,112100
APOL,20110301,45.46,45.56,44.26,44.3,1914800
APPY,20110301,3.48,3.6,3.48,3.48,63100
APRI,20110301,5.5,5.65,5.1,5.12,991700
APSA,20110301,15.94,15.94,15.94,15.94,100
ARAY,20110301,9.89,9.96,9.66,9.83,460100
ARCC,20110301,17.96,17.97,17.31,17.59,2667200
ARCI,20110301,4.24,4.37,4.03,4.2,24000
ARCW,20110301,2.94,2.94,2.94,2.94,500
ARDNA,20110301,78,78.14,77.95,77.95,1400
AREX,20110301,32.86,33.04,30.9,31.12,258800
ARIA,20110301,6,6.04,5.65,5.7,2455100
ARII,20110301,20.3,20.6,19.34,19.4,38300
ARKR,20110301,14.61,14.61,14.25,14.27,2900
ARLP,20110301,78.01,78.16,76,76.74,105600
ARMH,20110301,29.95,30.02,29,29.22,5281500
ARNA,20110301,1.62,1.62,1.55,1.59,1955900
AROW,20110301,25,25.07,24.15,24.26,51000
ARQL,20110301,6.3,6.32,6.1,6.26,335400
ARRS,20110301,13.28,13.32,12.84,12.84,1799700
ARRY,20110301,2.88,2.95,2.71,2.77,298000
ARTC,20110301,34.49,34.5,33.67,33.78,159400
ARTNA,20110301,19.6,19.75,19.47,19.49,11100
ARTW,20110301,11.21,11.21,10.01,10.29,60000
ARTX,20110301,1.44,1.48,1.44,1.44,18400
ARUN,20110301,30.5,30.5,28.15,28.79,2795200
ARWR,20110301,0.68,0.7,0.64,0.66,446100
ASBC,20110301,14.5,14.51,14.14,14.39,1246700
ASBI,20110301,4.82,5.02,4.82,4.92,300
ASCA,20110301,17.29,17.67,16.76,17.27,870000
ASCMA,20110301,41.8,43.34,41.58,41.96,121300
ASEI,20110301,94.05,94.05,92.06,92.13,129500
ASFI,20110301,8.65,8.65,8.31,8.39,30900
ASIA,20110301,20.45,20.49,19.82,19.92,478000
ASMI,20110301,40.87,40.9,39.96,40.01,36600
ASML,20110301,44.18,44.25,43.12,43.29,1924900
ASNA,20110301,15.705,15.74,15.385,15.635,1044400
ASPS,20110301,30.2,30.25,30,30.05,49500
ASRV,20110301,2.15,2.24,2.1,2.21,6700
ASRVP,20110301,25,25,25,25,0
ASTC,20110301,1.2,1.2,1.13,1.15,121000
ASTE,20110301,34.35,34.39,33.33,33.42,156400
ASTI,20110301,3.38,3.45,3.23,3.27,144000
ASTM,20110301,2.13,2.16,2.01,2.16,1167100
ASUR,20110301,1.7467,1.76,1.7467,1.7467,2500
ASYS,20110301,23.16,23.55,22.04,22.06,274600
ATAI,20110301,8.05,8.65,7.77,8,252200
ATAX,20110301,5.56,5.6,5.52,5.56,65500
ATEA,20110301,3.17,3.2,3.16,3.2,1400
ATEC,20110301,2.69,2.69,2.62,2.65,227000
ATHN,20110301,45.41,45.57,44.66,45.1,194200
ATHX,20110301,2.58,2.58,2.5,2.54,42400
ATLO,20110301,18.82,18.82,18.15,18.18,5200
ATMI,20110301,18.35,18.43,17.91,18.06,173500
ATML,20110301,14.73,14.75,14.2,14.26,6575600
ATNI,20110301,39,39,37.36,37.45,72600
ATRC,20110301,10.03,10.14,10.01,10.1,22800
ATRI,20110301,177.13,177.13,171.51,172.57,3100
ATRM,20110301,1.76,1.79,1.75,1.75,11500
ATRO,20110301,21.6,21.79,21.11,21.33,27200
ATSG,20110301,7.85,7.98,7.61,7.63,312300
ATVI,20110301,11.15,11.17,10.94,10.95,6940100
ATX,20110301,10.89,11.06,10.27,11.03,12400
AUBN,20110301,19.75,19.92,19.75,19.92,1500
AUDC,20110301,6.51,6.51,6.26,6.44,170700
AUXL,20110301,22.47,22.72,22.11,22.46,435400
AVAV,20110301,29.01,29.02,28.34,28.36,171900
AVEO,20110301,13.79,14.17,13.56,13.56,119600
AVGO,20110301,32.25,32.47,31.84,32.07,10131700
AVID,20110301,22.1,22.69,21.5,21.52,130500
AVNR,20110301,3.8,3.8,3.65,3.67,3252400
AVNW,20110301,6.24,6.27,5.83,5.86,280800
AWRE,20110301,3.51,3.6,3.51,3.6,18800
AXAS,20110301,6,6.16,5.6,5.65,2075400
AXFN,20110301,25.5,25.5,25.5,25.5,100
AXTI,20110301,7.43,7.46,6.97,7.09,1115200
AZPN,20110301,15.26,15.47,14.75,14.96,578800
BABY,20110301,16,16.37,15.41,15.43,185500
BAGL,20110301,16.06,16.18,15.8,15.85,17900
BAMM,20110301,5.93,5.98,5.68,5.68,20300
BANC,20110301,15.86,16.4,15.85,16.02,89000
BANF,20110301,42.08,42.37,41.51,41.78,10400
BANFP,20110301,26.55,26.55,26.55,26.55,0
BANR,20110301,17.36,17.5,17.08,17.22,568000
BASI,20110301,2.48,2.48,2.03,2.03,44800
BBBY,20110301,48.22,48.47,47,47.25,2151200
BBEP,20110301,22.24,22.25,22.09,22.14,263800
BBGI,20110301,6.25,6.25,6.1,6.13,1600
BBNK,20110301,9.1,9.1,9.1,9.1,0
BBOX,20110301,38.03,38.45,36.89,37.2,82000
BBRG,20110301,17.3,17.79,17.25,17.59,62800
BBRY,20110301,66.48,67.54,65.73,66.4,10558500
BBSI,20110301,14.61,14.64,14.5,14.54,10300
BCBP,20110301,10.69,11.22,10.69,11.1,700
BCOM,20110301,30.18,30.18,30.18,30.18,200
BCPC,20110301,36.25,36.25,34.43,35,132900
BCRX,20110301,4.37,4.37,4.11,4.15,202500
BCSB,20110301,12.65,12.7,12.65,12.65,1100
BDE,20110301,6.81,6.82,6.4,6.53,51200
BDGE,20110301,22.15,22.15,21.55,21.57,11500
BDMS,20110301,19.25,19.55,18.9,18.9,10000
BDSI,20110301,3.51,3.64,3.48,3.64,59400
BEAT,20110301,4.83,4.93,4.83,4.86,143300
BEAV,20110301,34.14,34.45,33.33,33.62,1284600
BEBE,20110301,5.89,5.93,5.77,5.77,204500
BECN,20110301,21.18,21.26,20.53,20.55,784000
BELFA,20110301,24.08,24.3,23.9,24,19500
BELFB,20110301,21.86,21.86,21.34,21.46,22800
BERK,20110301,7.29,7.44,7.29,7.44,500
BFIN,20110301,8.59,8.72,8.58,8.61,23800
BFLY,20110301,3.35,3.35,3.1,3.1,12800
BGCP,20110301,9.63,9.7,9.25,9.34,698400
BGFV,20110301,14.02,14.11,13.5,13.7,62800
BGMD,20110301,8.52,8.6,8.31,8.54,1900
BIB,20110301,29.575,29.575,29.575,29.575,0
BICK,20110301,31.2,31.2,30.73,30.77,25200
BIDU,20110301,119.72,120.55,117,117.83,5784700
BIIB,20110301,68.41,70.73,68.26,70.18,3841500
BIOD,20110301,8.2,8.2,7.84,8,570000
BIOF,20110301,17.4,17.8,17.2,17.2,265200
BIOS,20110301,4.23,4.32,4.22,4.24,330000
BIRT,20110301,4.79,4.92,4.76,4.8,238100
BIS,20110301,49.16,49.16,49.16,49.16,0
BJRI,20110301,36.17,36.19,35.35,35.64,181500
BKCC,20110301,12.43,12.43,12.19,12.2,441200
BKMU,20110301,4.66,4.66,4.48,4.49,118000
BKOR,20110301,4.7,4.7,4.7,4.7,0
BKSC,20110301,11.83,12.25,11.82,12,3000
BKYF,20110301,20.26,20.5,20.16,20.45,2700
BLDP,20110301,2.19,2.34,2.19,2.27,2144800
BLDR,20110301,2.41,2.45,2.35,2.36,95600
BLIN,20110301,1.24,1.24,1.18,1.19,1100
BLKB,20110301,26.74,26.94,25.89,25.97,225600
BMC,20110301,49.62,50.05,48.64,48.75,2079600
BMRC,20110301,36.22,36.22,35.82,36.02,5200
BMRN,20110301,24.52,24.58,24,24.34,1102700
BMTC,20110301,20.86,21.08,20.45,20.62,41500
BNCL,20110301,8.99,9.01,8.86,8.92,63300
BNCN,20110301,8.01,8.2,7.94,7.99,500
BNSO,20110301,2.37,2.37,2.32,2.32,600
BOBE,20110301,31.38,31.62,30.69,30.8,345900
BOCH,20110301,4.05,4.1,4.01,4.05,15900
BODY,20110301,17.01,17.32,16.5,17,133800
BOFI,20110301,15.11,15.28,14.95,14.97,25300
BOKF,20110301,50.47,51.32,50.23,50.73,136900
BOLT,20110301,14.57,14.86,14.54,14.86,13300
BONA,20110301,7.71,7.71,7.39,7.44,73100
BONT,20110301,15.79,16.01,15.2,15.45,135200
BOOM,20110301,26.66,26.68,25.69,26.06,152000
BOSC,20110301,6.52,6.88,6.28,6.28,6800
BPAX,20110301,12.96,13.08,12.3,12.3,803400
BPFH,20110301,7.19,7.25,6.99,7.01,551100
BPFHW,20110301,2.73,2.74,2.73,2.74,1100
BPHX,20110301,1.88,1.9,1.83,1.87,77000
BPOP,20110301,32.5,32.9,32.2,32.2,6968500
BPOPM,20110301,19.1,19.1,19.1,19.1,0
BPOPN,20110301,20.42,20.6,20.38,20.38,2700
BRCD,20110301,6.39,6.4,6.17,6.2,10151100
BRCM,20110301,41.36,41.51,40.31,40.46,7896000
BRID,20110301,11.5,11.5,11.29,11.3,1700
BRKL,20110301,10.39,10.46,10.3,10.36,567800
BRKR,20110301,19.27,19.47,18.97,18.97,764300
BRKS,20110301,12.6,12.72,12.33,12.62,755400
BRLI,20110301,20.84,21.05,20.56,20.82,227000
BSDM,20110301,4.35,4.5,4.3,4.33,178000
BSET,20110301,7.75,7.97,7.53,7.7,312600
BSFT,20110301,35.36,36.27,34.8,35.43,249900
BSPM,20110301,7.59,7.62,7.23,7.29,75200
BSQR,20110301,12.04,12.07,11.3,11.41,148300
BSRR,20110301,10.85,11,10.73,10.78,11100
BSTC,20110301,26.9,26.9,26.36,26.37,2900
BTUI,20110301,11.11,11.15,10.7,10.82,9300
BUSE,20110301,5.06,5.06,4.91,4.94,172700
BVSN,20110301,13.03,13.03,13.03,13.03,300
BWEN,20110301,16,16,14.9,15.1,807500
BWINA,20110301,21.46,21.46,21.46,21.46,0
BWINB,20110301,24.28,24.28,23.93,24,2700
BWLD,20110301,53.12,53.12,51.43,51.74,178100
BYFC,20110301,2.4,2.4,2.4,2.4,0
CA,20110301,24.81,24.93,24.21,24.28,4245000
CAAS,20110301,11.72,11.72,11.02,11.14,133600
CAC,20110301,33.5,33.5,33.2,33.36,7900
CACB,20110301,9.08,9.09,9,9.09,6300
CACC,20110301,70.83,71.1,70.48,71.03,51800
CACH,20110301,3.93,4.08,3.83,4.08,18700
CADC,20110301,4.9,4.9,4.74,4.81,80800
CADX,20110301,7.55,7.66,7.41,7.46,323000
CAFI,20110301,2.16,2.2,2.16,2.2,800
CAKE,20110301,29.16,29.26,28.43,28.47,1611100
CALD,20110301,5.95,5.98,5.89,5.96,73400
CALI,20110301,15.78,16.5,15.66,15.72,48100
CALL,20110301,10.375,10.625,9.695,10.22,66200
CALM,20110301,28.81,29.04,28.15,28.17,161000
CAMP,20110301,3.07,3.11,3.03,3.1,55900
CAMT,20110301,3.78,3.96,3.7,3.7,84400
CAR,20110301,15.32,15.53,14.68,14.82,1854700
CART,20110301,3.15,3.15,3.1,3.1,200
CARV,20110301,1.3,1.35,1.07,1.08,17600
CASH,20110301,18.15,18.77,18.15,18.24,27300
CASM,20110301,2.95,2.95,2.95,2.95,2000
CASS,20110301,38.91,39.24,38.13,38.3,8900
CASY,20110301,40.88,41.11,39.94,40.34,521500
CATM,20110301,18.98,19.09,18.68,18.8,390900
CATY,20110301,17.81,17.81,16.98,17.06,433800
CAVM,20110301,43.26,43.28,41.9,42.19,1012500
CBAK,20110301,8.6,9.25,8.55,8.9,103000
CBAN,20110301,4.49,4.49,4.26,4.26,2700
CBEY,20110301,14.03,14.19,13.71,13.8,151700
CBIN,20110301,13.9,13.9,13.5,13.5,200
CBLI,20110301,7.14,7.14,7.01,7.02,72300
CBMX,20110301,26.6,26.6,24.3,25.3,4900
CBMXW,20110301,2.9,2.9,2.9,2.9,0
CBNJ,20110301,9.86,9.86,9.7,9.72,7100
CBNK,20110301,13.81,13.81,13.81,13.81,100
CBOE,20110301,29.59,29.59,27.79,27.87,1094800
CBPO,20110301,16.94,16.99,16.02,16.23,100000
CBRL,20110301,49.92,49.92,47.87,48.03,775100
CBRX,20110301,3.5,3.55,3.34,3.4,736000
CBSH,20110301,40.18,40.18,39.65,39.82,477400
CBST,20110301,22.06,22.09,21.5,21.63,774300
CCBG,20110301,12.48,12.53,12.26,12.26,18500
CCCL,20110301,7.43,7.46,7.01,7.05,35000
CCIH,20110301,21.65,21.97,20.28,20.56,295100
CCIX,20110301,7.39,7.56,7.36,7.44,25200
CCMP,20110301,49.13,49.15,48.02,48.18,153500
CCNE,20110301,14.61,14.61,13.9,14,18600
CCOI,20110301,14.76,14.87,14.19,14.25,297300
CCRN,20110301,8.34,8.48,7.89,7.9,46500
CCUR,20110301,6.08,6.08,5.79,5.85,9400
CDNS,20110301,10,10.08,9.7,9.8,3706200
CDTI,20110301,6.07,6.07,5.65,5.69,13700
CDXS,20110301,10.75,10.77,10.5,10.74,146200
CDZI,20110301,12.89,13.24,11.99,12.11,88600
CECE,20110301,5.9,5.95,5.87,5.87,7000
CECO,20110301,24.15,24.39,23.27,23.37,821600
CEDU,20110301,7.72,7.73,7.28,7.73,16400
CELG,20110301,53.19,53.68,52.63,53.02,2856400
CELGZ,20110301,2.49,2.65,2.47,2.59,22300
CENT,20110301,9.16,9.52,9.12,9.34,79300
CENTA,20110301,9.23,9.58,9.18,9.39,261000
CENX,20110301,16.82,16.89,15.84,15.88,2959200
CERN,20110301,50.73,51.5,49.935,50.415,615400
CERS,20110301,3.45,3.45,3.28,3.28,471900
CETV,20110301,19.71,19.85,19.1,19.1,252700
CEVA,20110301,24.49,24.98,23.24,23.6,423200
CFBK,20110301,7.65,7.65,7.65,7.65,0
CFFI,20110301,23.47,23.47,23.02,23.02,300
CFFN,20110301,12.62,12.7,12.46,12.55,1565100
CFNB,20110301,14.54,14.54,14.54,14.54,200
CFNL,20110301,11.13,11.13,10.78,10.81,105700
CGEN,20110301,5.05,5.15,5.03,5.04,95800
CGNX,20110301,28.01,28.28,26.83,26.88,397300
CHCI,20110301,1.67,1.7,1.6,1.62,39200
CHCO,20110301,34.67,34.71,33.92,34.14,241400
CHDN,20110301,41.75,42.71,41.75,41.98,104300
CHDX,20110301,17.81,17.87,16.92,17.22,44600
CHEV,20110301,8.5,8.5,8.5,8.5,9300
CHFC,20110301,20.2,20.37,19.73,19.83,107300
CHFN,20110301,9.901,9.901,9.8812,9.901,2300
CHKE,20110301,17,17.04,16.71,16.85,56700
CHKP,20110301,50.03,50.11,48.56,48.62,1209700
CHLN,20110301,2.54,2.56,2.46,2.46,48700
CHNR,20110301,12.8,12.8,12.8,12.8,100
CHOP,20110301,5.54,5.55,5.44,5.49,146400
CHRM,20110301,11.38,11.48,11.09,11.1,5600
CHRW,20110301,72.66,72.66,70.32,70.87,1290800
CHSCP,20110301,29.65,29.72,29.55,29.63,9900
CHTP,20110301,4.17,4.28,4.15,4.22,480700
CHTR,20110301,45.55,48.35,45.55,46.93,249500
CHYR,20110301,2.76,2.76,2.76,2.76,0
CIDM,20110301,1.67,1.67,1.62,1.63,1600
CIEN,20110301,27.68,27.71,26.05,26.34,4002000
CIMT,20110301,4.64,4.64,4.45,4.55,80800
CINF,20110301,34.16,34.16,33.36,33.36,855600
CISG,20110301,17.79,18.22,17.62,17.88,826700
CITZ,20110301,5.7,5.78,5.64,5.78,4700
CIZN,20110301,20.98,20.98,20.42,20.68,600
CJJD,20110301,3.95,3.95,3.88,3.88,12600
CKEC,20110301,7.2,7.2,7,7,43800
CKSW,20110301,8.12,8.18,7.93,8.05,86300
CLBH,20110301,3.75,3.75,3.75,3.75,0
CLCT,20110301,13.81,13.92,13.75,13.92,20400
CLDX,20110301,3.96,3.96,3.85,3.85,208900
CLFD,20110301,5.02,5.29,4.95,5.27,146500
CLMS,20110301,16.61,16.71,16.2,16.35,133800
CLMT,20110301,21.12,21.15,20.8,20.91,345800
CLNE,20110301,14.04,14.12,13.35,13.41,1383400
CLRO,20110301,4.73,4.75,4.7,4.75,700
CLSN,20110301,2.49,2.53,2.39,2.46,70300
CLUB,20110301,4.63,4.76,4.53,4.57,28100
CLWR,20110301,4.99,5.01,4.78,4.83,5003500
CLWT,20110301,7.26,7.7,7.095,7.37,15400
CMCO,20110301,17.32,17.46,16.83,16.98,72900
CMCSA,20110301,25.79,25.91,25.25,25.28,16814200
CMCSK,20110301,24.32,24.49,23.87,23.98,4993000
CME,20110301,311.46,312.09,303.67,306.5,609600
CMLS,20110301,4.88,5.2,4.8,5.05,191900
CMSB,20110301,9.15,9.15,9.15,9.15,1100
CMTL,20110301,27.19,27.69,27.18,27.29,271300
CNBC,20110301,9.15,9.18,9.11,9.11,7600
CNBKA,20110301,27.04,27.06,26.83,26.83,2600
CNET,20110301,4.24,4.24,4.08,4.08,6800
CNIT,20110301,4.89,4.99,4.83,4.85,163600
CNMD,20110301,26.93,26.93,26,26.15,113200
CNQR,20110301,52.25,52.54,49.83,49.99,563300
CNSL,20110301,18.35,18.35,18.05,18.11,104100
CNTF,20110301,4.24,4.35,4.17,4.3,125500
CNTY,20110301,2.58,2.62,2.56,2.56,16000
CNYD,20110301,8.53,8.68,8.45,8.5,5800
COBK,20110301,12.9,12.9,12.9,12.9,0
COBR,20110301,3.89,4.14,3.77,3.84,10800
COBZ,20110301,6.55,6.65,6.46,6.62,90400
COCO,20110301,5.34,5.58,5.31,5.34,5100300
COGO,20110301,8.15,8.39,8.03,8.33,129600
COHR,20110301,61.83,62.22,60.71,61.01,265800
COHU,20110301,15.02,15.02,14.39,14.52,60900
COKE,20110301,57.92,58,55.52,57.31,120700
COLB,20110301,19.88,19.88,19.13,19.19,262400
COLM,20110301,63.2,63.36,61.4,61.48,133900
CONN,20110301,4.49,4.63,4.38,4.49,334100
COOL,20110301,1.6,1.68,1.52,1.55,550800
CORE,20110301,33.99,33.99,33.5,33.69,31500
CORT,20110301,3.74,3.79,3.7,3.72,377900
COSI,20110301,1.43,1.45,1.37,1.45,123800
COST,20110301,75.03,75.39,73.43,73.62,3507800
COWN,20110301,4.28,4.37,4.19,4.21,504800
CPBC,20110301,4.85,4.94,4.85,4.89,1300
CPGI,20110301,3.3,3.3,3.26,3.3,9900
CPHC,20110301,12.44,12.75,12.16,12.16,1800
CPHD,20110301,26.64,26.76,25.49,25.61,368500
CPIX,20110301,6.12,6.15,5.71,5.75,85500
CPLA,20110301,58.18,58.67,55.26,56,413800
CPLP,20110301,9.69,9.85,9.69,9.73,109500
CPNO,20110301,36.04,36.36,35.17,35.6,337500
CPRT,20110301,20.95,20.975,20.42,20.435,640600
CPRX,20110301,1.16,1.16,1.12,1.12,16600
CPSI,20110301,54.18,55.53,52.81,54.22,158800
CPSL,20110301,20.88,20.88,19.8,19.8,350500
CPSS,20110301,1.21,1.22,1.2,1.2,3300
CPST,20110301,1.5,1.52,1.41,1.44,2509400
CPTS,20110301,14.04,14.43,13.86,14.16,260600
CPWR,20110301,11.26,11.3,10.97,10.98,2596900
CRAI,20110301,25.95,26.09,24.89,24.97,10300
CRAY,20110301,7.38,7.45,7.03,7.07,122500
CRDC,20110301,3.29,3.4,3.21,3.32,154200
CREE,20110301,52.95,53.1,50.74,50.94,2460700
CREG,20110301,2.86,2.93,2.65,2.76,30300
CRESW,20110301,0.26,0.26,0.25,0.25,7000
CRESY,20110301,17.47,17.51,17.12,17.18,36900
CRFN,20110301,4.11,4.12,4.01,4.08,77600
CRIS,20110301,3.12,3.15,2.93,2.93,729800
CRME,20110301,28.85,28.85,27.75,27.9,51800
CRMT,20110301,24.81,24.91,24.15,24.26,49400
CRNT,20110301,12.41,12.5,12.11,12.16,189200
CROX,20110301,17.76,17.84,17.16,17.21,2097800
CRRB,20110301,4.43,4.43,4.43,4.43,0
CRRC,20110301,14.31,14.4,13.93,13.98,15900
CRTX,20110301,5.38,5.39,5.06,5.09,46600
CRUS,20110301,23.46,23.83,22.76,22.96,3270200
CRVL,20110301,49.47,49.5,48.69,49.48,38200
CRWN,20110301,2.46,2.46,2.37,2.39,116800
CRWS,20110301,5.04,5.07,4.92,4.99,56900
CRZO,20110301,37.18,37.2,35.52,35.59,671100
CSBK,20110301,11.38,11.54,11.38,11.54,67700
CSCD,20110301,5.87,6.02,5.78,5.85,31100
CSCO,20110301,18.67,18.79,18.5,18.56,61976800
CSFL,20110301,7.24,7.27,7.01,7.05,47900
CSGP,20110301,57.01,57.5,55.5,55.86,162900
CSGS,20110301,19.59,19.65,19.15,19.23,813000
CSII,20110301,9.16,9.6,8.76,9.09,117200
CSIQ,20110301,14.5,14.79,13.98,14.04,1410200
CSPI,20110301,4.18,4.25,4.04,4.25,5800
CSTR,20110301,42.78,43.42,41.77,41.79,1274200
CSUN,20110301,4.51,4.53,4.42,4.45,155400
CSWC,20110301,99.94,99.94,97.95,98.18,1600
CTAS,20110301,28.15,28.15,27.71,27.71,1115300
CTBI,20110301,28.66,28.81,28.39,28.52,135200
CTCH,20110301,3.68,3.74,3.68,3.71,37100
CTCM,20110301,21.72,21.74,20.55,20.69,648000
CTCT,20110301,29.11,29.23,28.18,28.39,494600
CTGX,20110301,11.77,12.21,11.74,12.05,48100
CTHR,20110301,3.9,3.94,3.8,3.86,93500
CTIB,20110301,6.51,6.59,6.06,6.5,11700
CTIC,20110301,1.45,1.45,1.35,1.35,3338400
CTRN,20110301,22.13,22.2,21.7,21.75,106900
CTRP,20110301,38.85,39.07,37.89,38,3944900
CTSH,20110301,77.05,77.25,74.39,74.49,2754100
CTWS,20110301,25.41,25.62,24.66,24.71,13000
CTXS,20110301,70.42,71,67.93,68.6,2514600
CU,20110301,42.98,43.63,42.85,42.95,58300
CUBA,20110301,7.2,7.22,7.06,7.12,17900
CUTR,20110301,9.64,9.89,9.6,9.81,77900
CVBF,20110301,8.35,8.37,8.15,8.2,909300
CVCO,20110301,40.89,41.2,38.29,38.5,15300
CVCY,20110301,6.05,6.05,6.05,6.05,3100
CVGI,20110301,15.8,15.8,14.88,15.13,180400
CVGW,20110301,23.15,23.39,22.92,22.98,47700
CVLT,20110301,36.77,36.95,34.53,34.72,433400
CVLY,20110301,10.72,10.72,10.52,10.67,1000
CVTI,20110301,8.95,8.95,8.69,8.92,12800
CVV,20110301,11.3,11.31,10.57,10.7,41100
CWBC,20110301,4.51,4.51,4.51,4.51,1200
CWCO,20110301,10.92,11.03,10.54,10.56,26800
CWEI,20110301,105.8,106.2,100.8,102.4,106200
CWST,20110301,7.33,7.53,7.04,7.08,157000
CWTR,20110301,11.8,11.92,11.6,11.6,392300
CXDC,20110301,7.17,7.25,6.98,7.02,178100
CXPO,20110301,4.35,4.35,4.13,4.2,97500
CY,20110301,21.11,21.28,20.6,20.8,4727900
CYAN,20110301,3.76,3.76,3.62,3.7,19900
CYBE,20110301,9.15,9.15,8.91,8.95,2600
CYBX,20110301,32.14,33.22,32.14,32.5,248100
CYCC,20110301,9.03,9.1,8.54,8.54,834500
CYCCP,20110301,4.18,4.18,4.18,4.18,0
CYMI,20110301,50.66,51,48.67,48.74,298100
CYNO,20110301,13.52,13.66,13,13.17,174400
CYOU,20110301,37.87,38.71,37.07,38.1,179000
CYTK,20110301,1.6,1.62,1.53,1.57,817500
CYTR,20110301,6.65,6.86,6.16,6.16,521100
CYTX,20110301,5.88,5.97,5.59,5.61,465900
CYTXW,20110301,3.95,3.95,3.6,3.6,6800
CZFC,20110301,8.97,8.97,8.97,8.97,0
CZNC,20110301,15.57,15.65,15.01,15.05,15600
CZWI,20110301,4.87,4.93,4.87,4.92,900
DAIO,20110301,5.07,6,5.01,5.6,10800
DAKT,20110301,11.45,11.56,10.82,10.99,263700
DARA,20110301,3.42,3.48,3.31,3.38,50900
DAVE,20110301,10.19,10.19,9.96,10.1,39300
DBLE,20110301,11.05,11.6,10.73,10.9,704800
DBLEP,20110301,25.99,26,25.9,25.9,5400
DCIX,20110301,12.1,12.15,11.95,12,30200
DCOM,20110301,15.61,15.78,15.24,15.45,167100
DCTH,20110301,6.83,6.83,6.34,6.55,1206100
DECK,20110301,88.84,88.84,83.4,83.66,2149300
DELL,20110301,15.93,15.93,15.34,15.4,26001900
DENN,20110301,3.93,4.1,3.88,3.9,775700
DEPO,20110301,8.46,8.55,8.3,8.38,1211500
DEST,20110301,22.52,22.75,22.06,22.21,53100
DFZ,20110301,10.84,10.95,10.43,10.48,30500
DGAS,20110301,15.48,15.485,15.475,15.485,500
DGICA,20110301,12.83,12.87,12.54,12.63,11700
DGICB,20110301,18.5,18.5,18.5,18.5,0
DGII,20110301,11.1,11.1,10.57,10.62,105500
DGIT,20110301,33.23,33.26,31.64,32.8,533100
DGLY,20110301,1.72,1.74,1.68,1.7,4900
DHIL,20110301,74.54,74.54,74,74.37,2700
DHRM,20110301,5.46,5.57,5.39,5.4,8100
DIOD,20110301,29.25,29.82,28.75,29.05,249800
DISCA,20110301,43.18,43.18,41.84,41.91,1477800
DISCB,20110301,42.38,42.38,42.38,42.38,0
DISCK,20110301,37.98,38.25,37.19,37.32,486700
DISH,20110301,23.24,23.44,22.8,22.87,2652300
DJCO,20110301,72,72,72,72,300
DLGC,20110301,24.85,24.85,24.35,24.7,1800
DLIA,20110301,1.89,1.89,1.56,1.79,339900
DLLR,20110301,21.47,21.6,20.78,20.86,341300
DLTR,20110301,25.24,25.495,24.995,25.06,1612800
DMLP,20110301,27.21,27.38,26.81,26.91,52000
DMND,20110301,51.42,51.42,49.55,50.16,188900
DMRC,20110301,29.97,30.23,29.56,29.94,26500
DNBF,20110301,10.73,10.75,10.7,10.7,1200
DNDN,20110301,33.73,33.87,32.4,33.19,4881200
DORM,20110301,17.48,17.48,16.525,16.54,95300
DOVR,20110301,3.1,3.29,3.1,3.2,10500
DRAD,20110301,2.41,2.5,2.38,2.5,30400
DRAM,20110301,13.8,14.04,13.8,14.04,12100
DRCO,20110301,15.34,15.38,15.15,15.24,13600
DRIV,20110301,33.59,33.73,32.58,32.64,404300
DRRX,20110301,3.24,3.27,3.08,3.1,156900
DRWI,20110301,7.83,7.83,7.56,7.58,298800
DRYS,20110301,5.01,5.06,4.91,4.93,10879500
DSCI,20110301,10.75,10.75,9.82,9.85,71000
DSCO,20110301,2.03,2.06,2,2.06,210100
DSGX,20110301,6.83,6.87,6.75,6.87,7200
DSPG,20110301,7.8,7.92,7.8,7.85,51800
DSWL,20110301,3.48,3.48,3.37,3.37,24700
DTLK,20110301,6.93,6.98,6.56,6.58,194500
DTSI,20110301,47.49,50.57,46.01,47.64,543300
DTV,20110301,46.1,46.24,45.08,45.32,8670900
DVAX,20110301,3,3.01,2.92,2.92,327500
DVOX,20110301,5.84,6,5.64,5.7,65300
DWA,20110301,27.51,28.9,27.51,28.4,1658100
DWCH,20110301,5.01,5.29,5.01,5.25,13200
DWSN,20110301,49.99,50.81,48.58,48.94,167400
DXCM,20110301,14.85,14.93,14.14,14.18,297000
DXPE,20110301,21.34,21.34,20.54,20.8,160300
DXYN,20110301,4.79,4.9,4.7,4.82,9600
DYAX,20110301,1.73,1.77,1.65,1.75,297500
DYNT,20110301,4.65,4.65,4.25,4.25,4400
DYSL,20110301,4.57,4.68,4.57,4.68,1400
EBAY,20110301,33.73,33.73,32.15,32.29,12854100
EBIX,20110301,26.9,27.72,26.68,27.35,1527000
EBMT,20110301,11.2,11.25,11.2,11.21,900
EBSB,20110301,13,13.12,12.95,12.95,26900
EBTC,20110301,14.78,14.78,14.7,14.75,3300
ECHO,20110301,11.89,11.99,11.7,11.75,271000
ECOL,20110301,16.84,16.84,15.87,16.23,87100
ECPG,20110301,26.07,26.49,25.91,26,805300
ECTY,20110301,4.01,4.01,3.86,3.86,29400
ECYT,20110301,7.46,7.47,7.15,7.3,24800
EDAC,20110301,3.63,3.7,3.6,3.68,2300
EDAP,20110301,3.52,3.6,3.26,3.27,96800
EDGW,20110301,2.35,2.35,2.27,2.32,13000
EDMC,20110301,19.44,19.62,18.96,18.99,222200
EDS,20110301,7.61,7.7,7.61,7.69,7000
EDUC,20110301,6.72,6.72,6.34,6.56,1800
EEFT,20110301,18.12,18.12,17.36,17.49,170200
EEI,20110301,14.9,15.18,14.9,15.02,2200
EFII,20110301,15.46,15.57,14.92,15.03,199200
EFSC,20110301,13.23,13.23,12.69,12.81,27700
EFUT,20110301,6.22,6.23,5.97,6.04,30800
EGBN,20110301,14.8,14.87,14.21,14.37,30300
EGHT,20110301,2.75,2.77,2.62,2.65,637500
EGLE,20110301,16.56,16.68,16.08,16.16,1588600
EGOV,20110301,10.15,10.42,10.15,10.36,462300
EHTH,20110301,12.55,12.62,12.16,12.28,123700
EIHI,20110301,12.9,13.11,12.5,12.99,41700
ELGX,20110301,5.97,6.1,5.95,5.99,374300
ELNK,20110301,8.24,8.28,8.15,8.16,1489500
ELON,20110301,8.78,8.95,8.49,8.54,167400
ELOS,20110301,14.75,14.9,14.4,14.54,252300
ELRC,20110301,16.03,16.1,15.66,15.7,27200
ELSE,20110301,4.45,4.45,4.45,4.45,0
ELTK,20110301,1.2,1.29,1.2,1.25,7000
EMCF,20110301,17.55,17.55,17.55,17.55,0
EMCI,20110301,24.44,24.58,24.23,24.43,8700
EMFN,20110301,26.97,26.97,26.66,26.69,2800
EMIF,20110301,33.83,33.83,33.27,33.29,19200
EMITF,20110301,12.1,12.1,12.1,12.1,200
EMKR,20110301,11.56,11.92,10.88,11.28,3121800
EMMS,20110301,1.11,1.14,1.08,1.14,227800
EMMSP,20110301,17.5,17.5,17.5,17.5,0
EMMT,20110301,27.06,27.18,27.02,27.02,600
ENDP,20110301,35.11,37.16,34.97,36.21,1953100
ENG,20110301,4.79,4.9,4.78,4.9,53900
ENMD,20110301,5.25,5.25,4.88,4.92,18500
ENOC,20110301,19.28,19.28,18.6,18.86,344300
ENSG,20110301,30.46,31,30.25,30.53,191100
ENTG,20110301,8.73,8.83,8.4,8.51,1366300
ENTR,20110301,9.31,9.31,8.84,8.9,3430100
ENZN,20110301,10.65,10.71,10.5,10.54,500100
EONC,20110301,1.88,1.9,1.86,1.86,8600
EPAX,20110301,10.67,10.69,10.49,10.55,36600
EPAY,20110301,22.24,22.34,21.16,21.24,104600
EPIQ,20110301,13.81,14.09,13.5,13.53,139800
EQIX,20110301,86.76,87.39,84.5,85.21,1141300
ERIC,20110301,12.84,12.86,12.54,12.55,2653900
ERIE,20110301,69.81,69.88,69.15,69.53,93900
ERII,20110301,3.44,3.44,3.38,3.4,282900
EROC,20110301,9.79,9.79,9.61,9.7,252000
ESBF,20110301,11.55,11.6333,11.0667,11.175,7500
ESBK,20110301,17.56,17.56,17.14,17.3,2100
ESCA,20110301,6.09,6.19,5.93,6.07,23800
ESEA,20110301,3.84,3.86,3.65,3.76,686600
ESGR,20110301,83.75,84.1,82.73,83.48,13400
ESIO,20110301,15.32,15.65,15.32,15.6,97100
ESLT,20110301,51.19,51.19,50.58,50.65,7500
ESMC,20110301,1.42,1.42,1.2,1.29,11700
ESRX,20110301,56,56.78,55.68,55.68,3628200
ESSA,20110301,12.98,13.06,12.92,12.95,26700
ESSX,20110301,6.4,6.49,6.31,6.39,25400
ESYS,20110301,4.62,4.95,4.62,4.93,5100
ETFC,20110301,16,16.05,15.61,15.63,5261800
ETRM,20110301,2.8,2.83,2.66,2.79,68400
EUFN,20110301,24.16,24.16,23.79,23.79,4000
EVBS,20110301,3.7,3.82,3.7,3.75,1100
EVEP,20110301,45.62,45.94,45.06,45.28,211100
EVOL,20110301,7.98,8,7.94,8,28500
EWBC,20110301,23.33,23.33,22.55,22.58,1945700
EXAC,20110301,18.89,18.89,18.43,18.75,24700
EXAR,20110301,6.47,6.47,6.22,6.22,84400
EXAS,20110301,5.65,5.74,5.26,5.3,665000
EXEL,20110301,12.48,12.71,11.68,11.83,1908500
EXFO,20110301,11.83,11.95,11.45,11.47,113600
EXLP,20110301,28.5,28.5,28,28.05,2553200
EXLS,20110301,22.44,22.44,20.51,20.94,201800
EXPD,20110301,48.79,48.88,46.28,46.96,2770200
EXPE,20110301,20.02,20.08,19.62,19.69,6139600
EXPO,20110301,39.4,39.61,38.74,38.91,113000
EXTR,20110301,3.95,3.99,3.66,3.7,1250500
EXXI,20110301,34.5,34.54,33.3,33.48,837200
EZCH,20110301,29.77,30.08,29.37,29.78,333100
EZPW,20110301,28.65,28.79,28.31,28.37,285400
FABK,20110301,13.65,13.68,13.65,13.68,1200
FALC,20110301,4.87,4.88,4.61,4.65,226400
FARM,20110301,13.13,13.13,12.52,12.53,12400
FARO,20110301,35.86,36.93,35.23,36.1,153700
FAST,20110301,31.08,31.205,30.025,30.285,1286400
FBIZ,20110301,12,12.3,12,12.3,2700
FBMI,20110301,6.73,6.73,6.72,6.72,400
FBMS,20110301,8.97,8.99,8.97,8.99,1100
FBNC,20110301,14.72,14.78,14.39,14.43,17800
FBSS,20110301,13.33,13.5,13.27,13.31,3000
FCAL,20110301,3.73,3.84,3.69,3.82,154000
FCAP,20110301,16.24,16.24,16.24,16.24,200
FCBC,20110301,12.27,12.45,12.12,12.27,42100
FCCO,20110301,6.47,6.53,6.22,6.44,4600
FCCY,20110301,9.05,9.05,9.05,9.05,200
FCEL,20110301,1.76,1.76,1.65,1.65,1506100
FCFC,20110301,6.83,7.06,6.83,7.05,5100
FCFS,20110301,32.88,33.2,32.44,32.51,138300
FCHI,20110301,50.4,50.4,49.72,49.75,1500
FCLF,20110301,7.25,7.25,7.25,7.25,400
FCNCA,20110301,202.18,202.74,202,202.15,4900
FCTY,20110301,4.15,4.15,4.11,4.11,2600
FCVA,20110301,4.23,4.23,3.96,3.96,400
FCZA,20110301,4.2,4.2,4.1,4.13,1200
FDEF,20110301,14,14.07,14,14,14100
FDML,20110301,21.01,21.69,21.01,21.65,258600
FEFN,20110301,27.4,27.4,27.4,27.4,0
FEIC,20110301,33.82,34.34,33.54,34.28,871800
FEIM,20110301,7.8,8.29,7.8,7.98,35400
FELE,20110301,21.255,22.22,21.085,21.67,141200
FFBC,20110301,17.03,17.13,16.52,16.66,172000
FFBCW,20110301,6.69,6.69,6.69,6.69,0
FFBH,20110301,2.9,2.91,2.77,2.78,8800
FFCH,20110301,10.65,10.69,10.46,10.52,39500
FFCO,20110301,13.5,13.5,13.5,13.5,2800
FFEX,20110301,4.07,4.08,3.9,3.9,321900
FFHL,20110301,5.23,5.23,4.81,5.07,106400
FFIC,20110301,14.33,14.44,14.19,14.25,330900
FFIN,20110301,33.4267,33.5333,33.16,33.3667,119900
FFIV,20110301,118.58,118.6,112.46,113.38,3650700
FFKT,20110301,7.35,7.35,6.87,7.11,15700
FFKY,20110301,4.1,4.27,4.1,4.27,600
FFNM,20110301,3.39,3.49,3.35,3.38,5200
FFNW,20110301,6.05,6.05,5.82,5.82,52200
FHCO,20110301,5.1,5.11,4.8,4.84,71400
FIBK,20110301,14.4,14.43,14.15,14.3,50200
FINL,20110301,17.44,17.5,16.97,17.22,1080700
FIRE,20110301,27.01,27.09,25.44,25.45,499800
FISI,20110301,19.1,19.33,18.54,18.96,22400
FISV,20110301,63.15,63.4,61.8,62.03,951400
FITB,20110301,13.97,14.15,13.67,13.95,40843800
FITBP,20110301,149.79,149.79,146.68,148,32100
FIZZ,20110301,12.69,12.79,12.6,12.6,32100
FLDM,20110301,14.19,14.27,13.96,14.27,22700
FLEX,20110301,8.14,8.18,7.9,7.9,6394000
FLIC,20110301,27,27,26.62,26.79,9300
FLIR,20110301,32.26,32.45,31.56,31.59,732500
FLML,20110301,6.48,6.52,6.29,6.33,16000
FLOW,20110301,4,4.08,3.88,3.92,140000
FLWS,20110301,2.76,2.77,2.58,2.65,139900
FLXS,20110301,14.72,14.89,14.66,14.82,5700
FMBI,20110301,12.08,12.12,11.83,11.86,469500
FMCN,20110301,26.43,26.7,26.05,26.2,1499400
FMER,20110301,17.18,17.18,16.6,16.6,954100
FMFC,20110301,3.84,3.84,3.72,3.79,3000
FNBN,20110301,0.34,0.36,0.34,0.34,22300
FNFG,20110301,14.5,14.63,14.4,14.43,2613100
FNGN,20110301,24.25,25.04,24.01,25,340700
FNLC,20110301,14.68,14.79,14.53,14.53,12100
FNSR,20110301,40.97,41.19,39.48,39.68,3121100
FOLD,20110301,6.14,6.15,6,6.06,42200
FONE,20110301,29.8,29.8,29.16,29.31,35400
FONR,20110301,2.17,2.17,2.06,2.12,110600
FORD,20110301,3.65,3.67,3.6,3.62,9300
FORM,20110301,9.84,9.85,9.33,9.37,587900
FORR,20110301,36.39,36.6,36.05,36.2,87400
FORTY,20110301,18.9,18.96,18.37,18.5,4900
FOSL,20110301,77.17,77.79,74.75,75.11,763400
FRBK,20110301,2.93,2.97,2.88,2.93,15800
FRED,20110301,13.86,13.86,13.35,13.49,289800
FREE,20110301,30.1,30.5,30.1,30.5,9700
FRME,20110301,8.89,8.89,8.5,8.71,28700
FRP,20110301,23,23.19,22.6,23.07,128100
FSBK,20110301,5.4,5.41,5.11,5.15,24500
FSCI,20110301,26.75,27.02,26.11,26.32,12100
FSFG,20110301,16.63,16.63,16.63,16.63,200
FSGI,20110301,0.86,0.97,0.86,0.94,19400
FSLR,20110301,148.3,150.65,145.01,147.37,2461700
FSRV,20110301,31.4,32.08,31.3,32.08,19400
FSTR,20110301,41.7,41.98,40.56,41,42600
FSYS,20110301,29.4,29.4,27.84,27.91,545800
FTEK,20110301,7.45,7.52,7.2,7.25,87100
FTNT,20110301,20.5,20.6,19.815,19.835,742400
FUBC,20110301,6.5,6.55,6.46,6.51,31300
FULL,20110301,8.62,8.62,8.5,8.5,1900
FULT,20110301,10.96,11,10.55,10.56,1477500
FUNC,20110301,3.68,3.68,3.67,3.67,1200
FUND,20110301,8.02,8.06,7.85,7.89,50300
FURX,20110301,16.68,16.68,16.1,16.51,15600
FWLT,20110301,36.25,36.5,35.11,35.49,2351100
FWRD,20110301,29.61,29.74,28.72,28.85,77600
FXCB,20110301,12.89,13.15,12.78,12.94,124600
FXEN,20110301,11.58,11.58,10.79,10.98,609700
GABC,20110301,17.27,17.27,16.95,17,11600
GAGA,20110301,9.27,9.3,9.05,9.24,25000
GAI,20110301,7.81,7.81,7.61,7.72,2300
GAIA,20110301,7.65,7.67,7.49,7.63,42300
GAIN,20110301,8.25,8.3,8.07,8.07,103600
GAME,20110301,6.1,6.14,5.72,5.74,713600
GASS,20110301,7.01,7.06,6.82,6.88,23000
GBCI,20110301,15.6,15.64,15.44,15.52,660200
GBDC,20110301,17.52,17.56,16.92,17.18,34300
GBLI,20110301,22.3,22.43,22,22.18,34700
GBNK,20110301,1.28,1.3,1.27,1.28,32500
GCBC,20110301,18.5,18.5,18.25,18.25,2900
GCFB,20110301,4.06,4.06,3.94,3.95,6100
GCOM,20110301,10.65,10.66,10.35,10.59,43100
GENC,20110301,7.9,7.9,7.63,7.64,5100
GENE,20110301,3.13,3.13,2.75,2.84,82800
GENT,20110301,9.1,9.62,8.7,9.4,72500
GERN,20110301,5,5.05,4.83,4.83,3971500
GEVO,20110301,19.92,19.94,18.5,18.95,59200
GFED,20110301,6.5,6.5,5.94,5.95,400
GFN,20110301,3.4,3.42,3.4,3.42,7100
GFNCL,20110301,3.32,3.32,3.32,3.32,0
GGAL,20110301,14.53,14.54,13.99,14.21,226700
GHDX,20110301,25.34,25.8,25.34,25.64,277200
GIFI,20110301,30.97,31.35,30.07,30.27,75200
GIGA,20110301,2.56,2.6,2.51,2.6,1700
GIGM,20110301,1.15,1.17,1.13,1.13,283600
GIII,20110301,39.46,39.95,38.39,38.6,126600
GILD,20110301,19.555,19.64,19.25,19.28,5780000
GILT,20110301,5.03,5.03,4.95,4.96,14200
GIVN,20110301,19.14,19.14,18.66,18.74,113400
GKNT,20110301,27.9,28.14,26.91,26.92,32700
GLAD,20110301,11.44,11.5,11.31,11.35,69000
GLBS,20110301,8.9,8.9,8.9,8.9,0
GLBZ,20110301,8.25,8.25,8.25,8.25,4000
GLCH,20110301,1.93,1.95,1.9,1.9,817000
GLDC,20110301,3.02,3.12,2.97,3.04,8500
GLDD,20110301,7.86,7.89,7.59,7.66,569600
GLNG,20110301,18.82,19.08,18.5,18.93,321800
GLPW,20110301,22.43,22.64,22.25,22.47,8800
GLRE,20110301,29,29,27.69,27.83,71200
GLUU,20110301,4.57,4.63,4.22,4.25,3423400
GMAN,20110301,14.62,14.88,13.78,14.08,19800
GMCR,20110301,41.04,41.46,40.23,40.35,2266300
GMETP,20110301,10.56,10.56,10.56,10.56,0
GNCMA,20110301,12.07,12.07,11.65,11.77,240100
GNMK,20110301,4.15,4.28,4.15,4.28,1800
GNTX,20110301,30.3,30.62,29.46,29.83,955200
GNVC,20110301,0.45,0.45,0.44,0.44,310000
GOLD,20110301,82.12,82.5,80.99,81.98,498400
GOOD,20110301,18.5,18.7,18.25,18.36,33200
GOODO,20110301,24.95,24.95,24.9,24.9,500
GOODP,20110301,24.83,24.9,24.83,24.85,900
GOOG,20110301,617.78,619.22,599.3,600.76,3323500
GPIC,20110301,7.36,7.52,7.23,7.25,7600
GPOR,20110301,29.54,30.09,28.11,28.4,667800
GPRC,20110301,6.2,6.2,5.92,6,25000
GPRE,20110301,12.35,12.51,11.95,12,349800
GRID,20110301,34.73,34.73,33.79,33.83,500
GRIF,20110301,32.74,32.78,32.08,32.13,1900
GRMN,20110301,33.95,34.4,32.9,33.2,1942800
GROW,20110301,7.88,8.34,7.79,8.33,305900
GRVY,20110301,2.06,2.14,2.02,2.11,45500
GSBC,20110301,21.29,21.6,20.75,20.85,18400
GSIG,20110301,12.85,12.9,12.71,12.86,62000
GSIT,20110301,9.36,9.41,9.2,9.2,120700
GSM,20110301,24.19,24.23,23.03,23.46,2148600
GSOL,20110301,11.48,11.61,10.82,10.84,56900
GTIM,20110301,3.1,3.1,3.1,3.1,200
GTIV,20110301,28.25,28.52,27.45,27.73,268100
GTLS,20110301,44.82,45.33,43.13,43.54,629100
GTXI,20110301,2.61,2.64,2.55,2.58,58500
GUID,20110301,7.65,7.74,7.29,7.29,18300
GULF,20110301,15.52,15.62,15.15,15.19,23300
GYRO,20110301,78.28,79.51,78.28,79.51,1000
HA,20110301,6.63,6.68,6.53,6.59,1178500
HAFC,20110301,1.25,1.3,1.25,1.26,590200
HAIN,20110301,30.08,30.11,29.48,29.52,272800
HALL,20110301,9,9.07,8.97,8.99,55700
HALO,20110301,6.92,6.92,6.74,6.81,294200
HAS,20110301,44.85,45.16,44.54,44.56,1335500
HAST,20110301,5.78,5.93,5.62,5.86,38100
HAUP,20110301,2.36,2.45,2.33,2.45,74500
HAYN,20110301,51.85,51.99,50.34,50.41,70500
HBAN,20110301,6.87,6.88,6.56,6.56,21277900
HBANP,20110301,1155,1155,1143.05,1145.17,100
HBCP,20110301,14.47,14.47,14.05,14.1,2600
HBHC,20110301,34.67,34.9,34.2,34.35,315700
HBIO,20110301,4.4,4.4,4.32,4.33,106600
HBNC,20110301,12.8445,12.8533,12.8445,12.8489,300
HBNK,20110301,12.45,12.47,12.3,12.47,2600
HBOS,20110301,13.18,13.4,13.18,13.37,18800
HCBK,20110301,11.5,11.5,10.9,10.9,11891600
HCCI,20110301,11.95,12.1,11.55,11.99,4700
HCKT,20110301,3.61,3.65,3.54,3.57,122000
HCSG,20110301,17.87,17.93,17.43,17.46,210400
HDNG,20110301,13.45,13.47,13.3,13.47,75700
HDSN,20110301,1.9,2.02,1.9,1.91,47000
HEES,20110301,15.84,16.01,15.56,15.69,186400
HELE,20110301,28.18,28.37,27.21,27.25,177700
HEOP,20110301,3.58,3.58,3.51,3.51,22400
HERO,20110301,5.04,5.25,4.93,5.02,12454500
HFBC,20110301,9.35,9.44,9.35,9.35,6700
HFBL,20110301,13.2,13.2,13.2,13.2,0
HFFC,20110301,10.95,10.95,10.86,10.86,200
HFWA,20110301,14.92,14.98,14.65,14.91,30200
HGSH,20110301,2.71,2.77,2.6,2.77,10500
HIBB,20110301,32,32.39,30.01,30.24,733000
HIFS,20110301,50.01,50.5,50.01,50.2,900
HIHO,20110301,3.78,3.78,3.54,3.63,8500
HILL,20110301,3.27,3.34,3.21,3.25,182200
HIMX,20110301,2.53,2.56,2.5,2.54,127400
HITK,20110301,23.24,23.35,22.83,22.87,80600
HITT,20110301,61.49,62.15,60.76,60.82,259200
HLIT,20110301,9.63,9.65,9.35,9.46,1258900
HMIN,20110301,33.83,34.08,33.54,34,317800
HMNF,20110301,2.52,2.64,2.45,2.45,10600
HMPR,20110301,24.5,29.75,24.5,25.5,1210300
HMSY,20110301,25.1833,25.25,24.9367,25.0933,221400
HNH,20110301,12.3,12.45,12.08,12.23,10700
HNRG,20110301,10.4,10.43,9.92,10.02,4800
HNSN,20110301,2.15,2.15,2.07,2.07,922300
HOFT,20110301,13.68,13.68,12.85,12.9,13800
HOGS,20110301,18.68,19.09,18.5,18.6,159000
HOLI,20110301,15.07,15.23,14.7,14.8,242300
HOLL,20110301,1.64,1.66,1.63,1.66,45100
HOLX,20110301,20.19,20.35,19.86,20,2047900
HOMB,20110301,22.56,22.56,22.04,22.18,128700
HOME,20110301,11.11,11.12,10.92,10.96,21200
HOTT,20110301,5.35,5.4,5.27,5.34,374900
HOVNP,20110301,7.72,7.72,7.7,7.7,400
HPCCP,20110301,26.21,26.21,26.21,26.21,300
HPJ,20110301,3.4,3.44,3.29,3.29,38300
HPOL,20110301,1,1.01,0.93,0.95,57000
HRZN,20110301,15.9,15.95,15.75,15.79,44300
HSIC,20110301,69.29,69.54,68.02,68.49,488100
HSII,20110301,27.39,27.39,25.87,26.08,77600
HSKA,20110301,5.99,6.25,5.99,6.25,15000
HSNI,20110301,32.5,32.5,30.04,30.08,603800
HSOL,20110301,8.49,8.63,8.33,8.44,849600
HSTM,20110301,7.81,7.83,7.56,7.6,13600
HTBK,20110301,4.6,4.6,4.55,4.6,16900
HTCH,20110301,3.14,3.14,3,3.05,454400
HTCO,20110301,9.8,9.8,9.09,9.18,119700
HTHT,20110301,16.71,16.71,15.9,16.49,256500
HTLD,20110301,16.66,16.72,16.12,16.12,977100
HTLF,20110301,16.96,17.27,16.6,16.67,23500
HTWR,20110301,84.17,84.72,82.15,82.56,83000
HUBG,20110301,35.16,35.34,34.16,34.19,305300
HURC,20110301,30.03,30.3,30.01,30.05,18300
HURN,20110301,27.62,28.33,27.62,28.06,166800
HWAY,20110301,14.03,14.33,13.97,14,189000
HWBK,20110301,9,9.18,9,9.12,800
HWCC,20110301,13.4,13.46,13.2,13.3,46900
HWKN,20110301,38.41,38.42,36.05,36.57,143400
HYGS,20110301,4.85,4.95,4.85,4.88,16900
IACI,20110301,31.18,31.33,30.4,30.53,1256700
IART,20110301,50.34,50.47,49.84,50.2,256700
IBB,20110301,94.9,95.07,93.73,94.02,525300
IBCA,20110301,2.75,2.85,2.72,2.72,41400
IBCP,20110301,4,4,3.68,3.81,269300
IBCPO,20110301,15.98,15.98,15.98,15.98,0
IBKC,20110301,57.38,57.56,56.43,56.56,148000
IBKR,20110301,15.49,15.56,15.3,15.4,319000
IBOC,20110301,19.17,19.17,18.55,18.61,285300
ICAD,20110301,1.3,1.3,1.23,1.24,105700
ICCC,20110301,3.07,3.07,3.07,3.07,0
ICFI,20110301,22.77,23.53,22.77,23.02,182500
ICGE,20110301,13.72,13.84,13.08,13.12,117500
ICLN,20110301,17.11,17.23,16.95,16.99,19300
ICLR,20110301,19.85,20.24,19.65,19.93,957900
ICON,20110301,22.35,22.35,21.48,21.5,1241000
ICUI,20110301,42.11,42.57,41.66,41.95,173700
IDCC,20110301,48.18,48.18,45.77,46.49,1600700
IDIX,20110301,3.12,3.22,3.01,3.08,176400
IDRA,20110301,2.64,2.65,2.49,2.54,15200
IDSA,20110301,10.74,10.95,10.61,10.8,25500
IDSY,20110301,4.86,4.88,4.76,4.88,29600
IDTI,20110301,7.78,7.82,7.43,7.47,2496900
IDXX,20110301,78.01,78.9,77.26,77.64,240300
IESC,20110301,3.75,3.77,3.7,3.7,7000
IFAS,20110301,31.71,31.71,31.29,31.43,7700
IFEU,20110301,32.1,32.1,31.9,31.9,1200
IFGL,20110301,31.83,32,31.51,31.51,21100
IFNA,20110301,43.01,43.01,42.25,42.25,900
IFON,20110301,1,1,0.92,0.96,45000
IFSM,20110301,39.49,39.55,39.23,39.37,1700
IGLD,20110301,29,29.05,27.5,28.25,4200
IGOI,20110301,45.6,45.6,43.92,43.92,102300
IGOV,20110301,103.68,103.74,103.19,103.19,8000
IGTE,20110301,18.33,18.33,17.94,18.2,607600
III,20110301,2.29,2.29,2.25,2.26,12300
IIIN,20110301,12.3,12.42,11.66,11.73,49000
IIJI,20110301,8.2,8.29,8.17,8.24,17700
IILG,20110301,16.95,16.95,16.4,16.5,125800
IIN,20110301,3.89,3.96,3.89,3.94,3600
IIVI,20110301,25.575,25.725,24.42,24.56,130300
IKAN,20110301,1.26,1.26,1.22,1.22,63400
IKNX,20110301,8.67,8.91,8.29,8.61,2200
ILMN,20110301,69.7,69.71,66.32,66.72,1876900
IMGN,20110301,9,9.12,8.73,8.89,632300
IMKTA,20110301,19.36,19.44,18.81,18.87,19400
IMMR,20110301,7.14,7.14,6.74,6.77,241700
IMMU,20110301,3.65,3.67,3.48,3.48,443100
IMRS,20110301,7.52,7.65,7.43,7.46,116500
INAP,20110301,6.82,6.85,6.42,6.63,666900
INCY,20110301,13.74,13.82,13.31,13.51,1061600
INDB,20110301,27.28,27.46,26.78,27.06,223800
INDY,20110301,28.1,28.1,27.5,27.54,85400
INFA,20110301,47.16,47.47,45.52,45.79,1198200
INFI,20110301,5.6,5.61,5.49,5.55,45600
INFN,20110301,8.02,8.06,7.64,7.72,1320300
ININ,20110301,34.45,34.45,33.4,33.62,133600
INOC,20110301,1.35,1.42,1.34,1.35,1300
INOD,20110301,2.72,2.79,2.68,2.68,27100
INPH,20110301,5.27,5.27,4.77,4.82,221000
INSM,20110301,0.54,0.54,0.5,0.5,501900
INTC,20110301,21.61,21.69,21.35,21.39,57993500
INTG,20110301,21.16,21.66,21.13,21.66,2100
INTL,20110301,24.36,24.7,23.35,23.66,137400
INTT,20110301,4.24,4.27,4.03,4.2,156200
INTU,20110301,52.6,52.9,51.12,51.42,2226700
INTX,20110301,10.06,10.11,9.95,10.11,11200
INVE,20110301,2.69,2.69,2.51,2.63,67000
INWK,20110301,8.21,8.21,7.88,7.92,131100
IOSP,20110301,26.98,26.98,25.35,25.61,236000
IPAR,20110301,18.18,18.19,17.8,18.07,156500
IPAS,20110301,1.48,1.51,1.41,1.49,179100
IPCC,20110301,60.91,60.94,59.62,60.03,99200
IPCI,20110301,4.25,4.46,4.15,4.18,20400
IPCM,20110301,40.95,41.5,40.65,41,252000
IPGP,20110301,56.18,56.63,53.53,53.76,460100
IPHS,20110301,43,43,42.38,42.5,129200
IPXL,20110301,20.62,21.35,20.51,21.32,1149400
IRBT,20110301,28.74,28.97,27.51,27.67,152000
IRDM,20110301,9.46,9.49,9.25,9.25,355900
IRDMZ,20110301,1.7,1.85,1.7,1.78,4300
IRIX,20110301,3.67,3.67,3.64,3.67,900
IRWD,20110301,12.25,12.34,11.83,12.25,215500
ISBC,20110301,13.58,13.8,13.46,13.74,479500
ISCA,20110301,27.77,27.91,27.09,27.19,230000
ISHG,20110301,106.14,106.44,106.14,106.44,2100
ISIG,20110301,6.84,6.96,6.67,6.75,198500
ISIL,20110301,12.84,12.94,12.54,12.56,1969600
ISIS,20110301,9.27,9.4,9,9.27,1757900
ISLE,20110301,9.43,9.47,9.19,9.28,284200
ISNS,20110301,13.6,13.66,13.24,13.66,700
ISRG,20110301,330.61,330.79,318.6,319.81,533800
ISRL,20110301,64.73,65.2,62.5,62.5,1200
ISSC,20110301,5.9,6.09,5.85,6.09,21600
ISSI,20110301,9.84,9.85,9.5,9.52,284000
ITIC,20110301,31.65,31.65,30.61,30.95,4800
ITMN,20110301,36.7,37.41,36.12,36.63,1019600
ITRI,20110301,56.8,57.08,55.25,55.49,458600
ITRN,20110301,15.99,16,15.81,15.94,39000
IVAC,20110301,12.77,12.77,12.49,12.56,61500
IVAN,20110301,3.53,3.57,3.44,3.45,750500
IXYS,20110301,12.44,12.51,12.29,12.44,95600
JACK,20110301,22.02,22.16,21.58,21.77,1251800
JADE,20110301,4.1,4.16,4.04,4.07,207600
JAKK,20110301,18.62,18.68,18.46,18.53,269800
JASO,20110301,35.4,36.3,34.75,35.45,14535000
JAXB,20110301,6.95,6.95,6.95,6.95,0
JAZZ,20110301,24.92,24.92,24.07,24.32,548500
JBHT,20110301,41.78,41.79,40.48,40.69,1362600
JBLU,20110301,5.66,5.7,5.54,5.59,6055100
JBSS,20110301,11.83,11.83,11.56,11.56,11600
JCOM,20110301,29.24,29.4,28.78,28.83,324000
JCS,20110301,16.3,16.3,16,16.02,16800
JCTCF,20110301,10.65,10.69,10.5,10.55,11400
JDSU,20110301,24.93,25.82,24.47,25.12,25445100
JFBI,20110301,3.92,4.3,3.86,4.3,2500
JJSF,20110301,43.98,44.08,43.12,43.5,181200
JKHY,20110301,32.09,32.17,31.53,31.74,981900
JMBA,20110301,2.33,2.33,2.25,2.26,523600
JOBS,20110301,58.28,58.99,57.58,58.28,191600
JOEZ,20110301,1.1,1.1,1.05,1.08,525700
JOSB,20110301,46.22,46.76,44.89,45.21,369700
JOUT,20110301,15.45,15.45,14.95,15.02,13700
JRCC,20110301,21,21,20.3,20.32,1242100
JRJC,20110301,5.41,5.5,5.3,5.35,85800
JST,20110301,11.3,11.46,11.15,11.44,27500
JVA,20110301,4.05,4.05,3.94,4.02,11700
JXSB,20110301,12.31,12.31,12.31,12.31,300
KALU,20110301,50.84,50.84,49.07,49.14,84600
KBALB,20110301,7.17,7.27,7.04,7.14,45600
KCAP,20110301,8.47,8.55,8.35,8.4,76800
KCLI,20110301,34.17,34.17,33.02,33.39,8400
KELYA,20110301,21.29,21.48,20.23,20.58,333800
KELYB,20110301,21.94,21.94,21.94,21.94,0
KEQU,20110301,13.69,13.7,13.69,13.7,500
KERX,20110301,3.98,4,3.87,3.87,835700
KEYN,20110301,17.61,17.61,16.65,16.79,114500
KEYW,20110301,14.27,14.35,13.64,13.69,137600
KFFB,20110301,8.64,9.3,8.62,8.62,4200
KFRC,20110301,17.92,17.96,17.16,17.38,122800
KGJI,20110301,2.97,3,2.83,2.88,106800
KINS,20110301,3.43,3.43,3.43,3.43,0
KIPS,20110301,6.48,6.71,5.85,6.04,25400
KIRK,20110301,15.36,15.36,14.94,15,58100
KLAC,20110301,49,49.26,47.81,47.95,2614600
KLIC,20110301,9.62,9.78,9.17,9.19,1158300
KNDI,20110301,3.62,3.64,3.38,3.56,317900
KONA,20110301,5.2,5.2,4.81,4.97,6300
KONE,20110301,2.55,2.61,2.55,2.59,69700
KONG,20110301,7.2,7.2,7.1,7.13,17900
KOOL,20110301,2.76,2.78,2.54,2.68,202200
KOPN,20110301,4.38,4.4,4.27,4.29,405100
KOSS,20110301,6.92,7.14,6.9,7.03,1600
KRNY,20110301,9.79,9.83,9.57,9.63,9900
KSWS,20110301,10.01,10.23,9.62,9.65,139000
KTCC,20110301,4.73,4.81,4.6,4.67,60500
KTEC,20110301,20.25,20.43,19.99,20.38,19100
KTOS,20110301,14.36,14.75,14.25,14.36,284600
KUTV,20110301,3.76,3.95,3.66,3.72,105500
KVHI,20110301,14.7,14.77,14.08,14.22,91100
LABC,20110301,14.86,14.86,14.69,14.7,2700
LABL,20110301,18.71,18.71,18.42,18.55,25200
LACO,20110301,2.62,2.67,2.5,2.56,56700
LAKE,20110301,8.15,8.28,8.05,8.1,40500
LAMR,20110301,39.12,39.12,37.12,37.52,1169300
LANC,20110301,57.6,57.81,56.1,56.41,200400
LARK,20110301,16.9,16.9,16.9,16.9,0
LAWS,20110301,24.05,24.05,23.45,23.83,15800
LAYN,20110301,33.54,33.72,32.28,32.5,103600
LBAI,20110301,9.61,9.64,9.5,9.53,40100
LBIX,20110301,3.35,3.35,3.21,3.3,24700
LBTYA,20110301,42.22,42.25,40.95,41.28,1350900
LBTYB,20110301,42.38,42.38,42.38,42.38,0
LBTYK,20110301,39.89,40.04,38.89,39.19,270300
LCAV,20110301,7.09,7.13,6.84,6.89,34000
LCUT,20110301,12,12.09,11.6,11.68,20800
LEAP,20110301,12.26,12.27,11.76,11.81,1616600
LECO,20110301,35.87,35.87,34.8,35.11,163600
LEDR,20110301,2.6,2.65,2.59,2.65,5800
LEDS,20110301,15.83,15.83,15.16,15.3,87700
LFUS,20110301,53.14,53.34,51.37,51.61,318000
LGCY,20110301,31,31.06,30.23,30.37,170500
LGND,20110301,10.93,11.07,10.71,10.72,174900
LHCG,20110301,29.94,30.02,29.22,29.25,237000
LIFE,20110301,53.45,53.6,52.02,52.17,1319900
LIME,20110301,5,5,4.89,4.91,34500
LINC,20110301,15.5,15.7,15.29,15.36,266600
LINE,20110301,38.69,38.78,38.24,38.24,14741300
LINTA,20110301,16.09,16.43,15.75,16,4605400
LINTB,20110301,16,16,16,16,0
LION,20110301,8.44,8.45,8.35,8.35,2000
LIOX,20110301,3.68,3.75,3.63,3.68,299200
LIVE,20110301,4.8,4.8,4.39,4.39,3100
LIWA,20110301,11,11,10.65,10.73,93900
LKFN,20110301,22.07,22.37,21.98,22.09,27900
LLEN,20110301,7.72,7.76,7.36,7.4,416700
LLNW,20110301,7.1,7.23,7.02,7.12,3646200
LLTC,20110301,34.66,34.76,33.53,33.68,3182700
LMAT,20110301,7,7.09,6.8,7.04,98200
LMCA,20110301,73.16,73.78,71.91,72.35,538800
LMIA,20110301,18.12,18.12,17.73,17.76,36900
LMNR,20110301,22.98,22.98,21.67,21.87,9400
LMNX,20110301,18.68,19.12,18.43,18.7,103200
LNBB,20110301,5.41,5.53,5.41,5.52,5000
LNCE,20110301,18.29,18.45,17.88,17.89,288600
LNDC,20110301,6.25,6.25,6.05,6.1,41000
LOAN,20110301,1.54,1.54,1.5,1.5,300
LOCM,20110301,4,4.03,3.8,3.81,454500
LOGI,20110301,19.02,19.04,18.56,18.67,1192700
LOGM,20110301,35.85,36.46,34.8,34.87,391700
LOJN,20110301,6.03,6.06,5.71,5.9,117100
LONG,20110301,12.96,12.96,12.57,12.9,17200
LOOK,20110301,1.79,1.79,1.72,1.75,7900
LOPE,20110301,16.21,16.34,15.65,15.72,330300
LORL,20110301,76.24,77.96,76.06,77.54,108700
LPHI,20110301,8.43,8.44,7.99,8.11,221100
LPLA,20110301,33.71,33.98,33.1,33.74,129700
LPNT,20110301,38.9,38.98,37.99,38.2,587800
LPSB,20110301,9.75,9.75,9.75,9.75,500
LPSN,20110301,10.1,10.19,9.99,10.01,752400
LPTH,20110301,1.47,1.47,1.42,1.45,14200
LQDT,20110301,16.1,16.19,15.89,16.06,200400
LRAD,20110301,2.14,2.18,2.13,2.17,25900
LRCX,20110301,55.31,55.94,54.71,54.73,2601900
LSBI,20110301,15.63,15.63,15.63,15.63,0
LSBK,20110301,10,10,10,10,0
LSCC,20110301,6.65,6.65,6.26,6.29,1596100
LSTR,20110301,44.73,44.73,42.93,43.22,470700
LTBR,20110301,5.31,5.36,5.29,5.33,34200
LTON,20110301,1.49,1.57,1.46,1.52,486000
LTRE,20110301,9.31,9.31,9.12,9.13,6100
LTRX,20110301,3.8,4.05,3.76,3.9,6200
LTXC,20110301,9,9.08,8.85,8.89,391400
LUFK,20110301,78.69,79.72,76.87,77.2,465600
LULU,20110301,38.775,38.94,36.415,36.9,2752300
LUNA,20110301,1.9,1.9,1.79,1.8,4400
LWAY,20110301,9.2,9.21,8.89,8.9,11700
LXRX,20110301,1.95,1.97,1.87,1.87,783900
LYTS,20110301,7.72,7.86,7.39,7.47,57400
MAGS,20110301,3,3,2.95,3,2700
MAKO,20110301,20.7,20.71,19.69,20.08,1000900
MANH,20110301,32.22,32.44,31.77,31.89,380600
MANT,20110301,43.75,44.57,42.69,42.76,340400
MARPS,20110301,22.56,22.56,22.37,22.37,800
MASC,20110301,7.2,7.3,7.11,7.2,53600
MASI,20110301,30.31,30.48,29.94,30.12,461100
MAT,20110301,25.05,25.33,24.83,24.85,4380900
MATW,20110301,37.02,37.3,35.68,35.76,108500
MAXY,20110301,4.19,4.19,4.08,4.11,107300
MBFI,20110301,20.43,20.73,20.18,20.33,203600
MBLX,20110301,9.15,9.15,8.86,9,141800
MBND,20110301,3.3,3.49,3.27,3.36,33100
MBRG,20110301,16.65,16.65,16.39,16.5,800
MBTF,20110301,1.77,1.87,1.75,1.85,5400
MBVT,20110301,25.7,25.85,25.35,25.45,7900
MBWM,20110301,8.36,8.89,8.36,8.51,7900
MCBC,20110301,3.78,3.8,3.66,3.68,17900
MCBI,20110301,7.12,7.12,6.62,7,1300
MCGC,20110301,7.34,7.35,7.07,7.09,300200
MCHP,20110301,37.01,37.2,36.3,36.4,1602000
MCHX,20110301,9,9,8.68,8.71,47900
MCOX,20110301,27.5,29.15,27.05,28.4,773700
MCRI,20110301,10.55,10.57,10.11,10.12,17800
MCRL,20110301,13.44,13.56,13.19,13.24,745000
MCRS,20110301,47.74,47.96,46.75,47.04,439600
MDAS,20110301,14.29,14.44,14.13,14.25,1612600
MDCA,20110301,17.41,17.41,16.39,16.84,53600
MDCI,20110301,8.28,8.44,8.26,8.31,30900
MDCO,20110301,17.41,17.46,16.52,16.69,633900
MDH,20110301,2.75,2.77,2.75,2.75,5500
MDRX,20110301,21.13,21.39,20.5,20.57,2248400
MDSO,20110301,26.03,26.51,25.51,26.08,496500
MDVN,20110301,17.3,17.62,16.62,16.69,480000
MEAD,20110301,4.21,4.27,4.21,4.25,2800
MEAS,20110301,31.26,31.83,30.25,30.9,194300
MELA,20110301,2.63,2.64,2.54,2.55,253900
MELI,20110301,66.96,67.47,64.53,65.47,1139900
MEMS,20110301,3.1,3.13,3.08,3.1,39500
MENT,20110301,15.89,15.93,15.5,15.56,1138500
MEOH,20110301,29.17,29.17,28.25,28.33,925900
MERC,20110301,14.16,14.2,13.75,13.86,786300
MERU,20110301,21.29,22.83,21.17,22.55,168400
METR,20110301,12.24,12.31,11.96,12.29,35300
MFI,20110301,4.76,4.93,4.58,4.8,38400
MFLR,20110301,8.44,8.44,8.44,8.44,0
MFLX,20110301,28.6,28.94,28.23,28.35,127400
MFNC,20110301,6,6,6,6,100
MFRI,20110301,11.59,11.59,11.2,11.2,1300
MFSF,20110301,9.51,9.53,9.45,9.45,4800
MGAM,20110301,5.55,5.59,5.3,5.34,95000
MGEE,20110301,40.97,41.28,40.38,40.48,172400
MGIC,20110301,7.33,7.46,6.94,7.01,1236600
MGLN,20110301,48.32,48.95,48.12,48.62,223000
MGPI,20110301,9.16,9.16,8.79,8.79,21800
MGRC,20110301,27.58,27.9,26.1,26.43,115300
MGYR,20110301,4.33,4.33,4.05,4.05,200
MHGC,20110301,8.98,9.02,8.81,8.95,206000
MHLD,20110301,8.01,8.05,7.9,7.97,175600
MIDD,20110301,89.86,91.95,89.39,89.76,147400
MIND,20110301,11.12,11.2,11,11.11,55700
MINI,20110301,22.84,22.84,21.94,22.26,174100
MITL,20110301,5.7,5.7,5.44,5.69,35100
MKSI,20110301,30.3,30.71,29.51,29.79,600700
MKTAY,20110301,42.66,42.66,42.13,42.38,8900
MKTX,20110301,21.42,21.53,21.23,21.35,306100
MLAB,20110301,29.62,29.65,29.3,29.36,2000
MLHR,20110301,27.15,27.15,26.07,26.24,558200
MLNK,20110301,6.95,6.95,6.7,6.72,208400
MLNX,20110301,26.11,26.11,25.55,25.69,250300
MLVF,20110301,7.99,7.99,7.99,7.99,0
MMLP,20110301,39.02,39.64,38.42,38.93,120700
MMSI,20110301,13.688,13.688,13.36,13.512,207800
MMUS,20110301,5.11,5.3,5.09,5.25,11700
MMYT,20110301,26.51,27.24,26.26,26.87,194800
MNDO,20110301,3.13,3.13,3.03,3.09,143600
MNKD,20110301,3.77,3.77,3.66,3.69,767300
MNOV,20110301,3.68,3.8,3.28,3.3,18800
MNRK,20110301,6.9667,6.9667,6.5,6.5667,13400
MNRO,20110301,32.68,32.85,31.12,31.5,306600
MNST,20110301,28.745,28.825,28.08,28.175,1004900
MNTA,20110301,13.87,13.87,13.37,13.43,742000
MNTG,20110301,2.66,2.74,2.6,2.63,10700
MNTX,20110301,4.91,5.04,4.75,5.04,135100
MOBI,20110301,10.87,11.2,10.12,10.27,402600
MOCO,20110301,13.12,13.3,13,13,9600
MOFG,20110301,14.5,14.55,14.45,14.45,9200
MOLX,20110301,28.06,28.1,27.23,27.27,915300
MOLXA,20110301,23.08,23.21,22.49,22.58,439200
MORN,20110301,58.95,59.2,57.12,57.42,104200
MOSY,20110301,5.62,5.67,5.5,5.57,179700
MOVE,20110301,8.44,8.64,8.12,8.32,5681200
MPAA,20110301,14.27,14.28,14,14.17,40100
MPAC,20110301,5.39,5.46,4.97,5,33100
MPB,20110301,9.5,9.5,9.47,9.49,400
MPEL,20110301,7.06,7.11,6.81,6.95,7786100
MPET,20110301,2.71,2.71,2.55,2.62,239800
MPWR,20110301,15.61,15.61,14.98,15.02,383200
MRCY,20110301,19.06,19.54,18.82,19.42,241500
MRGE,20110301,5.04,5.04,4.91,4.93,230600
MRLN,20110301,11.21,11.27,10.83,10.97,12900
MRTN,20110301,21.39,21.58,20.52,20.57,40200
MRVL,20110301,18.38,18.53,18.02,18.02,12319000
MSBF,20110301,5.72,5.72,5.16,5.47,9700
MSCC,20110301,22.09,22.14,21.29,21.47,746600
MSEX,20110301,18.91,18.91,18.01,18.14,30300
MSFG,20110301,9.97,10.18,9.83,9.89,27500
MSFT,20110301,26.61,26.78,26.15,26.16,60054900
MSG,20110301,28.73,28.8,27.99,28.53,477600
MSON,20110301,2.25,2.25,2.22,2.22,34700
MSPD,20110301,7.76,7.87,7.47,7.5,667900
MSTR,20110301,119.66,119.66,114.68,114.99,82300
MTEX,20110301,19.4,19.4,18.6,18.6,14800
MTRX,20110301,13.96,14.03,13.53,13.59,113800
MTSC,20110301,46.59,47.39,45.67,46.43,231900
MTSL,20110301,1.83,1.84,1.79,1.79,1100
MTSN,20110301,2.62,2.65,2.45,2.51,324600
MU,20110301,11.2,11.3,10.94,10.96,28853300
MVIS,20110301,13.36,13.52,12.48,12.56,788900
MVISW,20110301,0.46,0.46,0.46,0.46,5000
MWIV,20110301,69.99,70.41,68.81,69.32,106000
MXIM,20110301,27.68,27.72,26.71,26.77,2916700
MXWL,20110301,18.15,18.2,17.5,17.61,124500
MYGN,20110301,18.56,18.72,18.35,18.5,1006400
MYL,20110301,22.98,22.98,22.59,22.67,10481100
MYRG,20110301,22.53,22.58,21.54,21.81,270500
NAFC,20110301,40.37,40.72,39.59,39.62,40700
NAII,20110301,5.4,5.51,5.4,5.49,1000
NANO,20110301,18.03,18.18,16.95,17.04,434700
NASB,20110301,15.14,15.24,14.84,14.95,3600
NATH,20110301,18.5,18.51,18.08,18.2,1400
NATI,20110301,31.2,31.46,30.53,30.64,447200
NATL,20110301,20.75,20.84,20.5,20.57,15800
NATR,20110301,8.22,8.22,7.77,8.07,19300
NAUH,20110301,7.48,7.69,7.35,7.35,5900
NAVG,20110301,52.87,52.87,51.23,51.53,130100
NAVR,20110301,2,2.11,2,2.04,170100
NBBC,20110301,5.21,5.22,5.14,5.14,3000
NBIX,20110301,6.76,6.93,6.43,6.56,1951900
NBN,20110301,14.83,14.83,14.51,14.55,1300
NBTB,20110301,22.38,22.43,21.95,22.02,166300
NBTF,20110301,20.34,20.36,20.34,20.34,400
NCBC,20110301,4.97,4.97,4.87,4.87,600
NCIT,20110301,22.95,23.29,22.45,23.01,21700
NCMI,20110301,19.07,19.07,18.41,18.73,220200
NCTY,20110301,7.45,7.52,7.21,7.34,83400
NDAQ,20110301,28.62,28.75,27.67,27.68,3326500
NDSN,20110301,54.725,55,53.075,53.28,237000
NECB,20110301,6.15,6.25,5.9,6.05,4700
NEOG,20110301,37.39,37.39,36.53,36.8,202500
NEPT,20110301,2.47,2.51,2.43,2.43,25200
NETC,20110301,10.76,10.84,10.73,10.8,22500
NEWL,20110301,2.5,2.5,2.5,2.5,0
NEWP,20110301,16.81,17,16.31,16.49,421700
NEWS,20110301,10.6,10.84,10.38,10.45,135100
NEWT,20110301,1.69,1.69,1.68,1.68,1800
NFBK,20110301,13.39,13.39,12.93,13.06,24500
NFEC,20110301,4.21,4.27,3.9,3.99,15800
NFLX,20110301,206.22,207.46,200.75,204.63,5695900
NFSB,20110301,14,14.12,14,14.12,600
NGPC,20110301,10.05,10.06,9.7,9.73,56700
NHTB,20110301,13.1,13.47,13.1,13.38,1800
NICE,20110301,34.55,34.55,33.51,33.59,240300
NICK,20110301,12.36,12.4,12.3,12.4,2700
NIHD,20110301,41.12,41.13,39.37,39.65,3364200
NILE,20110301,57.02,57.13,53.25,53.39,269600
NINE,20110301,1.37,1.37,1.37,1.37,200
NKSH,20110301,29,29,28.5,28.56,8300
NKTR,20110301,9.61,9.93,9.59,9.73,1620100
NLST,20110301,2.34,2.35,2.26,2.26,93100
NMRX,20110301,9.29,9.29,8.69,8.99,78000
NNBR,20110301,12.24,13.02,12.24,12.93,109500
NOVB,20110301,10.53,10.54,10.53,10.53,1900
NPBC,20110301,7.94,7.99,7.68,7.76,563800
NPSP,20110301,7.81,7.82,7.29,7.45,2375800
NRCI,20110301,32.63,32.63,32.05,32.19,700
NRIM,20110301,18.4,18.56,18.39,18.56,2700
NSEC,20110301,12.25,12.25,12.25,12.25,0
NSIT,20110301,18.36,18.4,17.75,17.96,373200
NSPH,20110301,3.31,3.31,3.16,3.19,109200
NSSC,20110301,2.31,2.33,2.24,2.25,12400
NSYS,20110301,4.34,4.34,4.34,4.34,0
NTAP,20110301,51.93,52.13,50.31,50.63,7077900
NTCT,20110301,25.43,26.55,25.28,26.28,681400
NTES,20110301,45.24,46.37,45.15,45.76,918200
NTGR,20110301,32.91,33,31.34,31.81,463800
NTIC,20110301,16.01,16.18,16,16,3500
NTLS,20110301,19.39,19.39,19,19.04,253100
NTRI,20110301,13.32,13.97,13.19,13.52,2426500
NTRS,20110301,51.67,51.79,51.06,51.08,1706000
NTSC,20110301,7.5,7.5,7.15,7.2,17000
NTSP,20110301,13.1,13.23,12.25,12.3,167000
NTWK,20110301,18,18.2,17.5,18.1,854100
NUAN,20110301,18.67,18.7,17.84,17.85,3319100
NUCL,20110301,46.02,46.1,45.6,45.6,55900
NURO,20110301,3.12,3.24,3,3,83100
NUTR,20110301,14.8,14.8,14.46,14.51,18400
NUVA,20110301,26.88,26.93,26.18,26.28,661800
NVAX,20110301,3.5,3.5,2.88,2.96,13911600
NVDA,20110301,22.7,22.99,21.65,21.65,24711100
NVEC,20110301,60.07,60.07,57.2,57.54,53900
NVGN,20110301,0.71,0.76,0.7,0.72,20300
NVMI,20110301,9.4,9.47,8.92,9.05,519200
NVSL,20110301,8.51,8.69,8.51,8.69,700
NVTL,20110301,5.93,5.98,5.65,5.67,619800
NWBI,20110301,12.13,12.13,12.03,12.08,776100
NWFL,20110301,27.5,27.5,27.4,27.48,1600
NWLI,20110301,174.86,174.86,171,171.77,1500
NWPX,20110301,23.92,23.92,22,22.25,30100
NWS,20110301,18.4,18.56,17.99,18.04,3340600
NWSA,20110301,17.44,17.64,17.03,17.03,18695200
NXPI,20110301,32.11,33.87,29.83,29.98,2068900
NXST,20110301,6.97,7.05,6.83,6.94,44300
NXTM,20110301,20.66,20.98,20.58,20.82,524700
NYMT,20110301,7.24,7.24,7.1,7.1,17600
NYMX,20110301,6.5,6.59,6.12,6.21,34400
NYNY,20110301,0.82,0.82,0.76,0.77,67200
OABC,20110301,15.75,15.75,15.39,15.39,29200
OBAF,20110301,14.05,14.17,13.95,14.01,5300
OBAS,20110301,8.5,8.5,8.05,8.5,14000
OBCI,20110301,2.01,2.02,1.91,1.91,11000
OCFC,20110301,13.85,13.96,13.71,13.81,16100
OCLR,20110301,17.81,17.89,16.43,16.74,2933600
OCLS,20110301,14.28,14.28,14,14.14,57100
OCZ,20110301,7.65,7.69,7.3,7.34,341800
ODFL,20110301,20.5667,20.64,20.04,20.1867,181900
OFED,20110301,13.24,13.48,13.24,13.32,1900
OFIX,20110301,31.57,32.2,31.17,32.01,167400
OFLX,20110301,12.94,12.94,11.9,12.4,14400
OGXI,20110301,15.6,15.63,15.01,15.4,58700
OIIM,20110301,8.18,8.18,7.98,8.05,289400
OINK,20110301,4.99,5,4.73,4.79,91700
OKSB,20110301,14.21,14.21,13.54,14.04,80700
OKSBP,20110301,26.78,27.4,26.78,27.4,1500
OLBK,20110301,8.9,8.9,8.9,8.9,500
OMAB,20110301,14.37,15.24,14.29,14.9,157200
OMCL,20110301,13.46,13.47,13.05,13.17,68200
OMER,20110301,6.5,6.5,6.13,6.3,51400
OMEX,20110301,3.25,3.25,2.69,2.93,942600
OMPI,20110301,11.47,11.5,11,11.27,44700
ONCY,20110301,6.35,6.39,6.27,6.34,45300
ONEQ,20110301,109.79,110.28,107.63,107.88,17700
ONFC,20110301,8.8,8.95,8.8,8.95,3300
ONNN,20110301,11.22,11.28,10.85,10.96,6567400
ONTY,20110301,3.17,3.26,3.17,3.22,67900
ONVI,20110301,4.43,4.43,4.23,4.28,3100
ONXX,20110301,35.38,35.52,34.75,34.9,689100
OPEN,20110301,89.32,89.43,82.88,85.21,1746400
OPHC,20110301,2.43,2.43,2.43,2.43,0
OPLK,20110301,27.35,27.81,26.41,27.5,615100
OPOF,20110301,11.67,11.67,11.5,11.5,300
OPTR,20110301,11.96,12,11.62,11.7,491800
OPTT,20110301,5.24,5.28,5.18,5.21,11500
OPXA,20110301,7.36,7.36,7,7.16,181300
ORBC,20110301,3.59,3.6,3.51,3.56,172700
ORBK,20110301,14.25,14.4,13.73,13.74,110200
ORBT,20110301,3.68,3.75,3.68,3.73,900
ORCL,20110301,33.01,33.08,31.61,31.67,30423200
OREX,20110301,3.23,3.25,3.04,3.09,2384600
ORIT,20110301,12.9,12.95,12.7,12.72,271700
ORLY,20110301,55.62,55.96,54.85,55.15,1294100
ORRF,20110301,27.44,27.49,26.86,27.01,6000
OSBC,20110301,1.04,1.05,1.02,1.03,24700
OSBCP,20110301,3.15,3.15,2.55,2.97,5700
OSHC,20110301,12.14,12.24,12.14,12.16,11200
OSIR,20110301,6.64,6.78,6.45,6.53,52200
OSIS,20110301,37.57,38.09,37.13,37.67,124900
OSN,20110301,4.26,4.33,4.21,4.24,23600
OSTK,20110301,15.22,15.36,14.8,15.05,249200
OSUR,20110301,6.99,7.01,6.53,6.56,142700
OTEX,20110301,58.76,58.95,56.35,56.54,371800
OTIV,20110301,2.9,2.96,2.76,2.77,186500
OTT,20110301,19.91,19.99,19.75,19.87,51900
OTTR,20110301,22.5,22.65,22.05,22.05,114600
OUTD,20110301,7.83,7.95,7.65,7.75,53600
OVBC,20110301,20.4,20.57,20.19,20.57,1000
OVLY,20110301,5.93,5.93,5.93,5.93,100
OVRL,20110301,1.58,1.68,1.58,1.64,2100
OVTI,20110301,30.2,31.55,30.18,30.37,3350800
OXBT,20110301,1.9,2.02,1.9,2.01,40500
OXGN,20110301,0.14,0.14,0.14,0.14,0
OXLC,20110301,19.13,19.25,19.13,19.25,800
OZRK,20110301,21.55,21.7,21.2,21.38,169200
PAAS,20110301,39.99,40.23,38.87,39.9,2558200
PACB,20110301,15.56,15.8,14.53,15.02,358100
PACR,20110301,5.48,5.52,5.13,5.24,532800
PACW,20110301,20.72,20.72,20.23,20.28,164100
PAGG,20110301,33.28,33.3,32.64,32.74,48200
PANL,20110301,42.48,42.48,40.4,40.58,335200
PATH,20110301,7.96,7.96,7.67,7.71,17300
PATK,20110301,2.05,2.05,1.95,2.03,6900
PATR,20110301,25.29,25.29,24.26,25.08,20000
PAYX,20110301,33.75,33.76,32.7,32.86,2495100
PBCT,20110301,13.14,13.18,12.84,12.86,6097900
PBHC,20110301,9.05,9.1,9.05,9.1,2900
PBIB,20110301,8.45,8.45,8.3,8.3,8000
PBIP,20110301,6.1,6.1,6.1,6.1,100
PCAR,20110301,50.22,50.4,48.58,48.99,2749600
PCBK,20110301,10.07,10.11,9.93,10,25500
PCCC,20110301,8.54,8.54,8.35,8.54,31200
PCH,20110301,38.6,38.6,37.31,37.38,280400
PCLN,20110301,449.5,452.24,440.81,445.23,1795200
PCOM,20110301,10.15,10.2,9.61,9.75,18300
PCRX,20110301,7.09,7.09,6.87,6.93,1000
PCTI,20110301,7.42,7.49,7.34,7.43,45300
PCYC,20110301,5.18,5.18,4.95,4.99,298700
PCYO,20110301,4,4.01,4,4.01,900
PDCO,20110301,33.61,33.8,32.94,32.94,1050900
PDEX,20110301,2.41,2.41,2.4,2.4,1500
PDFS,20110301,6.97,7,6.57,6.59,282700
PDII,20110301,8.7,8.7,8.36,8.46,16300
PDLI,20110301,5.6,5.67,5.49,5.6,8171300
PEBK,20110301,6.85,6.99,6.82,6.82,1100
PEBO,20110301,13.46,13.47,13.19,13.29,8800
PEGA,20110301,40.5,40.91,38.69,39.27,196500
PEIX,20110301,0.67,0.68,0.65,0.66,1579300
PENN,20110301,35.75,36.16,35.43,35.66,729700
PENX,20110301,5.95,5.98,5.88,5.98,3500
PEOP,20110301,13.91,13.91,13.75,13.87,32700
PERF,20110301,8.04,10.39,7.94,9.05,10900
PERY,20110301,28.99,29.68,28.68,28.81,217200
PESI,20110301,1.47,1.47,1.45,1.47,21100
PETM,20110301,41.02,42,40.32,41.14,2468300
PETS,20110301,14.97,15,14.53,14.57,152500
PFBC,20110301,1.51,1.58,1.51,1.51,31700
PFBI,20110301,6.8,6.95,6.8,6.94,9900
PFBX,20110301,15.79,16.61,15.75,16.58,2800
PFIN,20110301,3.27,3.27,3.27,3.27,0
PFSW,20110301,3.43,3.57,3.35,3.5,39200
PGC,20110301,13.44,13.92,13.25,13.25,14300
PGNX,20110301,5.65,5.68,5.43,5.55,128300
PGTI,20110301,2.41,2.49,2.38,2.4,34000
PHII,20110301,22.5,23,22.42,22.43,1000
PHIIK,20110301,21.36,21.5,19.95,20.02,13600
PHMD,20110301,5.53,5.53,5.43,5.47,2900
PICO,20110301,29.74,29.91,29.41,29.53,48100
PKBK,20110301,9.4,9.55,9.4,9.55,1600
PKOH,20110301,22.08,22.67,20.56,20.62,36800
PLAB,20110301,9.06,9.15,8.75,8.89,2118800
PLBC,20110301,3.98,3.98,3.98,3.98,200
PLCC,20110301,1.16,1.16,1.16,1.16,0
PLCE,20110301,45.6,45.87,44.27,44.42,600800
PLCM,20110301,23.975,23.99,23.145,23.395,575500
PLNR,20110301,2.69,2.72,2.56,2.61,31800
PLPC,20110301,70.7,71.18,68.84,69.39,8600
PLTM,20110301,34.72,34.72,33.85,33.92,13900
PLUG,20110301,0.73,0.75,0.71,0.71,483800
PLUS,20110301,28.38,28.58,26.8,26.98,18100
PLXS,20110301,31.4,31.5,28.91,29.53,960400
PLXT,20110301,3.76,3.77,3.69,3.73,342000
PMBC,20110301,4.53,4.65,4.5,4.64,16500
PMCS,20110301,7.92,8.02,7.78,7.82,5582500
PMD,20110301,8.75,8.75,8.55,8.75,6700
PMFG,20110301,18.85,18.85,17.33,17.5,76400
PMNA,20110301,12.41,12.42,12,12.02,17000
PMTC,20110301,23.85,23.85,22.6,22.8,1394600
PMTI,20110301,15.98,16.01,15.65,15.8,80800
PNBK,20110301,2.37,2.4,2.36,2.4,13900
PNFP,20110301,16.01,16.19,15.96,15.99,321000
PNNT,20110301,12.7,12.84,12.5,12.51,556000
PNQI,20110301,36.68,36.92,35.9,36.06,17400
PNRA,20110301,117.36,117.49,115.38,115.83,444900
PNRG,20110301,27,27,27,27,100
PNTR,20110301,5.75,5.75,5.75,5.75,0
PODD,20110301,17.74,17.74,17.27,17.49,362300
POOL,20110301,24.92,25.04,24.34,24.35,516200
POPE,20110301,43.5,43.5,41.06,43.5,1100
POWI,20110301,40.12,40.14,39.25,39.31,277700
POWL,20110301,37.41,37.77,36.07,36.64,221600
POWR,20110301,7.4,7.48,7.23,7.31,73700
POZN,20110301,5.15,5.15,5.05,5.12,136400
PPBI,20110301,6.89,6.9,6.85,6.89,5000
PPHM,20110301,2.23,2.26,2.18,2.18,212300
PRAA,20110301,83.35,83.61,81.21,81.27,129900
PRAN,20110301,1.5,1.6,1.45,1.45,148800
PRCP,20110301,6.75,6.87,6.7,6.85,19700
PRFT,20110301,12.41,12.47,11.95,12.06,119100
PRFZ,20110301,68.6,68.6,66.77,66.85,73500
PRGO,20110301,76.8,77.96,75.67,76.06,1075700
PRGS,20110301,29.36,29.39,28.1,28.19,663800
PRGX,20110301,6.05,6.5,6.05,6.13,473800
PRIM,20110301,8.56,8.73,8.39,8.57,342400
PRKR,20110301,0.78,0.8,0.74,0.77,612500
PRLS,20110301,3.12,3.19,3.04,3.19,26700
PRMW,20110301,12.48,12.65,11.65,11.96,103600
PROV,20110301,8.39,8.61,8.36,8.48,26100
PRPH,20110301,1.5,1.5,1.34,1.47,16800
PRSC,20110301,16.44,16.47,15.67,15.67,28100
PRTS,20110301,8.1,8.1,7.37,7.7,379300
PRXI,20110301,1.73,1.75,1.68,1.69,37600
PRXL,20110301,23.52,23.7,23.08,23.41,542500
PSAU,20110301,49.15,49.17,48.77,49.06,9100
PSBH,20110301,5.35,5.35,5.35,5.35,0
PSDV,20110301,3.95,3.96,3.88,3.94,33000
PSEC,20110301,12.15,12.18,12.01,12.04,1009500
PSEM,20110301,10.21,10.26,9.81,9.92,41200
PSMT,20110301,35.78,35.78,34.92,35.09,72400
PSTB,20110301,5.01,5.16,4.92,5.04,66200
PSTI,20110301,2.7,2.83,2.59,2.64,1670600
PSTR,20110301,6.48,6.48,5.81,6.24,154800
PSUN,20110301,4.53,4.54,4.24,4.26,693700
PTEK,20110301,0.62,0.62,0.62,0.62,0
PTEN,20110301,27.56,27.6,26.36,26.58,4834300
PTIE,20110301,6.85,6.88,6.65,6.69,147700
PTIX,20110301,2,2.02,1.96,2.02,16700
PTNR,20110301,18.24,18.28,18.06,18.15,411200
PTRY,20110301,15.77,15.89,14.79,14.84,436000
PTSI,20110301,11.84,11.84,11.62,11.62,3100
PTSX,20110301,0.75,0.75,0.75,0.75,0
PULB,20110301,7.42,7.42,7.3,7.31,7800
PURE,20110301,1.92,1.96,1.87,1.88,117900
PVFC,20110301,1.96,1.96,1.88,1.88,8700
PVTB,20110301,14.38,14.51,14.19,14.25,370700
PVTBP,20110301,26.7,26.7,26.53,26.54,3600
PWER,20110301,8.27,8.45,8.03,8.03,5461500
PWOD,20110301,38.84,38.84,37.15,37.95,6200
PWRD,20110301,21.3,21.3,20.43,20.46,527800
PWX,20110301,17.25,17.52,17.13,17.4,4500
PXLW,20110301,3.47,3.47,3.4,3.44,14500
PZZA,20110301,29.23,29.47,28.71,29,312600
PZZI,20110301,1.96,1.98,1.96,1.98,11300
QABA,20110301,24.92,24.92,24.85,24.87,600
QADA,20110301,9.08,9.28,8.97,9.07,12100
QADB,20110301,8.85,8.85,8.73,8.73,4600
QBAK,20110301,1.85,1.85,1.82,1.84,3000
QCCO,20110301,3.98,4.1,3.91,3.91,50800
QCLN,20110301,17.08,17.1,16.64,16.73,19600
QCOM,20110301,59.84,59.84,57.8,58.04,16766700
QCOR,20110301,12.95,12.95,12.36,12.39,1583600
QCRH,20110301,7.91,7.91,7.56,7.64,1500
QDEL,20110301,13.15,13.23,12.65,12.75,170100
QGEN,20110301,20.67,20.72,20.29,20.45,2199100
QKLS,20110301,72.48,73.2,71.76,72,17200
QLGC,20110301,18.13,18.39,17.76,17.8,3079800
QLIK,20110301,26.27,26.39,25.28,25.99,1332300
QLTI,20110301,6.68,6.72,6.58,6.64,307600
QLTY,20110301,10.16,10.33,9.72,9.84,177600
QNST,20110301,21.87,22.17,21.49,21.69,253400
QQEW,20110301,25.17,25.17,24.6,24.66,23800
QQQ,20110301,57.99,58.02,56.69,56.84,91992500
QQQX,20110301,15,15.04,14.75,14.75,56700
QQXT,20110301,22.18,22.18,21.69,21.69,3200
QSII,20110301,40,40.495,39.735,40.15,238900
QTEC,20110301,27.64,27.64,26.91,26.97,363800
QTWW,20110301,0.38,0.38,0.38,0.38,0
QUIK,20110301,5,5.01,4.85,4.86,197500
RADA,20110301,2.75,2.75,2.75,2.75,0
RAIL,20110301,28.19,28.36,27.42,27.54,116200
RAND,20110301,3.2,3.25,3.2,3.25,3500
RAVN,20110301,27.235,27.42,26.625,26.8,124300
RBCAA,20110301,18.36,18.5,17.55,17.71,112200
RBCN,20110301,23.26,23.36,22.46,23.05,821400
RBNF,20110301,3.48,3.48,3.25,3.3,3000
RBPAA,20110301,1.77,1.77,1.77,1.77,300
RCII,20110301,33.38,33.38,31.4,31.91,978700
RCKB,20110301,16.11,16.17,16.03,16.07,48600
RCKY,20110301,14.65,14.8,14.3,14.6,36200
RCMT,20110301,5.1,5.1,4.99,5.09,48400
RCON,20110301,4.49,4.49,4.46,4.47,1600
RDA,20110301,13.55,13.7,13.05,13.3,22300
RDCM,20110301,11.01,11.13,10.7,10.79,28800
RDEN,20110301,29.15,29.15,27.89,28.08,215900
RDI,20110301,5.05,5.08,5.01,5.06,7700
RDIB,20110301,7,7,7,7,0
RDNT,20110301,3.34,3.37,3.2,3.23,122400
RDWR,20110301,18.825,19.195,18.465,18.85,305600
RECN,20110301,19.42,19.54,18.15,18.84,220300
REDF,20110301,6.05,6.34,5.99,6.16,370900
REFR,20110301,7.86,7.96,7.63,7.68,96200
REGN,20110301,36.43,36.56,36.01,36.19,344600
REIS,20110301,7.37,7.38,7.23,7.38,1700
RELL,20110301,12.6,13.58,12.6,13.14,249100
RELV,20110301,2.29,2.3,2.1,2.3,8900
RENT,20110301,26.8,26.8,25.83,26,30200
REXI,20110301,6.41,6.41,6.11,6.18,24600
REXX,20110301,12.69,12.76,11.88,12.12,945000
RFIL,20110301,4.32,4.33,4.28,4.29,6200
RFMD,20110301,7.52,7.56,7.15,7.16,8776400
RGCO,20110301,15.575,15.65,15.51,15.51,1300
RGDX,20110301,2.33,2.33,2.25,2.25,12700
RGEN,20110301,4.87,4.9,4.76,4.9,23200
RGLD,20110301,49.88,50.34,49.47,50.3,560100
RICK,20110301,10.97,11.19,10.61,10.7,72900
RIGL,20110301,7,7.02,6.47,6.65,1681500
RIMG,20110301,15.01,15.06,14.88,14.97,19400
RITT,20110301,6.17,6.65,6.17,6.55,2900
RIVR,20110301,15.01,15.01,15.01,15.01,0
RJET,20110301,6.3,6.4,6.02,6.03,997900
RLOC,20110301,19,19.24,17.73,17.85,265700
RLOG,20110301,7.43,7.72,7.02,7.72,29700
RMBS,20110301,20.59,20.69,20.15,20.16,655500
RMCF,20110301,10.38,10.38,10.26,10.36,4800
RMKR,20110301,1.35,1.35,1.29,1.35,78600
RMTI,20110301,9.14,9.35,9.1,9.35,53000
RNET,20110301,14.8,14.91,14.57,14.6,34700
RNIN,20110301,6.4,6.55,6.3,6.3,51100
RNST,20110301,16.04,16.12,15.77,15.83,40100
RNWK,20110301,3.85,3.85,3.75,3.75,254700
ROCK,20110301,10.86,10.96,10.13,10.2,81400
ROCM,20110301,10.48,10.64,10.45,10.58,21400
ROIA,20110301,2.6,2.68,2.45,2.45,35600
ROIAK,20110301,2.24,2.36,2.12,2.14,946900
ROIC,20110301,11.07,11.12,10.89,10.89,771300
ROICW,20110301,1,1,1,1,3400
ROLL,20110301,36.24,36.78,35.67,36.25,241900
ROMA,20110301,10.48,10.52,10.33,10.4,271800
ROSE,20110301,45.14,45.75,42.3,42.61,835500
ROSG,20110301,8.1,8.4,8.1,8.25,102800
ROST,20110301,36.275,36.39,35.535,35.755,1334000
ROVI,20110301,55.82,55.84,53.65,54.1,2857800
ROYL,20110301,6.25,6.85,6.1,6.66,14705700
RP,20110301,24.18,24.46,23.56,24.03,604200
RPRX,20110301,4.59,5.87,4.5,5.79,1564000
RPTP,20110301,3.58,3.7,3.53,3.57,150100
RRD,20110301,18.75,18.88,18.03,18.07,2189700
RRGB,20110301,24.23,24.47,23.52,23.55,443100
RRST,20110301,7.5,7.5,7.25,7.3,11700
RSOL,20110301,2.77,2.77,2.72,2.76,20800
RSTI,20110301,39.02,39.27,38.44,38.46,209900
RSYS,20110301,8.37,8.57,8.32,8.53,61500
RTEC,20110301,11.14,11.18,10.78,10.87,264700
RTIX,20110301,2.69,2.7,2.65,2.67,110000
RUE,20110301,35.13,35.46,33,33.47,169200
RUSHA,20110301,18.81,18.84,18.28,18.34,136100
RUSHB,20110301,16.13,16.18,16.13,16.16,14700
RUTH,20110301,5.03,5.03,4.88,4.91,212700
RVBD,20110301,41.62,41.7,39.43,40.38,3881200
RVSB,20110301,3,3.05,3,3.03,8700
RYAAY,20110301,28.75,28.85,28.21,28.52,375600
SAAS,20110301,3.17,3.17,3.08,3.1,38200
SAFM,20110301,41.48,42.44,41.16,41.36,556100
SAFT,20110301,48.42,48.5,47.56,47.9,64800
SAIA,20110301,15,15.12,14.84,14.94,50800
SALM,20110301,4.22,4.38,4.09,4.32,9700
SANM,20110301,15.61,15.65,14.87,15.01,1109800
SANW,20110301,4.16,4.38,4.16,4.32,16600
SANWW,20110301,0.45,0.45,0.45,0.45,0
SANWZ,20110301,0.17,0.17,0.17,0.17,0
SAPE,20110301,11.85,11.89,11.45,11.45,779700
SASR,20110301,19.1,19.6,18.56,18.77,74400
SATS,20110301,34.56,35.3,34.43,34.81,282200
SBAC,20110301,42.27,42.27,41.69,41.73,1055500
SBBX,20110301,5.7,5.7,5.6,5.65,10000
SBCF,20110301,1.68,1.68,1.63,1.67,66900
SBGI,20110301,13,13,12.12,12.21,1271500
SBLK,20110301,38.85,39.75,38.85,38.85,146700
SBNY,20110301,52.06,52.06,51.3,51.58,190000
SBNYW,20110301,29.72,29.72,29.72,29.72,0
SBRA,20110301,18.5,18.57,18.18,18.25,262500
SBSA,20110301,0.94,0.94,0.92,0.93,23700
SBSI,20110301,22.71,22.72,22.2,22.32,27100
SBUX,20110301,33.23,33.37,32.24,32.39,10235400
SCBT,20110301,32.34,32.34,31.75,32.01,20200
SCHL,20110301,31.42,31.49,30.49,30.62,309400
SCHN,20110301,64.41,64.56,61.34,61.55,206200
SCLN,20110301,4.44,4.46,4.23,4.23,194400
SCMP,20110301,4.28,4.29,4.17,4.21,613300
SCOK,20110301,10.5,10.7,10.28,10.34,132800
SCON,20110301,36.12,36.24,33.6,36,681500
SCOR,20110301,27.5,27.71,26.86,27.09,159500
SCSC,20110301,36.78,36.83,35.63,35.96,237500
SCSS,20110301,11.17,11.23,10.63,10.74,986300
SCVL,20110301,17.3533,17.4,16.7133,16.9533,45100
SDBT,20110301,2.66,2.69,2.44,2.45,6900
SDIX,20110301,2.18,2.22,2.15,2.18,26200
SEAC,20110301,9.45,9.45,9.1,9.2,202500
SEED,20110301,8.92,9.05,8.85,8.85,108900
SEIC,20110301,23.06,23.1,22.5,22.5,1086400
SENEA,20110301,27.75,28.12,27.1,27.29,36600
SENEB,20110301,27.64,27.64,27.64,27.64,400
SFLY,20110301,42.7,43.19,40.58,40.9,399300
SFNC,20110301,28.72,28.72,28.19,28.38,27800
SFST,20110301,8.59,8.59,8.59,8.59,0
SGC,20110301,11.46,11.46,11,11.15,4000
SGEN,20110301,14.66,14.97,14.51,14.74,1360000
SGI,20110301,15.54,15.86,15.06,15.18,574200
SGMA,20110301,8.33,8.68,8.01,8.07,8600
SGMO,20110301,8.4,8.4,7.95,8.1,764900
SGMS,20110301,8.96,9.05,8.86,9.01,916000
SGOC,20110301,4.6,4.6,4.6,4.6,0
SGRP,20110301,1,1,1,1,0
SHBI,20110301,9.99,9.99,9.61,9.7,11100
SHEN,20110301,17.53,17.58,16.61,16.74,33700
SHFL,20110301,9.43,9.62,9.1,9.26,732300
SHIP,20110301,0.79,0.79,0.76,0.77,272600
SHLD,20110301,82.95,85.02,82.26,83,913300
SHLM,20110301,22.24,22.35,21.85,21.88,116200
SHLO,20110301,11.94,12.15,11.66,11.83,8300
SHOO,20110301,28.78,28.9333,27.5667,27.72,447000
SHOR,20110301,6.83,6.87,6.5,6.5,336300
SIAL,20110301,63.95,64.26,62.29,62.3,711000
SIEB,20110301,1.94,1.94,1.94,1.94,500
SIFI,20110301,9.42,9.46,9.35,9.46,20600
SIFY,20110301,2.68,2.85,2.68,2.71,714500
SIGA,20110301,13.5,13.69,13.21,13.59,361700
SIGI,20110301,18.29,18.36,17.74,17.76,208300
SIGM,20110301,13.78,13.78,13.23,13.27,471100
SILC,20110301,18.04,18.2,17.36,17.5,94400
SIMG,20110301,8.1,8.44,7.96,7.97,2518400
SIMO,20110301,9.18,9.2,8.7,8.76,375500
SINA,20110301,83.17,84.79,80.72,82,4567200
SINO,20110301,2.15,2.27,2.15,2.27,1200
SIRI,20110301,1.83,1.83,1.74,1.75,49654900
SIRO,20110301,50.57,51.15,50.26,50.49,341300
SIVB,20110301,53.68,54,52.89,53.24,623100
SIVBO,20110301,24.75,24.75,24.75,24.75,0
SKBI,20110301,7.95,7.95,7.7,7.77,47800
SKYW,20110301,16.5,16.87,16.01,16.05,397900
SLAB,20110301,45.48,45.58,43.81,44,301300
SLGN,20110301,36.54,36.9,35.94,36.22,247700
SLMAP,20110301,42.87,43.05,42.71,42.83,5600
SLP,20110301,3.2,3.25,3.2,3.23,6800
SLRC,20110301,24.5,24.65,24.15,24.2,144400
SLTC,20110301,6.05,6.09,6,6.09,4800
SLTM,20110301,3.14,3.15,3.02,3.06,263100
SLXP,20110301,32.91,33.7,32.42,33.27,2146200
SMBC,20110301,21.97,22,21.97,21.99,1000
SMCI,20110301,15.1,15.3,14.93,15.03,187700
SMED,20110301,5.65,5.79,5.62,5.75,129100
SMIT,20110301,3.45,3.55,3.45,3.55,1200
SMMF,20110301,4.19,4.25,4.19,4.25,700
SMRT,20110301,8.19,8.27,8,8.06,136600
SMSI,20110301,9.21,9.4,8.62,8.73,1130800
SMT,20110301,9.11,9.29,8.99,9.15,587400
SMTC,20110301,23.78,23.97,23.26,23.33,508600
SMTX,20110301,3.68,3.73,3.63,3.64,149800
SNAK,20110301,4.25,4.28,4.02,4.05,120200
SNBC,20110301,4.39,4.5,4.31,4.32,23200
SNCR,20110301,34.32,34.69,33.47,33.5,253100
SNDK,20110301,49.47,49.5,47.55,47.77,8298000
SNFCA,20110301,1.75,1.75,1.75,1.75,8200
SNHY,20110301,24.1467,24.1533,23.4467,23.5267,73900
SNMX,20110301,7.2,7.2,6.4,6.55,293000
SNPS,20110301,27.71,27.86,27.29,27.32,1847600
SNTA,20110301,5.59,5.59,5.1,5.26,314700
SNTS,20110301,3.19,3.19,3.08,3.17,277500
SOCB,20110301,3.21,3.21,3.21,3.21,100
SODA,20110301,45.95,46.88,39.42,39.68,2514400
SOFO,20110301,14.77,14.84,14.5,14.6,4900
SOHU,20110301,81.51,82.43,80.61,81.29,573500
SOMH,20110301,9.05,9.05,9.05,9.05,0
SONA,20110301,7.31,7.31,7.31,7.31,100
SONC,20110301,8.92,8.99,8.69,8.75,651000
SONS,20110301,3.79,4.16,3.66,4.04,34508000
SORL,20110301,7.11,7.18,6.95,7.03,48700
SOXX,20110301,62.18,62.31,60.8,60.87,281500
SPAN,20110301,14.83,14.83,14.83,14.83,0
SPAR,20110301,6.32,6.39,6.22,6.27,97600
SPBC,20110301,10.68,11.69,10.65,11.25,63700
SPCHA,20110301,2.13,2.16,2.12,2.16,300
SPCHB,20110301,2.32,2.32,2.32,2.32,100
SPEX,20110301,10,10,9.6,9.6,62200
SPIL,20110301,6.78,6.83,6.73,6.77,2381100
SPIR,20110301,5.25,5.39,5.21,5.34,6700
SPLS,20110301,21.42,21.42,20.71,20.86,13394800
SPMD,20110301,8.44,8.75,7.78,7.82,336700
SPNC,20110301,4.8,4.87,4.66,4.68,126800
SPNS,20110301,4.12,4.12,3.98,4.03,21100
SPPI,20110301,6.81,6.86,6.62,6.78,761600
SPPR,20110301,1.82,1.82,1.75,1.75,7100
SPPRO,20110301,28.5,28.5,28.49,28.49,300
SPPRP,20110301,9.5,10,9.5,10,2600
SPRD,20110301,19.97,20.23,19.6,19.92,1512800
SPRO,20110301,2.39,2.39,2.35,2.35,500
SPRT,20110301,5.63,5.63,5.37,5.37,248500
SPSC,20110301,15.65,15.65,14,14.5,71300
SPTN,20110301,15.1,15.13,14.49,14.68,452000
SPU,20110301,5.03,5.05,4.8,4.86,140700
SQI,20110301,14.49,14.79,14,14,70500
SQNM,20110301,6.16,6.16,5.9,5.92,3033300
SQQQ,20110301,100.8,107.88,100.8,107.08,2055300
SRCE,20110301,19.6,19.6,19.07,19.17,12500
SRCL,20110301,86.74,87.46,83.65,83.88,568000
SRDX,20110301,13.11,13.22,12.98,13.08,56900
SSBI,20110301,6.81,6.9,6.8,6.84,12100
SSFN,20110301,6.02,6.13,6.01,6.08,400
SSNC,20110301,19.65,19.65,19.46,19.5,146800
SSRI,20110301,27.43,28.22,27.38,28.17,1621200
SSRX,20110301,15.4,15.4,15.15,15.18,86700
SSYS,20110301,45.61,46.45,44.51,44.71,232200
STAA,20110301,6,6,5.73,5.75,134200
STAN,20110301,18.27,18.27,17.67,17.71,21000
STBA,20110301,22.32,22.55,21.78,21.87,72600
STEC,20110301,21.15,21.2,19.91,19.93,1889600
STEI,20110301,7.69,7.71,7.54,7.59,1101100
STEL,20110301,14.74,14.87,14.34,14.42,49700
STEM,20110301,0.94,0.95,0.9,0.93,705900
STFC,20110301,17.01,17.09,16.69,16.81,28100
STKL,20110301,6.92,6.99,6.88,6.94,266100
STLD,20110301,18.57,18.64,17.76,17.82,3582700
STLY,20110301,5.49,5.53,5.32,5.51,36100
STMP,20110301,13.47,13.69,13.03,13.14,94100
STND,20110301,14.57,14.86,14.57,14.62,5200
STNR,20110301,46.91,47.24,45.09,45.42,53400
STRA,20110301,137.07,140.17,136.14,136.59,260700
STRL,20110301,13.35,13.35,12.63,12.67,26600
STRM,20110301,1.84,1.89,1.77,1.83,28500
STRN,20110301,7.91,7.92,7.5,7.85,5400
STRS,20110301,12.49,12.49,12.22,12.22,1300
STRT,20110301,33.85,33.85,33.75,33.75,200
STSA,20110301,17,17.07,16.92,17,50800
STX,20110301,12.62,12.65,12.26,12.29,14247800
STXS,20110301,36.4,38.5,36.4,37.9,515400
SUBK,20110301,20.6,20.8,20.55,20.63,34100
SUMR,20110301,7.33,7.33,7.02,7.05,35400
SUNS,20110301,19.58,19.58,19.35,19.36,227700
SUPX,20110301,22.92,23.03,22.39,22.55,38500
SURG,20110301,5.03,5.08,5.03,5.07,79900
SUSQ,20110301,9.55,9.65,9.4,9.4,778000
SUTR,20110301,1.83,1.83,1.79,1.8,75400
SVA,20110301,4.54,4.54,4.43,4.45,120900
SVBI,20110301,4.85,4.86,4.85,4.85,2000
SVNT,20110301,9.64,9.72,9.43,9.68,2018700
SWHC,20110301,3.98,4,3.84,3.88,700900
SWIR,20110301,10.57,10.63,10.17,10.26,251000
SWKS,20110301,36.13,36.46,34.43,34.75,3667000
SWSH,20110301,6.2,6.2,5.89,5.89,348000
SYBT,20110301,24.53,24.53,24.03,24.17,16700
SYBTP,20110301,11.46,11.46,11.46,11.46,0
SYKE,20110301,18.6,19.31,18.41,18.48,1105700
SYMC,20110301,18.1,18.12,17.4,17.42,9692800
SYMM,20110301,5.7,5.88,5.67,5.7,172600
SYMX,20110301,1.04,1.09,1.04,1.04,23200
SYNA,20110301,29.59,30.21,29.14,29.16,458300
SYNL,20110301,14.39,14.4,14.09,14.2,3100
SYNM,20110301,16.2,16.2,15.7,15.7,214300
SYNT,20110301,52.72,52.95,50.86,50.97,268600
SYPR,20110301,4.15,4.24,4,4.24,3800
SYUT,20110301,12.49,12.49,11.43,11.51,66500
TACT,20110301,9.88,10.17,9.39,9.77,13900
TAIT,20110301,1.42,1.61,1.35,1.61,17500
TASR,20110301,3.78,3.8,3.68,3.69,479400
TAST,20110301,7.91,8.11,7.74,7.86,138100
TATT,20110301,5.55,5.56,5.55,5.56,900
TAXI,20110301,8.1,8.19,7.98,8.03,27500
TAYC,20110301,10.53,10.66,10.48,10.6,33800
TAYCP,20110301,24.86,25.1,24.86,24.91,2800
TAYD,20110301,4.96,4.96,4.92,4.94,500
TBAC,20110301,3.02,3.19,2.9,2.95,4000
TBBK,20110301,8.5,8.55,8.35,8.41,105400
TBNK,20110301,19.77,19.77,19.43,19.48,16900
TBOW,20110301,4.68,4.68,4.68,4.68,100
TCBI,20110301,25.27,25.52,25.07,25.28,328100
TCBK,20110301,16.07,16.17,15.79,15.85,18400
TCCO,20110301,10.4,10.59,10.29,10.31,5500
TCRD,20110301,13.5,13.5,13.2,13.31,19700
TEAR,20110301,2.15,2.18,2.12,2.18,5400
TECD,20110301,52.96,53,50.44,50.87,1154100
TECH,20110301,72.11,72.5,70.43,70.88,155400
TECUA,20110301,12.15,12.15,11.41,11.63,65200
TECUB,20110301,11.72,11.72,11.72,11.72,0
TELK,20110301,31.2,31.8,30,30.9,156900
TESO,20110301,18.41,18.72,18.08,18.56,449900
TESS,20110301,12.12,12.16,11.7,11.89,20000
TFCO,20110301,3.45,3.45,3.45,3.45,400
TFM,20110301,41.2,41.2,40,40.04,132400
TFSL,20110301,10.41,10.6,10.29,10.53,644700
TGA,20110301,14.59,14.72,14,14.32,292300
TGE,20110301,6.7,6.89,6.45,6.66,97100
THFF,20110301,32.39,32.5,32.02,32.22,24000
THLD,20110301,2.36,2.38,2.2,2.21,299800
THOR,20110301,27.9,27.96,27.1,27.3,811500
THRD,20110301,20.51,20.51,20.51,20.51,0
THRX,20110301,22.74,22.89,22.13,22.6,807300
THTI,20110301,3.62,3.62,3.6,3.6,2600
TIBX,20110301,24.74,24.79,23.66,24.09,2398300
TICC,20110301,12.61,12.63,12.03,12.22,353900
TIGR,20110301,4.67,4.75,4.66,4.68,3700
TINY,20110301,5.85,6,5.7,5.71,107000
TISA,20110301,1.14,1.2,1.14,1.19,7000
TITN,20110301,25.89,25.89,25.47,25.67,200200
TIVO,20110301,10.06,10.25,9.78,9.82,3870400
TKMR,20110301,4.95,5.04,4.92,4.92,7100
TLAB,20110301,5.4,5.44,5.24,5.25,8323600
TLF,20110301,5,5.1,5,5.07,5700
TMNG,20110301,2.49,2.49,2.47,2.47,400
TNAV,20110301,11.18,11.36,10.68,10.82,458300
TOFC,20110301,8.2,8.2,8.2,8.2,0
TOPS,20110301,0.92,0.94,0.92,0.92,60300
TORM,20110301,13.73,14,12.96,13.41,47400
TOWN,20110301,14.9,14.96,14.5,14.54,40900
TPGI,20110301,3.39,3.46,3.28,3.31,121800
TQNT,20110301,14.21,14.39,13.92,13.99,5064300
TQQQ,20110301,44.165,44.165,41.125,41.485,641800
TRAK,20110301,20.26,20.26,19.37,19.41,287200
TREE,20110301,6.79,6.8,6.68,6.68,13200
TRGT,20110301,28.74,30.47,28.52,29.7,512300
TRIB,20110301,8.95,8.99,8.79,8.95,40900
TRIT,20110301,12.76,12.92,12.55,12.79,45200
TRLG,20110301,23.76,23.78,23.02,23.3,520500
TRMB,20110301,24.62,24.805,24.17,24.29,576300
TRMD,20110301,67.5,68.5,66.6,66.6,12600
TRMK,20110301,23.43,23.43,22.76,22.83,579700
TRNS,20110301,8.44,8.47,8.3,8.47,900
TRNX,20110301,18.31,18.58,18.28,18.39,50500
TROW,20110301,67.17,67.34,65.14,65.35,1818900
TRS,20110301,20.05,20.28,19.45,19.86,624100
TRST,20110301,6.02,6.1,5.94,5.97,706700
TSBK,20110301,5.81,5.92,5.58,5.6,1000
TSCO,20110301,52.11,52.28,50.35,50.61,553800
TSEM,20110301,19.8,19.95,19.35,19.5,1950700
TSLA,20110301,24.05,24.32,23.7,23.94,1106300
TSON,20110301,3.45,3.45,3.25,3.28,46200
TSPT,20110301,8.94,8.94,8.65,8.74,13800
TSRA,20110301,17.44,17.59,16.9,16.96,1218300
TSRI,20110301,4.9,4.9,4.8,4.87,23800
TSRX,20110301,6.75,7.34,6.7,7.34,160500
TST,20110301,3.36,3.36,3.23,3.3,77200
TSTC,20110301,8.79,8.79,8.26,8.39,175200
TSYS,20110301,4.27,4.29,4.17,4.19,372500
TTEC,20110301,22.65,22.85,21.62,21.7,404100
TTEK,20110301,23.74,23.74,22.73,22.81,250300
TTGT,20110301,8.5,8.6,8.05,8.25,147700
TTHI,20110301,5.16,5.49,4.98,5.23,299900
TTMI,20110301,17.65,17.74,16.89,17,597400
TTWO,20110301,16.17,16.24,15.63,15.91,1634600
TUES,20110301,4.69,4.69,4.53,4.54,208400
TWER,20110301,4.39,4.39,4.23,4.28,123700
TWGP,20110301,25.05,25.53,22.75,23.76,2359100
TWIN,20110301,32.64,32.81,30.49,31.14,154300
TWMC,20110301,1.68,1.74,1.68,1.73,42600
TWTC,20110301,18.61,18.62,18.01,18.02,815500
TXCC,20110301,2.67,2.68,2.62,2.64,44200
TXN,20110301,35.81,35.88,34.94,35,11102400
TXRH,20110301,16.92,17.03,16.73,16.73,1643700
TYPE,20110301,13.35,13.35,12.8,12.9,321400
TZOO,20110301,39.58,39.96,38.73,39.4,303300
UACL,20110301,16.09,16.22,15.83,15.9,8000
UBCP,20110301,9.01,9.1,9.01,9.1,5000
UBFO,20110301,3.14,3.26,3.14,3.21,13400
UBNK,20110301,15.58,15.81,15.58,15.71,29600
UBOH,20110301,9.34,9.66,9.21,9.66,8600
UBSH,20110301,11.54,11.54,11.09,11.11,29700
UBSI,20110301,28.73,28.77,28.28,28.3,201800
UCBA,20110301,7.5,7.5,7.5,7.5,0
UCBI,20110301,1.37,1.39,1.31,1.32,959300
UCFC,20110301,1.47,1.47,1.43,1.43,13400
UCTT,20110301,10.57,10.57,10.16,10.23,215100
UEIC,20110301,27.46,27.49,26.75,27.03,149700
UEPS,20110301,10.2,10.31,10.07,10.2,291600
UFCS,20110301,20.69,20.85,20.12,20.28,66600
UFPI,20110301,34,34.78,33.77,34.58,301300
UFPT,20110301,18.19,18.47,16.71,17.11,146900
UG,20110301,15.19,15.19,15.06,15.09,800
UHAL,20110301,96.69,96.69,90.46,92.29,87000
ULBI,20110301,5.24,5.52,5.24,5.42,102900
ULGX,20110301,0.6,0.65,0.6,0.61,41100
ULTA,20110301,41.4,41.86,40.55,41.05,581800
ULTI,20110301,53.49,53.78,52.01,52.45,133800
ULTR,20110301,5.57,5.6,5.26,5.26,16900
UMBF,20110301,40.06,40.18,39.26,39.4,99300
UMPQ,20110301,11.44,11.48,11.16,11.2,648200
UNAM,20110301,9.5,9.5,9.5,9.5,0
UNB,20110301,19,19,19,19,0
UNFI,20110301,42.48,42.67,41.61,41.79,214900
UNIS,20110301,4.77,4.83,4.56,4.59,94100
UNTD,20110301,6.06,6.09,5.89,5.91,988200
UNTK,20110301,9.94,9.94,9.59,9.77,33300
UNTY,20110301,7,7,6.7,6.7,2900
UNXL,20110301,6.6,6.6,6.6,6.6,2000
UPI,20110301,5.1,5.2,4.97,5.12,174200
URBN,20110301,38.5,39.2,37.65,38,3259700
URRE,20110301,28.1,28.5,27.7,28.2,1567500
USAK,20110301,12.81,12.92,12.7,12.81,10800
USAP,20110301,34.62,34.62,33.05,33.12,31400
USAT,20110301,1.86,1.88,1.76,1.76,234000
USATP,20110301,18.5,18.5,18.5,18.5,0
USATZ,20110301,0.97,0.97,0.97,0.97,0
USBI,20110301,8.2,8.2,7.75,8,4900
USCR,20110301,9.8,10.76,9.8,10.57,23100
USEG,20110301,6.43,6.64,6.4,6.55,519300
USLM,20110301,40.22,40.22,39.4,39.48,1700
USMO,20110301,15,15,14.4,14.46,303700
USTR,20110301,33.985,34.39,32.925,33.155,170000
UTEK,20110301,24.75,24.75,23.81,24.01,276500
UTHR,20110301,67.18,67.54,66.63,67.01,452900
UTIW,20110301,19.92,20.04,19.51,19.75,565400
UTMD,20110301,27.25,27.25,26.68,26.68,1600
UTSI,20110301,6.18,6.21,6,6.18,951300
UVSP,20110301,18.01,18.01,17.59,17.71,17200
VALU,20110301,14.13,14.37,14.13,14.25,2800
VALV,20110301,5.56,5.61,5.17,5.3,42600
VASC,20110301,11.07,11.07,10.55,10.9,44500
VBFC,20110301,2.93,2.94,2.91,2.91,2300
VCBI,20110301,5.93,6,5.82,5.83,40200
VCIT,20110301,79.29,79.41,79.05,79.41,39800
VCLK,20110301,14.94,14.99,14.21,14.61,1319300
VCLT,20110301,77.3,77.53,77.3,77.53,3500
VCSH,20110301,77.66,77.73,77.55,77.72,247200
VDSI,20110301,8.99,9.02,8.59,8.63,107800
VECO,20110301,48.41,49,45.85,46.46,1305400
VELT,20110301,13.89,14.4,13.4,13.71,486900
VGIT,20110301,60.67,60.86,60.67,60.86,5300
VGLT,20110301,59.14,59.43,59.14,59.43,1200
VGSH,20110301,60.5,60.62,60.5,60.57,7700
VIA,20110301,51.4,51.69,50.85,51.44,22400
VIAB,20110301,44.76,44.91,44.24,44.53,4160400
VIAS,20110301,23.69,23.69,22.94,23.05,12100
VICL,20110301,2.14,2.27,2.1,2.24,1426800
VICR,20110301,15.26,15.5,15,15.07,133900
VIDE,20110301,3.8,3.85,3.77,3.85,1200
VIFL,20110301,3.7,3.74,3.7,3.7,1400
VIMC,20110301,3.24,3.3,3.14,3.24,846700
VIRC,20110301,3.25,3.3,3.25,3.3,4700
VISN,20110301,87.2,87.6,85.4,86.2,125100
VIVO,20110301,21.56,22.04,21.46,21.49,317600
VLCCF,20110301,24.46,24.89,24.15,24.2,146100
VLGEA,20110301,30.04,30.5,30.04,30.29,6900
VLTR,20110301,25.28,25.28,24.23,24.32,144200
VLYWW,20110301,2.19,3.25,2.1,2.18,1100
VMBS,20110301,50.26,50.41,50.16,50.38,3100
VMED,20110301,27.14,27.33,26.16,26.38,4848600
VNDA,20110301,7.41,7.5,7.36,7.44,198500
VNQI,20110301,51.03,51.03,50.13,50.25,85200
VOCS,20110301,24.44,24.96,23.58,23.83,183700
VOD,20110301,29.07,29.1,28.35,28.43,6372300
VOLC,20110301,26.1,26.44,25.76,26.29,536700
VONE,20110301,61.17,61.17,59.92,59.94,1700
VONG,20110301,62.33,62.33,61.15,61.19,3500
VONV,20110301,59.49,59.49,59.32,59.32,500
VOXX,20110301,8.34,8.34,8.05,8.05,68100
VPFG,20110301,13.34,13.36,13.1,13.14,85700
VPHM,20110301,17.95,17.98,17.54,17.63,937500
VPRT,20110301,51.5,51.92,47.38,48.89,780400
VRA,20110301,34.48,34.48,33.72,33.94,38900
VRML,20110301,5.04,5.05,4.84,4.9,359700
VRNM,20110301,3.3,3.33,3.18,3.2,62700
VRNT,20110301,34.36,34.78,33.83,34.08,326000
VRSK,20110301,32.11,32.68,30.89,31.02,6824200
VRSN,20110301,35.48,35.73,34.92,35.05,2187000
VRTA,20110301,1.2,1.27,1.19,1.27,7200
VRTB,20110301,1.6,1.61,1.55,1.56,2200
VRTS,20110301,58.46,58.46,56,56.05,14100
VRTU,20110301,16.73,16.87,16.65,16.75,79100
VRTX,20110301,46.57,46.75,45.72,46.04,2361000
VSAT,20110301,41.39,41.74,40.2,40.56,255700
VSBN,20110301,11.77,11.77,11.77,11.77,0
VSCI,20110301,2.06,2.06,1.92,2,36200
VSCP,20110301,1.93,2.04,1.92,1.99,237400
VSEC,20110301,26.95,27.14,26.74,26.86,15800
VTHR,20110301,60.77,60.77,60.18,60.22,2100
VTNC,20110301,12.93,12.93,12.02,12.34,29900
VTUS,20110301,9.73,9.99,8.24,9.5,83700
VTWG,20110301,65.92,65.92,65.25,65.25,1200
VTWO,20110301,65.12,65.15,63.47,63.62,14000
VTWV,20110301,63.07,63.26,62.28,62.28,4200
VVTV,20110301,6.69,6.74,6.45,6.51,237400
VVUS,20110301,7.24,7.24,6.7,6.78,4418400
VXUS,20110301,51.2,51.38,50.41,50.46,25900
VYFC,20110301,5,5,4.75,4.79,1100
WABC,20110301,51.64,51.81,51.11,51.36,392200
WAFD,20110301,17.87,17.91,17.59,17.6,377000
WASH,20110301,22.96,22.96,22.42,22.53,27300
WAVX,20110301,3.95,3.96,3.58,3.58,796700
WAYN,20110301,9.34,9.34,8.57,8.83,3000
WBCO,20110301,14.1,14.1,13.97,13.99,30400
WBKC,20110301,13.7,13.7,13.6,13.6,2000
WBMD,20110301,58,58,56.5,56.81,443000
WBSN,20110301,21.38,21.44,21.13,21.22,659800
WCRX,20110301,23.82,23.82,23.29,23.35,1657400
WDC,20110301,30.7,30.74,29.4,29.44,6444100
WDFC,20110301,40.54,40.78,40.05,40.35,141700
WEBM,20110301,9.38,10.01,9.31,10.01,345400
WERN,20110301,23.73,23.82,23.15,23.21,982800
WEYS,20110301,25.36,25.36,24.76,24.94,3500
WFD,20110301,9.08,9.21,8.94,8.96,45600
WFM,20110301,58.96,58.98,56.36,56.62,2110000
WIBC,20110301,6.64,6.64,6.5,6.53,59400
WILC,20110301,7.59,7.59,7.35,7.4,11600
WIN,20110301,12.85,12.86,12.45,12.46,6248200
WINA,20110301,36.76,36.99,36.31,36.41,3800
WIRE,20110301,23.56,23.57,22.84,22.92,52700
WLDN,20110301,4.38,4.38,4.27,4.29,1400
WLFC,20110301,13.25,13.47,13.25,13.38,4700
WMAR,20110301,10.48,10.59,10.08,10.37,54000
WMGI,20110301,15.82,16,15.59,15.78,783900
WOOD,20110301,48.49,48.5,47.37,47.47,116600
WOOF,20110301,24.94,25.28,24.87,25.03,750700
WPCS,20110301,2.78,2.79,2.78,2.78,10000
WPPGY,20110301,68.03,68.25,66.74,66.83,82800
WPRT,20110301,18.47,18.75,17.91,17.99,852300
WRES,20110301,4.93,4.95,4.8,4.81,867600
WRLD,20110301,60.19,60.38,58.5,59.5,183700
WRLS,20110301,7,7.07,6.85,6.85,49300
WSB,20110301,3.46,3.46,3.19,3.34,3100
WSBC,20110301,20.8,20.98,20.61,20.7,146500
WSBF,20110301,3.04,3.04,2.86,2.87,13300
WSCI,20110301,4.82,4.86,4.79,4.79,2500
WSFS,20110301,46.81,46.81,44.89,44.89,21600
WSTG,20110301,14.52,14.83,14.52,14.6,19200
WSTL,20110301,3.3,3.36,3.23,3.33,98200
WTBA,20110301,7.62,7.62,7.21,7.26,25800
WTFC,20110301,33.6,33.6,32.95,33.09,260300
WTFCW,20110301,16,16,16,16,0
WVFC,20110301,8.73,8.73,8.71,8.72,1400
WVVI,20110301,3.29,3.29,3.26,3.28,2400
WWD,20110301,32.6,33.1,31.29,31.7,285700
WWWW,20110301,12.7,12.7,12.06,12.38,311700
WYNN,20110301,123.76,126.06,122.59,125.83,3350300
XBKS,20110301,5.03,5.03,5.03,5.03,200
XIDE,20110301,11.95,11.97,11.35,11.39,481400
XLNX,20110301,33.35,33.57,32.68,32.7,4965800
XNPT,20110301,7.25,7.3,6.96,7.14,671400
XOMA,20110301,5.37,5.44,5.12,5.18,857900
XRAY,20110301,37.37,37.4,36.72,36.76,942300
XRTX,20110301,12.78,12.81,12.38,12.4,282400
XTEX,20110301,17,17.01,16.73,16.76,113800
XTXI,20110301,10.37,10.46,9.85,9.89,525800
XWES,20110301,2.9,2.97,2.89,2.89,4100
XXIA,20110301,17.65,17.74,17.02,17.17,288300
YAVY,20110301,2.28,2.3,2.21,2.26,19300
YHOO,20110301,16.46,16.49,16.08,16.1,16702700
YORW,20110301,17.03,17.03,16.05,16.17,35800
YRCW,20110301,2.33,2.45,2.01,2.28,9277300
ZAGG,20110301,9.48,9.5,9.05,9.3,799000
ZBRA,20110301,37.16,37.37,36.48,36.65,419900
ZEUS,20110301,27,27.19,26.4,26.91,53300
ZGNX,20110301,4.25,4.25,4.11,4.24,43200
ZHNE,20110301,2.3,2.38,2.25,2.35,83700
ZIGO,20110301,14.59,14.87,14.12,14.15,24000
ZINC,20110301,16.51,16.74,16.33,16.5,314700
ZION,20110301,23.36,23.55,22.82,22.83,3542700
ZIONW,20110301,6.74,6.83,6.74,6.82,9200
ZIOP,20110301,6.13,6.2,5.85,5.93,1454900
ZIPR,20110301,2.9,2.98,2.85,2.85,13900
ZIXI,20110301,3.66,3.68,3.42,3.45,1521900
ZLCS,20110301,2.22,2.23,2.03,2.06,1771400
ZN,20110301,4.63,5.37,4.57,5.17,679800
ZOLT,20110301,14.72,14.72,13.99,14.04,249400
ZOOM,20110301,3.75,3.85,3.75,3.85,49400
ZUMZ,20110301,26.22,26.61,25.8,26.13,699100
