<ticker>,<date>,<open>,<high>,<low>,<close>,<vol>
AACC,20111208,3.45,3.45,3.3,3.38,20200
AAME,20111208,1.98,2,1.85,1.98,13200
AAON,20111208,21,21.33,20.46,20.52,68300
AAPL,20111208,391.43,395.5,390.23,390.66,13441200
AAWW,20111208,39.94,40.3,37.81,38.3,317400
AAXJ,20111208,51.55,51.82,50.61,50.83,424600
ABAX,20111208,28.16,28.16,26.84,26.88,110900
ABCB,20111208,10.18,10.18,9.96,10,57700
ABCD,20111208,2.97,3.09,2.94,2.96,31100
ABCO,20111208,36.55,36.83,35.595,35.625,86400
ABFS,20111208,18.99,19.25,18.56,18.62,391400
ABIO,20111208,8.1,8.28,7.86,7.86,33600
ABMD,20111208,20.69,20.69,19.74,19.91,167600
ABTL,20111208,3.75,3.75,3.55,3.55,19600
ACAD,20111208,1,1.08,1,1.01,50500
ACAS,20111208,7.01,7.06,6.82,6.84,3407100
ACAT,20111208,19.28,19.28,18.61,18.82,113900
ACCL,20111208,6.97,7.04,6.78,6.82,104900
ACET,20111208,6.85,6.91,6.49,6.49,67900
ACFC,20111208,2.01,2.25,2,2.2,62900
ACFN,20111208,5.52,5.52,5.43,5.46,89900
ACGL,20111208,37.18,37.36,36.88,36.94,778100
ACHC,20111208,8.48,8.48,8,8.25,24700
ACHN,20111208,7.33,7.74,6.81,6.83,962700
ACIW,20111208,28.93,29.23,28.55,28.94,290900
ACLS,20111208,1.33,1.37,1.27,1.27,359200
ACNB,20111208,13.49,13.49,13.49,13.49,1000
ACOR,20111208,22.34,23.33,22.15,22.7,521900
ACPW,20111208,3.25,3.35,3.25,3.25,423600
ACRX,20111208,2.74,2.74,2.74,2.74,0
ACTG,20111208,33.64,34.2,32.51,32.55,363900
ACTS,20111208,1.91,1.91,1.86,1.87,19900
ACUR,20111208,4.11,4.13,3.67,3.68,72500
ACWI,20111208,43,43.06,42.2,42.3,494800
ACWX,20111208,37.8,37.92,37.21,37.28,490100
ACXM,20111208,12.71,12.72,12.12,12.12,375400
ADAT,20111208,1.58,1.58,1.48,1.48,86100
ADBE,20111208,27.74,28.11,27.32,27.38,4742200
ADEP,20111208,2.45,2.46,2.35,2.45,5800
ADES,20111208,19.45,20.32,19.26,19.39,43700
ADI,20111208,35.58,35.92,34.67,34.74,4334600
ADP,20111208,51.87,52.3,51.51,51.61,2625400
ADRA,20111208,23.39,23.43,23.36,23.38,2600
ADRD,20111208,19.2,19.2,18.91,18.91,8000
ADRE,20111208,39.65,39.95,39.04,39.16,35100
ADRU,20111208,18.64,18.95,18.63,18.63,3300
ADSK,20111208,34.36,34.75,33.86,33.92,2791900
ADTN,20111208,32.28,32.28,31.22,31.28,713100
ADUS,20111208,3.67,3.86,3.5,3.51,8500
ADVS,20111208,26.11,26.33,25.5,25.52,109200
AEGN,20111208,15.79,15.79,15.15,15.26,495300
AEGR,20111208,16.46,17.02,16.44,16.75,95500
AEHR,20111208,0.62,0.62,0.55,0.55,4100
AEIS,20111208,10.17,10.4,9.8,9.81,366900
AEPI,20111208,24.63,24.89,24.07,24.17,26800
AERL,20111208,6.06,6.18,5.72,5.88,29200
AETI,20111208,4.52,4.54,4.17,4.54,16700
AEY,20111208,2.03,2.04,2.02,2.02,5000
AEZS,20111208,10.74,10.74,9.84,10.08,2456800
AFAM,20111208,14.46,14.9,14.06,14.15,72600
AFCB,20111208,12,12,12,12,0
AFCE,20111208,15.24,15.28,14.75,14.82,73900
AFFX,20111208,4.2,4.24,4.04,4.05,1056700
AFFY,20111208,7.4,8.45,7.1,7.98,21484800
AFOP,20111208,7.77,7.91,7.72,7.8,7400
AFSI,20111208,26.5,26.56,25.93,25.94,132300
AGEN,20111208,2.4,2.45,2.3,2.3,47100
AGII,20111208,29.4,29.43,29.15,29.25,107800
AGNC,20111208,28.9,28.95,28.69,28.69,4136100
AGYS,20111208,8.33,8.33,7.99,8.03,60400
AHGP,20111208,51.2,51.39,50.04,50.57,47200
AHPI,20111208,3.29,3.5,3.21,3.29,4400
AIMC,20111208,18.27,18.5,17.81,17.92,325500
AINV,20111208,7.31,7.31,6.95,6.95,3578500
AIRM,20111208,27.1833,27.1833,26.36,26.4867,55400
AIRT,20111208,8.51,8.52,8.2,8.21,3100
AIXG,20111208,12.14,12.2,11.65,11.78,421000
AKAM,20111208,27.87,28.07,27.2,27.3,3532000
AKRX,20111208,10.71,10.86,10.31,10.38,1334500
ALCO,20111208,18.1,18.13,17.85,17.87,12500
ALGN,20111208,24.91,25.1,24.41,24.45,694700
ALGT,20111208,52.37,52.37,51.15,51.33,181600
ALIM,20111208,1.27,1.38,1.24,1.29,619600
ALKS,20111208,15.62,15.77,15.04,15.06,735200
ALLB,20111208,10.08,10.08,10.08,10.08,0
ALLT,20111208,17.58,18,17.17,17.93,467500
ALNY,20111208,7.06,7.19,6.82,6.87,221100
ALOG,20111208,55.95,55.95,54.8,54.91,62000
ALOT,20111208,7.83,7.87,7.35,7.35,3100
ALSK,20111208,5.08,5.1,4.88,4.88,1127800
ALTE,20111208,22.65,22.72,22.28,22.33,724600
ALTI,20111208,0.88,0.94,0.88,0.9,31600
ALTR,20111208,36.02,36.5,35.29,35.48,4591200
ALVR,20111208,9.1,10.2,8.8,9.8,293900
ALXA,20111208,6.7,7.2,5.1,5.2,7136000
ALXN,20111208,64.32,65.09,63.81,64.18,837400
AMAG,20111208,19.31,19.37,18.67,18.87,157500
AMAP,20111208,10.95,11.09,10.8,10.92,38500
AMAT,20111208,11.2,11.29,10.9,10.91,14243700
AMBT,20111208,6.25,6.4,6.25,6.4,200
AMCC,20111208,7.17,7.34,6.93,7,860000
AMCF,20111208,3.54,3.55,3.52,3.53,2000
AMCN,20111208,3.48,3.65,3.43,3.53,69300
AMCX,20111208,36,36.23,35.66,35.7,284800
AMED,20111208,11.48,11.74,10.46,10.48,494500
AMGN,20111208,58.63,59.43,56,58.4,41563600
AMIC,20111208,3.98,4,3.98,3.98,200
AMKR,20111208,4.66,4.74,4.55,4.55,1276400
AMNB,20111208,18.44,18.44,18.16,18.4,4700
AMOT,20111208,6,6,5.79,5.91,11400
AMOV,20111208,23.21,23.22,22.7,22.7,4100
AMPE,20111208,7.2,7.45,7.1,7.14,61700
AMRB,20111208,4.71,4.75,4.71,4.73,1400
AMRI,20111208,2.36,2.36,2.22,2.22,273400
AMRN,20111208,7.45,7.47,6.91,6.92,3031100
AMRS,20111208,10.82,10.99,10.63,10.84,227800
AMSC,20111208,4.12,4.13,3.93,3.95,736800
AMSF,20111208,23.63,23.63,22.86,22.9,49200
AMSG,20111208,25.97,26,25.58,25.58,148900
AMSWA,20111208,8.79,9.05,8.64,8.71,121100
AMWD,20111208,12.15,12.37,11.53,11.56,15100
AMZN,20111208,193.57,195.89,190.08,190.48,4361500
ANAC,20111208,5.59,5.64,5.2,5.22,21500
ANAD,20111208,2.32,2.32,2.21,2.21,358600
ANAT,20111208,71.55,71.8,69.7,70.48,13200
ANCB,20111208,6.26,6.6,6.26,6.52,800
ANCI,20111208,1.17,1.2,1.17,1.17,17900
ANCX,20111208,8.65,8.78,8.22,8.48,14900
ANDE,20111208,42.27,42.84,42.22,42.28,100000
ANEN,20111208,16.88,17.07,16.8,16.93,137100
ANGI,20111208,15.75,16.15,15.22,16.15,227600
ANGO,20111208,14.81,14.85,14.38,14.39,77000
ANIK,20111208,8.32,8.36,8.3,8.3,27900
ANLY,20111208,5.18,5.5,5.17,5.23,21400
ANSS,20111208,60.7,61.24,60.05,60.21,227100
ANTH,20111208,6.88,6.99,6.49,6.5,92800
ANTP,20111208,1.91,1.99,1.91,1.91,5200
AOSL,20111208,8.45,8.53,8.21,8.22,45400
APAGF,20111208,81.69,81.69,79.73,80.22,14000
APEI,20111208,37.95,38.26,37.13,37.14,124100
APFC,20111208,7.75,7.9,7.64,7.75,4500
APOG,20111208,11.11,11.17,10.62,10.67,111000
APOL,20111208,49.41,50.12,48.97,49.09,1405400
APPY,20111208,10.62,11.4,10.02,10.74,6000
APRI,20111208,5.4,5.4,5.21,5.28,271000
APSA,20111208,12.94,13.71,12.94,13.56,3600
APWC,20111208,2.9,2.9,2.9,2.9,0
ARAY,20111208,4.06,4.1,3.91,3.91,522500
ARCC,20111208,15.84,15.87,15.39,15.41,1509600
ARCI,20111208,5.14,5.14,5.04,5.11,1800
ARCP,20111208,10.25,10.25,10.1,10.1,31200
ARCW,20111208,3.11,3.11,3.11,3.11,100
ARDNA,20111208,90.14,91.06,90.14,90.14,900
AREX,20111208,30.17,30.62,29.06,29.7,381600
ARIA,20111208,11.29,11.49,11.08,11.15,2364700
ARII,20111208,23.74,24.02,22.89,22.9,41200
ARKR,20111208,13.17,13.17,13.11,13.12,2500
ARLP,20111208,72.77,73.13,71.96,72.07,44800
ARMH,20111208,27.14,27.31,26.53,26.57,2678200
ARNA,20111208,1.91,1.92,1.85,1.86,1626100
AROW,20111208,23.1,23.19,22.5,22.51,22100
ARQL,20111208,5.74,5.8,5.45,5.46,185800
ARRS,20111208,10.31,10.38,10,10,748400
ARRY,20111208,2.29,2.31,2.11,2.2,314700
ARTC,20111208,29.73,29.87,28.1,28.82,284000
ARTNA,20111208,18.43,18.6,18.18,18.21,19700
ARTW,20111208,5.71,5.71,5.71,5.71,700
ARTX,20111208,1.21,1.23,1.19,1.19,5200
ARUN,20111208,21.06,21.24,20.29,20.45,1686900
ASBB,20111208,11.6,11.65,11.6,11.61,800
ASBC,20111208,10.65,10.65,10.34,10.39,2064000
ASBCW,20111208,1,1,1,1,0
ASBI,20111208,3.75,3.94,3.75,3.92,3000
ASCA,20111208,17.83,18.03,17.71,17.8,292300
ASCMA,20111208,49.68,49.68,46.52,46.69,40100
ASEI,20111208,70.8,71.76,69.12,69.17,47000
ASFI,20111208,7.82,7.91,7.78,7.81,12500
ASIA,20111208,8.83,8.98,8.61,8.67,645900
ASMI,20111208,28.26,28.27,26.92,26.97,78400
ASML,20111208,41.45,41.85,40.95,41.07,5457000
ASNA,20111208,14.4,14.465,14.055,14.135,829100
ASPS,20111208,49.68,50.43,49.52,50.21,251600
ASRV,20111208,1.91,1.99,1.9,1.91,6600
ASRVP,20111208,25.5,25.5,25.5,25.5,0
ASTC,20111208,0.62,0.7,0.62,0.65,19200
ASTE,20111208,33.74,33.98,32.64,32.75,125000
ASTI,20111208,0.66,0.66,0.64,0.64,48600
ASTM,20111208,2.1,2.14,2.08,2.08,161800
ASTX,20111208,1.69,1.71,1.61,1.63,257300
ASUR,20111208,2.92,3.06,2.8,2.8933,11000
ASYS,20111208,8.58,8.58,8.03,8.1,109300
ATAI,20111208,9.62,9.67,9.4,9.4,7700
ATAX,20111208,5.17,5.21,5.07,5.09,49100
ATEA,20111208,2.71,3.49,2.71,3.31,2000
ATEC,20111208,1.71,1.72,1.62,1.62,349200
ATHN,20111208,60.11,60.41,58.43,58.49,305400
ATHX,20111208,2.12,2.28,1.97,2.06,245900
ATLO,20111208,17.27,17.27,16.74,16.74,11500
ATMI,20111208,20.36,20.48,19.84,19.87,97700
ATML,20111208,8.91,9.07,8.7,8.77,11460400
ATNI,20111208,41.49,41.49,39.29,39.49,45200
ATNY,20111208,3.45,3.45,3.37,3.39,8900
ATRC,20111208,10.38,10.55,10.09,10.24,59500
ATRI,20111208,233.5,234.9,232,234.55,3000
ATRM,20111208,0.67,0.7,0.65,0.65,13700
ATRO,20111208,35.04,35.82,34.04,34.16,26600
ATSG,20111208,5.05,5.18,5.04,5.07,356700
ATVI,20111208,12.18,12.28,11.92,11.93,10323000
ATX,20111208,10.85,10.85,10.56,10.6,16400
AUBN,20111208,19.1,19.48,19.1,19.4,2200
AUDC,20111208,3.66,3.69,3.59,3.67,43400
AUXL,20111208,17.75,19,17.75,17.86,1575300
AVAV,20111208,31.21,31.45,31.1,31.11,173800
AVEO,20111208,17.23,17.27,16.85,16.88,194800
AVGO,20111208,31.18,31.64,30.59,30.68,2939600
AVID,20111208,7.61,7.76,7.37,7.39,94000
AVNR,20111208,2.53,2.58,2.28,2.29,2583400
AVNW,20111208,1.81,1.81,1.71,1.72,323500
AWAY,20111208,25.84,26.47,25.59,25.74,228800
AWRE,20111208,2.99,3.1,2.95,2.97,24900
AXAS,20111208,3.6,3.71,3.3,3.33,1294200
AXFN,20111208,18.97,18.97,18.97,18.97,0
AXTI,20111208,4,4.04,3.9,3.9,267300
AZPN,20111208,18.02,18.33,17.96,18.02,848900
BABY,20111208,8.19,8.3,8.15,8.23,204300
BAGL,20111208,13.74,13.91,13.59,13.62,38000
BAMM,20111208,2.48,2.5,2.35,2.37,15900
BANC,20111208,11.89,11.89,11.15,11.4,20800
BANF,20111208,36.75,37.18,35.82,36.05,15100
BANFP,20111208,26.04,26.04,26.04,26.04,0
BANR,20111208,16.51,16.7,16.3,16.39,101700
BASI,20111208,1.46,1.5,1.46,1.46,1700
BBBY,20111208,62.37,62.72,61.88,61.97,2460100
BBCN,20111208,9.27,9.27,8.91,8.94,479700
BBEP,20111208,17.41,17.5,17.22,17.26,1766200
BBGI,20111208,3.52,3.52,3.52,3.52,0
BBNK,20111208,9.8,9.97,9.52,9.57,9400
BBOX,20111208,27.34,28.3,27.34,27.91,104200
BBRG,20111208,16.33,16.38,16.19,16.24,91000
BBRY,20111208,16.5,16.9,16.27,16.33,11884800
BBSI,20111208,18.82,19.14,18.74,18.8,30300
BCBP,20111208,9.83,10.09,9.81,10.04,7600
BCOM,20111208,15.95,15.95,15.95,15.95,200
BCPC,20111208,41.82,42.05,41.04,41.13,131700
BCRX,20111208,2.81,2.85,2.7,2.71,78500
BCSB,20111208,11.13,11.13,11.13,11.13,0
BDE,20111208,7.66,7.66,7.4,7.41,52600
BDGE,20111208,19.48,19.48,18.66,18.74,20200
BDMS,20111208,16.51,16.51,16.51,16.51,0
BDSI,20111208,1.05,1.08,1.03,1.05,228700
BEAT,20111208,2.2,2.3,2.06,2.23,194000
BEAV,20111208,38.01,38.39,37.35,37.49,636400
BEBE,20111208,7.64,7.71,7.6,7.65,550100
BECN,20111208,19.07,19.19,18.58,18.63,309200
BELFA,20111208,21.55,21.55,20.14,20.15,1000
BELFB,20111208,19.19,19.5,18.05,18.12,49700
BERK,20111208,7.2,7.32,7.1,7.25,3000
BFIN,20111208,5.43,5.54,5.34,5.34,57200
BFLY,20111208,2.11,2.29,2.11,2.29,1400
BGCP,20111208,6.14,6.18,5.97,5.99,678700
BGFV,20111208,9.74,9.78,8.98,9.02,67100
BGMD,20111208,3.96,3.97,3.6,3.64,17100
BIB,20111208,32.335,32.56,31.675,31.675,2200
BICK,20111208,24.45,24.49,24.01,24.01,7700
BIDU,20111208,128.37,130.38,126.37,126.63,3919000
BIIB,20111208,111.32,111.9,109.52,109.71,855700
BIOD,20111208,2.68,2.68,2.48,2.6,64300
BIOF,20111208,13.6,15,13,13.2,1232300
BIOS,20111208,5.94,5.97,5.61,5.61,192300
BIRT,20111208,6.13,6.14,5.95,5.96,142800
BIS,20111208,35.41,35.81,35.41,35.81,400
BJRI,20111208,47.71,48.33,47.08,47.43,298300
BKCC,20111208,8.9,8.9,8.61,8.68,433400
BKEP,20111208,6.29,6.3,6.15,6.23,24300
BKEPP,20111208,8.2,8.27,7.95,8.27,4500
BKMU,20111208,3.46,3.49,3.22,3.23,72000
BKOR,20111208,3,3,2.7,2.7,2700
BKSC,20111208,9.44,9.83,9,9.83,4400
BKYF,20111208,20.53,20.94,20.16,20.26,9900
BLDP,20111208,1.22,1.23,1.21,1.22,71100
BLDR,20111208,1.91,1.94,1.84,1.84,207700
BLIN,20111208,0.65,0.65,0.6,0.65,4600
BLKB,20111208,29.4,29.55,28.8,28.81,163900
BLMT,20111208,10.1,10.24,10.1,10.16,41300
BLRX,20111208,3.18,3.18,3.18,3.18,0
BMC,20111208,34.64,34.92,34.12,34.2,1237500
BMRC,20111208,35.89,36.48,35.02,35.02,15300
BMRN,20111208,33.31,33.49,32.79,33.18,2022700
BMTC,20111208,18.86,18.86,18.5,18.5,22000
BNCL,20111208,8.58,8.68,8.38,8.41,61400
BNCN,20111208,7.25,7.25,7.25,7.25,0
BNSO,20111208,1.36,1.36,1.22,1.22,1200
BOBE,20111208,32.56,32.85,31.9,32.09,195800
BOCH,20111208,3.28,3.37,3.26,3.33,11300
BODY,20111208,21.17,21.52,21.03,21.28,75900
BOFI,20111208,16.22,16.22,16,16.07,56800
BOKF,20111208,54.63,54.9,53.97,54.09,96100
BOLT,20111208,11.47,11.49,11.37,11.37,16600
BONA,20111208,4.05,4.31,3.96,4.11,34400
BONT,20111208,3.3,3.35,3.2,3.2,134100
BOOM,20111208,20.5,21.56,20.28,20.42,54600
BOSC,20111208,3.04,3.04,2.72,3.04,1300
BPAX,20111208,14.82,15.06,14.1,14.1,1710100
BPFH,20111208,7.87,7.93,7.61,7.62,363900
BPFHW,20111208,3.15,3.15,3.15,3.15,0
BPHX,20111208,0.69,0.7,0.66,0.69,28500
BPOP,20111208,13.4,13.4,12.5,12.7,9431800
BPOPM,20111208,17.1,17.1,17.1,17.1,100
BPOPN,20111208,17.65,17.65,17.65,17.65,100
BRCD,20111208,5.51,5.56,5.31,5.36,6236000
BRCM,20111208,30.51,31.14,29.7,29.77,9489300
BRID,20111208,8.51,8.51,8.25,8.46,3100
BRKL,20111208,7.95,7.96,7.76,7.76,225600
BRKR,20111208,12.6,12.84,12.45,12.49,1050800
BRKS,20111208,10.11,10.14,9.73,9.9,412800
BRLI,20111208,13.44,13.99,12.83,12.86,892800
BSDM,20111208,2.11,2.22,2.11,2.12,50000
BSET,20111208,8.1,8.1,7.89,7.89,11200
BSFT,20111208,37.23,38.09,36.88,37,320400
BSPM,20111208,2.01,2.04,1.83,1.89,21700
BSQR,20111208,4.06,4.15,3.87,3.87,25900
BSRR,20111208,9.85,9.85,9.34,9.44,20000
BSTC,20111208,16.38,17,15.82,16.17,12700
BTUI,20111208,2.79,2.92,2.7,2.79,2600
BUR,20111208,7.7,7.7,7.63,7.63,3700
BUSE,20111208,5.19,5.2,4.99,5,131700
BVSN,20111208,8.42,8.52,8.3,8.44,4700
BWEN,20111208,7.7,7.8,7.2,7.3,1373900
BWINA,20111208,22.01,22.01,22.01,22.01,0
BWINB,20111208,21.44,21.65,21.06,21.13,15000
BWLD,20111208,62.26,63.68,62,62.04,384900
BYFC,20111208,1.3,1.3,1.3,1.3,0
CA,20111208,21.38,21.51,20.93,20.98,2784200
CAAS,20111208,4.19,4.59,4.08,4.08,123800
CAC,20111208,30.49,30.55,29.52,29.56,16000
CACB,20111208,4.53,4.59,4.06,4.07,9500
CACC,20111208,86.77,87.85,85.14,85.57,27000
CACH,20111208,6.1,6.1,5.98,6,31600
CADC,20111208,2.29,2.32,2.25,2.3,38500
CADX,20111208,4.13,4.21,3.93,3.95,280600
CAFI,20111208,1.22,1.22,1.2,1.2,3900
CAKE,20111208,28.51,28.79,27.91,27.97,683400
CALD,20111208,5.65,5.9,5.62,5.82,275700
CALI,20111208,5.22,6.18,5.22,6.18,50600
CALL,20111208,12.91,12.925,12.745,12.885,22800
CALM,20111208,33.29,34.58,33.29,33.97,43700
CAMP,20111208,4.5,4.61,4.34,4.39,106300
CAMT,20111208,2.02,2.05,1.92,1.92,17600
CAR,20111208,11.8,11.8,11.18,11.21,2519300
CARB,20111208,12.31,12.33,11.96,12.02,16800
CART,20111208,2.5,2.5,1.86,2.37,1900
CARV,20111208,11.07,13.5,10.76,11.71,26500
CARZ,20111208,23.61,23.61,23.61,23.61,100
CASH,20111208,14.65,15.02,14.65,15,8700
CASM,20111208,1.69,1.73,1.69,1.73,1500
CASS,20111208,34.95,36.61,34.65,34.77,13200
CASY,20111208,49.35,50.62,48.99,49.1,303800
CATM,20111208,27.51,27.7,26.61,26.63,256300
CATY,20111208,14.09,14.14,13.42,13.46,503700
CAVM,20111208,31.78,32.5,30.55,30.66,900600
CBAK,20111208,4.8,4.8,4.55,4.65,76400
CBAN,20111208,2.26,2.26,2.26,2.26,0
CBEY,20111208,7.3,7.41,7.18,7.26,197000
CBIN,20111208,9.51,9.51,9.51,9.51,0
CBLI,20111208,2.95,2.99,2.91,2.93,106500
CBMX,20111208,16.8,17.3,13.9,16.1,33100
CBMXW,20111208,1.8,1.8,1.8,1.8,100
CBNJ,20111208,7.08,7.08,7,7,14400
CBNK,20111208,13.88,13.88,13.88,13.88,600
CBOE,20111208,26.07,26.37,26.01,26.24,483500
CBPO,20111208,10.93,11.25,10.5,11.25,43200
CBRL,20111208,49.17,49.97,48.55,48.57,293300
CBRX,20111208,2.16,2.21,2.11,2.16,353300
CBSH,20111208,37.38,37.38,36.31,36.4,285900
CBST,20111208,37.33,37.78,37.14,37.17,638100
CCBG,20111208,10.65,10.65,10.24,10.34,29100
CCCL,20111208,2.65,2.78,2.65,2.77,16900
CCIH,20111208,4.46,4.47,4.24,4.29,83000
CCIX,20111208,8.65,8.65,8.37,8.38,44700
CCMP,20111208,41.18,41.44,39.69,39.8,146000
CCNE,20111208,15.29,15.33,14.64,14.66,24800
CCOI,20111208,16.61,16.68,16.28,16.35,311900
CCRN,20111208,4.93,5.05,4.87,4.92,112200
CCUR,20111208,3.43,3.47,3.37,3.45,18500
CDNS,20111208,10.82,10.93,10.67,10.68,2415200
CDTI,20111208,2.85,3.29,2.85,2.95,388000
CDXS,20111208,5.86,5.98,5.24,5.26,232000
CDZI,20111208,9.74,9.92,9,9.02,21900
CECE,20111208,6.2,6.2,6.09,6.1,14000
CECO,20111208,7.32,7.4,6.98,7,1363000
CEDU,20111208,5.5,5.54,5.33,5.43,6800
CELG,20111208,62.39,62.71,61.14,61.29,2499600
CELGZ,20111208,1.5,1.5,1.28,1.3,442100
CENT,20111208,8.4,8.51,8.14,8.22,34900
CENTA,20111208,8.59,8.74,8.34,8.36,140300
CENX,20111208,10.16,10.32,9.66,9.73,1771300
CERN,20111208,60.2,60.2,59.21,59.31,822500
CERS,20111208,3.03,3.13,3.03,3.07,388000
CETV,20111208,8.05,8.06,7.61,7.65,452100
CEVA,20111208,27.37,27.68,27,27.06,127800
CFBK,20111208,3.75,4.65,3.7,4.5,1900
CFFI,20111208,23,23.33,22.76,23.11,8800
CFFN,20111208,11.16,11.26,11.07,11.15,1023900
CFNB,20111208,15.5,15.5,15.13,15.13,2100
CFNL,20111208,10.73,10.85,10.6,10.62,123700
CGEN,20111208,4.27,4.37,4.25,4.25,48000
CGNX,20111208,34.55,34.7,33.3,33.4,185000
CHCI,20111208,1.1,1.1,1.06,1.06,31300
CHCO,20111208,33.25,33.49,31.84,32.05,39700
CHDN,20111208,48.77,49.07,47.22,47.3,31900
CHDX,20111208,8.65,8.77,8.44,8.57,70700
CHEF,20111208,15.28,16.17,15.09,15.34,90300
CHEV,20111208,8.21,8.47,8.19,8.19,4100
CHFC,20111208,20.58,20.62,19.67,19.71,57100
CHFN,20111208,9.73,9.91,9.33,9.33,11400
CHKE,20111208,12.24,12.71,11.93,11.99,133100
CHKP,20111208,53.48,54.12,52.81,52.93,1640600
CHLN,20111208,1.1,1.13,1.1,1.1,18700
CHNR,20111208,9.1,9.1,9.1,9.1,200
CHOP,20111208,3.72,3.82,3.52,3.59,60600
CHRM,20111208,9.52,9.95,9.5,9.5,5800
CHRW,20111208,68.34,68.51,67.07,67.25,776300
CHSCP,20111208,29.6,29.8,29.59,29.77,17400
CHTP,20111208,5.26,5.31,4.94,4.99,510300
CHTR,20111208,52.71,52.86,51,51.17,143900
CHYR,20111208,1.27,1.36,1.26,1.36,21000
CIDM,20111208,1.42,1.46,1.4,1.43,10600
CIEN,20111208,12.33,13.12,11.97,12.03,14538700
CIMT,20111208,3.44,3.44,3.25,3.32,18500
CINF,20111208,29.66,29.71,29.11,29.16,4168000
CISG,20111208,6.77,6.84,6.57,6.61,272400
CITZ,20111208,4.39,4.39,4.3,4.34,2700
CIZN,20111208,17.49,17.51,17.49,17.51,200
CJJD,20111208,1.25,1.35,1.21,1.22,15600
CKEC,20111208,7.05,7.24,7,7.2,111400
CKSW,20111208,9.32,9.56,9.32,9.48,55700
CLBH,20111208,2.86,2.87,2.86,2.87,400
CLCT,20111208,14.05,14.38,14.02,14.13,7900
CLDX,20111208,2.79,2.82,2.75,2.75,146100
CLFD,20111208,5.8,5.86,5.51,5.57,28700
CLMS,20111208,12.79,12.91,12.46,12.49,90400
CLMT,20111208,19.52,19.74,19.3,19.37,147300
CLNE,20111208,12.82,12.99,12.35,12.38,693500
CLNT,20111208,0.28,0.28,0.24,0.24,18100
CLRO,20111208,4.36,4.5,4.35,4.35,12400
CLSN,20111208,2.02,2.1,1.97,1.97,489800
CLUB,20111208,7.34,7.34,7.17,7.2,65700
CLVS,20111208,12.26,12.4,11.45,11.7,15400
CLWR,20111208,2.09,2.2,2.05,2.19,122877400
CLWT,20111208,3.41,3.465,3.355,3.465,1200
CMCO,20111208,12.18,12.28,11.8,11.88,97000
CMCSA,20111208,22.94,22.97,22.41,22.47,14637800
CMCSK,20111208,22.75,22.82,22.23,22.27,4114900
CME,20111208,250.1,252.18,243.06,244.58,567600
CMLS,20111208,3.03,3.09,3.01,3.03,91200
CMSB,20111208,8.68,8.68,8.68,8.68,0
CMTL,20111208,31.07,31.23,30.37,30.4,346900
CNBC,20111208,9.99,9.99,9.64,9.69,19000
CNBKA,20111208,26.75,26.75,26.4,26.48,3200
CNET,20111208,1.11,1.2,1.11,1.18,39200
CNIT,20111208,0.82,0.84,0.81,0.83,50200
CNMD,20111208,25.6,25.7,24.84,24.86,82800
CNQR,20111208,52.46,53.19,51.76,51.84,618000
CNSL,20111208,18.55,18.62,18.2,18.21,121400
CNTF,20111208,1.79,1.8,1.71,1.71,63100
CNTY,20111208,2.47,2.56,2.36,2.4,7700
CNYD,20111208,2.76,2.96,2.76,2.89,1300
COBK,20111208,12.25,12.25,12.25,12.25,0
COBR,20111208,4.45,4.45,4.22,4.22,12000
COBZ,20111208,5.5,5.6,5.32,5.34,64300
COCO,20111208,2.33,2.38,2.2,2.25,1138900
COGO,20111208,1.78,1.85,1.74,1.79,240100
COHR,20111208,51.99,52.97,51.16,52.71,235000
COHU,20111208,10.96,11.03,10.37,10.54,65700
COKE,20111208,54.26,54.37,53,53.23,24900
COLB,20111208,18.57,18.79,18.01,18.07,431500
COLM,20111208,52.01,52.59,51.44,51.51,129200
CONN,20111208,10.55,12.89,10,11.99,1293300
COOL,20111208,2.97,3.03,2.9,2.94,493300
CORE,20111208,38.61,39.03,38.46,38.54,44600
CORT,20111208,3.24,3.24,3.1,3.1,100900
COSI,20111208,0.66,0.69,0.63,0.63,33800
COST,20111208,84.87,86.95,84,85.76,4381400
COWN,20111208,2.72,2.74,2.62,2.62,344400
CPBC,20111208,4.7,4.7,4.7,4.7,0
CPGI,20111208,1.12,1.12,1.04,1.07,39200
CPHC,20111208,12.55,12.55,11.81,12.2,500
CPHD,20111208,33.46,33.79,32.24,32.24,438600
CPIX,20111208,5.96,5.96,5.8,5.89,10600
CPLA,20111208,33.67,33.75,33.1,33.19,163300
CPLP,20111208,6.26,6.42,6.22,6.36,90100
CPNO,20111208,33.59,33.77,33.21,33.76,172800
CPRT,20111208,22.535,22.87,22.455,22.505,234400
CPRX,20111208,1.2,1.2,1.11,1.12,72400
CPSI,20111208,46.26,46.5,45.48,45.61,92800
CPSL,20111208,5.04,5.04,4.68,4.8,31300
CPSS,20111208,1.02,1.02,0.98,0.98,13300
CPST,20111208,1.1,1.1,1,1,2765700
CPTS,20111208,11,12.15,10.86,12.05,1300100
CPWR,20111208,8.53,8.6,8.19,8.22,1805400
CRAI,20111208,19.5,19.83,18.62,18.7,57700
CRAY,20111208,6.27,6.38,6.09,6.11,164100
CRDC,20111208,2.3,2.36,2.22,2.3,56200
CRDS,20111208,5.58,5.86,5.36,5.56,15000
CREE,20111208,24.61,24.98,23.26,23.5,4233700
CREG,20111208,1.18,1.2,1.15,1.16,5700
CRESW,20111208,0.07,0.07,0.07,0.07,0
CRESY,20111208,11.36,11.4,11.1,11.26,96000
CRFN,20111208,4.63,4.63,4.47,4.61,71000
CRIS,20111208,3.59,3.68,3.56,3.56,208500
CRMB,20111208,4,4.14,4,4.12,8900
CRMBU,20111208,4.05,4.25,2.84,4.25,2600
CRMBW,20111208,0.25,0.25,0.2,0.24,13000
CRME,20111208,10,10.1,9.9,10.05,120800
CRMT,20111208,38.13,38.44,37.84,37.88,36600
CRNT,20111208,8.22,8.28,7.93,8.02,147000
CROX,20111208,15.65,15.94,15.26,15.31,1550900
CRRB,20111208,2.15,2.15,2.15,2.15,0
CRRC,20111208,10.65,10.75,10.57,10.63,33100
CRTX,20111208,5.34,5.41,5.1,5.11,42400
CRUS,20111208,16.61,17.03,16.29,16.31,1322800
CRVL,20111208,45.87,45.87,43.13,44.09,30900
CRWN,20111208,1.34,1.34,1.25,1.28,102100
CRWS,20111208,3.65,3.79,3.56,3.61,1300
CRZO,20111208,28.96,29.13,27.94,28.03,1017300
CSBK,20111208,10.02,10.02,9.61,9.62,13000
CSCD,20111208,2.96,2.98,2.91,2.98,8200
CSCO,20111208,18.86,19.07,18.45,18.57,47302700
CSFL,20111208,5.69,5.73,5.46,5.47,65600
CSGP,20111208,65.54,66.87,64.33,64.47,94100
CSGS,20111208,15.1,15.25,14.67,14.68,134200
CSII,20111208,9.35,9.51,9.15,9.16,64200
CSIQ,20111208,2.88,2.93,2.65,2.67,579100
CSOD,20111208,17.57,18.24,17.57,18.12,1003000
CSPI,20111208,3.45,3.45,3.38,3.38,2200
CSRE,20111208,10.28,10.42,10.24,10.24,2300
CSTR,20111208,45.99,48.69,45.66,47.45,2895900
CSUN,20111208,0.68,0.69,0.6,0.6,144900
CSWC,20111208,84.77,84.77,83.43,83.43,6200
CTAS,20111208,29.75,29.84,29.31,29.37,1563200
CTBI,20111208,28.9,28.95,27.94,28.23,46100
CTCH,20111208,3.44,3.59,3.44,3.52,18800
CTCM,20111208,9.77,9.9,9.5,9.56,475100
CTCT,20111208,23.41,24.37,23.35,24.04,691800
CTGX,20111208,13.86,13.86,13.19,13.28,41100
CTHR,20111208,2.5,2.54,2.5,2.5,6100
CTIB,20111208,5.2,5.2,5.12,5.12,300
CTIC,20111208,6.65,7.4,6.5,6.9,3036400
CTRN,20111208,8.36,8.38,8.2,8.29,165200
CTRP,20111208,24.69,24.9,22.95,23.06,7211400
CTRX,20111208,28.255,28.63,28.115,28.23,240900
CTSH,20111208,69.05,69.15,67.13,67.34,2725800
CTWS,20111208,27.62,27.87,27.45,27.51,28200
CTXS,20111208,71.38,71.96,69.64,69.82,1181700
CU,20111208,32.5,32.5,31.28,31.29,22200
CUBA,20111208,6.67,6.67,6.67,6.67,0
CUTR,20111208,7.35,7.38,7.17,7.2,33500
CVBF,20111208,10.04,10.04,9.63,9.64,501200
CVCO,20111208,43.69,43.69,42.75,42.93,26300
CVCY,20111208,5.6,5.6,5.6,5.6,1000
CVGI,20111208,11.19,11.23,10.73,10.77,100400
CVGW,20111208,25.72,25.72,25.06,25.13,46300
CVLT,20111208,47.48,48.82,47.48,48,249200
CVLY,20111208,8.35,8.4,8.25,8.36,1400
CVTI,20111208,2.97,3.03,2.97,2.97,20000
CVV,20111208,15.28,15.28,14.67,14.81,36300
CWBC,20111208,1.6,1.6,1.55,1.55,1000
CWCO,20111208,8,8.02,7.8,7.83,48900
CWEI,20111208,80.84,82.4,76.85,77.15,77200
CWST,20111208,6.39,6.7,6.24,6.25,125700
CWTR,20111208,4,4.08,3.88,3.92,722900
CXDC,20111208,5.08,5.1,5.01,5.07,71800
CXPO,20111208,2.88,2.88,2.7,2.7,80800
CY,20111208,18.61,18.99,18.28,18.31,1861400
CYAN,20111208,7.35,7.7,7.25,7.64,74200
CYBE,20111208,6.94,7.1,6.94,7.1,3200
CYBX,20111208,30.95,32,30.95,31.61,211600
CYCC,20111208,4.83,4.9,4.41,4.9,569600
CYCCP,20111208,3.02,3.02,3.02,3.02,0
CYMI,20111208,46.57,47.12,46.07,46.14,230700
CYNO,20111208,11.8,12.14,11.62,11.7,16100
CYOU,20111208,24.55,24.7,23.8,23.86,106300
CYTK,20111208,0.99,1.03,0.98,0.99,147900
CYTR,20111208,2.38,2.38,2.24,2.24,832000
CYTX,20111208,2.45,2.45,2.31,2.31,372200
CYTXW,20111208,1.3,1.3,1.3,1.3,0
CZFC,20111208,6.5,6.5,6.5,6.5,0
CZNC,20111208,17.35,17.35,16.9,16.96,23300
CZWI,20111208,4.95,4.95,4.82,4.84,5700
DAEG,20111208,1.99,1.99,1.85,1.94,800
DAIO,20111208,4.25,4.37,4.05,4.05,7300
DAKT,20111208,9.85,9.95,9.63,9.76,157700
DARA,20111208,1.17,1.25,1.14,1.25,32000
DATE,20111208,7.16,7.2,6.88,6.96,83000
DAVE,20111208,9.31,9.31,9.1,9.14,11800
DBLE,20111208,7.63,7.69,7.36,7.42,36500
DBLEP,20111208,25.76,25.99,25.76,25.76,1100
DCIX,20111208,4.89,4.89,4.73,4.75,116100
DCOM,20111208,11.65,11.77,11.37,11.39,80300
DCTH,20111208,2.54,2.58,2.31,2.34,352300
DECK,20111208,100.96,102.18,99.02,99.6,1164500
DELL,20111208,15.79,15.85,15.45,15.5,16449700
DENN,20111208,3.51,3.53,3.31,3.32,340800
DEPO,20111208,4.83,4.87,4.47,4.49,445900
DEST,20111208,15.33,15.46,15.23,15.3,122200
DFZ,20111208,12.72,12.84,12.53,12.55,16700
DGAS,20111208,15.9,15.9,15.9,15.9,100
DGICA,20111208,14,14,13.83,13.92,16700
DGICB,20111208,15.84,15.84,15.84,15.84,0
DGII,20111208,10.91,10.91,10.25,10.27,90900
DGIT,20111208,12.35,12.35,11.7,11.79,437500
DGLY,20111208,0.76,0.76,0.76,0.76,0
DHIL,20111208,72.54,73.15,70.11,70.11,16000
DHRM,20111208,1.68,1.68,1.62,1.65,1700
DIOD,20111208,20.99,21.32,20.58,20.61,257300
DISCA,20111208,41.45,41.56,40.92,41.05,3144400
DISCB,20111208,42.31,42.31,42.31,42.31,100
DISCK,20111208,37.7,37.71,36.02,37.38,215000
DISH,20111208,26.41,26.46,25.32,25.34,3027700
DJCO,20111208,63.68,63.68,63.68,63.68,200
DLGC,20111208,6.05,6.25,5.5,5.5,25100
DLIA,20111208,1.32,1.39,1.28,1.28,41000
DLLR,20111208,18.63,18.68,18.07,18.38,462700
DLTR,20111208,40.825,41.75,40.785,41.25,1328800
DMLP,20111208,22.04,22.25,21.81,22.09,86300
DMND,20111208,26.99,27.26,26.51,26.55,1537200
DMRC,20111208,24.61,25.03,24.35,24.35,14100
DNBF,20111208,10.38,10.38,10.38,10.38,0
DNDN,20111208,8.42,8.56,8,8.01,3804200
DNKN,20111208,25.13,25.5,25.05,25.22,1184600
DORM,20111208,19.085,19.225,18.715,18.76,46100
DOVR,20111208,3.64,3.64,3.64,3.64,0
DRAD,20111208,1.98,1.98,1.89,1.9,25000
DRAM,20111208,5.88,6.54,5.58,5.76,8000
DRCO,20111208,9.92,10.08,9.87,9.95,31200
DRIV,20111208,15.15,15.34,14.81,14.86,553100
DRRX,20111208,1.28,1.3,1.22,1.22,129100
DRWI,20111208,4.47,4.5,4.26,4.3,140000
DRYS,20111208,2.46,2.51,2.33,2.34,3579000
DSCI,20111208,7.82,7.99,7.5,7.65,32400
DSCO,20111208,1.77,1.79,1.73,1.73,62200
DSGX,20111208,7.02,7.09,6.97,7.09,1100
DSPG,20111208,6.01,6.01,5.82,5.85,148400
DSWL,20111208,2.28,2.33,2.26,2.26,18300
DTLK,20111208,7.84,7.95,7.5,7.57,108100
DTSI,20111208,29.13,29.13,26.76,26.82,60300
DTV,20111208,47.47,47.47,45.32,45.43,8202600
DVAX,20111208,3.11,3.15,3.03,3.03,988400
DVOX,20111208,3.98,4.02,3.84,3.86,90900
DWA,20111208,17.84,17.99,17.48,17.54,527100
DWCH,20111208,5.42,5.45,5.4,5.4,5600
DWSN,20111208,33.75,34.28,32.81,33.01,66200
DXCM,20111208,8.1,8.14,7.96,8,591500
DXPE,20111208,29.96,30.22,29.77,29.81,67600
DXYN,20111208,3.01,3.01,2.88,2.9,4200
DYAX,20111208,1.32,1.34,1.26,1.3,639100
DYNT,20111208,3.4,3.5,3.35,3.5,4400
DYSL,20111208,1.84,1.85,1.65,1.69,148900
EBAY,20111208,30.62,31.45,30.59,31.03,16855800
EBIX,20111208,21.09,21.42,20.02,20.22,652500
EBMT,20111208,9.81,9.81,9.81,9.81,1000
EBSB,20111208,12.94,12.94,12.48,12.49,16100
EBTC,20111208,14.35,14.4,13.81,13.81,10400
ECHO,20111208,16.62,16.74,16.17,16.2,68200
ECOL,20111208,17.45,17.81,17.1,17.15,66400
ECPG,20111208,21.4,21.7,21.18,21.18,154700
ECTE,20111208,2.3,2.3,2.18,2.2,90600
ECTY,20111208,1.39,1.39,1.3,1.33,29700
ECYT,20111208,10.37,10.37,9.7,9.78,69100
EDAC,20111208,9.51,9.52,9.15,9.4,4500
EDAP,20111208,1.71,1.75,1.68,1.72,12600
EDGW,20111208,3.08,3.08,2.73,2.8,41000
EDMC,20111208,21.96,23.16,21.21,23.02,105800
EDS,20111208,5,5.03,4.81,4.99,18500
EDUC,20111208,5.05,5.05,5.05,5.05,100
EEFT,20111208,17.45,17.81,17.38,17.4,187000
EEI,20111208,17.46,17.46,16.89,16.89,2500
EFII,20111208,14.34,14.34,13.8,13.85,168700
EFSC,20111208,14.7,14.77,14.02,14.07,40200
EFUT,20111208,4.27,4.46,4.27,4.46,5600
EGAN,20111208,4.51,4.53,4.41,4.5,61000
EGBN,20111208,14.63,14.63,14.31,14.33,52900
EGHT,20111208,3.75,3.85,3.65,3.68,603200
EGLE,20111208,4.44,4.52,4.2,4.2,512000
EGOV,20111208,13.32,13.32,12.57,12.59,293200
EHTH,20111208,15.15,15.28,15,15.05,69600
EIHI,20111208,13.55,13.57,13.45,13.5,4900
ELGX,20111208,10.74,10.91,10.6,10.62,402500
ELNK,20111208,6.17,6.22,6.03,6.03,1083800
ELON,20111208,4.87,4.99,4.68,4.68,177700
ELOS,20111208,9.91,10.73,9.91,10.51,113500
ELRC,20111208,16.24,16.41,15.71,15.82,58400
ELSE,20111208,4.2,4.2,4.2,4.2,0
ELTK,20111208,1.28,1.34,1.28,1.29,1400
EMCF,20111208,15.06,15.06,15.06,15.06,0
EMCI,20111208,20,20.1,19.84,19.94,7300
EMFN,20111208,22.87,22.87,22.87,22.87,0
EMIF,20111208,29.29,29.43,28.89,28.89,20100
EMITF,20111208,3.02,3.24,3.02,3.1,2900
EMKR,20111208,3.96,3.96,3.68,3.68,290000
EMMS,20111208,0.79,0.83,0.79,0.8,7300
EMMSP,20111208,15.6,15.6,15.6,15.6,1000
EMMT,20111208,20.65,20.65,20.46,20.46,3700
ENDP,20111208,33.78,34.18,33.07,33.29,1249500
ENG,20111208,2.2,2.21,2.15,2.15,4300
ENMD,20111208,1.51,1.72,1.51,1.53,27300
ENOC,20111208,9.81,9.84,9.46,9.54,212700
ENSG,20111208,24.48,24.59,23.78,23.85,88900
ENTG,20111208,8.46,8.63,8.28,8.32,910600
ENTR,20111208,5.54,5.66,5.31,5.31,1018200
ENZN,20111208,6.96,6.99,6.8,6.83,169600
EONC,20111208,1.1,1.1,1.05,1.06,600
EPAX,20111208,4.53,4.57,4.26,4.3,58100
EPAY,20111208,21.5,21.85,20.97,21,180400
EPIQ,20111208,13.47,13.48,13.12,13.16,123400
EQIX,20111208,101.01,102.62,100.6,100.91,533700
ERIC,20111208,10.33,10.35,10.1,10.11,3383000
ERIE,20111208,75.15,75.85,75,75.09,61300
ERII,20111208,2.66,2.68,2.5,2.52,112100
EROC,20111208,10.97,10.99,10.65,10.8,286800
ESBF,20111208,13.77,13.9,12.68,12.87,16500
ESBK,20111208,15.96,16,15.94,15.94,1700
ESCA,20111208,4.89,4.96,4.89,4.92,900
ESEA,20111208,2.57,2.68,2.52,2.63,48100
ESGR,20111208,97.45,98.5,96.27,97.55,19400
ESIO,20111208,12.38,12.49,11.89,12,126300
ESLT,20111208,41.63,41.94,40.3,40.3,4000
ESMC,20111208,1.15,1.18,1.12,1.14,1500
ESRX,20111208,45.81,46.1,45.02,45.19,5994200
ESSA,20111208,10.5,10.57,10.4,10.4,71800
ESSX,20111208,2.6,2.78,2.54,2.55,37100
ESYS,20111208,4.14,4.14,4.14,4.14,0
ETFC,20111208,9.05,9.11,8.63,8.69,6354500
ETRM,20111208,2.08,2.1,2.03,2.06,27900
EUFN,20111208,15.75,15.75,15.38,15.38,11400
EVBS,20111208,1.84,2.05,1.84,2,4000
EVEP,20111208,63.85,65,63.75,64.17,245700
EVOL,20111208,7.52,7.54,7.38,7.42,34400
EWBC,20111208,19.35,19.39,18.9,18.93,940900
EXAC,20111208,14.3,14.42,13.58,14.07,44400
EXAR,20111208,6.47,6.62,6.44,6.55,202400
EXAS,20111208,8.11,8.23,8.02,8.03,892000
EXEL,20111208,4.29,4.35,4.22,4.25,1621300
EXFO,20111208,5.46,5.47,5.35,5.36,11200
EXLP,20111208,21.62,21.86,21.12,21.34,112900
EXLS,20111208,23.78,24.3,23.71,23.76,168500
EXPD,20111208,41.55,42.11,40.75,40.87,2293000
EXPE,20111208,28.31,28.9,27.71,28.04,5293900
EXPO,20111208,47.65,47.65,45.61,45.83,35100
EXTR,20111208,2.97,3,2.93,2.94,340800
EXXI,20111208,30.9,31.35,29.15,29.3,836800
EZCH,20111208,29.68,29.91,29.43,29.49,125800
EZPW,20111208,28.68,28.91,27.77,27.79,373400
FABK,20111208,12.65,12.65,12.65,12.65,0
FALC,20111208,2.62,2.67,2.57,2.57,84600
FARM,20111208,7.62,7.62,7.27,7.32,66200
FARO,20111208,47.84,48.22,46.4,46.47,76500
FAST,20111208,40.92,41.78,40.92,41.1,2953800
FBIZ,20111208,16.25,16.25,16.2,16.25,2300
FBMI,20111208,5,5,5,5,900
FBMS,20111208,7.65,7.65,7.65,7.65,0
FBNC,20111208,11,11.16,10.49,10.55,43000
FBNK,20111208,12.44,12.68,12.44,12.6,35500
FBRC,20111208,8.32,8.36,8,8.04,122700
FBSS,20111208,10.53,10.67,10.53,10.53,2300
FCAL,20111208,3.42,3.49,3.35,3.35,78000
FCAP,20111208,18.5,18.5,18.5,18.5,0
FCBC,20111208,12.18,12.4,11.78,11.78,44300
FCCO,20111208,5.97,5.97,5.97,5.97,0
FCCY,20111208,6.95,6.99,6.86,6.92,7800
FCEL,20111208,0.9,0.93,0.9,0.9,809100
FCFC,20111208,6.66,6.98,6.66,6.87,4800
FCFS,20111208,37.11,37.26,36.43,36.48,206300
FCHI,20111208,42.19,42.22,41.88,41.88,4200
FCLF,20111208,5.81,5.81,5.81,5.81,0
FCNCA,20111208,171.43,173.5,168.03,168.87,5900
FCTY,20111208,3.42,3.5,3.42,3.5,7100
FCVA,20111208,2.12,2.6,2.05,2.33,14900
FCZA,20111208,3.95,3.95,3.72,3.72,11700
FDEF,20111208,14.03,14.12,13.7,13.71,21000
FDML,20111208,14.93,14.93,14.27,14.31,72200
FDUS,20111208,12.21,12.69,12.16,12.17,26400
FEIC,20111208,40.8,41.48,39.84,39.88,272000
FEIM,20111208,8.01,8.11,7.77,7.77,10800
FELE,20111208,22.67,22.69,21.89,21.955,59800
FES,20111208,5.42,5.48,5.26,5.3,26200
FFBC,20111208,16.21,16.21,15.8,15.81,276900
FFBCW,20111208,4.75,4.75,4.75,4.75,0
FFBH,20111208,4.8,5.15,4.8,4.9,10700
FFCH,20111208,8.19,8.35,7.97,8.08,50300
FFCO,20111208,13.42,13.42,13.42,13.42,0
FFEX,20111208,1.54,1.56,1.46,1.47,21800
FFHL,20111208,1.28,1.33,1.2,1.25,11800
FFIC,20111208,12.48,12.48,11.97,11.98,69000
FFIN,20111208,32.43,32.43,31.39,31.5,96600
FFIV,20111208,113.43,113.55,110.67,111.09,1388800
FFKT,20111208,4.25,4.34,4.25,4.25,3700
FFKY,20111208,1.25,1.25,1.1,1.1,2500
FFN,20111208,0.73,0.75,0.68,0.71,141400
FFNM,20111208,3.09,3.41,3.09,3.27,3700
FFNW,20111208,5.6,5.7,5.6,5.7,5100
FHCO,20111208,4.62,4.62,4.45,4.49,34900
FIBK,20111208,12.44,12.5,12.03,12.04,51600
FINL,20111208,21.53,21.76,21.16,21.21,468100
FIRE,20111208,32.33,32.4,31.34,31.68,174300
FISI,20111208,16.13,16.13,15.21,15.26,39400
FISV,20111208,57.08,57.67,56.91,56.98,973100
FITB,20111208,12.28,12.31,11.91,11.97,13744700
FITBP,20111208,142.05,142.05,142.05,142.05,0
FIZZ,20111208,17.19,17.19,16.6,16.61,30200
FLDM,20111208,12.86,12.89,12.07,12.26,260300
FLEX,20111208,5.95,6.01,5.62,5.69,3986400
FLIC,20111208,26.83,26.83,25.11,25.13,14100
FLIR,20111208,25.98,26.1,25.25,25.33,887200
FLML,20111208,4.61,4.84,4.53,4.76,38500
FLOW,20111208,2.55,2.6,2.41,2.42,212200
FLWS,20111208,2.33,2.39,2.27,2.29,296500
FLXS,20111208,13.8,13.9,13.75,13.84,1600
FMBI,20111208,9.7,9.79,9.43,9.44,562300
FMCN,20111208,21.25,21.95,21.01,21.39,3559000
FMER,20111208,14.48,14.66,13.99,14.02,794300
FMFC,20111208,2.86,2.86,2.84,2.84,1200
FMNB,20111208,4.5,4.6,4.5,4.57,5100
FNBN,20111208,11.5,11.66,11.5,11.52,500
FNFG,20111208,8.8,8.92,8.74,8.75,15373800
FNGN,20111208,21.26,21.83,21.01,21.07,189600
FNLC,20111208,14.27,14.27,13.75,13.79,14600
FNSR,20111208,16.36,17.25,16.04,16.1,3949300
FOLD,20111208,3.35,3.49,3.11,3.16,53900
FONE,20111208,24.25,24.25,23.8,23.83,2400
FONR,20111208,1.72,1.73,1.66,1.67,15800
FORD,20111208,1.67,1.74,1.63,1.63,17000
FORM,20111208,5.44,5.5,5.35,5.4,1051400
FORR,20111208,31.88,32.64,31.38,31.81,66400
FORTY,20111208,15.84,16.69,15.84,16.09,1100
FOSL,20111208,86.53,86.71,82.77,83.1,791100
FRAN,20111208,18.89,19.34,18.37,18.82,316700
FRBK,20111208,1.54,1.54,1.4,1.4,6800
FRED,20111208,13.35,13.64,13.27,13.42,353100
FREE,20111208,5.1,6,5,6,14100
FRME,20111208,8.27,8.27,7.98,8,107500
FRNK,20111208,11.24,11.26,10.99,10.99,28200
FRP,20111208,4.87,4.88,4.65,4.71,64600
FSBK,20111208,3.5,3.54,3.48,3.48,2600
FSC,20111208,10.16,10.16,9.81,9.83,1009600
FSCI,20111208,29.31,29.45,28.33,28.69,32400
FSFG,20111208,17.25,18.6,17.25,18.6,6600
FSGI,20111208,3.09,3.09,2.7,2.88,15600
FSLR,20111208,48.16,48.16,45.11,45.17,3073200
FSRV,20111208,26.19,26.19,25,25.22,7600
FSTR,20111208,28.74,28.74,27.16,27.33,31100
FSYS,20111208,17.9,18.4,16.91,16.97,180200
FTEK,20111208,6.24,6.24,5.94,5.99,121100
FTNT,20111208,23.44,24,23.31,23.45,2159700
FUBC,20111208,5.45,5.45,5.21,5.24,47400
FULL,20111208,7.03,7.03,7.01,7.03,12600
FULT,20111208,9.4,9.47,9.1,9.12,1079500
FUNC,20111208,3.26,3.26,3.1,3.1,2200
FUND,20111208,6.54,6.55,6.43,6.46,39900
FURX,20111208,18.15,18.59,17.7,17.77,63000
FWLT,20111208,19.17,19.37,18.67,18.73,1660200
FWRD,20111208,32.99,33,31.32,31.36,128700
FXCB,20111208,12.6,12.75,12.25,12.32,27100
FXEN,20111208,5.01,5.06,4.62,4.63,325800
GABC,20111208,18.26,18.43,17.71,17.73,21100
GAGA,20111208,3.8,3.81,3.58,3.62,40100
GAI,20111208,3.7,3.7,3.33,3.33,300
GAIA,20111208,3.79,3.79,3.38,3.38,13200
GAIN,20111208,7.25,7.34,7.1,7.1,65400
GALE,20111208,0.6,0.6,0.55,0.56,211500
GAME,20111208,4.44,4.54,4.31,4.41,417400
GASS,20111208,3.82,4.02,3.82,3.97,15500
GBCI,20111208,12.18,12.18,11.65,11.67,333800
GBDC,20111208,15.4,15.44,15.02,15.06,33600
GBLI,20111208,18.32,18.46,18.05,18.18,33300
GBNK,20111208,1.44,1.5,1.39,1.47,68900
GCBC,20111208,17.14,17.14,17,17,900
GCFB,20111208,2.1,2.1,2.01,2.05,300
GCOM,20111208,13.04,13.13,12.6,12.67,76100
GCVRZ,20111208,1.29,1.3,1.25,1.27,245200
GENC,20111208,6.94,6.94,6.94,6.94,0
GENE,20111208,3.99,4.01,3.75,3.78,19400
GENT,20111208,6.05,6.25,5.74,5.96,76000
GERN,20111208,1.63,1.67,1.55,1.57,1186600
GEVA,20111208,18.9,19.74,18.8,19.57,66200
GEVO,20111208,6.72,6.81,6.54,6.69,51100
GFED,20111208,6.21,6.23,6.21,6.22,1300
GFN,20111208,2.6,2.6,2.59,2.6,600
GFNCL,20111208,3.3,3.3,3.3,3.3,0
GGAL,20111208,6.56,6.75,6.56,6.61,218200
GHDX,20111208,28.81,28.87,28.28,28.34,106000
GIFI,20111208,27.53,27.72,26.25,26.34,101200
GIGA,20111208,1.48,1.5,1.42,1.42,3500
GIGM,20111208,0.85,0.86,0.85,0.85,27600
GIII,20111208,24.01,25.33,22.66,24.02,2068000
GILD,20111208,19.7,19.7,19.34,19.365,7252500
GILT,20111208,4,4.06,3.84,3.98,78600
GIVN,20111208,16.89,16.91,16.37,16.37,52900
GKNT,20111208,18.34,18.46,17.76,17.84,14900
GLAD,20111208,7.81,7.83,7.63,7.63,69200
GLBS,20111208,4.15,4.18,4,4.14,5200
GLBZ,20111208,7.94,7.94,7.94,7.94,0
GLCH,20111208,1.43,1.47,1.34,1.37,370200
GLDC,20111208,3.48,3.58,3.44,3.44,5100
GLDD,20111208,5.92,5.96,5.65,5.66,276800
GLNG,20111208,43.91,44.77,42.01,42.12,710000
GLPW,20111208,23.57,23.57,22.69,22.74,37100
GLRE,20111208,24.5,24.52,23.73,23.8,146500
GLUU,20111208,3.38,3.48,3.12,3.12,1708700
GMAN,20111208,12.72,12.83,12.39,12.5,37900
GMCR,20111208,56.8,58.24,55.75,56.04,2598600
GMETP,20111208,10.23,10.23,10.23,10.23,200
GMLP,20111208,29.17,29.89,29.15,29.67,75900
GNCMA,20111208,10.27,10.31,9.78,9.81,140300
GNMK,20111208,4.66,4.84,4,4,70600
GNTX,20111208,30.57,30.83,29.84,29.91,634400
GNVC,20111208,2.7,2.75,2.7,2.72,22100
GOLD,20111208,108.35,108.68,105.96,106.65,555200
GOOD,20111208,17.23,17.23,16.81,16.81,24800
GOODO,20111208,23.76,24,23.75,23.97,800
GOODP,20111208,24.45,24.45,24.45,24.45,100
GOOG,20111208,621.04,627.45,615.3,616.05,2414400
GPIC,20111208,6.46,6.46,6.4,6.41,700
GPOR,20111208,32.96,33.36,31.15,31.37,893900
GPRC,20111208,1.96,1.98,1.94,1.94,4900
GPRE,20111208,10.84,10.9,10.41,10.41,224600
GRFS,20111208,11.16,11.16,10.68,10.9,603600
GRID,20111208,24.51,24.51,24.16,24.23,4900
GRIF,20111208,27.55,27.56,26.53,26.53,2500
GRMN,20111208,36.8,37.55,36.56,37.25,958600
GROW,20111208,6.34,6.54,6.28,6.28,47700
GRPN,20111208,20.65,22.9,20.25,22.27,3115100
GRVY,20111208,1.43,1.48,1.38,1.48,7500
GSBC,20111208,21.29,21.52,20.95,21.03,27300
GSIG,20111208,10.91,11.05,10.34,10.36,103600
GSIT,20111208,4.74,4.75,4.6,4.61,52400
GSJK,20111208,14.11,14.45,14.01,14.05,24800
GSM,20111208,14.51,14.64,13.74,13.82,957400
GSOL,20111208,5.59,5.71,5.36,5.4,52000
GSVC,20111208,15.62,16,15.25,15.43,90700
GTAT,20111208,8.53,8.56,8,8.02,2200400
GTIM,20111208,1.3,1.3,1.3,1.3,0
GTIV,20111208,6.23,6.23,5.81,5.86,550900
GTLS,20111208,60.28,61.42,58.83,59.02,262600
GTXI,20111208,2.95,2.95,2.71,2.72,105600
GUID,20111208,6,6.04,5.93,5.96,96100
GULF,20111208,14.91,15.01,14.87,14.9,4000
GURE,20111208,2.07,2.11,2.02,2.04,110400
GYRO,20111208,101.5,102.49,101.5,102.49,3600
HA,20111208,6.14,6.2,5.87,5.87,510300
HAFC,20111208,0.86,0.88,0.85,0.85,441700
HAIN,20111208,35.85,36.12,35.65,35.99,338300
HALL,20111208,7.93,7.97,7.6,7.6,56700
HALO,20111208,9.21,9.37,9.09,9.12,406300
HAS,20111208,36.83,37.32,36.37,36.42,1446300
HAST,20111208,1.6,1.6,1.51,1.52,34600
HAUP,20111208,0.91,0.91,0.84,0.84,42600
HAYN,20111208,57.92,58.64,56.48,57.09,107500
HBAN,20111208,5.25,5.26,5.1,5.1,9624400
HBANP,20111208,1046,1046,1046,1046,100
HBCP,20111208,15.19,15.19,15,15,1000
HBHC,20111208,30.77,30.96,29.87,30.37,915500
HBIO,20111208,4.14,4.15,3.88,3.89,188600
HBNC,20111208,11.32,11.3333,11.32,11.3333,1900
HBNK,20111208,12.12,12.25,11.67,12.25,28800
HBOS,20111208,10.95,10.95,10.95,10.95,0
HCBK,20111208,6,6.03,5.72,5.74,4994000
HCCI,20111208,16.46,16.75,16.46,16.6,11500
HCIIP,20111208,9.89,9.89,9.54,9.6,3900
HCKT,20111208,3.31,3.35,3.25,3.25,233800
HCOM,20111208,14.6,14.6,14.5,14.6,800
HCSG,20111208,18.41,18.48,17.93,17.95,342600
HDNG,20111208,8.86,8.9,8.75,8.76,13400
HDSN,20111208,1.41,1.48,1.37,1.37,3500
HEES,20111208,12.39,12.72,12.18,12.65,142600
HELE,20111208,30.39,30.39,29.52,29.59,210500
HEOP,20111208,3.7,3.7,3.48,3.48,10100
HERO,20111208,4.04,4.23,4.01,4.02,3490600
HFBC,20111208,6.1,6.27,6.06,6.17,5300
HFBL,20111208,17.12,17.12,17.12,17.12,0
HFFC,20111208,10.65,10.65,10.29,10.61,13200
HFWA,20111208,12.52,12.56,11.77,11.97,29400
HGSH,20111208,0.9,0.95,0.9,0.95,6000
HIBB,20111208,45.81,46.46,45.2,45.43,274500
HIFS,20111208,48.29,48.59,48,48.05,900
HIHO,20111208,2.45,2.5,2.43,2.43,5400
HILL,20111208,1.36,1.41,1.31,1.32,405900
HIMX,20111208,1.04,1.05,1.02,1.02,197100
HITK,20111208,38.84,39.29,36.91,37.26,257000
HITT,20111208,53.44,53.9,52.56,52.58,154600
HLIT,20111208,5.36,5.38,5.02,5.02,893600
HMIN,20111208,31.18,31.53,30.12,30.27,544100
HMNF,20111208,1.81,1.99,1.81,1.88,2700
HMNY,20111208,1.43,1.7,1.4,1.7,4500
HMPR,20111208,2.99,3.01,2.83,2.85,20400
HMSY,20111208,30.65,30.73,30.2,30.23,519800
HNH,20111208,11.11,11.37,10.77,10.77,22500
HNRG,20111208,9.83,9.85,9.74,9.75,10800
HNSN,20111208,2.41,2.44,2.26,2.27,371100
HOFT,20111208,10.68,10.68,10.31,10.38,19400
HOGS,20111208,9.46,9.54,9.25,9.28,115600
HOLI,20111208,8.78,8.9,8.28,8.39,120100
HOLL,20111208,1.23,1.23,1.23,1.23,800
HOLX,20111208,17.21,17.26,16.67,16.71,2118600
HOMB,20111208,24.65,24.65,23.77,23.81,78700
HOME,20111208,10.64,10.71,10.19,10.22,28800
HOTT,20111208,7.45,7.45,7.17,7.18,285800
HOVNP,20111208,1.38,1.42,1.36,1.36,7200
HPCCP,20111208,25.67,25.67,25.57,25.67,400
HPJ,20111208,1.1,1.12,1.1,1.12,2900
HPOL,20111208,0.57,0.66,0.57,0.6,40300
HRZN,20111208,16.06,16.21,15.75,16.2,28400
HSIC,20111208,63.64,63.64,62.16,62.28,379300
HSII,20111208,20.8,21,19.75,19.95,117500
HSKA,20111208,6.81,6.93,6.71,6.93,15000
HSNI,20111208,36.46,36.63,35.74,36.01,309400
HSOL,20111208,1.29,1.32,1.23,1.23,698400
HSTM,20111208,16.79,16.88,16.19,16.46,131700
HTBK,20111208,4.92,4.92,4.62,4.65,32700
HTCH,20111208,1.75,1.77,1.64,1.67,85900
HTCO,20111208,10.78,10.79,10.27,10.32,31900
HTHT,20111208,14,14.15,13.7,13.79,57500
HTLD,20111208,13.7,13.78,13.39,13.42,400900
HTLF,20111208,16.1,16.1,15.36,15.36,20100
HTWR,20111208,68.13,68.89,67.6,67.75,61300
HUBG,20111208,31.52,31.53,30.52,30.58,257400
HURC,20111208,22.56,22.56,20.75,20.81,44600
HURN,20111208,33.72,34,32.64,32.7,155000
HWAY,20111208,6.81,7.32,6.74,6.76,606000
HWBK,20111208,6.19,6.2,5.8,5.8,4200
HWCC,20111208,11.72,11.8,11.63,11.7,86200
HWKN,20111208,38.43,39.02,36.51,36.54,13700
HYGS,20111208,5.4,5.43,5.4,5.43,600
HZNP,20111208,5.18,5.18,4.95,4.96,28000
IACI,20111208,42.04,42.6,41.74,41.83,1977600
IART,20111208,31.87,32.04,31.2,31.27,157400
IBB,20111208,101.41,101.59,99.65,99.88,470900
IBCA,20111208,2.58,2.58,2.45,2.55,42400
IBCP,20111208,1.48,1.48,1.4,1.42,5500
IBCPO,20111208,13.03,13.03,13.03,13.03,0
IBKC,20111208,48.99,49.07,47.79,47.96,107100
IBKR,20111208,15.09,15.09,14.87,14.9,343000
IBOC,20111208,18.12,18.12,17.18,17.24,219100
ICAD,20111208,0.58,0.59,0.55,0.56,55500
ICCC,20111208,5.43,5.43,4.85,4.85,2900
ICFI,20111208,26.51,26.64,25.48,25.52,53800
ICGE,20111208,8.57,8.57,8.06,8.07,124800
ICLN,20111208,9.1,9.1,8.85,8.86,14000
ICLR,20111208,16.25,16.29,16.03,16.1,252300
ICON,20111208,17.4,17.61,17.15,17.26,899700
ICUI,20111208,43.73,43.74,42.99,43.02,33500
IDCC,20111208,42.56,43.16,41.81,41.87,569100
IDIX,20111208,7.47,7.64,7.34,7.42,673900
IDRA,20111208,1.06,1.11,1.05,1.06,27000
IDSA,20111208,5.72,5.79,5.64,5.75,9700
IDSY,20111208,5.16,5.2,4.94,4.94,15500
IDTI,20111208,5.96,6.11,5.7,5.7,1299500
IDXX,20111208,73.94,74.12,71.73,71.88,243900
IESC,20111208,2.1,2.16,2.1,2.1,3000
IFAS,20111208,25.57,25.57,25.1,25.12,400
IFEU,20111208,25.54,25.54,25.19,25.19,1700
IFGL,20111208,26,26.01,25.53,25.54,147000
IFNA,20111208,40.03,40.03,40.03,40.03,100
IFON,20111208,0.67,0.67,0.65,0.67,9700
IFSM,20111208,31.9,31.9,31.29,31.45,35700
IGLD,20111208,11.92,11.92,11.53,11.85,1400
IGOI,20111208,12,13.08,12,12.24,87000
IGOV,20111208,98.57,98.57,97.63,97.63,22400
IGTE,20111208,16.5,16.62,15.96,15.97,205600
III,20111208,1.17,1.18,0.97,1.05,353900
IIIN,20111208,10.49,10.55,10.29,10.35,39700
IIJI,20111208,8.94,8.99,8.8,8.94,10700
IILG,20111208,13.72,13.72,13.28,13.31,136400
IIN,20111208,6.83,6.86,6.75,6.76,3000
IIVI,20111208,18.25,18.29,17.31,17.36,406500
IKAN,20111208,0.78,0.84,0.76,0.76,169900
IKNX,20111208,7.5,7.5,7.5,7.5,100
ILMN,20111208,29.43,29.93,28.75,28.82,2346200
IMGN,20111208,11.69,11.72,11.3,11.35,493100
IMI,20111208,8.42,9.05,8.42,8.74,74000
IMKTA,20111208,15.09,15.14,14.83,14.84,28000
IMMR,20111208,5.91,5.93,5.67,5.72,107500
IMMU,20111208,3.27,3.34,3.21,3.27,267800
IMMY,20111208,1,1,0.505,0.505,16100
IMOS,20111208,5.6,5.62,5.32,5.4,95900
IMRS,20111208,2.79,2.86,2.75,2.83,49400
INAP,20111208,5.35,5.62,5.29,5.51,286900
INCY,20111208,13.64,13.64,13.22,13.4,1280900
INDB,20111208,26.7,26.81,26.06,26.13,59300
INDY,20111208,21.79,21.79,21.28,21.3,47600
INFA,20111208,43.2,44.48,42.98,43.8,2811200
INFI,20111208,9.52,9.55,8.72,8.84,74600
INFN,20111208,6.8,6.88,6.59,6.61,582400
ININ,20111208,24.37,24.37,23.29,23.51,120500
INOC,20111208,1.16,1.16,1.16,1.16,0
INOD,20111208,3.7,3.8,3.7,3.78,21000
INPH,20111208,4.74,4.93,4.56,4.82,2400
INSM,20111208,3.25,3.34,3.06,3.08,61100
INTC,20111208,25.49,25.53,24.63,24.71,58000500
INTG,20111208,20,20,20,20,0
INTL,20111208,24.72,24.72,23.72,23.75,34800
INTT,20111208,2.25,2.38,2.18,2.25,44600
INTU,20111208,53.17,53.85,52.46,52.56,1981900
INTX,20111208,11.28,11.39,10.64,10.7,50600
INVE,20111208,2.05,2.09,1.98,2.01,173100
INWK,20111208,9.4,9.45,9.17,9.29,187900
IOSP,20111208,29.42,29.64,28.75,28.93,119700
IPAR,20111208,18.4,18.5,17.99,18.19,99900
IPAS,20111208,1.37,1.4,1.36,1.37,82700
IPCC,20111208,56.86,56.86,55.08,55.15,28500
IPCI,20111208,3.05,3.07,3,3,14100
IPCM,20111208,46.85,47.83,45.73,45.81,124200
IPGP,20111208,37.5,37.5,34.75,35.4,1888600
IPHS,20111208,49.04,49.48,47.81,48,116500
IPXL,20111208,19.36,19.66,18.79,18.83,496200
IRBT,20111208,32.25,32.58,31.54,31.62,156900
IRDM,20111208,7.43,7.57,7.07,7.07,403700
IRDMZ,20111208,1.19,1.19,1.19,1.19,0
IRIX,20111208,3.59,3.66,3.46,3.46,8100
IROQ,20111208,11.25,11.25,11.2,11.25,1400
IRWD,20111208,12.03,12.13,11.4,11.45,222900
ISBC,20111208,13.47,13.49,13.14,13.14,130400
ISCA,20111208,23.94,24.55,23.94,24.36,216800
ISHG,20111208,98.99,98.99,98.5,98.8,12900
ISIG,20111208,2.07,2.1,2.04,2.04,10600
ISIL,20111208,10.55,10.55,10.14,10.23,1406400
ISIS,20111208,7.03,7.11,6.9,6.9,425500
ISLE,20111208,4.34,4.36,4.15,4.21,87300
ISNS,20111208,6.07,6.15,5.99,6.05,8800
ISRG,20111208,438.52,440.57,429.68,430,194400
ISRL,20111208,88,88,83.57,83.57,1200
ISSC,20111208,3.76,3.99,3.71,3.83,19100
ISSI,20111208,9.45,9.53,9.17,9.21,61900
ITIC,20111208,36.8,36.8,36.8,36.8,100
ITMN,20111208,17.46,17.64,16.62,16.79,1229700
ITRI,20111208,36.4,36.72,35.03,35.14,429600
ITRN,20111208,12.53,12.59,12.22,12.23,6300
IVAC,20111208,7.06,7.19,6.6,6.61,117500
IVAN,20111208,0.92,0.93,0.9,0.91,378500
IXYS,20111208,11.18,11.23,10.66,10.8,115000
JACK,20111208,20.91,21.39,20.47,20.53,343900
JADE,20111208,2.2,2.28,2.18,2.2,56100
JAKK,20111208,18.68,19.39,18.56,18.98,263600
JASO,20111208,8.15,8.2,7.9,7.95,1769800
JAXB,20111208,3,3.67,3,3.26,8400
JAZZ,20111208,37.26,38.5,36.48,36.64,679600
JBHT,20111208,44.88,44.91,43.95,44.04,916300
JBLU,20111208,4.93,4.93,4.73,4.75,7539200
JBSS,20111208,7.57,7.93,7.57,7.75,24100
JCOM,20111208,26.31,27.6,26.31,26.43,412900
JCS,20111208,14.45,14.63,14.27,14.28,11600
JCTCF,20111208,8.02,8.02,8.02,8.02,0
JDSU,20111208,10.53,11.09,10.34,10.39,6579600
JFBI,20111208,2.34,2.34,2.3,2.3,3500
JJSF,20111208,53.19,53.19,51.93,52.03,50200
JKHY,20111208,33.21,33.33,32.73,32.77,361200
JMBA,20111208,1.35,1.39,1.32,1.33,239300
JOBS,20111208,44.84,45,43.88,44.2,30600
JOEZ,20111208,0.62,0.62,0.56,0.56,94400
JOSB,20111208,49.12,49.89,49.07,49.26,321600
JOUT,20111208,15.49,15.71,14.8,14.8,6400
JRCC,20111208,8.2,8.28,7.56,7.63,1644900
JRJC,20111208,1.84,1.88,1.8,1.88,15300
JST,20111208,9,9.24,8.94,9.07,28100
JVA,20111208,8.91,9.46,8.88,8.97,266900
JXSB,20111208,14,14,14,14,1000
KALU,20111208,45.57,46.23,43.53,44,117400
KBALB,20111208,5.82,5.89,5.68,5.71,67700
KCAP,20111208,6.55,6.59,6.39,6.4,58500
KCLI,20111208,31.56,31.64,30.81,30.81,6100
KELYA,20111208,13.68,13.89,13.38,13.39,195900
KEQU,20111208,8.15,8.18,8.15,8.15,1800
KERX,20111208,2.77,2.77,2.6,2.64,1035400
KEYN,20111208,18.95,18.99,18.55,18.69,111300
KEYW,20111208,7.15,8.02,7.15,7.5,169500
KFFB,20111208,9.18,9.18,9.18,9.18,0
KFRC,20111208,11.93,11.99,11.7,11.74,135000
KGJI,20111208,1.39,1.42,1.37,1.42,27400
KINS,20111208,3.2,3.2,3.2,3.2,500
KIOR,20111208,13.06,13.44,11.93,12.18,69100
KIPS,20111208,1.6,1.84,1.6,1.78,4500
KIRK,20111208,12.32,12.4,12.07,12.08,151000
KLAC,20111208,48.69,49.31,47.95,48.05,2847300
KLIC,20111208,9.32,9.49,9,9.03,934400
KNDI,20111208,2.99,2.99,2.87,2.91,31300
KONA,20111208,5.63,5.71,5.6,5.6,31400
KONE,20111208,0.9,0.9,0.67,0.67,14800
KONG,20111208,4.6,4.65,4.46,4.46,15700
KOOL,20111208,0.85,0.88,0.81,0.81,40700
KOPN,20111208,3.75,3.89,3.68,3.68,166300
KOSS,20111208,5.15,5.2,5.11,5.11,700
KRNY,20111208,9.72,9.9,9.44,9.49,43000
KSWS,20111208,2.72,2.87,2.72,2.74,450700
KTCC,20111208,4.76,4.8,4.72,4.72,8000
KTEC,20111208,13.66,13.84,13.62,13.81,1700
KTOS,20111208,6.17,6.19,5.85,5.91,383400
KUTV,20111208,1.21,1.21,1.21,1.21,0
KVHI,20111208,7.83,7.87,7.35,7.4,50700
LABC,20111208,16.18,16.18,16.18,16.18,0
LABL,20111208,24.18,24.18,23.17,23.21,42700
LACO,20111208,1.99,1.99,1.85,1.98,15900
LAKE,20111208,7.57,7.9,7.3,7.58,34600
LAMR,20111208,24.48,24.74,23.39,23.64,933700
LANC,20111208,69.25,69.25,67.6,67.9,75700
LARK,20111208,19.13,19.13,17.04,18.3,3100
LAWS,20111208,15.51,16.22,14.9,15.05,11300
LAYN,20111208,23.02,24.46,23.02,23.36,184800
LBAI,20111208,8.85,8.85,8.3,8.33,42600
LBIX,20111208,3,3,3,3,1600
LBTYA,20111208,40.15,40.56,39.29,39.42,913700
LBTYB,20111208,39.37,39.37,39.37,39.37,0
LBTYK,20111208,38.11,38.86,37.7,37.82,168100
LCAV,20111208,2.86,3,2.76,2.81,40200
LCNB,20111208,13.4,13.4,13.4,13.4,100
LCUT,20111208,11.28,11.7,11.11,11.17,30900
LEAP,20111208,8.91,9.01,8,8.03,3459700
LECO,20111208,38.96,39.31,37.68,37.92,256900
LEDR,20111208,2.6,2.69,2.55,2.56,7200
LEDS,20111208,2.99,3,2.92,2.94,37600
LFUS,20111208,46.37,46.5,44.98,45.12,85900
LGCY,20111208,27.29,27.3,26.25,26.56,162100
LGND,20111208,11.59,11.9,11.59,11.79,122500
LHCG,20111208,13.95,13.96,12.78,12.81,135700
LIFE,20111208,39.6,39.78,39.02,39.05,1250800
LIME,20111208,3.31,3.39,3.19,3.2,12600
LINC,20111208,7.17,7.32,7.15,7.15,97200
LINE,20111208,37.71,37.71,36.51,36.73,858800
LINTA,20111208,15.89,16.03,15.61,15.66,2893100
LINTB,20111208,16.04,16.04,16.04,16.04,0
LION,20111208,6.1,6.15,5.97,5.97,11900
LIOX,20111208,2.24,2.24,2.12,2.14,180400
LIVE,20111208,1.41,1.47,1.25,1.25,1600
LIWA,20111208,5.19,5.29,5.16,5.22,77700
LKFN,20111208,25.11,25.35,24.67,24.74,40800
LKQ,20111208,14.905,14.985,14.775,14.795,601200
LLEN,20111208,3.02,3.06,2.81,2.85,220100
LLNW,20111208,2.97,3.03,2.92,2.97,798300
LLTC,20111208,30.72,31.06,30.03,30.11,2401100
LMAT,20111208,5.41,5.45,5.25,5.28,5100
LMCA,20111208,77.12,77.31,74.02,74.13,731600
LMCB,20111208,74.71,74.84,74.71,74.8,3600
LMIA,20111208,17.23,17.51,16.98,17.17,57600
LMNR,20111208,16.38,16.38,15.7,15.71,6900
LMNX,20111208,20.32,20.44,19.71,19.75,172000
LMOS,20111208,13.51,14.05,13.3,13.8,46100
LNBB,20111208,4.36,4.4,4.32,4.4,6700
LNCE,20111208,20.6,20.98,20.6,20.64,197500
LNDC,20111208,5.63,5.63,5.4,5.42,87000
LOAN,20111208,1.05,1.05,1.05,1.05,0
LOCM,20111208,2.28,2.32,2.21,2.28,74900
LOGI,20111208,8.18,8.24,8.04,8.13,672300
LOGM,20111208,43.56,43.8,41.72,41.99,228500
LOJN,20111208,2.93,3,2.93,2.93,76600
LONG,20111208,13.75,13.83,13.26,13.47,7400
LOOK,20111208,1.32,1.36,1.31,1.31,12000
LOPE,20111208,15.12,15.2,14.61,14.68,215300
LORL,20111208,62.98,62.98,61.3,61.42,39300
LPHI,20111208,6.93,6.95,6.39,6.57,159100
LPLA,20111208,29.32,29.35,28.87,29.01,114600
LPNT,20111208,38.53,38.73,37.18,37.29,158700
LPSB,20111208,7.6,7.6,7.6,7.6,0
LPSN,20111208,12.93,13.04,12.68,12.87,241100
LPTH,20111208,1.1,1.1,1.1,1.1,5200
LQDT,20111208,37.56,38.08,36.46,36.5,353500
LRAD,20111208,1.68,1.74,1.63,1.68,43900
LRCX,20111208,42.51,43.27,41.6,41.74,1414400
LSBI,20111208,13.62,13.62,13.47,13.47,900
LSBK,20111208,9.74,9.74,9.74,9.74,0
LSCC,20111208,6.88,6.98,6.57,6.59,1227200
LSTR,20111208,46.15,46.59,45.28,45.6,479100
LTBR,20111208,2.3,2.48,2.3,2.35,20000
LTON,20111208,1.32,1.39,1.3,1.38,101200
LTRE,20111208,6.89,6.9,6.31,6.31,6000
LTRX,20111208,1.75,1.81,1.63,1.81,10900
LTXC,20111208,6.62,6.62,6.03,6.04,230300
LUFK,20111208,69.33,71.54,68.15,70.17,611500
LULU,20111208,45.56,46.66,45.18,45.86,4136200
LUNA,20111208,1.2,1.21,1.13,1.21,4200
LWAY,20111208,9.77,9.85,9.42,9.45,7300
LXRX,20111208,1.17,1.17,1.12,1.12,531900
LYTS,20111208,6.41,6.43,5.9,6.03,112300
MAGS,20111208,4.35,4.35,3.89,4.12,157700
MAKO,20111208,26.88,26.98,25.32,25.49,1004600
MANH,20111208,45.53,45.73,44.54,44.61,98700
MANT,20111208,32.75,33.25,32.19,32.29,147300
MARPS,20111208,23.8,23.8,23.79,23.8,300
MASC,20111208,8.25,8.29,8.02,8.02,14900
MASI,20111208,20.43,20.55,19.94,19.98,463700
MAT,20111208,28.95,28.98,28.19,28.26,2808700
MATR,20111208,4.7,4.7,4.4,4.4,3600
MATW,20111208,33.59,33.59,31.58,31.71,115900
MAXY,20111208,5.5,5.57,5.49,5.5,73700
MAYS,20111208,14.77,14.77,14.77,14.77,1000
MBFI,20111208,17.12,17.33,16.34,16.39,229600
MBLX,20111208,4.65,4.7,4.19,4.19,137300
MBND,20111208,3.27,3.31,3.25,3.26,9500
MBRG,20111208,14.4,14.4,14.3,14.3,3300
MBTF,20111208,0.99,1.05,0.99,1,3500
MBVT,20111208,27.69,27.72,27.12,27.12,5800
MBWM,20111208,9.5,9.7,9.5,9.53,5100
MCBC,20111208,2.21,2.29,2.21,2.23,2300
MCBI,20111208,5.63,5.63,5.47,5.47,300
MCGC,20111208,4.59,4.6,4.35,4.36,459400
MCHP,20111208,34.87,35.23,34.57,34.65,1807300
MCHX,20111208,7.11,7.31,7.05,7.07,294400
MCOX,20111208,6.6,7.1,6.6,6.75,50300
MCRI,20111208,9.88,9.88,9.16,9.4,37200
MCRL,20111208,10.49,10.63,10.27,10.29,431100
MCRS,20111208,46.56,46.93,45.67,45.88,139900
MDAS,20111208,9.58,9.58,9.29,9.42,793500
MDCA,20111208,14.69,14.86,14.04,14.08,59100
MDCI,20111208,4.93,4.97,4.74,4.8,67600
MDCO,20111208,19.45,19.53,19.34,19.38,413400
MDH,20111208,2.42,2.42,2.34,2.4,17500
MDRX,20111208,18.66,18.81,18.12,18.12,2072300
MDSO,20111208,21.65,21.65,20.57,20.59,130900
MDVN,20111208,48.11,49.66,47.72,47.76,569400
MEAD,20111208,3.1,3.1,3,3.01,1500
MEAS,20111208,28.72,28.9,27.79,27.99,55000
MELA,20111208,4.47,4.57,4.28,4.3,109700
MELI,20111208,92.64,93.33,88.91,89.31,746500
MEMS,20111208,2.62,2.62,2.55,2.6,3000
MENT,20111208,12.6,12.78,12.25,12.33,685500
MEOH,20111208,23.66,23.82,22.72,22.77,301300
MERC,20111208,5.91,5.97,5.78,5.88,262300
MERU,20111208,4.02,4.03,3.69,3.78,172100
METR,20111208,8.56,8.61,8.25,8.26,27300
MFI,20111208,5.6,5.84,5.52,5.66,6300
MFLR,20111208,7.99,7.99,7.69,7.69,1400
MFLX,20111208,19.72,20.03,19.38,19.42,102600
MFNC,20111208,5.25,5.25,5.25,5.25,0
MFRI,20111208,6.5,6.5,6.3,6.48,2900
MFRM,20111208,21.75,22.06,21.75,21.94,155700
MFSF,20111208,7,7.01,6.93,6.94,7400
MGAM,20111208,7.26,7.48,7.23,7.33,144800
MGEE,20111208,44.15,44.3,43.52,43.54,67300
MGIC,20111208,5.6,5.63,5.44,5.46,85000
MGLN,20111208,49.55,49.62,47.4,47.43,259200
MGPI,20111208,5.09,5.09,4.51,4.52,40300
MGRC,20111208,27.56,27.6,27.2,27.42,82000
MGYR,20111208,2.67,2.67,2.67,2.67,0
MHGC,20111208,6.38,6.41,6,6,81200
MHLD,20111208,8.54,8.61,8.39,8.47,294700
MIDD,20111208,94.33,95.3,93.44,94.29,135700
MIND,20111208,19.2,19.75,18.21,19.5,450400
MINI,20111208,17.17,17.24,16.61,16.66,101200
MITK,20111208,8.18,8.68,7.99,8.3,617200
MITL,20111208,2.95,3.15,2.84,2.84,45500
MKSI,20111208,27.37,27.98,26.69,26.69,397300
MKTAY,20111208,34.28,34.29,33.69,33.69,2300
MKTG,20111208,9.07,9.28,8.92,8.94,295400
MKTX,20111208,28.57,28.81,27.93,28,175800
MLAB,20111208,39.82,39.82,39.81,39.81,200
MLHR,20111208,20.72,20.99,19.89,19.98,226500
MLNK,20111208,5.11,5.19,5,5.13,231600
MLNX,20111208,35.57,35.98,34.49,34.6,176200
MLVF,20111208,6.08,6.08,6.08,6.08,0
MMLP,20111208,33.38,33.44,32.99,33.07,44400
MMSI,20111208,12.98,13.07,12.85,12.88,248600
MMUS,20111208,4.51,4.51,4.43,4.5,4200
MMYT,20111208,23.65,24.1,23.27,23.75,90800
MNDO,20111208,1.87,1.9,1.86,1.88,32000
MNGL,20111208,9.55,9.55,9.55,9.55,0
MNGLU,20111208,10.28,10.28,10.28,10.28,0
MNGLW,20111208,0.66,0.66,0.66,0.66,0
MNKD,20111208,2.99,3.03,2.95,2.95,445500
MNOV,20111208,2,2.01,1.97,1.97,4800
MNRK,20111208,6.4667,6.75,6.3833,6.625,10800
MNRO,20111208,38.52,39.21,38.43,38.71,167800
MNST,20111208,47.61,48.23,47.445,47.675,615900
MNTA,20111208,15.8,15.97,15.26,15.28,816400
MNTG,20111208,1.81,1.95,1.78,1.87,56500
MNTX,20111208,4.1,4.17,4.05,4.15,104800
MOBI,20111208,3.59,3.84,3.59,3.71,75200
MOCO,20111208,15.91,16,15.55,15.8,3800
MOFG,20111208,14.55,14.55,14.25,14.25,9600
MOLX,20111208,24.6,24.82,23.99,24.1,683500
MOLXA,20111208,20.38,20.52,20.07,20.18,145100
MORN,20111208,59,59.47,58.52,58.6,56900
MOSY,20111208,2.99,3.05,2.86,2.89,50100
MOVE,20111208,6.21,6.33,6.07,6.12,232100
MPAA,20111208,7.22,7.35,6.94,6.98,83400
MPAC,20111208,6.19,6.3,6.01,6.01,700
MPB,20111208,8.04,8.04,8.04,8.04,100
MPEL,20111208,9.63,9.66,9.04,9.05,5829200
MPET,20111208,1.11,1.14,1.11,1.11,57200
MPWR,20111208,14,14.5,13.92,14.01,682700
MRCY,20111208,12.85,12.92,12.38,12.4,121900
MRGE,20111208,5.05,5.16,4.7,4.7,736400
MRLN,20111208,12.75,12.8,12.39,12.5,14800
MRTN,20111208,18.84,18.86,18.08,18.13,45800
MRVL,20111208,14.35,14.55,14.12,14.15,8549000
MSBF,20111208,5.02,5.02,5,5,900
MSCC,20111208,17.95,18.09,17.49,17.56,912200
MSEX,20111208,18.19,18.19,17.86,17.91,64800
MSFG,20111208,8.49,8.62,8.13,8.16,54700
MSFT,20111208,25.52,25.72,25.37,25.4,60522100
MSG,20111208,29.16,30.37,29.11,29.59,701700
MSON,20111208,1.87,2,1.87,1.89,800
MSPD,20111208,5.13,5.19,5.01,5.03,129400
MSTR,20111208,119.51,123.76,119.1,119.37,77000
MTEX,20111208,5.6,5.8,5.2,5.4,17500
MTGE,20111208,17.7,17.75,17.56,17.63,61300
MTRX,20111208,8.83,8.96,8.44,8.55,175300
MTSC,20111208,39.48,39.93,38.9,39.2,46600
MTSL,20111208,1.5,1.5,1.37,1.37,300
MTSN,20111208,1.39,1.45,1.34,1.34,135100
MU,20111208,5.97,6.1,5.78,5.82,32615700
MVIS,20111208,3.6,3.6,2.88,2.88,1179300
MVISW,20111208,0.11,0.11,0.11,0.11,0
MWIV,20111208,68.47,68.66,66.43,66.46,70200
MXIM,20111208,25.46,25.9,25.29,25.32,2416100
MXWL,20111208,16.35,16.35,15.58,15.64,145900
MYGN,20111208,20.53,20.64,19.92,19.92,622700
MYL,20111208,19.81,19.89,19.31,19.37,9096600
MYRG,20111208,17,17.33,16.89,16.99,123000
NAFC,20111208,28.72,28.9,27.61,27.71,37200
NAII,20111208,8.25,8.43,8,8.43,29400
NANO,20111208,17.76,17.94,16.98,17.08,112200
NASB,20111208,9.3,9.59,9.3,9.47,6200
NATH,20111208,21,21.1,20.95,21,17500
NATI,20111208,26.41,26.55,25.51,25.61,188700
NATL,20111208,25.36,25.36,24.15,24.29,8900
NATR,20111208,16.17,16.69,15.3,15.52,52800
NAUH,20111208,7.71,7.88,7.27,7.31,24800
NAVG,20111208,47.44,47.96,46.23,46.29,47100
NAVR,20111208,1.66,1.66,1.61,1.63,16500
NBBC,20111208,3.89,3.99,3.76,3.8,24600
NBIX,20111208,7.12,7.33,7.11,7.22,291600
NBN,20111208,11.34,11.37,11.34,11.35,4300
NBTB,20111208,21.49,21.49,20.78,20.78,127900
NBTF,20111208,19,19,19,19,0
NCBC,20111208,2.35,2.4,2.35,2.4,22000
NCIT,20111208,11.88,12,11.14,11.16,16300
NCMI,20111208,12.96,13.07,12.55,12.55,249300
NCTY,20111208,6.79,7.22,6.79,7.07,47000
NDAQ,20111208,25.47,25.47,24.84,24.86,1799200
NDSN,20111208,47.44,47.71,45.95,46.24,176200
NECB,20111208,5.7,5.7,5.7,5.7,1200
NEOG,20111208,35.1,35.1,33.93,34.21,85100
NEPT,20111208,2.9,2.93,2.87,2.9,16100
NETC,20111208,9.3,9.5,9.19,9.42,12900
NEWL,20111208,0.65,0.65,0.65,0.65,0
NEWP,20111208,13.65,13.68,13.14,13.17,190300
NEWS,20111208,9.96,10.07,9.76,9.77,62500
NEWT,20111208,1.06,1.16,1.05,1.06,31100
NFBK,20111208,14.19,14.19,13.83,13.88,30200
NFEC,20111208,0.52,0.52,0.52,0.52,100
NFLX,20111208,71.51,72.95,69.09,69.42,6099000
NFSB,20111208,12.5,12.55,12.5,12.55,1600
NGPC,20111208,7.5,7.57,7.44,7.45,91600
NHTB,20111208,11.82,11.82,11.5,11.5,4900
NICE,20111208,33.58,34.11,33.37,33.93,114900
NICK,20111208,11.8,11.9,11.8,11.85,19700
NIHD,20111208,21.29,21.3,20.02,20.03,3664700
NILE,20111208,39.06,39.62,38.87,39.56,297500
NINE,20111208,1.3,1.3,1.3,1.3,7100
NKSH,20111208,27.22,27.23,26.56,26.7,17900
NKTR,20111208,5.35,5.5,5.06,5.14,2941200
NLNK,20111208,7,7.08,7,7,454400
NLST,20111208,2.94,3.09,2.93,2.94,242800
NMRX,20111208,7.97,7.97,7.5,7.52,16900
NNBR,20111208,6.07,6.29,5.86,5.9,81000
NOVB,20111208,9.75,9.75,9.75,9.75,0
NPBC,20111208,8.36,8.41,8.12,8.14,1091000
NPSP,20111208,5.95,6.07,5.87,5.98,597900
NRCI,20111208,33.63,34.61,33.63,34.05,5600
NRIM,20111208,17.8,17.83,17.62,17.62,2300
NSEC,20111208,7.82,7.96,7.77,7.96,1600
NSIT,20111208,15.79,15.89,15.2,15.2,184900
NSPH,20111208,1.47,1.5,1.4,1.4,67700
NSSC,20111208,2.1,2.24,2.05,2.13,21200
NSYS,20111208,3.26,3.26,3.26,3.26,100
NTAP,20111208,37.37,37.74,36.88,37.1,4633300
NTCT,20111208,17.3,17.32,16.34,16.39,235000
NTES,20111208,45.98,46.7,45.38,46.13,379800
NTGR,20111208,37.03,37.03,35.44,35.55,399400
NTIC,20111208,12.4,12.46,12.35,12.46,1300
NTK,20111208,25.7,25.7,25.7,25.7,0
NTLS,20111208,21.17,21.26,20.78,20.8,79000
NTRI,20111208,12.24,12.37,12.01,12.25,419800
NTRS,20111208,40.16,40.22,38.89,38.97,2460700
NTSC,20111208,4.53,4.53,4.53,4.53,200
NTSP,20111208,6.84,7,6.75,6.81,213300
NTWK,20111208,4.7,4.7,4.5,4.5,88100
NUAN,20111208,24.42,24.52,23.77,23.77,2062800
NUCL,20111208,33.08,33.08,33,33,600
NURO,20111208,8.7,9.3,8.7,8.76,52400
NUTR,20111208,11.26,11.66,11.02,11.07,18600
NUVA,20111208,13.65,13.75,12.91,12.94,786400
NVAX,20111208,1.47,1.5,1.39,1.42,716000
NVDA,20111208,15.02,15.27,14.64,14.69,12288700
NVEC,20111208,56.77,57.33,54.99,54.99,15600
NVGN,20111208,0.47,0.47,0.44,0.46,3700
NVMI,20111208,6.6,6.73,6.28,6.47,138800
NVSL,20111208,6.97,6.97,6.97,6.97,0
NVTL,20111208,3.01,3.09,2.91,2.91,146200
NWBI,20111208,12.33,12.33,12,12,371300
NWFL,20111208,24.2,24.44,24.1,24.11,2500
NWLI,20111208,139.51,139.51,136.2,136.2,3600
NWPX,20111208,23.13,23.25,22.26,22.32,31800
NWS,20111208,17.96,18.04,17.61,17.61,3469700
NWSA,20111208,17.64,17.65,17.12,17.15,17691500
NXPI,20111208,18.22,18.68,17.73,17.8,1356100
NXST,20111208,7.73,7.89,7.66,7.68,26300
NXTM,20111208,19.16,19.16,17.41,17.42,804300
NYMT,20111208,6.87,6.87,6.7,6.75,73800
NYMX,20111208,7.81,7.86,7.42,7.54,76300
NYNY,20111208,0.65,0.67,0.6,0.6,69600
OABC,20111208,14.99,15.17,14.81,14.81,34900
OBAF,20111208,14.36,14.36,14.36,14.36,0
OBAS,20111208,6.8,6.8,6.8,6.8,0
OBCI,20111208,2.06,2.09,2.06,2.06,8000
OCC,20111208,3.37,3.37,3.3,3.3,1000
OCFC,20111208,12.88,12.88,12.65,12.73,45200
OCLR,20111208,2.84,3.14,2.78,2.8,1163900
OCLS,20111208,10.22,11.13,9.87,10.08,62200
OCZ,20111208,7.67,7.67,7.51,7.59,941000
ODFL,20111208,25.9933,26.0667,25.4667,25.5267,294600
OFED,20111208,11.25,11.25,11.25,11.25,0
OFIX,20111208,34,34,32.9,32.96,80700
OFLX,20111208,13.21,13.41,13.21,13.26,3000
OGXI,20111208,11.46,11.46,10.66,10.68,36000
OIIM,20111208,4.38,4.4,4.24,4.3,84900
OINK,20111208,1.41,1.51,1.41,1.51,4400
OKSB,20111208,4.89,4.92,4.62,4.74,106700
OKSBP,20111208,18.5,18.5,18,18,2700
OLBK,20111208,8,8.15,8,8.15,300
OMAB,20111208,13.51,13.51,13.5,13.5,900
OMCL,20111208,16.73,16.9,16.34,16.36,204700
OMER,20111208,4.02,4.03,3.96,4,8300
OMEX,20111208,2.37,2.42,2.15,2.28,823200
OMPI,20111208,9.92,9.93,9.62,9.65,33300
ONCY,20111208,4.1,4.15,3.97,3.98,52100
ONEQ,20111208,103.67,104.29,102.6,102.6,21700
ONFC,20111208,9.2,9.2,9.15,9.15,600
ONNN,20111208,8.08,8.18,7.95,7.96,7227900
ONTY,20111208,8.01,8.25,7.84,8.11,766700
ONVI,20111208,3,3.05,2.76,2.83,3700
ONXX,20111208,41.35,41.54,39.86,40.01,2171800
OPEN,20111208,37.44,37.72,35.73,36.15,682600
OPHC,20111208,0.59,0.59,0.59,0.59,0
OPLK,20111208,16.13,16.35,15.56,15.63,107600
OPOF,20111208,9.39,9.39,9,9.1,8000
OPTR,20111208,12.29,12.31,11.74,11.85,573900
OPTT,20111208,3.3,3.33,3.1,3.18,73900
OPXA,20111208,4.64,4.96,4.36,4.72,87800
ORBC,20111208,3.11,3.15,3.03,3.03,57500
ORBK,20111208,10.44,10.5,10.37,10.39,84300
ORBT,20111208,3.56,3.56,3.4,3.5,6800
ORCL,20111208,31.25,31.5,30.65,30.74,24494300
OREX,20111208,1.75,1.77,1.7,1.7,223100
ORIG,20111208,12.59,12.85,12.36,12.36,106200
ORIT,20111208,12.87,12.87,12.55,12.55,221300
ORLY,20111208,78.41,79.66,78.4,78.92,886700
ORRF,20111208,8.26,8.26,7.95,7.97,18200
OSBC,20111208,1.35,1.35,1.28,1.29,56000
OSBCP,20111208,4.1,4.1,4.1,4.1,200
OSHC,20111208,10.2,10.2,10.2,10.2,100
OSIR,20111208,4.83,4.89,4.66,4.66,45500
OSIS,20111208,47.29,47.92,45.67,45.72,126600
OSN,20111208,0.84,0.9,0.84,0.9,33000
OSTK,20111208,7.9,8,7.79,7.85,50300
OSUR,20111208,9.55,9.78,9.46,9.47,242000
OTEX,20111208,54.86,55.1,53.92,54.3,189200
OTIV,20111208,1.37,1.4,1.3,1.34,72400
OTT,20111208,15.56,15.8,15.3,15.3,54800
OTTR,20111208,21.46,21.53,20.92,20.94,108800
OUTD,20111208,7.1,7.2,7.06,7.15,22600
OVBC,20111208,18.48,18.48,18.48,18.48,100
OVLY,20111208,6.74,6.74,6.74,6.74,0
OVRL,20111208,2.17,2.25,2.11,2.11,8600
OVTI,20111208,12.6,13.06,12.51,12.57,3360300
OXBT,20111208,2.22,2.3,2.09,2.22,28800
OXGN,20111208,1.03,1.05,0.99,1.03,279700
OXLC,20111208,13.55,13.99,13.55,13.95,14700
OZRK,20111208,27.62,27.62,27.02,27.08,137000
PAAS,20111208,24.41,24.72,23.81,24.44,1293600
PACB,20111208,2.69,2.72,2.54,2.55,319700
PACQ,20111208,9.41,9.41,9.41,9.41,31900
PACQW,20111208,0.35,0.35,0.35,0.35,0
PACR,20111208,4.46,4.56,4.36,4.4,142600
PACW,20111208,18.61,18.61,17.64,17.94,99100
PAGG,20111208,27.53,27.66,26.85,26.85,24800
PANL,20111208,41.01,41.44,38.66,38.96,974900
PATH,20111208,2.27,2.3,2.18,2.18,37400
PATK,20111208,3.57,3.58,3.17,3.35,5500
PATR,20111208,21.62,22.01,20.79,20.79,5400
PAYX,20111208,29.48,29.73,29.34,29.41,2274700
PBCT,20111208,12.61,12.63,12.19,12.21,6605700
PBHC,20111208,9.86,9.86,9.86,9.86,100
PBIB,20111208,2.36,2.36,2.12,2.2,4900
PBIP,20111208,4.91,4.91,4.91,4.91,0
PBSK,20111208,10.8,10.8,10.8,10.8,200
PCAR,20111208,39.56,40.09,38.64,38.74,2494800
PCBK,20111208,9.36,9.47,9.2,9.4,53600
PCCC,20111208,10.61,10.97,10.33,10.35,54600
PCH,20111208,30.45,30.77,29.9,30.06,346600
PCLN,20111208,482.86,486,477,479.46,860500
PCO,20111208,2.62,2.64,2.46,2.51,226700
PCOM,20111208,8.17,8.5,8,8.33,177500
PCRX,20111208,8.28,8.3,8.06,8.15,227200
PCTI,20111208,7.05,7.05,6.82,6.83,6100
PCYC,20111208,14.85,15.1,14.45,14.62,615200
PCYO,20111208,1.97,2.07,1.97,2,18300
PDCO,20111208,29.93,29.93,29.18,29.21,979800
PDEX,20111208,2.28,2.28,2.28,2.28,0
PDFS,20111208,6.22,6.28,6.01,6.1,82800
PDII,20111208,7.35,7.64,7.17,7.17,12100
PDLI,20111208,6.12,6.18,6,6,1147600
PEBK,20111208,5.45,5.45,5.45,5.45,0
PEBO,20111208,13.75,13.97,13.53,13.54,23500
PEGA,20111208,30.62,31.39,30.56,30.8,281600
PEIX,20111208,1.25,1.36,1.24,1.29,4850300
PENN,20111208,36.28,36.39,35.03,35.15,964300
PENX,20111208,4.91,5.05,4.9,5.03,1000
PEOP,20111208,13.31,13.35,13.31,13.35,4800
PERF,20111208,18.64,18.64,18,18,500
PERI,20111208,3.61,3.61,3.53,3.54,32400
PERY,20111208,14.31,14.46,13.7,13.97,474200
PESI,20111208,1.5,1.54,1.5,1.5,27900
PETM,20111208,48.72,49.47,48.57,48.68,623300
PETS,20111208,9.41,9.64,9.3,9.31,215600
PFBC,20111208,7.66,7.66,7.66,7.66,200
PFBI,20111208,4.99,4.99,4.9,4.9,9600
PFBX,20111208,10.45,10.45,10.45,10.45,0
PFIN,20111208,3.4,3.65,3.4,3.65,900
PFLT,20111208,10.74,10.88,10.57,10.79,85900
PFSW,20111208,2.98,3.08,2.72,2.78,48400
PGC,20111208,10.17,10.17,9.93,9.93,3200
PGNX,20111208,7.37,7.42,7.16,7.22,77900
PGTI,20111208,1.13,1.16,1.1,1.15,22300
PHII,20111208,22.49,22.49,22.49,22.49,0
PHIIK,20111208,23.53,23.53,22.12,22.14,19300
PHMD,20111208,15.65,15.65,15.35,15.43,300
PICO,20111208,21.85,21.91,21.28,21.4,72900
PKBK,20111208,6.04,6.04,6.02,6.02,200
PKOH,20111208,19.05,19.64,18.99,19.2,69200
PLAB,20111208,6,6.15,5.89,5.96,838800
PLBC,20111208,2.5,2.52,2.5,2.51,2800
PLCC,20111208,0.68,0.68,0.68,0.68,0
PLCE,20111208,54.96,55.96,54.43,55.03,461200
PLCM,20111208,16.47,16.8,16.25,16.36,2244000
PLMT,20111208,6.25,6.25,6.25,6.25,0
PLNR,20111208,1.91,1.98,1.91,1.92,12100
PLPC,20111208,54.21,54.63,53.66,53.66,4600
PLTM,20111208,19.68,19.68,19.01,19.1,4900
PLUG,20111208,2.25,2.4,2.2,2.2,230100
PLUS,20111208,27.04,28.22,26.9,27.16,12100
PLXS,20111208,27.91,28.47,27.9,28.03,376300
PLXT,20111208,2.82,2.9,2.79,2.79,141600
PMBC,20111208,3.12,3.29,3.1,3.11,9900
PMCS,20111208,5.51,5.55,5.41,5.42,3898300
PMD,20111208,8.8,9.14,8.71,8.71,2700
PMFG,20111208,20.92,21.03,19.69,19.86,54900
PMNA,20111208,10.87,10.87,10.72,10.72,2700
PMTC,20111208,20.7,20.81,20.12,20.18,1008600
PMTI,20111208,7.77,7.81,7.5,7.5,135100
PNBK,20111208,1.84,1.85,1.84,1.85,9900
PNFP,20111208,15.56,15.56,15.01,15.02,184100
PNNT,20111208,10.65,10.74,10.37,10.4,294800
PNQI,20111208,34.98,35.24,34.74,34.76,11100
PNRA,20111208,141,141.94,138.2,138.46,421000
PNRG,20111208,20.6,20.6,20.28,20.28,3200
PNTR,20111208,3.79,3.79,3.79,3.79,400
PODD,20111208,18.46,18.56,17.75,17.79,318200
POOL,20111208,29.99,30,29.11,29.15,150200
POPE,20111208,43,43.46,42.61,43.01,4200
POWI,20111208,36.03,36.4,35.39,35.56,204000
POWL,20111208,35.25,35.37,32.56,32.66,88100
POWR,20111208,5.72,5.75,5.41,5.49,108600
POZN,20111208,3.81,3.84,3.72,3.8,113000
PPBI,20111208,6.33,6.45,6.31,6.31,2300
PPHM,20111208,1.16,1.18,1.11,1.11,810000
PRAA,20111208,68.64,69.33,67.47,67.77,47100
PRAN,20111208,1.57,1.58,1.54,1.55,46400
PRCP,20111208,5.16,5.2,5.09,5.12,13800
PRFT,20111208,8.04,8.19,7.68,7.76,240200
PRFZ,20111208,60.1,60.27,58.84,58.84,40600
PRGO,20111208,99.17,99.93,97.1,97.39,608100
PRGS,20111208,21.09,21.29,20.79,20.82,398200
PRGX,20111208,5.79,5.79,5.63,5.63,45100
PRIM,20111208,14.7,14.92,14.4,14.42,138000
PRKR,20111208,0.99,0.99,0.95,0.96,67000
PRLS,20111208,3.89,3.9,3.62,3.89,9600
PRMW,20111208,3.11,3.11,2.92,2.99,561900
PROV,20111208,9.25,9.28,9.16,9.24,800
PRPH,20111208,1.15,1.2,1.09,1.12,7900
PRSC,20111208,12.35,12.49,12.14,12.14,42300
PRTS,20111208,4.57,4.66,4.42,4.44,70900
PRXI,20111208,1.7,1.71,1.69,1.7,53400
PRXL,20111208,19.34,19.89,18.94,19.09,583400
PSAU,20111208,44.28,44.48,43.82,43.82,2100
PSBH,20111208,4.75,4.75,4.75,4.75,0
PSCC,20111208,30.27,30.27,30.03,30.03,9000
PSCD,20111208,27.18,27.18,26.69,26.69,2000
PSCE,20111208,34.76,34.76,34.03,34.32,8900
PSCF,20111208,26.3,26.57,25.73,25.73,1900
PSCH,20111208,30.9,30.9,30.2,30.2,29500
PSCI,20111208,27.45,27.45,26.91,26.91,1900
PSCM,20111208,25.47,25.52,25.47,25.52,400
PSCT,20111208,28.29,28.29,27.6,27.6,5400
PSCU,20111208,30.22,30.22,29.43,29.43,3800
PSDV,20111208,1.31,1.35,1.28,1.28,69200
PSEC,20111208,9.4,9.44,9.14,9.14,1084300
PSEM,20111208,7.54,7.84,7.51,7.69,128200
PSMT,20111208,66.74,66.86,65.32,66.06,199500
PSTB,20111208,3.66,3.68,3.56,3.57,60800
PSTI,20111208,2.45,2.5,2.44,2.48,28600
PSTR,20111208,2.5,2.5,2.45,2.46,21200
PSUN,20111208,1.79,1.93,1.45,1.49,6371900
PTEK,20111208,0.71,0.78,0.63,0.63,6600
PTEN,20111208,20.85,21.2,20.5,20.72,4223500
PTIE,20111208,3.7,3.7,3.57,3.57,96600
PTIX,20111208,1.86,1.86,1.86,1.86,1500
PTNR,20111208,9.2,9.21,8.87,8.88,141500
PTRY,20111208,12.34,12.64,12.1,12.12,120200
PTSI,20111208,9.4,9.61,9.37,9.45,10900
PTSX,20111208,0.99,1.05,0.99,1,4200
PULB,20111208,7.03,7.03,6.9,7,5100
PURE,20111208,0.5,0.5,0.43,0.45,130900
PVFC,20111208,1.75,1.85,1.67,1.7,18300
PVTB,20111208,9.9,10.1,9.41,9.43,416200
PVTBP,20111208,26.2,26.2,26.05,26.05,8000
PWER,20111208,4.24,4.31,3.92,3.93,3285600
PWOD,20111208,37.73,37.99,36.51,36.51,6900
PWRD,20111208,11.13,11.35,11.03,11.28,523100
PWX,20111208,12,12,11.49,11.6,1400
PXLW,20111208,2,2.08,1.85,2.02,6400
PZZA,20111208,37,37.32,36.72,36.84,169500
PZZI,20111208,6.98,7.07,6.59,6.7,224400
QABA,20111208,22.5,22.5,22.05,22.08,2600
QADA,20111208,11.24,11.24,10.57,10.65,28600
QADB,20111208,10.79,10.79,10.79,10.79,0
QBAK,20111208,1.81,1.81,1.8,1.8,25800
QCCO,20111208,3.84,3.97,3.79,3.79,14200
QCLN,20111208,10.37,10.37,10.09,10.09,3800
QCOM,20111208,54.05,54.99,53.88,54.07,12009600
QCOR,20111208,42.33,43.11,42,42.51,1313200
QCRH,20111208,9.02,9.02,8.93,8.93,3300
QDEL,20111208,17.71,17.83,17.34,17.37,133700
QGEN,20111208,14.64,14.65,14.18,14.19,1418800
QKLS,20111208,21.6,21.84,21.12,21.84,10400
QLGC,20111208,14.86,15.1,14.79,14.96,908800
QLIK,20111208,29.4,30.46,29.26,29.54,858100
QLTI,20111208,6.66,6.73,6.53,6.57,78200
QLTY,20111208,9.92,10.23,9.69,9.96,77000
QNST,20111208,9.59,9.69,9.23,9.28,239300
QQEW,20111208,23.5,23.54,23.03,23.04,18000
QQQ,20111208,56.74,57.15,56.01,56.12,51692500
QQQX,20111208,13.48,13.67,13.4,13.42,39800
QQXT,20111208,21.17,21.19,20.88,20.88,1000
QSII,20111208,36.09,36.15,35.34,35.38,514600
QTEC,20111208,24.72,24.84,24.29,24.3,43500
QTWW,20111208,1.68,1.68,1.43,1.5,181600
QUIK,20111208,3.07,3.08,2.86,2.86,159700
RADA,20111208,1.85,1.85,1.78,1.8,1300
RAIL,20111208,22.15,22.34,21.62,21.68,64200
RAND,20111208,2.97,2.97,2.97,2.97,1200
RAVN,20111208,29.505,29.925,29.085,29.105,56000
RBCAA,20111208,21.01,21.35,20.67,20.77,22800
RBCN,20111208,9.8,10.28,9.53,9.72,325300
RBNF,20111208,2.85,2.85,2.85,2.85,700
RBPAA,20111208,1.22,1.49,1.17,1.26,25000
RCII,20111208,35.59,35.88,35.11,35.42,535600
RCKB,20111208,10.23,10.25,10.12,10.15,55200
RCKY,20111208,9.32,9.32,9.09,9.11,6200
RCMT,20111208,5.1,5.16,5.05,5.05,2500
RCON,20111208,0.48,0.54,0.48,0.48,2300
RDA,20111208,10.6,10.7,10.6,10.7,12600
RDCM,20111208,4.01,4.25,3.99,4.22,7600
RDEN,20111208,36,36.44,35.67,36.07,182500
RDI,20111208,4.25,4.28,4.16,4.27,16200
RDIB,20111208,5.5,5.5,5.5,5.5,0
RDNT,20111208,2.37,2.42,2.21,2.23,110200
RDWR,20111208,13.705,13.89,13.705,13.795,117900
RECN,20111208,10.74,10.88,10.28,10.28,135300
RECV,20111208,5.29,5.3,4.68,4.76,9000
REDF,20111208,7.76,7.98,7.57,7.65,198000
REFR,20111208,3.62,3.77,3.6,3.64,21300
REGN,20111208,52.79,53.72,50.88,51.39,1140600
REIS,20111208,8.9,9.25,8.8,9.1,6900
RELL,20111208,12.19,12.35,11.98,11.99,56800
RELV,20111208,1.26,1.33,1.25,1.25,12300
RENT,20111208,14.2,14.38,14.06,14.13,35500
REXI,20111208,4.76,4.9,4.7,4.73,7500
REXX,20111208,15.69,15.75,14.21,14.3,1107500
RFIL,20111208,3.51,3.66,3.51,3.65,5800
RFMD,20111208,5.81,5.85,5.48,5.48,9359600
RGCO,20111208,18,18.03,17.92,17.92,1600
RGDX,20111208,1.62,1.63,1.37,1.37,1700
RGEN,20111208,3.24,3.32,3.24,3.25,10400
RGLD,20111208,79.39,79.52,77.35,77.8,557000
RICK,20111208,7.86,7.92,7.75,7.75,33500
RIGL,20111208,7.56,7.6,7.18,7.2,223700
RIMG,20111208,11.17,11.2,11.11,11.11,22700
RITT,20111208,4.44,4.47,3.81,3.94,62100
RIVR,20111208,15.45,15.45,15.45,15.45,0
RJET,20111208,3.99,3.99,3.75,3.76,237500
RLOC,20111208,8.26,8.43,7.49,7.5,164700
RLOG,20111208,6.41,6.59,6.41,6.45,1200
RMBS,20111208,7.67,7.76,7.4,7.41,1424700
RMCF,20111208,8.9,9.04,8.6,8.72,13500
RMKR,20111208,0.59,0.61,0.54,0.54,8700
RMTI,20111208,7.28,7.35,7.15,7.18,51300
RNET,20111208,15.75,15.99,15.52,15.64,19300
RNIN,20111208,5.05,5.25,5.05,5.05,7100
RNST,20111208,14.76,14.79,14.12,14.16,40900
RNWK,20111208,7.6,7.68,7.36,7.37,100900
ROCK,20111208,14.18,14.18,13.52,13.57,109100
ROCM,20111208,7,7.04,6.85,6.85,18000
ROIA,20111208,1.05,1.06,1.02,1.05,4300
ROIAK,20111208,1.07,1.1,1.07,1.09,23800
ROIC,20111208,11.2,11.2,11.01,11.06,343700
ROICW,20111208,0.68,0.7,0.64,0.69,31800
ROLL,20111208,42.07,42.81,41.82,41.83,100900
ROMA,20111208,9.83,9.89,9.04,9.19,10200
ROSE,20111208,51.03,51.79,48.23,48.65,848600
ROSG,20111208,3.9,3.9,3.3,3.45,74400
ROST,20111208,46.365,46.59,46.025,46.155,715700
ROVI,20111208,26.58,26.84,26.09,26.3,2216200
ROYL,20111208,5.32,5.35,4.77,4.8,1523800
RP,20111208,25.95,26.04,25.47,25.63,205300
RPRX,20111208,4.85,4.85,4.75,4.76,27300
RPTP,20111208,6,6.1,5.88,5.89,273700
RPXC,20111208,13.64,13.66,13,13.04,386200
RRD,20111208,14.62,14.76,14.09,14.13,3075100
RRGB,20111208,27.86,28.3,27.86,27.99,198300
RRST,20111208,4.27,4.27,4.13,4.2,1000
RSOL,20111208,1.41,1.51,1.39,1.4,12000
RSTI,20111208,23.47,23.75,22.37,22.38,175900
RSYS,20111208,4.57,4.63,4.4,4.5,138900
RTEC,20111208,8.25,8.39,8.05,8.09,132700
RTIX,20111208,4.28,4.49,4.19,4.37,454000
RUE,20111208,23.86,24.09,23,23.25,254600
RUSHA,20111208,19.43,19.52,18.81,18.87,63100
RUSHB,20111208,15.37,15.67,15.19,15.45,7900
RUTH,20111208,4.88,4.94,4.73,4.76,109200
RVBD,20111208,26.44,26.88,25.81,25.85,1900100
RVSB,20111208,2.29,2.3,2.15,2.15,5300
RYAAY,20111208,30.29,30.63,30.03,30.05,132100
SAAS,20111208,4.7,4.84,4.61,4.62,250900
SAFM,20111208,50.83,51.37,50.73,50.93,408600
SAFT,20111208,40.7,40.7,39.62,39.71,31300
SAIA,20111208,12.87,12.88,12.01,12.1,98300
SALM,20111208,2.38,2.39,2.36,2.39,2800
SANM,20111208,8.84,8.87,8.65,8.66,984600
SANW,20111208,4.74,4.74,4.56,4.71,3800
SANWW,20111208,0.67,0.67,0.67,0.67,2000
SANWZ,20111208,0.28,0.28,0.28,0.28,2000
SAPE,20111208,11.91,12.08,11.61,11.63,503500
SASR,20111208,17.12,17.39,16.62,16.73,78300
SATS,20111208,22.54,22.77,22.06,22.19,187000
SAVE,20111208,15.57,15.9,15.35,15.66,217100
SBAC,20111208,40.7,40.98,40.36,40.46,551500
SBBX,20111208,4.51,4.51,4.51,4.51,500
SBCF,20111208,1.47,1.49,1.37,1.4,379300
SBGI,20111208,10.91,10.97,10.53,10.56,594400
SBLK,20111208,16.35,16.65,15.9,16.5,291200
SBNY,20111208,58.11,58.18,56.92,56.95,315500
SBNYW,20111208,35.07,35.07,35.07,35.07,0
SBRA,20111208,11.09,11.15,10.8,10.83,182800
SBSA,20111208,2.31,2.31,2.25,2.25,7800
SBSI,20111208,22.19,22.56,21.7,21.73,49900
SBUX,20111208,43.45,43.99,42.78,42.86,4939300
SCBT,20111208,27.94,27.94,27.4,27.5,36500
SCHL,20111208,26.62,26.62,26.03,26.13,126100
SCHN,20111208,47.36,47.39,45.72,46.02,210900
SCLN,20111208,4.4,4.48,4.35,4.35,146400
SCMP,20111208,3.91,3.96,3.81,3.82,24900
SCOK,20111208,3.24,3.24,3.11,3.11,15200
SCON,20111208,16.56,17.16,16.2,16.32,35500
SCOR,20111208,19.49,20.02,19.33,19.35,142000
SCSC,20111208,34.39,34.57,33.65,33.71,78900
SCSS,20111208,20.11,20.57,19.92,19.99,612500
SCVL,20111208,15.6133,15.8267,15.2867,15.36,32400
SDBT,20111208,2.3,2.3,2.2,2.21,24200
SDIX,20111208,1.64,1.7,1.62,1.65,13100
SEAC,20111208,7.63,7.66,6.97,6.98,212300
SEED,20111208,2.55,2.74,2.55,2.65,43600
SEIC,20111208,16.55,16.61,16.06,16.14,1010200
SENEA,20111208,22.5,22.5,21.6,21.63,13000
SENEB,20111208,21.25,21.25,21.25,21.25,0
SEV,20111208,4.86,5.53,4.86,5.36,3200
SFLY,20111208,26.74,27.05,24.86,25.36,2988600
SFNC,20111208,27.06,27.2,26.23,26.3,37800
SFST,20111208,7.24,7.24,7.24,7.24,100
SGC,20111208,12.7,12.7,12.29,12.29,2500
SGEN,20111208,17.07,18.36,16.77,17.98,2691700
SGI,20111208,14.1,14.3,13.55,13.89,362700
SGMA,20111208,3.81,3.81,3.81,3.81,0
SGMO,20111208,2.77,2.79,2.55,2.55,190900
SGMS,20111208,8.41,8.55,8.35,8.37,728200
SGNT,20111208,21.75,21.81,21.04,21.4,84300
SGOC,20111208,1.62,1.87,1.62,1.87,3200
SGRP,20111208,1,1,1,1,1200
SGYPU,20111208,7.9,7.98,7.5,7.51,9600
SHBI,20111208,5.51,5.81,5.35,5.43,20400
SHEN,20111208,10.9,10.91,10,10.03,60000
SHFL,20111208,11.56,11.64,11.17,11.17,204500
SHIP,20111208,2.76,2.76,2.57,2.57,8800
SHLD,20111208,59.75,60.22,58.18,58.34,620900
SHLM,20111208,21.39,21.57,21.04,21.09,159100
SHLO,20111208,8.23,8.23,8.1,8.1,5700
SHOO,20111208,35.67,35.95,35.35,35.53,350100
SHOR,20111208,5.81,5.91,5.6,5.6,204900
SIAL,20111208,65.42,65.69,64.6,64.82,550300
SIBC,20111208,10.25,10.35,10.2,10.35,11000
SIEB,20111208,1.6,1.6,1.6,1.6,0
SIFI,20111208,9.3,9.41,9.3,9.41,14200
SIFY,20111208,4.16,4.32,4.11,4.17,214800
SIGA,20111208,2,2,1.84,1.84,326400
SIGI,20111208,16.67,16.88,16.5,16.58,203700
SIGM,20111208,6.34,6.47,6.15,6.18,228300
SILC,20111208,17.8,17.85,17.7,17.82,1400
SIMG,20111208,4.94,5.02,4.82,4.84,710300
SIMO,20111208,19.18,20.2,19.02,19.55,1542500
SINA,20111208,63.01,63.67,60.8,61.26,3897300
SINO,20111208,2.1,2.26,2.02,2.18,16500
SIRI,20111208,1.77,1.78,1.7,1.7,38613900
SIRO,20111208,43.7,43.81,43.05,43.28,586800
SIVB,20111208,46.92,46.92,45.65,45.73,372100
SIVBO,20111208,25,25,25,25,0
SKBI,20111208,2.65,2.75,2.65,2.75,1500
SKUL,20111208,14.34,14.41,13.7,13.9,285000
SKYW,20111208,12.4,12.4,11.61,11.62,187600
SKYY,20111208,18.13,18.31,17.96,18.03,35500
SLAB,20111208,41.02,43.66,40.31,43.02,945400
SLGN,20111208,37.54,37.8,37.23,37.42,153200
SLMAP,20111208,40.15,40.17,39.85,39.85,5600
SLP,20111208,3.01,3.04,2.99,3,15300
SLRC,20111208,23.06,23.22,22.75,22.76,367100
SLTC,20111208,3.35,3.4,3.21,3.31,34200
SLTM,20111208,2.77,2.98,2.77,2.88,228600
SLXP,20111208,44.02,44.93,44.02,44.46,610900
SMBC,20111208,22.57,22.57,22.57,22.57,0
SMCI,20111208,14.38,14.46,13.92,13.97,100600
SMED,20111208,4.08,4.15,3.99,4.1,34200
SMIT,20111208,3.3,3.3,3.3,3.3,0
SMMF,20111208,3.34,3.35,3.3,3.3,2100
SMRT,20111208,6.65,6.65,6.31,6.32,121900
SMSI,20111208,1.11,1.11,1.05,1.05,289600
SMT,20111208,4.64,4.67,4.52,4.55,251900
SMTC,20111208,23.26,23.66,22.94,22.98,480600
SMTX,20111208,2.8,2.83,2.68,2.72,31700
SNAK,20111208,3.92,4,3.92,3.95,9500
SNBC,20111208,2.45,2.45,2.32,2.32,93800
SNCR,20111208,30.58,30.71,29.77,29.94,247700
SNDK,20111208,50,50.9,49.76,49.9,4125400
SNFCA,20111208,1.22,1.28,1.14,1.28,7900
SNHY,20111208,24.31,24.44,22.89,23.09,52100
SNMX,20111208,3.96,3.96,3.6,3.62,90000
SNPS,20111208,27.47,27.86,27.4,27.65,1286300
SNSS,20111208,1.35,1.37,1.29,1.29,105800
SNTA,20111208,4.13,4.71,4.03,4.42,268400
SNTS,20111208,3,3.03,2.96,2.97,153600
SOCB,20111208,1.42,1.5,1.4,1.45,12400
SOCL,20111208,13.55,13.55,13.45,13.45,2500
SODA,20111208,35.19,36.59,34.85,35.96,1706800
SOFO,20111208,8.22,8.22,8.22,8.22,0
SOHU,20111208,51.84,52.69,49.92,50.12,811200
SOMH,20111208,7.56,7.6,7.56,7.57,900
SONA,20111208,6.2,6.2,6.2,6.2,1200
SONC,20111208,7.27,7.33,7.04,7.13,335000
SONS,20111208,2.63,2.68,2.51,2.51,1356500
SORL,20111208,2.91,2.99,2.81,2.85,157000
SOXX,20111208,51.2,51.9,50.27,50.32,54200
SPAN,20111208,14.58,14.73,14.08,14.73,4000
SPAR,20111208,4.94,4.98,4.74,4.75,88800
SPBC,20111208,10.1,10.1,10.1,10.1,0
SPCHA,20111208,1.55,1.7,1.55,1.6,1800
SPCHB,20111208,2.22,2.22,2.08,2.08,500
SPEX,20111208,25,25.4,24,24,18400
SPIL,20111208,4.24,4.29,4.2,4.23,1038400
SPIR,20111208,0.81,0.81,0.72,0.72,7000
SPLS,20111208,14.79,14.91,14.51,14.54,6066100
SPMD,20111208,1.99,2.25,1.99,2.17,97600
SPNC,20111208,7.44,7.44,7.22,7.28,136000
SPNS,20111208,3.1,3.15,3.1,3.15,3600
SPPI,20111208,14.9,15.08,14.54,14.58,1249900
SPPR,20111208,0.76,0.79,0.73,0.73,5700
SPPRO,20111208,22.73,22.76,21.7,21.7,3500
SPPRP,20111208,7.44,7.48,7.2,7.35,1000
SPRD,20111208,22.02,22.95,21.32,22.61,2638900
SPRO,20111208,1.79,1.82,1.78,1.82,5600
SPRT,20111208,2.07,2.09,1.99,2.01,128300
SPSC,20111208,24.03,24.86,24.03,24.36,85400
SPTN,20111208,18.19,18.25,17.5,17.74,92500
SPU,20111208,1.86,1.94,1.84,1.89,28100
SPWR,20111208,6.62,6.68,6.36,6.43,1168400
SQI,20111208,14.16,15,14.14,14.81,153000
SQNM,20111208,3.83,3.87,3.57,3.59,3173600
SQQQ,20111208,77,79.92,75.4,79.48,1860300
SRCE,20111208,25.24,25.24,24.17,24.22,37800
SRCL,20111208,78.22,79.1,77.19,77.23,522600
SRDX,20111208,12.22,12.41,12.15,12.23,61100
SREV,20111208,14.78,14.78,14.26,14.49,778600
SSBI,20111208,5.49,5.49,5.49,5.49,200
SSFN,20111208,5.17,5.17,5.17,5.17,900
SSNC,20111208,16.12,16.22,15.93,16.05,153300
SSRI,20111208,14.27,14.57,13.79,14.36,1507700
SSRX,20111208,12.21,12.21,11.76,11.85,69900
SSYS,20111208,30.2,30.33,28.99,29.13,120900
STAA,20111208,10.84,10.92,10.47,10.52,241800
STAN,20111208,17.77,17.77,16.73,16.74,35000
STB,20111208,6.2,6.2,6.1,6.2,21200
STBA,20111208,18.7,18.87,18.53,18.76,219200
STBZ,20111208,15.25,15.5,15.19,15.31,194500
STEC,20111208,9.05,9.14,8.75,8.91,1000000
STEI,20111208,6.19,6.19,5.93,5.93,292600
STEL,20111208,12.12,12.15,11.51,11.58,52600
STEM,20111208,1.74,1.76,1.71,1.71,31300
STFC,20111208,12.12,12.88,12.12,12.52,103800
STKL,20111208,4.91,4.95,4.8,4.8,84300
STLD,20111208,13.32,13.38,12.72,12.77,3231600
STLY,20111208,3.09,3.17,3,3.07,12000
STMP,20111208,24.78,26.22,24.78,24.89,231700
STND,20111208,14.83,14.83,14.83,14.83,0
STNR,20111208,45.81,46.55,45.25,45.97,41000
STRA,20111208,97.31,97.31,92.76,93.65,119500
STRL,20111208,12.04,12.06,10.92,10.97,90500
STRM,20111208,1.56,1.62,1.55,1.55,11700
STRN,20111208,5.25,5.25,5.25,5.25,100
STRS,20111208,7.5,7.5,7.22,7.22,2600
STRT,20111208,22.43,22.43,21.07,22.15,1800
STSA,20111208,16.17,16.17,15.53,15.61,142700
STX,20111208,16.21,16.38,15.57,15.7,7174400
STXS,20111208,9.5,10,8.8,8.8,450700
SUBK,20111208,9.1,9.13,8.68,8.76,45300
SUMR,20111208,7.29,7.43,6.99,6.99,42700
SUNS,20111208,16.2,16.2,15.7,16.02,16800
SUPX,20111208,19.91,20.16,19.39,19.46,28900
SURG,20111208,6.22,6.27,5.98,5.98,66600
SUSQ,20111208,7.9,7.98,7.7,7.75,1849100
SUTR,20111208,1.17,1.19,1.14,1.18,35300
SVA,20111208,2.57,2.6,2.5,2.51,52600
SVBI,20111208,2.4,2.4,2.4,2.4,0
SVNT,20111208,2.32,2.32,2.09,2.11,1301700
SVVC,20111208,14.35,14.37,14.35,14.35,3200
SWHC,20111208,3.16,3.38,3.15,3.33,922500
SWIR,20111208,6.84,6.85,6.69,6.75,56600
SWKS,20111208,15.73,15.9,15.23,15.27,3682500
SWSH,20111208,3.75,3.75,3.53,3.53,981900
SYBT,20111208,20.8,20.88,20.22,20.25,45300
SYBTP,20111208,11.24,11.25,11.24,11.24,300
SYKE,20111208,15.8,15.86,15.28,15.37,210200
SYMC,20111208,16.09,16.24,15.64,15.69,5757800
SYMM,20111208,5.24,5.55,5.22,5.39,224700
SYMX,20111208,1.56,1.67,1.55,1.58,82500
SYNA,20111208,33.51,34.11,33,33.62,450700
SYNL,20111208,10,10.28,9.63,9.96,26800
SYNM,20111208,11,11.3,10.5,10.6,354000
SYNT,20111208,48.33,48.63,47.05,47.08,105100
SYPR,20111208,4.07,4.45,4.06,4.14,8400
SYUT,20111208,4.87,5.06,4.78,4.78,34300
SZYM,20111208,12.58,12.6,11.42,11.47,371600
TACT,20111208,6.66,6.67,6.6,6.6,21200
TAIT,20111208,0.91,0.91,0.91,0.91,800
TASR,20111208,6.31,6.33,6.21,6.22,471100
TAST,20111208,10.52,10.63,10.34,10.34,52800
TATT,20111208,4.29,4.29,4.29,4.29,0
TAXI,20111208,11.51,11.61,11.35,11.42,50300
TAYC,20111208,8.27,8.27,7.94,7.97,20400
TAYCP,20111208,23.07,23.07,23.07,23.07,700
TAYD,20111208,7.08,7.08,7.08,7.08,400
TBAC,20111208,1.06,1.22,1.06,1.06,6400
TBBK,20111208,7.9,7.9,7.59,7.65,109100
TBNK,20111208,19.3,19.33,19.08,19.18,21000
TBOW,20111208,1.94,2.08,1.93,1.93,1900
TCBI,20111208,29.08,29.24,28.22,28.27,348400
TCBIW,20111208,17.74,17.74,17.74,17.74,0
TCBK,20111208,14.81,14.86,14.27,14.37,40800
TCCO,20111208,7.85,7.85,7.85,7.85,500
TCRD,20111208,11.7,11.82,11.58,11.58,55000
TEAR,20111208,1.4,1.4,1.25,1.27,189200
TECD,20111208,50.42,50.71,49.79,49.98,426600
TECH,20111208,65.86,66.27,64.3,64.52,85100
TECUA,20111208,4.73,4.91,4.53,4.56,52700
TECUB,20111208,4.81,4.81,4.81,4.81,0
TELK,20111208,8.1,9.3,8.1,8.4,40800
TESO,20111208,12.88,13.1,12.33,12.35,171200
TESS,20111208,13.75,13.82,13.51,13.77,22400
TFCO,20111208,3.11,3.15,3.11,3.15,1600
TFM,20111208,40.56,40.58,38.93,39.37,274100
TFSL,20111208,9.12,9.2,8.95,8.96,308000
TGA,20111208,7.91,8.05,7.5,7.56,128800
TGE,20111208,8.48,8.58,7.33,7.42,450100
THFF,20111208,33.43,33.7,32.34,32.36,26600
THLD,20111208,1.42,1.45,1.26,1.28,430100
THOR,20111208,31.13,31.25,30.02,30.13,683000
THRD,20111208,22.22,22.22,22,22.01,1100
THRX,20111208,22.35,22.69,21.84,21.84,304100
THTI,20111208,0.98,0.98,0.84,0.96,2000
TIBX,20111208,27.55,27.96,26.94,26.98,1917000
TICC,20111208,9.04,9.14,8.81,8.82,184300
TIGR,20111208,2.04,2.06,2,2.06,3100
TINY,20111208,3.67,3.69,3.51,3.52,98800
TISA,20111208,2.05,2.07,1.98,2.03,37100
TITN,20111208,23.03,23.54,22.72,22.89,342300
TIVO,20111208,9.79,9.88,9.46,9.48,1522700
TKMR,20111208,1.64,1.64,1.61,1.61,3500
TLAB,20111208,4.19,4.24,4.08,4.09,3433200
TLF,20111208,4.89,4.9,4.51,4.61,11100
TMNG,20111208,1.77,1.84,1.69,1.69,5300
TNAV,20111208,8.29,8.4,8.08,8.09,100400
TNGO,20111208,13.35,13.35,12.46,12.49,100700
TOFC,20111208,8.31,8.31,8.31,8.31,200
TOPS,20111208,2.58,2.58,2.58,2.58,200
TORM,20111208,15.25,15.41,15,15.03,1600
TOWN,20111208,12.75,12.75,12.1,12.17,61600
TPGI,20111208,3.26,3.31,3.22,3.29,158800
TQNT,20111208,4.93,5,4.66,4.68,4320100
TQQQ,20111208,35.6,36.42,34.265,34.48,1362400
TRAK,20111208,26.43,26.56,26.1,26.2,363200
TREE,20111208,5.84,5.9,5.57,5.63,4000
TRGT,20111208,7.68,7.68,7.22,7.26,834900
TRIB,20111208,10.35,10.35,10.22,10.25,80800
TRIT,20111208,4.38,4.44,4.3,4.34,71000
TRLG,20111208,35.38,36.03,34.81,34.86,217000
TRMB,20111208,22.23,22.36,21.665,21.72,765900
TRMD,20111208,8,8,7.9,8,5900
TRMK,20111208,22.49,22.6,21.88,21.9,308800
TRNS,20111208,11.33,11.33,11.33,11.33,0
TRNX,20111208,18.57,18.9,18.01,18.27,52600
TROW,20111208,58.84,59,56.81,56.99,3187800
TRS,20111208,19.45,19.76,18.9,18.91,420300
TRST,20111208,5.39,5.45,5.23,5.25,393700
TSBK,20111208,3.98,3.98,3.92,3.93,1600
TSCO,20111208,73.76,74.49,72.81,72.94,475600
TSEM,20111208,9.6,9.9,9.45,9.6,268400
TSLA,20111208,30.84,31.65,29.61,30.89,3305900
TSON,20111208,1.68,1.68,1.56,1.61,134000
TSPT,20111208,6.86,7.01,6.76,6.85,230500
TSRA,20111208,15.95,16.74,15.7,15.77,665200
TSRI,20111208,4.01,4.06,4.01,4.06,500
TSRX,20111208,7.21,7.37,6.8,6.98,212800
TST,20111208,1.69,1.7,1.6,1.63,224700
TSTC,20111208,5.05,5.05,4.76,4.86,104000
TSYS,20111208,2.61,2.61,2.37,2.39,708800
TTEC,20111208,16.8,16.8,16.18,16.19,257800
TTEK,20111208,22.08,22.2,21.53,21.58,269600
TTGT,20111208,6.47,6.53,6.23,6.24,65500
TTHI,20111208,1.3,1.34,1.25,1.34,10300
TTMI,20111208,11.25,11.35,10.9,10.91,361700
TTWO,20111208,14.02,14.17,13.74,13.77,1400100
TUES,20111208,3.07,3.24,3.07,3.12,317000
TWER,20111208,2.38,2.38,2.06,2.07,591300
TWGP,20111208,21.01,21.14,20.39,20.42,235900
TWIN,20111208,38.29,39.13,37.46,37.6,118200
TWMC,20111208,2.25,2.33,2.25,2.29,5800
TWTC,20111208,18.43,18.58,18.13,18.19,410500
TXCC,20111208,2.65,2.85,2.65,2.8,31300
TXN,20111208,30.45,31.03,29.83,29.92,11444700
TXRH,20111208,14.54,14.72,14.48,14.52,1066500
TYPE,20111208,15.64,15.9,15.35,15.54,262900
TZOO,20111208,25.39,26.78,25.32,25.88,394600
TZYM,20111208,3.01,3.05,3,3.01,8500
UACL,20111208,15.78,16.44,15.72,16.08,13300
UBCP,20111208,8.32,8.32,8.01,8.01,7100
UBFO,20111208,2.25,2.25,2.25,2.25,5900
UBNK,20111208,15.97,16.13,15.31,15.33,45000
UBNT,20111208,19.6,20.43,19.6,20.11,68900
UBOH,20111208,7,7,6.77,7,2200
UBPS,20111208,5.77,5.77,5.77,5.77,0
UBSH,20111208,12.82,12.82,12.35,12.42,34400
UBSI,20111208,27.48,27.78,26.8,26.99,433300
UCBA,20111208,5.82,5.82,5.82,5.82,0
UCBI,20111208,6.99,6.99,6.43,6.46,161300
UCFC,20111208,1,1,0.98,0.98,3700
UCTT,20111208,6.33,6.41,6.15,6.26,124500
UEIC,20111208,15.99,16.1,15.4,15.5,34900
UEPS,20111208,7.17,7.35,7,7.28,175500
UFCS,20111208,20.57,20.57,19.57,19.63,88100
UFPI,20111208,28.64,28.79,26.64,27.15,234600
UFPT,20111208,15.14,15.28,14.91,15.01,5700
UG,20111208,14.99,15.14,14.9,15.14,7000
UHAL,20111208,79.39,81.75,79.34,80.25,56400
ULBI,20111208,4.38,4.56,4.3,4.41,36000
ULGX,20111208,0.97,1.02,0.9,1,6100
ULTA,20111208,72.02,73.26,71.5,72.13,633500
ULTI,20111208,68.07,69,67.86,67.94,264200
ULTR,20111208,2.97,2.97,2.75,2.85,61500
UMBF,20111208,35.65,35.67,34.28,34.35,132200
UMPQ,20111208,12.3,12.65,12.21,12.23,915000
UNAM,20111208,11.8,11.8,11.8,11.8,0
UNB,20111208,18.98,18.98,18.98,18.98,100
UNFI,20111208,36.65,36.93,35.85,36.31,425400
UNIS,20111208,3.87,3.87,3.54,3.57,232200
UNTD,20111208,5.23,5.27,5.11,5.11,426200
UNTK,20111208,5,5.1,4.92,4.94,36600
UNTY,20111208,6.4,6.4,6.4,6.4,0
UNXL,20111208,5.21,5.53,5,5.2,15100
UPI,20111208,4.59,4.59,3.93,4.04,179900
URBN,20111208,26.74,26.79,25.79,26.03,3582500
URRE,20111208,9,9.3,8.4,8.5,687400
USAK,20111208,8.53,8.53,8.13,8.31,5600
USAP,20111208,36.28,36.34,34.52,34.6,33000
USAT,20111208,1.08,1.09,1.05,1.08,155400
USATP,20111208,16.8,16.8,16.8,16.8,0
USATZ,20111208,0.51,0.51,0.51,0.51,0
USBI,20111208,4.88,4.88,4.88,4.88,0
USCR,20111208,2.87,2.87,2.56,2.82,6500
USEG,20111208,2.86,2.91,2.66,2.66,130800
USLM,20111208,55.5,55.58,52.89,52.89,15400
USMO,20111208,13.78,13.78,13.51,13.6,103500
USTR,20111208,32.56,32.94,31.65,31.73,202900
UTEK,20111208,23.98,24.24,23.18,23.49,309800
UTHR,20111208,41.43,41.92,41.11,41.16,769600
UTIW,20111208,14.13,14.13,13.1,13.15,421700
UTMD,20111208,27.04,27.19,27.04,27.19,1400
UTSI,20111208,4.17,4.17,3.93,4.02,289100
UVSP,20111208,14.21,14.3,13.71,13.71,40400
VALU,20111208,12.35,12.35,11.86,12.11,2200
VALV,20111208,0.74,0.74,0.69,0.7,29900
VASC,20111208,11.45,11.49,10.83,10.83,61200
VBFC,20111208,1.49,1.5,1.45,1.45,1100
VCBI,20111208,6.59,6.7,6.58,6.6,90800
VCIT,20111208,81.45,81.68,81.3,81.6,106100
VCLK,20111208,16.24,16.38,15.65,15.66,1064400
VCLT,20111208,84.37,84.9,84.23,84.86,25700
VCSH,20111208,77.64,77.74,77.6,77.7,160800
VDSI,20111208,7.88,7.96,7.61,7.67,275800
VECO,20111208,25.36,25.49,23.06,23.17,1611500
VELT,20111208,6.93,7.05,6.81,6.85,268900
VGIT,20111208,65.44,65.57,65.44,65.56,12000
VGLT,20111208,73.63,74.14,73.28,73.89,5700
VGSH,20111208,61.12,61.12,61.06,61.06,17800
VIA,20111208,50.56,50.56,48.58,49,36200
VIAB,20111208,43.72,43.82,42.96,43.05,3341000
VIAS,20111208,16.76,17.05,15.52,16.36,5700
VICL,20111208,4.59,4.62,4.48,4.48,610500
VICR,20111208,8.16,8.24,7.78,7.8,87700
VIDE,20111208,5.1,5.1,4.84,4.84,18300
VIFL,20111208,5.64,5.64,5.45,5.45,4500
VIMC,20111208,1.65,1.74,1.54,1.65,33600
VIRC,20111208,1.63,1.71,1.63,1.64,1900
VISN,20111208,27.8,27.8,26.2,27.2,272400
VITC,20111208,6.44,6.47,6.35,6.44,89600
VIVO,20111208,18.6,18.69,18.08,18.1,200200
VLCCF,20111208,15.3,15.41,15.02,15.12,131500
VLGEA,20111208,30,30,28.02,28.35,19900
VLTR,20111208,24.75,24.92,24.12,24.21,113900
VLYWW,20111208,1.9,1.9,1.75,1.75,2000
VMBS,20111208,52.13,54.73,52.07,52.18,245900
VMED,20111208,22.12,22.12,20.92,21.19,9584600
VNDA,20111208,4.96,4.99,4.76,4.77,119800
VNET,20111208,8.97,9.1,8.89,9,112000
VNQI,20111208,43.06,43.43,42.37,42.37,73500
VOCS,20111208,20.94,21.27,20.3,20.88,416500
VOD,20111208,27.3,27.34,26.89,26.93,7251900
VOLC,20111208,22.64,22.72,21.79,21.83,623500
VONE,20111208,57.43,57.54,56.39,56.46,18600
VONG,20111208,59.84,59.84,59.21,59.23,1500
VONV,20111208,55.11,55.11,54.33,54.33,2000
VOXX,20111208,7.41,7.41,7.03,7.03,71400
VPFG,20111208,12.77,12.77,12.49,12.51,97800
VPHM,20111208,23.64,23.95,23.45,23.46,1021500
VPRT,20111208,33.01,34.07,33.01,33.13,404500
VRA,20111208,36.22,36.99,36.06,36.38,688800
VRML,20111208,1.24,1.27,1.2,1.22,68200
VRNM,20111208,2.59,2.63,2.53,2.55,10900
VRNT,20111208,27.51,28.46,27.1,27.12,314900
VRSK,20111208,38.22,38.57,38,38,819000
VRSN,20111208,33.38,33.63,33.2,33.26,1442300
VRTA,20111208,1,1.07,1,1.07,9500
VRTB,20111208,1.16,1.22,1.13,1.14,7900
VRTS,20111208,75.94,76.05,71.62,71.91,16200
VRTU,20111208,14.99,15.01,14.57,14.67,47700
VRTX,20111208,29.54,29.73,28.46,28.56,2537200
VSAT,20111208,46.02,46.85,45.84,45.87,172700
VSBN,20111208,10.1,10.1,10.1,10.1,0
VSCI,20111208,2.24,2.24,2.14,2.15,22000
VSCP,20111208,0.97,0.97,0.93,0.93,33100
VSEC,20111208,24.89,25.22,24.07,24.08,19600
VTHR,20111208,57.33,57.34,56.31,56.31,1400
VTNC,20111208,6.14,6.14,5.81,5.86,28800
VTSS,20111208,2.45,2.58,2.35,2.42,799700
VTUS,20111208,8,8.4,8,8.04,4900
VTWG,20111208,60.84,60.84,60.18,60.18,3800
VTWO,20111208,58.81,58.97,57.55,57.55,4800
VTWV,20111208,56.25,56.25,56.25,56.25,300
VVTV,20111208,2.19,2.21,2.03,2.05,430200
VVUS,20111208,10.65,10.78,10.16,10.2,1537200
VXUS,20111208,42.95,43,42.14,42.14,53200
VYFC,20111208,4.45,5,4.45,5,1500
WABC,20111208,42.51,43.12,41.5,41.63,337700
WAFD,20111208,13.21,13.25,12.92,12.94,707700
WASH,20111208,23.86,23.86,23.03,23.06,25600
WAVX,20111208,2.1,2.14,2.01,2.01,319700
WAYN,20111208,7.2,7.2,7.2,7.2,0
WBCO,20111208,10.87,11.12,10.59,10.76,52800
WBKC,20111208,14.4,14.4,14.4,14.4,0
WBMD,20111208,34.67,34.95,34.45,34.76,510600
WBSN,20111208,17.86,17.95,17.42,17.46,214700
WCRX,20111208,15.9,16.07,15.35,15.48,1213600
WDC,20111208,31.49,32.17,31.16,31.53,4883000
WDFC,20111208,40.46,40.46,39.73,39.82,59200
WEBM,20111208,3.64,3.64,3.5,3.5,19000
WERN,20111208,24,24.04,23.31,23.37,429700
WETF,20111208,6.25,6.25,5.93,5.98,331300
WEYS,20111208,24.35,24.35,23.45,23.57,7500
WFD,20111208,7.2,7.33,7.02,7.06,59500
WFM,20111208,68.14,68.39,66.58,67.05,1437900
WIBC,20111208,3.37,3.37,3.27,3.28,180900
WIFI,20111208,8.39,8.4,8.16,8.3,82900
WILC,20111208,4.5,4.6,4.45,4.59,129300
WILN,20111208,5.38,5.38,5.06,5.1,38600
WIN,20111208,11.86,11.89,11.6,11.61,18373300
WINA,20111208,52.82,52.82,52.09,52.09,6200
WIRE,20111208,26.24,26.52,25.88,25.96,48700
WLB,20111208,10.19,10.51,10.04,10.06,34200
WLBPZ,20111208,25.48,25.48,25.48,25.48,0
WLDN,20111208,4.05,4.16,4.05,4.1,9900
WLFC,20111208,11.32,11.35,11.28,11.28,2000
WMAR,20111208,9.97,9.97,9.7,9.75,34800
WMGI,20111208,14.93,15.2,14.69,14.81,300300
WOOD,20111208,36.66,36.74,35.91,35.91,12700
WOOF,20111208,19.83,19.87,19.33,19.44,342000
WPCS,20111208,1.7,1.71,1.58,1.62,67000
WPPGY,20111208,52.18,52.42,51.24,51.34,22100
WPRT,20111208,28.64,29.21,28.01,28.15,733500
WRES,20111208,3.01,3.11,2.96,2.96,247600
WRLD,20111208,68.62,69.11,67.81,67.91,94000
WRLS,20111208,7.46,7.59,7.46,7.46,54900
WSB,20111208,2.56,2.56,2.56,2.56,900
WSBC,20111208,19.87,19.87,19.08,19.09,51400
WSBF,20111208,2.12,2.29,2.12,2.29,5500
WSCI,20111208,5.1,5.14,5.02,5.04,4300
WSFS,20111208,36.67,36.7,35.14,35.25,11800
WSTG,20111208,11.9,11.94,11.85,11.94,300
WSTL,20111208,2.06,2.09,2.05,2.05,231500
WTBA,20111208,9.39,9.39,8.8,8.8,19100
WTFC,20111208,28.61,28.68,27.29,27.34,163000
WTFCW,20111208,13.78,13.78,12.75,12.86,1800
WVFC,20111208,8.87,9.46,8.87,9.01,10700
WVVI,20111208,3,3,3,3,2200
WWD,20111208,40.46,40.67,39.05,39.17,285700
WWWW,20111208,10.09,10.09,9.47,9.48,190300
WYNN,20111208,113.44,114.83,110,110.18,1910800
XBKS,20111208,3.75,3.94,3.6,3.94,11400
XIDE,20111208,2.73,2.78,2.51,2.52,828700
XLNX,20111208,33.08,33.46,31.55,32.63,3245600
XNPT,20111208,4.2,4.41,4,4,287400
XOMA,20111208,1.5,1.51,1.43,1.45,118400
XRAY,20111208,35.82,35.84,35.22,35.31,1158800
XRTX,20111208,13.6,13.93,13.6,13.74,292900
XTEX,20111208,15.33,16.41,15.26,16.24,503100
XTXI,20111208,13.06,13.06,12.5,12.54,289800
XWES,20111208,3,3.02,2.99,3.01,11900
XXIA,20111208,11.56,11.69,11.4,11.43,377800
YAVY,20111208,1.7,1.78,1.7,1.7,4500
YHOO,20111208,15.6,15.76,15.53,15.61,18132200
YNDX,20111208,20.64,21.45,20.42,20.5,1307800
YORW,20111208,17.08,17.15,16.87,16.87,28200
Z,20111208,24.6,25.25,23.55,24.8,147100
ZAGG,20111208,11.9,12,11.02,11.1,1184500
ZBRA,20111208,37.91,38.27,37.2,37.32,96900
ZEUS,20111208,25.37,25.37,24,24.04,52000
ZGNX,20111208,1.83,1.83,1.65,1.67,168700
ZHNE,20111208,0.88,0.88,0.8,0.81,78300
ZIGO,20111208,18.06,18.2,17.2,17.25,111300
ZINC,20111208,9.14,9.35,8.75,8.84,293900
ZION,20111208,15.88,15.9,15.21,15.25,4590900
ZIONW,20111208,3.23,3.23,2.68,2.7,8700
ZIOP,20111208,4.81,4.85,4.66,4.66,219000
ZIPR,20111208,1.13,1.13,1.06,1.06,25000
ZIXI,20111208,2.63,2.65,2.49,2.49,316200
ZLCS,20111208,1.16,1.18,1.08,1.08,666400
ZLTQ,20111208,12.58,13.08,12.41,12.72,95400
ZN,20111208,2.53,2.53,2.25,2.25,143000
ZOLT,20111208,8.89,8.9,8.34,8.38,379600
ZOOM,20111208,1.3,1.42,1.23,1.25,690200
ZUMZ,20111208,29.73,30,29.06,29.51,537400
