<ticker>,<date>,<open>,<high>,<low>,<close>,<vol>
AACC,20110512,4.62,4.66,4.44,4.55,36500
AAME,20110512,2.1,2.1,1.99,2.1,500
AAON,20110512,21.86,22.5,21.8133,22.2933,19600
AAPL,20110512,346.12,347.12,342.27,346.57,11462700
AAWW,20110512,64.52,65.12,63.78,64.67,144900
AAXJ,20110512,62.8,63.52,62.71,63.38,738200
ABAX,20110512,27.58,28.42,27.24,28.15,59300
ABCB,20110512,9.16,9.44,9.15,9.36,83600
ABCD,20110512,3.08,3.17,3.08,3.16,15000
ABCO,20110512,25.4,25.9,25.36,25.86,87400
ABFS,20110512,23.52,24.31,23.3,24.06,176700
ABIO,20110512,11.16,11.4,10.92,11.28,232800
ABMD,20110512,17.08,17.77,16.96,17.69,169200
ABTL,20110512,6.1,6.3,6.05,6.25,109400
ACAD,20110512,2.3,2.38,2.25,2.37,378000
ACAS,20110512,10.26,10.41,10.15,10.26,3174700
ACAT,20110512,15.1,15.12,13.69,14.07,199800
ACCL,20110512,7.21,7.31,7.15,7.29,172200
ACET,20110512,7.63,7.92,7.62,7.82,187800
ACFC,20110512,9.79,9.79,9.79,9.79,200
ACFN,20110512,3.76,3.8,3.71,3.78,16700
ACGL,20110512,33.8,34.85,33.64,34.84,926100
ACHN,20110512,5.13,5.48,5.08,5.39,1194900
ACIW,20110512,31.72,32.3,31.25,32.27,257400
ACLS,20110512,1.86,1.97,1.84,1.96,1511800
ACNB,20110512,15.37,15.94,15.35,15.37,1400
ACOR,20110512,24.96,25.6,24.61,25.27,343400
ACPW,20110512,11.65,12.25,11.25,12.2,326800
ACRX,20110512,3.21,3.44,3.21,3.44,300
ACTG,20110512,38.58,39.8,38.03,39.18,303900
ACTS,20110512,2.29,2.34,2.29,2.31,56000
ACUR,20110512,4.4,4.45,4.35,4.43,48700
ACWI,20110512,48.88,49.53,48.75,49.42,156300
ACWX,20110512,45.59,45.97,45.33,45.84,185100
ACXM,20110512,14.36,14.47,14.3,14.42,639800
ADAT,20110512,2.76,2.98,2.68,2.96,592400
ADBE,20110512,35.32,35.89,35.18,35.86,6054500
ADEP,20110512,4.03,4.4,3.92,4.31,34800
ADES,20110512,8.16,9.36,8.16,8.32,175300
ADI,20110512,40.53,41.7,40.49,41.47,2074200
ADP,20110512,53.82,54.61,53.68,54.58,3100000
ADRA,20110512,28.26,28.26,28.14,28.23,1300
ADRD,20110512,22.64,22.88,22.56,22.88,2600
ADRE,20110512,45.95,46.49,45.68,46.28,63200
ADRU,20110512,22.45,22.67,22.45,22.67,1300
ADSK,20110512,44.97,46,44.73,45.99,3020300
ADTN,20110512,42.19,43.58,42.01,43.2,739800
ADUS,20110512,5.94,6,5.9,6,42000
ADVS,20110512,26.43,26.85,25.89,26.82,226200
AEGR,20110512,19.79,19.88,19.46,19.75,111600
AEHR,20110512,1.66,1.67,1.6,1.63,8500
AEIS,20110512,14.72,15.14,14.61,14.95,595900
AEPI,20110512,29.07,29.26,28.63,29.19,24400
AERL,20110512,7.79,7.79,7.22,7.31,129000
AETI,20110512,3.23,3.23,3.23,3.23,0
AEY,20110512,2.65,2.65,2.61,2.62,8400
AEZS,20110512,14.34,14.34,13.74,14.1,1401400
AFAM,20110512,32.97,33.38,32.91,33.25,47600
AFCB,20110512,13.52,13.52,13.52,13.52,0
AFCE,20110512,15.64,15.98,15.43,15.91,20300
AFFX,20110512,6.11,6.41,5.98,6.39,1694700
AFFY,20110512,6.85,7.07,6.71,6.94,486000
AFOP,20110512,9.89,9.89,9.66,9.72,50300
AFSI,20110512,20.16,20.45,19.99,20.41,198200
AGEN,20110512,0.95,0.96,0.94,0.94,174900
AGII,20110512,30.87,31.16,30.36,31.12,138300
AGNC,20110512,29.7,29.81,29.56,29.79,1835300
AGYS,20110512,4.99,5.22,4.91,5.18,50200
AHGP,20110512,47.5,47.65,46.44,47.19,81800
AHPI,20110512,4.18,4.25,4.18,4.25,3300
AIMC,20110512,24.35,25.74,24.3,25.34,225300
AINV,20110512,11.42,11.6,11.3,11.56,761000
AIRM,20110512,20.7467,21.24,20.6667,21.14,59500
AIRT,20110512,9.7,9.75,9.65,9.65,4800
AIXG,20110512,38.31,39.3,37.95,38.88,200800
AKAM,20110512,34,35.05,33.79,34.15,7808700
AKRX,20110512,6.61,6.79,6.5,6.79,377600
ALCO,20110512,25.2,25.86,25,25.76,5700
ALGN,20110512,23.47,23.98,23.25,23.6,452400
ALGT,20110512,45.75,46.03,45.38,45.93,90500
ALIM,20110512,8.35,8.52,8.27,8.4,107100
ALKS,20110512,16.13,17.05,16.13,17.02,2062900
ALLB,20110512,11,11,11,11,77000
ALLT,20110512,15.19,15.63,14.95,15.63,97700
ALNY,20110512,9.8,10.24,9.73,10.19,199700
ALOG,20110512,54.86,55.29,54.38,55.27,34400
ALOT,20110512,7.8,7.8,7.7,7.7,2900
ALSK,20110512,9.16,9.28,9.15,9.25,312900
ALTE,20110512,21.62,21.87,21.33,21.77,245300
ALTI,20110512,1.51,1.55,1.5,1.55,106800
ALTR,20110512,47.48,48.8,47,48.64,3575700
ALVR,20110512,15.7,15.8,15.2,15.5,185500
ALXA,20110512,14.3,14.5,14.2,14.3,386900
ALXN,20110512,49.43,50.5,48.75,50.435,433100
AMAG,20110512,16.47,16.65,16.19,16.54,93500
AMAP,20110512,18.79,18.79,18.42,18.52,15900
AMAT,20110512,14.9,15.15,14.89,15.09,17607200
AMCC,20110512,10.17,10.38,10.12,10.35,480300
AMCF,20110512,3.14,3.47,3.13,3.43,52400
AMCN,20110512,3.93,3.98,3.5,3.81,350000
AMED,20110512,32.89,33.07,32.18,32.98,136400
AMGN,20110512,58.69,59.75,58.34,59.66,5492900
AMIC,20110512,5.17,5.2,5.12,5.2,4000
AMKR,20110512,6.79,7,6.74,6.91,2346000
AMNB,20110512,20.76,21.25,20.72,21.25,6200
AMOT,20110512,7.11,7.48,7.11,7.45,26700
AMOV,20110512,26.115,26.115,25.5,25.5,1800
AMRB,20110512,6.32,6.35,6.32,6.33,900
AMRI,20110512,4.78,5.01,4.77,5,44000
AMRN,20110512,16.86,17.45,16.51,17.44,2697000
AMRS,20110512,25.49,26.5,25.29,25.83,122600
AMSC,20110512,11.56,11.75,11.33,11.69,781100
AMSF,20110512,22.89,23.37,22.83,23.21,25000
AMSG,20110512,26.22,26.79,26.13,26.79,100200
AMSWA,20110512,7.35,7.6,7.35,7.59,29100
AMWD,20110512,20.13,20.81,19.95,20.76,6900
AMZN,20110512,204.22,206.19,200.62,206.07,4819900
ANAC,20110512,5.98,7.1,5.98,6.44,236700
ANAD,20110512,3.01,3.13,3.01,3.1,1082000
ANAT,20110512,79.22,80.3,79.22,80.04,7900
ANCB,20110512,9.82,9.82,9.82,9.82,100
ANCI,20110512,4.23,4.56,4.23,4.47,19400
ANCX,20110512,7.55,7.66,7.55,7.61,600
ANDE,20110512,43.3,43.86,42.43,43.72,170900
ANEN,20110512,16.92,17.61,16.82,17.54,71300
ANGO,20110512,15.72,16.46,15.65,16.44,66300
ANIK,20110512,7.96,8.1,7.84,7.85,63100
ANLY,20110512,3.65,3.69,3.62,3.65,8900
ANSS,20110512,53.83,55.5,53.55,55.47,341900
ANTH,20110512,7.09,7.21,7.08,7.19,10300
ANTP,20110512,3.04,3.04,3.02,3.04,2600
AOSL,20110512,13.88,13.94,13.75,13.85,42600
APAGF,20110512,82.41,84.44,81.36,84.44,8500
APEI,20110512,42.87,43.88,42.29,43.87,120300
APFC,20110512,6.39,6.73,6.39,6.69,31200
APOG,20110512,13.65,14.02,13.48,13.84,68500
APOL,20110512,41.38,42.91,41.38,42.79,1654100
APPY,20110512,4.62,4.8,4.44,4.74,139600
APRI,20110512,5.8,5.87,5.55,5.83,244600
APSA,20110512,17.05,17.05,16.95,17.01,2700
APWC,20110512,5.9,5.9,5.67,5.85,11700
ARAY,20110512,7.89,7.96,7.75,7.82,554300
ARCC,20110512,17.15,17.32,17.01,17.15,1042000
ARCI,20110512,4.72,4.8,4.69,4.69,7100
ARCW,20110512,2.91,2.91,2.91,2.91,0
ARDNA,20110512,83.98,84.4,83.98,84.1,1300
AREX,20110512,23.74,24.34,23.15,23.79,215400
ARIA,20110512,8.97,9.29,8.88,9.2,1564700
ARII,20110512,24.7,25.16,23.89,24.09,101000
ARKR,20110512,17.32,17.39,17.2,17.39,12300
ARLP,20110512,71.55,72,68.8,70.77,252200
ARMH,20110512,28.82,29.33,28.33,29.24,4193000
ARNA,20110512,1.28,1.3,1.26,1.29,2022900
AROW,20110512,23.87,24.44,23.79,24.41,28300
ARQL,20110512,6.87,7.07,6.75,7.06,120900
ARRS,20110512,11,11.21,10.89,11.11,1475600
ARRY,20110512,2.76,2.88,2.72,2.87,218100
ARTC,20110512,33.95,34.54,33.85,34.23,119000
ARTNA,20110512,19.35,19.52,19.35,19.43,7200
ARTW,20110512,8.74,8.74,8.26,8.59,8400
ARTX,20110512,2.06,2.42,1.98,2.3,957800
ARUN,20110512,31.8,32.7,30.86,32.49,2032000
ARWR,20110512,0.61,0.63,0.6,0.61,77000
ASBC,20110512,14.33,14.46,14.27,14.42,593600
ASBI,20110512,4.7,4.7,4.7,4.7,0
ASCA,20110512,22.72,23.25,22.72,23.15,569600
ASCMA,20110512,46.53,48.39,45.95,47.95,42400
ASEI,20110512,86.16,88.96,85.65,88.95,230300
ASFI,20110512,7.58,7.61,7.42,7.6,55900
ASIA,20110512,20.1,20.2,19.82,20.07,967100
ASMI,20110512,44.22,44.56,43.7,44.32,95300
ASML,20110512,39.99,40.81,39.64,40.53,2336200
ASNA,20110512,15.43,15.97,15.38,15.955,481200
ASPS,20110512,33.93,34.47,33.8,34.45,65900
ASRV,20110512,2.34,2.34,2.34,2.34,0
ASRVP,20110512,25.21,25.21,25.21,25.21,0
ASTC,20110512,1.02,1.12,0.96,1.03,379000
ASTE,20110512,36.94,37.33,36.42,37.13,77500
ASTI,20110512,1.61,1.62,1.59,1.61,199700
ASTM,20110512,2.69,2.75,2.62,2.74,391500
ASUR,20110512,1.94,1.94,1.8,1.8133,18600
ASYS,20110512,21.58,22.91,21.11,22.52,531600
ATAI,20110512,8.76,8.9,8.5,8.82,14000
ATAX,20110512,5.67,5.67,5.63,5.67,24000
ATEA,20110512,4.93,4.93,4.76,4.93,27100
ATEC,20110512,3.22,3.35,3.17,3.34,318600
ATHN,20110512,45.49,46.19,45.12,46.11,199100
ATHX,20110512,2.88,2.88,2.82,2.88,97100
ATLO,20110512,17.56,17.67,17.02,17.67,4000
ATMI,20110512,19.46,20.04,19.43,19.99,42600
ATML,20110512,14.87,15.3,14.6,15.17,6538500
ATNI,20110512,39.02,39.44,38.3,39.25,25100
ATRC,20110512,13.51,13.75,13.32,13.7,110300
ATRI,20110512,171.3,173.13,171,173.13,2500
ATRM,20110512,1.83,1.95,1.83,1.9,87400
ATRO,20110512,26.72,27.79,26.4,27.73,23800
ATSG,20110512,7.76,7.98,7.67,7.91,190700
ATVI,20110512,11.55,11.8,11.49,11.7,7950500
ATX,20110512,10.73,11,10.73,10.93,65400
AUBN,20110512,19.74,19.75,19.74,19.75,300
AUDC,20110512,5.72,5.83,5.66,5.82,47300
AUXL,20110512,22.68,23.31,22.3,23.19,587600
AVAV,20110512,28.98,29.34,28.7,28.99,184400
AVEO,20110512,16.97,17.35,16.71,17.22,152900
AVGO,20110512,35.88,36.07,34.83,35.06,2025500
AVID,20110512,17.8,18.08,17.64,17.8,65500
AVNR,20110512,3.7,3.95,3.63,3.86,5456900
AVNW,20110512,4.66,4.8,4.6,4.72,185000
AWRE,20110512,3.34,3.39,3.32,3.33,6300
AXAS,20110512,4.22,4.39,4.09,4.36,1815600
AXFN,20110512,25.57,25.57,25.57,25.57,0
AXTI,20110512,7.95,8.19,7.77,8.15,461200
AZPN,20110512,16.53,16.75,16.27,16.66,524600
BABY,20110512,17,17.21,16.89,17.01,141400
BAGL,20110512,15.73,15.85,15.67,15.72,16400
BAMM,20110512,4.48,4.58,4.47,4.58,23500
BANC,20110512,14.58,14.9,13.84,14.89,22400
BANF,20110512,39.89,40.9,39.89,40.81,24900
BANFP,20110512,27.5,27.5,27.5,27.5,0
BANR,20110512,19.25,19.88,18.9,19.81,698800
BASI,20110512,2.32,2.45,2.12,2.14,1841100
BBBY,20110512,55.95,56.31,55.58,56.18,1799600
BBEP,20110512,20.43,20.44,19.61,19.96,562200
BBGI,20110512,4.51,4.51,4.42,4.46,5300
BBNK,20110512,10.95,11.45,10.73,11.32,11700
BBOX,20110512,34.52,35.82,34.5,34.67,173800
BBRG,20110512,20.42,23.11,20.37,23,266000
BBRY,20110512,43.91,44.47,43.63,43.79,11079500
BBSI,20110512,15.78,16.38,15.78,16.38,7000
BCBP,20110512,11.1,11.37,11.1,11.3,1300
BCOM,20110512,29.1,29.1,29.1,29.1,0
BCPC,20110512,41.4,41.81,40.89,41.6,122600
BCRX,20110512,3.38,3.59,3.35,3.56,217500
BCSB,20110512,13.51,13.51,13.11,13.42,1900
BDE,20110512,7.7,7.8,7.52,7.74,28600
BDGE,20110512,21.36,21.67,21.36,21.49,4800
BDMS,20110512,19.43,19.43,19.43,19.43,0
BDSI,20110512,3.57,3.6,3.55,3.58,79500
BEAT,20110512,5.28,5.74,5.12,5.63,517700
BEAV,20110512,37.52,38.58,37.45,38.3,516700
BEBE,20110512,6.98,7.08,6.89,7.03,589400
BECN,20110512,20.1,20.39,19.93,20.17,436300
BELFA,20110512,22.19,22.44,22,22.44,3700
BELFB,20110512,18.86,19.39,18.8,19.36,8200
BERK,20110512,5.66,5.66,5.65,5.65,2100
BFIN,20110512,8.58,8.97,8.52,8.93,8500
BFLY,20110512,2.94,2.94,2.82,2.82,1700
BGCP,20110512,8.56,8.79,8.42,8.71,703300
BGFV,20110512,10,10.08,9.98,10.06,126400
BGMD,20110512,7.36,7.49,7.31,7.47,6900
BIB,20110512,39.555,40.84,39,40.765,11200
BICK,20110512,32.6,33.01,32.6,32.95,11700
BIDU,20110512,137.74,139.27,135.65,138.2,6914600
BIIB,20110512,96.36,98.48,95.64,98.24,1796600
BIOD,20110512,8.4,8.44,8.24,8.28,261300
BIOF,20110512,13.2,13.8,11.4,12.2,1199300
BIOS,20110512,7.1,7.1,6.68,6.93,492800
BIRT,20110512,5.64,5.73,5.57,5.66,191700
BIS,20110512,37.38,37.38,35.99,35.99,400
BJRI,20110512,47.21,48.92,46.52,48.5,252500
BKCC,20110512,9.79,9.91,9.66,9.84,627700
BKMU,20110512,3.89,4,3.85,4,78600
BKOR,20110512,4.03,4.03,4.03,4.03,100
BKSC,20110512,10.78,10.78,10.78,10.78,200
BKYF,20110512,23.93,24,23.76,24,7000
BLDP,20110512,1.77,1.78,1.65,1.69,385000
BLDR,20110512,2.42,2.5,2.36,2.46,94300
BLIN,20110512,1.16,1.16,1.16,1.16,0
BLKB,20110512,29.6,30.04,29.26,29.55,246700
BMC,20110512,53.06,54.77,52.85,54.7,2283800
BMRC,20110512,36.23,37.33,36.17,37.08,15600
BMRN,20110512,26.2,26.54,26.01,26.49,607000
BMTC,20110512,20.4,20.68,20.27,20.58,64900
BNCL,20110512,8.32,8.41,8.3,8.4,52600
BNCN,20110512,7.27,7.59,7.27,7.54,2700
BNSO,20110512,2.07,2.14,1.96,2.14,7100
BOBE,20110512,30.97,31.92,30.87,31.86,140000
BOCH,20110512,4.28,4.28,4.2,4.2,14500
BODY,20110512,24.11,25.24,24,25,347700
BOFI,20110512,16.24,16.37,16,16.37,66000
BOKF,20110512,51.13,53.85,51.13,53.74,26600
BOLT,20110512,13.63,13.72,13.39,13.53,40300
BONA,20110512,5.58,5.58,5.15,5.3,15700
BONT,20110512,11.56,11.9,11.16,11.81,111000
BOOM,20110512,23.4,23.54,22.1,22.69,266600
BOSC,20110512,12.52,12.52,11.96,12.28,4900
BPAX,20110512,13.92,15.36,13.92,15.24,5031800
BPFH,20110512,6.56,6.62,6.44,6.59,490300
BPFHW,20110512,2.38,2.38,2.38,2.38,0
BPHX,20110512,1.6,1.67,1.56,1.6,17600
BPOP,20110512,30.8,30.8,29.8,30.5,9553600
BPOPM,20110512,19.3,19.49,19.28,19.49,400
BPOPN,20110512,20.95,20.95,20.94,20.95,1800
BRCD,20110512,6.3,6.35,6.16,6.33,10299900
BRCM,20110512,33.81,34.58,33.81,34.17,10129500
BRID,20110512,9.37,9.4,9.37,9.4,600
BRKL,20110512,8.62,8.74,8.56,8.69,773500
BRKR,20110512,19.36,19.79,19.34,19.73,570200
BRKS,20110512,11.65,12.14,11.61,12.11,496000
BRLI,20110512,24.72,25.37,24.47,25.24,91200
BSDM,20110512,3.78,3.84,3.71,3.84,63200
BSET,20110512,8.65,8.75,8.61,8.64,8800
BSFT,20110512,40.97,42.45,40.42,41.21,517500
BSPM,20110512,5.07,5.13,4.86,5.1,180300
BSQR,20110512,6.33,6.36,6.22,6.35,39500
BSRR,20110512,10.92,11.11,10.92,11.06,10100
BSTC,20110512,22.67,23.14,22.67,23.04,13100
BTUI,20110512,10.33,10.37,9.41,9.7,50900
BUSE,20110512,5.11,5.22,5.11,5.22,151700
BVSN,20110512,13.05,13.05,13,13.05,1000
BWEN,20110512,15.1,15.4,14.7,15.3,925200
BWINA,20110512,21.52,21.57,21.52,21.57,3100
BWINB,20110512,22,22.25,22,22.25,900
BWLD,20110512,62.16,63.48,61.89,62.39,217500
BYFC,20110512,2.21,2.31,2.2,2.25,2300
CA,20110512,24.38,25.12,24.24,25.06,4928700
CAAS,20110512,8.69,8.95,8.6,8.64,130000
CAC,20110512,33.84,34.67,33.62,34.67,23200
CACB,20110512,8.16,8.2,7.89,8.03,4500
CACC,20110512,77.58,81.13,77.58,79.73,46700
CACH,20110512,6.34,6.44,5.64,5.8,108300
CADC,20110512,2.55,2.58,2.53,2.54,34100
CADX,20110512,7.45,7.8,7.27,7.76,935500
CAFI,20110512,1.73,1.87,1.7,1.87,5300
CAKE,20110512,30.52,31.3,30.39,31.11,680500
CALD,20110512,6.51,6.83,6.43,6.77,298100
CALI,20110512,12,12,11.4,11.76,11100
CALL,20110512,9.98,9.98,9.725,9.77,8100
CALM,20110512,27.77,28.27,27.73,28.26,64500
CAMP,20110512,3.05,3.17,3.04,3.17,68500
CAMT,20110512,3.3,3.37,3.25,3.3,15400
CAR,20110512,18.35,18.7,18.1,18.42,1282500
CART,20110512,3.1,3.1,3.1,3.1,200
CARV,20110512,0.57,0.57,0.46,0.46,14400
CARZ,20110512,30.09,30.24,29.98,30.19,4000
CASH,20110512,13.83,13.85,13.58,13.66,2500
CASM,20110512,2.75,2.76,2.56,2.56,6100
CASS,20110512,37.39,39.26,37.24,39.16,110900
CASY,20110512,39.27,40.19,39,40.16,164200
CATM,20110512,21.06,21.99,20.89,21.8,558300
CATY,20110512,15.91,16.05,15.78,15.91,407400
CAVM,20110512,45.91,46.78,45.58,46.41,496200
CBAK,20110512,7.4,7.6,7.25,7.3,159700
CBAN,20110512,3.62,3.69,3.62,3.69,800
CBEY,20110512,13.96,14.39,13.9,14.22,352600
CBIN,20110512,10.79,10.79,10.79,10.79,100
CBLI,20110512,7.2,7.33,7.03,7.31,208300
CBMX,20110512,27.7,27.8,27.3,27.3,3900
CBMXW,20110512,1.8,1.8,1.8,1.8,0
CBNJ,20110512,10.35,10.35,10.31,10.32,21900
CBNK,20110512,14.5,14.7,14.46,14.69,3900
CBOE,20110512,26.95,27.47,26.61,27.16,255000
CBPO,20110512,14.25,14.25,13.78,14,10700
CBRL,20110512,51.61,53.53,51.43,53.4,520700
CBRX,20110512,3.17,3.23,3.12,3.13,345900
CBSH,20110512,42.74,43.13,42.33,43.1,236500
CBST,20110512,34.57,35.26,34.24,35.22,620100
CCBG,20110512,11.04,11.19,10.8,10.92,12500
CCCL,20110512,4.99,4.99,4.69,4.75,89300
CCIH,20110512,14.27,14.39,13.21,13.6,635300
CCIX,20110512,11.41,12.79,11.25,12.1,282400
CCMP,20110512,49.66,51.05,49.5,50.74,135900
CCNE,20110512,13.25,13.36,13.25,13.36,26300
CCOI,20110512,14.64,14.88,14.58,14.81,110200
CCRN,20110512,7.61,7.8,7.5,7.73,80700
CCUR,20110512,5.87,6,5.87,6,5800
CDNS,20110512,10.55,10.81,10.5,10.77,2097200
CDTI,20110512,4.39,4.49,4.17,4.32,37600
CDXS,20110512,9.17,9.72,9.15,9.69,177400
CDZI,20110512,12.13,12.28,11.99,12,19500
CECE,20110512,6.54,6.65,6.45,6.5,45300
CECO,20110512,22.54,23.43,22.41,23.38,494700
CEDU,20110512,6.95,6.97,6.57,6.58,153100
CELG,20110512,59.59,60.27,58.67,60.18,2226100
CELGZ,20110512,2.56,2.56,2.56,2.56,0
CENT,20110512,10.8,11.06,10.77,10.93,80200
CENTA,20110512,10.72,10.94,10.71,10.79,245700
CENX,20110512,16.08,16.59,15.81,16.39,2064200
CERN,20110512,59.835,60.06,59.205,59.88,632900
CERS,20110512,2.98,3,2.88,2.93,222400
CETV,20110512,22.95,22.95,22.41,22.72,226600
CEVA,20110512,31.08,31.77,30.65,31.62,135800
CFBK,20110512,7.5,7.5,7.5,7.5,2900
CFFI,20110512,21.35,21.35,21.35,21.35,0
CFFN,20110512,11.39,11.48,11.34,11.46,1020500
CFNB,20110512,14.96,14.96,14.96,14.96,0
CFNL,20110512,10.78,11.17,10.63,11.13,56300
CGEN,20110512,4.74,4.78,4.66,4.69,71300
CGNX,20110512,35.16,36.25,34.78,35.83,204400
CHCI,20110512,1.22,1.28,1.17,1.22,6500
CHCO,20110512,32.56,33.35,32.27,33.26,74000
CHDN,20110512,44.43,46.29,44.09,46.19,37300
CHDX,20110512,15.86,16.3,15.6,16.27,26100
CHEV,20110512,8.93,9.25,8.93,9.15,6400
CHFC,20110512,19.76,20.23,19.6,20.15,164300
CHFN,20110512,11.0763,11.0763,10.6882,10.7479,16300
CHKE,20110512,19.48,19.62,19.32,19.62,33000
CHKP,20110512,55.15,55.91,54.91,55.78,1048600
CHLN,20110512,2.11,2.21,2.09,2.16,49700
CHNR,20110512,12.71,12.83,12.71,12.81,4000
CHOP,20110512,4.88,4.88,4.73,4.75,132200
CHRM,20110512,11.52,12.06,11.52,12,100600
CHRW,20110512,80.22,80.82,79.52,80.68,881000
CHSCP,20110512,29.01,29.27,29.01,29.17,16500
CHTP,20110512,4.47,4.73,4.34,4.59,788300
CHTR,20110512,58.36,59.09,58.29,59,204300
CHYR,20110512,2.13,2.15,2.11,2.12,6800
CIDM,20110512,2.15,2.21,2.12,2.17,25100
CIEN,20110512,27.11,27.58,26.44,27.31,3599200
CIMT,20110512,3.65,3.68,3.22,3.33,167800
CINF,20110512,30.83,31.32,30.57,31.29,1502900
CISG,20110512,13.28,13.4,13.03,13.08,268900
CITZ,20110512,5.43,5.43,5.36,5.36,500
CIZN,20110512,18.91,20.69,18.88,19.1,1800
CJJD,20110512,2.43,2.48,2.2,2.36,92000
CKEC,20110512,7.04,7.05,6.86,6.95,300400
CKSW,20110512,9.06,9.19,8.95,9.12,84400
CLBH,20110512,3.42,3.42,3.32,3.32,9900
CLCT,20110512,15.09,15.44,14.79,15.37,42400
CLDX,20110512,4.33,4.33,3.65,4.1,443500
CLFD,20110512,6.59,6.6,6.42,6.6,63500
CLMS,20110512,15.34,15.6,15.16,15.47,120400
CLMT,20110512,21.15,21.15,20.77,20.95,98300
CLNE,20110512,14.5,14.75,13.94,14.3,2385500
CLRO,20110512,6.27,7.98,6.27,7.95,105500
CLSN,20110512,2.92,2.92,2.76,2.76,140900
CLUB,20110512,6.99,7.05,6.67,7,135200
CLWR,20110512,4.37,4.44,3.99,3.99,22658800
CLWT,20110512,6.38,6.38,6.215,6.215,700
CMCO,20110512,20.19,20.26,19.92,20.09,62000
CMCSA,20110512,25.39,25.57,25.16,25.44,10590300
CMCSK,20110512,23.92,24.09,23.71,23.94,2269000
CME,20110512,296,298.17,292.86,297.64,316400
CMLS,20110512,4.39,4.48,4.39,4.43,21200
CMSB,20110512,8.66,8.66,8.66,8.66,100
CMTL,20110512,28.43,28.9,28.37,28.72,94300
CNBC,20110512,9.93,10.2,9.85,10,26800
CNBKA,20110512,26.3,26.3,25.9,25.92,2600
CNET,20110512,2.87,2.99,2.81,2.92,21000
CNIT,20110512,2.6,2.68,2.59,2.63,402700
CNMD,20110512,28.47,29.14,28.25,28.98,58500
CNQR,20110512,49.5,50.17,49.1,49.89,734000
CNSL,20110512,18.74,18.98,18.61,18.93,108400
CNTF,20110512,5.4,5.51,5.31,5.49,302800
CNTY,20110512,2.96,3,2.93,2.98,19600
CNYD,20110512,6.6,6.65,6.53,6.59,3300
COBK,20110512,12.72,12.72,12.72,12.72,0
COBR,20110512,3.75,3.78,3.7,3.75,1900
COBZ,20110512,6.4,6.66,6.32,6.62,90500
COCO,20110512,4.18,4.35,4.04,4.32,1837100
COGO,20110512,7.61,7.67,7.55,7.67,81800
COHR,20110512,57.78,58.55,57,58.25,72500
COHU,20110512,14,14.85,14,14.64,74100
COKE,20110512,68.57,69.5,68.57,69.15,20400
COLB,20110512,18.21,18.33,18.01,18.3,309200
COLM,20110512,68.48,70.51,68.34,69.53,146800
CONN,20110512,5.58,5.77,5.5,5.74,165500
COOL,20110512,3.08,3.18,2.87,3.14,1194600
CORE,20110512,34.97,35.43,34.75,35.35,61400
CORT,20110512,4.26,4.42,4.25,4.4,211700
COSI,20110512,1.19,1.22,1.17,1.22,144300
COST,20110512,81.73,83.4,81.49,83.32,2547900
COWN,20110512,4.02,4.05,3.99,4.04,180000
CPBC,20110512,4.92,4.92,4.9,4.9,2900
CPGI,20110512,1.73,1.73,1.54,1.65,421700
CPHC,20110512,11.25,11.28,10.55,11.05,6200
CPHD,20110512,31.27,31.95,30.91,31.83,249600
CPIX,20110512,5.02,5.02,4.93,4.96,124200
CPLA,20110512,50.4,51.7,50.32,51.58,62000
CPLP,20110512,10.02,10.02,9.75,9.92,93800
CPNO,20110512,32.95,32.95,32,32.31,250700
CPRT,20110512,22.905,23.315,22.875,23.24,400500
CPRX,20110512,1.15,1.17,1.11,1.17,12300
CPSI,20110512,61.19,61.74,60.92,61.3,85000
CPSL,20110512,17.64,18,17.64,18,80900
CPSS,20110512,1.18,1.18,1.15,1.18,1500
CPST,20110512,1.78,1.83,1.78,1.82,1591300
CPTS,20110512,12.72,13.34,12.6,12.77,566000
CPWR,20110512,11.19,11.37,11.08,11.37,1461700
CRAI,20110512,26.08,26.97,25.75,26.61,18600
CRAY,20110512,6.74,6.82,6.46,6.78,375800
CRDC,20110512,3.72,3.85,3.64,3.8,41900
CREE,20110512,40.19,43.33,40.19,43.1,5872100
CREG,20110512,2.16,2.16,2.16,2.16,500
CRESW,20110512,0.23,0.23,0.23,0.23,100
CRESY,20110512,16.85,17.07,16.38,17.03,97700
CRFN,20110512,4.15,4.15,4.01,4.01,4400
CRIS,20110512,3.73,3.98,3.68,3.87,1089200
CRME,20110512,25.15,25.75,24.25,25.6,182700
CRMT,20110512,24.49,25.68,24.49,25.53,29100
CRNT,20110512,11.69,11.78,11.5,11.72,90300
CROX,20110512,22.01,22.59,21.92,22.41,2212100
CRRB,20110512,4.51,4.51,4.51,4.51,0
CRRC,20110512,11.62,11.79,11.62,11.71,22300
CRTX,20110512,6.3,7.1,6.3,7.08,155700
CRUS,20110512,15.96,16.46,15.72,16.25,2392900
CRVL,20110512,47.75,49.6,47.75,49.56,18600
CRWN,20110512,2.09,2.22,2.09,2.21,106700
CRWS,20110512,4.81,4.81,4.81,4.81,0
CRZO,20110512,35.1,36.34,34.1,35.25,739300
CSBK,20110512,11,11.05,10.99,11.05,11600
CSCD,20110512,6.34,6.34,6,6.05,7900
CSCO,20110512,16.96,17.08,16.64,16.93,238334300
CSFL,20110512,5.78,5.93,5.7,5.93,28800
CSGP,20110512,70.2,72.85,69.73,72.84,222400
CSGS,20110512,19.27,19.73,19.25,19.69,141700
CSII,20110512,12.57,13.29,11.93,13.11,458800
CSIQ,20110512,9.5,9.99,9.45,9.87,978200
CSOD,20110512,22.93,22.93,21.03,21.34,163600
CSPI,20110512,4.53,4.64,4.53,4.59,400
CSTR,20110512,52.99,54.78,52.81,54.07,807000
CSUN,20110512,3.35,3.37,3.31,3.33,92400
CSWC,20110512,93.53,94.89,90.26,94.89,15900
CTAS,20110512,31.55,32.18,31.39,32.05,1052500
CTBI,20110512,27.05,27.49,27,27.45,29300
CTCH,20110512,3.35,3.4,3.35,3.37,400
CTCM,20110512,20.25,20.25,19.23,19.56,705900
CTCT,20110512,26.44,27.21,26.39,27.16,314000
CTGX,20110512,13.47,13.7,13.2,13.7,24700
CTHR,20110512,2.9,2.9,2.85,2.85,4900
CTIB,20110512,5.09,5.2,5.05,5.2,700
CTIC,20110512,1.5,1.5,1.4,1.4,5333900
CTRN,20110512,21.9,22.36,21.85,22.27,61300
CTRP,20110512,47.35,48.69,46.89,48.52,926400
CTSH,20110512,76.42,78.04,76.12,78.01,1986900
CTWS,20110512,25.09,25.62,25.09,25.61,20600
CTXS,20110512,81.82,84.85,81.05,83.98,2132800
CU,20110512,41.4,41.56,40.73,41.23,591600
CUBA,20110512,7.35,7.35,7.35,7.35,0
CUTR,20110512,9,9.34,8.88,9.3,55000
CVBF,20110512,9.15,9.3,9.06,9.23,335100
CVCO,20110512,41.32,42.1,41.11,41.98,9600
CVCY,20110512,6.95,6.97,6.92,6.92,1100
CVGI,20110512,16.33,16.83,16.22,16.56,57300
CVGW,20110512,19.8,21.97,19.8,21.74,90300
CVLT,20110512,39.09,39.77,38.63,39.51,441200
CVLY,20110512,10.58,10.58,10.2,10.58,1500
CVTI,20110512,9.42,9.51,9.23,9.5,26600
CVV,20110512,11.82,11.82,11.3,11.47,56000
CWBC,20110512,4.25,4.25,4.25,4.25,1100
CWCO,20110512,9.66,10.04,9.61,10.01,38300
CWEI,20110512,74.68,77.2,73,76.41,79200
CWST,20110512,6.32,6.37,6.14,6.35,83400
CWTR,20110512,11.2,11.92,11.12,11.52,340900
CXDC,20110512,4.57,4.57,4.37,4.37,49100
CXPO,20110512,3.34,3.51,3.3,3.51,46800
CY,20110512,21.6,22.1,21.3,21.98,1908600
CYAN,20110512,3.31,3.56,3.3,3.55,7300
CYBE,20110512,9.74,10.12,9.74,10,5400
CYBX,20110512,33.17,33.82,32.88,33.49,93300
CYCC,20110512,10.78,10.99,10.36,10.71,630500
CYCCP,20110512,4,4,4,4,0
CYMI,20110512,47.54,49.79,47.2,48.95,235300
CYNO,20110512,13.71,13.97,13.65,13.97,7600
CYOU,20110512,43.5,43.98,42.59,43.14,128500
CYTK,20110512,1.42,1.48,1.42,1.48,526200
CYTR,20110512,5.95,6.09,5.81,6.02,312700
CYTX,20110512,5.98,6.33,5.95,6.21,481100
CYTXW,20110512,4.1,4.1,4.1,4.1,100
CZFC,20110512,7.87,7.87,7.85,7.85,300
CZNC,20110512,15.59,16.5,15.54,16.41,45600
CZWI,20110512,5.45,5.45,5.45,5.45,0
DAIO,20110512,6.05,6.12,5.97,6.1,1900
DAKT,20110512,9.96,10.18,9.93,10.1,134200
DARA,20110512,2.79,2.9,2.69,2.9,59900
DATE,20110512,10.65,11.01,10.12,10.69,885100
DAVE,20110512,9.92,9.97,9.83,9.97,8500
DBLE,20110512,8.58,8.67,8.11,8.33,106200
DBLEP,20110512,26.41,26.45,26.4,26.4,300
DCIX,20110512,11.6,12,11.07,11.5,69900
DCOM,20110512,14.41,14.62,14.29,14.59,54400
DCTH,20110512,6.47,6.51,6.31,6.34,588800
DECK,20110512,89,90.81,87.59,88.48,962900
DELL,20110512,16.68,16.8,16.38,16.66,30951300
DENN,20110512,4,4.03,3.99,4.03,350000
DEPO,20110512,8.3,8.4,8.05,8.36,632800
DEST,20110512,23.63,23.63,22.8,23,89500
DFZ,20110512,11.48,11.52,11.41,11.49,31600
DGAS,20110512,15.52,15.55,15.37,15.4,8900
DGICA,20110512,13.28,13.68,13.28,13.68,11200
DGICB,20110512,17,17,17,17,0
DGII,20110512,11.14,11.63,11.11,11.39,53900
DGIT,20110512,35.41,36.29,35.25,35.85,133300
DGLY,20110512,1.08,1.13,1.06,1.11,102800
DHIL,20110512,79.29,80.13,79.29,80,4700
DHRM,20110512,3.81,3.81,3.23,3.41,26600
DIOD,20110512,30.48,30.94,30.12,30.65,399700
DISCA,20110512,43.83,45,43.77,44.92,1689300
DISCB,20110512,44.52,44.52,44.52,44.52,0
DISCK,20110512,39.05,40.03,39.05,39.95,515700
DISH,20110512,29.31,29.33,28.9,29.2,2432200
DJCO,20110512,73,73,73,73,0
DLGC,20110512,25.35,25.5,24.75,25.2,25500
DLIA,20110512,1.78,1.84,1.71,1.83,64200
DLLR,20110512,23.03,23.3,22.62,23.28,283700
DLTR,20110512,29.95,30.79,29.93,30.76,1522500
DMLP,20110512,27.9,28.38,27.06,27.5,58700
DMND,20110512,66.99,68.63,66.3,68.05,215700
DMRC,20110512,28.17,31.07,28.01,31.02,51500
DNBF,20110512,10.5,10.5,10.5,10.5,100
DNDN,20110512,37.99,38.12,37.3,37.8,2933900
DORM,20110512,18.375,18.88,18.305,18.775,48200
DOVR,20110512,5.08,5.28,5.04,5.2,5900
DRAD,20110512,2.76,2.8,2.71,2.8,46500
DRAM,20110512,11.34,12.24,11.34,12,75900
DRCO,20110512,15.06,15.06,14.78,14.97,16200
DRIV,20110512,32.54,32.98,32.18,32.65,329100
DRRX,20110512,3.23,3.35,3.21,3.35,107400
DRWI,20110512,6.67,6.74,6.6,6.62,337200
DRYS,20110512,4.58,4.72,4.52,4.68,6032200
DSCI,20110512,9.01,9.4,9.01,9.27,24100
DSCO,20110512,2.17,2.71,2.17,2.65,8142300
DSGX,20110512,6.57,6.66,6.57,6.66,3700
DSPG,20110512,7.98,8.14,7.95,8.14,38800
DSWL,20110512,3.11,3.16,3.11,3.12,3400
DTLK,20110512,7.6,8.22,7.4,8,343700
DTSI,20110512,43.1,44.42,43,43.91,53400
DTV,20110512,49.61,50.65,49.56,50.58,6699300
DVAX,20110512,2.65,2.73,2.62,2.71,260200
DVOX,20110512,6.75,8.66,6.71,7.89,1258700
DWA,20110512,26.14,26.42,25.98,26.03,1841800
DWCH,20110512,5.29,5.99,5.29,5.97,70000
DWSN,20110512,34.05,35.03,33.29,34.37,80300
DXCM,20110512,15.31,15.66,15.19,15.6,445700
DXPE,20110512,25.81,26.01,25.7,25.9,37300
DXYN,20110512,4.77,4.77,4.5,4.51,43400
DYAX,20110512,1.98,2.11,1.96,2.09,515900
DYNT,20110512,10.1,10.7,9.4,9.8,204400
DYSL,20110512,3.86,3.9,3.75,3.83,7600
EBAY,20110512,33.26,33.75,32.96,33.58,8340300
EBIX,20110512,20.12,20.32,19.68,19.92,723800
EBMT,20110512,11.12,11.12,11.12,11.12,300
EBSB,20110512,13.39,13.68,13.39,13.68,2100
EBTC,20110512,17.73,18,17.58,17.86,10000
ECHO,20110512,14.74,15.04,14.51,14.95,63300
ECOL,20110512,16.79,17.25,16.65,17.18,32600
ECPG,20110512,30.9,30.9,30.32,30.48,58300
ECTY,20110512,4.06,4.1,3.93,4.05,31300
ECYT,20110512,11.91,12.16,11.52,12.16,47000
EDAC,20110512,4.32,4.33,4.25,4.33,1600
EDAP,20110512,3.78,4.02,3.75,3.87,227400
EDGW,20110512,3.04,3.09,2.97,2.99,11700
EDMC,20110512,20.02,21.75,19.94,20.96,205100
EDS,20110512,6.96,6.96,6.78,6.78,16200
EDUC,20110512,5.7,5.78,5.7,5.78,900
EEFT,20110512,18.27,18.48,18.14,18.44,239300
EEI,20110512,22.32,22.54,22.12,22.35,9500
EFII,20110512,18.32,18.69,18.24,18.59,219300
EFSC,20110512,13.2,13.83,13.05,13.78,13700
EFUT,20110512,5.02,5.05,5.02,5.04,300
EGBN,20110512,13.04,13.47,13.04,13.29,29200
EGHT,20110512,2.97,3.09,2.92,3.08,695800
EGLE,20110512,12.24,12.48,12.12,12.28,687000
EGOV,20110512,12.73,12.87,12.06,12.86,175500
EHTH,20110512,12.96,13.44,12.83,13.28,68200
EIHI,20110512,13.11,13.11,13.06,13.08,3000
ELGX,20110512,7.86,8.06,7.68,8.06,229500
ELNK,20110512,8.14,8.24,8.06,8.15,1861900
ELON,20110512,10.4,10.72,10.36,10.59,145400
ELOS,20110512,12.14,12.57,12.07,12.4,57800
ELRC,20110512,14.42,14.92,14.42,14.73,29900
ELSE,20110512,4.7,4.75,4.56,4.73,900
ELTK,20110512,1.25,1.25,1.14,1.24,4300
EMCF,20110512,16.25,16.25,16,16,200
EMCI,20110512,20.5,20.5,20.3,20.47,9500
EMFN,20110512,28.68,28.8,28.68,28.8,300
EMIF,20110512,36.23,36.32,35.76,36.3,18700
EMITF,20110512,10.51,10.58,10.51,10.56,600
EMKR,20110512,10.24,10.56,9.92,10.24,1115600
EMMS,20110512,1.06,1.13,1.06,1.13,96100
EMMSP,20110512,17,17.1,17,17.1,40000
EMMT,20110512,26.26,26.76,26.26,26.76,700
ENDP,20110512,41.88,42.66,41.49,42.65,2040500
ENG,20110512,4.03,4.03,3.86,3.98,44500
ENMD,20110512,4.8,4.85,4.66,4.77,19800
ENOC,20110512,16.9,17.67,16.89,17.58,234900
ENSG,20110512,27.59,28.11,27.05,28,78100
ENTG,20110512,8.85,9.15,8.71,9.06,1190900
ENTR,20110512,9.17,9.2,8.87,9.05,2404200
ENZN,20110512,11.51,11.6,11.39,11.59,353900
EONC,20110512,2.22,2.26,1.99,2,167300
EPAX,20110512,9.73,10.05,9.69,10,56500
EPAY,20110512,25.19,25.86,25.15,25.86,137600
EPIQ,20110512,14.15,14.4,14.03,14.24,77500
EQIX,20110512,100.59,101.93,100.12,101.19,522300
ERIC,20110512,14.93,15.29,14.79,15.22,11890000
ERIE,20110512,70.91,72.24,70.55,72.15,36900
ERII,20110512,2.87,3.08,2.87,3.05,340300
EROC,20110512,11.46,11.46,11.11,11.2,373900
ESBF,20110512,12.56,12.73,12.33,12.61,17600
ESBK,20110512,16.9,16.9,16.9,16.9,300
ESCA,20110512,5.78,6.15,5.78,6.02,5200
ESEA,20110512,4.31,4.5,4.3,4.49,81400
ESGR,20110512,101.05,103.03,99.78,102,77700
ESIO,20110512,18.31,19.05,18.23,18.82,92700
ESLT,20110512,52,52.24,51.86,51.99,16000
ESMC,20110512,1.24,1.34,1.24,1.34,800
ESRX,20110512,59.16,60,58.6,59.79,3959900
ESSA,20110512,11.69,11.88,11.48,11.82,29500
ESSX,20110512,7.35,7.35,6.83,7.34,9000
ESYS,20110512,5.11,5.14,5.07,5.12,2400
ETFC,20110512,16.25,16.35,16.05,16.3,2463200
ETRM,20110512,2.49,2.58,2.45,2.58,39900
EUFN,20110512,23.57,23.72,23.47,23.63,7800
EVBS,20110512,3.3,3.35,3.3,3.35,5400
EVEP,20110512,53.81,54.63,52.56,53.75,329200
EVOL,20110512,7.4,7.5,7.33,7.5,48500
EWBC,20110512,20.53,20.84,20.47,20.74,1387100
EXAC,20110512,17.86,18.22,17.8,18.15,15800
EXAR,20110512,6.32,6.71,6.31,6.69,120500
EXAS,20110512,7.44,7.44,7.07,7.2,969100
EXEL,20110512,10.77,11.05,10.58,10.92,821900
EXFO,20110512,9.64,9.78,9.47,9.7,46800
EXLP,20110512,26.79,26.79,26.4,26.72,56100
EXLS,20110512,23.92,24.62,23.74,24.44,85300
EXPD,20110512,53.78,54.41,53.34,54.21,1151700
EXPE,20110512,25.09,25.33,24.75,25.12,3847700
EXPO,20110512,40.36,41.63,39.91,41.45,43800
EXTR,20110512,3.21,3.3,3.2,3.27,349500
EXXI,20110512,32.49,33.04,31.62,32.81,910300
EZCH,20110512,33.25,34.03,33.25,33.88,117400
EZPW,20110512,30.19,31.17,30,31.09,243200
FABK,20110512,13.2,13.2,12.95,13.05,21200
FALC,20110512,4.05,4.18,4.02,4.16,129500
FARM,20110512,11.37,11.74,11.31,11.74,8800
FARO,20110512,41,42.1,39.99,41.87,50200
FAST,20110512,33.105,33.575,32.915,33.52,531800
FBIZ,20110512,12.9,12.9,12.78,12.78,3100
FBMI,20110512,5.76,5.76,5.75,5.75,500
FBMS,20110512,8.51,8.51,8.51,8.51,0
FBNC,20110512,12.19,12.52,12.17,12.45,19900
FBSS,20110512,12.77,12.82,12.75,12.82,1300
FCAL,20110512,3.69,3.77,3.69,3.76,10000
FCAP,20110512,16.63,16.71,16.63,16.7,1900
FCBC,20110512,14.44,14.85,14.15,14.73,20800
FCCO,20110512,7.13,7.19,6.24,7,12900
FCCY,20110512,7.35,7.35,7.35,7.35,500
FCEL,20110512,1.58,1.59,1.54,1.59,1053400
FCFC,20110512,6.55,6.69,6.39,6.6,12000
FCFS,20110512,38.48,39.3,38.23,39.03,69400
FCHI,20110512,51.03,51.64,51.03,51.64,1100
FCLF,20110512,7,7,7,7,1000
FCNCA,20110512,198.42,198.87,198.25,198.32,2500
FCTY,20110512,4,4,4,4,0
FCVA,20110512,3.88,3.88,3.88,3.88,0
FCZA,20110512,4.1,4.1,4.01,4.07,900
FDEF,20110512,14.45,15,14.35,14.99,31500
FDML,20110512,25.97,26.25,25.83,26.25,130500
FEFN,20110512,25.27,25.37,25.18,25.34,1600
FEIC,20110512,38.1,39.43,37.9,38.83,579800
FEIM,20110512,10.38,10.72,10.21,10.55,97500
FELE,20110512,21.5,22.155,21.255,22.075,102000
FFBC,20110512,16.47,16.91,16.47,16.86,168900
FFBCW,20110512,6.13,6.13,6.13,6.13,600
FFCH,20110512,9.67,10.2,9.63,10.15,22800
FFCO,20110512,15.15,15.15,14.76,14.76,600
FFEX,20110512,3.78,3.84,3.75,3.78,5800
FFHL,20110512,4,4,3.7,3.74,93500
FFIC,20110512,14.11,14.14,13.95,14.08,53700
FFIN,20110512,36.2067,36.6,36.0867,36.3333,46500
FFIV,20110512,103.48,106.12,102.16,105.76,2276000
FFKT,20110512,6.86,6.86,6.75,6.75,1700
FFKY,20110512,3.9,3.9,3.9,3.9,3000
FFN,20110512,8,8,7.12,7.44,474100
FFNM,20110512,3.4,3.44,3.35,3.44,600
FFNW,20110512,6.13,6.2,6.11,6.15,8900
FHCO,20110512,4.98,5.07,4.96,5.01,76400
FIBK,20110512,13.2,13.52,13.2,13.45,50500
FINL,20110512,22.11,22.67,21.94,22.64,483000
FIRE,20110512,24.19,25.02,23.97,24.74,322400
FISI,20110512,16,16.32,15.87,16.09,24100
FISV,20110512,61.73,62.61,61.43,62.33,751500
FITB,20110512,12.89,12.89,12.57,12.71,26977100
FITBP,20110512,138.75,140.4,138.75,140.17,52200
FIZZ,20110512,13.83,14.15,13.76,14.11,9300
FLDM,20110512,15.7,15.97,15.6,15.75,41000
FLEX,20110512,7,7.07,6.96,7.05,3567800
FLIC,20110512,26.85,27.8,26.81,27.7,19900
FLIR,20110512,35.45,36.46,35.39,36.38,971700
FLML,20110512,6.15,6.15,5.92,6.08,25600
FLOW,20110512,4.06,4.25,3.97,4.19,77900
FLWS,20110512,3.05,3.11,2.95,3.1,167200
FLXS,20110512,14.71,14.79,14.47,14.47,1800
FMBI,20110512,12.52,12.81,12.4,12.75,297100
FMCN,20110512,34.05,34.33,33.4,33.85,2024000
FMER,20110512,17.05,17.26,16.93,17.14,848400
FMFC,20110512,4.06,4.07,4.06,4.06,6100
FNBN,20110512,0.67,0.68,0.64,0.65,60500
FNFG,20110512,13.94,14.18,13.81,14.15,2308600
FNGN,20110512,26.89,27.24,26.81,27.17,540900
FNLC,20110512,14.1,14.21,14.1,14.19,1900
FNSR,20110512,25.77,26.49,25.07,25.97,2721000
FOLD,20110512,6.43,6.45,6.19,6.39,42200
FONE,20110512,28.74,29.15,28.74,29.15,2000
FONR,20110512,2.69,2.69,2.5,2.58,149800
FORD,20110512,3.64,3.98,3.46,3.66,71500
FORM,20110512,10.18,10.4,10.03,10.38,227000
FORR,20110512,37.56,38,37.43,37.7,42300
FORTY,20110512,17.26,17.99,17.09,17.14,5400
FOSL,20110512,106.49,107.54,105.1,106.76,917400
FRBK,20110512,2.55,2.74,2.55,2.74,13800
FRED,20110512,13.72,14.08,13.56,14.07,171900
FREE,20110512,25.4,25.4,24.8,24.9,38800
FRME,20110512,9.25,9.36,9.12,9.31,24800
FRNK,20110512,11.8,11.85,11.79,11.82,129500
FRP,20110512,16.48,16.56,16.32,16.45,27900
FSBK,20110512,4.71,4.77,4.65,4.72,33800
FSCI,20110512,28.77,29.19,28.44,28.89,41500
FSFG,20110512,16.25,16.29,16.25,16.29,800
FSGI,20110512,0.75,0.75,0.7,0.7,4000
FSLR,20110512,124.54,132.29,124.41,132.07,2796500
FSRV,20110512,37.17,37.7,36.93,37.6,9600
FSTR,20110512,36.75,37.27,36.09,36.37,43400
FSYS,20110512,25.24,25.48,24.76,24.8,268900
FTEK,20110512,7.89,8.13,7.86,8.06,68900
FTNT,20110512,22.79,23.675,22.79,23.505,603000
FUBC,20110512,6.41,6.59,6.37,6.58,66500
FULL,20110512,8.01,8.05,7.91,8.04,27400
FULT,20110512,11.43,11.55,11.33,11.52,803300
FUNC,20110512,4.63,4.7,4.6,4.7,3600
FUND,20110512,8.08,8.08,7.95,8.05,73900
FURX,20110512,14.99,15.15,14.99,15.14,91100
FWLT,20110512,35.51,35.7,34.31,34.69,2602300
FWRD,20110512,31.63,32.3,31.26,32.12,121700
FXCB,20110512,13.13,13.52,13.13,13.46,13200
FXEN,20110512,7.41,7.59,7.15,7.47,427000
GABC,20110512,16.71,17.23,16.65,17.16,8800
GAGA,20110512,8.72,8.96,8.72,8.83,9800
GAI,20110512,5.31,5.79,5.3,5.79,900
GAIA,20110512,5.18,5.46,5.02,5.31,97800
GAIN,20110512,7.33,7.48,7.3,7.46,57800
GAME,20110512,7.1,7.23,6.9,7.19,889500
GASS,20110512,5.6,5.96,5.47,5.52,143700
GBCI,20110512,14.69,14.94,14.59,14.93,200200
GBDC,20110512,15.9,15.94,15.73,15.93,42600
GBLI,20110512,24.5,24.5,24.14,24.25,35400
GBNK,20110512,1.47,1.47,1.41,1.42,18000
GCBC,20110512,17.44,17.44,17.44,17.44,100
GCFB,20110512,3.6,3.6,3.25,3.6,18300
GCOM,20110512,14.53,15.1,14.3,14.72,268500
GCVRZ,20110512,2.35,2.41,2.35,2.4,1326000
GENC,20110512,7.83,7.83,7.68,7.77,6700
GENE,20110512,9.07,9.48,8.35,8.55,497200
GENT,20110512,10.1,10.1,9.72,10,84300
GERN,20110512,4.86,5.03,4.85,4.99,960000
GEVO,20110512,20,20.21,19.85,20.11,41600
GFED,20110512,6.73,6.73,6.73,6.73,0
GFN,20110512,2.85,2.99,2.85,2.87,3700
GFNCL,20110512,3.72,3.72,3.72,3.72,0
GGAL,20110512,12.93,13.25,12.77,13.16,216800
GHDX,20110512,26.59,27.28,26.22,27.02,112400
GIFI,20110512,28.75,29.72,28.63,29.34,39900
GIGA,20110512,2.61,2.79,2.6,2.64,3200
GIGM,20110512,1.28,1.32,1.27,1.32,437300
GIII,20110512,43.37,44.57,43.07,44.31,39700
GILD,20110512,20.385,20.67,20.36,20.645,9057600
GILT,20110512,5.03,5.03,4.83,4.92,29700
GIVN,20110512,19.9,20.64,19.9,20.54,43800
GKNT,20110512,25.71,27.2,25.44,26.46,86000
GLAD,20110512,11.06,11.3,11.06,11.22,48500
GLBS,20110512,8.95,8.95,8.95,8.95,400
GLBZ,20110512,8.19,8.19,8.19,8.19,200
GLCH,20110512,1.85,1.93,1.84,1.93,334900
GLDC,20110512,3.2,3.32,3.2,3.32,6900
GLDD,20110512,6.51,6.58,6.38,6.55,688700
GLNG,20110512,28.14,28.2,27.1,27.79,573300
GLPW,20110512,30.03,30.03,29.25,29.42,32500
GLRE,20110512,26.79,26.93,26.5,26.83,92500
GLUU,20110512,3.77,3.85,3.74,3.74,565300
GMAN,20110512,19.81,20.12,19.47,19.64,118400
GMCR,20110512,74.97,76.58,74.07,76.44,1742000
GMETP,20110512,12.5,12.5,12.5,12.5,0
GMLP,20110512,25.67,25.95,25.01,25.71,54300
GNCMA,20110512,11.51,11.88,11.34,11.81,102500
GNMK,20110512,6.03,6.2,5.95,6,45100
GNTX,20110512,31.66,31.9,31.24,31.71,432400
GOLD,20110512,76.92,77.59,75.72,76.62,842800
GOOD,20110512,18.5,18.75,18.5,18.74,25900
GOODO,20110512,24.55,25.1,24.54,25.02,500
GOODP,20110512,25.4,25.4,25.4,25.4,500
GOOG,20110512,535.24,536.94,530.91,535.05,1448200
GPIC,20110512,7.2,7.34,7.13,7.34,26700
GPOR,20110512,27.02,27.92,26.01,26.82,989600
GPRC,20110512,4.5,4.6,4.32,4.48,59100
GPRE,20110512,10.79,10.91,10.6,10.88,238200
GRID,20110512,33.6,33.75,33.6,33.73,3700
GRIF,20110512,27,27,27,27,100
GRMN,20110512,35.07,35.32,34.86,35.24,840200
GROW,20110512,9.32,9.35,8.96,9.02,80800
GRVY,20110512,1.78,1.8,1.75,1.79,24100
GSBC,20110512,19.8,20.3,19.72,20.19,17000
GSIG,20110512,11.62,11.8,11.53,11.75,147400
GSIT,20110512,6.9,7.12,6.85,7.01,435000
GSM,20110512,21.63,22.79,21.63,22.2,1282500
GSOL,20110512,11.1,12.48,10.98,12.42,76200
GSVC,20110512,13.96,13.96,13.23,13.25,10200
GTIM,20110512,1.83,1.83,1.83,1.83,100
GTIV,20110512,25.23,25.77,25.05,25.6,95000
GTLS,20110512,45,45.75,43.91,44.29,307700
GTXI,20110512,5.43,5.85,5.27,5.81,288000
GUID,20110512,7.5,7.68,7.5,7.59,44900
GULF,20110512,16.57,16.77,16.56,16.71,10300
GYRO,20110512,72,72,72,72,500
HA,20110512,6.12,6.16,6.01,6.15,360700
HAFC,20110512,1.22,1.23,1.2,1.21,1362300
HAIN,20110512,34.46,34.68,34,34.59,206900
HALL,20110512,7.45,7.46,7.12,7.18,70900
HALO,20110512,6.66,6.88,6.47,6.88,534100
HAS,20110512,47.49,48.34,47.49,48.33,1301900
HAST,20110512,4.75,4.93,4.75,4.9,11600
HAUP,20110512,1.98,2,1.84,1.99,46200
HAYN,20110512,58.69,60.33,57.65,58.52,77200
HBAN,20110512,6.67,6.74,6.62,6.64,10919700
HBANP,20110512,1155,1155,1154.85,1154.85,100
HBCP,20110512,14.59,14.85,14.5,14.85,11300
HBHC,20110512,31.42,32.21,31.29,32.15,334500
HBIO,20110512,5.12,5.24,5.02,5.22,55500
HBNC,20110512,12.0089,12.0622,12,12.0045,1300
HBNK,20110512,13.75,13.75,13.36,13.7,1400
HBOS,20110512,12.12,12.12,12.01,12.01,4100
HCBK,20110512,9.35,9.5,9.29,9.44,3170700
HCCI,20110512,17.81,18,17.63,18,12800
HCIIP,20110512,9.9,9.9,9.9,9.9,1000
HCKT,20110512,4.45,4.81,4.45,4.81,205000
HCSG,20110512,17.41,17.86,17.33,17.85,116500
HDNG,20110512,11.84,11.98,11.53,11.79,24200
HDSN,20110512,1.91,1.95,1.88,1.88,4300
HEES,20110512,14.83,15.19,14.5,15.08,293800
HELE,20110512,32.45,33.36,32.3,33.1,160900
HEOP,20110512,3.6,3.66,3.6,3.66,4200
HERO,20110512,5.84,6.06,5.55,5.92,6277700
HFBC,20110512,8.2,8.2,8.11,8.13,1700
HFBL,20110512,13.24,13.4,13.23,13.23,1000
HFFC,20110512,10.9,10.93,10.9,10.93,3300
HFWA,20110512,13.27,13.4,13.24,13.36,15300
HGSH,20110512,2.51,2.55,2.5,2.55,3100
HIBB,20110512,38.1,38.59,37.71,38.52,347100
HIFS,20110512,52,52,52,52,0
HIHO,20110512,3.1,3.1,3.1,3.1,600
HILL,20110512,2.79,2.86,2.75,2.85,115100
HIMX,20110512,2.34,2.38,2.3,2.3,144300
HITK,20110512,25.98,26.55,25.7,26.24,73200
HITT,20110512,63.18,64.63,62.79,64.56,163700
HLIT,20110512,7.74,7.83,7.62,7.77,929200
HMIN,20110512,41.42,43,41.35,42.61,236300
HMNF,20110512,2.85,2.85,2.59,2.79,3600
HMPR,20110512,11.04,11.15,10.74,11.03,26400
HMSY,20110512,25.7067,25.93,25.4133,25.8367,147900
HNH,20110512,11.84,11.94,11.64,11.88,16200
HNRG,20110512,11.25,11.25,10.84,10.9,111100
HNSN,20110512,2.83,2.95,2.75,2.95,886300
HOFT,20110512,11.22,11.54,11.13,11.52,11900
HOGS,20110512,16.15,16.3,16.04,16.2,171400
HOLI,20110512,10.92,11.12,10.39,10.63,334900
HOLL,20110512,1.7,1.74,1.7,1.73,8300
HOLX,20110512,21.88,22.09,21.81,22.02,2316900
HOMB,20110512,23.51,23.86,23.11,23.75,104700
HOME,20110512,11.12,11.45,11.12,11.45,7400
HOTT,20110512,7.91,7.95,7.74,7.84,608600
HOVNP,20110512,5.85,5.85,5.38,5.5,13300
HPCCP,20110512,25.67,25.85,25.67,25.69,700
HPJ,20110512,2.56,2.63,2.12,2.26,153500
HPOL,20110512,0.86,0.87,0.8,0.84,98000
HRZN,20110512,16.11,16.15,15.85,16.04,49000
HSIC,20110512,72.8,74.09,72.14,73.9,482600
HSII,20110512,20.43,20.66,20,20.4,115700
HSKA,20110512,8.39,8.79,8.39,8.6,8800
HSNI,20110512,33.49,34.31,33.33,33.63,307100
HSOL,20110512,6.15,6.18,6.02,6.14,428400
HSTM,20110512,10.75,11.36,10.2,11.26,348500
HTBK,20110512,5.29,5.3,5.27,5.3,3300
HTCH,20110512,2.46,2.55,2.46,2.53,71500
HTCO,20110512,9.6,9.71,9.56,9.65,4900
HTHT,20110512,20.86,21.16,20.75,20.81,431500
HTLD,20110512,16.49,16.79,16.33,16.61,571100
HTLF,20110512,14.6,14.98,14.6,14.91,9200
HTWR,20110512,78.78,79.89,77.69,79.01,143900
HUBG,20110512,38.86,39.06,38.41,38.71,175400
HURC,20110512,31.81,31.81,30.74,31.38,20100
HURN,20110512,28.83,29.77,28.4,29.76,35700
HWAY,20110512,16.28,16.63,16.01,16.59,109900
HWBK,20110512,8.17,8.17,8.15,8.15,400
HWCC,20110512,16.95,16.95,16.36,16.82,54100
HWKN,20110512,44.95,45.66,44.21,44.52,28200
HYGS,20110512,5.4,5.4,5,5.13,17300
IACI,20110512,35.41,35.76,35.23,35.57,459700
IART,20110512,51.52,51.82,50.98,51.72,187200
IBB,20110512,107.46,109.6,107.01,109.5,589600
IBCA,20110512,3.19,3.19,3.1,3.11,49500
IBCP,20110512,2.71,2.95,2.65,2.93,144100
IBCPO,20110512,15.91,15.91,15.75,15.75,200
IBKC,20110512,59.46,60.29,59,60.2,138700
IBKR,20110512,17.29,17.55,17.11,17.45,370000
IBOC,20110512,16.5,17.19,16.49,17.1,248600
ICAD,20110512,1.17,1.3,1.16,1.2,488300
ICCC,20110512,4.41,4.78,4.41,4.6,2000
ICFI,20110512,25.09,25.66,24.66,25.56,56200
ICGE,20110512,13.06,13.42,12.95,13.32,80900
ICLN,20110512,17.15,17.45,17.07,17.45,111500
ICLR,20110512,24.23,24.39,23.67,24.29,138100
ICON,20110512,24.7,25.29,24.45,24.96,427300
ICUI,20110512,44,44.78,43.71,44.57,42000
IDCC,20110512,44.64,45.73,44.64,45.04,534400
IDIX,20110512,5.09,5.28,5.07,5.28,466000
IDRA,20110512,2.55,2.6,2.55,2.6,5000
IDSA,20110512,10.57,10.7,10.2,10.24,75900
IDSY,20110512,4.59,4.59,4.5,4.57,21000
IDTI,20110512,8.4,8.69,8.33,8.64,2174400
IDXX,20110512,81.92,82.68,81.32,82.39,211100
IESC,20110512,3.39,3.46,3.36,3.39,3500
IFAS,20110512,30.92,30.97,30.88,30.97,3900
IFEU,20110512,33.93,34.13,33.93,34.08,3400
IFGL,20110512,32.03,32.09,31.65,32.02,62800
IFNA,20110512,44.37,44.61,44.37,44.61,200
IFON,20110512,0.8,0.8,0.76,0.77,27400
IFSM,20110512,40.8,40.8,40.59,40.76,5300
IGLD,20110512,24.61,24.78,24.26,24.26,1700
IGOI,20110512,26.16,26.4,24.84,26.28,178100
IGOV,20110512,105.24,105.85,104.94,105.69,7200
IGTE,20110512,17.85,18.3,17.75,18.13,323100
III,20110512,2.25,2.27,2.18,2.18,35600
IIIN,20110512,13.49,13.91,13.25,13.83,35600
IIJI,20110512,8.48,8.63,8.48,8.52,14800
IILG,20110512,14.29,14.58,14.1,14.39,125100
IIN,20110512,4.05,4.16,4.03,4.16,2900
IIVI,20110512,27.725,28.03,26.79,27.96,118800
IKAN,20110512,1.4,1.48,1.4,1.44,420500
IKNX,20110512,8,8,8,8,0
ILMN,20110512,74.24,75.77,73.64,75.23,1636000
IMGN,20110512,13.1,13.5,12.64,13.35,594600
IMKTA,20110512,18.52,19.1,18.52,19.07,17500
IMMR,20110512,8.23,8.4,8.08,8.31,341300
IMMU,20110512,3.91,3.99,3.84,3.98,288500
IMOS,20110512,8.19,8.29,8.1,8.21,52100
IMRS,20110512,8.25,8.32,7.89,8.26,148400
INAP,20110512,7.38,7.68,7.34,7.68,206400
INCY,20110512,20.07,20.5,19.9,20.5,891000
INDB,20110512,29.62,29.84,29.32,29.67,35300
INDY,20110512,27.82,28.14,27.71,28.11,71100
INFA,20110512,52.58,54.28,51.78,53.86,1684700
INFI,20110512,7.27,7.27,6.84,7,80600
INFN,20110512,7.47,7.66,7.37,7.62,805300
ININ,20110512,35.61,36.79,35.35,36.31,46900
INOC,20110512,1.63,1.7,1.63,1.7,9700
INOD,20110512,2.56,2.62,2.56,2.62,50000
INPH,20110512,4.68,4.9,4.59,4.74,88600
INSM,20110512,8.18,8.56,7.64,8.51,79500
INTC,20110512,23.25,23.83,23.23,23.7,66277800
INTG,20110512,22.19,22.24,22,22.01,4000
INTL,20110512,25.33,26,25.21,25.99,27000
INTT,20110512,3.68,3.79,3.68,3.79,27000
INTU,20110512,54.42,55.99,54.12,55.89,2540800
INTX,20110512,14.75,15.48,14.4,15.38,53100
INVE,20110512,3.1,3.14,3,3.09,409900
INWK,20110512,8.43,8.44,8.26,8.43,116100
IOSP,20110512,32.61,33.18,32.14,32.45,195700
IPAR,20110512,18.8,20.24,18.75,20,431300
IPAS,20110512,1.28,1.4,1.26,1.34,377900
IPCC,20110512,52.48,53.98,52.4,53.98,52000
IPCI,20110512,4.02,4.03,3.74,4,103600
IPCM,20110512,50.26,51.46,49.42,51.24,77200
IPGP,20110512,66.94,68.06,65.35,67.34,421600
IPHS,20110512,45.07,45.79,44.7,45.24,92000
IPXL,20110512,27.77,28.11,27.51,27.6,684000
IRBT,20110512,33.07,34.2,32.53,33.82,161300
IRDM,20110512,8.35,8.64,8.3,8.48,578900
IRDMZ,20110512,1.82,1.89,1.82,1.86,24600
IRIX,20110512,3.7,3.86,3.68,3.85,28000
IRWD,20110512,15.04,15.43,14.51,15.11,313000
ISBC,20110512,14.56,14.75,14.36,14.75,110800
ISCA,20110512,29.73,30.13,29.42,30.11,97400
ISHG,20110512,107.78,108.38,107.75,108.01,8300
ISIG,20110512,4.8,4.9,4.75,4.89,72100
ISIL,20110512,15.04,15.22,14.98,15.17,1603600
ISIS,20110512,8.67,9.08,8.57,9.08,823200
ISLE,20110512,9.17,9.28,9.17,9.24,67200
ISNS,20110512,11.79,11.98,11.11,11.45,7800
ISRG,20110512,353.38,362,350.96,361.04,254000
ISRL,20110512,62,62,62,62,100
ISSC,20110512,5.9,5.91,5.64,5.64,4900
ISSI,20110512,9.16,9.48,9.16,9.42,124700
ITIC,20110512,39.16,40.86,39,40.83,8200
ITMN,20110512,37.79,41.03,37.51,40.43,4050100
ITRI,20110512,53.29,54.57,53.29,54.33,237400
ITRN,20110512,14.99,15.29,14.95,15.2,5300
IVAC,20110512,11.21,11.75,11.21,11.73,46100
IVAN,20110512,2.42,2.6,2.29,2.6,3152900
IXYS,20110512,14.48,15.07,14.3,15,128100
JACK,20110512,20.52,20.81,20.39,20.65,275100
JADE,20110512,3.91,4,3.87,3.99,108900
JAKK,20110512,20.01,20.49,19.81,20.42,98700
JASO,20110512,31.05,32.05,30.75,31.85,6272600
JAXB,20110512,6.68,6.68,6.46,6.46,400
JAZZ,20110512,29.74,30.06,29.1,29.26,1072300
JBHT,20110512,46.49,46.49,45.52,46.15,858200
JBLU,20110512,5.95,5.99,5.81,5.94,4930300
JBSS,20110512,9.51,9.97,9.5,9.96,24400
JCOM,20110512,29.14,29.49,28.9,29.34,108600
JCS,20110512,17.09,17.78,17.07,17.69,17100
JCTCF,20110512,9.7,9.7,9.7,9.7,0
JDSU,20110512,21.2,21.74,20.55,21.73,10206800
JFBI,20110512,3.5,3.5,3.5,3.5,0
JJSF,20110512,51.36,53.44,50.88,52.76,35200
JKHY,20110512,31.68,32.18,31.57,32.07,429400
JMBA,20110512,2.39,2.41,2.38,2.41,188200
JOBS,20110512,62.53,63.17,59.99,61.19,160700
JOEZ,20110512,0.91,0.93,0.89,0.92,565700
JOSB,20110512,54.38,55.69,54.1,55.5,385000
JOUT,20110512,16.66,16.66,16.18,16.5,12400
JRCC,20110512,21.18,21.58,21.01,21.29,1759500
JRJC,20110512,5.03,5.06,4.98,5.01,90100
JST,20110512,14.94,14.94,13.86,14,199600
JVA,20110512,6.87,7.25,6.51,6.94,392500
JXSB,20110512,12.75,12.75,12.75,12.75,8100
KALU,20110512,50.18,51.56,49.6,51.29,139100
KBALB,20110512,6.69,7.09,6.69,7.09,26300
KCAP,20110512,7.49,7.5,7.35,7.48,55600
KCLI,20110512,30.63,31.59,30.08,31.46,24500
KELYA,20110512,19.07,19.74,19.02,19.7,131700
KELYB,20110512,20.23,20.23,20.23,20.23,0
KEQU,20110512,10.28,10.28,10.28,10.28,0
KERX,20110512,5,5.16,4.91,5.1,1060100
KEYN,20110512,22.26,22.65,21.95,22.2,114800
KEYW,20110512,10.99,11.08,10.75,10.99,470100
KFFB,20110512,8.57,8.57,8.52,8.52,600
KFRC,20110512,13.98,14.2,13.79,14.19,375300
KGJI,20110512,1.98,1.98,1.86,1.89,87500
KINS,20110512,3.3,3.3,3.3,3.3,0
KIPS,20110512,4.2,4.46,3.96,4.46,16900
KIRK,20110512,15.72,15.94,15.66,15.79,61700
KLAC,20110512,43.96,45.13,43.57,44.89,2627300
KLIC,20110512,12,12.72,11.88,12.37,2766000
KNDI,20110512,2.08,2.1,1.86,2.04,265300
KONA,20110512,5.16,5.16,5.09,5.13,3100
KONE,20110512,2.02,2.25,1.93,1.97,134100
KONG,20110512,7.91,7.91,7.53,7.63,215400
KOOL,20110512,2.22,2.31,2.22,2.31,121700
KOPN,20110512,4.77,4.91,4.73,4.91,197900
KOSS,20110512,6.26,6.26,6.2,6.2,3000
KRNY,20110512,9.23,9.52,9.23,9.52,4200
KSWS,20110512,11.06,11.43,11.02,11.33,53800
KTCC,20110512,4.62,4.68,4.6,4.63,10700
KTEC,20110512,19.87,20,19.8,20,3300
KTOS,20110512,13.17,13.43,12.99,13.34,77500
KUTV,20110512,6,6,5.6,5.62,569900
KVHI,20110512,11.69,12.59,11.45,12.56,59200
LABC,20110512,15.37,15.37,15.37,15.37,500
LABL,20110512,22.14,23.45,21.97,23.35,55400
LACO,20110512,2.3,2.52,2.29,2.43,81700
LAKE,20110512,8.8,8.8,8.63,8.75,47000
LAMR,20110512,29.77,30.25,29.76,30,562500
LANC,20110512,61.21,62.83,61.04,62.55,62400
LARK,20110512,16,16,15.53,15.93,800
LAWS,20110512,20.02,20.16,19.88,20.04,15400
LAYN,20110512,28.48,28.5,27.89,28.44,145200
LBAI,20110512,10.27,10.56,10.14,10.51,34400
LBIX,20110512,3.43,3.75,3.16,3.64,14900
LBTYA,20110512,46.46,46.81,45.74,46.02,3577100
LBTYB,20110512,46.15,46.15,46.15,46.15,0
LBTYK,20110512,44.65,44.96,44,44.15,377000
LCAV,20110512,6.14,6.26,6.14,6.24,29300
LCUT,20110512,12.6,13.16,12.44,13.12,102700
LEAP,20110512,16.84,17.28,16.73,17.03,1323400
LECO,20110512,37.605,38.095,37.28,38,99700
LEDR,20110512,2.18,2.25,2.18,2.25,400
LEDS,20110512,11.14,11.21,11.03,11.19,25600
LFUS,20110512,60.86,61.5,60.81,61.41,161400
LGCY,20110512,30,30.74,29.56,30.56,207200
LGND,20110512,11.01,11.3,10.95,11.3,77200
LHCG,20110512,27.71,27.96,27.35,27.9,105000
LIFE,20110512,55.8,56.41,55.14,56.35,2744200
LIME,20110512,4.51,4.85,4.51,4.73,54200
LINC,20110512,14.03,14.96,13.92,14.88,357300
LINE,20110512,37.06,37.75,37.04,37.71,1104500
LINTA,20110512,18.12,18.23,17.84,18.1,3753400
LINTB,20110512,18.2,18.2,18.02,18.02,400
LION,20110512,7.19,7.31,7.18,7.26,600
LIOX,20110512,3.41,3.44,3.4,3.42,197000
LIVE,20110512,3.78,3.78,3.75,3.75,500
LIWA,20110512,8.12,8.25,7.8,7.97,113400
LKFN,20110512,21.75,22.44,21.75,22.35,23300
LLEN,20110512,7.2,7.2,6.99,7.03,241500
LLNW,20110512,6.13,6.23,6.07,6.1,1512400
LLTC,20110512,34.5,35.28,34.31,35.26,2746000
LMAT,20110512,7.01,7.03,6.91,6.96,3700
LMCA,20110512,87.84,88.34,86.38,86.85,633900
LMIA,20110512,21.79,22.54,21.35,22.27,22200
LMNR,20110512,20.19,20.47,20.19,20.27,9300
LMNX,20110512,20.58,20.93,19.71,20,384400
LNBB,20110512,5.91,5.98,5.7,5.75,8400
LNCE,20110512,19.87,20.91,19.67,20.5,586500
LNDC,20110512,5.94,6.05,5.93,6.03,69300
LOAN,20110512,1.49,1.49,1.45,1.45,12500
LOCM,20110512,3.63,3.68,3.58,3.65,201700
LOGI,20110512,13.12,13.21,13.01,13.15,617900
LOGM,20110512,41.29,42.92,41.15,42.26,129700
LOJN,20110512,4.63,4.76,4.62,4.73,202700
LONG,20110512,16.47,16.47,15.2,15.76,38800
LOOK,20110512,1.86,1.93,1.85,1.9,80600
LOPE,20110512,13.9,14.2,13.9,14.1,284000
LORL,20110512,67.45,67.69,66.63,67.36,102000
LPHI,20110512,7.22,7.23,6.9,7.04,108700
LPLA,20110512,36.39,36.52,36.05,36.5,264600
LPNT,20110512,42.85,43.13,42.36,42.8,409300
LPSB,20110512,9.57,9.57,9.57,9.57,0
LPSN,20110512,10.91,11.15,10.76,11.07,542900
LPTH,20110512,1.72,1.75,1.68,1.75,14800
LQDT,20110512,19.7,20.03,19.5,20.03,174100
LRAD,20110512,2.34,2.35,2.24,2.29,99300
LRCX,20110512,47.02,47.87,46.79,47.47,3682900
LSBI,20110512,15.67,15.67,15.67,15.67,100
LSBK,20110512,10.82,10.82,10.82,10.82,7500
LSCC,20110512,6.74,7.03,6.63,7,1063400
LSTR,20110512,46.54,47.08,46.2,47.01,158000
LTBR,20110512,4.65,4.67,4.4,4.49,44600
LTON,20110512,1.15,1.17,1.03,1.04,178500
LTRE,20110512,9.69,9.89,9.4,9.89,25600
LTRX,20110512,3.84,3.84,3.55,3.57,6200
LTXC,20110512,8.74,9.09,8.69,9,821900
LUFK,20110512,81.91,84.8,81.12,83.82,317000
LULU,20110512,48,49,47.34,48.52,868800
LUNA,20110512,2.16,2.16,2.1,2.11,31800
LWAY,20110512,9.76,9.96,9.32,9.89,20100
LXRX,20110512,1.63,1.67,1.61,1.66,819000
LYTS,20110512,8.04,8.25,7.86,8.16,88200
MAGS,20110512,3.08,3.13,3.08,3.13,1600
MAKO,20110512,25.75,25.75,25.07,25.22,341200
MANH,20110512,36.26,36.95,35.98,36.86,109700
MANT,20110512,43.69,44.64,43.61,44.58,112100
MARPS,20110512,19,19.17,18.38,18.81,1400
MASC,20110512,7.76,7.76,7.51,7.74,22700
MASI,20110512,31.42,31.68,31.15,31.61,509400
MAT,20110512,26.34,26.9,26.34,26.78,2607300
MATW,20110512,38.41,39.28,38.02,39.23,42400
MAXY,20110512,5.11,5.18,5.1,5.16,76300
MAYS,20110512,17.34,17.61,17.31,17.55,1600
MBFI,20110512,19.92,20.43,19.85,20.32,145300
MBLX,20110512,7.61,7.9,7.48,7.72,93700
MBND,20110512,3.9,3.9,3.79,3.88,39500
MBRG,20110512,15.18,15.35,15.09,15.17,14600
MBTF,20110512,1.53,1.53,1.48,1.48,6900
MBVT,20110512,25.01,25.29,25.01,25.16,7100
MBWM,20110512,9.05,9.07,8.99,9.05,1500
MCBC,20110512,2.45,2.49,2.41,2.49,26800
MCBI,20110512,6.35,6.52,6.18,6.52,3200
MCGC,20110512,6.31,6.64,6.24,6.59,965100
MCHP,20110512,40.68,41.35,40.58,41.31,1938800
MCHX,20110512,7.62,8,7.54,7.99,94700
MCOX,20110512,26.25,26.45,26.25,26.25,77500
MCRI,20110512,10.15,10.3,10.15,10.21,9500
MCRL,20110512,12.45,12.77,12.41,12.68,296000
MCRS,20110512,49.89,50.58,49.53,50.2,760200
MDAS,20110512,15.89,16.14,15.69,16.06,460600
MDCA,20110512,16.36,16.87,16.2,16.85,56100
MDCI,20110512,9.34,9.74,9.28,9.72,112500
MDCO,20110512,16.35,16.98,16.35,16.79,457700
MDH,20110512,2.98,3.05,2.82,2.99,19200
MDRX,20110512,20.41,20.46,20.25,20.31,1443500
MDSO,20110512,23.99,24.51,23.68,24.18,303100
MDVN,20110512,23.5,25.11,23.1,24.92,258000
MEAD,20110512,3.63,3.63,3.63,3.63,100
MEAS,20110512,33.44,34.25,33.13,34.13,74800
MELA,20110512,3.25,3.3,3.13,3.27,198500
MELI,20110512,87,88.13,85.72,86.88,412000
MEMS,20110512,3.4,3.4,3.33,3.36,32400
MENT,20110512,14.26,15.33,14.26,15.12,2768700
MEOH,20110512,31,31.37,30.36,30.98,203800
MERC,20110512,12.6,12.6,12.11,12.25,279000
MERU,20110512,18.42,18.82,17.78,18.13,179400
METR,20110512,12.13,12.37,12.13,12.32,9700
MFI,20110512,5.53,5.75,5.52,5.75,7700
MFLR,20110512,8.61,8.61,8.61,8.61,0
MFLX,20110512,21.58,21.98,21.27,21.86,88200
MFNC,20110512,5.63,5.63,5.36,5.46,600
MFRI,20110512,10.28,10.61,9.47,9.95,4000
MFSF,20110512,8.17,8.17,7.82,7.97,8100
MGAM,20110512,5.41,5.65,5.41,5.65,16400
MGEE,20110512,41.6,42.72,41.57,42.67,27500
MGIC,20110512,5.8,6.04,5.7,5.98,204200
MGLN,20110512,50.6,51.46,50.11,51.16,175300
MGPI,20110512,8.39,8.4,8.34,8.39,11200
MGRC,20110512,27.49,28.56,27.36,28.39,54900
MGYR,20110512,4.49,4.49,4.49,4.49,0
MHGC,20110512,8.26,8.63,8.26,8.5,161400
MHLD,20110512,7.88,8.09,7.78,8.03,526700
MIDD,20110512,89.38,89.55,85.59,89.02,318500
MIND,20110512,14,14,13.16,13.78,47200
MINI,20110512,21.92,22.27,21.62,22.1,260100
MITL,20110512,5.24,5.27,5.14,5.22,3300
MKSI,20110512,26.47,26.98,26.2,26.79,246700
MKTAY,20110512,43.92,44.2,43.9,44.2,3600
MKTG,20110512,15.41,15.5,15.05,15.18,308700
MKTX,20110512,21.31,22.1,20.91,22.09,114200
MLAB,20110512,31.24,31.5,31.21,31.5,1300
MLHR,20110512,24.74,25.72,24.54,25.44,206600
MLNK,20110512,5.16,5.21,5.13,5.15,71100
MLNX,20110512,31,32.63,30.88,32.44,318300
MLVF,20110512,8,8,8,8,100
MMLP,20110512,37.98,38.19,37,37.11,143500
MMSI,20110512,18.57,18.94,18.19,18.85,241300
MMUS,20110512,4.71,4.72,4.7,4.7,10100
MMYT,20110512,29.9,29.91,27.4,27.59,204300
MNDO,20110512,3.47,3.5,3.44,3.49,106800
MNKD,20110512,3.88,4.1,3.83,4.08,1816200
MNOV,20110512,2.55,2.55,2.44,2.48,40800
MNRK,20110512,6.5083,6.6417,6.5,6.6,1200
MNRO,20110512,30.5,31.38,30.35,31.26,233300
MNST,20110512,32.355,33.48,32.355,33.38,674100
MNTA,20110512,18.53,19.28,18.53,19.22,522300
MNTG,20110512,2.89,3,2.86,2.96,20300
MNTX,20110512,5.98,5.98,5.5,5.85,165600
MOBI,20110512,11.1,12.56,10.55,12.08,1822500
MOCO,20110512,14.88,15.2,14.88,15.13,7300
MOFG,20110512,14.1,14.23,13.9,14,4300
MOLX,20110512,27.29,27.62,26.99,27.6,762200
MOLXA,20110512,22.71,23.03,22.56,23.02,79800
MORN,20110512,57.33,58.32,57.23,58.18,102200
MOSY,20110512,5.96,6.19,5.88,6.18,46100
MOVE,20110512,8.68,8.84,8.48,8.64,543200
MPAA,20110512,14.93,14.95,14.75,14.84,28200
MPAC,20110512,5.73,5.95,5.72,5.94,6600
MPB,20110512,9.02,9.06,9,9,600
MPEL,20110512,10.72,10.72,10.31,10.35,6296100
MPET,20110512,2.05,2.06,1.97,2.05,84900
MPWR,20110512,16.18,16.64,16.11,16.54,164300
MRCY,20110512,19.06,19.3,18.85,19.21,87600
MRGE,20110512,5.81,5.98,5.75,5.91,222100
MRLN,20110512,12.21,12.68,12.18,12.67,13500
MRTN,20110512,21.91,22.28,21.65,22.19,23300
MRVL,20110512,14.69,15.02,14.69,14.94,8900500
MSBF,20110512,5.51,5.51,5.51,5.51,100
MSCC,20110512,23.23,23.69,23.08,23.63,282200
MSEX,20110512,18.79,18.79,18.36,18.76,21800
MSFG,20110512,8.76,9.04,8.69,8.99,38700
MSFT,20110512,25.35,25.39,25.1,25.32,77366900
MSG,20110512,27,27.03,26.75,26.96,101400
MSON,20110512,2.18,2.2,2.15,2.2,2500
MSPD,20110512,8.41,9.13,8.29,9.11,988500
MSTR,20110512,135.27,139.66,134.12,137.96,85100
MTEX,20110512,11.7,12.2,11.7,11.9,22900
MTRX,20110512,12.8,13.15,12.4,12.93,126500
MTSC,20110512,41.68,42.61,41.62,42.3,40200
MTSL,20110512,1.72,1.76,1.48,1.59,27700
MTSN,20110512,1.86,1.97,1.85,1.97,768000
MU,20110512,10.39,10.72,10.23,10.66,30720100
MVIS,20110512,10.24,10.72,10.08,10.56,619100
MVISW,20110512,0.36,0.36,0.36,0.36,0
MWIV,20110512,82.06,83.62,81.29,83.38,78000
MXIM,20110512,27.84,28.2,27.59,28.13,2027400
MXWL,20110512,15.82,16.2,15.65,16.16,81200
MYGN,20110512,24.16,24.51,23.83,24.48,1146000
MYL,20110512,23.58,24.13,23.41,24.09,6736700
MYRG,20110512,25.53,25.78,24.41,24.67,237300
NAFC,20110512,35.53,36.67,35.53,36.56,46300
NAII,20110512,4.52,4.54,4.46,4.54,12900
NANO,20110512,15.83,16.39,15.6,16.32,231000
NASB,20110512,13.8,13.8,13.11,13.75,4100
NATH,20110512,17.52,17.94,17.51,17.8,1800
NATI,20110512,29.05,30.15,29.05,29.99,713600
NATL,20110512,20.89,22.15,20.89,22.09,3900
NATR,20110512,11.37,11.78,11.09,11.75,26000
NAUH,20110512,7.33,7.57,7.1,7.32,39000
NAVG,20110512,46.24,47.7,45.86,47.56,94700
NAVR,20110512,1.86,1.89,1.85,1.86,32600
NBBC,20110512,4.83,4.92,4.8,4.92,5000
NBIX,20110512,7.44,7.76,7.38,7.76,259100
NBN,20110512,13.73,13.73,13.65,13.65,300
NBTB,20110512,21.86,22.36,21.8,22.29,62900
NBTF,20110512,20.75,20.75,20.75,20.75,0
NCBC,20110512,4.84,5.08,4.8,4.8,4700
NCIT,20110512,22.67,23.45,22.51,23.41,13500
NCMI,20110512,16.66,16.85,16.52,16.8,119500
NCTY,20110512,6.46,6.48,6.4,6.45,13200
NDAQ,20110512,26.83,27.21,26.56,27.19,1702400
NDSN,20110512,51.4,52.72,50.78,52.26,225200
NECB,20110512,6.24,6.24,6.24,6.24,0
NEOG,20110512,39.4,40.89,39.17,40.58,54900
NEPT,20110512,2.88,3.14,2.84,3.08,78800
NETC,20110512,8.84,8.98,8.84,8.94,6200
NEWL,20110512,2.24,2.24,2.24,2.24,0
NEWP,20110512,17.88,18.46,17.43,18.1,273500
NEWS,20110512,10.03,10.43,9.97,10.39,56900
NEWT,20110512,1.41,1.41,1.37,1.4,9300
NFBK,20110512,13.56,14.11,13.55,14.11,16900
NFEC,20110512,2.86,2.86,2.62,2.85,5800
NFLX,20110512,241.2,246.75,239.39,245.77,5234800
NFSB,20110512,14.2,14.25,14.2,14.25,600
NGPC,20110512,8.95,9.12,8.89,8.99,54700
NHTB,20110512,13.23,13.4,13.18,13.4,2600
NICE,20110512,36.55,37,36.33,36.8,167400
NICK,20110512,12.82,12.82,12.42,12.52,21800
NIHD,20110512,43.61,44.06,43.42,43.69,1662400
NILE,20110512,51.51,52.35,51.29,51.95,374700
NINE,20110512,1.4,1.44,1.4,1.4,9100
NKSH,20110512,26.3,27.05,26.3,26.65,5500
NKTR,20110512,10.21,10.44,10.05,10.44,579600
NLST,20110512,2.38,2.38,2.3,2.34,71200
NMRX,20110512,9.47,9.95,9.37,9.95,25100
NNBR,20110512,17.16,17.38,16.25,17.24,199600
NOVB,20110512,10.77,10.77,10.74,10.74,500
NPBC,20110512,7.61,7.72,7.48,7.66,738700
NPSP,20110512,9.99,10.47,9.85,10.2,1263200
NRCI,20110512,34.92,34.92,34.92,34.92,0
NRIM,20110512,19.57,19.83,19.35,19.8,5900
NSEC,20110512,12.44,12.89,12.44,12.89,300
NSIT,20110512,17.35,18.03,17.22,17.99,263900
NSPH,20110512,2.32,2.42,2.27,2.32,448600
NSSC,20110512,2.2,2.22,2.14,2.2,5900
NSYS,20110512,4.1,4.45,3.7,3.74,31300
NTAP,20110512,53.68,54.98,53.68,53.99,4722100
NTCT,20110512,23.19,23.81,22.9,23.77,194500
NTES,20110512,45.51,46.21,45.25,45.59,685000
NTGR,20110512,40.08,40.31,39.55,39.83,402600
NTIC,20110512,15.56,16.07,15.56,15.86,1500
NTLS,20110512,19.63,19.9,19.45,19.79,50200
NTRI,20110512,15.08,15.17,14.89,15.03,272800
NTRS,20110512,48.31,48.84,48.02,48.82,1493100
NTSC,20110512,6.99,6.99,6.89,6.93,1800
NTSP,20110512,9.01,9.15,8.82,9.08,174400
NTWK,20110512,16.8,17.1,16.3,16.9,574300
NUAN,20110512,21.86,22.46,21.62,22.2,2186600
NUCL,20110512,41,41.33,41,41.33,1700
NURO,20110512,2.88,3,2.88,3,31000
NUTR,20110512,15.25,15.47,15.25,15.47,11800
NUVA,20110512,31.84,32.39,31.55,32.35,260400
NVAX,20110512,2.3,2.4,2.28,2.4,1080600
NVDA,20110512,19.78,20.52,19.75,20.5,30585400
NVEC,20110512,58.94,61,58.51,60.52,30300
NVGN,20110512,1.31,1.36,1.3,1.32,67300
NVMI,20110512,11.27,11.46,10.85,11.43,238000
NVSL,20110512,8.31,8.31,8.31,8.31,100
NVTL,20110512,5.36,5.41,5.25,5.37,755900
NWBI,20110512,12.19,12.36,12.13,12.34,365600
NWFL,20110512,27.55,27.55,27.45,27.55,900
NWLI,20110512,159.47,160.48,155.93,159.76,3600
NWPX,20110512,24.29,25.21,24.1,24.54,37800
NWS,20110512,18.16,18.3,17.91,18.25,3230000
NWSA,20110512,17.38,17.53,17.09,17.52,14415700
NXPI,20110512,28.73,30,28.5,29.84,1482600
NXST,20110512,7.62,7.84,7.39,7.68,34100
NXTM,20110512,18.99,20.21,18.89,20.1,546100
NYMT,20110512,6.87,6.87,6.75,6.8,17900
NYMX,20110512,7.24,7.89,7.2,7.84,66000
NYNY,20110512,0.61,0.62,0.58,0.6,85500
OABC,20110512,14.67,15,14.66,14.97,86200
OBAF,20110512,14.81,14.81,14.8,14.81,3100
OBAS,20110512,8.2,8.2,7.55,8,13600
OBCI,20110512,3.19,3.29,3.12,3.23,126400
OCC,20110512,4.66,4.83,4.56,4.83,20300
OCFC,20110512,13.71,13.98,13.69,13.94,10800
OCLR,20110512,10.33,10.73,10.17,10.68,843900
OCLS,20110512,13.65,13.65,13.16,13.23,14900
OCZ,20110512,7.05,7.44,6.85,7.32,1811700
ODFL,20110512,24.5667,25.0267,24.1133,24.6067,411700
OFED,20110512,12.4,12.4,12.4,12.4,0
OFIX,20110512,36.49,37.5,36.4,37.01,78300
OFLX,20110512,13.82,14.13,13.82,14.13,400
OGXI,20110512,15.5,15.65,15.42,15.63,28600
OIIM,20110512,6.98,7.12,6.97,6.99,109300
OINK,20110512,2.96,3.19,2.96,3.13,41900
OKSB,20110512,13.34,13.55,13.27,13.5,40700
OKSBP,20110512,27.45,27.45,27.45,27.45,0
OLBK,20110512,8.9,8.9,8.9,8.9,0
OMAB,20110512,17.17,17.39,16.84,17.25,32000
OMCL,20110512,15.06,15.44,14.98,15.43,82200
OMER,20110512,4.96,5.19,4.91,5,28200
OMEX,20110512,3.65,3.7,3.56,3.62,213600
OMPI,20110512,9.95,10.4,9.89,10.2,246800
ONCY,20110512,5.77,5.81,5.7,5.76,62100
ONEQ,20110512,111.54,112.8,111.19,112.66,10800
ONFC,20110512,8.51,8.79,8.38,8.52,5000
ONNN,20110512,11.55,11.85,11.51,11.79,4622700
ONTY,20110512,4.85,5.53,4.73,5.5,1552800
ONVI,20110512,3.95,4,3.95,4,300
ONXX,20110512,41.6,43.76,41.3,43.6,1436100
OPEN,20110512,95.73,95.98,93,93.13,1479800
OPHC,20110512,2.3,2.33,2.3,2.3,23100
OPLK,20110512,18.43,18.47,17.93,18.36,138000
OPOF,20110512,11.6,11.61,11.5,11.56,2700
OPTR,20110512,13.04,13.5,12.9,13.44,556400
OPTT,20110512,4.49,4.55,4.31,4.38,42600
OPXA,20110512,7.56,7.56,7.04,7.12,111200
ORBC,20110512,2.92,2.98,2.9,2.92,70200
ORBK,20110512,13.69,14.08,13.55,13.94,543400
ORBT,20110512,4.22,4.22,4.1,4.22,17900
ORCL,20110512,34.9,35.75,34.81,35.73,23096900
OREX,20110512,2.97,3.02,2.92,2.97,805100
ORIT,20110512,12.48,12.72,12.44,12.68,279600
ORLY,20110512,59.56,61.24,59.56,61.17,710500
ORRF,20110512,25.36,26.51,25.05,25.35,15800
OSBC,20110512,1.12,1.15,1.02,1.1,32300
OSBCP,20110512,3.7,3.8,3.7,3.8,2900
OSHC,20110512,12.45,12.45,12.45,12.45,100
OSIR,20110512,6.81,7.4,6.69,7.4,63800
OSIS,20110512,39.14,40.65,38.91,40.22,185500
OSN,20110512,3.02,3.17,2.97,3.1,54400
OSTK,20110512,13.86,14.33,13.86,14.25,59100
OSUR,20110512,7.47,7.9,7.3,7.77,169900
OTEX,20110512,61.86,62.65,61.13,62.59,266300
OTIV,20110512,2.25,2.33,2.21,2.33,130800
OTT,20110512,18.25,18.54,18.25,18.44,25100
OTTR,20110512,22.26,22.64,22.24,22.6,83100
OUTD,20110512,6.78,6.9,6.71,6.86,29700
OVBC,20110512,18.68,18.9,18.68,18.9,2200
OVLY,20110512,6.05,6.05,6.05,6.05,0
OVRL,20110512,2.15,2.2,2.14,2.16,15900
OVTI,20110512,33.67,34.08,32.97,34.05,1377700
OXBT,20110512,1.76,1.84,1.76,1.81,18200
OXGN,20110512,5.09,6.07,4.95,5.6,10632200
OXLC,20110512,19.34,19.4,19.21,19.4,4400
OZRK,20110512,24.14,24.245,24.1,24.22,94900
PAAS,20110512,31.73,33,31.34,32.25,2636300
PACB,20110512,11.21,11.75,11.12,11.37,182800
PACR,20110512,5.64,5.72,5.61,5.69,212600
PACW,20110512,21.49,21.88,21.2,21.83,93600
PAGG,20110512,31.66,31.77,31.27,31.6,63700
PANL,20110512,42.64,47.84,41.13,47.2,2959400
PATH,20110512,8.3,8.37,8.11,8.31,42500
PATK,20110512,2.3,2.33,2.25,2.27,1600
PATR,20110512,23.27,23.53,22.9,22.96,7200
PAYX,20110512,32.46,32.87,32.42,32.78,1904500
PBCT,20110512,13.39,13.43,13.23,13.26,7203500
PBHC,20110512,9.22,9.22,9.22,9.22,0
PBIB,20110512,6.47,6.98,6.46,6.53,2200
PBIP,20110512,6.43,6.43,6.43,6.43,100
PCAR,20110512,53.07,53.5,52.31,53.26,1643200
PCBK,20110512,8.97,9.41,8.95,9.38,31900
PCCC,20110512,8.61,9.05,8.61,9.01,44100
PCH,20110512,37.25,37.94,37.09,37.86,161500
PCLN,20110512,520.5,527.04,514.1,523.96,989500
PCOM,20110512,10.39,10.39,10.18,10.29,23100
PCRX,20110512,10.34,10.83,10.09,10.65,59400
PCTI,20110512,7.1,7.41,7.1,7.41,15500
PCYC,20110512,6.31,6.61,6.19,6.6,229700
PCYO,20110512,3.8,3.95,3.78,3.79,7200
PDCO,20110512,35.45,35.99,35.35,35.89,423400
PDEX,20110512,2.9,3.22,2.8,3.15,65300
PDFS,20110512,6.27,6.5,6.27,6.41,60000
PDII,20110512,7.98,8.11,7.91,8.07,16300
PDLI,20110512,6.48,6.53,6.34,6.51,5659600
PEBK,20110512,6.31,6.5,6.31,6.4,1500
PEBO,20110512,12.95,13.5,12.86,13.47,9200
PEGA,20110512,39.19,39.93,38.75,38.93,224500
PEIX,20110512,0.46,0.53,0.44,0.48,15533800
PENN,20110512,38.48,39.57,38.32,39.51,668300
PENX,20110512,5.3,5.57,5.3,5.5,22700
PEOP,20110512,13.83,14.25,13.83,14.23,10600
PERF,20110512,12.47,12.75,12.47,12.75,1200
PERY,20110512,29.15,30.86,29.15,30.38,143600
PESI,20110512,1.36,1.37,1.3,1.37,104800
PETM,20110512,43.34,44.27,43.09,44.23,657200
PETS,20110512,13.07,13.25,12.85,12.85,329000
PFBC,20110512,1.71,1.75,1.68,1.68,18900
PFBI,20110512,7.11,7.15,7.11,7.11,900
PFBX,20110512,15.31,15.43,15.19,15.43,700
PFIN,20110512,4.34,4.65,4.34,4.44,57700
PFLT,20110512,13.22,13.4,13.16,13.35,30300
PFSW,20110512,5.37,5.37,5.15,5.31,123400
PGC,20110512,12.94,13.16,12.86,13.16,10600
PGNX,20110512,8.03,8.69,7.83,8.64,156600
PGTI,20110512,2.38,2.44,2.37,2.39,27400
PHII,20110512,19.77,20.65,19.76,20.58,1900
PHIIK,20110512,19.93,20.62,19.93,20.61,17000
PHMD,20110512,9.75,9.99,9.75,9.85,3500
PICO,20110512,30.28,30.98,29.9,30.97,63600
PKBK,20110512,9.07,9.07,8.9,8.9,1300
PKOH,20110512,23.45,24,23.18,23.7,34500
PLAB,20110512,8.14,8.34,7.98,8.26,687300
PLBC,20110512,2.45,2.45,2.45,2.45,100
PLCC,20110512,1.22,1.22,1.22,1.22,0
PLCE,20110512,53.69,55.39,53.54,54.7,489000
PLCM,20110512,28.555,29.335,28.05,29.025,2055500
PLNR,20110512,2.71,2.75,2.71,2.75,15700
PLPC,20110512,69.05,70.7,68.04,70.68,23700
PLTM,20110512,29.44,30.09,28.97,30.09,7300
PLUG,20110512,0.51,0.56,0.5,0.51,995600
PLUS,20110512,25.98,26.29,25.91,26.27,22400
PLXS,20110512,36.3,37.46,36.13,37.2,249400
PLXT,20110512,3.32,3.37,3.3,3.32,311600
PMBC,20110512,3.89,4,3.85,3.85,38800
PMCS,20110512,7.78,8.02,7.77,7.93,1639200
PMD,20110512,10.72,11.05,10.57,11.02,16000
PMFG,20110512,20.37,21.25,20.35,20.86,14600
PMNA,20110512,12.55,12.83,12.54,12.7,12300
PMTC,20110512,22.74,23.31,22.57,23.22,577700
PMTI,20110512,13.43,14.2,13.43,14.19,45600
PNBK,20110512,2,2,2,2,0
PNFP,20110512,15.51,15.94,15.38,15.82,159100
PNNT,20110512,12.1,12.33,12.05,12.23,266000
PNQI,20110512,39.95,40.09,39.52,39.99,5800
PNRA,20110512,121.92,124.4,120.75,123.73,266900
PNRG,20110512,26.97,26.97,26.97,26.97,0
PNTR,20110512,5.5,5.65,5.5,5.65,400
PODD,20110512,20.62,21.06,20.25,20.9,174500
POOL,20110512,30.09,30.99,29.8,30.98,277500
POPE,20110512,41.95,42,40.81,41.5,2400
POWI,20110512,37.48,38.79,37.42,38.4,133800
POWL,20110512,34.88,35.37,34.31,35.3,49100
POWR,20110512,7.46,7.78,7.26,7.75,51600
POZN,20110512,5.65,5.65,5.36,5.57,112300
PPBI,20110512,6.99,7,6.99,7,1000
PPHM,20110512,2.28,2.32,2.23,2.32,258300
PRAA,20110512,84.19,85.64,83.47,85.38,71600
PRAN,20110512,2.29,2.3,2.22,2.25,417700
PRCP,20110512,6.89,6.89,5.96,6.35,45400
PRFT,20110512,11.07,11.6,10.99,11.56,272000
PRFZ,20110512,68.49,69.63,68.3,69.28,47400
PRGO,20110512,86.49,87.63,85.77,87.53,445000
PRGS,20110512,28.41,29.17,28.28,29.05,193000
PRGX,20110512,8.15,8.15,8.03,8.08,87100
PRIM,20110512,11.12,11.4,10.68,11.29,90300
PRKR,20110512,0.74,0.74,0.7,0.71,211300
PRLS,20110512,3.21,3.26,3.21,3.22,1200
PRMW,20110512,14.31,14.45,13.8,14.32,54500
PROV,20110512,8.03,8.08,8.01,8.03,5300
PRPH,20110512,1.1,1.17,1.09,1.17,19900
PRSC,20110512,14.46,15.06,14.3,15.04,45600
PRTS,20110512,6.84,7.04,6.84,7.01,27500
PRXI,20110512,1.75,1.75,1.69,1.71,15300
PRXL,20110512,24.2,24.98,24,24.92,323900
PSAU,20110512,44.5,45.25,43.7,44.9,10800
PSBH,20110512,5.14,5.14,5.14,5.14,0
PSCC,20110512,31.17,31.99,31.17,31.95,3400
PSCD,20110512,29.22,29.86,29.22,29.81,5000
PSCE,20110512,36.96,37.47,36.45,37.07,29200
PSCF,20110512,27.92,28.17,27.82,28.17,4800
PSCH,20110512,33.63,34.1,33.43,34.04,52900
PSCI,20110512,30.22,30.65,30.13,30.56,2800
PSCM,20110512,30.07,30.07,30.07,30.07,0
PSCT,20110512,31.88,32.57,31.78,32.38,13900
PSCU,20110512,29.96,30.27,29.9,30.27,4800
PSDV,20110512,3.92,3.95,3.84,3.88,40500
PSEC,20110512,11.85,11.94,11.8,11.87,1186500
PSEM,20110512,9.65,10.17,9.47,10.03,62200
PSMT,20110512,46.6,47.78,46.27,47.76,202600
PSTB,20110512,4.96,5,4.92,4.95,52800
PSTI,20110512,2.67,2.67,2.57,2.67,156400
PSTR,20110512,6.95,6.95,6.5,6.7,161100
PSUN,20110512,3.95,3.99,3.8,3.85,1168400
PTEK,20110512,1.42,1.43,1.3,1.36,9800
PTEN,20110512,27.89,28.27,27.31,27.8,2841400
PTIE,20110512,8.43,9.05,8.4,9.05,224500
PTIX,20110512,2.21,2.3,2.15,2.24,8000
PTNR,20110512,18.6,18.78,18.56,18.69,214500
PTRY,20110512,18.34,18.64,17.85,17.89,315200
PTSI,20110512,10.45,10.62,10.45,10.62,1200
PTSX,20110512,0.72,0.73,0.65,0.73,12600
PULB,20110512,7.28,7.37,7.27,7.37,2400
PURE,20110512,1.13,1.2,1.1,1.17,109500
PVFC,20110512,1.94,1.95,1.94,1.95,200
PVTB,20110512,15.38,15.88,15.27,15.78,376100
PVTBP,20110512,26.32,26.32,26.32,26.32,0
PWER,20110512,8.74,8.8,8.5,8.67,3272300
PWOD,20110512,37.67,38.26,37.02,38.09,3900
PWRD,20110512,24.56,24.95,24.25,24.86,202900
PWX,20110512,15.32,15.55,15.27,15.55,400
PXLW,20110512,2.48,2.48,2.38,2.41,143700
PZZA,20110512,32.61,32.96,31.99,32.96,245100
PZZI,20110512,2.3,2.41,2.27,2.33,20100
QABA,20110512,24.98,25.09,24.98,25.09,1200
QADA,20110512,10.9,11.11,10.85,10.9,11900
QADB,20110512,10.31,10.31,10.31,10.31,0
QBAK,20110512,1.75,1.76,1.72,1.75,7000
QCCO,20110512,4.6,4.6,4.52,4.55,3800
QCLN,20110512,16.42,16.64,16.42,16.64,1300
QCOM,20110512,56.46,57.65,56.14,57.34,10916200
QCOR,20110512,20.75,24.93,20.68,23,4600100
QCRH,20110512,8.77,8.95,8.76,8.95,1800
QDEL,20110512,14.4,14.65,14.31,14.56,181100
QGEN,20110512,20.74,20.97,20.51,20.89,1785300
QKLS,20110512,56.88,60,56.4,58.8,36200
QLGC,20110512,17.73,17.91,17.63,17.84,953500
QLIK,20110512,30,31.35,29.93,31.03,1392900
QLTI,20110512,7.66,7.89,7.59,7.88,81500
QLTY,20110512,12.77,13,12.43,12.84,52500
QNST,20110512,17.12,17.16,16.51,16.59,289200
QQEW,20110512,26.11,26.51,26.07,26.46,19300
QQQ,20110512,58.56,59.19,58.24,59.11,66128100
QQQX,20110512,14.83,14.93,14.67,14.88,128300
QQXT,20110512,23.68,24,23.68,24,3800
QSII,20110512,44.375,45.34,44.28,44.915,153300
QTEC,20110512,27.44,27.84,27.35,27.76,186000
QTWW,20110512,4.67,5.45,4.47,5.3,3233300
QUIK,20110512,3.14,3.23,3.12,3.21,121400
RADA,20110512,3.07,3.13,3.07,3.13,4900
RAIL,20110512,28.32,28.59,27.58,28.56,80700
RAND,20110512,2.98,2.98,2.98,2.98,0
RAVN,20110512,26.24,26.635,25.81,26.525,23500
RBCAA,20110512,20.11,21.25,20.11,20.95,27900
RBCN,20110512,25.11,25.62,25.01,25.17,513800
RBNF,20110512,3.2,3.2,3.2,3.2,400
RBPAA,20110512,1.61,1.67,1.61,1.62,900
RCII,20110512,31.08,32.15,30.7,32.07,701600
RCKB,20110512,9.64,9.88,9.64,9.84,62400
RCKY,20110512,13.71,13.9,13.57,13.89,30600
RCMT,20110512,5.71,5.78,5.6,5.69,9300
RCON,20110512,1.85,1.94,1.65,1.94,9400
RDA,20110512,12.74,12.8,12.37,12.7,34500
RDCM,20110512,6.46,6.73,6.46,6.65,16600
RDEN,20110512,30,30.44,29.07,30.25,88100
RDI,20110512,4.78,4.78,4.52,4.7,12300
RDIB,20110512,5.72,5.72,5.5,5.5,1200
RDNT,20110512,4.18,4.29,4.06,4.26,135100
RDWR,20110512,17.21,17.875,17.01,17.805,155000
RECN,20110512,14.4,14.76,14.16,14.66,249200
REDF,20110512,12.28,13.33,12.12,12.95,2460400
REFR,20110512,5.76,5.8,5.59,5.7,19800
REGN,20110512,51.77,52.71,50.75,52.68,407800
REIS,20110512,9.18,9.5,9.13,9.5,3000
RELL,20110512,13.36,13.6,13.26,13.45,110400
RELV,20110512,1.96,2.04,1.96,2.04,3200
RENT,20110512,21.56,21.71,21.23,21.56,48300
REXI,20110512,6.14,6.22,6.07,6.22,35000
REXX,20110512,12.03,12.3,11.73,12.19,767600
RFIL,20110512,3.83,3.9,3.83,3.89,2400
RFMD,20110512,5.98,6.11,5.88,6.08,3984300
RGCO,20110512,16.75,16.985,16.75,16.985,600
RGDX,20110512,2.07,2.64,2.07,2.43,85700
RGEN,20110512,3.72,3.91,3.72,3.88,21300
RGLD,20110512,56.77,58.36,56.61,57.48,559100
RICK,20110512,10.4,10.51,10.3,10.45,47500
RIGL,20110512,8.01,8.4,7.93,8.38,152400
RIMG,20110512,14.62,14.87,14.6,14.76,8200
RITT,20110512,5.3,5.54,4.16,4.5,17000
RIVR,20110512,16.77,17,16.77,17,600
RJET,20110512,5.02,5.05,4.91,5,764400
RLOC,20110512,24.4,24.75,23.8,24.13,112700
RLOG,20110512,7.44,7.48,7.29,7.29,2800
RMBS,20110512,18.81,19.3,18.76,19.27,543400
RMCF,20110512,10.75,11.26,10.75,10.99,25500
RMKR,20110512,1.06,1.06,1.04,1.04,2700
RMTI,20110512,13,13.5,12.79,13.25,160000
RNET,20110512,17.37,17.55,16.22,17.41,22000
RNIN,20110512,6.55,6.75,6.4,6.45,34300
RNST,20110512,15.25,15.78,15.25,15.68,29900
RNWK,20110512,3.55,3.74,3.54,3.72,305200
ROCK,20110512,13.31,14.02,13.11,13.8,114200
ROCM,20110512,10,10.09,9.68,10.01,44200
ROIA,20110512,2.8,2.84,2.8,2.8,4500
ROIAK,20110512,2.78,2.79,2.71,2.72,709600
ROIC,20110512,10.76,10.93,10.69,10.71,350400
ROICW,20110512,0.92,0.92,0.86,0.87,66300
ROLL,20110512,37.4,38.58,37.03,38.24,90700
ROMA,20110512,10.53,10.59,10.53,10.59,5100
ROSE,20110512,46.45,47.81,45.44,46.12,705900
ROSG,20110512,6.75,7.05,6.3,6.75,74500
ROST,20110512,40.665,41.555,40.385,41.22,2449500
ROVI,20110512,58.32,59.76,57.9,59.15,2281500
ROYL,20110512,3.2,3.38,3.08,3.28,462100
RP,20110512,28.51,28.95,28.51,28.95,221700
RPRX,20110512,5.24,5.25,5.04,5.16,61700
RPTP,20110512,3.46,3.85,3.43,3.75,691500
RPXC,20110512,26.72,27.22,26.01,27.12,39600
RRD,20110512,20.43,20.53,20.23,20.39,3875600
RRGB,20110512,29.25,29.76,28.52,28.71,189300
RRST,20110512,7.5,7.67,7.5,7.62,500
RSOL,20110512,2.52,2.59,2.51,2.55,2800
RSTI,20110512,36.58,37.17,36.2,36.79,143000
RSYS,20110512,9.06,9.1,8.93,8.99,90600
RTEC,20110512,12.47,12.7,12.26,12.48,542300
RTIX,20110512,2.56,2.66,2.56,2.63,203400
RUE,20110512,29.13,30.8,29.13,30.73,140700
RUSHA,20110512,20.72,21.19,20.53,21.14,87800
RUSHB,20110512,18.29,18.62,18.21,18.62,2600
RUTH,20110512,4.95,5.1,4.94,5.02,234800
RVBD,20110512,35.76,37.75,35.08,37.55,5992600
RVSB,20110512,3.13,3.16,3.13,3.13,6600
RYAAY,20110512,29.66,29.94,29.49,29.86,175100
SAAS,20110512,4.07,4.15,4.07,4.14,166600
SAFM,20110512,47.27,48.16,47.09,47.98,156900
SAFT,20110512,45,46.17,44.97,46.08,23100
SAIA,20110512,17.02,17.35,16.56,16.9,62300
SALM,20110512,3.54,3.61,3.54,3.61,2000
SANM,20110512,11.64,12.15,11.57,12.13,997500
SANW,20110512,3.18,3.41,3.16,3.38,2300
SANWW,20110512,0.39,0.39,0.39,0.39,0
SANWZ,20110512,0.19,0.19,0.19,0.19,0
SAPE,20110512,13.9,14.48,13.82,14.41,2137900
SASR,20110512,17.41,18.24,17.37,18.21,35200
SATS,20110512,33.58,34.29,33.2,34.17,146100
SBAC,20110512,38.98,39.21,38.82,39.15,839100
SBBX,20110512,6.56,6.56,6.4,6.44,600
SBCF,20110512,1.79,1.85,1.75,1.84,155600
SBGI,20110512,10.26,10.29,10.02,10.12,546100
SBLK,20110512,35.25,35.25,34.05,34.5,294300
SBNY,20110512,54.78,55.77,54.66,55.56,132800
SBNYW,20110512,31.99,31.99,31.99,31.99,0
SBRA,20110512,16.81,17.27,16.48,17.14,141400
SBSA,20110512,0.9,0.9,0.87,0.89,19500
SBSI,20110512,20.5,20.74,20.25,20.64,36000
SBUX,20110512,35.74,36.5,35.62,36.45,4523700
SCBT,20110512,30.01,30.4,30.01,30.3,16500
SCHL,20110512,26.15,26.87,25.93,26.69,106600
SCHN,20110512,56.72,57.65,55.79,56.86,250700
SCLN,20110512,4.84,5.13,4.83,5.13,1459700
SCMP,20110512,4.29,4.36,4.14,4.21,103800
SCOK,20110512,6.03,6.03,5.76,5.84,170500
SCON,20110512,32.04,32.64,30.96,32.64,135100
SCOR,20110512,28.49,28.79,28.06,28.77,124000
SCSC,20110512,35.98,37,35.72,36.88,54300
SCSS,20110512,17.16,17.49,16.95,17.41,529600
SCVL,20110512,18.1067,18.2867,17.7667,18.2467,88500
SDBT,20110512,2.42,2.42,2.42,2.42,7900
SDIX,20110512,2.26,2.36,2.26,2.28,48300
SEAC,20110512,10.1,10.52,10.04,10.44,71100
SEED,20110512,7.33,7.5,7.18,7.37,158100
SEIC,20110512,22.46,23.17,22.46,23.09,946000
SENEA,20110512,26.21,27.23,25.97,27.23,15800
SENEB,20110512,26.12,27.19,25.83,27.19,2500
SFLY,20110512,55.95,57.41,54.54,56.46,434600
SFNC,20110512,25.78,26.43,25.6,26.31,17600
SFST,20110512,7.78,7.9,7.78,7.9,900
SGC,20110512,11.5,11.5,11.5,11.5,700
SGEN,20110512,17.31,17.72,17.01,17.71,836300
SGI,20110512,19.86,19.98,19.03,19.29,715200
SGMA,20110512,5.21,5.21,5.14,5.2,1800
SGMO,20110512,6.56,6.95,6.5,6.89,388100
SGMS,20110512,10.19,10.47,10.1,10.46,765300
SGNT,20110512,21.22,21.68,20,21.1,39200
SGOC,20110512,3.29,3.87,3.29,3.4,1500
SGRP,20110512,1.6,1.75,1.53,1.58,4900
SHBI,20110512,8.58,8.58,8.25,8.25,22300
SHEN,20110512,16.98,17.61,16.69,17.51,15500
SHFL,20110512,11.1,11.31,10.74,11.24,166900
SHIP,20110512,0.48,0.48,0.46,0.48,11200
SHLD,20110512,77.83,78.98,77.17,78.41,371900
SHLM,20110512,24.36,25,24.11,24.89,126000
SHLO,20110512,11.03,11.19,11,11.19,2300
SHOO,20110512,36.6667,37.5267,36.24,37.3133,174100
SHOR,20110512,11.5,11.76,11.39,11.69,412100
SIAL,20110512,69.54,70.26,69.03,70.13,557300
SIEB,20110512,1.91,1.91,1.81,1.81,1500
SIFI,20110512,10.2,10.34,10.15,10.29,152300
SIFY,20110512,5.27,5.54,5.13,5.33,2312400
SIGA,20110512,13.97,14.59,13.96,14.48,236900
SIGI,20110512,17.27,17.59,17.15,17.56,59900
SIGM,20110512,12.39,12.66,12.39,12.53,439800
SILC,20110512,19.6,20.66,19.6,20.61,22100
SIMG,20110512,8.22,8.44,8.06,8.37,716500
SIMO,20110512,12.8,12.89,12.6,12.75,333900
SINA,20110512,123.15,126.5,112.5,113.15,15119300
SINO,20110512,2.3,2.3,2.11,2.11,2800
SIRI,20110512,2.27,2.34,2.25,2.28,92089200
SIRO,20110512,53.4,54.15,52.45,54.02,366200
SIVB,20110512,59.21,59.83,58.78,59.61,334900
SIVBO,20110512,24.79,24.79,24.66,24.79,2200
SKBI,20110512,4.5,4.5,4.35,4.47,30100
SKYW,20110512,15.36,15.71,15.31,15.69,192200
SLAB,20110512,42.75,43.78,42.66,43.71,329400
SLGN,20110512,44.41,44.85,44.16,44.68,446700
SLMAP,20110512,45.28,45.45,44.73,45.45,19000
SLP,20110512,2.79,2.8,2.61,2.7,83300
SLRC,20110512,24.9,24.96,24.6,24.79,93800
SLTC,20110512,5.06,5.06,5.06,5.06,0
SLTM,20110512,3.37,3.4,3.31,3.4,102200
SLXP,20110512,39.54,40.08,39.28,40,839000
SMBC,20110512,22.37,23.94,21.33,22.98,2200
SMCI,20110512,16.91,16.99,16.7,16.93,142900
SMED,20110512,4.54,4.54,4.46,4.47,20800
SMIT,20110512,3.58,3.58,3.33,3.5,2500
SMMF,20110512,3.9,3.9,3.9,3.9,2500
SMRT,20110512,9.86,10.08,9.78,9.97,62800
SMSI,20110512,5.4,5.47,5.3,5.34,690000
SMT,20110512,9.88,10,9.8,9.9,179400
SMTC,20110512,27.41,28.4,27.16,28.31,269800
SMTX,20110512,2.24,2.24,2.16,2.2,108400
SNAK,20110512,4.19,4.27,4.05,4.26,47500
SNBC,20110512,3.6,3.61,3.45,3.6,111800
SNCR,20110512,32.92,33.51,32.53,32.9,163000
SNDK,20110512,47.25,47.58,46.83,47.37,4230100
SNFCA,20110512,1.5,1.5,1.5,1.5,500
SNHY,20110512,31.56,32.48,31.0667,31.94,79000
SNMX,20110512,5.64,5.74,5.58,5.73,108000
SNPS,20110512,27.28,27.89,27.24,27.83,629100
SNSS,20110512,2.62,2.93,2.52,2.87,2049700
SNTA,20110512,6.04,6.11,5.95,6.06,101100
SNTS,20110512,3.21,3.35,3.12,3.35,268100
SOCB,20110512,3.22,3.22,3.22,3.22,0
SODA,20110512,45.35,46.05,44.75,45.68,365000
SOFO,20110512,12.81,13,12.77,12.94,9100
SOHU,20110512,91.03,93.96,84.21,84.91,5194800
SOMH,20110512,8.87,8.87,8.87,8.87,100
SONA,20110512,6.94,7,6.9,7,11500
SONC,20110512,11.6,11.8,11.39,11.8,641900
SONS,20110512,2.87,2.9,2.79,2.85,8923200
SORL,20110512,5.32,5.86,5.25,5.66,580900
SOXX,20110512,59.44,60.72,59.38,60.48,113800
SPAN,20110512,15.12,15.12,14.8,14.88,1400
SPAR,20110512,5.8,5.98,5.76,5.92,108100
SPBC,20110512,11.5,11.5,11.5,11.5,0
SPCHA,20110512,1.86,2,1.86,1.87,500
SPCHB,20110512,2.37,2.37,2.06,2.12,4600
SPIL,20110512,6.81,6.91,6.76,6.86,654700
SPIR,20110512,4.18,4.3,4.13,4.25,26500
SPLS,20110512,20.27,20.48,20.1,20.4,6765700
SPMD,20110512,3.96,3.96,3.33,3.39,721800
SPNC,20110512,5.94,6.23,5.81,6.19,103600
SPNS,20110512,3.85,3.85,3.51,3.64,3100
SPPI,20110512,7.54,7.9,7.42,7.87,1591800
SPPR,20110512,1.39,1.4,1.34,1.36,25400
SPPRO,20110512,28.5,28.5,27.51,27.9,3600
SPPRP,20110512,9.26,9.53,9.25,9.53,8900
SPRD,20110512,19.16,21.37,19.07,21.16,2674600
SPRO,20110512,2.19,2.19,2.19,2.19,0
SPRT,20110512,4.89,5.02,4.85,4.93,445400
SPSC,20110512,17.55,17.55,16.91,17.21,52200
SPTN,20110512,16.99,16.99,16.09,16.56,304400
SPU,20110512,3.43,3.65,3.37,3.62,105100
SQI,20110512,14.9,15.25,14.01,14.73,61800
SQNM,20110512,8.16,8.29,7.9,8.15,3362300
SQQQ,20110512,95,96.48,92,92.36,872900
SRCE,20110512,20.09,20.51,20.09,20.43,12100
SRCL,20110512,91.18,93.76,90.83,93.74,552100
SRDX,20110512,14.98,15.4,14.77,15.4,49700
SREV,20110512,18.12,18.24,16.86,17.64,529200
SSBI,20110512,6.63,6.67,6.61,6.67,1500
SSFN,20110512,5.91,5.91,5.91,5.91,100
SSNC,20110512,20.27,20.41,19.73,20,136700
SSRI,20110512,26.48,29.45,26.4,28.5,3209100
SSRX,20110512,18.1,18.94,18.1,18.84,42800
SSYS,20110512,42.38,43.21,41.84,42.76,262200
STAA,20110512,5.47,5.72,5.41,5.71,238300
STAN,20110512,16.55,16.95,16.55,16.95,14500
STBA,20110512,18.9,19.29,18.9,19.16,85000
STBZ,20110512,16.87,17,16.84,16.89,69600
STEC,20110512,16.13,16.14,14.81,15.02,7222200
STEI,20110512,7.79,8.06,7.72,7.98,268500
STEL,20110512,12.33,12.83,12.18,12.8,33600
STEM,20110512,0.78,0.79,0.77,0.78,369100
STFC,20110512,15.91,16.27,15.75,16.27,46200
STKL,20110512,7.43,7.57,7.25,7.46,323800
STLD,20110512,16.9,17.5,16.9,17.45,4612400
STLY,20110512,5.32,5.44,5.31,5.4,16000
STMP,20110512,13.11,13.34,13.05,13.33,32100
STND,20110512,15.3,15.45,15.3,15.45,4000
STNR,20110512,48.79,50.33,48.74,49.9,31000
STRA,20110512,121.63,124.13,120.4,123.55,223200
STRL,20110512,14.09,14.54,13.88,13.99,57700
STRM,20110512,1.63,1.66,1.6,1.64,10100
STRN,20110512,7.03,7.15,6.99,7.07,2600
STRS,20110512,14.17,14.17,14.17,14.17,100
STRT,20110512,25.3,26.01,25.3,25.33,600
STSA,20110512,17.81,17.81,17.57,17.75,53200
STX,20110512,17.53,17.59,17.16,17.19,7567500
STXS,20110512,32.6,35,32.5,35,274200
SUBK,20110512,16.13,16.13,15.58,15.9,105000
SUMR,20110512,9.38,9.38,8.82,9.15,81200
SUNS,20110512,18.2,18.74,18.2,18.4,56000
SUPX,20110512,20.8,21.2,20.17,21.2,337000
SURG,20110512,5.76,5.86,5.72,5.79,92500
SUSQ,20110512,8.87,9.02,8.77,9,656900
SUTR,20110512,1.44,1.45,1.42,1.42,127800
SVA,20110512,4,4.1,3.98,4.02,302400
SVBI,20110512,4.35,4.45,4.35,4.36,1400
SVNT,20110512,8.7,8.71,8.42,8.48,2234900
SVVC,20110512,17.01,17.45,16.6,17.24,5800
SWHC,20110512,3.51,3.56,3.5,3.56,537800
SWIR,20110512,10.93,11.25,10.7,11.17,96100
SWKS,20110512,28.48,29.14,28.28,28.57,4628500
SWSH,20110512,6.01,6.01,5.37,5.66,1617100
SYBT,20110512,23.95,24.38,23.95,24.38,13000
SYBTP,20110512,11.39,11.41,11.35,11.35,5800
SYKE,20110512,22,22.33,21.63,22.27,148200
SYMC,20110512,19.78,20.5,19.65,20.42,34970300
SYMM,20110512,5.64,6,5.61,5.97,114400
SYMX,20110512,2.86,2.89,2.62,2.65,1820900
SYNA,20110512,28.89,29.58,28.67,29.36,582200
SYNL,20110512,15,15,14.68,14.84,1600
SYNM,20110512,19.8,20,19.6,19.8,117900
SYNT,20110512,53.61,55.42,53.29,55.32,125200
SYPR,20110512,4.46,4.5,4.45,4.45,2800
SYUT,20110512,10.79,11.48,10.76,11.29,37400
TACT,20110512,12.33,12.33,12.05,12.24,30200
TAIT,20110512,1.4,1.4,1.4,1.4,0
TASR,20110512,4.45,4.68,4.43,4.65,391500
TAST,20110512,9.19,9.52,9.05,9.5,49900
TATT,20110512,5.38,5.4,5.32,5.38,3500
TAXI,20110512,9.32,9.5,9.25,9.41,117600
TAYC,20110512,9.26,9.36,9.14,9.3,16000
TAYCP,20110512,24.8,24.85,24.8,24.8,10300
TAYD,20110512,5.9,6.04,5.89,5.9,6300
TBAC,20110512,2.39,2.39,1.93,1.96,64300
TBBK,20110512,9.83,10.17,9.65,10.08,57400
TBNK,20110512,20.3,20.56,20.23,20.56,11600
TBOW,20110512,4,4,3.85,3.85,4000
TCBI,20110512,24.82,24.99,24.57,24.94,190100
TCBIW,20110512,15.19,15.19,15.19,15.19,0
TCBK,20110512,14.57,15.29,14.42,15.24,17600
TCCO,20110512,9.49,9.49,9.22,9.25,11100
TCRD,20110512,13.53,13.91,13.29,13.91,12000
TEAR,20110512,2.09,2.09,1.92,1.93,12500
TECD,20110512,52.79,53.58,52.3,53.5,164800
TECH,20110512,79.16,80.34,78.74,80.18,132600
TECUA,20110512,9.26,9.91,9.26,9.88,102600
TECUB,20110512,9.61,9.95,9.61,9.94,2100
TELK,20110512,21.6,21.6,21,21,36200
TESO,20110512,17.39,17.65,17,17.55,316000
TESS,20110512,13.08,13.18,12.87,13.14,22600
TFCO,20110512,3.69,3.75,3.67,3.7,1700
TFM,20110512,41.36,42.06,41.19,42.02,247000
TFSL,20110512,10.46,10.66,10.46,10.59,103200
TGA,20110512,13.3,13.55,13.07,13.51,142000
TGE,20110512,6.31,6.52,6.15,6.43,194400
THFF,20110512,31.33,31.86,31.33,31.79,12800
THLD,20110512,1.85,1.87,1.8,1.83,125200
THOR,20110512,33.17,33.56,32.9,33.41,1237600
THRD,20110512,21.99,21.99,21.99,21.99,0
THRX,20110512,25.8,26.51,25.27,26.22,395800
THTI,20110512,3.5,3.57,3.5,3.57,3100
TIBX,20110512,29.5,30.3,29.06,30.19,1875700
TICC,20110512,10.59,10.72,10.51,10.63,220000
TIGR,20110512,4.23,4.23,3.98,4.11,12900
TINY,20110512,5.05,5.24,5.05,5.24,83800
TISA,20110512,2.33,2.43,2,2.15,1719000
TITN,20110512,28.26,28.43,27.79,28.1,344000
TIVO,20110512,9.49,9.57,9.41,9.42,2492200
TKMR,20110512,2.82,2.82,2.7,2.74,4700
TLAB,20110512,4.72,4.82,4.67,4.78,5121000
TLF,20110512,4.79,4.8,4.68,4.68,2800
TMNG,20110512,2.4,2.4,2.35,2.4,2600
TNAV,20110512,14.87,15.38,14.57,15.13,203900
TOFC,20110512,8.5,8.5,8.5,8.5,900
TOPS,20110512,0.65,0.7,0.64,0.64,8900
TORM,20110512,16.97,17,16,16.2,38800
TOWN,20110512,13.84,14.17,13.84,14.15,23100
TPGI,20110512,3.24,3.38,3.24,3.37,21400
TQNT,20110512,13.47,13.8,13.26,13.67,4455600
TQQQ,20110512,44.88,46.345,44.155,46.155,314200
TRAK,20110512,25,25.2,24.79,25.1,228600
TREE,20110512,5.11,5.55,5.11,5.4,61200
TRGT,20110512,23.54,24.05,23.33,23.9,86600
TRIB,20110512,9.66,9.72,9.52,9.7,17300
TRIT,20110512,10.11,10.18,9.78,9.97,36100
TRLG,20110512,28.48,28.76,28.22,28.51,246400
TRMB,20110512,21.79,22.06,21.515,22.015,742700
TRMD,20110512,59.8,60.3,59.6,60.3,1900
TRMK,20110512,23.48,23.94,23.35,23.81,235700
TRNS,20110512,9.82,9.82,9.82,9.82,0
TRNX,20110512,25.77,25.77,25.01,25.2,50400
TROW,20110512,61.97,62.85,61.51,62.78,1320500
TRS,20110512,21.85,22.39,21.51,22.13,156500
TRST,20110512,5.71,5.81,5.7,5.8,80500
TSBK,20110512,5.79,5.79,5.79,5.79,0
TSCO,20110512,60.79,63.11,60.12,62.91,747700
TSEM,20110512,18.9,19.05,18.75,19.05,356400
TSLA,20110512,27.07,27.74,26.65,27.67,627700
TSON,20110512,4.7,4.71,4.54,4.63,62600
TSPT,20110512,10.21,10.52,10.07,10.32,47700
TSRA,20110512,18.85,19.44,18.66,19.26,166700
TSRI,20110512,4.84,4.92,4.84,4.87,700
TSRX,20110512,6.7,7.5,6.41,7.47,135600
TST,20110512,3.21,3.21,3.08,3.19,112600
TSTC,20110512,6.42,6.59,6.31,6.52,112500
TSYS,20110512,5.24,5.26,5.05,5.25,541900
TTEC,20110512,19.27,19.55,19.23,19.46,81500
TTEK,20110512,24.06,24.44,23.95,24.38,188900
TTGT,20110512,8.44,8.58,8.15,8.42,57300
TTHI,20110512,3.4,3.4,3.25,3.32,67300
TTMI,20110512,16.98,17.53,16.6,17.42,547500
TTWO,20110512,15.96,16.17,15.71,15.99,1031700
TUES,20110512,5.02,5.15,4.96,5.15,122500
TWER,20110512,4.47,4.65,4.4,4.58,258900
TWGP,20110512,23.63,24.45,23.52,24.37,290200
TWIN,20110512,31.08,33.91,30.68,33.3,175200
TWMC,20110512,1.64,1.64,1.64,1.64,400
TWTC,20110512,22.44,22.86,22.17,22.74,1008200
TXCC,20110512,3.38,3.7,3.38,3.67,221300
TXN,20110512,34.82,35.44,34.63,35.33,7945000
TXRH,20110512,16.45,16.83,16.27,16.66,721800
TYPE,20110512,15.11,15.31,15.09,15.23,623900
TZOO,20110512,76.51,77.77,73.58,73.93,1211300
TZYM,20110512,4.4,4.4,4.05,4.06,26000
UACL,20110512,15.5,15.74,15.5,15.73,4100
UBCP,20110512,8.94,8.95,8.8,8.88,500
UBFO,20110512,3.45,3.45,3.45,3.45,200
UBNK,20110512,15.92,16.58,15.92,16.57,13000
UBOH,20110512,8.67,8.72,8.67,8.72,600
UBSH,20110512,12.07,12.54,12.07,12.38,26200
UBSI,20110512,24.84,25.18,24.67,25.07,78600
UCBA,20110512,7.21,7.21,7.11,7.11,400
UCBI,20110512,2.3,2.35,2.28,2.28,304900
UCFC,20110512,1.32,1.36,1.31,1.34,8700
UCTT,20110512,11.14,11.6,11.02,11.39,42100
UEIC,20110512,26.19,26.87,26.12,26.55,30000
UEPS,20110512,8.28,8.42,8.21,8.38,450400
UFCS,20110512,19.3,19.89,19.3,19.88,17100
UFPI,20110512,31.58,31.62,30.93,31.45,94400
UFPT,20110512,15.39,15.48,14.86,15.09,120500
UG,20110512,14.7,15.03,14.7,14.9,1900
UHAL,20110512,95,96.36,93.49,96.19,19300
ULBI,20110512,4.56,4.73,4.36,4.58,199900
ULGX,20110512,0.89,0.89,0.88,0.89,10600
ULTA,20110512,54.2,55.95,53.41,55.91,400500
ULTI,20110512,55.18,57.28,54.73,56.72,144500
ULTR,20110512,5.23,5.37,5.2,5.36,27800
UMBF,20110512,41.59,42.19,41.56,42.16,174000
UMPQ,20110512,11.37,11.66,11.3,11.57,479500
UNAM,20110512,9.53,9.83,9.53,9.79,500
UNB,20110512,19.75,19.75,19.74,19.75,1500
UNFI,20110512,42.45,43.69,42.32,43.53,101800
UNIS,20110512,5.8,5.98,5.65,5.86,307700
UNTD,20110512,6.43,6.46,6.3,6.32,630700
UNTK,20110512,9.28,9.4,9.16,9.34,35400
UNTY,20110512,6.75,6.75,6.75,6.75,0
UNXL,20110512,8,8.7,7.8,8.6,30900
UPI,20110512,7.06,7.38,6.99,7.25,62000
URBN,20110512,32.72,33.3,32.12,32.99,3432700
URRE,20110512,17,17.8,16.3,17.5,1581500
USAK,20110512,12.32,12.63,12.31,12.54,13200
USAP,20110512,39.97,40.04,38.88,39.21,52600
USAT,20110512,2.21,2.26,2.07,2.13,2113500
USATP,20110512,18.06,18.06,18.06,18.06,0
USATZ,20110512,1.15,1.23,1.12,1.23,9000
USBI,20110512,7.05,7.13,7,7.09,1400
USCR,20110512,9.5,9.54,9.48,9.5,8200
USEG,20110512,4.5,4.69,4.35,4.65,142600
USLM,20110512,40.49,40.49,40.49,40.49,500
USMO,20110512,15.38,15.67,15.29,15.4,216000
USTR,20110512,36.17,36.795,35.93,36.555,98800
UTEK,20110512,32.25,32.59,31.57,32.47,296400
UTHR,20110512,67.46,67.68,66.85,67.4,879300
UTIW,20110512,22.39,22.88,22.29,22.85,442000
UTMD,20110512,27.4,27.56,27.25,27.26,1300
UTSI,20110512,6.57,6.69,6.48,6.63,455500
UVSP,20110512,16.01,16.26,16.01,16.26,12800
VALU,20110512,13.29,13.43,13.28,13.37,6000
VALV,20110512,3.2,3.21,3.12,3.16,37200
VASC,20110512,12.83,13,12.6,12.96,98600
VBFC,20110512,2.79,2.85,2.79,2.85,1300
VCBI,20110512,5.77,5.87,5.75,5.77,81600
VCIT,20110512,80.83,80.83,80.45,80.64,221400
VCLK,20110512,18.07,18.37,17.9,18.03,691100
VCLT,20110512,79.56,79.56,78.82,79.16,12900
VCSH,20110512,78.42,78.42,78.3,78.39,160100
VDSI,20110512,11.07,11.64,10.99,11.58,125700
VECO,20110512,50.84,52.44,50.13,52.11,882800
VELT,20110512,18.59,18.59,17.67,18.09,400200
VGIT,20110512,61.91,61.94,61.76,61.83,5000
VGLT,20110512,61.27,61.27,60.85,60.85,4700
VGSH,20110512,60.76,60.78,60.76,60.77,4100
VIA,20110512,59.25,59.55,58.74,59.04,27500
VIAB,20110512,50.97,50.97,50.14,50.48,5134700
VIAS,20110512,23.46,23.46,22.9,23.07,23100
VICL,20110512,3.92,4.84,3.92,4.81,2750000
VICR,20110512,16.12,16.72,15.97,16.58,70000
VIDE,20110512,3.7,3.7,3.7,3.7,0
VIFL,20110512,4.91,4.95,4.88,4.92,2200
VIMC,20110512,2.77,2.8,2.74,2.75,19300
VIRC,20110512,3,3.14,3,3.13,1900
VISN,20110512,83.4,86,82,84.8,358400
VIVO,20110512,24.1,24.48,23.9,24.46,125200
VLCCF,20110512,22.28,23.2,22.2,22.86,129900
VLGEA,20110512,26.53,26.75,26.53,26.7,2400
VLTR,20110512,25.2,26.05,24.98,26.04,87400
VLYWW,20110512,3.32,3.32,3.32,3.32,0
VMBS,20110512,50.87,51.1,50.87,50.9,16000
VMED,20110512,31.94,32.24,31.7,31.98,3342400
VNDA,20110512,7.53,7.65,7.35,7.51,161000
VNET,20110512,14.95,14.95,14.28,14.53,429500
VNQI,20110512,51.15,51.64,50.94,51.58,16300
VOCS,20110512,27.37,27.89,27.11,27.65,77400
VOD,20110512,27.3,27.72,27.22,27.66,5841100
VOLC,20110512,27.37,28.01,27.2,27.96,708500
VONE,20110512,61.37,61.98,61.37,61.88,2400
VONG,20110512,63,63.62,63,63.56,3000
VONV,20110512,60.56,60.56,60.56,60.56,600
VOXX,20110512,7.21,7.51,7.21,7.51,51900
VPFG,20110512,12.65,12.96,12.65,12.9,133900
VPHM,20110512,18.82,19.71,18.66,19.54,919300
VPRT,20110512,52.75,52.94,52.56,52.82,251700
VRA,20110512,49,51.71,48.65,50.44,419900
VRML,20110512,3.37,5.83,3.33,5.83,5536900
VRNM,20110512,2.61,2.65,2.54,2.59,110100
VRNT,20110512,34.76,35.07,34.4,35.07,139800
VRSK,20110512,34.39,34.8,34.37,34.7,739400
VRSN,20110512,37.13,37.49,36.24,36.68,4314700
VRTA,20110512,1.17,1.17,1.12,1.12,500
VRTB,20110512,1.33,1.35,1.33,1.35,1600
VRTS,20110512,57.87,58.84,57.67,58.47,7900
VRTU,20110512,18.26,20.46,18.01,20.26,179900
VRTX,20110512,56.01,58.87,55.68,58.01,2101100
VSAT,20110512,40.82,42.82,40.82,42.32,169100
VSBN,20110512,12.17,12.17,12.17,12.17,0
VSCI,20110512,2.71,2.81,2.62,2.67,86400
VSCP,20110512,2.15,2.17,2.08,2.1,36700
VSEC,20110512,27.48,27.55,27.3,27.55,8000
VTHR,20110512,62.31,62.31,62.31,62.31,200
VTNC,20110512,15.17,15.85,14.95,15.33,89300
VTSS,20110512,4.71,4.73,4.6,4.63,85600
VTUS,20110512,18.71,19.23,18.55,18.96,20700
VTWG,20110512,68.74,69.91,68.25,69.91,3000
VTWO,20110512,66.03,67.13,65.77,66.88,44100
VTWV,20110512,63.6,63.6,63.6,63.6,0
VVTV,20110512,6.45,6.65,6.18,6.64,301800
VVUS,20110512,7.89,8.09,7.78,8.01,1146000
VXUS,20110512,51.27,51.73,50.92,51.64,51200
VYFC,20110512,5,5,5,5,900
WABC,20110512,50.14,50.79,49.54,50.66,104200
WAFD,20110512,15.33,15.42,15.21,15.38,937800
WASH,20110512,22.7,22.91,22.5,22.74,18500
WAVX,20110512,2.82,2.95,2.82,2.95,441900
WAYN,20110512,8.4,8.4,8.4,8.4,0
WBCO,20110512,13.23,13.6,13.2,13.55,20400
WBKC,20110512,14.46,14.51,14.46,14.46,500
WBMD,20110512,50.37,50.71,49.35,49.39,878000
WBSN,20110512,24.86,25.29,24.58,25.24,154700
WCRX,20110512,25.01,25.61,24.94,25.49,2521500
WDC,20110512,38.71,38.86,38.25,38.45,2351500
WDFC,20110512,41.35,42.47,41.11,42.41,54600
WEBM,20110512,11.83,12.25,11.2,11.76,211200
WERN,20110512,25.4,25.52,24.75,25.3,1099000
WEYS,20110512,22.71,23.24,22.71,23.19,3200
WFD,20110512,8.78,9.02,8.77,9.01,27700
WFM,20110512,63.08,63.46,62.7,63.23,976900
WIBC,20110512,2.99,3.19,2.94,3.19,23246100
WIFI,20110512,11.83,11.85,11.51,11.68,85300
WILC,20110512,7.71,7.75,7.62,7.75,23500
WIN,20110512,13.2,13.36,13.17,13.31,3939800
WINA,20110512,40.62,40.99,40.53,40.82,1100
WIRE,20110512,24.87,25.41,24.48,25.3,79800
WLB,20110512,18.38,18.54,17.47,18.31,42400
WLBPZ,20110512,30.6,30.6,30.6,30.6,0
WLDN,20110512,4.34,4.34,4.34,4.34,900
WLFC,20110512,13.13,13.13,13,13.1,2400
WMAR,20110512,10.78,10.99,10.78,10.98,41200
WMGI,20110512,15.31,15.88,15.21,15.61,2909200
WOOD,20110512,48.23,48.71,48,48.44,16900
WOOF,20110512,24.38,24.77,24.07,24.77,564800
WPCS,20110512,2.52,2.56,2.52,2.56,200
WPPGY,20110512,62.8,63.18,62.31,62.94,26000
WPRT,20110512,24.43,24.43,23.2,23.38,648400
WRES,20110512,3.92,4,3.78,3.93,280200
WRLD,20110512,67.18,67.99,67.02,67.58,73700
WRLS,20110512,6.65,6.69,6.5,6.69,42700
WSB,20110512,3.15,3.15,3.15,3.15,0
WSBC,20110512,19.59,20.12,19.35,20.05,17300
WSBF,20110512,2.98,3.06,2.96,3.06,3000
WSCI,20110512,5.22,5.24,5.2,5.2,3000
WSFS,20110512,42.85,43.35,42.66,43.27,15700
WSTG,20110512,13.96,13.96,13.81,13.85,6200
WSTL,20110512,3.79,3.79,3.71,3.75,139000
WTBA,20110512,7.45,7.72,7.38,7.67,9600
WTFC,20110512,33.51,34.42,33.51,34.12,129600
WTFCW,20110512,16.54,16.54,16.54,16.54,0
WVFC,20110512,8.76,8.92,8.76,8.92,1200
WVVI,20110512,3.18,3.24,3.18,3.23,3000
WWD,20110512,36.1,36.61,35.46,36.48,233100
WWWW,20110512,12.48,12.65,12.2,12.37,287100
WYNN,20110512,147.59,148.5,146.2,146.83,1672500
XBKS,20110512,4.4,4.4,4.33,4.36,4900
XIDE,20110512,9.77,10.16,9.61,10.04,577700
XLNX,20110512,35.49,36.49,35.41,36.25,3767100
XNPT,20110512,7.55,7.62,7.42,7.53,626100
XOMA,20110512,3.04,3.07,2.95,3.05,290900
XRAY,20110512,38.43,39,38.17,38.95,622200
XRTX,20110512,9.91,10.02,9.86,9.97,242700
XTEX,20110512,17.82,17.9,17.59,17.71,78400
XTXI,20110512,9.52,9.7,9.31,9.45,320700
XWES,20110512,4.92,4.99,4.7,4.9,24900
XXIA,20110512,15.83,16.87,15.47,16.81,411600
YAVY,20110512,2.51,2.65,2.51,2.64,17600
YHOO,20110512,17.12,17.81,16.93,17.17,52984600
YORW,20110512,17.19,17.38,17.19,17.34,13300
YRCW,20110512,1.25,1.25,1.2,1.22,716300
ZAGG,20110512,10.08,10.2,10,10.05,1596400
ZBRA,20110512,42.07,43.18,41.82,42.76,286100
ZEUS,20110512,29.44,29.7,28.61,29.57,127300
ZGNX,20110512,4.35,4.54,4.35,4.47,44300
ZHNE,20110512,2.45,2.55,2.44,2.55,41800
ZIGO,20110512,13.58,14.09,13.34,14.06,83900
ZINC,20110512,13.43,14.2,13.26,13.86,534300
ZION,20110512,24.02,24.1,23.45,23.59,2640900
ZIONW,20110512,7.06,7.06,7.06,7.06,200
ZIOP,20110512,6.58,6.75,6.42,6.71,546300
ZIPR,20110512,2.59,2.62,2.52,2.56,15100
ZIXI,20110512,3.48,3.55,3.44,3.48,593200
ZLCS,20110512,2.45,2.55,2.31,2.46,1476200
ZN,20110512,5.09,5.1,4.96,5.08,93700
ZOLT,20110512,10.2,10.28,10.04,10.21,175800
ZOOM,20110512,3.57,3.65,3.53,3.55,140400
ZUMZ,20110512,28.61,29.64,28.28,29.62,362700
