<ticker>,<date>,<open>,<high>,<low>,<close>,<vol>
AACC,20111011,3.09,3.1,3.03,3.04,12000
AAME,20111011,1.82,1.83,1.76,1.8,2100
AAON,20111011,18.05,18.22,17.31,17.68,66800
AAPL,20111011,392.24,403.18,391.5,400.29,21631400
AAWW,20111011,34.5,35.62,34.48,35.13,202300
AAXJ,20111011,49.42,50.41,49.32,50.21,1084400
ABAX,20111011,23.3,23.81,23.3,23.62,108300
ABCB,20111011,9.31,9.52,9.25,9.43,55600
ABCD,20111011,2.99,3.05,2.99,3.05,39900
ABCO,20111011,31.985,32.495,31.43,31.435,163200
ABFS,20111011,16.55,16.81,16.46,16.72,499300
ABIO,20111011,6.96,7.14,6.9,7.14,2000
ABMD,20111011,12.01,12.1,11.61,11.72,108200
ABTL,20111011,4.4,4.4,4.05,4.2,34800
ACAD,20111011,0.98,1.01,0.98,1,975800
ACAS,20111011,6.62,6.82,6.6,6.71,4952300
ACAT,20111011,15.94,16.09,15.43,15.71,59200
ACCL,20111011,6.26,6.51,6.26,6.47,149700
ACET,20111011,5.7,5.97,5.7,5.96,118200
ACFC,20111011,2.05,2.05,2.05,2.05,2000
ACFN,20111011,5.22,5.33,5.16,5.31,22900
ACGL,20111011,32.86,33.31,32.75,32.79,435300
ACHN,20111011,4.69,5.04,4.69,4.9,277200
ACIW,20111011,27.44,28.02,27.33,28.01,281700
ACLS,20111011,1.2,1.25,1.2,1.25,442000
ACNB,20111011,14.88,14.92,14.58,14.58,600
ACOR,20111011,21.78,22.33,21.59,21.73,346400
ACPW,20111011,6.55,6.7,6.5,6.7,221200
ACRX,20111011,3,3,3,3,500
ACTG,20111011,38.47,39.81,38.44,39.05,258900
ACTS,20111011,2,2.02,1.98,2.02,22700
ACUR,20111011,3.73,4.04,3.73,3.98,93700
ACWI,20111011,41.19,41.7,41.17,41.58,517500
ACWX,20111011,36.93,37.36,36.85,37.32,113300
ACXM,20111011,11.27,11.67,11.21,11.6,433100
ADAT,20111011,1.34,1.38,1.3,1.36,128400
ADBE,20111011,25.73,26.07,25.53,25.84,4367000
ADEP,20111011,3.22,3.25,3.21,3.23,1700
ADES,20111011,15.2,15.34,14.89,14.98,36600
ADI,20111011,34.78,34.9,34.45,34.66,2619000
ADP,20111011,49.85,50.55,49.65,50.28,2511900
ADRA,20111011,22.99,23.12,22.99,23.12,3800
ADRD,20111011,18.77,18.81,18.66,18.78,4500
ADRE,20111011,37.41,38,37.35,37.97,53600
ADRU,20111011,18.55,18.55,18.45,18.46,5200
ADSK,20111011,29.06,30.05,28.92,30.01,3303900
ADTN,20111011,28.97,30.32,28.92,30.12,1154300
ADUS,20111011,3.78,3.96,3.76,3.86,5000
ADVS,20111011,22.15,22.66,22.15,22.59,94900
AEGR,20111011,13.07,13.95,13.07,13.29,56900
AEHR,20111011,0.73,0.81,0.73,0.81,2700
AEIS,20111011,9.1,9.23,8.96,9.2,312600
AEPI,20111011,22.66,23.79,22.66,23.54,33400
AERL,20111011,5.25,5.28,5.06,5.09,76400
AETI,20111011,3.55,3.78,3.43,3.73,10500
AEY,20111011,2.14,2.14,2.14,2.14,0
AEZS,20111011,9.78,10.08,9.54,9.66,2147800
AFAM,20111011,18.02,18.55,17.81,18.46,61700
AFCB,20111011,12.44,12.44,12.44,12.44,0
AFCE,20111011,12.65,13.35,12.65,13.32,63100
AFFX,20111011,5.47,5.49,5.28,5.46,1109400
AFFY,20111011,5.05,5.13,5,5.02,190300
AFOP,20111011,7.34,7.34,7.18,7.29,4100
AFSI,20111011,22.77,23.22,22.76,22.91,232800
AGEN,20111011,0.47,0.47,0.47,0.47,0
AGII,20111011,29.18,29.75,29.18,29.67,53000
AGNC,20111011,27.1,27.22,26.98,27.06,2327900
AGYS,20111011,8.06,8.31,7.77,8.02,113700
AHGP,20111011,45.22,46.13,44.89,45.75,38100
AHPI,20111011,3.58,3.58,3.58,3.58,0
AIMC,20111011,12.79,13.27,12.59,13.18,128300
AINV,20111011,7.81,7.89,7.65,7.74,2268600
AIRM,20111011,22.6033,22.9133,22.36,22.6167,45400
AIRT,20111011,7.5,7.52,7.5,7.52,400
AIXG,20111011,14.73,14.84,14.54,14.6,142100
AKAM,20111011,23.24,23.75,22.84,23.35,3791500
AKRX,20111011,7.95,8.23,7.78,8.17,895400
ALCO,20111011,21.39,21.39,18.77,19.44,33500
ALGN,20111011,16.87,17.1,16.55,16.76,688600
ALGT,20111011,48.94,49.55,48.53,49.45,217000
ALIM,20111011,7.67,8,7.67,7.86,31600
ALKS,20111011,15.18,15.46,15,15.27,339800
ALLB,20111011,10.15,10.15,10.15,10.15,0
ALLT,20111011,11.18,11.33,10.98,11.22,180200
ALNY,20111011,6.65,6.85,6.6,6.78,227000
ALOG,20111011,49.51,49.51,48.09,49.3,122600
ALOT,20111011,7.04,7.04,6.8,7,1800
ALSK,20111011,6.24,6.26,6.2,6.26,500600
ALTE,20111011,19.5,19.99,19.47,19.8,319000
ALTI,20111011,1.29,1.35,1.26,1.35,160000
ALTR,20111011,34.24,34.55,34.02,34.22,3463700
ALVR,20111011,9.4,9.7,9,9.7,133600
ALXA,20111011,12.2,13.7,12.2,13.2,346800
ALXN,20111011,67.72,70.2,67.42,68.83,1545600
AMAG,20111011,13.42,13.51,13.12,13.24,159100
AMAP,20111011,14.08,14.28,13.97,14.08,107500
AMAT,20111011,11,11.08,10.87,10.98,11952600
AMBT,20111011,7.6,7.6,7.55,7.55,300
AMCC,20111011,5.83,5.98,5.75,5.88,530700
AMCF,20111011,3.01,3.4,3,3.38,69700
AMCN,20111011,2.23,2.56,2.23,2.42,86100
AMCX,20111011,32.34,33.92,32.34,32.82,128900
AMED,20111011,12.27,13.2,12.22,13.19,284000
AMGN,20111011,57.27,57.62,56.95,57.09,4641400
AMIC,20111011,4.75,4.75,4.74,4.74,500
AMKR,20111011,4.73,4.87,4.7,4.82,1173900
AMNB,20111011,18.18,18.5,18,18.38,9500
AMOT,20111011,4.88,4.91,4.86,4.88,2100
AMOV,20111011,22.23,22.73,22.12,22.53,1800
AMPE,20111011,8.27,8.49,7.85,8.09,53300
AMRB,20111011,4.68,4.77,4.68,4.77,500
AMRI,20111011,2.97,2.99,2.89,2.93,103900
AMRN,20111011,9.39,9.54,9.16,9.32,1169300
AMRS,20111011,17.12,17.48,16.02,16.81,305000
AMSC,20111011,4.15,4.27,3.95,4.19,1351000
AMSF,20111011,19.87,20.11,19.62,19.84,125000
AMSG,20111011,23.27,23.5,23.03,23.29,142800
AMSWA,20111011,7.45,7.77,7.38,7.66,64000
AMWD,20111011,13.58,14.21,13.05,13.42,14700
AMZN,20111011,230.86,236.75,229,235.48,5005700
ANAC,20111011,6.09,6.45,6.01,6.44,15000
ANAD,20111011,2.23,2.33,2.21,2.31,280000
ANAT,20111011,70.34,71.22,69.83,70.43,18200
ANCB,20111011,5.67,5.69,5.6,5.62,8800
ANCI,20111011,1.8,1.8,1.77,1.8,900
ANCX,20111011,7.96,8.06,7.96,8.04,1800
ANDE,20111011,33.7,33.99,33.21,33.54,133000
ANEN,20111011,19.7,20.62,19.7,20.43,86600
ANGO,20111011,14.25,14.7,14.21,14.62,127500
ANIK,20111011,6.13,6.13,6.04,6.07,4700
ANLY,20111011,3.3,3.45,3.3,3.45,4700
ANSS,20111011,48.75,49.93,48.42,49.78,584800
ANTH,20111011,5.63,5.75,5.4,5.75,40400
ANTP,20111011,2.02,2.02,1.94,2,4700
AOSL,20111011,7.65,7.99,7.58,7.93,54300
APAGF,20111011,79.03,80.4,77.72,79.9,12100
APEI,20111011,36.28,37.16,36.1,36.91,111800
APFC,20111011,7.43,7.58,7.2,7.53,8100
APOG,20111011,9.76,10.07,9.63,10.05,103000
APOL,20111011,42.77,43.69,42.37,43.53,1125200
APPY,20111011,16.38,17.46,14.52,16.14,44000
APRI,20111011,4.01,4.11,3.98,4.01,78100
APSA,20111011,15.82,15.82,14.99,14.99,200
APWC,20111011,2.86,2.86,2.57,2.73,2800
ARAY,20111011,3.75,3.94,3.72,3.94,662700
ARCC,20111011,14.14,14.25,13.97,14.22,1334600
ARCI,20111011,4.51,4.7,4.51,4.7,5800
ARCP,20111011,11.8,12,11.8,12,4900
ARCW,20111011,2.99,2.99,2.99,2.99,0
ARDNA,20111011,84,84,80.88,81.15,2300
AREX,20111011,19.53,21.5,19.04,21.12,479200
ARIA,20111011,9.8,10.15,9.75,9.93,2636400
ARII,20111011,18.19,18.47,18.04,18.26,41800
ARKR,20111011,13.15,13.15,12.72,12.88,1700
ARLP,20111011,66.55,68.34,66.01,67.74,69600
ARMH,20111011,27.71,28.14,27.5,27.64,3507100
ARNA,20111011,1.38,1.46,1.37,1.44,1545400
AROW,20111011,22.48,23.1,22.48,22.97,31700
ARQL,20111011,5.02,5.2,5.01,5.12,173700
ARRS,20111011,11.34,11.57,11.17,11.45,1571900
ARRY,20111011,1.98,2.09,1.96,2.07,183700
ARTC,20111011,28.98,29.67,28.96,29.57,86600
ARTNA,20111011,17.5,17.72,17.33,17.72,25300
ARTW,20111011,5.39,5.39,5.02,5.1,2800
ARTX,20111011,1.42,1.47,1.37,1.37,4600
ARUN,20111011,23.44,23.69,22.92,23.07,2944700
ARWR,20111011,0.39,0.43,0.39,0.41,44500
ASBC,20111011,10.18,10.51,10,10.44,1488800
ASBI,20111011,3.84,3.84,3.84,3.84,0
ASCA,20111011,17.3,18.11,17.14,17.93,281900
ASCMA,20111011,40.69,41.75,40.16,41.31,30800
ASEI,20111011,66.06,66.46,65.65,66.08,49400
ASFI,20111011,7.69,7.74,7.55,7.68,3500
ASIA,20111011,9.42,9.87,9.08,9.63,1467900
ASMI,20111011,24.81,25.37,24.73,25.37,18300
ASML,20111011,35.98,36.42,35.62,36.17,3435500
ASNA,20111011,14.245,14.395,14,14.355,472000
ASPS,20111011,35.99,36.76,35.98,36.31,55400
ASRV,20111011,1.93,1.93,1.8,1.88,23500
ASRVP,20111011,25.7,25.7,25.7,25.7,0
ASTC,20111011,0.56,0.6,0.55,0.6,19400
ASTE,20111011,31.36,32.13,30.72,31.89,100200
ASTI,20111011,0.82,0.85,0.8,0.82,89700
ASTM,20111011,2.25,2.37,2.25,2.36,190900
ASTX,20111011,1.9,1.95,1.84,1.85,385800
ASUR,20111011,2.2333,2.26,2.22,2.22,1700
ASYS,20111011,8.5,8.98,8.15,8.89,177600
ATAI,20111011,8.69,8.69,8.1,8.46,8200
ATAX,20111011,5.11,5.17,5.01,5.17,59400
ATEA,20111011,2.75,3.01,2.75,2.89,600
ATEC,20111011,2.22,2.33,2.06,2.26,145500
ATHN,20111011,59.03,62.9,58.85,62.04,871800
ATHX,20111011,1.66,1.68,1.62,1.62,18300
ATLO,20111011,17.2,17.25,17.02,17.25,11700
ATMI,20111011,18.1,18.32,18.04,18.23,98600
ATML,20111011,8.71,9.25,8.7,9.17,9905900
ATNI,20111011,32.25,32.5,31.67,32.28,33500
ATNY,20111011,3.11,3.42,3.11,3.39,14700
ATRC,20111011,10.21,10.88,10.02,10.88,31200
ATRI,20111011,215.05,219.67,215.05,219.67,2400
ATRM,20111011,1,1.05,0.97,0.97,34500
ATRO,20111011,31.34,32.89,31.25,32.3,44100
ATSG,20111011,4.85,5.07,4.82,5.07,222900
ATVI,20111011,12.94,13.05,12.86,12.93,8453700
ATX,20111011,12.57,12.8,12.37,12.51,163500
AUBN,20111011,19.2,19.2,19.2,19.2,0
AUDC,20111011,2.53,2.76,2.51,2.75,155200
AUXL,20111011,15.17,15.62,14.95,15.56,606300
AVAV,20111011,30.23,30.35,29.79,30.32,113500
AVEO,20111011,15.85,16.54,15.85,16.43,183200
AVGO,20111011,33.62,33.91,33,33.33,1300100
AVID,20111011,8.18,8.3,8.01,8.12,196600
AVNR,20111011,3.18,3.24,3.1,3.17,2119100
AVNW,20111011,2.45,2.49,2.4,2.46,215500
AWAY,20111011,35.87,37.61,35.87,36.3,73500
AWRE,20111011,2.51,2.57,2.51,2.53,1700
AXAS,20111011,3.21,3.47,3.04,3.39,1788600
AXFN,20111011,18.37,18.37,18.37,18.37,0
AXTI,20111011,5.13,5.14,4.95,5.09,319000
AZPN,20111011,16.57,17.01,16.5,16.64,737700
BABY,20111011,7.69,8.04,7.69,8.03,697600
BAGL,20111011,13.15,13.35,13.05,13.26,30200
BAMM,20111011,2.2,2.22,2.16,2.2,35700
BANC,20111011,11.58,11.98,11.33,11.9,18300
BANF,20111011,35.3,35.99,34.63,35.56,12700
BANFP,20111011,27.74,27.74,27.74,27.74,0
BANR,20111011,13.23,13.95,13.21,13.91,95000
BASI,20111011,1.37,1.37,1.37,1.37,300
BBBY,20111011,58.5,59.56,58.19,59.46,2462400
BBEP,20111011,16.8,17.4,16.78,17.27,224500
BBGI,20111011,3.79,3.91,3.6,3.6,2900
BBNK,20111011,10.29,10.37,10,10.26,10000
BBOX,20111011,24.06,24.72,24,24.6,64900
BBRG,20111011,17.73,18.22,17.6,18.1,105400
BBRY,20111011,24.19,24.43,23.63,24.41,18738900
BBSI,20111011,13.88,14.24,13.81,13.97,20100
BCBP,20111011,9.02,9.02,9.02,9.02,0
BCOM,20111011,16.2,16.2,16.2,16.2,0
BCPC,20111011,37.2,38.05,37.07,37.99,173900
BCRX,20111011,2.59,2.86,2.59,2.82,162500
BCSB,20111011,11.54,11.54,11.54,11.54,200
BDE,20111011,7.45,7.87,7.26,7.85,69500
BDGE,20111011,19.34,19.45,18.94,19.13,16700
BDMS,20111011,18.5,18.5,18,18,900
BDSI,20111011,0.99,1.05,0.99,1.02,151600
BEAT,20111011,2.86,2.98,2.8,2.9,60100
BEAV,20111011,33.25,34.52,33.02,34.2,1497500
BEBE,20111011,7.01,7.08,6.89,7.05,358400
BECN,20111011,16.86,16.93,16.6,16.88,778600
BELFA,20111011,18.82,19.49,18.76,19.49,2100
BELFB,20111011,17.67,17.88,17.22,17.87,24600
BERK,20111011,6.49,6.49,6.49,6.49,100
BFIN,20111011,7.55,7.86,7.48,7.8,49200
BFLY,20111011,2.11,2.18,2.1,2.18,1000
BGCP,20111011,6.88,6.93,6.73,6.82,769600
BGFV,20111011,7,7.71,6.85,7.69,97200
BGMD,20111011,4,4.2,3.89,4,112500
BIB,20111011,30.345,30.345,29.69,29.69,700
BICK,20111011,23.61,24,23.55,23.9,7900
BIDU,20111011,123.53,129.75,122.25,129.47,8920900
BIIB,20111011,100.4,100.4,98.59,98.92,1306100
BIOD,20111011,2.64,2.76,2.64,2.72,264300
BIOF,20111011,5,5,4.6,4.8,144500
BIOS,20111011,6.5,6.79,6.47,6.73,363000
BIRT,20111011,5.71,5.88,5.66,5.86,177600
BIS,20111011,40.12,40.5,40.12,40.5,400
BJRI,20111011,47.61,48.52,47.18,48.12,307200
BKCC,20111011,7.54,7.8,7.54,7.72,388800
BKEP,20111011,5.92,6.11,5.89,5.95,12200
BKMU,20111011,2.73,2.79,2.68,2.76,85000
BKOR,20111011,2.81,2.81,2.81,2.81,0
BKSC,20111011,10.1,10.1,10,10,1100
BKYF,20111011,20.94,21.15,20.4,21.07,9700
BLDP,20111011,1.34,1.36,1.33,1.33,89500
BLDR,20111011,1.39,1.48,1.34,1.35,167500
BLIN,20111011,0.61,0.64,0.61,0.61,1000
BLKB,20111011,24.2,24.78,24.18,24.7,122200
BLMT,20111011,10.22,10.38,10.13,10.21,271400
BLRX,20111011,3.53,3.53,3.39,3.4,1500
BMC,20111011,36.51,36.55,35.68,36,6788400
BMRC,20111011,35.2,35.99,34.82,35.98,18100
BMRN,20111011,33.4,33.73,33.14,33.38,585300
BMTC,20111011,17.23,17.66,16.99,17.54,26600
BNCL,20111011,8.05,8.17,7.98,8.13,82500
BNCN,20111011,6.82,6.9,6.82,6.9,2000
BNSO,20111011,1.36,1.39,1.22,1.38,4100
BOBE,20111011,29.85,30.86,29.53,30.71,216400
BOCH,20111011,3.4,3.41,3.36,3.36,1800
BODY,20111011,19.09,19.25,18.77,19.11,84400
BOFI,20111011,13.71,14.15,13.69,14.14,16500
BOKF,20111011,47.87,49.1,47.55,48.95,125400
BOLT,20111011,10.52,10.67,10.25,10.37,15100
BONA,20111011,4.19,4.26,4.16,4.26,13500
BONT,20111011,4.8,4.83,4.57,4.67,122300
BOOM,20111011,19.24,19.62,19.01,19.46,85800
BOSC,20111011,5.08,5.08,5.08,5.08,0
BPAX,20111011,14.58,14.94,13.98,14.1,1909000
BPFH,20111011,6.43,6.77,6.33,6.71,724100
BPFHW,20111011,1.92,1.92,1.92,1.92,200
BPHX,20111011,0.65,0.67,0.63,0.63,12900
BPOP,20111011,15,15.9,14.5,15.6,8628000
BPOPM,20111011,16.5,17.2,16.5,17.2,1400
BPOPN,20111011,17.53,18.13,17.53,18.13,300
BRCD,20111011,4.85,4.93,4.83,4.87,5522000
BRCM,20111011,35.95,36.54,35.46,36.52,6856900
BRID,20111011,9.4,9.45,9.14,9.14,2400
BRKL,20111011,8.18,8.39,8.13,8.31,277400
BRKR,20111011,13.56,13.85,13.44,13.78,572100
BRKS,20111011,8.49,8.64,8.44,8.61,244900
BRLI,20111011,19.38,19.45,18.86,18.95,249800
BSDM,20111011,2.73,2.8,2.65,2.79,45000
BSET,20111011,7.49,7.78,7.46,7.67,7800
BSFT,20111011,32.01,35.31,31.96,34.29,1022600
BSPM,20111011,2.25,2.64,2.25,2.55,119400
BSQR,20111011,4.45,4.49,4.44,4.49,10100
BSRR,20111011,10.24,10.33,10.01,10.33,16300
BSTC,20111011,16.95,16.95,14.81,15,9100
BTUI,20111011,4.02,4.27,3.91,4.04,19900
BUSE,20111011,4.67,4.88,4.65,4.84,172800
BVSN,20111011,9.8,10.04,9.75,10.04,52000
BWEN,20111011,3.5,3.7,3.3,3.7,338900
BWINA,20111011,24.47,24.5,24.47,24.5,2200
BWINB,20111011,22.13,22.76,22.12,22.75,13600
BWLD,20111011,59.03,60.05,58.66,59.68,309800
BYFC,20111011,1.37,1.73,1.37,1.46,8800
CA,20111011,21.36,21.5,21.17,21.23,3160200
CAAS,20111011,4.82,4.94,4.72,4.84,28000
CAC,20111011,29.02,29.55,29.02,29.39,11100
CACB,20111011,5.79,5.94,5.56,5.84,10700
CACC,20111011,68.46,70.24,67.52,69.3,37900
CACH,20111011,5.03,5.05,5,5.04,1600
CADC,20111011,1.62,1.62,1.5,1.61,14400
CADX,20111011,6.51,6.61,6.43,6.45,133300
CAFI,20111011,1.1,1.13,1.1,1.11,1500
CAKE,20111011,26.07,26.57,25.78,26.36,977800
CALD,20111011,4.89,5.08,4.89,5,153300
CALI,20111011,7.32,7.44,7.2,7.32,15300
CALL,20111011,11.455,11.695,11.4,11.69,7700
CALM,20111011,31.73,32.24,31.61,32.24,208000
CAMP,20111011,3.16,3.4,3.12,3.36,111900
CAMT,20111011,1.85,1.99,1.85,1.98,18100
CAR,20111011,11.03,11.53,11,11.3,1536100
CARB,20111011,13,13.4,12.72,13.23,114800
CART,20111011,3,3,2.99,2.99,400
CARV,20111011,0.4,0.44,0.4,0.44,500
CARZ,20111011,23.68,23.68,23.68,23.68,0
CASH,20111011,15.61,15.61,15.61,15.61,0
CASM,20111011,1.92,1.92,1.92,1.92,0
CASS,20111011,34.68,36.31,34.67,36.3,15500
CASY,20111011,45.3,45.77,44.88,45.67,257900
CATM,20111011,22.92,23.46,22.73,23.38,132100
CATY,20111011,12.5,12.95,12.34,12.85,435100
CAVM,20111011,29.56,30.86,29.47,30.43,776900
CBAK,20111011,3.5,3.85,3.45,3.75,38100
CBAN,20111011,2.32,2.32,2.32,2.32,0
CBEY,20111011,7.83,7.85,7.52,7.61,413200
CBIN,20111011,9.39,9.39,9.39,9.39,0
CBLI,20111011,2.25,2.37,2.22,2.3,176200
CBMX,20111011,24,24.3,24,24.3,400
CBMXW,20111011,1.7,1.7,1.7,1.7,0
CBNJ,20111011,7.15,8.08,7.13,7.98,23000
CBNK,20111011,13.05,13.05,13.05,13.05,0
CBOE,20111011,25.35,25.95,25.04,25.89,585200
CBPO,20111011,7.29,7.5,6.94,7.29,12300
CBRL,20111011,41.76,41.96,41.39,41.92,228600
CBRX,20111011,2.09,2.19,2.09,2.16,353000
CBSH,20111011,36.8,37.58,36.54,37.46,503800
CBST,20111011,37,38.2,36.87,37.51,1595800
CCBG,20111011,10.4,10.63,10.26,10.6,28000
CCCL,20111011,2.8,2.87,2.49,2.68,21400
CCIH,20111011,4.12,4.38,4.1,4.25,298200
CCIX,20111011,8.47,8.72,8.37,8.53,48700
CCMP,20111011,36.53,36.95,36.28,36.84,84400
CCNE,20111011,13.68,13.98,13.64,13.83,18800
CCOI,20111011,14.33,14.74,14.1,14.68,427400
CCRN,20111011,4.24,4.47,4.21,4.3,131000
CCUR,20111011,4.4,4.61,4.36,4.41,22000
CDNS,20111011,9.77,10.04,9.77,9.93,3140100
CDTI,20111011,3.17,4.04,3.15,3.86,1477500
CDXS,20111011,4.32,4.87,4.28,4.75,105800
CDZI,20111011,7.87,8.63,7.48,8.33,22700
CECE,20111011,5.11,5.3,5,5.12,6200
CECO,20111011,15.06,15.76,15,15.63,466900
CEDU,20111011,5.74,5.8,5.69,5.7,500
CELG,20111011,65.49,66.9,65.32,66.33,3638100
CELGZ,20111011,1.32,1.76,1.32,1.51,4500
CENT,20111011,7.79,8.28,7.79,8.2,205200
CENTA,20111011,8.24,8.61,8.16,8.52,352600
CENX,20111011,9.42,9.96,9.3,9.9,1370700
CERN,20111011,68.34,70.07,67.46,69.32,1337800
CERS,20111011,2.19,2.2,2.15,2.19,135800
CETV,20111011,9.55,9.67,9.07,9.45,578700
CEVA,20111011,25.98,26.83,25.62,25.84,94700
CFBK,20111011,4.05,5,4,5,1500
CFFI,20111011,23.7,23.7,22.75,23.5,900
CFFN,20111011,10.9,11.02,10.79,10.86,931700
CFNB,20111011,15.87,16.34,15.72,16.34,2400
CFNL,20111011,9.36,9.85,9.24,9.73,87500
CGEN,20111011,4.16,4.25,4.1,4.16,22800
CGNX,20111011,29.25,29.57,29.04,29.46,188800
CHCI,20111011,0.95,0.99,0.92,0.94,14900
CHCO,20111011,28.46,28.71,27.96,28.48,158200
CHDN,20111011,41.61,42.37,41.22,42.24,24900
CHDX,20111011,9.13,10,9.13,9.99,46700
CHEF,20111011,13.15,13.6,13.02,13.54,43300
CHEV,20111011,8.16,8.5,8.16,8.5,600
CHFC,20111011,17.26,17.55,16.77,17.54,123900
CHFN,20111011,9.37,9.6,9.37,9.58,5500
CHKE,20111011,13.68,13.8,13.5,13.75,28600
CHKP,20111011,57.65,57.65,56.53,57,1919400
CHLN,20111011,1.1,1.14,1.1,1.1,10700
CHNR,20111011,10,10.07,10,10.07,1400
CHOP,20111011,3.02,3.03,2.98,3,155300
CHRM,20111011,6.78,7.4,6.78,7.29,57300
CHRW,20111011,72.91,73.74,72.69,73.35,677400
CHSCP,20111011,28.4,28.61,28.35,28.6,17000
CHTP,20111011,4.2,4.33,4.11,4.23,356000
CHTR,20111011,48.47,48.93,48.06,48.44,187100
CHYR,20111011,2,2,2,2,2900
CIDM,20111011,1.16,1.24,1.16,1.23,8900
CIEN,20111011,11.66,12.23,11.51,12.09,4189300
CIMT,20111011,3.31,3.47,3.14,3.41,5100
CINF,20111011,26.93,27.12,26.49,26.5,1963600
CISG,20111011,6.29,6.47,5.95,6.01,264300
CITZ,20111011,4.67,4.71,4.53,4.53,10800
CIZN,20111011,17.99,17.99,16.53,16.75,3300
CJJD,20111011,1.39,1.44,1.39,1.44,2600
CKEC,20111011,6.07,6.3,5.95,6.22,19400
CKSW,20111011,9.04,9.3,9,9.22,129400
CLBH,20111011,2.35,2.35,2.35,2.35,0
CLCT,20111011,14,14.37,13.84,14.23,34900
CLDX,20111011,2.41,2.51,2.4,2.51,165600
CLFD,20111011,5.73,5.75,5.65,5.7,27300
CLMS,20111011,10.87,11.4,10.87,11.31,148300
CLMT,20111011,17.23,17.85,17.23,17.71,556100
CLNE,20111011,10.9,11.23,10.7,11.09,539500
CLNT,20111011,0.32,0.35,0.32,0.33,11000
CLRO,20111011,5.11,5.27,4.96,5.21,31800
CLSN,20111011,2.87,3.06,2.8,2.97,425800
CLUB,20111011,7.47,7.68,7.43,7.47,54100
CLWR,20111011,1.29,1.35,1.25,1.28,4776000
CLWT,20111011,3.245,3.245,3.245,3.245,2500
CMCO,20111011,11.91,12.26,11.87,12.11,137200
CMCSA,20111011,22.99,23.22,22.82,22.98,13037300
CMCSK,20111011,22.7,23.03,22.67,22.8,3117500
CME,20111011,263.36,264.19,254.5,257,779100
CMLS,20111011,2.74,2.88,2.67,2.87,683000
CMSB,20111011,7.66,7.66,7.66,7.66,0
CMTL,20111011,31.56,32.25,31.25,31.95,767400
CNBC,20111011,9.63,9.75,9.5,9.69,24000
CNBKA,20111011,24.3,24.9,23.47,24.9,6700
CNET,20111011,1.11,1.11,1.11,1.11,4800
CNIT,20111011,1.04,1.08,1.01,1.03,82600
CNMD,20111011,24.29,24.51,23.94,24.29,91500
CNQR,20111011,38.75,40.25,38.63,40.03,469100
CNSL,20111011,17.94,18.2,17.9,18.11,220000
CNTF,20111011,1.9,2.18,1.85,2.11,373100
CNTY,20111011,2.5,2.54,2.36,2.54,7500
CNYD,20111011,2.65,2.84,2.65,2.65,1900
COBK,20111011,12.33,12.4,12.33,12.4,200
COBR,20111011,3.57,3.68,3.51,3.55,12600
COBZ,20111011,4.75,4.91,4.71,4.88,85700
COCO,20111011,1.82,1.97,1.7,1.95,1375300
COGO,20111011,2.15,2.15,2.07,2.09,47300
COHR,20111011,45.33,47.82,45.33,47.61,198800
COHU,20111011,10.46,10.64,10.28,10.54,68000
COKE,20111011,53.37,54.39,53.32,54.29,14100
COLB,20111011,15.6,16.24,15.47,16.1,182600
COLM,20111011,48.85,49.29,47.53,48.39,234400
CONN,20111011,7.57,7.9,7.39,7.8,150500
COOL,20111011,2.54,2.61,2.44,2.6,955100
CORE,20111011,32.46,33.35,32.36,33.22,31500
CORT,20111011,3.09,3.2,3.05,3.19,111000
COSI,20111011,0.75,0.75,0.73,0.75,22700
COST,20111011,81,81.06,80.25,80.9,1983700
COWN,20111011,2.84,2.93,2.77,2.89,400300
CPBC,20111011,4.8,4.8,4.56,4.7,9800
CPGI,20111011,0.98,0.98,0.84,0.9,11600
CPHC,20111011,8.1,8.75,8.1,8.56,3600
CPHD,20111011,40.26,40.34,38.97,39.3,773600
CPIX,20111011,5.7,5.76,5.68,5.73,13200
CPLA,20111011,28.78,29.06,28.14,28.75,388700
CPLP,20111011,5.92,6.35,5.9,6.33,529500
CPNO,20111011,28.75,29.97,28.75,29.86,187100
CPRT,20111011,20.95,21.12,20.805,21.025,381100
CPRX,20111011,1.42,1.55,1.38,1.42,12800
CPSI,20111011,66.49,69.79,66.49,69.24,68200
CPSL,20111011,6,6.12,5.76,6,57900
CPSS,20111011,1,1,0.88,0.93,9600
CPST,20111011,1.04,1.1,1.04,1.06,1288700
CPTS,20111011,10.51,10.79,10.51,10.57,137000
CPWR,20111011,8.17,8.4,8.07,8.38,1270000
CRAI,20111011,20.64,21.32,20.05,21.19,23800
CRAY,20111011,5.99,6.14,5.98,6.14,213200
CRDC,20111011,1.97,2,1.96,2,49700
CRDS,20111011,4.71,4.75,4.47,4.74,245600
CREE,20111011,27.1,28.13,27.09,27.54,2048800
CREG,20111011,1.15,1.2,1.15,1.16,700
CRESW,20111011,0.13,0.13,0.13,0.13,0
CRESY,20111011,11.08,11.43,10.94,11.31,92000
CRFN,20111011,2.68,2.7,2.64,2.7,1000
CRIS,20111011,3.3,3.43,3.2,3.28,627100
CRMB,20111011,4.03,4.09,4,4,5400
CRMBW,20111011,0.31,0.33,0.31,0.33,300
CRME,20111011,17,17.1,16.85,16.95,212100
CRMT,20111011,29.57,30.4,29.34,30.26,27800
CRNT,20111011,10.04,10.33,10.03,10.21,114600
CROX,20111011,26.33,26.94,26.02,26.58,1318000
CRRB,20111011,3.2,3.2,3.2,3.2,0
CRRC,20111011,7.1,7.25,6.97,7.25,19100
CRTX,20111011,6.48,6.71,6.25,6.64,15000
CRUS,20111011,16.79,17.13,16.6,16.78,1718600
CRVL,20111011,46.71,48.44,46.35,48.12,21300
CRWN,20111011,1.31,1.4,1.27,1.4,100100
CRWS,20111011,3.53,3.64,3.46,3.58,3100
CRZO,20111011,22,23.1,21.74,22.41,901500
CSBK,20111011,9.8,10.29,9.79,10.29,12800
CSCD,20111011,3.75,3.82,3.71,3.71,900
CSCO,20111011,17,17.1,16.86,16.99,53683000
CSFL,20111011,5.51,5.67,5.3,5.6,107600
CSGP,20111011,51.2,53.66,51.2,53.29,103100
CSGS,20111011,13.17,13.64,13.05,13.62,403400
CSII,20111011,7.36,8.25,7.3,8.02,553100
CSIQ,20111011,3.58,3.59,3.41,3.53,311800
CSOD,20111011,14.5,15,14.44,14.9,187200
CSPI,20111011,3.25,3.41,3.25,3.4,4100
CSRE,20111011,11.22,11.51,11.14,11.27,13600
CSTR,20111011,47.25,50.21,47.25,49.84,1690800
CSUN,20111011,1.16,1.18,1.12,1.13,76500
CSWC,20111011,78.12,82.46,78.12,81.09,3300
CTAS,20111011,28.77,28.99,28.58,28.84,728500
CTBI,20111011,25.1,25.5,24.76,25.46,67900
CTCH,20111011,3.18,3.22,3.18,3.18,2900
CTCM,20111011,11.19,11.41,11.09,11.35,628200
CTCT,20111011,17.87,18.52,17.52,18.46,229100
CTGX,20111011,11.13,11.58,11.1,11.51,35400
CTHR,20111011,2.01,2.15,1.95,2,43900
CTIB,20111011,4.28,4.28,4.28,4.28,200
CTIC,20111011,5.6,5.65,5.5,5.6,1053200
CTRN,20111011,11.81,12.36,11.77,12.35,58900
CTRP,20111011,33.78,35.07,33.78,34.45,1479700
CTRX,20111011,27.955,28.935,27.955,28.755,214000
CTSH,20111011,67.39,68.19,66.48,67.48,3223700
CTWS,20111011,26.63,27.2,26.49,27.14,24200
CTXS,20111011,57.6,61.33,57.22,61.19,3836000
CU,20111011,29.52,29.95,29.39,29.84,45100
CUBA,20111011,6.14,6.16,6.09,6.16,2200
CUTR,20111011,7.08,7.25,7.02,7.06,22300
CVBF,20111011,8.33,8.61,8.28,8.54,606300
CVCO,20111011,36.62,36.72,36.38,36.72,13600
CVCY,20111011,5.53,5.53,5.45,5.45,8000
CVGI,20111011,8.39,9.15,8.21,9.04,495300
CVGW,20111011,20,20.18,19.58,19.79,77500
CVLT,20111011,40.02,41.18,39.93,40.53,643000
CVLY,20111011,8.85,9.1,8.5,8.85,4700
CVTI,20111011,3,3.27,3,3.27,88600
CVV,20111011,15.5,16.78,15,15.86,144200
CWBC,20111011,2.39,2.39,2.39,2.39,100
CWCO,20111011,8.87,8.99,8.64,8.96,63500
CWEI,20111011,48.18,52.11,47.66,50.76,87400
CWST,20111011,5.57,5.86,5.52,5.83,104600
CWTR,20111011,4.64,4.8,4.4,4.6,406400
CXDC,20111011,4.04,4.15,3.96,4.11,68700
CXPO,20111011,2.48,2.66,2.39,2.64,98300
CY,20111011,15.41,15.79,15.35,15.62,2212900
CYAN,20111011,3.9,4.07,3.9,3.94,44100
CYBE,20111011,7.7,7.74,7.5,7.5,9900
CYBX,20111011,28.51,28.71,28.13,28.29,145800
CYCC,20111011,3.15,3.29,3.01,3.15,318200
CYCCP,20111011,2.85,2.85,2.85,2.85,600
CYMI,20111011,43,44,43,43.82,163600
CYNO,20111011,11.89,12.03,11.44,11.9,29800
CYOU,20111011,31.3,33.7,31.3,32.96,360600
CYTK,20111011,1.08,1.14,1.08,1.14,370300
CYTR,20111011,2.24,2.31,2.24,2.31,323400
CYTX,20111011,2.83,2.9,2.72,2.88,334900
CYTXW,20111011,1.5,1.59,1.5,1.59,300
CZFC,20111011,6.46,6.56,6.34,6.34,400
CZNC,20111011,15,15.52,15,15.5,22100
CZWI,20111011,5.1,5.1,5.1,5.1,1000
DAEG,20111011,1.98,2.1,1.97,1.97,300
DAIO,20111011,3.95,4,3.95,4,1800
DAKT,20111011,9.12,9.45,9.04,9.4,100700
DARA,20111011,1.67,1.76,1.52,1.56,59900
DATE,20111011,8.49,9.01,8.11,8.95,96100
DAVE,20111011,8.19,8.2,7.94,8,31700
DBLE,20111011,7.23,7.38,7.1,7.33,50100
DBLEP,20111011,25,25,24.99,25,1100
DCIX,20111011,4.88,5.09,4.76,5.05,49100
DCOM,20111011,11.09,11.46,10.84,11.4,119400
DCTH,20111011,3.39,3.52,3.37,3.46,357200
DECK,20111011,103.06,105.53,102.6,104.7,1100000
DELL,20111011,15.96,16.32,15.9,16.18,16360800
DENN,20111011,3.53,3.78,3.5,3.76,568400
DEPO,20111011,5.57,6.17,5.41,6.12,749400
DEST,20111011,15.11,15.32,14.59,14.86,111100
DFZ,20111011,10.7,10.76,10.53,10.71,8300
DGAS,20111011,15.4,15.4,14.115,14.155,43500
DGICA,20111011,12.65,12.71,12.31,12.5,29200
DGICB,20111011,14.97,14.97,14.97,14.97,0
DGII,20111011,12.92,13.72,12.92,13.53,161600
DGIT,20111011,18.14,18.76,18.14,18.5,154800
DGLY,20111011,0.88,0.92,0.88,0.88,60000
DHIL,20111011,72.61,75,72.32,73.65,7800
DHRM,20111011,1.79,1.79,1.6,1.74,1400
DIOD,20111011,19.02,19.21,18.48,18.7,446600
DISCA,20111011,39.08,40.39,38.84,40.07,2063500
DISCB,20111011,37.66,37.66,37.66,37.66,0
DISCK,20111011,37,38.34,36.95,37.89,360900
DISH,20111011,27.27,27.69,26.74,27.58,2172600
DJCO,20111011,65,65,64.51,64.51,300
DLGC,20111011,12,12.25,10.35,11.15,23300
DLIA,20111011,1.37,1.39,1.25,1.36,146100
DLLR,20111011,21.21,21.81,21.19,21.68,333000
DLTR,20111011,39.865,40.495,39.77,40.13,1411800
DMLP,20111011,24.53,24.96,24.36,24.9,92100
DMND,20111011,77.23,77.49,74.76,75.58,302800
DMRC,20111011,25.77,26.05,24.89,25.76,19700
DNBF,20111011,9.8,9.8,9.8,9.8,0
DNDN,20111011,8.5,9.02,8.41,8.93,3433600
DNKN,20111011,27.15,27.45,26.87,26.94,313300
DORM,20111011,18.115,18.885,18.11,18.77,28000
DOVR,20111011,3.36,3.52,3.36,3.52,10200
DRAD,20111011,2.17,2.27,2.04,2.24,37300
DRAM,20111011,8.16,8.16,6.84,7.26,2600
DRCO,20111011,9.14,9.23,9.01,9.2,41600
DRIV,20111011,21.02,21.61,21,21.28,393100
DRRX,20111011,1.47,1.58,1.46,1.5,3559000
DRWI,20111011,3.15,3.27,3.03,3.25,306300
DRYS,20111011,2.35,2.48,2.32,2.43,4933200
DSCI,20111011,8.03,8.19,7.85,7.97,16900
DSCO,20111011,1.88,1.94,1.86,1.88,60500
DSGX,20111011,6.24,6.25,6.17,6.19,3900
DSPG,20111011,5.84,6.01,5.7,5.84,144600
DSWL,20111011,2.48,2.55,2.35,2.46,20100
DTLK,20111011,8.01,8.57,7.93,8.46,223700
DTSI,20111011,27.27,27.34,26.73,27.01,88400
DTV,20111011,45.02,45.86,44.87,45.77,6280800
DVAX,20111011,2.01,2.23,1.98,2.19,1321400
DVOX,20111011,3.19,3.28,3.05,3.19,134600
DWA,20111011,17.89,18.24,17.55,17.73,927100
DWCH,20111011,5.24,5.24,5.23,5.23,1500
DWSN,20111011,27.99,28.48,27.71,28.38,63300
DXCM,20111011,11.38,11.68,11.34,11.47,265900
DXPE,20111011,19.84,20.33,19.59,20.19,108700
DXYN,20111011,3.1,3.1,2.85,2.96,3000
DYAX,20111011,1.26,1.29,1.22,1.26,275500
DYNT,20111011,3.25,3.4,3.25,3.25,68800
DYSL,20111011,2.2,2.42,2.2,2.4,5800
EBAY,20111011,32,33.06,31.98,32.83,10277900
EBIX,20111011,15.17,15.7,14.95,15.65,355500
EBMT,20111011,10.41,10.45,10.35,10.45,7500
EBSB,20111011,11.78,12.19,11.52,12.18,8900
EBTC,20111011,13.01,13.98,13.01,13.73,8400
ECHO,20111011,13.01,13.34,12.96,13.14,73300
ECOL,20111011,16.28,16.39,15.84,16.22,132900
ECPG,20111011,25.64,26.15,25.3,26.03,108200
ECTE,20111011,3.09,3.25,3,3.1,72100
ECTY,20111011,2.03,2.08,1.84,1.93,31000
ECYT,20111011,10.43,11.21,10.25,10.8,519800
EDAC,20111011,7.29,7.29,7.16,7.28,8000
EDAP,20111011,1.75,1.78,1.63,1.75,58100
EDGW,20111011,2.63,2.63,2.6,2.63,500
EDMC,20111011,15.8,17.46,15.78,17.4,269400
EDS,20111011,3.56,3.7,3.45,3.57,32000
EDUC,20111011,5.19,5.4,5.19,5.23,2700
EEFT,20111011,16.17,16.53,16.1,16.48,213700
EEI,20111011,15.49,15.49,14.73,15.23,500
EFII,20111011,14.99,15.3,14.85,15.21,164300
EFSC,20111011,13.8,14.26,13.8,14.26,50100
EFUT,20111011,3.37,3.42,3.3,3.3,3000
EGBN,20111011,12.57,13,12.44,12.92,44200
EGHT,20111011,4.18,4.27,4.13,4.24,467400
EGLE,20111011,5.76,6.12,5.68,6.04,583800
EGOV,20111011,11.92,12.07,11.75,11.93,257300
EHTH,20111011,13.88,14.24,13.88,14.17,113500
EIHI,20111011,13.19,13.2,13.19,13.19,3300
ELGX,20111011,10.91,11.45,10.82,11.28,639700
ELNK,20111011,6.3,6.54,6.27,6.53,2107400
ELON,20111011,6.67,7.04,6.67,6.99,174400
ELOS,20111011,9.39,9.77,9.28,9.69,56900
ELRC,20111011,14,14.54,14,14.45,56800
ELSE,20111011,3.82,3.82,3.82,3.82,0
ELTK,20111011,0.95,1.11,0.95,1.05,11900
EMCF,20111011,15.5,15.5,15.5,15.5,100
EMCI,20111011,19.27,19.77,18.83,19.24,7900
EMFN,20111011,21.64,21.64,21.64,21.64,0
EMIF,20111011,27.02,27.6,27.02,27.39,26300
EMITF,20111011,2.74,2.74,2.7,2.7,400
EMKR,20111011,4.04,4.4,4.04,4.4,405000
EMMS,20111011,0.67,0.67,0.64,0.65,6000
EMMSP,20111011,12.75,14,12.75,14,800
EMMT,20111011,19.75,19.94,19.75,19.94,2100
ENDP,20111011,29.02,29.54,28.64,29.31,1116500
ENG,20111011,2.4,2.47,2.35,2.35,32100
ENMD,20111011,1.69,1.8,1.69,1.79,24800
ENOC,20111011,9.55,9.72,9.43,9.65,152400
ENSG,20111011,22.07,22.75,22.07,22.31,88100
ENTG,20111011,7.4,7.57,7.32,7.41,1132100
ENTR,20111011,4.69,4.91,4.65,4.87,1348900
ENZN,20111011,7.42,7.49,7.34,7.43,118000
EONC,20111011,1.37,1.58,1.28,1.37,9300
EPAX,20111011,5.87,5.9,5.81,5.85,52600
EPAY,20111011,21.35,22.01,21.14,21.97,107900
EPIQ,20111011,12.91,13.12,12.91,13.07,115200
EQIX,20111011,93.68,95.85,93.57,94.17,459000
ERIC,20111011,10.44,10.63,10.42,10.54,4192000
ERIE,20111011,73.9,74.42,73.18,73.43,35800
ERII,20111011,2.96,2.99,2.87,2.91,195300
EROC,20111011,9.25,9.9,9.25,9.81,269400
ESBF,20111011,12.4,13.2,12.4,13.07,22200
ESBK,20111011,15.64,15.75,15.64,15.75,600
ESCA,20111011,4.95,5.07,4.86,4.93,3800
ESEA,20111011,3.13,3.25,3.04,3.23,50100
ESGR,20111011,98.5,99.94,97.5,99.58,12200
ESIO,20111011,12.66,12.87,12.23,12.75,97300
ESLT,20111011,42.65,44.34,41.59,43.72,4800
ESMC,20111011,1.06,1.17,1.06,1.09,31900
ESRX,20111011,40.69,41.01,40.42,40.93,4995700
ESSA,20111011,10.92,11.24,10.82,11.18,40400
ESSX,20111011,3.12,3.15,3.03,3.08,12700
ESYS,20111011,4.05,4.42,4.05,4.37,4000
ETFC,20111011,9.18,9.44,9.04,9.26,4114700
ETRM,20111011,1.8,1.84,1.77,1.77,39500
EUFN,20111011,16.46,16.64,16.35,16.55,13900
EVBS,20111011,2.25,2.25,2.25,2.25,0
EVEP,20111011,70.28,71.49,70.02,71,230100
EVOL,20111011,6.63,6.94,6.55,6.94,7200
EWBC,20111011,15.94,16.27,15.69,16.09,1265900
EXAC,20111011,14.02,14.33,14,14.32,13600
EXAR,20111011,6.13,6.28,5.99,6.1,131400
EXAS,20111011,7.53,7.93,7.51,7.88,662800
EXEL,20111011,5.76,5.84,5.56,5.63,675000
EXFO,20111011,5.95,6.14,5.86,6.01,64800
EXLP,20111011,20.75,21.49,20.48,21.18,110300
EXLS,20111011,23.83,24.23,23.52,24.2,133400
EXPD,20111011,43.8,44.85,43.75,44.69,1753900
EXPE,20111011,27.86,28.54,27.46,28.23,3126100
EXPO,20111011,43.16,44.63,43.16,44.5,34700
EXTR,20111011,2.79,2.95,2.78,2.93,357100
EXXI,20111011,24.59,25.8,24.4,25.43,756900
EZCH,20111011,33.59,34.33,33.53,34.08,148300
EZPW,20111011,30.1,30.59,29.75,30.29,272900
FABK,20111011,13,13,13,13,0
FALC,20111011,3.04,3.14,3.04,3.13,100800
FARM,20111011,5.73,5.89,5.62,5.74,66700
FARO,20111011,34.44,36.5,34.43,36.22,81300
FAST,20111011,34.77,35.07,34.51,34.76,2293000
FBIZ,20111011,15.3,15.56,15.3,15.5,800
FBMI,20111011,4.77,4.77,4.77,4.77,200
FBMS,20111011,8.41,8.41,8.41,8.41,0
FBNC,20111011,10.73,11.19,10.7,11.15,32400
FBNK,20111011,11.28,11.4,11.23,11.4,56600
FBRC,20111011,9.96,10.12,9.88,10,123800
FBSS,20111011,11.49,11.49,11.49,11.49,300
FCAL,20111011,2.99,3.04,2.99,3.04,6100
FCAP,20111011,18.84,18.84,18.84,18.84,0
FCBC,20111011,10.12,10.69,10.09,10.65,49000
FCCO,20111011,5.67,5.67,5.67,5.67,0
FCCY,20111011,6.07,6.07,6.07,6.07,0
FCEL,20111011,0.99,1.01,0.95,1,1380600
FCFC,20111011,6.05,6.2,6.01,6.1,2700
FCFS,20111011,42.73,43.52,42.43,43.28,202700
FCHI,20111011,39.08,40.05,39.08,39.74,5400
FCLF,20111011,6.44,6.44,6.44,6.44,0
FCNCA,20111011,149.21,153.75,149.15,153.35,33900
FCTY,20111011,3.38,3.4,3.38,3.38,3000
FCVA,20111011,2.48,2.48,2.48,2.48,0
FCZA,20111011,3.35,3.42,3.27,3.42,3500
FDEF,20111011,14.22,14.39,14,14.27,17700
FDML,20111011,17.64,18.06,17.5,18.06,79000
FDUS,20111011,13.22,13.22,12.76,13.14,25400
FEFN,20111011,21.64,21.64,21.64,21.64,0
FEIC,20111011,29.36,30.47,29.12,30.36,298100
FEIM,20111011,9.16,9.33,8.96,9.1,7100
FELE,20111011,19.69,20.08,19.63,19.995,63100
FES,20111011,5.25,5.25,5.2,5.25,15400
FFBC,20111011,15.36,15.94,15.15,15.84,300600
FFBCW,20111011,4.21,4.21,4.21,4.21,0
FFBH,20111011,5.26,5.3,5.22,5.25,4800
FFCH,20111011,4.71,5.38,4.71,5.24,83400
FFCO,20111011,13.27,13.33,13.27,13.33,1100
FFEX,20111011,1.65,1.85,1.57,1.61,25000
FFHL,20111011,2.22,2.29,2.18,2.24,6100
FFIC,20111011,11.9,12.2,11.77,12.19,90500
FFIN,20111011,27.93,28.47,27.69,28.27,112800
FFIV,20111011,86.92,87.64,85.56,87.06,1126400
FFKT,20111011,4.2,4.35,4.2,4.31,1700
FFKY,20111011,1.7,1.7,1.68,1.68,3000
FFN,20111011,2,2.2,1.94,2.06,142300
FFNM,20111011,3.46,3.49,3.46,3.49,300
FFNW,20111011,5.4,5.42,5.32,5.4,10300
FHCO,20111011,4.38,4.46,4.36,4.46,51100
FIBK,20111011,10.9,11.39,10.79,11.35,43600
FINL,20111011,20.67,21.08,20.3,20.99,972700
FIRE,20111011,27.69,27.69,26.69,27.1,387300
FISI,20111011,15.46,15.7,15.28,15.47,33000
FISV,20111011,54.51,55.59,54.49,54.98,831700
FITB,20111011,10.89,11.03,10.72,10.91,19577400
FITBP,20111011,134.55,135.27,134.55,134.67,2500
FIZZ,20111011,16.04,16.16,16,16.14,28800
FLDM,20111011,13.74,14.23,13.58,14.18,44900
FLEX,20111011,6.3,6.35,6.21,6.31,2361500
FLIC,20111011,23.88,24.34,23.8,24.28,17300
FLIR,20111011,26.68,26.94,26.56,26.81,1602300
FLML,20111011,4.8,5.26,4.73,5.02,84400
FLOW,20111011,2.01,2.19,2.01,2.17,230900
FLWS,20111011,2.41,2.49,2.37,2.48,67400
FLXS,20111011,13.5,13.88,13.5,13.6,1000
FMBI,20111011,8.07,8.54,8.01,8.47,611100
FMCN,20111011,23.51,24.71,23.03,24.17,2483900
FMER,20111011,12.4,12.75,12.33,12.68,1178000
FMFC,20111011,3.15,3.19,3.15,3.19,1800
FMNB,20111011,4.47,4.47,4.47,4.47,300
FNBN,20111011,0.25,0.28,0.25,0.28,44100
FNFG,20111011,9.34,9.48,9.26,9.4,5323700
FNGN,20111011,17.78,18.44,17.66,18.28,365200
FNLC,20111011,12.6,12.6,12.3,12.6,15700
FNSR,20111011,19.47,19.8,18.96,19.33,3551300
FOLD,20111011,4.02,4.02,3.92,3.98,33300
FONE,20111011,24.21,24.21,23.76,24.21,900
FONR,20111011,1.8,1.89,1.65,1.7,27600
FORD,20111011,2.05,2.08,1.99,2.03,12800
FORM,20111011,6.62,6.66,6.41,6.48,601300
FORR,20111011,33.1,33.73,32.95,33.59,63700
FORTY,20111011,13.5,13.9,13.31,13.9,6500
FOSL,20111011,86.6,91.76,86,90.89,1396000
FRAN,20111011,19.69,20.47,18.88,19.73,188400
FRBK,20111011,1.46,1.62,1.41,1.45,11700
FRED,20111011,11.15,11.3,11.1,11.3,466200
FREE,20111011,7.2,8.7,7.2,8.7,11900
FRME,20111011,7.66,7.82,7.6,7.81,68900
FRNK,20111011,11.11,11.25,11.04,11.25,17000
FRP,20111011,5.45,5.88,5.38,5.86,86600
FSBK,20111011,3.7,3.7,3.62,3.65,900
FSCI,20111011,26.79,26.79,25.2,26.38,44600
FSFG,20111011,15.25,15.25,15.25,15.25,100
FSLR,20111011,59.3,60,54.92,55.91,5800300
FSRV,20111011,25.92,26.1,25.74,25.8,26100
FSTR,20111011,23.3,24.13,23.1,23.72,79000
FSYS,20111011,20.21,21.11,19.72,20.99,162200
FTEK,20111011,5.63,5.74,5.55,5.71,61600
FTNT,20111011,18.17,18.47,17.99,18.27,2350500
FUBC,20111011,5.19,5.35,5.19,5.31,47900
FULL,20111011,6.89,6.9,6.65,6.7,30200
FULT,20111011,8.3,8.49,8.14,8.42,1015400
FUNC,20111011,3.34,3.72,3.34,3.56,4800
FUND,20111011,6.34,6.45,6.34,6.4,20100
FURX,20111011,13.57,13.83,13.2,13.41,42900
FWLT,20111011,19.96,20.48,19.82,20.32,940100
FWRD,20111011,28.11,29.18,28.11,28.97,210400
FXCB,20111011,12.72,12.83,12.72,12.79,72400
FXEN,20111011,4.59,4.78,4.5,4.74,327500
GABC,20111011,16.66,17,16.66,17,20300
GAGA,20111011,4.39,4.85,4.05,4.62,11200
GAI,20111011,3.25,3.25,3.25,3.25,0
GAIA,20111011,3.34,3.68,3.31,3.68,41000
GAIN,20111011,6.98,7.06,6.8,7.03,71500
GAME,20111011,4.27,4.38,4.21,4.25,744800
GASS,20111011,3.83,4,3.66,3.94,35400
GBCI,20111011,10.79,10.94,10.58,10.87,756700
GBDC,20111011,14.88,15.09,14.88,15.06,39400
GBLI,20111011,17.87,18.86,17.87,18.67,26000
GBNK,20111011,1.21,1.23,1.2,1.22,28600
GCBC,20111011,18.5,18.6,18.5,18.54,600
GCFB,20111011,2.68,2.68,2.43,2.49,6000
GCOM,20111011,14.3,14.3,13.75,14.06,86400
GCVRZ,20111011,1.03,1.04,1,1.01,348400
GENC,20111011,7.24,7.25,7.18,7.18,4800
GENE,20111011,4.76,4.92,4.51,4.63,56000
GENT,20111011,5.95,6.09,5.94,6.01,8400
GERN,20111011,2.24,2.36,2.22,2.34,1745600
GEVO,20111011,8,8.86,7.36,8.28,180100
GFED,20111011,4.52,4.61,4.52,4.61,200
GFN,20111011,2.65,2.65,2.65,2.65,0
GFNCL,20111011,3.5,3.5,3.5,3.5,0
GGAL,20111011,8.57,8.72,8.35,8.6,297100
GHDX,20111011,23.1,23.23,22.1,23.06,124300
GIFI,20111011,24.99,26.17,24.91,26,57200
GIGA,20111011,1.38,1.38,1.32,1.32,3300
GIGM,20111011,0.9,1,0.88,1,283500
GIII,20111011,26.13,26.83,25.91,26.7,144800
GILD,20111011,20.3,20.46,19.775,19.85,6197100
GILT,20111011,3.28,3.34,3.22,3.31,23700
GIVN,20111011,15.86,16.24,15.77,16,28900
GKNT,20111011,17.86,19.03,17.84,19.03,11700
GLAD,20111011,6.97,7.1,6.9,7.03,114700
GLBS,20111011,5.15,5.15,4.9,5,3300
GLBZ,20111011,7.85,7.91,7.85,7.85,1300
GLCH,20111011,1.24,1.27,1.2,1.26,130800
GLDC,20111011,3.36,3.36,3.36,3.36,0
GLDD,20111011,4.5,4.97,4.5,4.97,385000
GLNG,20111011,32.84,33.98,32.59,33.84,344400
GLPW,20111011,24.05,25.17,24.05,24.75,58700
GLRE,20111011,21.76,22.18,21.74,21.78,157400
GLUU,20111011,2.27,2.52,2.2,2.49,1981900
GMAN,20111011,13.84,13.96,12.93,13.37,71700
GMCR,20111011,92.42,96.77,92.3,93.62,2955100
GMETP,20111011,8.06,8.25,8.05,8.25,1200
GMLP,20111011,25.38,25.86,25.22,25.75,211100
GNCMA,20111011,8.07,8.6,8.07,8.58,152600
GNMK,20111011,5.4,5.47,5.39,5.39,1200
GNTX,20111011,26.46,26.98,26.33,26.86,579900
GNVC,20111011,2.94,2.98,2.9,2.98,33300
GOLD,20111011,100.09,102.5,99.06,102,630700
GOOD,20111011,15.48,16.06,15.35,16.02,38600
GOODO,20111011,23.15,23.49,23.14,23.49,400
GOODP,20111011,23.4,23.4,23.4,23.4,0
GOOG,20111011,533.46,546.8,533.46,543.18,2853700
GPIC,20111011,6.2,6.25,6.2,6.25,1000
GPOR,20111011,25.41,26.95,25.07,26.65,940700
GPRC,20111011,2.34,2.34,2.2,2.34,9900
GPRE,20111011,9.49,9.8,9.43,9.5,241500
GRFS,20111011,12.98,13,12.86,12.9,2948800
GRID,20111011,25.52,25.62,25.52,25.62,500
GRIF,20111011,25.84,26.3,25.42,26.3,2400
GRMN,20111011,33.39,33.7,33.1,33.66,502800
GROW,20111011,6.24,6.37,6,6.03,48200
GRVY,20111011,1.3,1.32,1.25,1.25,24700
GSBC,20111011,18.42,18.95,18.13,18.93,22000
GSIG,20111011,7.95,8.15,7.84,8.12,209600
GSIT,20111011,5.1,5.12,5.03,5.05,59300
GSJK,20111011,15.43,15.43,14.94,14.94,5200
GSM,20111011,15.7,16.56,15.4,16.52,942500
GSOL,20111011,6.68,6.7,6.47,6.57,52400
GSVC,20111011,13.55,13.9,13.5,13.82,33600
GTAT,20111011,7.98,8.09,7.54,7.71,2911600
GTIM,20111011,1.52,1.52,1.52,1.52,0
GTIV,20111011,3.46,3.89,3.41,3.84,855300
GTLS,20111011,48.02,50.1,47.49,49.94,561900
GTXI,20111011,3.42,3.58,3.26,3.52,68700
GUID,20111011,6.21,6.26,6.06,6.16,45100
GULF,20111011,14.79,14.8,14.64,14.65,3400
GURE,20111011,2.35,2.35,2.26,2.31,152500
GYRO,20111011,55.05,55.05,55.05,55.05,100
HA,20111011,4.19,4.52,4.1,4.52,818400
HAFC,20111011,0.96,0.99,0.94,0.98,491300
HAIN,20111011,30.94,31.18,30.56,30.68,272200
HALL,20111011,7.8,8.05,7.8,8.03,25200
HALO,20111011,6.21,6.38,6.17,6.26,300800
HAS,20111011,34.37,35.1,33.86,34.85,2258600
HAST,20111011,2.05,2.09,2.03,2.05,36300
HAUP,20111011,1.07,1.35,1.05,1.14,51500
HAYN,20111011,51.93,54.59,51.66,53.34,132900
HBAN,20111011,5.19,5.31,5.13,5.24,9624400
HBANP,20111011,1065,1065,1065,1065,0
HBCP,20111011,13.95,14.49,13.95,14.32,1600
HBHC,20111011,28.62,29.18,28.45,28.92,391400
HBIO,20111011,4.65,4.94,4.6,4.92,51200
HBNC,20111011,11.5555,11.5555,11.5511,11.5511,200
HBNK,20111011,12.83,12.83,12.8,12.8,800
HBOS,20111011,10.6,10.62,10.41,10.61,1800
HCBK,20111011,5.73,5.96,5.7,5.93,3714500
HCCI,20111011,17.29,17.64,17.06,17.49,13500
HCIIP,20111011,8.9,9.19,8.9,9.01,1400
HCKT,20111011,3.67,3.82,3.67,3.82,71800
HCOM,20111011,14.77,15,14.5,14.89,7400
HCSG,20111011,16.76,17.55,16.75,17.52,492900
HDNG,20111011,7.6,7.85,7.6,7.8,13000
HDSN,20111011,1.15,1.15,1.1,1.1,1100
HEES,20111011,9.09,9.51,8.99,9.21,124900
HELE,20111011,25.92,26.68,25.83,26.56,197900
HEOP,20111011,3.2,3.2,3.2,3.2,0
HERO,20111011,3.1,3.24,3.01,3.15,2709000
HFBC,20111011,5.61,5.65,5.6,5.6,6100
HFBL,20111011,12.85,12.85,12.85,12.85,0
HFFC,20111011,8.85,8.85,8.85,8.85,0
HFWA,20111011,11.99,12.35,11.96,12.32,25000
HGSH,20111011,1.01,1.2,0.8,1.05,6800
HIBB,20111011,36.75,37.9,36.33,37.75,268900
HIFS,20111011,46.84,46.84,46.2,46.2,5000
HIHO,20111011,2.69,2.69,2.54,2.54,600
HILL,20111011,1.56,1.64,1.53,1.64,127800
HIMX,20111011,1.1,1.12,1.1,1.11,156500
HITK,20111011,32.28,33.17,31.93,32.5,99200
HITT,20111011,51.33,52.47,50.31,51.75,103600
HLIT,20111011,4.59,4.71,4.52,4.64,504400
HMIN,20111011,28.51,30.49,28.24,30.05,872300
HMNF,20111011,2,2,2,2,0
HMNY,20111011,1,1,1,1,0
HMPR,20111011,5.14,5.3,5.1,5.22,31400
HMSY,20111011,24.91,25.4,24.91,25.29,229300
HNH,20111011,10.92,11.2,10.84,10.95,9900
HNRG,20111011,9.08,9.14,8.95,9,11200
HNSN,20111011,3.07,3.18,2.97,3.14,438100
HOFT,20111011,10.34,10.34,10.12,10.22,31500
HOGS,20111011,6.7,6.97,6.6,6.69,495600
HOLI,20111011,6.2,6.29,5.96,6.15,207500
HOLL,20111011,1.44,1.49,1.33,1.41,10100
HOLX,20111011,15.12,15.66,15.12,15.49,1458100
HOMB,20111011,21.77,22.2,21.74,22.14,102300
HOME,20111011,8.72,9.18,8.66,9.18,26500
HOTT,20111011,8.16,8.22,7.8,7.86,1143900
HOVNP,20111011,1.73,1.8,1.7,1.7,11600
HPCCP,20111011,25.11,25.6,25.11,25.2,2900
HPJ,20111011,1.22,1.29,1.22,1.29,1600
HPOL,20111011,0.32,0.52,0.29,0.51,1642800
HRZN,20111011,14.72,14.97,14.43,14.58,13300
HSIC,20111011,60.27,64.21,60.27,63.93,843100
HSII,20111011,17.54,17.54,16.63,17.07,208600
HSKA,20111011,8.2,8.25,8.15,8.15,4300
HSNI,20111011,33.58,34.9,33.19,34.35,368700
HSOL,20111011,2.02,2.1,1.98,2,655500
HSTM,20111011,12.86,13.19,12.65,13.1,50500
HTBK,20111011,4.09,4.26,4.06,4.26,43100
HTCH,20111011,1.75,1.91,1.75,1.81,178900
HTCO,20111011,10.21,10.56,10.15,10.52,51400
HTHT,20111011,13.5,13.96,13.1,13.79,82400
HTLD,20111011,14.31,14.6,14.25,14.55,921200
HTLF,20111011,15.05,15.81,15.01,15.8,27600
HTWR,20111011,67.42,68.08,66.43,67,83300
HUBG,20111011,29.75,30.45,29.7,30.34,230100
HURC,20111011,24.01,24.9,23.48,24.81,25600
HURN,20111011,32.72,33.87,32.46,33.76,162900
HWAY,20111011,10.11,10.44,10.08,10.43,258800
HWBK,20111011,6.9,6.9,6.9,6.9,0
HWCC,20111011,10.44,10.7,10.43,10.59,95800
HWKN,20111011,33.63,35.71,33.44,35.59,29300
HYGS,20111011,5.52,5.54,5.35,5.53,900
HZNP,20111011,5.08,5.25,4.53,4.77,21900
IACI,20111011,39.97,40.71,39.83,40.51,679300
IART,20111011,36.01,37.14,35.96,36.93,237900
IBB,20111011,95.73,97.24,95.73,96.23,195100
IBCA,20111011,2.79,2.9,2.79,2.9,11700
IBCP,20111011,1.8,1.83,1.8,1.81,4900
IBCPO,20111011,12.89,12.89,12.89,12.89,100
IBKC,20111011,48.74,49.58,48.12,49.53,190300
IBKR,20111011,13.7,13.79,13.54,13.74,383700
IBOC,20111011,15.6,16.16,15.35,16.06,265700
ICAD,20111011,0.56,0.6,0.56,0.6,4100
ICCC,20111011,5.39,6.4,5.39,5.83,3800
ICFI,20111011,20.14,20.67,19.97,20.66,76100
ICGE,20111011,10.01,10.3,9.88,10.16,110400
ICLN,20111011,9.45,9.56,9.43,9.44,4400
ICLR,20111011,15.18,15.4,15.03,15.12,389600
ICON,20111011,16.38,16.69,16.13,16.52,797200
ICUI,20111011,38.49,39.25,38.45,39.12,40300
IDCC,20111011,48.37,52.6,47.19,52.08,2872500
IDIX,20111011,4.52,4.89,4.52,4.84,432700
IDRA,20111011,1.05,1.12,1.05,1.12,1900
IDSA,20111011,6.25,6.46,6.25,6.38,10500
IDSY,20111011,4.58,4.7,4.2,4.49,37500
IDTI,20111011,5.46,5.62,5.33,5.56,1256900
IDXX,20111011,71.11,72.14,70.96,71.41,146200
IESC,20111011,2.08,2.13,2.03,2.1,3100
IFAS,20111011,24.47,24.77,24.47,24.77,4200
IFEU,20111011,27.52,27.52,27.52,27.52,0
IFGL,20111011,25.67,25.9,25.59,25.89,11800
IFNA,20111011,36.23,36.29,36.23,36.23,700
IFON,20111011,0.5,0.56,0.5,0.56,2000
IFSM,20111011,31.88,32.35,31.88,32.11,1200
IGLD,20111011,11.31,11.81,11.31,11.72,500
IGOI,20111011,16.8,16.8,15.12,15.72,118100
IGOV,20111011,104.57,104.95,104.33,104.91,13300
IGTE,20111011,12.35,12.82,12.35,12.74,149100
III,20111011,1.05,1.05,1,1,600
IIIN,20111011,10.65,10.88,9.81,10.18,69000
IIJI,20111011,10.9,10.9,10.68,10.75,78100
IILG,20111011,13.91,14,13.73,13.9,274100
IIN,20111011,4.19,4.36,4.19,4.36,2100
IIVI,20111011,18.71,19.6,18.71,19.54,274700
IKAN,20111011,0.82,0.9,0.8,0.84,156100
IKNX,20111011,8.15,8.15,8.15,8.15,0
ILMN,20111011,26.27,26.92,25.74,26.21,4049000
IMGN,20111011,11.2,11.79,11.11,11.76,900400
IMKTA,20111011,14.49,15.03,14.49,14.96,33100
IMMR,20111011,6.25,6.49,6.19,6.44,90900
IMMU,20111011,3.24,3.28,3.16,3.27,358600
IMOS,20111011,4.5,4.64,4.45,4.6,30100
IMRS,20111011,3.43,3.43,3.16,3.29,74800
INAP,20111011,5.49,5.58,5.3,5.4,190200
INCY,20111011,16.09,16.46,15.87,16.3,623200
INDB,20111011,23.46,24.03,23.07,23.91,73900
INDY,20111011,23,23.21,22.96,23.13,130100
INFA,20111011,44.94,46.07,44.7,45.52,1148100
INFI,20111011,7.12,7.23,6.88,7.07,54900
INFN,20111011,8.16,8.61,8.08,8.39,1656600
ININ,20111011,30.86,31.69,30.36,31.56,45500
INOC,20111011,1.2,1.2,1.2,1.2,0
INOD,20111011,3.03,3.07,3.01,3.04,33700
INPH,20111011,4.32,4.84,4.32,4.84,12200
INSM,20111011,3.02,3.46,2.96,3.37,447000
INTC,20111011,22.83,23,22.61,22.99,50609300
INTG,20111011,20.75,20.75,20.75,20.75,0
INTL,20111011,22.33,23.35,22.33,23.23,40800
INTT,20111011,2.52,2.53,2.52,2.53,200
INTU,20111011,50.02,51.41,50,51.18,2936600
INTX,20111011,15.52,15.92,15.11,15.35,79700
INVE,20111011,1.99,2.19,1.99,2.15,454600
INWK,20111011,7.97,8.14,7.91,8,118100
IOSP,20111011,26.15,26.98,26.15,26.83,161300
IPAR,20111011,15.68,16.33,15.55,16.31,59700
IPAS,20111011,1.16,1.2,1.16,1.19,5000
IPCC,20111011,54.37,55.81,54.21,55.47,36500
IPCI,20111011,2.94,3.08,2.93,2.95,5600
IPCM,20111011,36.71,36.71,35.85,36.26,222800
IPGP,20111011,53.39,54.5,52.33,53.98,282200
IPHS,20111011,43.18,44.81,43.18,44.69,111100
IPXL,20111011,19.38,20.09,19.38,19.76,491700
IRBT,20111011,27.68,28.49,27.6,28.37,152100
IRDM,20111011,6,6.01,5.82,5.98,412000
IRDMZ,20111011,1.17,1.17,1.17,1.17,0
IRIX,20111011,3.48,3.5,3.4,3.5,1500
IROQ,20111011,11,11,10.95,11,3500
IRWD,20111011,11.01,11.02,10.8,10.93,133500
ISBC,20111011,13.04,13.25,12.99,13.23,159400
ISCA,20111011,22.37,22.94,22.37,22.81,114900
ISHG,20111011,101.53,102.31,101.53,102.19,9700
ISIG,20111011,2.36,2.39,2.2,2.33,24200
ISIL,20111011,11.48,11.62,11.36,11.59,1073800
ISIS,20111011,7.38,7.52,7.3,7.43,509400
ISLE,20111011,5.16,5.25,4.99,5.22,110100
ISNS,20111011,6.76,6.93,6.68,6.91,2200
ISRG,20111011,376.97,388.68,376,385.35,332000
ISRL,20111011,68.79,68.79,68.79,68.79,500
ISSC,20111011,4.5,4.6,4.39,4.6,2700
ISSI,20111011,8.19,8.25,8.01,8.24,111800
ITIC,20111011,35,35.1,35,35.08,2600
ITMN,20111011,22.93,23.8,22.85,23.19,582700
ITRI,20111011,31.14,31.89,30.95,31.54,398800
ITRN,20111011,12.29,12.5,12.16,12.35,6100
IVAC,20111011,6.95,7.09,6.83,6.98,90000
IVAN,20111011,1.15,1.18,1.14,1.14,388300
IXYS,20111011,11.72,12.01,11.56,11.96,115500
JACK,20111011,20.4,20.67,20.35,20.54,328600
JADE,20111011,2.52,2.6,2.48,2.58,40200
JAKK,20111011,18.04,18.13,17.93,18.1,162800
JASO,20111011,9,9.45,8.9,9.35,2875800
JAXB,20111011,4.47,4.7,4.47,4.47,400
JAZZ,20111011,43.5,44.68,42.88,44.27,509000
JBHT,20111011,38.4,39.1,38.06,38.78,985100
JBLU,20111011,3.97,4.31,3.97,4.28,4725400
JBSS,20111011,8,8.27,7.91,8.27,3500
JCOM,20111011,28.16,28.77,28.16,28.63,229700
JCS,20111011,13.63,13.99,13.51,13.96,8900
JCTCF,20111011,8.25,8.25,8.25,8.25,0
JDSU,20111011,10.44,10.86,10.35,10.8,5768100
JFBI,20111011,2.8,2.8,2.8,2.8,0
JJSF,20111011,48.15,48.97,48.08,48.53,40900
JKHY,20111011,30.31,30.45,30.07,30.32,507100
JMBA,20111011,1.36,1.39,1.32,1.37,239500
JOBS,20111011,42.81,44.84,42.81,44.17,68600
JOEZ,20111011,0.65,0.69,0.64,0.69,418100
JOSB,20111011,50.13,50.72,49.33,50.5,232500
JOUT,20111011,16.63,17.45,16.3,16.92,15600
JRCC,20111011,7.92,8.3,7.75,8.18,1898000
JRJC,20111011,1.74,1.92,1.71,1.85,22500
JST,20111011,8,8.17,7.9,8.09,29600
JVA,20111011,10.9,13.15,10.7,12.91,3095500
JXSB,20111011,13.25,13.25,13.25,13.25,0
KALU,20111011,45.75,46.19,45.06,45.77,117800
KBALB,20111011,5.07,5.19,4.81,5.1,95400
KCAP,20111011,5.83,5.96,5.7,5.96,71000
KCLI,20111011,30.95,31.27,30.85,31.08,16500
KELYA,20111011,13.68,14.2,13.51,13.85,221100
KEQU,20111011,8.75,8.75,8.75,8.75,0
KERX,20111011,3.14,3.2,3.08,3.14,840500
KEYN,20111011,23.41,23.44,23.04,23.25,151000
KEYW,20111011,7.75,8.07,7.74,8.04,90200
KFFB,20111011,6.36,6.41,6.36,6.41,900
KFRC,20111011,11.3,11.5,11.21,11.39,235700
KGJI,20111011,1.2,1.21,1.17,1.19,30800
KINS,20111011,3.19,3.19,3.19,3.19,0
KIOR,20111011,14.9,15.33,14.74,15.16,126100
KIPS,20111011,1.1,1.24,1.1,1.14,16800
KIRK,20111011,10.25,10.49,10.11,10.44,96100
KLAC,20111011,42.56,43.17,42.38,42.91,2801600
KLIC,20111011,8.6,8.67,8.37,8.56,1098900
KNDI,20111011,1.98,2.08,1.98,2,39700
KONA,20111011,6.5,6.73,6.37,6.67,85900
KONE,20111011,0.89,0.89,0.89,0.89,400
KONG,20111011,4.07,4.21,4,4.14,45600
KOOL,20111011,1.22,1.25,1.22,1.24,16700
KOPN,20111011,3.6,3.76,3.59,3.76,186600
KOSS,20111011,5.92,6.27,5.4,5.4,22100
KRNY,20111011,9.02,9.28,9.02,9.2,35500
KSWS,20111011,4.38,4.67,4.38,4.49,206300
KTCC,20111011,3.51,3.66,3.51,3.66,3200
KTEC,20111011,11,11.03,10.96,10.96,500
KTOS,20111011,6.39,7.08,6.39,6.92,362600
KUTV,20111011,1.8,1.91,1.8,1.83,6500
KVHI,20111011,7.56,7.75,7.46,7.72,99600
LABC,20111011,15.99,15.99,15.99,15.99,0
LABL,20111011,25.16,26.67,24.72,26.52,38100
LACO,20111011,2.26,2.34,2.21,2.23,8300
LAKE,20111011,7.8,7.9,7.6,7.84,4400
LAMR,20111011,18.98,19.25,18.6,18.98,541600
LANC,20111011,62.88,63.44,62.67,63.05,67200
LARK,20111011,15.25,15.41,15.25,15.32,1400
LAWS,20111011,15.75,15.75,14.91,15.35,6500
LAYN,20111011,23.92,24.52,23.92,24.42,120800
LBAI,20111011,8.04,8.24,7.91,8.24,58100
LBIX,20111011,3.13,3.13,3.13,3.13,600
LBTYA,20111011,37.36,38.52,37.21,38.2,1138300
LBTYB,20111011,39.69,39.69,39.69,39.69,0
LBTYK,20111011,35.69,36.75,35.65,36.5,270400
LCAV,20111011,2.57,2.76,2.49,2.5,59600
LCNB,20111011,12.27,12.53,12.22,12.28,5400
LCUT,20111011,9.39,9.88,9.22,9.8,26500
LEAP,20111011,5.8,6.46,5.76,5.97,3928500
LECO,20111011,31.78,32.72,31.69,32.62,217800
LEDR,20111011,2.29,2.29,2.29,2.29,0
LEDS,20111011,3.93,4.17,3.89,4.06,31800
LFUS,20111011,44.94,45.77,44.85,45.18,89700
LGCY,20111011,26.91,27.25,26.72,27.25,40100
LGND,20111011,13.35,13.51,13.26,13.49,88000
LHCG,20111011,16.39,17.04,16.32,16.91,105400
LIFE,20111011,36.56,37.26,36.4,37.08,2873400
LIME,20111011,3,3.05,2.93,3.05,7200
LINC,20111011,8.48,8.9,8.45,8.82,161500
LINE,20111011,36.03,36.45,35.74,36.28,604700
LINTA,20111011,15.49,15.64,15.21,15.48,3410100
LINTB,20111011,15.13,15.13,15.13,15.13,0
LION,20111011,6.44,6.44,6.15,6.15,3600
LIOX,20111011,2.4,2.6,2.4,2.55,244700
LIVE,20111011,1.65,1.73,1.5,1.66,1000
LIWA,20111011,4.15,4.44,3.92,4.32,148300
LKFN,20111011,21.4,22.1,21.39,21.94,76400
LKQ,20111011,13.995,14.12,13.735,14.025,789300
LLEN,20111011,2.89,2.97,2.8,2.91,159100
LLNW,20111011,2.63,2.82,2.56,2.8,1853500
LLTC,20111011,30.13,30.45,29.96,30.25,2826300
LMAT,20111011,5.95,6.04,5.81,5.88,5700
LMCA,20111011,69.24,72.75,68.66,70.95,649700
LMIA,20111011,17.86,18.7,17.69,18.54,38700
LMNR,20111011,16.5,17,16.5,17,7900
LMNX,20111011,21.58,22.2,21.34,22.06,163700
LNBB,20111011,4.15,4.18,3.87,4.06,2100
LNCE,20111011,20.61,21.09,20.61,21.04,152500
LNDC,20111011,5.4,5.64,5.32,5.45,233400
LOAN,20111011,1.18,1.18,1.18,1.18,0
LOCM,20111011,2.24,2.32,2.21,2.26,105500
LOGI,20111011,8.61,8.95,8.61,8.81,667200
LOGM,20111011,33.76,34.95,33.65,34.65,200300
LOJN,20111011,3.27,3.33,3.16,3.22,9400
LONG,20111011,16.36,16.36,15.58,16,5000
LOOK,20111011,1.32,1.38,1.26,1.3,220900
LOPE,20111011,16.18,16.54,16.05,16.44,541000
LORL,20111011,55.11,56.11,54.63,55.6,44900
LPHI,20111011,6.52,6.55,5.79,6.22,288400
LPLA,20111011,26.54,27,26.34,26.64,127600
LPNT,20111011,36.42,36.71,35.97,36.37,435300
LPSB,20111011,9.05,9.05,8.2,8.54,4300
LPSN,20111011,10.42,10.65,10.32,10.63,238800
LPTH,20111011,1.4,1.64,1.34,1.59,37200
LQDT,20111011,31.42,31.72,30.12,30.94,476200
LRAD,20111011,1.9,1.9,1.82,1.87,29500
LRCX,20111011,42.28,42.8,41.83,42.37,2576000
LSBI,20111011,12.28,12.28,12.28,12.28,0
LSBK,20111011,9.65,9.65,9.64,9.65,500
LSCC,20111011,5.76,5.89,5.71,5.86,853700
LSTR,20111011,42.09,43.17,41.8,43.09,295500
LTBR,20111011,2.56,2.6,2.5,2.6,14400
LTON,20111011,0.76,0.8,0.76,0.79,5000
LTRE,20111011,6.56,6.79,6.56,6.78,2000
LTRX,20111011,1.7,1.72,1.62,1.62,17200
LTXC,20111011,5.69,5.8,5.59,5.77,379700
LUFK,20111011,49.56,50.6,48.48,49.09,803200
LULU,20111011,52.55,53.9,52.21,53.18,2316600
LUNA,20111011,1.07,1.16,1.07,1.1,13900
LWAY,20111011,10.78,10.89,10.65,10.89,6000
LXRX,20111011,1.04,1.05,1,1.04,373500
LYTS,20111011,6.45,6.65,6.36,6.62,54000
MAGS,20111011,2.36,2.4,2.36,2.4,2100
MAKO,20111011,37.61,39,37.51,38.68,668500
MANH,20111011,36.06,36.88,35.63,36.74,118700
MANT,20111011,33.41,33.96,33.32,33.43,280800
MARPS,20111011,20.99,20.99,20.99,20.99,200
MASC,20111011,6.96,7.15,6.96,7.02,120900
MASI,20111011,22.21,22.78,22.18,22.69,201200
MAT,20111011,27.61,27.85,27.32,27.72,4240900
MATR,20111011,4.57,4.6,4.57,4.57,800
MATW,20111011,32.58,33.22,32.29,33,76000
MAXY,20111011,5.91,5.93,5.64,5.92,248900
MAYS,20111011,17,17,17,17,0
MBFI,20111011,15.89,16.65,15.67,16.61,492800
MBLX,20111011,4.22,4.4,4.06,4.37,251100
MBND,20111011,2.96,2.97,2.8,2.8,57400
MBRG,20111011,14.68,14.68,14.28,14.35,3200
MBTF,20111011,1.01,1.04,1.01,1.01,9500
MBVT,20111011,25.77,26.19,25.76,26,7100
MBWM,20111011,8,8.12,7.95,8.12,3200
MCBC,20111011,2.6,2.7,2.59,2.67,13100
MCBI,20111011,4.16,4.17,4.15,4.16,1800
MCGC,20111011,4.18,4.23,4.07,4.21,431600
MCHP,20111011,34.34,34.52,34.07,34.31,2159500
MCHX,20111011,8.93,9.27,8.82,9.08,108100
MCOX,20111011,7,7.25,6.65,7.05,107100
MCRI,20111011,10.32,10.55,10.18,10.51,11500
MCRL,20111011,9.96,10.12,9.92,10,541700
MCRS,20111011,46.55,47.24,46.35,46.89,224300
MDAS,20111011,9.92,10.21,9.71,10.11,754500
MDCA,20111011,15.15,16.11,15.15,16,71700
MDCI,20111011,4.44,4.74,4.34,4.55,74700
MDCO,20111011,17.66,18.57,17.59,18.31,1051600
MDH,20111011,2.08,2.08,1.95,2.05,7200
MDRX,20111011,18.47,19,18.39,18.83,1380400
MDSO,20111011,16.25,17.02,16.25,16.95,133700
MDVN,20111011,17.33,17.5,16.83,17.34,248400
MEAD,20111011,3.94,3.94,3.66,3.71,2400
MEAS,20111011,29.24,29.97,29.08,29.38,66500
MELA,20111011,5.25,5.82,5.15,5.76,1413900
MELI,20111011,58.9,60.81,58.13,59.99,429800
MEMS,20111011,2.24,2.33,2.24,2.27,3800
MENT,20111011,9.84,10.35,9.84,10.26,911200
MEOH,20111011,23.06,23.66,22.84,23.55,329800
MERC,20111011,7.07,7.43,7.07,7.19,179100
MERU,20111011,7.25,7.4,7.01,7.08,124500
METR,20111011,8.56,8.92,8.5,8.88,45000
MFI,20111011,5.44,5.6,5.29,5.3,5300
MFLR,20111011,8.85,8.85,8.8,8.81,1000
MFLX,20111011,20.99,21.33,20.99,21.28,33000
MFNC,20111011,5.14,5.14,5.03,5.06,2400
MFRI,20111011,7.09,7.14,6.81,6.98,3500
MFSF,20111011,7.15,7.89,7.15,7.61,9700
MGAM,20111011,4.7,5.31,4.64,5.3,257900
MGEE,20111011,41.77,41.77,41.37,41.61,66200
MGIC,20111011,4.1,4.23,4.1,4.17,38400
MGLN,20111011,50.38,51.19,50.05,50.72,156400
MGPI,20111011,4.84,5.09,4.84,5,107400
MGRC,20111011,24.61,25.32,24.61,25.21,55300
MGYR,20111011,3.25,3.33,2.9,3.33,2500
MHGC,20111011,6.14,6.4,5.91,6.33,110100
MHLD,20111011,7.45,7.8,7.45,7.76,324000
MIDD,20111011,75.04,76.57,74.79,76.15,62400
MIND,20111011,11.16,11.93,11.01,11.74,87700
MINI,20111011,16.38,16.65,16.33,16.5,288700
MITK,20111011,10.16,10.26,9.8,9.97,196800
MITL,20111011,2.07,2.2,1.99,2.15,52300
MKSI,20111011,23.62,23.69,23.1,23.32,322500
MKTAY,20111011,37.33,37.73,37.17,37.47,3800
MKTG,20111011,10.36,10.55,10.25,10.4,149300
MKTX,20111011,26.96,27.53,26.84,27.26,128800
MLAB,20111011,35.25,35.53,35.25,35.41,500
MLHR,20111011,19.89,20.55,19.69,20.44,385900
MLNK,20111011,3.75,3.97,3.75,3.9,269800
MLNX,20111011,34.73,35.44,33.61,33.71,274600
MLVF,20111011,6.25,6.25,6.25,6.25,100
MMLP,20111011,30.87,32.16,30.78,31.65,64700
MMSI,20111011,12.91,13.12,12.81,12.88,224600
MMUS,20111011,4.97,4.97,4.97,4.97,0
MMYT,20111011,26.13,28.33,25.05,27,155800
MNDO,20111011,2,2.12,2,2.1,21600
MNGLU,20111011,10.3,10.33,10.3,10.33,5500
MNGLW,20111011,0.75,0.75,0.75,0.75,0
MNKD,20111011,3.45,3.57,3.36,3.38,761000
MNOV,20111011,2.09,2.1,1.96,1.96,7200
MNRK,20111011,5.4333,5.5917,5.4167,5.575,2200
MNRO,20111011,34.8,35.43,34.37,35.29,377100
MNST,20111011,43.68,45.225,43.19,45.05,894900
MNTA,20111011,12.15,12.49,11.93,12.49,675600
MNTG,20111011,1.86,1.87,1.83,1.84,2300
MNTX,20111011,3.48,3.56,3.48,3.56,2900
MOBI,20111011,3.97,4.35,3.92,4.21,141800
MOCO,20111011,13.84,14.26,13.84,14.17,7700
MOFG,20111011,14.08,14.08,14.05,14.08,1000
MOLX,20111011,21.81,22.08,21.27,21.84,1056500
MOLXA,20111011,18.04,18.35,17.72,18.15,148500
MORN,20111011,59.05,60.05,58.84,59.81,62200
MOSY,20111011,3.36,3.64,3.36,3.57,54800
MOVE,20111011,6.16,6.6,6.08,6.56,494500
MPAA,20111011,8.43,9.12,8.43,9.03,41500
MPAC,20111011,5.25,5.5,5.25,5.27,2800
MPB,20111011,7.03,7.03,7.03,7.03,200
MPEL,20111011,10.1,10.6,10.01,10.33,10827300
MPET,20111011,1.14,1.24,1.05,1.21,149300
MPWR,20111011,11.09,11.13,10.94,11.01,171500
MRCY,20111011,13.22,13.51,13.17,13.44,97200
MRGE,20111011,6.1,6.59,6,6.49,1225000
MRLN,20111011,11.34,11.42,10.98,11.21,13700
MRTN,20111011,17.36,18.02,17.36,17.87,161100
MRVL,20111011,15.6,15.66,15.11,15.31,12966800
MSBF,20111011,5,5,5,5,0
MSCC,20111011,17.49,17.69,17.15,17.63,448700
MSEX,20111011,17.71,18.04,17.65,17.94,41300
MSFG,20111011,9.03,9.43,9.01,9.39,64700
MSFT,20111011,26.86,27.07,26.72,27,38826700
MSG,20111011,23.79,23.79,22.68,22.82,459800
MSON,20111011,1.9,1.9,1.81,1.81,8000
MSPD,20111011,5.24,5.45,5.16,5.38,222200
MSTR,20111011,117.79,123.86,117.79,122.03,115500
MTEX,20111011,4.9,5.6,4.9,5.2,9600
MTGE,20111011,16.38,16.4,15.94,16.09,40000
MTRX,20111011,9.78,10.11,9.76,10,140900
MTSC,20111011,33.67,34.49,33.49,34.4,56300
MTSL,20111011,1.32,1.32,1.32,1.32,0
MTSN,20111011,1.12,1.18,1.07,1.14,341000
MU,20111011,5.15,5.29,5.11,5.2,23829000
MVIS,20111011,5.92,6,5.52,5.84,384800
MVISW,20111011,0.2,0.2,0.2,0.2,0
MWIV,20111011,68.14,68.71,67.33,68.51,50500
MXIM,20111011,24.32,24.5,24.09,24.14,3197700
MXWL,20111011,19.17,19.9,19.17,19.64,152900
MYGN,20111011,20.01,20.61,20.01,20.38,359500
MYL,20111011,17.83,18.13,17.6,17.91,7805500
MYRG,20111011,18.53,19.4,18.39,19.38,73900
NAFC,20111011,26.84,27,26.04,26.18,76800
NAII,20111011,4.65,4.65,4.65,4.65,0
NANO,20111011,16.01,16.43,15.9,16.36,154300
NASB,20111011,10.2,10.22,10.03,10.2,400
NATH,20111011,18.64,18.65,18.64,18.65,900
NATI,20111011,24.06,24.62,23.67,24.49,400600
NATL,20111011,22.62,22.89,22.42,22.8,15200
NATR,20111011,15.06,15.06,14.33,14.64,68200
NAUH,20111011,7.67,8.4,7.5,7.82,24100
NAVG,20111011,44.21,44.22,43.37,44.04,54500
NAVR,20111011,1.56,1.61,1.56,1.61,3000
NBBC,20111011,3.51,3.51,3.41,3.5,17700
NBIX,20111011,5.59,5.89,5.51,5.84,172000
NBN,20111011,12.4,12.4,12.4,12.4,0
NBTB,20111011,19.56,20.11,19.56,19.81,217100
NBTF,20111011,17.35,17.45,16.85,17.45,1400
NCBC,20111011,2.5,3.2,2.5,3.2,3300
NCIT,20111011,13.46,13.77,12.74,13.03,28400
NCMI,20111011,15.3,15.54,15.08,15.22,423900
NCTY,20111011,3.57,3.9,3.42,3.83,60800
NDAQ,20111011,25.12,25.46,24.67,25.07,1771400
NDSN,20111011,42.16,43.28,42.08,43.03,177700
NECB,20111011,5.86,5.86,5.86,5.86,300
NEOG,20111011,34.87,35.7,34.56,35.2,120700
NEPT,20111011,2.51,2.51,2.29,2.29,195900
NETC,20111011,9.12,9.82,9.02,9.82,16100
NEWL,20111011,0.65,0.65,0.65,0.65,100
NEWP,20111011,11.5,12.2,11.36,12.18,302400
NEWS,20111011,9.8,9.98,9.67,9.94,74800
NEWT,20111011,1.25,1.28,1.22,1.22,2800
NFBK,20111011,13.38,13.65,13.23,13.5,71500
NFEC,20111011,0.68,0.68,0.64,0.64,3400
NFLX,20111011,109.32,110.94,103.13,108.66,20158900
NFSB,20111011,12.97,13,12.92,12.92,700
NGPC,20111011,6.31,6.44,6.19,6.42,121000
NHTB,20111011,11.01,11.24,10.6,11,9800
NICE,20111011,32.12,32.58,32.02,32.55,602500
NICK,20111011,10.17,10.17,9.86,9.95,16300
NIHD,20111011,25.85,25.85,25.23,25.79,2414700
NILE,20111011,38.46,41.75,37.89,41.73,340800
NINE,20111011,1.3,1.3,1.3,1.3,100
NKSH,20111011,25.96,26.48,25.56,26.45,15000
NKTR,20111011,4.77,4.92,4.73,4.9,790200
NLST,20111011,1.31,1.32,1.26,1.3,27300
NMRX,20111011,6.18,6.43,6.08,6.37,14000
NNBR,20111011,5.55,6.39,5.55,6.36,288100
NOVB,20111011,10,10,10,10,200
NPBC,20111011,7.49,7.5,7.26,7.46,1150500
NPSP,20111011,7.15,7.39,6.86,6.99,553500
NRCI,20111011,33.93,34.5,32.93,34.01,9300
NRIM,20111011,18.92,19.24,18.78,19.04,4000
NSEC,20111011,10.45,10.45,10.45,10.45,0
NSIT,20111011,15.64,15.93,15.35,15.57,130500
NSPH,20111011,1.02,1.07,1.01,1.02,226800
NSSC,20111011,2.2,2.2,2.11,2.15,2700
NSYS,20111011,3.05,3.1,3.03,3.1,1800
NTAP,20111011,38.15,39.35,37.86,38.65,4421200
NTCT,20111011,12.45,12.92,12.24,12.85,303300
NTES,20111011,43,44.04,42.68,43.64,807900
NTGR,20111011,29.32,30.14,28.84,29.91,354500
NTIC,20111011,14.88,15.24,14.88,15.14,300
NTLS,20111011,17.24,17.58,17.23,17.56,92200
NTRI,20111011,12.3,12.64,12,12.52,364400
NTRS,20111011,37.12,37.53,36.54,37.31,2057000
NTSC,20111011,4.81,4.85,4.8,4.85,1300
NTSP,20111011,4.77,5,4.72,4.96,219400
NTWK,20111011,6.5,6.9,6.3,6.8,553300
NUAN,20111011,22.01,22.11,21.67,22.03,4603400
NUCL,20111011,33.48,33.48,33.18,33.18,500
NURO,20111011,9.78,9.78,9.78,9.78,400
NUTR,20111011,13.25,13.45,13.2,13.37,18900
NUVA,20111011,17.03,17.38,16.69,16.96,449700
NVAX,20111011,1.54,1.6,1.52,1.6,270100
NVDA,20111011,14.66,14.9,14.57,14.62,20410100
NVEC,20111011,65.93,67.3,65.93,66.8,60000
NVGN,20111011,0.59,0.7,0.59,0.69,21600
NVMI,20111011,5.98,6.15,5.98,6.1,102800
NVSL,20111011,7.6,7.6,7.55,7.55,65700
NVTL,20111011,3.25,3.29,3.14,3.19,471800
NWBI,20111011,12.22,12.45,12.13,12.42,745500
NWFL,20111011,24.4,24.4,24.4,24.4,0
NWLI,20111011,139.4,139.4,134.62,137.45,14700
NWPX,20111011,21.72,22.82,21.52,22.51,65400
NWS,20111011,16.85,17.14,16.72,16.89,5616000
NWSA,20111011,16.81,17.06,16.67,16.81,15202600
NXPI,20111011,16.1,16.28,15.81,16.06,1043200
NXST,20111011,7.43,7.7,7.12,7.65,65300
NXTM,20111011,21.52,21.97,21.22,21.7,809300
NYMT,20111011,6.41,6.41,6.25,6.34,38300
NYMX,20111011,8.31,8.48,8.24,8.4,43100
NYNY,20111011,0.75,0.79,0.7,0.73,38800
OABC,20111011,13.89,14.12,13.69,14.07,21400
OBAF,20111011,14.31,14.31,14.3,14.3,2200
OBAS,20111011,6.45,6.45,6.45,6.45,0
OBCI,20111011,2.14,2.14,2.12,2.12,3900
OCC,20111011,3.2,3.28,3.2,3.28,1400
OCFC,20111011,11.91,12.11,11.87,11.97,36300
OCLR,20111011,3.43,3.62,3.41,3.56,979600
OCLS,20111011,9.8,10.43,9.59,9.8,105200
OCZ,20111011,5.72,6.1,5.58,5.83,1542600
ODFL,20111011,21.14,21.8067,21.0333,21.4467,513100
OFED,20111011,11.35,11.35,11.35,11.35,0
OFIX,20111011,33.12,34.01,32.89,33.83,117600
OFLX,20111011,13.48,13.48,12.81,12.99,5300
OGXI,20111011,9.98,10.05,9.64,9.85,19300
OIIM,20111011,3.97,4.2,3.9,4.15,1578800
OINK,20111011,1.8,1.8,1.78,1.78,7600
OKSB,20111011,4.19,4.31,4.09,4.26,68400
OKSBP,20111011,16.29,18.34,15.8,18.34,700
OLBK,20111011,6.81,6.81,6.81,6.81,0
OMAB,20111011,13.97,14.24,13.77,14.15,5600
OMCL,20111011,14.48,14.87,14.48,14.83,98100
OMER,20111011,4.09,4.15,3.88,4.11,55300
OMEX,20111011,2.85,2.88,2.65,2.79,867500
OMPI,20111011,9.37,9.8,9.37,9.66,49800
ONCY,20111011,3.92,4.11,3.9,4.03,88700
ONEQ,20111011,100.3,101.78,100.3,101.71,4800
ONFC,20111011,9.11,9.11,9.05,9.05,500
ONNN,20111011,7.3,7.51,7.22,7.31,8685400
ONTY,20111011,6.33,6.38,6.21,6.35,284500
ONVI,20111011,3.23,3.23,3.23,3.23,0
ONXX,20111011,32.32,32.71,31.75,31.91,822600
OPEN,20111011,45.93,48.72,45.74,48.39,591800
OPHC,20111011,0.62,0.74,0.43,0.59,10700
OPLK,20111011,15.58,16.11,15.22,16.09,99000
OPOF,20111011,10.3,10.32,10.14,10.14,1700
OPTR,20111011,14.19,14.62,14.07,14.37,400100
OPTT,20111011,3.52,3.55,3.41,3.47,265800
OPXA,20111011,4.4,4.56,4.36,4.36,28500
ORBC,20111011,2.64,2.74,2.55,2.73,89000
ORBK,20111011,10.41,10.41,10.17,10.31,31700
ORBT,20111011,3.68,3.68,3.68,3.68,0
ORCL,20111011,30.9,31.2,30.73,30.93,25382700
OREX,20111011,2.14,2.24,2.12,2.23,504700
ORIG,20111011,15.5,15.9,15.5,15.75,123000
ORIT,20111011,12.94,13.2,12.92,13.15,515900
ORLY,20111011,69.4,69.82,68.66,69.65,558200
ORRF,20111011,12.76,13.4,12.76,13.25,14300
OSBC,20111011,1.17,1.24,1.09,1.24,27000
OSBCP,20111011,4,4.08,4,4.08,1000
OSHC,20111011,10.78,10.78,10.78,10.78,0
OSIR,20111011,4.87,4.88,4.67,4.72,79300
OSIS,20111011,38.97,39.35,38.64,39.17,225500
OSN,20111011,1.58,1.67,1.54,1.59,3500
OSTK,20111011,9.71,9.98,9.64,9.94,40800
OSUR,20111011,9.14,9.27,8.92,9.16,240900
OTEX,20111011,52.11,52.53,51.24,51.5,149900
OTIV,20111011,1.31,1.48,1.31,1.46,261000
OTT,20111011,14.35,14.54,14.05,14.18,44400
OTTR,20111011,18.86,19.28,18.81,19.2,151500
OUTD,20111011,6.66,7.05,6.66,7.01,47600
OVBC,20111011,17.19,17.19,17.1,17.1,300
OVLY,20111011,5,5,4.98,5,600
OVRL,20111011,2.55,2.6,2.35,2.45,109800
OVTI,20111011,16.05,16.84,16,16.4,3165300
OXBT,20111011,2.06,2.06,1.98,2.04,53800
OXGN,20111011,1.04,1.05,0.98,1.03,146600
OXLC,20111011,12.77,12.87,12.7,12.86,1900
OZRK,20111011,22.31,22.83,21.95,22.78,155000
PAAS,20111011,27.87,28.7,27.54,28.52,810600
PACB,20111011,3.22,3.31,3.04,3.09,258700
PACQ,20111011,9.49,9.49,9.49,9.49,0
PACQW,20111011,0.4,0.4,0.4,0.4,0
PACR,20111011,3.84,4.05,3.84,4.04,160000
PACW,20111011,14.93,15.48,14.91,15.36,181900
PAGG,20111011,26.9,27.59,26.86,27.52,32700
PANL,20111011,44.5,50.28,44.37,47.22,2753500
PATH,20111011,2.46,2.54,2.41,2.48,34800
PATK,20111011,1.94,1.94,1.78,1.85,3700
PATR,20111011,21.07,21.07,19.79,20.97,7100
PAYX,20111011,27.76,27.95,27.57,27.85,3423800
PBCT,20111011,11.94,12.15,11.77,12.1,4071600
PBHC,20111011,8.99,8.99,8.99,8.99,0
PBIB,20111011,2.95,2.95,2.6,2.6,900
PBIP,20111011,5.11,5.18,5.06,5.18,1500
PBSK,20111011,10.85,10.9,10.85,10.9,7900
PCAR,20111011,37.28,38.09,37.11,38.03,2654500
PCBK,20111011,7.66,7.7,7.51,7.7,77900
PCCC,20111011,8.36,8.61,8.34,8.61,21400
PCH,20111011,33.9,34.23,33.13,33.3,252600
PCLN,20111011,480.15,494.64,478.62,493.26,1049300
PCO,20111011,2.34,2.5,2.21,2.5,244500
PCOM,20111011,9.5,9.88,9.36,9.42,21800
PCRX,20111011,9.59,10.08,9.5,9.82,52500
PCTI,20111011,6.43,6.48,6.24,6.35,6500
PCYC,20111011,12.21,12.47,12.15,12.39,329500
PCYO,20111011,1.98,2.06,1.91,2.06,16000
PDCO,20111011,29.35,29.66,29.24,29.38,857400
PDEX,20111011,2,2.02,1.98,2,2700
PDFS,20111011,3.99,4.02,3.9,3.99,93300
PDII,20111011,6.66,6.74,6.51,6.51,7500
PDLI,20111011,5.59,5.59,5.43,5.51,3132200
PEBK,20111011,4.8,4.83,4.8,4.82,1200
PEBO,20111011,11.72,11.99,11.64,11.95,16400
PEGA,20111011,31.98,32.63,31.64,32.17,160700
PEIX,20111011,0.3,0.34,0.29,0.31,2844600
PENN,20111011,37.7,38.32,37.23,37.93,628600
PENX,20111011,5.3,5.46,5.18,5.44,2800
PEOP,20111011,12.86,13.05,12.86,13.05,4100
PERF,20111011,16,16,15.07,15.07,1000
PERY,20111011,21.15,21.7,21.08,21.31,100900
PESI,20111011,1.18,1.25,1.17,1.18,23100
PETM,20111011,42.77,43.79,42.6,43.56,730700
PETS,20111011,9.34,9.43,9.23,9.39,181400
PFBC,20111011,7.71,7.71,7.49,7.51,4800
PFBI,20111011,4.86,4.86,4.7,4.86,3400
PFBX,20111011,10.35,10.35,10.27,10.27,200
PFIN,20111011,3.9,3.94,3.9,3.92,9600
PFLT,20111011,10.28,10.5,10.2,10.3,11900
PFSW,20111011,3.8,3.89,3.68,3.73,23100
PGC,20111011,9.99,10.46,9.9,10.2,8200
PGNX,20111011,6.13,6.3,6.13,6.23,79600
PGTI,20111011,1.32,1.42,1.27,1.31,3600
PHII,20111011,19.49,20.87,19.49,20.87,1100
PHIIK,20111011,20.31,21.32,20.19,21.15,21100
PHMD,20111011,13.22,13.5,12.91,13.5,5200
PICO,20111011,20.92,21.17,20.82,21.05,134600
PKBK,20111011,6.7,6.81,6.7,6.81,300
PKOH,20111011,12.83,13.28,12.75,13.25,58800
PLAB,20111011,5.56,5.67,5.49,5.65,430700
PLBC,20111011,2.08,2.08,2.06,2.08,2000
PLCC,20111011,0.87,0.87,0.87,0.87,0
PLCE,20111011,49,49.27,47.97,49.15,353900
PLCM,20111011,21.55,22.03,21.21,21.92,1551100
PLMT,20111011,8,8,7.97,8,700
PLNR,20111011,1.9,1.97,1.9,1.9,9300
PLPC,20111011,49.25,51.25,49.25,51.15,5000
PLTM,20111011,19.69,20.08,19.69,20.08,4500
PLUG,20111011,1.8,1.83,1.7,1.76,71400
PLUS,20111011,23.73,24.68,23.73,24.58,58400
PLXS,20111011,26.48,27.02,26.21,26.3,399000
PLXT,20111011,2.97,3,2.91,2.96,127900
PMBC,20111011,3.07,3.13,3.05,3.1,9900
PMCS,20111011,6.49,6.59,6.48,6.53,1164400
PMD,20111011,7.95,8.6,7.87,8.6,23900
PMFG,20111011,17.3,18.01,17.3,17.73,53300
PMNA,20111011,10.85,10.87,10.76,10.86,4300
PMTC,20111011,17.07,17.25,16.82,17.03,1526700
PMTI,20111011,8.1,8.12,7.85,7.92,88700
PNBK,20111011,1.85,1.9,1.85,1.85,4700
PNFP,20111011,11.76,12.46,11.74,12.37,209500
PNNT,20111011,9.58,9.65,9.43,9.6,320000
PNQI,20111011,34.47,34.95,33.97,34.95,5300
PNRA,20111011,108.51,109.04,107.43,108.12,462800
PNRG,20111011,18.69,19.45,18.54,19.35,3400
PNTR,20111011,4.01,4.01,4.01,4.01,0
PODD,20111011,15.49,15.7,15.4,15.49,182200
POOL,20111011,28.29,29.8,28.29,29.32,429600
POPE,20111011,40.01,40.51,38,40,2400
POWI,20111011,32.46,32.96,32.42,32.76,268300
POWL,20111011,30.95,32.59,30.94,32.51,44100
POWR,20111011,4.3,4.34,4.07,4.25,168500
POZN,20111011,2.97,3.21,2.92,3.08,118600
PPBI,20111011,5.88,5.88,5.8,5.88,900
PPHM,20111011,1.06,1.09,1.05,1.08,241200
PRAA,20111011,67.58,69.99,66.25,67,80900
PRAN,20111011,1.58,1.63,1.55,1.61,84700
PRCP,20111011,4.93,5.17,4.93,5.17,5000
PRFT,20111011,7.64,8.04,7.59,7.99,114100
PRFZ,20111011,55.19,56.2,55.11,56.02,30900
PRGO,20111011,98.26,99.5,97.87,98.22,456300
PRGS,20111011,19.99,20.23,19.74,20,697600
PRGX,20111011,5.4,5.61,5.34,5.53,37900
PRIM,20111011,11.41,11.81,11.31,11.72,108300
PRKR,20111011,0.92,0.93,0.86,0.9,161700
PRLS,20111011,3.79,3.8,3.64,3.64,2200
PRMW,20111011,5.62,5.95,5.6,5.78,326200
PROV,20111011,8.64,9.05,8.64,9.04,7400
PRPH,20111011,0.76,0.76,0.75,0.75,19000
PRSC,20111011,10.59,11.25,10.53,11.2,55800
PRTS,20111011,5.33,5.42,5.28,5.42,70300
PRXI,20111011,1.81,1.83,1.8,1.83,2300
PRXL,20111011,21.15,21.29,20.6,20.96,369600
PSAU,20111011,43.35,43.85,43.25,43.81,4200
PSBH,20111011,4.12,4.12,4.12,4.12,0
PSCC,20111011,29.44,29.71,29.3,29.63,27300
PSCD,20111011,25.31,25.83,25.31,25.73,2100
PSCE,20111011,29.16,30.13,28.96,30.04,22700
PSCF,20111011,23.95,24.15,23.8,24.01,3100
PSCH,20111011,28.65,29.11,28.65,28.92,33700
PSCI,20111011,25.08,25.2,24.96,25.2,2000
PSCM,20111011,24.2,24.2,24.2,24.2,200
PSCT,20111011,25.2,25.6,25.2,25.5,16600
PSCU,20111011,28.47,28.6,28.38,28.55,2600
PSDV,20111011,4.14,4.31,4.03,4.24,79600
PSEC,20111011,8.69,8.77,8.64,8.74,1218200
PSEM,20111011,7.44,7.74,7.44,7.74,63400
PSMT,20111011,74.73,74.76,71.45,72.85,260600
PSTB,20111011,3.64,3.71,3.52,3.66,63400
PSTI,20111011,2.43,2.45,2.36,2.4,79800
PSTR,20111011,3.09,3.21,3.09,3.15,5500
PSUN,20111011,1.21,1.26,1.2,1.26,445200
PTEK,20111011,1.02,1.02,0.98,0.98,6800
PTEN,20111011,17.98,18.84,17.87,18.74,5267500
PTIE,20111011,4.56,4.76,4.41,4.45,541400
PTIX,20111011,1.78,1.78,1.76,1.78,4100
PTNR,20111011,10.86,11.04,10.76,10.81,137400
PTRY,20111011,12.59,13.1,12.59,13.01,208000
PTSI,20111011,9.92,10.51,9.92,10.51,5700
PTSX,20111011,0.68,0.78,0.68,0.78,1700
PULB,20111011,6.32,6.32,6.3,6.3,4400
PURE,20111011,0.68,0.69,0.64,0.64,98900
PVFC,20111011,1.45,1.52,1.43,1.52,8000
PVTB,20111011,8.48,9,8.35,8.93,718500
PVTBP,20111011,24.97,24.97,24.92,24.92,900
PWER,20111011,5.08,5.21,4.98,5.04,3843000
PWOD,20111011,35.57,37.17,35.49,37.17,18100
PWRD,20111011,12.32,13.01,12.22,12.7,934800
PWX,20111011,11.81,11.85,11.81,11.85,700
PXLW,20111011,1.97,1.99,1.85,1.97,5600
PZZA,20111011,31.15,31.76,31.05,31.52,91000
PZZI,20111011,3.23,3.33,3.23,3.33,11900
QABA,20111011,20.63,20.82,20.62,20.82,1700
QADA,20111011,10.97,11.15,10.86,10.95,13200
QADB,20111011,10.64,10.78,10.24,10.7,3800
QBAK,20111011,2.01,2.01,1.97,1.97,1700
QCCO,20111011,3.12,3.24,3.09,3.09,9600
QCLN,20111011,10.47,10.47,10.4,10.43,1700
QCOM,20111011,52.02,52.11,51.51,51.65,10261400
QCOR,20111011,32.85,33.08,32.39,32.64,613700
QCRH,20111011,9,9,9,9,400
QDEL,20111011,16.74,16.98,16.33,16.48,116800
QGEN,20111011,13.05,13.27,13.01,13.16,2123000
QKLS,20111011,24,24.72,21.6,23.28,1259900
QLGC,20111011,13.67,13.93,13.44,13.79,866900
QLIK,20111011,22.91,24.61,22.81,24.14,1231000
QLTI,20111011,7.08,7.09,6.83,6.85,67200
QLTY,20111011,10.3,10.6,10.13,10.47,85600
QNST,20111011,11.33,11.87,11.33,11.72,208800
QQEW,20111011,22.99,23.12,22.95,23.06,228400
QQQ,20111011,55.81,56.46,55.7,56.32,66449000
QQQX,20111011,13.17,13.38,13.17,13.3,44700
QQXT,20111011,21,21.2,20.97,21.16,23100
QSII,20111011,45.855,46.785,45.595,46.505,202000
QTEC,20111011,23.52,23.77,23.5,23.68,117600
QTWW,20111011,2.15,2.23,2.15,2.2,33700
QUIK,20111011,2.12,2.26,2.11,2.25,112800
RADA,20111011,2.26,2.3,2.07,2.25,14300
RAIL,20111011,14.71,15.42,14.71,15.32,94400
RAND,20111011,2.96,2.96,2.96,2.96,100
RAVN,20111011,27.18,27.73,26.69,27.66,74700
RBCAA,20111011,18.7,19.75,18.7,19.74,33500
RBCN,20111011,9.87,10.06,9.51,9.56,1030300
RBNF,20111011,2.59,2.6,2.54,2.6,1000
RBPAA,20111011,1,1,1,1,100
RCII,20111011,30.05,30.57,29.65,30.46,590200
RCKB,20111011,9.67,9.75,9.61,9.74,53800
RCKY,20111011,10.31,10.84,10.31,10.76,18600
RCMT,20111011,4.46,4.47,4.15,4.24,13200
RCON,20111011,0.68,0.76,0.68,0.76,4300
RDA,20111011,8.21,8.67,7.89,8.13,22000
RDCM,20111011,4.03,4.54,4.03,4.53,70000
RDEN,20111011,31.99,32.59,31.88,32.51,152700
RDI,20111011,4.17,4.24,4.16,4.17,1900
RDIB,20111011,7.01,7.01,7.01,7.01,0
RDNT,20111011,2.28,2.32,2.21,2.28,81900
RDWR,20111011,11.25,11.645,11.25,11.5,102200
RECN,20111011,10.2,10.53,10.15,10.48,253100
REDF,20111011,6.21,7.25,6.14,7.25,688100
REFR,20111011,4.55,4.6,4.42,4.45,20500
REGN,20111011,65.7,66.39,64.13,64.35,459800
REIS,20111011,8.75,9,8.69,8.8,30400
RELL,20111011,13.55,13.71,13.37,13.55,66100
RELV,20111011,1.51,1.58,1.51,1.54,1200
RENT,20111011,12.63,13.21,12.63,13.03,53400
REXI,20111011,4.63,4.81,4.5,4.81,38500
REXX,20111011,12.94,13.4,12.38,12.98,679600
RFIL,20111011,3.26,3.27,3.23,3.25,1800
RFMD,20111011,6.81,7.08,6.68,6.71,11984800
RGCO,20111011,18.62,18.62,18.35,18.35,2200
RGDX,20111011,1.67,1.76,1.62,1.62,1200
RGEN,20111011,3.25,3.28,3.12,3.25,10600
RGLD,20111011,64.52,66.28,64.39,65.7,1185100
RICK,20111011,6.51,7.43,6.51,7.39,99600
RIGL,20111011,7.75,8,7.68,7.74,234700
RIMG,20111011,11.41,11.6,10.3,10.83,95400
RITT,20111011,4.39,4.6,4.26,4.45,10100
RIVR,20111011,16.45,16.45,16.45,16.45,0
RJET,20111011,2.64,2.72,2.64,2.71,287400
RLOC,20111011,9.65,9.7,9.51,9.6,104300
RLOG,20111011,5.95,6.09,5.95,6.05,5800
RMBS,20111011,15.31,15.6,15.27,15.41,1367300
RMCF,20111011,8.29,8.55,8.25,8.53,4300
RMKR,20111011,0.92,0.99,0.85,0.9,57600
RMTI,20111011,7.38,7.42,7.07,7.26,99900
RNET,20111011,15.69,16,15.55,15.8,7000
RNIN,20111011,5.8,6.5,5.65,6.4,14700
RNST,20111011,13.45,14.18,13.45,14.08,73500
RNWK,20111011,8.7,9,8.65,8.88,135800
ROCK,20111011,9.19,9.59,9.14,9.41,149400
ROCM,20111011,6.98,7,6.9,6.93,8100
ROIA,20111011,1.26,1.28,1.26,1.28,1600
ROIAK,20111011,1.21,1.29,1.21,1.29,31900
ROIC,20111011,10.8,10.93,10.74,10.87,158900
ROICW,20111011,0.7,0.7,0.67,0.7,5700
ROLL,20111011,37.82,38.47,37.74,38.24,110300
ROMA,20111011,8.79,8.89,8.39,8.75,24100
ROSE,20111011,37.79,38.99,37.24,38.05,656000
ROSG,20111011,16.2,20.55,15,16.35,165500
ROST,20111011,42.18,42.505,41.64,42.475,1027900
ROVI,20111011,45.75,46.57,45.67,46.22,493200
ROYL,20111011,2.07,2.12,2.01,2.11,52800
RP,20111011,21.88,22.52,21.79,21.98,226500
RPRX,20111011,3.55,3.8,3.55,3.79,55900
RPTP,20111011,4.76,4.89,4.71,4.89,162800
RPXC,20111011,20.07,20.28,19.81,19.95,84400
RRD,20111011,14.77,15.34,14.75,15.21,2320600
RRGB,20111011,22.68,23.81,22.67,23.73,170600
RRST,20111011,5.26,5.47,5.18,5.37,2200
RSOL,20111011,1.71,1.8,1.63,1.71,8400
RSTI,20111011,20.98,21.98,20.98,21.92,115700
RSYS,20111011,6.24,6.63,6.23,6.5,101300
RTEC,20111011,6.96,7.15,6.88,7.05,143500
RTIX,20111011,3.44,3.48,3.41,3.44,153000
RUE,20111011,24.51,24.89,23.8,24.78,203800
RUSHA,20111011,15.56,16.26,15.38,16.15,94800
RUSHB,20111011,12.98,13.19,12.64,13.01,3700
RUTH,20111011,4.73,4.82,4.5,4.8,202100
RVBD,20111011,21.01,21.09,20,20.48,5640600
RVSB,20111011,2.44,2.45,2.41,2.42,4100
RYAAY,20111011,26.3,27.09,26.25,27,218500
SAAS,20111011,3.25,3.45,3.17,3.42,291000
SAFM,20111011,46.94,48.01,46.65,47.69,204700
SAFT,20111011,39.07,40.17,39.07,39.8,42900
SAIA,20111011,11.65,11.9,11.47,11.72,98300
SALM,20111011,2.49,2.55,2.34,2.38,14900
SANM,20111011,7.82,7.95,7.66,7.8,878400
SANW,20111011,4.5,4.5,4.18,4.18,6800
SANWW,20111011,0.6,0.6,0.6,0.6,0
SANWZ,20111011,0.23,0.23,0.23,0.23,0
SAPE,20111011,10.35,10.8,10.35,10.68,870300
SASR,20111011,15.85,16.16,15.65,16.1,84900
SATS,20111011,23.16,23.85,22.99,23.83,190300
SAVE,20111011,13.31,14.2,13.09,13.71,140100
SBAC,20111011,35.17,35.3,34.89,35.13,830000
SBBX,20111011,4.65,4.65,4.65,4.65,0
SBCF,20111011,1.51,1.55,1.41,1.55,189400
SBGI,20111011,8.52,8.71,8.42,8.59,389400
SBLK,20111011,19.2,19.95,19.05,19.5,225200
SBNY,20111011,50.76,51.99,50.57,51.44,330200
SBNYW,20111011,30.32,30.32,30.32,30.32,0
SBRA,20111011,9.34,9.67,9.25,9.56,365900
SBSA,20111011,1.22,1.26,1.2,1.25,4100
SBSI,20111011,18.95,19.61,18.84,19.51,72500
SBUX,20111011,40.59,41.64,40.43,41.33,7518400
SCBT,20111011,26.22,27.69,26.17,27.48,42900
SCHL,20111011,28.78,29.57,28.78,29.3,96600
SCHN,20111011,39.25,40.57,39,39.93,179000
SCLN,20111011,3.86,4.06,3.85,4.04,278300
SCMP,20111011,4,4.09,4,4.09,13800
SCOK,20111011,2.62,2.71,2.6,2.71,109500
SCON,20111011,16.44,16.56,15.48,15.6,58700
SCOR,20111011,18.53,18.64,18.2,18.39,208300
SCSC,20111011,33.82,35.03,33.82,34.39,128400
SCSS,20111011,15.33,15.86,15.27,15.58,795700
SCVL,20111011,16.8133,16.82,16.4333,16.6133,58000
SDBT,20111011,2.43,2.43,2.43,2.43,0
SDIX,20111011,1.72,1.81,1.72,1.81,18800
SEAC,20111011,8.34,8.41,8.11,8.32,200800
SEED,20111011,2.5,2.6,2.5,2.56,32700
SEIC,20111011,15.31,15.47,15.03,15.27,812300
SENEA,20111011,21.76,21.76,19.44,20.05,23800
SENEB,20111011,19.68,19.68,19.68,19.68,0
SEV,20111011,5.99,5.99,5.97,5.97,1600
SFLY,20111011,46.17,47.81,44.85,47.45,1039300
SFNC,20111011,23.09,24,22.69,23.92,38400
SFST,20111011,6.5,6.5,6.5,6.5,0
SGC,20111011,11.2,11.2,10.96,10.96,600
SGEN,20111011,21.15,21.57,20.98,21.32,2650800
SGI,20111011,12.48,12.62,12.26,12.43,472300
SGMA,20111011,3.26,3.75,3.26,3.44,4100
SGMO,20111011,3.28,3.34,3.14,3.19,445600
SGMS,20111011,7.69,7.69,7.45,7.64,509700
SGNT,20111011,21.39,22.57,19.86,21.33,166100
SGOC,20111011,3,3.16,3,3.16,600
SGRP,20111011,1.05,1.05,1.05,1.05,0
SHBI,20111011,4.43,4.59,4.43,4.54,400
SHEN,20111011,11.05,11.56,11,11.49,58000
SHFL,20111011,9.15,9.52,9.06,9.51,352300
SHIP,20111011,2.94,2.98,2.81,2.95,11800
SHLD,20111011,64.94,67.09,64.2,66.96,463700
SHLM,20111011,18.84,19.2,18.75,18.95,122600
SHLO,20111011,8.35,8.91,8.35,8.65,17200
SHOO,20111011,33.35,34.3,33.35,34.03,337200
SHOR,20111011,5.6,5.98,5.57,5.96,489800
SIAL,20111011,64.86,65.53,64.5,65,507400
SIBC,20111011,11.06,11.06,11,11,6600
SIEB,20111011,1.45,1.45,1.45,1.45,0
SIFI,20111011,9.26,9.36,9.24,9.24,900
SIFY,20111011,3.1,3.4,3.05,3.28,1245100
SIGA,20111011,3.18,3.33,3.11,3.27,362300
SIGI,20111011,13.45,13.7,13.45,13.56,286800
SIGM,20111011,8.08,8.38,8.08,8.17,189900
SILC,20111011,15.29,15.7,14.86,14.99,24500
SIMG,20111011,6.14,6.3,6.07,6.25,637700
SIMO,20111011,13.57,14.25,13.37,14.09,770600
SINA,20111011,75.53,82.48,75.15,81.78,5745200
SINO,20111011,1.85,2.03,1.82,1.91,22500
SIRI,20111011,1.64,1.72,1.63,1.66,47438700
SIRO,20111011,43.22,44.15,43.22,43.92,416100
SIVB,20111011,40.32,41.8,39.84,41.34,858400
SIVBO,20111011,25.01,25.25,24.97,24.99,1100
SKBI,20111011,1.63,1.74,1.55,1.74,5800
SKUL,20111011,14.71,14.93,14.3,14.73,186900
SKYW,20111011,11.87,12.18,11.77,12.07,342500
SKYY,20111011,17.02,17.37,17.02,17.31,55300
SLAB,20111011,34.34,34.91,34.1,34.32,330900
SLGN,20111011,37.51,38.31,37.51,37.86,149100
SLMAP,20111011,42.3,42.75,42.25,42.75,2100
SLP,20111011,2.97,3.03,2.96,3.02,3000
SLRC,20111011,20.99,21.43,20.96,21.36,198400
SLTC,20111011,3.86,4,3.71,3.95,3600
SLTM,20111011,1.55,1.77,1.55,1.74,207400
SLXP,20111011,31.69,32.71,31.35,32.38,977900
SMBC,20111011,22.01,22.04,22.01,22.04,200
SMCI,20111011,14.11,14.54,14.11,14.43,81600
SMED,20111011,4.49,4.7,4.08,4.58,33100
SMIT,20111011,3.38,3.38,3.38,3.38,0
SMMF,20111011,2.69,2.7,2.52,2.7,9300
SMRT,20111011,6.32,6.4,6.21,6.37,191000
SMSI,20111011,1.6,1.67,1.57,1.64,204300
SMT,20111011,3.92,4.08,3.7,3.8,384300
SMTC,20111011,23.39,23.73,22.86,23.1,538200
SMTX,20111011,1.5,1.5,1.43,1.47,16300
SNAK,20111011,3.96,3.97,3.85,3.9,12500
SNBC,20111011,2.64,2.78,2.6,2.74,131000
SNCR,20111011,24.44,25.19,23.94,25.03,415500
SNDK,20111011,44.75,45.67,44.13,44.46,6721200
SNFCA,20111011,1.35,1.35,1.35,1.35,200
SNHY,20111011,23.67,24.35,23.52,24.12,68300
SNMX,20111011,3.34,3.49,3.3,3.39,124300
SNPS,20111011,25.43,26,25.43,25.78,1045100
SNSS,20111011,1.33,1.39,1.28,1.3,258600
SNTA,20111011,3.03,3.13,3.03,3.09,109400
SNTS,20111011,2.86,3.03,2.83,2.97,249000
SOCB,20111011,1.79,1.79,1.75,1.75,1100
SODA,20111011,35.92,37.59,35.92,37.5,546700
SOFO,20111011,9,9.3,9,9.25,1900
SOHU,20111011,56.41,60.12,56.23,59.56,1481000
SOMH,20111011,7.15,7.24,7.15,7.22,2600
SONA,20111011,6.04,6.04,6.04,6.04,100
SONC,20111011,6.93,7.17,6.93,7.16,388800
SONS,20111011,2.2,2.33,2.16,2.31,1288500
SORL,20111011,2.97,3.05,2.84,2.89,81500
SOXX,20111011,49.51,49.73,49.21,49.55,181200
SPAN,20111011,13.78,14.08,13.78,14.01,1000
SPAR,20111011,4.43,4.57,4.38,4.56,113700
SPBC,20111011,10.48,10.48,10.48,10.48,0
SPCHA,20111011,1.84,1.85,1.8,1.8,300
SPCHB,20111011,2.37,2.39,2.37,2.37,600
SPEX,20111011,33.6,34.4,33.6,34.4,4100
SPIL,20111011,4.76,4.79,4.72,4.74,1447600
SPIR,20111011,1.4,1.5,1.4,1.5,12800
SPLS,20111011,14.52,14.59,14.25,14.4,8608500
SPMD,20111011,1.51,1.56,1.48,1.49,17400
SPNC,20111011,7.16,7.31,7.15,7.26,124200
SPNS,20111011,2.94,3.21,2.85,3.06,5600
SPPI,20111011,8.46,8.61,8.37,8.57,531900
SPPR,20111011,0.7,0.7,0.64,0.64,8900
SPPRO,20111011,18.3,18.3,18.3,18.3,0
SPPRP,20111011,7.59,7.59,7.59,7.59,0
SPRD,20111011,19.45,20.63,19.32,19.87,937700
SPRO,20111011,2.12,2.12,2.12,2.12,400
SPRT,20111011,2.26,2.43,2.21,2.38,104700
SPSC,20111011,17.93,18.34,17.88,18.08,26300
SPTN,20111011,15.57,15.84,15.33,15.56,109500
SPU,20111011,1.85,1.86,1.8,1.86,32000
SQI,20111011,14.34,14.65,14.19,14.52,24700
SQNM,20111011,5.18,5.23,4.97,5,3008200
SQQQ,20111011,87.2,87.6,84.12,84.92,1946200
SRCE,20111011,22.52,22.9,22.52,22.75,48100
SRCL,20111011,83.58,83.8,82.81,83.26,214900
SRDX,20111011,9.24,9.27,8.97,9.05,88900
SREV,20111011,14.43,14.96,14.43,14.79,393700
SSBI,20111011,5.34,5.34,5.24,5.34,2000
SSFN,20111011,5.28,5.28,5.28,5.28,0
SSNC,20111011,14.55,14.72,14.4,14.53,119600
SSRI,20111011,18.69,19.17,18.26,19.02,1044400
SSRX,20111011,10.32,10.57,10.21,10.31,74200
SSYS,20111011,22.76,24.75,22.73,24.36,368000
STAA,20111011,8.03,8.11,7.77,7.92,135100
STAN,20111011,16.15,16.98,16.15,16.97,41600
STB,20111011,5.79,5.79,5.41,5.42,63500
STBA,20111011,17.15,18.24,17.15,18.07,133300
STBZ,20111011,12.93,13.36,12.83,13.15,89800
STEC,20111011,10.86,10.93,10.48,10.51,1579800
STEI,20111011,6.12,6.33,6.12,6.29,331300
STEL,20111011,10.55,11.22,10.55,11.22,42900
STEM,20111011,2.07,2.1,2.02,2.06,53300
STFC,20111011,13,13.47,13,13.12,70200
STKL,20111011,5.15,5.25,5.06,5.25,56500
STLD,20111011,10.76,11.02,10.62,10.87,3172000
STLY,20111011,2.99,2.99,2.87,2.98,1700
STMP,20111011,24.04,25.58,23.61,25.42,370600
STND,20111011,13.95,13.95,13.95,13.95,1000
STNR,20111011,40.61,41.73,40.51,41.56,55200
STRA,20111011,84.07,86.95,83.01,85.1,137100
STRL,20111011,11.21,12,11.2,12,37800
STRM,20111011,1.61,1.62,1.51,1.6,7100
STRN,20111011,4.41,4.41,4.41,4.41,100
STRS,20111011,6.5,6.55,6.5,6.5,1100
STRT,20111011,24.02,25.72,23.75,23.9,1600
STSA,20111011,13.09,13.95,12.58,13.83,157100
STX,20111011,11.04,11.6,11.03,11.17,9644000
STXS,20111011,10.9,11.3,10.5,11,178500
SUBK,20111011,7.9,8.12,7.86,8.02,37800
SUMR,20111011,6.99,7.18,6.91,7.01,71400
SUNS,20111011,15.44,15.98,15.32,15.65,30200
SUPX,20111011,17.57,17.92,17.52,17.91,49400
SURG,20111011,5.66,6.32,5.66,6.27,748600
SUSQ,20111011,5.99,6.21,5.87,6.12,1170100
SUTR,20111011,0.95,0.98,0.95,0.96,9400
SVA,20111011,2.18,2.25,2.15,2.22,81100
SVBI,20111011,2.7,2.7,2.45,2.45,9900
SVNT,20111011,3.65,3.85,3.65,3.83,729600
SVVC,20111011,15.3,15.44,14.94,15,4900
SWHC,20111011,2.85,2.99,2.82,2.97,484400
SWIR,20111011,7.01,7.11,6.95,6.98,127200
SWKS,20111011,19.4,20.02,19.21,19.91,5748900
SWSH,20111011,4.19,4.2,4.02,4.2,391900
SYBT,20111011,19.97,20.5,19.97,20.35,30700
SYBTP,20111011,11,11,11,11,200
SYKE,20111011,15.05,15.37,15.03,15.36,340500
SYMC,20111011,17.55,17.83,17.49,17.79,7353800
SYMM,20111011,4.45,4.78,4.45,4.75,88400
SYMX,20111011,1.56,1.61,1.53,1.57,25000
SYNA,20111011,27.86,29.92,27.58,28.4,1654900
SYNL,20111011,10.37,10.75,10.17,10.54,1400
SYNM,20111011,9.2,9.2,8.8,9.1,178600
SYNT,20111011,46.59,46.73,45.44,45.82,176300
SYPR,20111011,3.15,3.16,2.98,3.05,5600
SYUT,20111011,5.36,5.54,5.18,5.48,83000
SZYM,20111011,8.49,8.66,8.21,8.59,581600
TACT,20111011,7.99,7.99,7.74,7.74,3600
TAIT,20111011,0.9,0.9,0.88,0.9,6100
TASR,20111011,4.51,4.65,4.51,4.61,437300
TAST,20111011,8.73,9.02,8.67,8.98,50500
TATT,20111011,4.91,5.01,4.91,5.01,1000
TAXI,20111011,9.95,10.24,9.88,10.08,75000
TAYC,20111011,5.91,6.13,5.84,6.13,24700
TAYCP,20111011,18.92,19.49,18.91,19.49,2700
TAYD,20111011,7.09,7.38,7.09,7.15,6900
TBAC,20111011,1.11,1.11,1.04,1.06,10600
TBBK,20111011,7.46,7.49,7.18,7.41,121000
TBNK,20111011,19.48,19.6,19.33,19.6,60200
TBOW,20111011,1.95,2.22,1.95,2.22,15500
TCBI,20111011,25.27,25.71,25.1,25.49,316000
TCBIW,20111011,13.62,13.62,13.62,13.62,0
TCBK,20111011,12.89,13.43,12.63,13.32,27800
TCCO,20111011,7.13,7.31,7.12,7.31,1700
TCRD,20111011,11.05,11.23,10.98,11.11,34600
TEAR,20111011,0.85,0.85,0.84,0.84,4900
TECD,20111011,47.22,47.36,45.89,46.09,783400
TECH,20111011,68.59,69.58,68.59,69.43,77600
TECUA,20111011,7.71,7.8,7.63,7.71,60600
TECUB,20111011,7.41,7.48,7.32,7.39,2000
TELK,20111011,9,9,8.4,8.4,39000
TESO,20111011,13.47,14.25,13.47,14.19,124700
TESS,20111011,12.73,12.82,12.6,12.6,41600
TFCO,20111011,3.44,3.44,3.44,3.44,100
TFM,20111011,40.15,40.23,39.17,40.01,340000
TFSL,20111011,8.76,8.96,8.63,8.93,410200
TGA,20111011,8.67,9.07,8.65,8.91,110100
TGE,20111011,5.08,5.3,5.08,5.3,4300
THFF,20111011,29.66,30.31,29.07,30.08,34200
THLD,20111011,1.61,1.65,1.56,1.59,55200
THOR,20111011,33.53,34.24,33.48,33.97,455500
THRD,20111011,20.63,20.63,19.84,19.84,700
THRX,20111011,20.54,20.97,20.25,20.61,247400
THTI,20111011,1.73,1.75,1.5,1.75,3400
TIBX,20111011,24.85,25.29,24.36,24.85,1943000
TICC,20111011,8.22,8.43,8.19,8.42,145900
TIGR,20111011,2.6,2.61,2.52,2.55,8200
TINY,20111011,3.5,3.65,3.46,3.63,116700
TISA,20111011,2,2.05,1.95,2,50300
TITN,20111011,19.8,21.04,19.55,20.8,252300
TIVO,20111011,9.81,10.05,9.69,9.88,1675100
TKMR,20111011,1.85,1.85,1.85,1.85,21400
TLAB,20111011,4.4,4.57,4.39,4.51,3541000
TLF,20111011,4.68,4.75,4.65,4.75,1400
TMNG,20111011,2.1,2.1,2.1,2.1,0
TNAV,20111011,9.34,9.88,9.12,9.63,169000
TNGO,20111011,12.08,12.31,11.33,12.3,42300
TOFC,20111011,7.11,7.15,7.11,7.15,1100
TOPS,20111011,1.02,1.03,1,1.02,12700
TORM,20111011,11.14,11.64,11.14,11.5,1600
TOWN,20111011,12.04,12.59,11.99,12.46,109000
TPGI,20111011,2.1,2.25,2.03,2.14,149100
TQNT,20111011,5.79,5.9,5.67,5.76,3012800
TQQQ,20111011,35.12,36.36,34.94,36.11,1048000
TRAK,20111011,16.97,17.49,16.86,17.41,179100
TREE,20111011,5.2,5.2,4.77,4.77,3300
TRGT,20111011,15.93,17.38,15.93,17.34,495800
TRIB,20111011,9.32,9.8,9.11,9.74,18700
TRIT,20111011,3.92,4,3.86,3.91,28900
TRLG,20111011,30.02,31.24,29.63,31.14,308000
TRMB,20111011,18.56,18.915,18.415,18.575,429200
TRMD,20111011,11.5,12.4,11.5,11.7,6400
TRMK,20111011,19.84,20.55,19.77,20.43,368100
TRNS,20111011,11.32,11.75,11.25,11.75,1600
TRNX,20111011,20.3,20.32,20,20.19,41800
TROW,20111011,51.41,52.16,51.04,51.76,2281000
TRS,20111011,15.37,16.01,15.19,15.94,200700
TRST,20111011,4.57,4.65,4.5,4.62,232700
TSBK,20111011,3.98,4.24,3.85,4.11,1200
TSCO,20111011,66.41,66.63,65.29,66.08,512300
TSEM,20111011,9.75,9.9,9.6,9.6,71100
TSLA,20111011,27.51,27.77,27.09,27.61,576000
TSON,20111011,3.22,3.24,3.12,3.2,42500
TSPT,20111011,7.84,8.45,7.69,8.31,585500
TSRA,20111011,13.53,13.68,13.32,13.64,447200
TSRI,20111011,4,4,4,4,800
TSRX,20111011,6.11,6.46,6.11,6.38,32300
TST,20111011,1.8,1.8,1.76,1.79,69500
TSTC,20111011,4.09,4.25,4.07,4.18,36200
TSYS,20111011,3.64,3.72,3.6,3.67,467300
TTEC,20111011,16.2,16.58,16.08,16.47,108100
TTEK,20111011,19.57,19.79,19.35,19.7,427800
TTGT,20111011,5.91,6.13,5.84,6.1,54500
TTHI,20111011,1.68,1.75,1.65,1.65,24600
TTMI,20111011,10.42,10.75,10.4,10.7,548700
TTWO,20111011,14.26,14.45,14.13,14.36,2036800
TUES,20111011,3.76,3.79,3.61,3.71,215900
TWER,20111011,2.86,2.94,2.82,2.85,226700
TWGP,20111011,22.37,22.54,22.05,22.41,491100
TWIN,20111011,28.2,28.75,28,28.4,64000
TWMC,20111011,1.86,1.9,1.86,1.9,400
TWTC,20111011,16.87,17.04,16.54,16.97,495000
TXCC,20111011,2.32,2.35,2.29,2.35,17500
TXN,20111011,29.66,29.89,29.44,29.62,9499700
TXRH,20111011,13.15,13.59,13.13,13.5,1785300
TYPE,20111011,12.47,12.66,12.31,12.5,159300
TZOO,20111011,27.1,28.6,26.99,27.89,394400
TZYM,20111011,2.76,2.94,2.76,2.78,2000
UACL,20111011,13.8,13.8,13.3,13.37,12900
UBCP,20111011,8.26,8.26,8.26,8.26,0
UBFO,20111011,2.92,2.92,2.92,2.92,0
UBNK,20111011,15.2,15.47,15.12,15.41,32700
UBOH,20111011,8.07,8.07,8.03,8.03,400
UBPS,20111011,5.75,5.75,5.75,5.75,0
UBSH,20111011,11.14,11.52,11.14,11.45,59300
UBSI,20111011,21.99,22.38,21.64,22.07,216900
UCBA,20111011,5.77,5.77,5.77,5.77,200
UCBI,20111011,8.53,8.9,8.42,8.8,130900
UCFC,20111011,1.2,1.25,1.17,1.23,12800
UCTT,20111011,4.54,4.73,4.53,4.67,109400
UEIC,20111011,17.9,18.33,17.89,18.28,62300
UEPS,20111011,6.85,6.85,6.35,6.73,99000
UFCS,20111011,18.16,19.02,18.14,18.79,63800
UFPI,20111011,24.61,25.4,24.5,25.24,182500
UFPT,20111011,14.76,14.85,14.66,14.66,5000
UG,20111011,14.5,14.5,14.5,14.5,0
UHAL,20111011,67.4,68.22,66.04,67.65,51300
ULBI,20111011,4.53,4.8,4.53,4.78,11600
ULGX,20111011,0.96,0.99,0.95,0.98,5300
ULTA,20111011,68.61,69.38,67.3,68.35,732000
ULTI,20111011,50.41,51.94,49.98,51.81,139200
ULTR,20111011,2.46,2.55,2.34,2.45,75800
UMBF,20111011,34.97,35.68,34.54,35.48,103500
UMPQ,20111011,9.66,10,9.5,9.93,1344400
UNAM,20111011,10.89,10.89,10.29,10.89,1300
UNB,20111011,19.49,19.5,19.15,19.5,1900
UNFI,20111011,37.99,38.37,37.88,38.28,154300
UNIS,20111011,4.62,4.75,4.58,4.72,183900
UNTD,20111011,5.48,5.65,5.41,5.65,609100
UNTK,20111011,4.41,4.51,4.08,4.23,66200
UNTY,20111011,6.6,6.78,6.45,6.5,114400
UNXL,20111011,5.14,5.14,4.88,4.92,11900
UPI,20111011,5.35,5.76,5.35,5.72,146100
URBN,20111011,23.6,23.69,23.33,23.54,1973500
URRE,20111011,8.7,9,8.2,8.6,979500
USAK,20111011,8.2,10.2,8.13,9.76,239600
USAP,20111011,30.91,32,28.64,31.87,49000
USAT,20111011,1.31,1.41,1.26,1.4,155000
USATP,20111011,14,14,14,14,200
USATZ,20111011,0.82,0.82,0.55,0.8,3400
USBI,20111011,5.4,5.52,5.4,5.52,500
USCR,20111011,3.94,3.97,3.87,3.97,800
USEG,20111011,2.58,2.59,2.46,2.51,78600
USLM,20111011,42.83,44.4,42.5,44.4,5800
USMO,20111011,13.61,13.88,13.48,13.75,129100
USTR,20111011,30.08,30.68,30.08,30.53,143900
UTEK,20111011,19.32,19.69,19.11,19.47,140700
UTHR,20111011,38.36,40.29,37.59,39.74,4172400
UTIW,20111011,14.67,15.16,14.67,15.07,319900
UTMD,20111011,25.99,25.99,25.99,25.99,0
UTSI,20111011,2.97,3.57,2.97,3.57,856800
UVSP,20111011,14.59,14.93,14.51,14.87,42800
VALU,20111011,12.05,12.2,11.47,12.2,5100
VALV,20111011,0.92,0.94,0.9,0.94,56500
VASC,20111011,11.93,12,11.82,11.97,31700
VBFC,20111011,1.66,1.66,1.65,1.65,900
VCBI,20111011,5.87,6.02,5.85,5.96,122900
VCIT,20111011,79.9,80.18,79.83,80.18,44000
VCLK,20111011,16.67,16.98,16.44,16.96,928700
VCLT,20111011,83.03,83.03,82.29,82.74,29900
VCSH,20111011,77.27,77.32,77.21,77.32,114300
VDSI,20111011,5.73,6,5.7,6,178800
VECO,20111011,26.35,27.33,26,26.68,1550900
VELT,20111011,7.47,8.35,7.33,8.08,833800
VGIT,20111011,64.71,64.79,64.6,64.69,26700
VGLT,20111011,72.95,72.95,72.25,72.54,52500
VGSH,20111011,61,61,60.9,60.93,34000
VIA,20111011,50.26,51.5,50.26,51.01,24600
VIAB,20111011,42.85,44.53,41.36,42.77,3582400
VIAS,20111011,18.7,18.7,18.7,18.7,1700
VICL,20111011,2.63,2.78,2.59,2.75,643100
VICR,20111011,9.62,9.79,9.61,9.74,96400
VIDE,20111011,4.13,4.27,4.08,4.21,800
VIFL,20111011,6.13,6.42,6.11,6.25,2100
VIMC,20111011,1.38,1.38,1.31,1.37,35200
VIRC,20111011,1.75,1.85,1.75,1.83,9400
VISN,20111011,28.2,29.6,27.2,28.8,87000
VITC,20111011,5.11,5.67,5.09,5.22,210800
VIVO,20111011,17.06,17.38,17.06,17.15,192200
VLCCF,20111011,16.14,16.61,16.09,16.49,107100
VLGEA,20111011,24.33,24.33,23.77,23.99,10000
VLTR,20111011,20.78,21.32,20.58,20.65,129200
VLYWW,20111011,1.73,1.73,1.73,1.73,0
VMBS,20111011,51.68,51.73,51.54,51.72,9100
VMED,20111011,25.47,25.76,25.12,25.58,3225500
VNDA,20111011,5.32,5.38,5.27,5.38,109600
VNET,20111011,11.14,11.14,10.67,10.81,90200
VNQI,20111011,42.92,43.25,42.5,43.05,8100
VOCS,20111011,18.47,18.99,18.19,18.89,69000
VOD,20111011,26.71,26.98,26.62,26.9,6501900
VOLC,20111011,28.5,28.56,26.64,26.91,2413500
VONE,20111011,54.31,54.57,54.3,54.53,3000
VONG,20111011,57.19,57.25,56.92,57.09,3800
VONV,20111011,51.56,51.99,51.54,51.85,4400
VOXX,20111011,5.92,5.99,5.83,5.94,93200
VPFG,20111011,12.28,12.49,12.2,12.45,110400
VPHM,20111011,19.06,19.47,19.01,19.31,469400
VPRT,20111011,29.59,32.05,29.45,31.83,1173400
VRA,20111011,37.31,38.21,36.88,37.7,466500
VRML,20111011,1.92,2.02,1.78,1.96,176500
VRNM,20111011,2.57,2.81,2.57,2.65,24200
VRNT,20111011,26.5,27.21,26.25,26.88,140400
VRSK,20111011,34.91,35.12,34.54,35,665900
VRSN,20111011,30.7,31.16,30.21,30.66,1587800
VRTA,20111011,1.15,1.15,1.15,1.15,0
VRTB,20111011,1.15,1.26,1.15,1.22,24500
VRTS,20111011,57.41,58.67,56.41,56.95,21500
VRTU,20111011,14.5,14.9,14.18,14.84,40500
VRTX,20111011,40.42,41.36,37.27,39.95,8658400
VSAT,20111011,35.97,36.92,35.7,36.72,140000
VSBN,20111011,10.52,10.52,10.52,10.52,0
VSCI,20111011,1.71,1.85,1.67,1.85,14700
VSCP,20111011,1.12,1.12,1.03,1.04,12600
VSEC,20111011,27.72,28.59,27.55,28.52,42200
VTHR,20111011,53.96,54.45,53.92,54.35,8900
VTNC,20111011,4.4,4.93,3.88,4.64,52700
VTSS,20111011,2.47,2.52,2.41,2.44,114600
VTUS,20111011,8.55,8.65,8.43,8.51,9900
VTWG,20111011,56.24,57.23,56.24,57.08,4600
VTWO,20111011,53.95,54.89,53.95,54.69,42700
VTWV,20111011,52.12,52.13,51.98,51.98,1100
VVTV,20111011,2.59,2.59,2.42,2.48,444200
VVUS,20111011,8.24,8.39,8.08,8.31,788700
VXUS,20111011,42.15,42.64,42.11,42.48,109900
VYFC,20111011,4.92,4.92,4.92,4.92,100
WABC,20111011,40.31,41.33,39.88,41.12,113500
WAFD,20111011,13.51,13.63,13.31,13.47,495300
WASH,20111011,21.24,21.7,21.04,21.63,41600
WAVX,20111011,2.79,2.89,2.78,2.84,404400
WAYN,20111011,8.5,8.5,8.5,8.5,3100
WBCO,20111011,10.72,11.22,10.57,11.19,34200
WBKC,20111011,13.78,13.78,13.78,13.78,100
WBMD,20111011,30.08,30.53,29.5,30.26,733200
WBSN,20111011,17.19,17.36,16.97,17.26,283500
WCRX,20111011,15.61,16.18,15.57,15.96,2356200
WDC,20111011,27.75,29.48,27.7,28.88,7283000
WDFC,20111011,41.28,42.3,41.15,41.91,57900
WEBM,20111011,3.57,4.06,3.57,3.85,81300
WERN,20111011,21.94,22.49,21.89,22.28,564600
WETF,20111011,5.8,6.04,5.63,5.96,110100
WEYS,20111011,22.9,23.64,22.9,23.6,14800
WFD,20111011,6.7,6.75,6.6,6.74,59700
WFM,20111011,68.86,68.87,67.01,68.38,1724300
WIBC,20111011,2.68,2.91,2.68,2.88,277000
WIFI,20111011,7.14,7.78,7.1,7.7,90000
WILC,20111011,5.99,6.04,5.91,6.02,7700
WILN,20111011,6.11,6.11,5.9,5.96,23600
WIN,20111011,11.42,11.52,11.36,11.47,5025200
WINA,20111011,47.82,48.38,47.31,48.36,6600
WIRE,20111011,22.73,23,22.61,22.96,76700
WLB,20111011,7.86,8.56,7.75,8.48,30600
WLBPZ,20111011,22,22,22,22,0
WLDN,20111011,3.86,3.86,3.86,3.86,0
WLFC,20111011,10.03,10.6,10.03,10.56,1900
WMAR,20111011,8.57,8.75,8.49,8.7,61000
WMGI,20111011,17.92,18.33,17.69,18.14,261400
WOOD,20111011,35.7,36.16,35.7,35.94,99100
WOOF,20111011,16.34,16.76,16.34,16.59,895400
WPCS,20111011,1.83,1.85,1.67,1.81,11000
WPPGY,20111011,48.97,49.32,48.81,49.11,37600
WPRT,20111011,28.35,28.99,28.03,28.77,627300
WRES,20111011,2.74,2.82,2.69,2.79,282400
WRLD,20111011,59.07,60.63,58.86,59.57,130100
WRLS,20111011,5.95,6,5.87,5.91,13000
WSB,20111011,2.29,2.29,2.16,2.16,700
WSBC,20111011,18.36,18.52,17.91,18.44,82500
WSBF,20111011,2.7,2.7,2.6,2.6,900
WSCI,20111011,6.08,6.16,6.08,6.16,1200
WSFS,20111011,32.51,33.41,32.15,33.18,33900
WSTG,20111011,10.55,10.55,10.2,10.41,1800
WSTL,20111011,2.35,2.35,2.17,2.29,220500
WTBA,20111011,9.17,9.75,9.16,9.74,39300
WTFC,20111011,27.77,28.34,27.43,28.2,315000
WTFCW,20111011,12.48,12.48,12.48,12.48,100
WVFC,20111011,10.23,10.51,8.61,8.61,5600
WVVI,20111011,2.99,2.99,2.96,2.96,700
WWD,20111011,30.38,31.23,30.37,30.74,248100
WWWW,20111011,7.7,8.51,7.66,8.4,441000
WYNN,20111011,138.3,140.95,136.04,137.77,3875800
XBKS,20111011,3.23,3.27,3.23,3.27,1700
XIDE,20111011,4.61,4.83,4.4,4.83,627800
XLNX,20111011,29.52,29.75,29.27,29.42,3201200
XNPT,20111011,5.73,5.83,5.63,5.68,250400
XOMA,20111011,1.77,1.81,1.75,1.79,116700
XRAY,20111011,32.4,32.72,32.18,32.48,1000900
XRTX,20111011,11.49,11.64,11.3,11.52,454100
XTEX,20111011,15.42,15.72,15.05,15.48,282500
XTXI,20111011,13.33,13.5,13.11,13.27,384600
XWES,20111011,2.98,3.05,2.98,3,45300
XXIA,20111011,8.9,8.98,8.33,8.89,206200
YAVY,20111011,1.7,1.7,1.66,1.7,4700
YHOO,20111011,15.79,15.95,15.59,15.86,18050200
YNDX,20111011,22.06,26.13,21.67,24.27,2617800
YORW,20111011,16.68,16.75,16.12,16.4,41000
YRCW,20111011,0.05,0.06,0.05,0.06,32675500
Z,20111011,25.1,26.51,25.1,26.24,32200
ZAGG,20111011,12.19,12.9,12.12,12.88,1109200
ZBRA,20111011,33.64,34.28,33.64,34.06,123300
ZEUS,20111011,17.43,18.25,17.4,18.15,37000
ZGNX,20111011,1.98,1.98,1.9,1.95,114600
ZHNE,20111011,1.16,1.16,1.05,1.1,60800
ZIGO,20111011,13.32,14.13,13.07,14.07,50100
ZINC,20111011,7.97,8.44,7.86,8.21,459200
ZION,20111011,15.97,16.72,15.78,16.64,4539200
ZIONW,20111011,3.04,3.34,3.04,3.34,34100
ZIOP,20111011,4.38,4.47,4.2,4.4,332000
ZIPR,20111011,1.35,1.35,1.3,1.3,600
ZIXI,20111011,2.74,2.82,2.68,2.77,670200
ZLCS,20111011,1.02,1.03,1,1.02,688700
ZN,20111011,2.27,2.44,2.22,2.38,193100
ZOLT,20111011,6.22,6.74,6.17,6.71,203500
ZOOM,20111011,1.64,1.95,1.55,1.83,95700
ZUMZ,20111011,21.73,22,21.13,21.91,347200
