<ticker>,<date>,<open>,<high>,<low>,<close>,<vol>
AACC,20111012,2.97,3.26,2.97,3.13,2900
AAME,20111012,1.8,1.8,1.8,1.8,200
AAON,20111012,17.71,18.91,17.71,18.78,60200
AAPL,20111012,407.34,409.25,400.14,402.19,22224400
AAWW,20111012,35.84,36.82,35.35,35.99,294400
AAXJ,20111012,51.28,52.24,51.15,51.66,236100
ABAX,20111012,23.74,24.22,23.61,24.1,177300
ABCB,20111012,9.51,9.63,9.41,9.57,62800
ABCD,20111012,3.05,3.12,3.04,3.11,53000
ABCO,20111012,31.815,31.815,30.9,31.545,130900
ABFS,20111012,16.86,17.72,16.72,17.47,700800
ABIO,20111012,7.26,7.5,6.96,7.44,13700
ABMD,20111012,11.87,12.48,11.77,12.38,127100
ABTL,20111012,4.45,4.5,4.1,4.5,60500
ACAD,20111012,1,1.06,0.99,1.05,1027700
ACAS,20111012,6.79,7.18,6.73,7,5551000
ACAT,20111012,15.9,16.33,15.9,16.16,56100
ACCL,20111012,6.34,6.6,6.34,6.53,159500
ACET,20111012,6,6.05,5.91,6.03,102000
ACFC,20111012,2.01,2.1,2,2.1,2600
ACFN,20111012,5.35,5.38,5.25,5.35,34400
ACGL,20111012,33.05,33.05,32.7,32.91,842000
ACHN,20111012,4.98,5.1,4.86,4.91,368100
ACIW,20111012,28.29,29.06,27.93,28.77,320300
ACLS,20111012,1.26,1.3,1.25,1.3,567200
ACNB,20111012,15.01,15.01,14.51,14.51,200
ACOR,20111012,22.1,22.1,20.72,21.01,602700
ACPW,20111012,6.7,7.15,6.6,7.15,330000
ACRX,20111012,2.95,3,2.95,3,300
ACTG,20111012,39.42,39.42,38.18,38.19,457600
ACTS,20111012,2.02,2.05,2.01,2.03,31000
ACUR,20111012,4.08,4.81,4.05,4.37,342800
ACWI,20111012,42.19,42.71,42.11,42.23,435400
ACWX,20111012,37.96,38.4,37.91,38.05,80600
ACXM,20111012,11.73,11.85,11.57,11.72,396000
ADAT,20111012,1.44,1.44,1.34,1.36,287500
ADBE,20111012,26.09,26.28,25.8,25.88,4819000
ADEP,20111012,3.34,3.34,3.34,3.34,500
ADES,20111012,15.2,15.39,15.16,15.23,32400
ADI,20111012,35.1,35.43,34.82,34.89,3563200
ADP,20111012,50.68,51.46,50.54,51.22,3058900
ADRA,20111012,23.61,23.8,23.37,23.51,2500
ADRD,20111012,19.23,19.26,19.04,19.15,1100
ADRE,20111012,38.46,39.4,38.46,38.99,47800
ADRU,20111012,18.76,18.98,18.76,18.97,4300
ADSK,20111012,30.34,31.55,30.05,31.02,4322600
ADTN,20111012,30.39,30.65,26.83,29.56,5545000
ADUS,20111012,3.95,4.04,3.85,3.95,25000
ADVS,20111012,22.89,23.47,22.81,23.27,151800
AEGR,20111012,13.31,14.02,13.31,13.92,36600
AEHR,20111012,0.81,0.81,0.75,0.81,3600
AEIS,20111012,9.22,9.66,9.21,9.49,513700
AEPI,20111012,23.8,24.05,23.31,23.71,10400
AERL,20111012,5.32,5.79,5.25,5.68,166400
AETI,20111012,3.76,3.79,3.73,3.78,3200
AEY,20111012,2.15,2.16,2.12,2.15,7000
AEZS,20111012,10.08,10.08,9.54,9.66,1722600
AFAM,20111012,18.58,19.12,18.5,18.85,79600
AFCB,20111012,12.41,12.5,12.41,12.5,2400
AFCE,20111012,13.41,14.03,13.26,13.89,87700
AFFX,20111012,5.55,5.56,5.31,5.34,1252300
AFFY,20111012,5.09,5.16,4.95,4.97,195900
AFOP,20111012,7.36,7.42,7.2,7.39,16500
AFSI,20111012,23.15,23.44,23.05,23.33,157600
AGEN,20111012,2.84,2.9,2.61,2.85,66300
AGII,20111012,29.77,29.93,29.43,29.68,113200
AGNC,20111012,27.34,27.39,26.86,27.03,3763900
AGYS,20111012,8.13,8.73,8.13,8.64,150600
AHGP,20111012,46.19,47.24,45.95,46.08,27000
AHPI,20111012,3.58,3.58,3.58,3.58,0
AIMC,20111012,13.24,13.66,13.21,13.3,205300
AINV,20111012,7.85,7.97,7.82,7.89,2048400
AIRM,20111012,22.7667,23.24,22.5667,23.19,50600
AIRT,20111012,7.68,7.78,7.68,7.78,2700
AIXG,20111012,15.11,15.31,14.94,14.96,187400
AKAM,20111012,23.71,23.8,23.13,23.37,5981200
AKRX,20111012,8.25,8.31,8.09,8.19,687600
ALCO,20111012,19.5,20.48,19.45,20.48,15900
ALGN,20111012,16.79,16.95,16.46,16.7,428400
ALGT,20111012,49.6,49.89,49.1,49.6,96400
ALIM,20111012,7.56,7.89,7.19,7.4,129000
ALKS,20111012,15.46,15.7,15.12,15.16,889800
ALLB,20111012,10.2,10.2,10.13,10.13,1400
ALLT,20111012,11.55,12.29,11.27,12,264100
ALNY,20111012,6.74,7.05,6.74,7.02,192800
ALOG,20111012,49.17,50.09,49.17,49.97,159200
ALOT,20111012,7.23,7.24,7.22,7.24,2200
ALSK,20111012,6.33,6.45,6.27,6.45,477200
ALTE,20111012,19.87,20.23,19.85,20.21,671500
ALTI,20111012,1.35,1.35,1.31,1.31,49700
ALTR,20111012,34.59,34.86,34.11,34.18,4692600
ALVR,20111012,9.7,10,9.7,9.8,15800
ALXA,20111012,13,13.5,12.5,13,284300
ALXN,20111012,69.11,69.45,65.43,65.97,1959100
AMAG,20111012,13.38,14.1,13.3,13.94,385800
AMAP,20111012,14.43,14.6,13.98,14.6,43200
AMAT,20111012,11.09,11.4,11.06,11.3,16696300
AMBT,20111012,7.75,7.75,6.97,7.2,3500
AMCC,20111012,5.98,6.21,5.95,6.1,632800
AMCF,20111012,3.29,3.72,3.29,3.36,137600
AMCN,20111012,2.42,2.5,2.36,2.39,103000
AMCX,20111012,32.53,33.1,31.48,31.5,521700
AMED,20111012,13.22,14.46,13.09,13.62,814700
AMGN,20111012,57.42,57.47,56.49,56.64,4798000
AMIC,20111012,4.8,4.85,4.63,4.74,4800
AMKR,20111012,4.88,4.95,4.8,4.83,1301400
AMNB,20111012,18.2,18.7,18.2,18.26,12200
AMOT,20111012,4.7,4.92,4.7,4.85,20900
AMOV,20111012,23.09,23.57,23.09,23.33,1400
AMPE,20111012,8.16,8.3,7.93,8.1,197000
AMRB,20111012,4.68,4.7,4.66,4.66,2000
AMRI,20111012,2.98,3.05,2.8,2.9,164700
AMRN,20111012,9.49,9.49,8.95,9.04,1764100
AMRS,20111012,16.82,16.82,16.07,16.19,299600
AMSC,20111012,4.26,4.37,3.86,4.02,1751000
AMSF,20111012,19.88,20.47,19.64,20.3,98400
AMSG,20111012,23.74,24.54,23.53,24.35,173600
AMSWA,20111012,7.65,7.85,7.63,7.79,64700
AMWD,20111012,13.15,13.81,12.63,13.75,16600
AMZN,20111012,236.64,241.84,234.33,236.81,6511000
ANAC,20111012,6.44,6.61,6.44,6.58,22600
ANAD,20111012,2.33,2.43,2.28,2.42,381800
ANAT,20111012,71.76,72.38,70.5,71.84,14200
ANCB,20111012,5.6,5.67,5.49,5.6,11100
ANCI,20111012,1.71,1.8,1.71,1.74,600
ANCX,20111012,8,8.06,7.87,8.04,2800
ANDE,20111012,33.88,33.92,33.4,33.56,165700
ANEN,20111012,20.04,20.69,20.01,20.56,192000
ANGO,20111012,14.7,15.01,14.66,14.94,143900
ANIK,20111012,6.01,6.1,5.94,6.04,9300
ANLY,20111012,3.48,3.5,3.47,3.49,41000
ANSS,20111012,49.96,51.23,49.83,50.52,234900
ANTH,20111012,5.74,6.03,5.63,5.85,173400
ANTP,20111012,2.16,2.16,1.91,1.91,8800
AOSL,20111012,7.97,8,7.9,8,57100
APAGF,20111012,80.27,80.84,79.26,80.73,20800
APEI,20111012,37.24,38.52,37.11,38.27,96100
APFC,20111012,7.56,7.66,7.25,7.34,6200
APOG,20111012,10.13,10.24,9.81,10.08,149900
APOL,20111012,44.18,44.49,43.24,44.11,1626000
APPY,20111012,16.74,16.74,14.94,16.14,10800
APRI,20111012,3.95,4.04,3.95,3.98,63000
APSA,20111012,14.12,14.5,14.12,14.5,2800
APWC,20111012,2.75,3.1,2.74,3.05,54800
ARAY,20111012,3.97,3.97,3.85,3.89,537100
ARCC,20111012,14.29,14.5,14.23,14.34,1364000
ARCI,20111012,4.7,4.7,4.59,4.6,12800
ARCP,20111012,11.94,12,11.54,12,7000
ARCW,20111012,2.99,2.99,2.99,2.99,0
ARDNA,20111012,83.48,83.48,82.48,82.48,800
AREX,20111012,21.36,23.31,21.34,22.62,601700
ARIA,20111012,10.05,10.05,9.59,9.67,2900800
ARII,20111012,18.48,18.65,17.97,18.07,96700
ARKR,20111012,13.1,13.2,12.8,13.13,9000
ARLP,20111012,68.93,69.99,68.18,68.86,61800
ARMH,20111012,28.12,28.75,28.01,28.29,3397800
ARNA,20111012,1.45,1.52,1.43,1.49,1406200
AROW,20111012,22.8,23.2,22.8,23.17,19400
ARQL,20111012,5.17,5.27,5.12,5.25,125600
ARRS,20111012,11.55,11.55,11,11.12,1853400
ARRY,20111012,2.04,2.12,2.03,2.1,228600
ARTC,20111012,29.49,29.97,29.48,29.7,90200
ARTNA,20111012,17.68,18.17,17.68,18.15,38500
ARTW,20111012,5.55,6.75,5.55,6.03,31500
ARTX,20111012,1.39,1.58,1.35,1.42,17000
ARUN,20111012,23.35,23.67,22.5,23.36,3809000
ARWR,20111012,0.41,0.43,0.39,0.41,9700
ASBB,20111012,11.5,11.76,11.5,11.64,1726700
ASBC,20111012,10.53,10.95,10.41,10.72,1425000
ASBI,20111012,3.84,3.84,3.84,3.84,0
ASCA,20111012,18.05,18.41,18.01,18.26,390300
ASCMA,20111012,41.87,42.92,41.04,42.75,29800
ASEI,20111012,66.73,67.7,66.34,66.49,58800
ASFI,20111012,7.69,7.77,7.6,7.72,8800
ASIA,20111012,9.78,10.08,9.65,9.89,1595200
ASMI,20111012,26.94,27.58,26.85,27.41,70700
ASML,20111012,38.04,39.94,37.79,38.76,9726000
ASNA,20111012,14.44,14.515,14.11,14.39,798500
ASPS,20111012,36.54,37.09,36.5,36.92,55600
ASRV,20111012,1.92,1.93,1.88,1.88,3500
ASRVP,20111012,25.65,25.65,25.65,25.65,200
ASTC,20111012,0.6,0.6,0.56,0.56,7000
ASTE,20111012,32.16,32.81,31.91,32.56,78100
ASTI,20111012,0.8,0.85,0.8,0.8,52000
ASTM,20111012,2.38,2.44,2.35,2.41,217900
ASTX,20111012,1.86,1.87,1.76,1.85,1414800
ASUR,20111012,2.18,2.1867,2.18,2.18,1400
ASYS,20111012,8.99,9.82,8.92,9.54,301800
ATAI,20111012,8.61,8.74,8.53,8.55,4500
ATAX,20111012,5.13,5.15,5.03,5.13,51500
ATEA,20111012,2.98,3,2.98,3,2000
ATEC,20111012,2.27,2.28,2.15,2.2,243000
ATHN,20111012,62.48,63.63,60.57,60.81,608200
ATHX,20111012,1.65,1.65,1.59,1.59,28300
ATLO,20111012,17.25,17.75,17.25,17.75,15200
ATMI,20111012,18.45,19.04,18.28,18.71,110400
ATML,20111012,9.24,9.55,9.2,9.4,8222500
ATNI,20111012,32.53,34.03,32.39,33.65,33900
ATNY,20111012,3.5,3.5,3.19,3.2,17200
ATRC,20111012,10.61,11.49,10.61,11.36,44900
ATRI,20111012,222.65,225,219,224.49,2700
ATRM,20111012,1,1,0.84,0.93,33700
ATRO,20111012,32.09,32.69,31.8,32.15,41000
ATSG,20111012,5.12,5.25,5.01,5.19,302300
ATVI,20111012,13.07,13.11,12.71,12.75,11436700
ATX,20111012,12.65,13.17,12.62,12.91,40000
AUBN,20111012,19.2,19.2,19.2,19.2,0
AUDC,20111012,2.99,2.99,2.74,2.88,148600
AUXL,20111012,15.85,16.24,15.58,16.15,678000
AVAV,20111012,30.47,30.48,30.04,30.35,133100
AVEO,20111012,16.5,17.04,16.38,16.99,241000
AVGO,20111012,33.52,33.85,32.91,33.65,2423400
AVID,20111012,8.2,8.59,8.16,8.45,118000
AVNR,20111012,3.16,3.22,3.16,3.18,622500
AVNW,20111012,2.49,2.65,2.45,2.63,420800
AWAY,20111012,36.37,36.6,34.97,35.12,129500
AWRE,20111012,2.57,2.61,2.57,2.6,7700
AXAS,20111012,3.44,3.5,3.32,3.44,1193800
AXFN,20111012,19.73,20.37,19.73,20.17,1200
AXTI,20111012,5.16,5.31,5.05,5.16,348700
AZPN,20111012,16.77,16.94,16.64,16.75,553200
BABY,20111012,8.05,8.2,7.86,8.12,952700
BAGL,20111012,13.3,13.81,13.07,13.54,49400
BAMM,20111012,2.2,2.2,2.15,2.18,14500
BANC,20111012,11.83,11.96,11.56,11.67,50100
BANF,20111012,35.65,36.66,35.56,36.62,19800
BANFP,20111012,27.7,27.7,27.7,27.7,400
BANR,20111012,14.1,14.68,13.99,14.25,103100
BASI,20111012,1.37,1.37,1.3,1.36,4000
BBBY,20111012,60.16,60.57,59.52,59.68,2235800
BBEP,20111012,17.39,17.44,17.14,17.3,387300
BBGI,20111012,3.85,3.92,3.61,3.92,4600
BBNK,20111012,10.16,10.6,10.16,10.53,10200
BBOX,20111012,24.45,25.22,24.45,25.02,49400
BBRG,20111012,18.39,18.41,17.95,18.4,133800
BBRY,20111012,24.11,24.74,23.65,23.88,24947400
BBSI,20111012,13.93,14.33,13.92,14.19,15500
BCBP,20111012,9.02,9.02,9.02,9.02,0
BCOM,20111012,16.2,16.2,16.2,16.2,0
BCPC,20111012,38.34,38.59,37.17,37.64,282800
BCRX,20111012,2.82,2.93,2.77,2.78,221100
BCSB,20111012,11.75,11.75,11.75,11.75,2000
BDE,20111012,7.84,8.23,7.8,8.2,64900
BDGE,20111012,19.44,19.64,19.08,19.34,22100
BDMS,20111012,18,18,16.6,17.12,5100
BDSI,20111012,1.05,1.05,0.99,1,382700
BEAT,20111012,2.92,2.97,2.81,2.85,70800
BEAV,20111012,34.47,35.1,34.17,34.51,1176400
BEBE,20111012,7.04,7.17,7.02,7.12,693600
BECN,20111012,17.05,17.38,16.81,17.22,937100
BELFA,20111012,18.72,19.36,18.72,19.01,11100
BELFB,20111012,17.56,18.14,17,18.09,42500
BERK,20111012,6.76,6.76,6.65,6.71,4500
BFIN,20111012,7.83,8.03,7.78,8,40900
BFLY,20111012,2.15,2.25,2.15,2.23,4500
BGCP,20111012,6.93,7.03,6.88,6.94,795900
BGFV,20111012,7.8,7.94,7.48,7.83,82900
BGMD,20111012,4.5,4.5,4.07,4.2,16900
BIB,20111012,30.495,30.495,29.61,29.715,2300
BICK,20111012,24.28,25.01,24.28,24.78,10700
BIDU,20111012,130.2,134.85,129.51,130.83,10930500
BIIB,20111012,99.11,101.44,98.54,98.76,1916100
BIOD,20111012,2.64,2.96,2.64,2.96,278700
BIOF,20111012,5,5.2,4.8,5.2,233600
BIOS,20111012,6.78,7.04,6.59,6.97,421300
BIRT,20111012,5.92,5.97,5.81,5.95,154000
BIS,20111012,40.5,40.5,40.5,40.5,0
BJRI,20111012,48.32,48.75,47.81,48.46,227200
BKCC,20111012,7.81,8.11,7.81,8.04,538300
BKEP,20111012,6,6.03,5.95,5.95,57900
BKMU,20111012,2.75,2.95,2.74,2.93,110900
BKOR,20111012,2.81,2.81,2.64,2.7,2100
BKSC,20111012,10.13,10.15,10.1,10.1,3300
BKYF,20111012,20.83,21.5,20.83,21.46,5500
BLDP,20111012,1.33,1.37,1.33,1.36,95500
BLDR,20111012,1.38,1.42,1.35,1.4,129900
BLIN,20111012,0.61,0.65,0.61,0.65,1200
BLKB,20111012,24.8,25.46,24.63,25.26,160400
BLMT,20111012,10.12,10.34,10.11,10.34,130600
BLRX,20111012,3.56,3.56,3.56,3.56,100
BMC,20111012,36.26,37.16,35.97,36.61,5222500
BMRC,20111012,35.55,36.25,35.55,36.05,13900
BMRN,20111012,33.67,34.06,33,33.12,770600
BMTC,20111012,17.59,18.16,17.59,17.98,23400
BNCL,20111012,8.16,8.45,8.09,8.36,86000
BNCN,20111012,6.69,6.9,6.2,6.75,32300
BNSO,20111012,1.23,1.36,1.21,1.3,5700
BOBE,20111012,30.96,31.6,30.78,31.06,200500
BOCH,20111012,3.36,3.38,3.25,3.35,6100
BODY,20111012,19.32,19.99,19.32,19.58,131100
BOFI,20111012,14.25,14.6,14.04,14.58,17400
BOKF,20111012,49.25,50.76,48.99,49.92,83200
BOLT,20111012,10.09,10.5,10.08,10.41,21000
BONA,20111012,4.33,4.65,4.33,4.5,68300
BONT,20111012,4.63,4.82,4.5,4.64,146600
BOOM,20111012,19.57,20.94,19.57,20.74,96900
BOSC,20111012,5.08,5.08,5.08,5.08,0
BPAX,20111012,14.22,14.4,13.92,14.04,1082700
BPFH,20111012,6.79,7.25,6.67,6.96,885000
BPFHW,20111012,1.92,1.92,1.92,1.92,0
BPHX,20111012,0.67,0.7,0.63,0.7,10000
BPOP,20111012,15.4,16,14.8,15.8,10961600
BPOPM,20111012,17.2,17.2,17.2,17.2,0
BPOPN,20111012,18.15,18.15,18.14,18.14,500
BRCD,20111012,4.68,4.83,4.48,4.5,17744000
BRCM,20111012,36.7,37.35,36.02,36.19,7211100
BRID,20111012,9.67,9.67,9.16,9.41,600
BRKL,20111012,8.27,8.59,8.23,8.48,325100
BRKR,20111012,13.9,14.35,13.73,13.78,384400
BRKS,20111012,8.77,9.2,8.75,9.12,305000
BRLI,20111012,19.12,19.53,19.12,19.47,195000
BSDM,20111012,3.02,3.02,2.76,2.9,157100
BSET,20111012,7.81,7.81,7.55,7.55,23100
BSFT,20111012,35.02,38.71,34.88,36.48,1339000
BSPM,20111012,2.7,2.7,2.4,2.43,78800
BSQR,20111012,4.49,4.6,4.21,4.55,16100
BSRR,20111012,10.36,10.69,10.18,10.54,29300
BSTC,20111012,15,15.29,14.98,15.17,24300
BTUI,20111012,4.27,4.27,4,4.02,4500
BUSE,20111012,4.88,5.04,4.81,5.02,207100
BVSN,20111012,10.19,10.25,9.61,10.19,30600
BWEN,20111012,3.6,4.1,3.5,3.6,872900
BWINA,20111012,24.48,24.48,24.48,24.48,600
BWINB,20111012,22.85,23.76,22.82,23.49,29400
BWLD,20111012,59.75,59.91,58.02,58.84,585800
BYFC,20111012,1.51,1.79,1.51,1.55,8600
CA,20111012,21.44,21.53,21.17,21.21,5200400
CAAS,20111012,4.96,4.99,4.75,4.86,33800
CAC,20111012,29.59,29.59,29.19,29.3,16000
CACB,20111012,6,6,5.38,5.65,14300
CACC,20111012,69.74,70.13,66.98,67.4,44100
CACH,20111012,5.05,5.1,4.97,5.1,3900
CADC,20111012,1.6,1.7,1.52,1.6,45200
CADX,20111012,6.51,6.62,6.12,6.19,524800
CAFI,20111012,1.13,1.14,1.13,1.13,1000
CAKE,20111012,26.01,26.98,25.52,26.52,1363900
CALD,20111012,5,5.12,4.99,5.05,192000
CALI,20111012,7.32,7.32,7.08,7.32,4500
CALL,20111012,11.735,11.85,10.955,11.105,110400
CALM,20111012,32.26,32.7,31.99,32.33,65100
CAMP,20111012,3.39,3.65,3.34,3.5,219700
CAMT,20111012,1.94,2,1.94,2,6400
CAR,20111012,11.73,12.25,11.54,12,2464300
CARB,20111012,13.28,14.11,12.91,14.09,81300
CART,20111012,2.97,3,2.89,3,1100
CARV,20111012,0.45,0.55,0.45,0.55,9600
CARZ,20111012,23.68,23.68,23.68,23.68,0
CASH,20111012,15.5,15.5,15.47,15.5,300
CASM,20111012,1.87,1.88,1.85,1.85,6800
CASS,20111012,36.38,37.28,36.04,37.24,24900
CASY,20111012,45.91,47.5,45.8,47.11,333200
CATM,20111012,23.46,23.91,22.85,23.01,236500
CATY,20111012,12.98,13.25,12.7,13.01,781000
CAVM,20111012,30.45,31.45,30.45,30.62,1095700
CBAK,20111012,3.75,4,3.65,3.75,51400
CBAN,20111012,2.45,2.6,2.35,2.35,6300
CBEY,20111012,7.75,7.75,7.56,7.69,133900
CBIN,20111012,9.39,9.45,9.39,9.44,900
CBLI,20111012,2.32,2.53,2.32,2.43,465400
CBMX,20111012,24.3,24.3,24.3,24.3,0
CBMXW,20111012,1.7,1.7,1.7,1.7,0
CBNJ,20111012,8.17,8.19,7.9,8.12,35500
CBNK,20111012,12.99,13.1,12.99,13.1,500
CBOE,20111012,26.29,26.48,25.94,26.19,653900
CBPO,20111012,7.04,8.2,7.04,8.15,6800
CBRL,20111012,42,42.77,41.7,42.2,193000
CBRX,20111012,2.16,2.47,2.16,2.41,669300
CBSH,20111012,37.74,39,37.62,38.56,758500
CBST,20111012,37.67,38,37.4,37.77,910400
CCBG,20111012,10.65,10.66,10.42,10.5,42300
CCCL,20111012,2.84,2.84,2.52,2.58,63500
CCIH,20111012,4.5,4.5,4.26,4.41,48500
CCIX,20111012,8.75,9.39,8.61,9.34,87300
CCMP,20111012,37.53,38.28,37.4,37.89,169800
CCNE,20111012,13.67,14.06,13.53,14.06,17600
CCOI,20111012,14.88,15.27,14.82,15.11,222700
CCRN,20111012,4.29,4.56,4.26,4.48,100600
CCUR,20111012,4.46,4.74,4.46,4.5,15100
CDNS,20111012,9.99,10.09,9.88,9.92,3163300
CDTI,20111012,3.87,3.95,3.48,3.61,372400
CDXS,20111012,4.8,4.95,4.67,4.87,130900
CDZI,20111012,8.06,8.43,8.06,8.39,20500
CECE,20111012,5.15,5.35,5.12,5.3,17100
CECO,20111012,15.79,16.7,15.72,16.46,749400
CEDU,20111012,5.75,5.8,5.55,5.69,7900
CELG,20111012,66.9,66.9,65.41,65.45,3002600
CELGZ,20111012,1.51,1.55,1.39,1.44,594800
CENT,20111012,8.24,8.46,8.2,8.38,89500
CENTA,20111012,8.61,8.89,8.49,8.61,282800
CENX,20111012,9.8,10.29,9.63,10.1,1673800
CERN,20111012,70.22,70.28,67.78,67.84,1594400
CERS,20111012,2.16,2.24,2.16,2.23,201500
CETV,20111012,9.75,10.15,9.65,9.94,650700
CEVA,20111012,26.18,27.08,25.73,26.82,183300
CFBK,20111012,4.25,4.6,4.05,4.6,300
CFFI,20111012,22.03,23.14,22.02,22.9,1800
CFFN,20111012,10.94,11.07,10.91,10.98,1174100
CFNB,20111012,16.16,16.94,16.16,16.94,2200
CFNL,20111012,9.82,10.22,9.8,10.16,83200
CGEN,20111012,4.2,4.34,4.19,4.28,21100
CGNX,20111012,29.75,31.24,29.75,30.91,232200
CHCI,20111012,0.93,0.93,0.92,0.93,13400
CHCO,20111012,28.28,29.95,28.12,29.7,116800
CHDN,20111012,42.38,43.43,42.36,43.25,32000
CHDX,20111012,10.05,10.96,10.05,10.86,65500
CHEF,20111012,13.6,13.66,13.13,13.39,112400
CHEV,20111012,8.33,8.37,8.27,8.3,600
CHFC,20111012,17.48,18.43,17.31,18.25,99000
CHFN,20111012,9.75,9.75,9.51,9.71,8200
CHKE,20111012,13.89,14.11,13.6,14.11,21800
CHKP,20111012,57.02,57.21,56.14,56.15,2713300
CHLN,20111012,1.14,1.27,1.14,1.2,106800
CHNR,20111012,10,10.28,9.99,10.28,1500
CHOP,20111012,2.98,3.08,2.67,3,179100
CHRM,20111012,7.3,8.8,7.25,7.73,83800
CHRW,20111012,72.49,73.35,72.29,72.43,1387800
CHSCP,20111012,28.7,28.99,28.65,28.9,23700
CHTP,20111012,4.36,4.46,4.3,4.44,275600
CHTR,20111012,48.64,49.48,48.64,49.08,144300
CHYR,20111012,1.92,1.97,1.88,1.88,14000
CIDM,20111012,1.25,1.3,1.18,1.24,17400
CIEN,20111012,12.24,12.25,11.27,11.9,9228500
CIMT,20111012,3.47,3.57,3.41,3.5,5500
CINF,20111012,26.66,26.85,26.39,26.52,2704900
CISG,20111012,6.06,6.16,5.98,6.07,267600
CITZ,20111012,4.61,4.61,4.61,4.61,100
CIZN,20111012,16.85,17.51,16.81,17.51,3500
CJJD,20111012,1.45,1.62,1.33,1.62,24100
CKEC,20111012,6.24,6.45,6.24,6.32,23500
CKSW,20111012,9.34,9.5,9.3,9.45,119400
CLBH,20111012,2.35,2.35,2.35,2.35,0
CLCT,20111012,14.36,14.44,14.16,14.44,22700
CLDX,20111012,2.49,2.51,2.43,2.51,168900
CLFD,20111012,5.79,5.82,5.62,5.66,28700
CLMS,20111012,11.57,11.72,11.37,11.55,157100
CLMT,20111012,17.75,17.9,17.73,17.8,538100
CLNE,20111012,11.25,11.37,11.07,11.19,624700
CLNT,20111012,0.4,0.4,0.34,0.4,24500
CLRO,20111012,5.51,5.51,5.01,5.02,25500
CLSN,20111012,3.1,3.1,2.82,2.95,653700
CLUB,20111012,7.56,7.98,7.33,7.9,93600
CLWR,20111012,1.3,1.41,1.28,1.3,10984400
CLWT,20111012,3.245,3.355,3.245,3.245,6600
CMCO,20111012,12.2,12.87,12.07,12.76,100900
CMCSA,20111012,23.17,23.82,22.96,23.6,19307700
CMCSK,20111012,22.97,23.61,22.8,23.41,3705100
CME,20111012,259.03,261.5,255.92,259.6,689900
CMLS,20111012,2.86,2.88,2.76,2.78,513800
CMSB,20111012,7.66,7.66,7.66,7.66,0
CMTL,20111012,32.2,33.05,32.11,32.4,659500
CNBC,20111012,9.6,9.75,9.44,9.74,30500
CNBKA,20111012,25.52,26.89,25.52,26.89,4500
CNET,20111012,1.11,1.2,1.09,1.12,27700
CNIT,20111012,1.03,1.06,1.01,1.04,90900
CNMD,20111012,24.56,24.89,24.32,24.66,73600
CNQR,20111012,40.62,42.4,40.54,41.6,659500
CNSL,20111012,17.63,18.13,17.52,18.03,156200
CNTF,20111012,2.18,2.25,2.07,2.21,320400
CNTY,20111012,2.51,2.75,2.51,2.7,23700
CNYD,20111012,2.89,2.94,2.61,2.64,86400
COBK,20111012,12.4,12.4,12.4,12.4,0
COBR,20111012,3.66,3.66,3.66,3.66,1100
COBZ,20111012,4.91,5,4.77,4.99,106700
COCO,20111012,1.94,2.12,1.84,1.98,1922100
COGO,20111012,2.11,2.18,2.06,2.08,60400
COHR,20111012,48.04,48.79,47.67,48.26,145900
COHU,20111012,10.62,11.24,10.57,11.21,60800
COKE,20111012,54.95,56.91,54.49,56.58,21700
COLB,20111012,16.22,16.89,15.93,16.43,206800
COLM,20111012,48.78,49.51,48.09,48.26,342600
CONN,20111012,7.86,8.09,7.68,8.06,156600
COOL,20111012,2.7,2.76,2.64,2.74,2044500
CORE,20111012,33.49,33.7,32.92,33.46,40500
CORT,20111012,3.2,3.25,3.11,3.2,247000
COSI,20111012,0.76,0.76,0.72,0.75,21200
COST,20111012,81.51,82.5,81.21,81.42,2453900
COWN,20111012,2.91,2.98,2.88,2.96,388400
CPBC,20111012,4.86,4.91,4.71,4.72,600
CPGI,20111012,0.86,0.9,0.84,0.85,36600
CPHC,20111012,8.15,8.2,7.41,7.75,8700
CPHD,20111012,39.65,40.17,38.7,39.05,642600
CPIX,20111012,5.66,5.79,5.66,5.75,13300
CPLA,20111012,28.9,29.44,28.68,28.9,417900
CPLP,20111012,6.39,6.43,6.25,6.35,278300
CPNO,20111012,29.96,30.6,29.87,30.5,183400
CPRT,20111012,21.045,21.59,20.935,21.38,553600
CPRX,20111012,1.42,1.44,1.36,1.36,17900
CPSI,20111012,69.46,70.19,68.08,68.74,75300
CPSL,20111012,5.88,6.96,5.88,6.12,164800
CPSS,20111012,0.95,0.98,0.93,0.93,10400
CPST,20111012,1.08,1.1,1.07,1.1,1410600
CPTS,20111012,10.6,10.67,10.45,10.48,129800
CPWR,20111012,8.49,8.54,8.3,8.31,1591800
CRAI,20111012,21.3,22.43,21.23,22.32,25800
CRAY,20111012,6.22,6.3,6.17,6.25,167000
CRDC,20111012,2,2.04,1.98,1.98,47900
CRDS,20111012,4.85,4.86,4.51,4.75,33900
CREE,20111012,27.98,29.03,27.78,28.51,2803700
CREG,20111012,1.18,1.23,1.1,1.23,16300
CRESW,20111012,0.11,0.12,0.11,0.12,6600
CRESY,20111012,11.36,11.81,11.36,11.61,90100
CRFN,20111012,2.7,2.75,2.7,2.75,6000
CRIS,20111012,3.31,3.37,3.21,3.33,246700
CRMB,20111012,4,4.01,3.9,3.9,2200
CRMBW,20111012,0.2,0.32,0.2,0.32,2500
CRME,20111012,17.1,17.35,16.8,17,174100
CRMT,20111012,30.76,31.4,30.37,31.23,22500
CRNT,20111012,10.32,10.38,10.02,10.11,129100
CROX,20111012,26.88,27.33,26.25,26.33,2040400
CRRB,20111012,2.77,3.15,2.56,3.15,900
CRRC,20111012,7.23,7.8,7.14,7.31,34900
CRTX,20111012,7.42,7.42,6.57,6.98,47100
CRUS,20111012,17.05,17.27,16.99,17.09,2194100
CRVL,20111012,48.47,48.97,47.8,48.32,22200
CRWN,20111012,1.4,1.47,1.37,1.47,96500
CRWS,20111012,3.58,3.58,3.58,3.58,0
CRZO,20111012,22.44,23.24,22.2,22.67,1554900
CSBK,20111012,10.29,10.55,10.21,10.5,13200
CSCD,20111012,3.5,3.99,3.5,3.61,44200
CSCO,20111012,17.13,17.4,17.01,17.25,70257800
CSFL,20111012,5.63,5.71,5.49,5.65,100200
CSGP,20111012,53.51,54.73,53.26,54.32,87300
CSGS,20111012,13.67,14.02,13.62,13.92,268600
CSII,20111012,8.1,8.64,8,8.4,354300
CSIQ,20111012,3.64,3.83,3.46,3.6,1051700
CSOD,20111012,15,15.1,14.7,14.99,81800
CSPI,20111012,3.52,3.57,3.45,3.57,1500
CSRE,20111012,11.63,11.67,10.62,11.43,33300
CSTR,20111012,50.71,52.52,50.23,51.39,1977500
CSUN,20111012,1.15,1.19,1.13,1.15,157500
CSWC,20111012,82,82.1,80.7,82.1,5000
CTAS,20111012,29.04,29.5,28.88,29.4,1699000
CTBI,20111012,25.3,26,25.3,25.86,82000
CTCH,20111012,3.24,3.29,3.19,3.29,1100
CTCM,20111012,11.4,12.15,11.4,12,877700
CTCT,20111012,18.62,19.07,18.17,18.58,357000
CTGX,20111012,11.57,11.98,11.37,11.75,46300
CTHR,20111012,2,2.01,1.91,1.96,37000
CTIB,20111012,4.28,4.28,4.28,4.28,0
CTIC,20111012,5.7,5.95,5.65,5.95,1757700
CTRN,20111012,12.61,12.94,12.38,12.74,59900
CTRP,20111012,35.42,36.33,34.45,35.28,2128600
CTRX,20111012,28.97,29.98,28.97,29.195,299100
CTSH,20111012,69.74,73.45,69.57,71.26,6271400
CTWS,20111012,27.06,27.16,26.78,26.98,28200
CTXS,20111012,62.5,63.64,61.95,62.12,4129900
CU,20111012,30.8,31.5,30.71,31.1,22000
CUBA,20111012,6.2,6.32,6.2,6.31,11000
CUTR,20111012,7.11,7.25,7.01,7.17,28200
CVBF,20111012,8.6,8.9,8.55,8.76,850300
CVCO,20111012,36.97,37.25,36.42,36.89,26500
CVCY,20111012,5.45,5.45,5.45,5.45,1400
CVGI,20111012,9.17,9.35,8.87,9.17,233300
CVGW,20111012,19.93,20.01,19.58,19.79,68800
CVLT,20111012,40.99,41.45,39.91,40.83,312200
CVLY,20111012,8.85,8.85,8.85,8.85,0
CVTI,20111012,3.33,3.41,3.19,3.35,73700
CVV,20111012,16.5,16.81,15.75,16.19,121900
CWBC,20111012,2.39,2.39,2.39,2.39,0
CWCO,20111012,8.73,9,8.71,8.96,62700
CWEI,20111012,53,56.26,51.18,53.92,139200
CWST,20111012,5.88,5.93,5.77,5.92,88100
CWTR,20111012,4.68,4.8,4.56,4.68,512000
CXDC,20111012,4.14,4.29,4.11,4.25,63300
CXPO,20111012,2.66,2.66,2.59,2.62,72200
CY,20111012,15.98,16.27,15.79,15.9,2531700
CYAN,20111012,3.89,4.19,3.89,4.19,8800
CYBE,20111012,7.45,7.88,7.45,7.68,18000
CYBX,20111012,28.44,28.67,27.92,28.02,161100
CYCC,20111012,3.08,3.36,3.08,3.22,400400
CYCCP,20111012,2.9,3.3,2.9,3.3,4100
CYMI,20111012,43.89,45.49,43.88,44.96,231100
CYNO,20111012,12.1,12.21,11.78,12,58700
CYOU,20111012,33.84,33.84,29.97,31.27,523500
CYTK,20111012,1.14,1.22,1.13,1.22,108500
CYTR,20111012,2.31,2.31,2.24,2.31,564400
CYTX,20111012,2.9,3.09,2.86,3.01,319900
CYTXW,20111012,1.5,1.6,1.07,1.55,12300
CZFC,20111012,6.35,6.35,6.34,6.34,500
CZNC,20111012,15.5,15.75,15.21,15.75,18800
CZWI,20111012,4.96,5.05,4.96,5.05,20000
DAEG,20111012,1.98,2.08,1.98,2.08,1300
DAIO,20111012,4.1,4.3,4.1,4.3,9500
DAKT,20111012,9.4,9.64,9.39,9.58,133000
DARA,20111012,1.59,1.64,1.55,1.56,45700
DATE,20111012,8.97,9.75,8.95,9.31,116900
DAVE,20111012,8.02,8.22,7.95,7.99,25400
DBLE,20111012,7.31,7.48,7.22,7.39,93600
DBLEP,20111012,25,25.35,24.98,25.35,4200
DCIX,20111012,5.05,5.19,5.04,5.15,96800
DCOM,20111012,11.49,11.79,11.41,11.68,113100
DCTH,20111012,3.51,3.59,3.36,3.43,432300
DECK,20111012,105.6,109.9,104.3,105.21,1777900
DELL,20111012,16.28,16.39,16.13,16.24,17460800
DENN,20111012,3.83,3.87,3.73,3.79,1094600
DEPO,20111012,6.13,6.21,5.99,6.06,412600
DEST,20111012,15,15.21,14.7,15.11,79600
DFZ,20111012,10.69,10.95,10.53,10.79,19500
DGAS,20111012,14.25,14.695,14.18,14.575,11700
DGICA,20111012,12.28,13.16,12.28,13.11,24500
DGICB,20111012,14.97,14.97,14.97,14.97,0
DGII,20111012,13.7,13.79,13.44,13.58,111200
DGIT,20111012,18.55,19.18,18.3,18.83,273500
DGLY,20111012,0.81,0.87,0.8,0.87,18900
DHIL,20111012,74.99,76.05,74.99,75.95,6500
DHRM,20111012,1.7,1.74,1.7,1.7,2300
DIOD,20111012,18.95,19.2,18.72,18.8,334800
DISCA,20111012,40.48,40.92,40.2,40.63,1443800
DISCB,20111012,37.66,37.66,37.66,37.66,0
DISCK,20111012,38.34,38.9,38.14,38.33,328700
DISH,20111012,27.7,28.47,27.59,27.63,2422000
DJCO,20111012,67.2,67.2,67.2,67.2,300
DLGC,20111012,11.1,11.1,10.5,10.9,16800
DLIA,20111012,1.38,1.43,1.35,1.36,27800
DLLR,20111012,21.76,22.17,21.53,21.99,323800
DLTR,20111012,40.445,40.59,39.805,40,1352100
DMLP,20111012,24.99,25.2,24.69,24.9,60200
DMND,20111012,76.71,76.71,70.31,71.3,1140600
DMRC,20111012,25.61,27.87,25.6,27.73,35000
DNBF,20111012,9.78,9.8,9.78,9.8,1700
DNDN,20111012,9.04,9.22,8.93,9,3057600
DNKN,20111012,27.01,27.42,26.87,27.14,324100
DORM,20111012,18.95,19.34,18.67,19.14,29500
DOVR,20111012,3.55,3.69,3.54,3.55,2100
DRAD,20111012,2.11,2.25,2.11,2.23,21200
DRAM,20111012,7.62,7.62,7.62,7.62,200
DRCO,20111012,9.16,9.55,9.16,9.48,34500
DRIV,20111012,21.61,21.63,21.3,21.37,375100
DRRX,20111012,1.51,1.57,1.45,1.51,408400
DRWI,20111012,3.26,3.4,3.21,3.37,208700
DRYS,20111012,2.5,2.67,2.48,2.59,8642000
DSCI,20111012,7.98,8.11,7.93,8.04,46500
DSCO,20111012,1.91,1.92,1.85,1.88,118700
DSGX,20111012,6.25,6.43,6.2,6.38,17500
DSPG,20111012,5.97,6.04,5.82,5.86,104500
DSWL,20111012,2.42,2.45,2.39,2.39,13100
DTLK,20111012,8.8,9.28,8.55,8.64,382800
DTSI,20111012,27.27,27.35,26.75,26.95,108900
DTV,20111012,46,47.04,45.94,46.62,5668400
DVAX,20111012,2.19,2.25,2.13,2.24,680800
DVOX,20111012,3.22,3.43,3.17,3.32,96800
DWA,20111012,17.82,18.65,17.78,18.3,1000200
DWCH,20111012,5.23,5.25,5.2,5.2,1000
DWSN,20111012,28.59,28.85,27.57,28.24,59900
DXCM,20111012,11.58,11.79,11.22,11.29,499200
DXPE,20111012,20.35,20.98,20.35,20.72,51400
DXYN,20111012,2.87,2.92,2.85,2.85,4900
DYAX,20111012,1.26,1.33,1.26,1.3,346200
DYNT,20111012,3.25,3.75,3.25,3.6,264600
DYSL,20111012,2.44,2.5,2.44,2.5,2200
EBAY,20111012,33.25,33.66,32.71,32.75,13975900
EBIX,20111012,15.7,16.59,15.67,16.42,427500
EBMT,20111012,10.45,10.45,10.45,10.45,0
EBSB,20111012,11.96,12.5,11.96,12.5,10700
EBTC,20111012,13.76,13.98,13.5,13.98,8600
ECHO,20111012,13.15,13.8,13.15,13.64,141700
ECOL,20111012,16.08,16.91,15.91,16.68,68200
ECPG,20111012,26.63,27,26.18,26.29,125400
ECTE,20111012,3.15,3.19,3.01,3.04,64900
ECTY,20111012,1.86,1.9,1.81,1.87,15400
ECYT,20111012,10.84,11,10.84,10.9,42100
EDAC,20111012,7.29,7.88,7.27,7.65,22600
EDAP,20111012,1.8,1.95,1.8,1.89,93200
EDGW,20111012,2.64,2.71,2.64,2.71,2400
EDMC,20111012,17.48,19.93,16.81,19.74,246400
EDS,20111012,3.7,3.75,3.55,3.58,12600
EDUC,20111012,5.42,5.42,5.32,5.32,400
EEFT,20111012,16.79,17.44,16.65,17.17,711300
EEI,20111012,15.48,15.48,14.76,15.34,2400
EFII,20111012,15.41,15.66,15.25,15.45,214100
EFSC,20111012,14.33,14.49,14.22,14.4,42900
EFUT,20111012,3.3,3.37,3.2,3.2,3400
EGAN,20111012,5.5,6.4,5.45,5.99,204500
EGBN,20111012,12.85,13.36,12.83,13.22,70800
EGHT,20111012,4.27,4.47,4.27,4.38,544500
EGLE,20111012,6.2,6.68,6.08,6.6,1058500
EGOV,20111012,12.04,12.06,11.87,11.97,252700
EHTH,20111012,14.23,14.32,14.07,14.18,91800
EIHI,20111012,13.15,13.19,13.15,13.15,2400
ELGX,20111012,11.31,11.44,11.13,11.28,477100
ELNK,20111012,6.68,6.68,6.52,6.56,3038400
ELON,20111012,7.03,7.43,6.98,7.36,207400
ELOS,20111012,9.83,10,9.82,9.95,52700
ELRC,20111012,14.39,14.85,14.39,14.76,45000
ELSE,20111012,3.77,3.82,3.7,3.82,6300
ELTK,20111012,1.08,1.1,1.08,1.1,1200
EMCF,20111012,15.5,15.5,15.5,15.5,0
EMCI,20111012,19.18,19.79,19.18,19.55,13200
EMFN,20111012,22.63,22.63,22.63,22.63,545800
EMIF,20111012,27.97,28.41,27.81,28.41,13400
EMITF,20111012,2.63,2.77,2.63,2.72,1300
EMKR,20111012,4.4,4.44,4.24,4.32,602100
EMMS,20111012,0.65,0.7,0.63,0.66,185600
EMMSP,20111012,13.95,13.95,13.95,13.95,200
EMMT,20111012,20.9,21.25,20.89,20.93,6400
ENDP,20111012,29.52,29.78,29.11,29.14,1343400
ENG,20111012,2.41,2.46,2.35,2.38,49800
ENMD,20111012,1.87,1.95,1.8,1.8,27700
ENOC,20111012,9.68,9.89,9.54,9.79,271600
ENSG,20111012,22.41,22.65,22.24,22.56,119100
ENTG,20111012,7.52,8,7.5,7.9,1469200
ENTR,20111012,4.96,5.1,4.89,5.02,1521100
ENZN,20111012,7.47,7.71,7.47,7.63,200600
EONC,20111012,1.4,1.4,1.4,1.4,2000
EPAX,20111012,5.82,6,5.82,5.99,80500
EPAY,20111012,22,22.77,21.73,22.55,147000
EPIQ,20111012,13.12,13.26,13.05,13.12,145900
EQIX,20111012,94.86,95.8,94.45,94.87,584500
ERIC,20111012,10.62,10.72,10.46,10.47,4460700
ERIE,20111012,73.87,74.47,73.65,74.29,42800
ERII,20111012,2.94,3,2.87,2.91,302300
EROC,20111012,9.9,9.9,9.67,9.85,178200
ESBF,20111012,13.1,13.29,12.41,13.23,30800
ESBK,20111012,16.19,16.19,16.19,16.19,100
ESCA,20111012,4.95,5,4.95,5,5000
ESEA,20111012,3.27,3.27,3.01,3.17,79100
ESGR,20111012,99.58,100.13,98.51,99,17200
ESIO,20111012,12.91,13.5,12.81,13.36,129800
ESLT,20111012,44.17,44.48,43.43,43.66,4600
ESMC,20111012,1.05,1.1,1.05,1.05,4200
ESRX,20111012,41.14,41.46,40.43,40.48,6075400
ESSA,20111012,11.29,11.29,11,11.27,34300
ESSX,20111012,3.14,3.25,3.1,3.16,27600
ESYS,20111012,4.45,4.9,4.21,4.21,13000
ETFC,20111012,9.41,10.14,9.3,9.82,7849100
ETRM,20111012,1.76,1.82,1.75,1.78,59900
EUFN,20111012,17.28,17.3,17.03,17.03,30800
EVBS,20111012,2.07,2.09,2.01,2.05,1300
EVEP,20111012,71.68,72.87,70.81,71.81,292500
EVOL,20111012,6.99,7,6.85,6.99,24100
EWBC,20111012,16.3,16.71,16.19,16.41,1599500
EXAC,20111012,14.33,15,14.33,15,12000
EXAR,20111012,6.14,6.27,6.08,6.22,128100
EXAS,20111012,7.95,8.15,7.9,8.06,1058700
EXEL,20111012,5.7,5.77,5.55,5.67,1018500
EXFO,20111012,5.59,5.78,5.36,5.76,328600
EXLP,20111012,20.74,21.46,20.74,20.96,144600
EXLS,20111012,24.18,25.23,24.18,24.94,185300
EXPD,20111012,44.83,44.88,44.06,44.2,2398400
EXPE,20111012,28.43,28.6,27.99,28.23,5565200
EXPO,20111012,44.73,45.22,44.52,45.06,39500
EXTR,20111012,2.9,3.03,2.9,3.01,417300
EXXI,20111012,25.63,26.57,25.63,25.81,1033200
EZCH,20111012,34.32,35.09,34.27,34.43,215900
EZPW,20111012,30.5,31.04,30.16,30.8,524700
FABK,20111012,13,13,13,13,0
FALC,20111012,3.11,3.17,3.1,3.15,125300
FARM,20111012,5.7,6.37,5.69,6.1,132900
FARO,20111012,36.46,38.83,36.21,38.5,131800
FAST,20111012,35,35.26,34.59,34.62,4615200
FBIZ,20111012,14.93,15.14,14.93,15.14,600
FBMI,20111012,4.68,4.9,4.66,4.77,5200
FBMS,20111012,8.16,8.24,8.15,8.24,300
FBNC,20111012,11.16,11.78,11.1,11.72,45400
FBNK,20111012,11.38,11.4,11.31,11.4,51300
FBRC,20111012,10,10.48,10,10.16,195400
FBSS,20111012,11.68,11.7,11.38,11.38,2800
FCAL,20111012,3.02,3.04,2.97,3.01,5700
FCAP,20111012,18.84,18.84,18.8,18.8,300
FCBC,20111012,10.72,11.61,10.65,11.46,46800
FCCO,20111012,5.58,5.76,5.58,5.63,1800
FCCY,20111012,6.07,6.07,6.07,6.07,0
FCEL,20111012,1,1.05,1,1.04,1340000
FCFC,20111012,6.21,6.25,6,6,1000
FCFS,20111012,43.93,44.94,43.31,44.16,351100
FCHI,20111012,40.71,41.62,40.71,41.18,5800
FCLF,20111012,6.44,6.44,6.44,6.44,0
FCNCA,20111012,152.35,157.91,152.35,157.5,6600
FCTY,20111012,3.36,3.36,3.36,3.36,100
FCVA,20111012,2.54,2.54,2.3,2.3,3900
FCZA,20111012,3.3,3.57,3.3,3.57,900
FDEF,20111012,14.26,14.39,14.11,14.39,14200
FDML,20111012,18.27,19.28,18.22,18.92,124800
FDUS,20111012,13.22,13.22,12.81,13.15,14200
FEFN,20111012,21.64,21.64,21.64,21.64,0
FEIC,20111012,30.72,31.49,30.6,31.25,555800
FEIM,20111012,9.17,9.99,8.83,9.75,15900
FELE,20111012,20.095,20.69,19.985,20.48,66300
FES,20111012,5.25,5.79,5.25,5.6,24400
FFBC,20111012,15.93,16.5,15.76,16.27,349000
FFBCW,20111012,4.44,4.48,4.44,4.48,300
FFBH,20111012,5.26,5.26,5.25,5.25,6600
FFCH,20111012,5.3,5.57,5.26,5.46,82400
FFCO,20111012,13.4,13.5,13.35,13.5,1100
FFEX,20111012,1.63,1.74,1.39,1.55,43000
FFHL,20111012,2.23,2.29,2.18,2.26,14300
FFIC,20111012,12.24,12.34,12.01,12.19,105100
FFIN,20111012,28.57,29.77,28.24,29.25,110600
FFIV,20111012,88.68,88.9,86.45,87.8,2313000
FFKT,20111012,4.31,4.36,4.16,4.16,2800
FFKY,20111012,2.22,2.22,1.59,1.59,8800
FFN,20111012,2.08,2.16,1.97,2,142100
FFNM,20111012,3.52,3.52,3.4,3.52,700
FFNW,20111012,5.64,5.69,5.32,5.54,42900
FHCO,20111012,4.47,4.68,4.46,4.56,59900
FIBK,20111012,11.4,11.84,11.36,11.66,59400
FINL,20111012,21.26,21.5,20.72,20.81,1032400
FIRE,20111012,27.47,28.1,27.39,27.63,297700
FISI,20111012,15.54,15.54,15.29,15.52,46800
FISV,20111012,55.29,56.64,55.29,56.31,1453600
FITB,20111012,11.02,11.7,10.99,11.51,23973800
FITBP,20111012,137.2,140.11,133.03,140.11,30900
FIZZ,20111012,16.14,16.36,16.06,16.24,37400
FLDM,20111012,14.25,14.46,14.13,14.33,49600
FLEX,20111012,6.39,6.4,6.28,6.34,2926000
FLIC,20111012,24.28,24.96,24.07,24.96,21400
FLIR,20111012,26.48,27.37,26.34,26.97,1714200
FLML,20111012,5,5.07,4.79,4.84,117000
FLOW,20111012,2.17,2.43,2.17,2.43,256000
FLWS,20111012,2.47,2.62,2.47,2.57,263400
FLXS,20111012,13.63,13.85,13.5,13.66,3000
FMBI,20111012,8.57,8.91,8.45,8.74,574600
FMCN,20111012,24.58,26.68,24.27,25.88,4921200
FMER,20111012,12.79,13.09,12.65,12.85,1357700
FMFC,20111012,3.18,3.18,3.18,3.18,200
FMNB,20111012,4.67,4.67,4.5,4.5,1500
FNBN,20111012,0.34,0.43,0.33,0.38,61500
FNFG,20111012,9.51,9.62,9.43,9.53,6174200
FNGN,20111012,18.5,20.29,18.23,20.12,652600
FNLC,20111012,12.6,12.89,12.57,12.76,20000
FNSR,20111012,19.68,19.75,18.68,18.91,4484400
FOLD,20111012,4.08,4.28,3.99,4.15,56600
FONE,20111012,24.76,24.82,24.68,24.74,1000
FONR,20111012,1.75,1.8,1.58,1.63,56800
FORD,20111012,2.09,2.12,2.03,2.05,8400
FORM,20111012,6.59,6.74,6.46,6.54,777700
FORR,20111012,33.72,35.2,33.69,34.9,61800
FORTY,20111012,13.66,14.4,13.6,13.72,2200
FOSL,20111012,92.13,95.59,91.35,92.19,1361500
FRAN,20111012,20.04,21.07,19.41,20.97,167400
FRBK,20111012,1.51,1.51,1.4,1.41,14300
FRED,20111012,11.31,11.73,11.21,11.61,291200
FREE,20111012,8.9,9.2,7.8,9.1,7000
FRME,20111012,7.87,7.91,7.8,7.91,82600
FRNK,20111012,11.34,11.6,11.22,11.57,44300
FRP,20111012,5.88,6.19,5.44,6.01,159600
FSBK,20111012,3.75,3.84,3.75,3.84,3300
FSCI,20111012,26.56,28.66,26.56,28.32,50500
FSFG,20111012,15.93,15.97,15.5,15.97,700
FSLR,20111012,53.57,57.95,53.05,57.08,4076400
FSRV,20111012,26.23,27.2,26.12,26.97,32100
FSTR,20111012,23.91,24.79,23.81,24.65,51100
FSYS,20111012,21.36,22.22,21.21,21.87,236100
FTEK,20111012,5.79,5.91,5.61,5.85,147400
FTNT,20111012,18.25,18.55,17.65,17.72,2138200
FUBC,20111012,5.38,5.39,5,5.23,150900
FULL,20111012,6.88,6.88,6.68,6.88,20000
FULT,20111012,8.5,8.84,8.39,8.64,1147400
FUNC,20111012,3.56,3.56,3.56,3.56,0
FUND,20111012,6.42,6.58,6.42,6.55,29400
FURX,20111012,13.51,13.51,13.33,13.45,75100
FWLT,20111012,20.5,21.5,20.5,21.06,1915200
FWRD,20111012,29.81,29.81,29.18,29.34,161800
FXCB,20111012,12.81,13,12.77,12.95,73300
FXEN,20111012,4.81,5.09,4.7,5,402600
GABC,20111012,17.04,17.23,16.75,17.13,26900
GAGA,20111012,4.51,4.7,4.3,4.4,39400
GAI,20111012,3.32,3.69,3.29,3.29,600
GAIA,20111012,3.69,3.8,3.57,3.71,6400
GAIN,20111012,7.07,7.24,7.03,7.22,71100
GAME,20111012,4.29,4.61,4.28,4.55,886200
GASS,20111012,3.99,4.05,3.92,4.01,37800
GBCI,20111012,11.06,11.33,10.91,11.17,817900
GBDC,20111012,15.06,15.26,15.01,15.21,33300
GBLI,20111012,18.67,18.99,18.24,18.99,24300
GBNK,20111012,1.22,1.22,1.2,1.21,15400
GCBC,20111012,18.54,18.54,18.54,18.54,0
GCFB,20111012,2.52,2.52,2.19,2.45,5800
GCOM,20111012,14.04,14.15,13.77,13.85,81500
GCVRZ,20111012,1.01,1.02,0.98,1.01,1700900
GENC,20111012,7.09,7.16,7.08,7.13,5600
GENE,20111012,4.76,4.84,4.56,4.72,58800
GENT,20111012,6.13,6.49,6.11,6.24,28000
GERN,20111012,2.36,2.38,2.28,2.31,1364700
GEVO,20111012,8.38,8.65,7.97,8.15,68900
GFED,20111012,4.5,4.5,4.5,4.5,1000
GFN,20111012,2.59,2.64,2.59,2.64,1300
GFNCL,20111012,3.5,3.5,3.5,3.5,0
GGAL,20111012,8.66,9.19,8.66,8.99,311000
GHDX,20111012,22.97,23.72,22.97,23.52,91300
GIFI,20111012,26.38,26.61,25.95,26.04,72300
GIGA,20111012,1.34,1.34,1.26,1.26,3500
GIGM,20111012,1,1.02,0.93,0.99,275200
GIII,20111012,27.16,27.68,26.91,27.13,296900
GILD,20111012,20.09,20.33,19.865,20.145,6305400
GILT,20111012,3.3,3.32,3.25,3.3,52200
GIVN,20111012,16.25,16.62,16.08,16.16,30100
GKNT,20111012,18.5,19.55,18.5,19.47,20700
GLAD,20111012,7.08,7.49,7.03,7.45,147600
GLBS,20111012,5.07,5.08,4.65,4.95,33100
GLBZ,20111012,7.85,7.85,7.85,7.85,0
GLCH,20111012,1.26,1.28,1.24,1.28,140500
GLDC,20111012,3.36,3.36,3.36,3.36,300
GLDD,20111012,4.99,5.06,4.82,5,533500
GLNG,20111012,34.24,34.91,33.9,34.34,419100
GLPW,20111012,24.97,24.97,24.56,24.75,45200
GLRE,20111012,21.92,22.09,21.8,21.96,198500
GLUU,20111012,2.55,2.96,2.54,2.66,2146900
GMAN,20111012,13.36,13.42,12.72,12.9,42500
GMCR,20111012,94.65,94.65,87.24,89.9,7415200
GMETP,20111012,8.25,8.25,8.25,8.25,0
GMLP,20111012,25.77,26.12,25.44,25.88,337400
GNCMA,20111012,8.58,9.4,8.5,9.23,175500
GNMK,20111012,5.49,5.72,5.39,5.6,14900
GNTX,20111012,27.12,27.62,26.92,27,652500
GNVC,20111012,2.99,2.99,2.92,2.96,28800
GOLD,20111012,103.73,104.53,102.34,103.21,472400
GOOD,20111012,16.09,16.52,16.02,16.41,40100
GOODO,20111012,23.58,23.73,23.58,23.73,700
GOODP,20111012,24.66,24.67,24.6,24.65,1300
GOOG,20111012,548.13,555.23,544.63,548.5,3178000
GPIC,20111012,6.4,6.45,6.31,6.45,3600
GPOR,20111012,27.23,28,26.7,26.84,981300
GPRC,20111012,2.26,2.38,2.22,2.22,27600
GPRE,20111012,9.89,9.89,9.55,9.66,220000
GRFS,20111012,12.98,13.02,12.6,12.7,1136600
GRID,20111012,26.28,26.5,26.25,26.43,2000
GRIF,20111012,26.38,26.62,25.82,26,6300
GRMN,20111012,33.95,34.03,33.4,33.47,1555500
GROW,20111012,6.1,6.31,6.1,6.31,24900
GRVY,20111012,1.3,1.3,1.24,1.25,16400
GSBC,20111012,18.96,19.44,18.83,19.44,23000
GSIG,20111012,8.19,8.97,8.19,8.75,198900
GSIT,20111012,5.07,5.1,5.04,5.04,54300
GSJK,20111012,14.88,15.56,14.88,15.05,4200
GSM,20111012,16.34,17.01,16.25,16.71,1147800
GSOL,20111012,6.55,7.05,6.53,6.97,87700
GSVC,20111012,13.98,14,13.68,13.73,33400
GTAT,20111012,7.18,7.76,7.05,7.55,4520200
GTIM,20111012,1.5,1.51,1.4,1.42,2800
GTIV,20111012,3.9,5.35,3.78,4.5,3793900
GTLS,20111012,50.25,52.11,50.01,51.17,798400
GTXI,20111012,3.56,3.56,3.33,3.4,176700
GUID,20111012,6.21,6.36,6.14,6.35,24300
GULF,20111012,14.64,14.87,14.62,14.8,8600
GURE,20111012,2.31,2.39,2.27,2.36,288100
GYRO,20111012,57,57.03,56,57.03,600
HA,20111012,4.52,4.72,4.46,4.71,948700
HAFC,20111012,0.98,1.04,0.95,1.03,1140400
HAIN,20111012,30.96,31.29,30.61,30.73,357400
HALL,20111012,8.07,8.18,7.87,8.12,44500
HALO,20111012,6.33,6.36,6.21,6.27,308600
HAS,20111012,34.99,35.22,34.45,34.84,2672200
HAST,20111012,2.13,2.13,2.05,2.1,25400
HAUP,20111012,1.18,1.37,1.1,1.24,27400
HAYN,20111012,54.26,56.14,53.57,54.94,113800
HBAN,20111012,5.32,5.59,5.3,5.42,13068900
HBANP,20111012,1069.89,1070,1065,1065,100
HBCP,20111012,14.02,14.38,14.02,14.11,500
HBHC,20111012,29.14,30.11,28.98,29.57,468000
HBIO,20111012,4.9,5,4.88,4.95,72800
HBNC,20111012,11.4622,11.4667,10.7778,11.24,4900
HBNK,20111012,13.1,13.1,12.75,12.75,34600
HBOS,20111012,10.69,10.88,10.64,10.64,5300
HCBK,20111012,6,6.15,5.92,6.05,4994900
HCCI,20111012,17.33,17.47,17.25,17.38,7200
HCIIP,20111012,8.97,9,8.97,9,2000
HCKT,20111012,3.78,4,3.75,4,89500
HCOM,20111012,14.81,16.03,14.8,15,10300
HCSG,20111012,17.56,18.09,17.27,17.76,742200
HDNG,20111012,7.94,8.42,7.9,8.22,10900
HDSN,20111012,1.13,1.17,1.1,1.17,10500
HEES,20111012,9.38,9.56,9.24,9.31,133200
HELE,20111012,26.87,27.3,26.3,26.46,320200
HEOP,20111012,3.17,3.3,3.1,3.3,9600
HERO,20111012,3.25,3.35,3.16,3.21,3952600
HFBC,20111012,5.56,5.6,5.53,5.55,2800
HFBL,20111012,12.9,12.9,12.9,12.9,300
HFFC,20111012,8.75,9,8.75,8.9,279600
HFWA,20111012,12.28,12.95,11.71,12.9,66500
HGSH,20111012,1.1,1.1,0.97,0.97,8600
HIBB,20111012,38,38.57,37.25,38.31,424600
HIFS,20111012,47.5,47.5,46.6,46.7,400
HIHO,20111012,2.45,2.68,2.45,2.5,7400
HILL,20111012,1.55,1.71,1.55,1.71,134600
HIMX,20111012,1.11,1.12,1.1,1.1,302300
HITK,20111012,32.9,33.69,32.9,33.34,96500
HITT,20111012,51.97,52.39,51.56,52.06,269100
HLIT,20111012,4.7,4.8,4.65,4.79,725500
HMIN,20111012,30.46,32.41,30.17,31.62,801500
HMNF,20111012,1.82,1.92,1.82,1.91,7800
HMNY,20111012,1,1,1,1,0
HMPR,20111012,5.26,5.36,4.76,4.92,43900
HMSY,20111012,25.22,25.65,25.08,25.15,423300
HNH,20111012,10.99,11.51,10.91,11.51,17700
HNRG,20111012,9.01,9.23,9,9.09,5700
HNSN,20111012,3.19,3.34,3.13,3.14,512000
HOFT,20111012,10.39,10.43,10.2,10.3,14000
HOGS,20111012,6.9,8.18,6.88,7.95,690300
HOLI,20111012,6.1,6.4,6.04,6.34,485100
HOLL,20111012,1.41,1.45,1.36,1.4,8000
HOLX,20111012,15.65,16.06,15.19,15.41,4313600
HOMB,20111012,22.08,22.85,22.08,22.68,158500
HOME,20111012,9.2,9.78,9.06,9.62,60800
HOTT,20111012,7.89,8.05,7.87,7.95,797700
HOVNP,20111012,1.78,1.8,1.65,1.7,7800
HPCCP,20111012,25.55,25.85,25.55,25.57,1300
HPJ,20111012,1.29,1.29,1.23,1.23,11400
HPOL,20111012,0.51,0.63,0.45,0.59,172600
HRZN,20111012,14.87,14.9,14.28,14.59,22000
HSIC,20111012,64.7,65.11,63.85,64.2,802200
HSII,20111012,17.07,17.88,16.82,17.15,298900
HSKA,20111012,7.81,8.24,7.57,8.22,6500
HSNI,20111012,34.7,35,33.85,34.05,517800
HSOL,20111012,2.01,2.22,1.92,2.21,951400
HSTM,20111012,13.2,13.63,12.86,13.33,81000
HTBK,20111012,4.2,4.4,4.2,4.39,57500
HTCH,20111012,1.86,1.89,1.81,1.83,193000
HTCO,20111012,10.54,10.7,10.5,10.7,41100
HTHT,20111012,13.81,14.02,13.64,14,133400
HTLD,20111012,14.6,14.69,14.52,14.55,1046800
HTLF,20111012,16.15,16.37,15.93,16.33,26000
HTWR,20111012,67.09,67.09,63.95,64.29,106900
HUBG,20111012,30.45,31.56,30.45,31.37,363100
HURC,20111012,24.51,25.2,24.5,24.96,44100
HURN,20111012,34.08,35.17,33.63,34.69,218200
HWAY,20111012,10.45,10.79,10.35,10.68,260000
HWBK,20111012,6.75,6.75,6.45,6.45,3500
HWCC,20111012,10.79,11.23,10.74,11.12,127700
HWKN,20111012,35.57,36.59,35.27,36,68700
HYGS,20111012,5.65,5.95,5.57,5.95,4100
HZNP,20111012,4.9,5.07,4.63,4.83,40900
IACI,20111012,41.85,42,40.22,40.63,1601900
IART,20111012,37.31,38.08,36.92,37.94,289300
IBB,20111012,97.29,97.29,95.38,95.48,562500
IBCA,20111012,2.86,2.9,2.7,2.9,10800
IBCP,20111012,1.85,1.85,1.8,1.83,9500
IBCPO,20111012,13,13.88,13,13.88,1700
IBKC,20111012,49.61,50.39,49.23,49.5,281300
IBKR,20111012,13.87,14.07,13.76,13.97,631500
IBOC,20111012,16.23,16.87,16.2,16.64,316900
ICAD,20111012,0.56,0.6,0.5,0.55,164400
ICCC,20111012,5.6,5.75,5.6,5.75,400
ICFI,20111012,20.74,21.65,20.65,21.5,68100
ICGE,20111012,10.33,10.57,10.15,10.45,100100
ICLN,20111012,9.63,9.79,9.63,9.68,21300
ICLR,20111012,15.43,15.84,15.22,15.5,679700
ICON,20111012,16.82,17.25,16.64,16.86,1175900
ICUI,20111012,39.39,40,39.32,39.77,60900
IDCC,20111012,52.04,52.09,47.89,48.46,1881200
IDIX,20111012,4.86,4.98,4.76,4.86,242600
IDRA,20111012,1.14,1.14,1.14,1.14,200
IDSA,20111012,6.39,6.72,6.31,6.5,18800
IDSY,20111012,4.53,4.94,4.5,4.71,18800
IDTI,20111012,5.61,5.74,5.56,5.64,1321700
IDXX,20111012,71.73,73.11,71.59,71.72,241000
IESC,20111012,2.15,2.22,2.1,2.12,3500
IFAS,20111012,25.25,25.7,25.25,25.7,1100
IFEU,20111012,28.25,28.31,28.04,28.1,11200
IFGL,20111012,26.55,26.78,26.3,26.52,17600
IFNA,20111012,37.89,38.44,37.35,38.44,4100
IFON,20111012,0.55,0.63,0.55,0.63,16800
IFSM,20111012,32.91,33,32.79,32.82,800
IGLD,20111012,11.87,11.87,11.87,11.87,400
IGOI,20111012,16.08,16.32,15.24,15.84,41100
IGOV,20111012,104.99,105.2,104.6,105.06,12000
IGTE,20111012,13,13.45,12.86,13.36,246800
III,20111012,0.98,1.08,0.98,1.02,35600
IIIN,20111012,10.2,10.62,10.15,10.34,57600
IIJI,20111012,10.76,10.86,10.71,10.81,17600
IILG,20111012,13.98,13.98,13.63,13.7,231700
IIN,20111012,4.5,5.02,4.29,4.29,26800
IIVI,20111012,19.69,20.64,19.65,20.4,301200
IKAN,20111012,0.85,0.9,0.83,0.88,70100
IKNX,20111012,8.15,8.15,8.15,8.15,0
ILMN,20111012,26.43,26.78,26.01,26.04,2626900
IMGN,20111012,11.85,12.49,11.85,12.42,1273900
IMKTA,20111012,15.02,15.4,14.78,15.18,43800
IMMR,20111012,6.53,6.78,6.46,6.65,140800
IMMU,20111012,3.27,3.39,3.27,3.36,452900
IMOS,20111012,4.49,5.1,4.49,4.96,56200
IMRS,20111012,3.33,3.36,3.2,3.3,89400
INAP,20111012,5.5,5.74,5.44,5.72,266500
INCY,20111012,16.34,16.42,15.94,16.07,1247100
INDB,20111012,24.08,25.43,23.86,25.11,107500
INDY,20111012,23.72,24.15,23.72,23.95,87900
INFA,20111012,45.68,47.53,45.68,46.39,1398500
INFI,20111012,7.14,7.22,7.07,7.2,49100
INFN,20111012,8.56,8.56,8.22,8.31,1361200
ININ,20111012,31.57,32.92,31.57,32.66,79800
INOC,20111012,1.2,1.2,1.2,1.2,0
INOD,20111012,3.01,3.07,3,3.01,26500
INPH,20111012,4.89,5.19,4.89,5.08,17100
INSM,20111012,3.46,3.7,3.37,3.54,430600
INTC,20111012,23,23.28,22.98,23.12,59913200
INTG,20111012,20.08,20.4,19.98,20.3,6800
INTL,20111012,23.25,23.67,23.17,23.52,36300
INTT,20111012,2.55,2.59,2.5,2.55,41000
INTU,20111012,51.5,52.3,51.32,52,2439000
INTX,20111012,15.45,15.79,15.17,15.74,46800
INVE,20111012,2.12,2.18,2.01,2.05,459900
INWK,20111012,8.1,8.21,7.97,8.1,186500
IOSP,20111012,27.31,27.63,27.1,27.46,169500
IPAR,20111012,16.49,17.17,16.39,17.06,57600
IPAS,20111012,1.2,1.21,1.18,1.19,132000
IPCC,20111012,56.51,56.7,55.4,56.3,44100
IPCI,20111012,3.02,3.04,2.95,3.03,7200
IPCM,20111012,36.53,38.91,36.41,38.51,176800
IPGP,20111012,54.36,58,53.33,56.11,593200
IPHS,20111012,44.76,45.56,43.98,45.38,84100
IPXL,20111012,19.89,19.89,19.41,19.52,515000
IRBT,20111012,28.5,29.45,28.39,29.18,253000
IRDM,20111012,6.03,6.15,5.95,6.13,1092300
IRDMZ,20111012,1.17,1.17,1.17,1.17,0
IRIX,20111012,3.5,3.5,3.49,3.5,300
IROQ,20111012,11.02,11.02,11,11,8800
IRWD,20111012,11,11.71,10.96,11.61,236900
ISBC,20111012,13.27,13.76,13.18,13.63,177900
ISCA,20111012,22.98,23,22.44,22.51,237700
ISHG,20111012,102.64,102.75,102.46,102.69,8500
ISIG,20111012,2.34,2.36,2.24,2.34,9000
ISIL,20111012,11.63,11.87,11.57,11.63,769000
ISIS,20111012,7.5,7.73,7.43,7.65,596100
ISLE,20111012,5.29,5.49,5.16,5.35,160400
ISNS,20111012,6.91,6.91,6.91,6.91,0
ISRG,20111012,387.5,389.99,380.79,382.16,304700
ISRL,20111012,68.99,71.79,68.99,71.79,1300
ISSC,20111012,4.41,4.53,4.38,4.53,1600
ISSI,20111012,8.26,8.4,8.17,8.36,106600
ITIC,20111012,35.3,35.59,35.27,35.59,3500
ITMN,20111012,23.59,23.75,21.55,21.74,1093400
ITRI,20111012,31.99,33.15,31.74,32.76,392200
ITRN,20111012,12.36,12.5,12.36,12.49,12900
IVAC,20111012,6.95,7.08,6.93,7.01,98300
IVAN,20111012,1.14,1.19,1.14,1.18,357700
IXYS,20111012,11.73,12.67,11.73,12.46,121800
JACK,20111012,20.71,21.29,20.63,21.13,220100
JADE,20111012,2.6,2.61,2.35,2.57,75800
JAKK,20111012,18.18,18.22,18.02,18.12,296500
JASO,20111012,9.45,10.1,9.35,9.65,3821900
JAXB,20111012,4.47,4.47,4.47,4.47,0
JAZZ,20111012,44.76,45.81,43.74,43.83,646100
JBHT,20111012,39.41,40.14,39.15,39.39,2048500
JBLU,20111012,4.34,4.54,4.32,4.52,6054300
JBSS,20111012,8.27,8.43,8.06,8.33,55100
JCOM,20111012,28.77,29.32,28.64,29.23,276300
JCS,20111012,14,15.14,13.7,14.96,30900
JCTCF,20111012,8.25,8.25,8.25,8.25,0
JDSU,20111012,10.98,11.22,10.74,10.76,6981500
JFBI,20111012,2.8,2.8,2.8,2.8,0
JJSF,20111012,49.09,49.29,48.67,48.88,46600
JKHY,20111012,30.64,31.11,30.53,30.81,450800
JMBA,20111012,1.37,1.44,1.36,1.44,586200
JOBS,20111012,45.12,45.93,44.98,45.5,101100
JOEZ,20111012,0.59,0.64,0.57,0.6,1578200
JOSB,20111012,50.74,50.84,49.59,49.89,253700
JOUT,20111012,16.6,18.48,16.6,17.99,11500
JRCC,20111012,8.3,8.5,8,8.02,1992100
JRJC,20111012,1.92,2.11,1.8,1.95,106300
JST,20111012,8.17,8.29,7.81,8.04,79200
JVA,20111012,12.9,14.77,11.46,11.95,3538600
JXSB,20111012,13.25,13.25,13.25,13.25,0
KALU,20111012,46.16,46.78,45.76,46.28,114700
KBALB,20111012,5.12,5.48,5.08,5.44,87100
KCAP,20111012,5.99,6.07,5.87,6.05,94400
KCLI,20111012,31.12,31.38,30.94,31.37,26200
KELYA,20111012,13.99,14.58,13.9,14.45,162600
KEQU,20111012,8.75,8.75,8.75,8.75,0
KERX,20111012,3.11,3.16,3.06,3.09,743300
KEYN,20111012,23.25,23.37,22.85,23.17,168300
KEYW,20111012,8.14,9.08,8.02,9.04,177500
KFFB,20111012,7.15,7.15,6.25,6.43,7500
KFRC,20111012,11.49,11.9,11.45,11.67,305100
KGJI,20111012,1.21,1.24,1.21,1.24,32100
KINS,20111012,3.19,3.19,3.19,3.19,0
KIOR,20111012,15.72,15.92,14.88,15.58,110600
KIPS,20111012,1.19,1.19,1.1,1.1,11500
KIRK,20111012,10.5,10.5,10.21,10.36,158000
KLAC,20111012,43.2,44.59,43.17,43.83,5026200
KLIC,20111012,8.74,9.13,8.68,8.99,1390600
KNDI,20111012,2.08,2.17,2.01,2.17,118400
KONA,20111012,6.73,6.82,6.32,6.34,78800
KONE,20111012,0.89,0.89,0.81,0.84,11400
KONG,20111012,4.13,4.34,4.1,4.24,50700
KOOL,20111012,1.25,1.25,1.2,1.22,23300
KOPN,20111012,3.8,3.93,3.66,3.93,200000
KOSS,20111012,5.44,5.7,5.44,5.66,600
KRNY,20111012,9.31,9.45,9.14,9.44,50100
KSWS,20111012,4.55,4.67,4.5,4.58,210000
KTCC,20111012,3.69,3.69,3.57,3.64,1700
KTEC,20111012,10.8,11.09,10.8,10.98,8500
KTOS,20111012,7,7.01,6.88,6.9,293700
KUTV,20111012,1.85,1.85,1.8,1.84,12800
KVHI,20111012,7.76,8.62,7.76,8.53,87100
LABC,20111012,15.99,15.99,15.99,15.99,0
LABL,20111012,26.82,26.82,25.93,26.04,56600
LACO,20111012,2.26,2.39,2.25,2.25,7800
LAKE,20111012,7.85,8,7.72,8,3400
LAMR,20111012,19.29,19.74,19.12,19.37,3005700
LANC,20111012,63.01,63.96,62.91,63.6,56500
LARK,20111012,15.32,15.32,15.32,15.32,0
LAWS,20111012,15.33,16.05,14.86,16.05,7500
LAYN,20111012,24.65,25.1,24.58,24.74,114000
LBAI,20111012,8.28,8.69,8.15,8.5,62000
LBIX,20111012,3.15,3.15,3.12,3.12,3500
LBTYA,20111012,38.5,39.08,37.98,38.83,1411400
LBTYB,20111012,39.69,39.69,39.69,39.69,0
LBTYK,20111012,36.8,37.38,36.32,37.12,225300
LCAV,20111012,2.54,2.58,2.49,2.51,14100
LCNB,20111012,12.28,12.28,12.28,12.28,0
LCUT,20111012,9.75,10.68,9.59,10.64,31800
LEAP,20111012,6.07,6.22,5.91,6.15,1641700
LECO,20111012,32.8,33.5,32.8,33.05,221900
LEDR,20111012,2.28,2.35,2.28,2.35,10100
LEDS,20111012,4.03,4.24,4.02,4.15,11300
LFUS,20111012,45.31,46,45.01,45.41,102300
LGCY,20111012,27.47,28.25,27.31,27.79,129100
LGND,20111012,13.61,13.87,13.31,13.86,227100
LHCG,20111012,16.94,17.76,16.92,17.56,112100
LIFE,20111012,37.12,38.04,36.78,37.56,1935000
LIME,20111012,2.97,3.1,2.97,3.1,7900
LINC,20111012,8.9,9.38,8.82,9.24,177700
LINE,20111012,36.51,37.41,36.51,36.79,703900
LINTA,20111012,15.5,15.76,15.29,15.45,7232800
LINTB,20111012,15.13,15.13,15.13,15.13,0
LION,20111012,6.2,6.2,5.75,6.12,15400
LIOX,20111012,2.6,2.65,2.54,2.64,229500
LIVE,20111012,1.66,1.66,1.66,1.66,0
LIWA,20111012,4.3,4.68,4.29,4.65,135900
LKFN,20111012,22.07,22.63,21.85,22.43,84100
LKQ,20111012,14.115,14.3,14.05,14.195,836600
LLEN,20111012,2.94,2.97,2.81,2.85,114100
LLNW,20111012,2.8,2.82,2.72,2.77,1395600
LLTC,20111012,30.45,30.78,30.2,30.22,3065600
LMAT,20111012,5.71,5.88,5.69,5.87,9000
LMCA,20111012,71.41,74.35,71.41,73.69,662200
LMIA,20111012,18.61,18.98,18.32,18.88,18800
LMNR,20111012,17.06,17.1,16.78,17.1,10800
LMNX,20111012,22.09,22.38,21.91,22.06,196700
LNBB,20111012,4.09,4.1,4.09,4.1,2200
LNCE,20111012,21.06,21.63,21.06,21.55,276200
LNDC,20111012,5.42,5.7,5.42,5.66,164200
LOAN,20111012,1.18,1.18,1.1,1.1,1700
LOCM,20111012,2.3,2.39,2.23,2.35,220000
LOGI,20111012,9.07,9.24,8.98,9.11,861300
LOGM,20111012,34.94,35.79,34.68,35.48,324900
LOJN,20111012,3.32,3.32,3.17,3.22,9000
LONG,20111012,15.66,15.89,15.39,15.83,15400
LOOK,20111012,1.27,1.38,1.27,1.3,3000
LOPE,20111012,16.47,17.35,16.47,17.08,555800
LORL,20111012,56.35,57.32,55.74,56.95,41200
LPHI,20111012,6.16,6.32,6.15,6.2,84400
LPLA,20111012,26.76,28.09,26.01,27.71,201900
LPNT,20111012,36.5,37.69,36.43,36.56,626800
LPSB,20111012,8.54,8.54,8.54,8.54,0
LPSN,20111012,10.63,10.8,10.54,10.68,294600
LPTH,20111012,1.51,1.51,1.42,1.47,27300
LQDT,20111012,31.13,32,30.5,31.06,199100
LRAD,20111012,1.91,1.98,1.88,1.98,81400
LRCX,20111012,42.89,44.07,42.8,43.48,4314700
LSBI,20111012,12.38,13.35,12.38,12.8,2500
LSBK,20111012,9.6,9.6,9.5,9.5,3200
LSCC,20111012,5.9,5.99,5.84,5.9,1157400
LSTR,20111012,43.65,44.04,43.28,43.43,262400
LTBR,20111012,2.65,2.73,2.59,2.61,29100
LTON,20111012,0.77,0.82,0.77,0.82,38000
LTRE,20111012,6.84,6.88,6.65,6.68,2600
LTRX,20111012,1.64,1.79,1.64,1.73,1700
LTXC,20111012,5.8,6.04,5.73,5.9,775400
LUFK,20111012,49.76,50.67,49.2,49.29,433800
LULU,20111012,53.78,55,53.12,53.21,2670600
LUNA,20111012,1.1,1.14,1.08,1.1,9700
LWAY,20111012,10.9,10.95,10.74,10.95,5600
LXRX,20111012,1.04,1.14,1.03,1.13,500800
LYTS,20111012,6.56,6.89,6.53,6.77,50500
MAGS,20111012,2.36,2.36,2.36,2.36,1400
MAKO,20111012,39,39.45,38.85,39.07,1440900
MANH,20111012,37.09,37.84,36.51,37.32,91300
MANT,20111012,33.83,35.27,33.43,34.98,342600
MARPS,20111012,21,21.02,20.85,20.85,1600
MASC,20111012,7.05,7.2,6.98,7.02,221000
MASI,20111012,22.92,23.15,22.77,22.81,219600
MAT,20111012,27.85,28.17,27.53,28.03,6008000
MATR,20111012,4.51,4.51,4.36,4.5,4900
MATW,20111012,33.35,34.04,33.02,33.7,92900
MAXY,20111012,5.93,6.1,5.88,6.08,240100
MAYS,20111012,17,17,17,17,0
MBFI,20111012,16.88,17.74,16.57,17.36,433600
MBLX,20111012,4.28,5,4.28,4.88,345300
MBND,20111012,2.77,2.92,2.73,2.86,35100
MBRG,20111012,14.65,14.65,14.1,14.5,10100
MBTF,20111012,1.02,1.05,1.01,1.05,11700
MBVT,20111012,26.18,26.34,26.06,26.2,14500
MBWM,20111012,8.12,8.56,7.95,8.27,5900
MCBC,20111012,2.7,2.7,2.62,2.63,7200
MCBI,20111012,4.17,4.17,4.17,4.17,100
MCGC,20111012,4.24,4.31,4.2,4.26,441100
MCHP,20111012,34.57,34.84,34.38,34.46,2610600
MCHX,20111012,9.08,9.08,8.75,8.86,146000
MCOX,20111012,7.3,8.2,7.25,7.65,195300
MCRI,20111012,10.59,10.7,10.4,10.5,11000
MCRL,20111012,10.08,10.26,10,10.14,434900
MCRS,20111012,47.23,47.84,46.82,47.05,238300
MDAS,20111012,10.26,10.37,10.02,10.12,476400
MDCA,20111012,16.17,16.24,15.8,16.02,54900
MDCI,20111012,4.56,4.89,4.52,4.85,63800
MDCO,20111012,18.36,18.55,17.99,18.17,417900
MDH,20111012,2.08,2.08,1.95,2,3800
MDRX,20111012,19.04,19.17,18.63,18.66,1423000
MDSO,20111012,17.07,17.34,16.8,17.05,98700
MDVN,20111012,17.48,17.85,17.41,17.57,242200
MEAD,20111012,3.65,3.82,3.65,3.82,5700
MEAS,20111012,29.85,30.75,29.81,30.24,64100
MELA,20111012,5.85,6.3,5.65,6.21,2468200
MELI,20111012,60.6,60.86,58.91,58.99,476500
MEMS,20111012,2.26,2.3,2.26,2.28,5400
MENT,20111012,10.45,10.49,10.33,10.39,737200
MEOH,20111012,24.02,24.96,24.01,24.53,304100
MERC,20111012,7.3,7.56,7.28,7.38,269900
MERU,20111012,7.09,7.14,6.58,7,112500
METR,20111012,8.93,9.24,8.88,9.13,51800
MFI,20111012,5.44,5.44,5.16,5.17,3700
MFLR,20111012,8.81,8.81,8.81,8.81,0
MFLX,20111012,21.36,21.62,20.94,21.27,49200
MFNC,20111012,5.13,5.13,5.03,5.03,200
MFRI,20111012,7.11,7.28,7.05,7.22,2400
MFSF,20111012,7.6,7.6,7.59,7.6,3600
MGAM,20111012,5.33,5.55,5.2,5.48,243600
MGEE,20111012,41.95,41.99,41.5,41.9,50400
MGIC,20111012,4.25,4.52,4.25,4.4,192800
MGLN,20111012,51.26,51.76,50.85,51.21,174800
MGPI,20111012,5.19,5.49,5.1,5.49,33500
MGRC,20111012,25.3,25.84,25.3,25.71,72400
MGYR,20111012,2.92,3.4,2.88,3.3,1300
MHGC,20111012,6.3,6.67,6.3,6.51,174100
MHLD,20111012,7.82,7.89,7.75,7.84,279800
MIDD,20111012,77.04,79.86,76.47,78.93,92500
MIND,20111012,11.78,12.5,11.67,12.41,100400
MINI,20111012,16.5,17.3,16.43,17.15,284500
MITK,20111012,10.14,10.47,10.1,10.15,213900
MITL,20111012,2.18,2.25,2.09,2.22,48700
MKSI,20111012,23.47,24.35,23.47,24.16,340500
MKTAY,20111012,38.24,38.8,38.24,38.4,3100
MKTG,20111012,10.5,11.16,10.3,11.11,177000
MKTX,20111012,27.55,28.04,27.1,27.32,217300
MLAB,20111012,35.71,35.94,35.25,35.3,1600
MLHR,20111012,20.73,21.53,20.5,21,526400
MLNK,20111012,3.94,3.98,3.84,3.89,260600
MLNX,20111012,34.1,34.46,33.31,33.88,217700
MLVF,20111012,6.22,6.25,6.2,6.25,600
MMLP,20111012,32.14,33,31.66,32.8,76500
MMSI,20111012,13.02,13.17,12.95,13.01,395600
MMUS,20111012,4.97,4.97,4.97,4.97,0
MMYT,20111012,26.92,27.8,26.03,26.6,279300
MNDO,20111012,2.15,2.2,2.1,2.1,51400
MNGLU,20111012,10.25,10.25,10.25,10.25,15000
MNGLW,20111012,0.75,0.75,0.75,0.75,0
MNKD,20111012,3.45,3.58,3.37,3.58,759900
MNOV,20111012,2.05,2.07,1.98,2.05,7100
MNRK,20111012,5.5917,5.6583,5.5833,5.625,2400
MNRO,20111012,35.59,35.8,34.94,35.43,166300
MNST,20111012,45.46,46.715,45.22,45.59,1446500
MNTA,20111012,12.47,12.95,12.39,12.76,657300
MNTG,20111012,1.85,1.85,1.8,1.8,12100
MNTX,20111012,3.6,3.73,3.6,3.72,8800
MOBI,20111012,4.4,4.43,4.18,4.29,207700
MOCO,20111012,14.1,14.22,14.1,14.15,16000
MOFG,20111012,14.01,14.09,13.66,14.09,5100
MOLX,20111012,22.1,22.51,22.05,22.19,853000
MOLXA,20111012,18.35,18.74,18.29,18.48,148400
MORN,20111012,59.98,60.1,59.4,59.6,44800
MOSY,20111012,3.64,4,3.6,3.93,96300
MOVE,20111012,6.4,6.84,6.4,6.68,1221100
MPAA,20111012,9.13,9.28,9,9.13,72400
MPAC,20111012,5.63,5.63,5.26,5.5,1200
MPB,20111012,7.03,7.03,7.03,7.03,0
MPEL,20111012,10.65,11.37,10.51,11,16616800
MPET,20111012,1.21,1.24,1.15,1.24,77100
MPWR,20111012,11.12,11.25,10.92,11.18,252100
MRCY,20111012,13.58,13.91,13.52,13.67,102900
MRGE,20111012,6.54,6.74,6.5,6.69,924300
MRLN,20111012,11.36,11.69,11.2,11.5,18200
MRTN,20111012,17.95,18.29,17.95,18.11,103700
MRVL,20111012,15.45,15.45,14.94,15.11,19165600
MSBF,20111012,5,5,5,5,3200
MSCC,20111012,17.95,18.2,17.77,17.94,517100
MSEX,20111012,18,18.1,17.84,18.1,39300
MSFG,20111012,9.41,9.49,9.06,9.42,70200
MSFT,20111012,27.18,27.31,26.9,26.96,52493400
MSG,20111012,23.08,23.51,22.75,23.46,446800
MSON,20111012,1.53,2,1.53,1.86,10900
MSPD,20111012,5.46,5.65,5.39,5.62,422100
MSTR,20111012,123.38,126.09,122.8,124.5,83700
MTEX,20111012,5.4,5.6,5,5.5,54800
MTGE,20111012,16.33,16.33,15.51,15.83,102400
MTRX,20111012,10.14,10.54,10.14,10.35,100900
MTSC,20111012,34.7,35.93,34.7,35.41,57300
MTSL,20111012,1.25,1.29,1.25,1.29,1600
MTSN,20111012,1.16,1.27,1.16,1.26,480400
MU,20111012,5.29,5.3,5.18,5.2,25596000
MVIS,20111012,6.16,6.4,5.76,5.76,1130600
MVISW,20111012,0.2,0.2,0.2,0.2,0
MWIV,20111012,68.56,69.21,67.21,68.58,64600
MXIM,20111012,24.48,24.56,24.29,24.37,2041600
MXWL,20111012,19.88,20,19.52,19.78,212200
MYGN,20111012,20.68,20.68,20.23,20.32,442700
MYL,20111012,18.1,18.24,17.89,18.04,6812200
MYRG,20111012,19.55,19.69,19.09,19.34,91100
NAFC,20111012,26.61,26.7,26.05,26.17,110100
NAII,20111012,4.65,4.65,4.65,4.65,0
NANO,20111012,16.51,17.39,16.5,17.3,371400
NASB,20111012,10.5,10.5,10.04,10.2,400
NATH,20111012,18.65,18.82,18.65,18.76,3500
NATI,20111012,24.66,25.33,24.59,25.07,275600
NATL,20111012,22.84,22.95,22.79,22.85,18400
NATR,20111012,14.92,15.33,14.48,15.14,63700
NAUH,20111012,7.79,7.85,7.66,7.8,14900
NAVG,20111012,44.35,44.63,43.6,44.32,50500
NAVR,20111012,1.56,1.62,1.56,1.59,13500
NBBC,20111012,3.5,3.66,3.5,3.66,1800
NBIX,20111012,5.9,6.04,5.8,6.03,246300
NBN,20111012,12.4,12.4,12.4,12.4,400
NBTB,20111012,19.92,20.59,19.92,20.39,117600
NBTF,20111012,17.35,17.35,16.77,16.77,2200
NCBC,20111012,3.2,3.2,3.2,3.2,0
NCIT,20111012,13.58,14.4,13.33,14.11,37600
NCMI,20111012,15.36,15.36,15.04,15.12,489600
NCTY,20111012,3.85,4.05,3.77,3.97,56600
NDAQ,20111012,25.65,25.96,25.15,25.29,4614400
NDSN,20111012,43.45,45.34,43.14,44.7,388000
NECB,20111012,5.81,5.89,5.81,5.86,5700
NEOG,20111012,35.4,36.9,34.91,36.7,220900
NEPT,20111012,2.33,2.39,2.25,2.3,147600
NETC,20111012,9.82,10,9.23,10,39100
NEWL,20111012,0.72,0.72,0.66,0.67,1700
NEWP,20111012,12.38,12.59,12.08,12.44,254100
NEWS,20111012,10.08,10.08,9.73,9.97,69700
NEWT,20111012,1.27,1.29,1.19,1.25,8400
NFBK,20111012,13.6,13.79,13.48,13.75,60300
NFEC,20111012,0.63,0.68,0.63,0.63,8700
NFLX,20111012,109.4,116.24,107.07,113.62,10316400
NFSB,20111012,12.44,12.52,12.44,12.52,600
NGPC,20111012,6.48,6.82,6.45,6.75,159000
NHTB,20111012,11,11.22,10.92,11.1,3900
NICE,20111012,32.63,32.93,32.36,32.85,98800
NICK,20111012,10.02,10.4,10,10.22,32200
NIHD,20111012,26.02,27.66,25.91,27.08,6624400
NILE,20111012,42.47,43.13,41.71,42.48,249200
NINE,20111012,1.3,1.3,1.3,1.3,200
NKSH,20111012,26.48,26.48,25.8,26.48,7800
NKTR,20111012,4.94,5.22,4.89,5.18,1368100
NLST,20111012,1.33,1.33,1.25,1.28,59600
NMRX,20111012,5.94,6.77,5.94,6.54,12900
NNBR,20111012,6.48,7.52,6.45,7.16,431200
NOVB,20111012,9.76,9.76,9.75,9.75,600
NPBC,20111012,7.55,7.7,7.46,7.57,1213000
NPSP,20111012,7.02,7.16,6.85,6.95,502800
NRCI,20111012,33.95,34.24,33.12,33.65,7900
NRIM,20111012,18.93,19.05,18.7,18.93,2600
NSEC,20111012,10.02,10.09,10.01,10.09,1500
NSIT,20111012,15.78,15.91,15.57,15.69,125600
NSPH,20111012,1.05,1.07,1,1.03,415300
NSSC,20111012,2.19,2.2,2.17,2.2,1700
NSYS,20111012,3.1,3.1,3.1,3.1,0
NTAP,20111012,38.98,39.19,38.35,38.89,6489300
NTCT,20111012,12.61,13.07,12.61,13.04,213900
NTES,20111012,43.71,44.71,43.06,43.69,767100
NTGR,20111012,30.26,30.33,28.6,29.78,535700
NTIC,20111012,14.87,14.87,14.85,14.85,500
NTLS,20111012,17.63,17.96,17.59,17.83,139500
NTRI,20111012,12.7,13.51,12.64,13.36,563800
NTRS,20111012,37.6,38.6,37.37,38.03,2128800
NTSC,20111012,4.94,5.07,4.89,4.95,4700
NTSP,20111012,5.02,5.32,4.95,5.28,638000
NTWK,20111012,6.9,6.9,6.2,6.5,214600
NUAN,20111012,22.23,22.69,21.96,22.38,4602100
NUCL,20111012,33.93,34.13,33.93,34.13,600
NURO,20111012,9.9,9.9,9.24,9.54,21000
NUTR,20111012,13.32,13.46,13.21,13.43,28600
NUVA,20111012,17.01,17.56,16.89,17.09,925500
NVAX,20111012,1.61,1.71,1.61,1.68,569300
NVDA,20111012,14.9,14.91,14.6,14.61,15305000
NVEC,20111012,67.2,68.3,66.79,67.76,37900
NVGN,20111012,0.69,0.69,0.64,0.69,5400
NVMI,20111012,6.04,6.39,6.01,6.38,133900
NVSL,20111012,7.56,7.65,7.52,7.52,227400
NVTL,20111012,3.25,3.25,3.18,3.22,234600
NWBI,20111012,12.47,12.59,12.42,12.47,880600
NWFL,20111012,24.1,24.16,23.9,24.16,3200
NWLI,20111012,138.99,141.64,138.65,140.8,7000
NWPX,20111012,22.47,23.65,22.41,23.47,75400
NWS,20111012,16.99,17.39,16.99,17.16,6005200
NWSA,20111012,17,17.37,16.95,17.09,20716300
NXPI,20111012,16.48,17.15,16.24,16.93,1161200
NXST,20111012,7.76,8.35,7.68,8.21,73600
NXTM,20111012,21.73,21.8,21.13,21.4,689600
NYMT,20111012,6.35,6.5,6.32,6.39,26400
NYMX,20111012,8.4,8.5,8.22,8.5,58300
NYNY,20111012,0.71,0.75,0.7,0.71,29700
OABC,20111012,13.8,14.18,13.8,14.12,19200
OBAF,20111012,14.26,14.5,14.26,14.5,1600
OBAS,20111012,6.45,6.45,6.45,6.45,100
OBCI,20111012,2.24,2.24,2.02,2.08,3600
OCC,20111012,3.47,3.5,3.21,3.26,1300
OCFC,20111012,12.11,12.24,12.04,12.1,34000
OCLR,20111012,3.64,3.74,3.5,3.65,1360200
OCLS,20111012,9.94,10.22,9.66,9.94,26700
OCZ,20111012,5.87,6.05,5.7,5.72,1260400
ODFL,20111012,21.5333,22.3133,21.5333,22.08,375800
OFED,20111012,11.35,11.35,11.35,11.35,0
OFIX,20111012,34.05,34.3,33.76,34.09,83100
OFLX,20111012,12.75,13.48,12.75,13.18,6400
OGXI,20111012,9.72,9.97,9.71,9.8,33500
OIIM,20111012,4.15,4.29,4,4.24,801900
OINK,20111012,1.76,1.84,1.65,1.76,19800
OKSB,20111012,4.29,4.57,4.29,4.47,223300
OKSBP,20111012,18.37,18.55,18.05,18.55,4900
OLBK,20111012,6.55,6.55,6.54,6.54,800
OMAB,20111012,13.83,13.99,13.81,13.99,600
OMCL,20111012,14.94,15.15,14.73,15.05,119600
OMER,20111012,4.11,4.11,3.91,4.06,46300
OMEX,20111012,2.78,2.84,2.72,2.76,435900
OMPI,20111012,9.5,10.07,9.5,9.88,52900
ONCY,20111012,4.05,4.07,3.93,3.99,155500
ONEQ,20111012,102.92,103.43,102.62,102.64,22200
ONFC,20111012,8.99,9,8.99,9,600
ONNN,20111012,7.33,7.52,7.25,7.41,8470000
ONTY,20111012,6.35,6.4,6.18,6.23,239700
ONVI,20111012,3.18,3.19,3.15,3.15,19900
ONXX,20111012,34,35.18,30.53,34.49,4733200
OPEN,20111012,48.49,50.43,48.45,50.09,1178700
OPHC,20111012,0.59,0.59,0.59,0.59,0
OPLK,20111012,16.2,16.55,16.08,16.36,96200
OPOF,20111012,10.3,10.3,10.1,10.16,1000
OPTR,20111012,14.51,15,14.36,14.56,500500
OPTT,20111012,3.47,3.62,3.38,3.59,162000
OPXA,20111012,4.4,4.6,4.4,4.56,28900
ORBC,20111012,2.74,2.86,2.67,2.78,172700
ORBK,20111012,10.37,10.71,10.15,10.65,31000
ORBT,20111012,3.63,3.79,3.63,3.79,1200
ORCL,20111012,31.37,31.55,31.08,31.11,30322800
OREX,20111012,2.26,2.34,2.22,2.23,944900
ORIG,20111012,15.87,16,15.85,15.97,337900
ORIT,20111012,13.2,13.48,13.18,13.3,421500
ORLY,20111012,69.85,69.94,68.04,68.37,1232000
ORRF,20111012,13.26,13.5,13.04,13.5,26000
OSBC,20111012,1.2,1.29,1.2,1.25,9000
OSBCP,20111012,4.08,4.08,4.08,4.08,0
OSHC,20111012,10.77,10.77,10.7,10.74,1000
OSIR,20111012,4.62,4.8,4.5,4.53,158400
OSIS,20111012,39.34,40.5,39.2,40.27,150900
OSN,20111012,1.61,1.61,1.54,1.61,8100
OSTK,20111012,10.08,10.3,9.96,10.1,68900
OSUR,20111012,9.29,9.34,9.01,9.1,314100
OTEX,20111012,52.09,52.37,51.37,51.95,242300
OTIV,20111012,1.49,1.63,1.47,1.59,169900
OTT,20111012,14.25,14.8,14.05,14.66,46600
OTTR,20111012,19.44,19.44,19.08,19.21,174500
OUTD,20111012,7.05,7.16,7,7.15,67400
OVBC,20111012,17.18,17.35,17.18,17.35,1500
OVLY,20111012,5,5,4.65,4.74,5700
OVRL,20111012,2.45,2.5,2.4,2.48,16700
OVTI,20111012,16.62,17.32,16.59,16.92,4205500
OXBT,20111012,2.06,2.16,2.05,2.15,69400
OXGN,20111012,1.03,1.09,1.01,1.02,226900
OXLC,20111012,12.95,13.31,12.93,13.17,6000
OZRK,20111012,22.7,23.54,22.53,23.47,233300
PAAS,20111012,28.85,29.07,28.48,28.57,881700
PACB,20111012,3.25,3.98,3.16,3.96,564900
PACQ,20111012,9.49,9.49,9.49,9.49,0
PACQW,20111012,0.4,0.4,0.4,0.4,0
PACR,20111012,4.08,4.29,4.05,4.26,260100
PACW,20111012,15.47,16.3,15.36,15.97,210200
PAGG,20111012,27.82,28.39,27.78,28.1,17300
PANL,20111012,48.01,49.32,47.28,47.66,1343500
PATH,20111012,2.42,2.42,2.35,2.35,22400
PATK,20111012,1.82,1.94,1.75,1.82,10700
PATR,20111012,20.83,21.71,20.6,21.71,6700
PAYX,20111012,28.21,28.48,28.01,28.29,3708500
PBCT,20111012,12.19,12.41,12.1,12.25,7977100
PBHC,20111012,8.99,8.99,8.99,8.99,0
PBIB,20111012,2.76,2.8,2.75,2.75,700
PBIP,20111012,5.18,5.18,5.18,5.18,0
PBSK,20111012,10.9,10.95,10.89,10.95,15900
PCAR,20111012,38.48,39.17,37.98,38.89,3863000
PCBK,20111012,7.78,8.12,7.78,8.06,42400
PCCC,20111012,8.73,8.84,8.68,8.75,25100
PCH,20111012,33.69,34.41,33.2,34.12,317500
PCLN,20111012,499.45,503.98,485.11,485.54,1427600
PCO,20111012,2.52,2.64,2.5,2.6,357700
PCOM,20111012,9.35,9.4,9.24,9.36,30300
PCRX,20111012,9.83,9.96,9.59,9.87,67700
PCTI,20111012,6.27,6.35,6.27,6.28,24900
PCYC,20111012,12.49,12.55,12.25,12.38,575900
PCYO,20111012,2.01,2.02,1.97,2.02,3500
PDCO,20111012,29.66,29.74,29.16,29.29,1032800
PDEX,20111012,2.06,2.2,2.03,2.18,9700
PDFS,20111012,4,4.05,3.9,4.01,120800
PDII,20111012,6.54,6.55,6.41,6.47,10300
PDLI,20111012,5.51,5.6,5.46,5.5,2510500
PEBK,20111012,4.82,4.82,4.82,4.82,0
PEBO,20111012,12.01,12.3,11.92,12.25,25700
PEGA,20111012,32.3,33.33,32.22,32.85,167700
PEIX,20111012,0.31,0.33,0.31,0.31,1069600
PENN,20111012,38.48,39.24,38.13,38.42,651600
PENX,20111012,5.39,5.48,5.18,5.3,9900
PEOP,20111012,12.97,13.05,12.93,12.99,7000
PERF,20111012,15.07,15.07,15.07,15.07,0
PERY,20111012,21.62,22.6,21.34,22.38,160300
PESI,20111012,1.2,1.27,1.2,1.24,55100
PETM,20111012,44.05,44.55,43.58,44.04,617400
PETS,20111012,9.45,9.48,9.25,9.39,238600
PFBC,20111012,7.53,7.71,7.4,7.4,5600
PFBI,20111012,4.86,4.86,4.76,4.81,3400
PFBX,20111012,10.06,10.39,10.06,10.39,400
PFIN,20111012,3.95,3.98,3.95,3.98,300
PFLT,20111012,10.43,10.5,10.39,10.4,22700
PFSW,20111012,3.78,4.02,3.78,3.91,61500
PGC,20111012,10.25,10.25,10,10.23,8200
PGNX,20111012,6.33,6.36,6.25,6.36,170800
PGTI,20111012,1.31,1.31,1.31,1.31,300
PHII,20111012,21.25,21.25,21.25,21.25,600
PHIIK,20111012,21.31,22.17,21.15,22.17,27400
PHMD,20111012,13.5,13.75,13.5,13.5,1800
PICO,20111012,21.26,21.49,21.01,21.13,141300
PKBK,20111012,6.78,6.78,6.73,6.73,500
PKOH,20111012,13.37,14.84,13.15,14.63,41000
PLAB,20111012,5.72,6.06,5.72,6.02,1137400
PLBC,20111012,1.95,2.29,1.95,2.06,1800
PLCC,20111012,0.87,0.87,0.87,0.87,0
PLCE,20111012,49.36,49.64,47.55,47.62,914800
PLCM,20111012,21.96,22.54,21.36,21.64,2594200
PLMT,20111012,7.5,7.5,7.17,7.5,400
PLNR,20111012,1.95,2.03,1.92,1.98,109100
PLPC,20111012,51.35,52.63,50.71,52.55,10800
PLTM,20111012,20.44,20.68,20.42,20.42,2400
PLUG,20111012,1.78,1.93,1.78,1.89,119400
PLUS,20111012,24.54,25.58,24.54,25.57,12600
PLXS,20111012,26.66,26.97,26.37,26.68,374000
PLXT,20111012,2.99,3.02,2.93,3.02,171300
PMBC,20111012,3.09,3.18,3.05,3.08,12000
PMCS,20111012,6.55,6.75,6.55,6.68,2363900
PMD,20111012,8.63,8.64,8.3,8.57,18700
PMFG,20111012,17.86,18.1,17.72,18.06,52300
PMNA,20111012,10.91,10.91,10.75,10.78,3900
PMTC,20111012,17.25,17.8,17.05,17.57,1069800
PMTI,20111012,8.02,8.19,7.94,8.01,106200
PNBK,20111012,1.86,1.92,1.85,1.87,6400
PNFP,20111012,12.41,12.52,12.21,12.29,272700
PNNT,20111012,9.71,9.81,9.61,9.76,327500
PNQI,20111012,35.24,35.48,35.05,35.15,56000
PNRA,20111012,108.75,111.75,107.9,109.75,461800
PNRG,20111012,19.3,20.21,19.3,20.21,600
PNTR,20111012,4.17,4.3,4.17,4.25,2500
PODD,20111012,15.74,15.78,15.4,15.45,328600
POOL,20111012,29.57,29.6,29.13,29.44,280800
POPE,20111012,40,40,39.16,39.89,12700
POWI,20111012,33.11,33.51,32.83,33.37,216800
POWL,20111012,32.81,33.79,32.75,33.09,50800
POWR,20111012,4.27,4.6,4.27,4.36,130300
POZN,20111012,3.05,3.09,2.78,2.83,101000
PPBI,20111012,5.75,5.9,5.75,5.9,6100
PPHM,20111012,1.1,1.1,1,1.07,654600
PRAA,20111012,67.55,68.09,66.36,66.65,127300
PRAN,20111012,1.65,1.65,1.55,1.6,41400
PRCP,20111012,5.15,5.32,5.15,5.29,5800
PRFT,20111012,8.1,8.67,8.09,8.55,211300
PRFZ,20111012,56.51,57.47,56.37,56.86,111500
PRGO,20111012,98.99,99.44,96.98,97.19,443800
PRGS,20111012,20.23,20.8,20.13,20.64,712500
PRGX,20111012,5.51,5.6,5.48,5.56,75800
PRIM,20111012,11.86,12.04,11.74,11.99,88200
PRKR,20111012,0.94,0.99,0.88,0.92,158300
PRLS,20111012,3.78,3.8,3.58,3.8,1400
PRMW,20111012,5.8,5.84,5.54,5.59,325500
PROV,20111012,9.22,9.22,9.06,9.15,7100
PRPH,20111012,0.8,0.8,0.79,0.79,500
PRSC,20111012,11.19,12.19,11.1,12.12,50000
PRTS,20111012,5.37,5.73,5.37,5.7,64800
PRXI,20111012,1.83,1.83,1.8,1.8,3400
PRXL,20111012,21.01,21.4,20.95,21.15,241400
PSAU,20111012,44.28,44.71,44.1,44.19,9500
PSBH,20111012,4.3,4.4,4.3,4.4,400
PSCC,20111012,29.92,29.92,29.67,29.67,5200
PSCD,20111012,26.07,26.36,26.07,26.25,37200
PSCE,20111012,30.42,31.08,30.3,30.39,18200
PSCF,20111012,24.34,24.7,24.12,24.59,6800
PSCH,20111012,29.25,29.43,29.15,29.17,22100
PSCI,20111012,25.52,25.6,25.52,25.6,1500
PSCM,20111012,24.2,24.2,24.2,24.2,0
PSCT,20111012,25.76,26.15,25.75,25.98,19000
PSCU,20111012,28.9,28.91,28.62,28.79,4200
PSDV,20111012,4.18,4.36,4.05,4.12,91900
PSEC,20111012,8.71,8.97,8.71,8.92,1443500
PSEM,20111012,7.77,8.05,7.74,8.03,81700
PSMT,20111012,73.66,75.5,73.3,74.52,356300
PSTB,20111012,3.73,3.87,3.62,3.83,70300
PSTI,20111012,2.46,2.46,2.4,2.4,71900
PSTR,20111012,3.18,3.74,3.18,3.45,22300
PSUN,20111012,1.26,1.32,1.25,1.29,452600
PTEK,20111012,0.98,0.98,0.98,0.98,3600
PTEN,20111012,18.5,19.36,18,18.84,9867900
PTIE,20111012,4.49,4.49,4.32,4.38,296600
PTIX,20111012,1.77,1.8,1.7,1.76,15900
PTNR,20111012,10.93,11.22,10.9,11.1,97400
PTRY,20111012,13.12,13.57,13.03,13.4,178800
PTSI,20111012,10.27,10.66,10.27,10.66,2900
PTSX,20111012,0.98,1.01,0.74,0.85,9900
PULB,20111012,6.43,6.49,6.32,6.4,5600
PURE,20111012,0.66,0.66,0.64,0.64,29600
PVFC,20111012,1.59,1.6,1.58,1.6,2100
PVTB,20111012,9.03,9.42,8.94,9.18,537500
PVTBP,20111012,24.93,25.25,24.93,25.25,10200
PWER,20111012,4.9,5.47,4.9,5.32,7614300
PWOD,20111012,36.97,37.98,36.6,37.98,7700
PWRD,20111012,12.82,13.32,12.79,13.03,719000
PWX,20111012,12.01,12.25,12.01,12.22,2900
PXLW,20111012,2.24,2.24,1.9,1.98,22300
PZZA,20111012,31.73,32.33,31.46,32.03,127200
PZZI,20111012,3.33,3.34,3.28,3.28,16200
QABA,20111012,21.19,21.43,21.19,21.35,400
QADA,20111012,11.15,11.49,11.14,11.34,15900
QADB,20111012,10.7,11.3,10.5,10.99,2800
QBAK,20111012,1.97,1.97,1.97,1.97,200
QCCO,20111012,2.96,3.4,2.96,3.22,4000
QCLN,20111012,10.47,10.7,10.47,10.69,3200
QCOM,20111012,52.3,52.94,52.02,52.04,11140700
QCOR,20111012,32.8,33.08,32.18,32.33,542200
QCRH,20111012,9,9.1,8.98,9,27900
QDEL,20111012,16.23,16.61,15.95,16.5,176300
QGEN,20111012,13.46,13.53,13.34,13.37,2528300
QKLS,20111012,23.28,25.2,22.8,22.8,73900
QLGC,20111012,13.25,13.9,13.21,13.77,1721000
QLIK,20111012,24.32,26,24.29,24.73,1537700
QLTI,20111012,7.02,7.03,6.89,6.9,36300
QLTY,20111012,10.39,10.96,10.36,10.51,87600
QNST,20111012,11.6,12,11.6,11.85,151700
QQEW,20111012,23.32,23.47,23.23,23.23,66400
QQQ,20111012,56.86,57.23,56.56,56.6,85627500
QQQX,20111012,13.39,13.5,13.38,13.38,59200
QQXT,20111012,21.39,21.48,21.29,21.32,18600
QSII,20111012,46.9,47.105,45.46,45.565,241700
QTEC,20111012,23.97,24.14,23.86,23.88,504900
QTWW,20111012,2.21,2.43,2.21,2.28,118900
QUIK,20111012,2.3,2.39,2.28,2.35,89400
RADA,20111012,2.3,2.31,2.3,2.31,1300
RAIL,20111012,15.45,16.01,15.3,15.85,106500
RAND,20111012,2.94,2.94,2.89,2.89,200
RAVN,20111012,27.775,29.315,27.775,29.135,105200
RBCAA,20111012,19.75,20.12,19.39,19.47,53100
RBCN,20111012,9.54,9.75,9.38,9.57,843900
RBNF,20111012,2.66,2.7,2.6,2.7,2300
RBPAA,20111012,0.92,0.99,0.88,0.99,3500
RCII,20111012,30.78,31.05,30.53,30.81,562600
RCKB,20111012,9.75,9.79,9.71,9.76,92300
RCKY,20111012,10.77,11.26,10.5,10.84,12700
RCMT,20111012,4.35,4.35,4.29,4.3,18000
RCON,20111012,0.68,0.7,0.68,0.7,5100
RDA,20111012,8.2,8.79,8.2,8.63,17600
RDCM,20111012,4.5,4.7,4.32,4.32,9500
RDEN,20111012,32.7,33.53,32.38,33.3,121600
RDI,20111012,4.07,4.25,4.07,4.25,5900
RDIB,20111012,7.01,7.01,7.01,7.01,0
RDNT,20111012,2.26,2.36,2.26,2.33,106900
RDWR,20111012,11.685,11.92,11.58,11.735,112800
RECN,20111012,10.7,10.81,10.41,10.68,332800
REDF,20111012,7.44,7.74,7.3,7.56,671400
REFR,20111012,4.53,4.74,4.3,4.3,32200
REGN,20111012,65.18,65.48,62.4,63,805000
REIS,20111012,8.83,9.16,8.76,8.85,62500
RELL,20111012,13.78,13.78,13.44,13.48,84000
RELV,20111012,1.5,1.5,1.43,1.45,2600
RENT,20111012,13.19,13.74,13.1,13.59,55300
REXI,20111012,4.82,4.92,4.73,4.82,17000
REXX,20111012,13.14,13.73,13,13.12,798200
RFIL,20111012,3.56,3.58,2.99,2.99,145900
RFMD,20111012,6.69,6.98,6.69,6.88,9650500
RGCO,20111012,18.36,18.37,18,18.02,4000
RGDX,20111012,1.73,1.73,1.64,1.66,2700
RGEN,20111012,3.19,3.35,3.15,3.16,22600
RGLD,20111012,66.17,66.58,64.22,65.61,947800
RICK,20111012,7.4,8.18,7.36,7.64,116200
RIGL,20111012,7.81,8,7.66,7.96,294500
RIMG,20111012,10.9,11.73,10.88,11.51,105100
RITT,20111012,4.5,4.89,4.5,4.53,22800
RIVR,20111012,16.45,16.45,16.45,16.45,0
RJET,20111012,2.7,2.82,2.7,2.8,312800
RLOC,20111012,9.6,9.8,9.54,9.59,214500
RLOG,20111012,5.96,6.1,5.95,6.08,11700
RMBS,20111012,15.47,15.89,15.38,15.68,1592000
RMCF,20111012,8.52,8.6,8.25,8.4,3500
RMKR,20111012,0.94,0.94,0.86,0.86,8300
RMTI,20111012,7.37,7.91,7.3,7.8,91900
RNET,20111012,15.8,15.98,15.16,15.6,17000
RNIN,20111012,6.6,6.6,5.85,6.3,23100
RNST,20111012,14.18,14.2,13.98,14.1,70600
RNWK,20111012,8.95,9.04,8.88,8.98,217600
ROCK,20111012,9.55,9.99,9.45,9.85,131800
ROCM,20111012,6.97,7.05,6.93,7,15700
ROIA,20111012,1.4,1.4,1.4,1.4,1600
ROIAK,20111012,1.25,1.37,1.25,1.34,22000
ROIC,20111012,10.96,10.96,10.87,10.94,204400
ROICW,20111012,0.66,0.68,0.66,0.68,10100
ROLL,20111012,38.57,39.53,38.38,39.28,91000
ROMA,20111012,8.89,8.92,8.75,8.81,17800
ROSE,20111012,37.43,39.81,37.43,38.49,957500
ROSG,20111012,16.5,18.75,16.35,18,18100
ROST,20111012,42.71,42.71,41.72,41.735,1195600
ROVI,20111012,46.52,48.44,46.38,47.59,949500
ROYL,20111012,2.11,2.17,2.08,2.14,41300
RP,20111012,22.28,23,22.26,22.77,225000
RPRX,20111012,3.83,3.83,3.7,3.75,13800
RPTP,20111012,4.95,5.03,4.85,5.01,198000
RPXC,20111012,20.09,20.13,19.01,19.45,116100
RRD,20111012,15.29,15.77,15.28,15.56,3076300
RRGB,20111012,23.48,24.22,23.07,23.99,198200
RRST,20111012,5.28,5.51,5.27,5.35,800
RSOL,20111012,1.74,1.8,1.6,1.63,12400
RSTI,20111012,22.26,22.69,22.23,22.47,222400
RSYS,20111012,6.54,6.78,6.42,6.74,129000
RTEC,20111012,7.11,7.58,7.1,7.41,237700
RTIX,20111012,3.48,3.59,3.45,3.56,344500
RUE,20111012,24.92,25.18,23.98,24.84,211100
RUSHA,20111012,16.39,16.84,16.17,16.67,85900
RUSHB,20111012,13.59,13.7,13.05,13.38,13600
RUTH,20111012,4.75,4.88,4.7,4.78,185700
RVBD,20111012,20.78,21.71,20.78,21.24,5046800
RVSB,20111012,2.42,2.42,2.42,2.42,0
RYAAY,20111012,27.16,27.49,27.11,27.3,144300
SAAS,20111012,3.44,3.65,3.43,3.62,244500
SAFM,20111012,48.06,48.29,47.5,47.69,264900
SAFT,20111012,40.01,40.56,39.64,40.38,28400
SAIA,20111012,11.76,12.91,11.76,12.76,94600
SALM,20111012,2.4,2.65,2.4,2.46,1700
SANM,20111012,7.94,8.22,7.86,8.1,1044700
SANW,20111012,4.55,4.55,4.4,4.48,6500
SANWW,20111012,0.7,0.7,0.7,0.7,1500
SANWZ,20111012,0.23,0.23,0.23,0.23,0
SAPE,20111012,10.93,11.4,10.93,11.22,1719100
SASR,20111012,16.04,16.5,16.04,16.49,63600
SATS,20111012,24.06,24.91,23.83,24.64,236100
SAVE,20111012,13.89,14.54,13.7,14.52,109800
SBAC,20111012,35.48,37.05,35.43,36.13,2884900
SBBX,20111012,4.7,4.75,4.67,4.68,2500
SBCF,20111012,1.55,1.6,1.5,1.6,369200
SBGI,20111012,8.67,9.08,8.67,9,366600
SBLK,20111012,19.5,20.1,19.5,20.1,280800
SBNY,20111012,52.33,53.23,51.75,52.4,300200
SBNYW,20111012,30.32,30.32,30.32,30.32,0
SBRA,20111012,9.65,9.83,9.56,9.71,545900
SBSA,20111012,1.21,1.26,1.17,1.17,22300
SBSI,20111012,19.58,20.06,19.58,19.75,110900
SBUX,20111012,41.57,41.98,41.13,41.51,6479600
SCBT,20111012,27.51,28.35,27.42,28.21,34800
SCHL,20111012,29.62,29.88,29.34,29.6,117600
SCHN,20111012,40.42,42.3,40.27,41.44,254300
SCLN,20111012,4.1,4.24,4.04,4.18,257100
SCMP,20111012,4.07,4.15,4.01,4.15,31500
SCOK,20111012,2.71,2.78,2.65,2.65,79300
SCON,20111012,15.6,16.8,15.6,16.56,36400
SCOR,20111012,18.5,19,18.25,18.8,228900
SCSC,20111012,34.74,35.44,34.27,35.15,97600
SCSS,20111012,15.7,16.11,15.53,15.72,853300
SCVL,20111012,16.8133,17.2667,16.6533,16.88,73000
SDBT,20111012,2.43,2.43,2.43,2.43,0
SDIX,20111012,1.77,1.83,1.72,1.8,5700
SEAC,20111012,8.43,8.57,8.36,8.42,94600
SEED,20111012,2.5,2.64,2.43,2.56,94100
SEIC,20111012,15.29,15.87,15.28,15.62,799800
SENEA,20111012,20.86,21.02,20.15,20.45,47300
SENEB,20111012,19.68,19.68,19.68,19.68,0
SEV,20111012,6.02,6.05,5.97,6.05,800
SFLY,20111012,47.74,48.13,46.03,47.36,959500
SFNC,20111012,24.18,24.64,23.81,24.59,56700
SFST,20111012,6.53,6.53,6.53,6.53,100
SGC,20111012,11.03,11.03,10.6,10.73,3900
SGEN,20111012,21.36,21.48,20.75,20.82,2607700
SGI,20111012,12.5,12.91,12.5,12.69,185400
SGMA,20111012,3.45,3.59,3.42,3.48,3800
SGMO,20111012,3.22,3.4,3.17,3.38,435500
SGMS,20111012,7.66,8.12,7.5,8.01,580800
SGNT,20111012,21.55,21.58,20.56,20.95,65000
SGOC,20111012,3.2,3.36,3,3,1800
SGRP,20111012,1.12,1.25,1.12,1.25,18200
SHBI,20111012,4.48,4.71,4.48,4.71,2500
SHEN,20111012,11.66,12.71,11.53,12.56,58200
SHFL,20111012,9.69,10.05,9.42,9.97,517200
SHIP,20111012,2.81,3.73,2.81,3.23,17800
SHLD,20111012,67.76,74.3,66.75,70.11,1165500
SHLM,20111012,19.18,19.33,18.97,19.15,193700
SHLO,20111012,8.39,9.13,8.39,8.98,15200
SHOO,20111012,34.5,34.74,33.95,34.35,397200
SHOR,20111012,5.97,6.08,5.82,5.91,373900
SIAL,20111012,65.39,65.52,64.63,64.81,1099700
SIBC,20111012,11.01,11.07,11.01,11.07,1300
SIEB,20111012,1.69,1.69,1.66,1.69,900
SIFI,20111012,9.45,9.45,9.14,9.14,1700
SIFY,20111012,3.38,3.61,3.36,3.43,1073600
SIGA,20111012,3.3,3.44,3.27,3.35,429100
SIGI,20111012,13.72,13.92,13.61,13.83,393000
SIGM,20111012,8.2,8.38,8.18,8.33,224500
SILC,20111012,15.26,15.4,15,15.2,19000
SIMG,20111012,6.46,6.47,6.28,6.32,701200
SIMO,20111012,14.39,14.5,13.9,13.96,423100
SINA,20111012,81.26,84.55,77.29,78.48,8163500
SINO,20111012,1.95,2.4,1.95,2.25,52300
SIRI,20111012,1.7,1.75,1.68,1.71,58672700
SIRO,20111012,44.2,45.1,43.86,44.36,460500
SIVB,20111012,41.84,43.05,41.76,42.45,643800
SIVBO,20111012,24.99,24.99,24.99,24.99,0
SKBI,20111012,1.7,1.91,1.65,1.66,13700
SKUL,20111012,14.77,16.25,14.77,15.42,438300
SKYW,20111012,12.22,12.4,12.18,12.21,377700
SKYY,20111012,17.44,17.57,17.37,17.37,134900
SLAB,20111012,34.65,35.04,34.48,34.6,413000
SLGN,20111012,38.14,38.43,37.7,38.04,194200
SLMAP,20111012,42.75,43.05,42.42,42.42,1800
SLP,20111012,3.03,3.05,3.03,3.05,2300
SLRC,20111012,21.37,21.71,21.36,21.57,199000
SLTC,20111012,3.74,3.91,3.74,3.9,1400
SLTM,20111012,1.74,1.81,1.65,1.81,257700
SLXP,20111012,32.72,33.51,32.44,33.34,676100
SMBC,20111012,21.62,22,21.51,21.61,1600
SMCI,20111012,14.57,14.75,14.43,14.6,100500
SMED,20111012,4.61,4.66,4.5,4.6,28500
SMIT,20111012,3.59,4,3.41,3.94,13300
SMMF,20111012,2.54,2.65,2.54,2.59,1500
SMRT,20111012,6.43,6.44,6.25,6.31,249200
SMSI,20111012,1.65,1.73,1.63,1.64,325200
SMT,20111012,3.82,3.87,3.8,3.83,175600
SMTC,20111012,23.35,23.43,23.09,23.19,416400
SMTX,20111012,1.45,1.5,1.45,1.47,31800
SNAK,20111012,3.9,3.96,3.86,3.89,12800
SNBC,20111012,2.74,2.9,2.68,2.9,160400
SNCR,20111012,25.15,26.24,24.96,26.08,282200
SNDK,20111012,45.13,45.4,44.41,44.45,6510700
SNFCA,20111012,1.35,1.35,1.34,1.35,1500
SNHY,20111012,24.01,25.1,24.01,24.73,70000
SNMX,20111012,3.4,3.5,3.38,3.47,331200
SNPS,20111012,25.93,26.13,25.73,25.73,1114400
SNSS,20111012,1.29,1.32,1.25,1.29,94200
SNTA,20111012,3.08,3.17,3.06,3.09,166200
SNTS,20111012,2.98,3.01,2.86,3,214000
SOCB,20111012,1.7,1.7,1.7,1.7,100
SODA,20111012,38.12,38.53,35.6,36.26,1124800
SOFO,20111012,9.22,9.22,8.91,8.91,2600
SOHU,20111012,60.17,60.64,56.17,57.09,2403800
SOMH,20111012,7.2,7.2,7.2,7.2,2300
SONA,20111012,6.01,6.1,6.01,6.07,2600
SONC,20111012,7.2,7.3,7.15,7.23,618300
SONS,20111012,2.33,2.36,2.18,2.26,3165800
SORL,20111012,2.92,2.94,2.78,2.83,107300
SOXX,20111012,50.08,50.47,49.9,49.92,187600
SPAN,20111012,13.65,14,13.65,14,1000
SPAR,20111012,4.6,4.62,4.46,4.56,151100
SPBC,20111012,10.48,10.48,10.48,10.48,0
SPCHA,20111012,1.8,1.8,1.78,1.8,1200
SPCHB,20111012,2.37,2.37,2.37,2.37,0
SPEX,20111012,34.2,35,34,35,15900
SPIL,20111012,4.78,4.93,4.78,4.9,2159300
SPIR,20111012,1.5,1.8,1.32,1.35,35100
SPLS,20111012,14.42,14.95,14.4,14.8,9667100
SPMD,20111012,1.38,1.66,1.38,1.61,63100
SPNC,20111012,7.3,7.38,7.2,7.3,133200
SPNS,20111012,3.01,3.1,2.96,3.06,2000
SPPI,20111012,8.65,8.65,8.42,8.48,570400
SPPR,20111012,0.65,0.73,0.61,0.72,60300
SPPRO,20111012,18.95,19.05,18.95,19.05,800
SPPRP,20111012,7.59,7.59,7.56,7.56,600
SPRD,20111012,20.06,21.49,20.06,21.39,1285700
SPRO,20111012,2.11,2.19,2.03,2.04,6300
SPRT,20111012,2.4,2.43,2.28,2.42,105600
SPSC,20111012,18.24,19.26,18.23,19.11,60900
SPTN,20111012,15.81,16.45,15.72,16.28,86700
SPU,20111012,1.88,2,1.87,1.96,34300
SQI,20111012,13.73,14.22,13.15,13.96,223400
SQNM,20111012,5,5.11,4.98,5.02,2007300
SQQQ,20111012,82.32,83.68,80.68,83.32,3494800
SRCE,20111012,22.72,23.33,22.72,23.19,66400
SRCL,20111012,83.64,84.67,83.33,83.44,310800
SRDX,20111012,9.17,9.17,8.85,9,69700
SREV,20111012,14.69,15,14.3,14.44,634600
SSBI,20111012,5.33,5.4,5.33,5.4,800
SSFN,20111012,4.7,4.7,4.7,4.7,100
SSNC,20111012,14.7,14.94,14.58,14.9,144900
SSRI,20111012,19.29,19.5,18.94,19.04,954500
SSRX,20111012,10.41,10.52,10.01,10.51,55200
SSYS,20111012,24.7,24.75,23.98,24.31,160300
STAA,20111012,8.03,8.96,7.98,8.84,704300
STAN,20111012,16.89,17.22,16.65,17.11,47700
STB,20111012,5.51,5.68,5.5,5.51,75800
STBA,20111012,18.19,19,18.04,18.8,133500
STBZ,20111012,13.45,13.45,13.17,13.24,116800
STEC,20111012,10.7,10.82,10.46,10.51,1053300
STEI,20111012,6.37,6.46,6.27,6.39,515200
STEL,20111012,11.24,11.73,11.13,11.69,62700
STEM,20111012,2.1,2.1,1.96,1.99,116900
STFC,20111012,13.04,13.3,13.03,13.1,50900
STKL,20111012,5.25,5.33,5.19,5.32,136000
STLD,20111012,11,11.48,11,11.26,2714400
STLY,20111012,2.93,3.14,2.93,3.04,10200
STMP,20111012,25.99,26,24.73,25.17,364900
STND,20111012,13.97,14,13.79,13.91,6300
STNR,20111012,41.56,44.59,41.52,44.04,46900
STRA,20111012,86.07,88.88,85.03,88.36,142400
STRL,20111012,11.97,12.6,11.9,12.52,43000
STRM,20111012,1.63,1.65,1.59,1.65,7700
STRN,20111012,4.41,4.42,4.41,4.41,5200
STRS,20111012,6.51,6.6,6.5,6.55,15600
STRT,20111012,24.54,24.54,24,24,600
STSA,20111012,13.94,14.45,13.81,14.33,204800
STX,20111012,11.22,11.71,11.17,11.19,11004200
STXS,20111012,11.5,11.8,11,11.1,196800
SUBK,20111012,8.05,8.48,8.04,8.45,113700
SUMR,20111012,7.12,7.28,7,7.08,87800
SUNS,20111012,15.75,16,15.56,15.89,27900
SUPX,20111012,17.95,18.68,17.95,18.51,58600
SURG,20111012,6.18,6.25,5.53,5.9,379700
SUSQ,20111012,6.19,6.46,6.13,6.2,2355200
SUTR,20111012,0.98,1.04,0.98,0.98,69200
SVA,20111012,2.2,2.28,2.2,2.22,91100
SVBI,20111012,2.35,2.75,2.35,2.75,16800
SVNT,20111012,3.9,3.91,3.78,3.82,868500
SVVC,20111012,15.85,15.85,15,15.16,6600
SWHC,20111012,3,3,2.91,2.92,308100
SWIR,20111012,7.05,7.08,6.95,7.01,50700
SWKS,20111012,20.37,21.95,20.28,20.72,8680600
SWSH,20111012,4.22,4.34,4.18,4.27,443400
SYBT,20111012,20.38,21.3,20.38,21.08,42600
SYBTP,20111012,11.27,11.27,11.27,11.27,200
SYKE,20111012,15.49,15.91,15.42,15.84,229400
SYMC,20111012,17.96,17.97,17.57,17.6,8945100
SYMM,20111012,4.77,4.97,4.74,4.92,86900
SYMX,20111012,1.57,1.61,1.51,1.51,51200
SYNA,20111012,28.65,28.84,27.96,28.38,422400
SYNL,20111012,10.35,10.75,10.23,10.75,2200
SYNM,20111012,9.2,9.4,8,8.8,242900
SYNT,20111012,46.5,48.64,46.45,48.52,356800
SYPR,20111012,3.22,3.3,2.9,3.07,5800
SYUT,20111012,5.56,5.8,5.27,5.42,179100
SZYM,20111012,8.73,8.79,8.25,8.29,410900
TACT,20111012,7.93,8.1,7.8,8.01,9600
TAIT,20111012,1,1,1,1,1000
TASR,20111012,4.64,4.67,4.54,4.6,363100
TAST,20111012,9.13,9.5,9.04,9.34,78500
TATT,20111012,4.91,4.95,4.9,4.95,5100
TAXI,20111012,10.15,10.16,9.97,10.03,66100
TAYC,20111012,6.24,6.61,6.2,6.5,22300
TAYCP,20111012,19.44,19.7,19.4,19.7,1100
TAYD,20111012,7.2,8.45,7.2,8.25,39600
TBAC,20111012,1.08,1.13,1.06,1.07,6200
TBBK,20111012,7.46,7.6,7.34,7.51,264800
TBNK,20111012,19.56,20,19.56,19.9,61800
TBOW,20111012,2.49,2.53,2,2,21400
TCBI,20111012,25.52,26.91,25.52,26.39,223700
TCBIW,20111012,14.14,14.99,14.14,14.99,1600
TCBK,20111012,13.64,14.28,13.5,14.17,41600
TCCO,20111012,7.23,7.23,7.12,7.21,700
TCRD,20111012,11.98,11.98,11.19,11.47,37700
TEAR,20111012,0.84,0.89,0.83,0.84,5200
TECD,20111012,46.87,47.06,46.24,46.81,1104600
TECH,20111012,69.75,70.21,69.27,69.73,124400
TECUA,20111012,7.75,7.75,7.59,7.7,55900
TECUB,20111012,7.46,7.5,7.31,7.48,4200
TELK,20111012,8.4,8.4,8.1,8.4,13300
TESO,20111012,14.35,14.78,14.17,14.67,204100
TESS,20111012,12.73,13.54,12.73,13.49,99700
TFCO,20111012,3.44,3.44,3.44,3.44,0
TFM,20111012,40.33,40.33,38.85,39,298700
TFSL,20111012,8.95,9.04,8.93,8.96,339100
TGA,20111012,9.06,9.4,8.96,9.04,83600
TGE,20111012,5.3,5.35,5.11,5.15,46500
THFF,20111012,30.29,30.9,29.91,30.67,40500
THLD,20111012,1.58,1.65,1.52,1.53,33300
THOR,20111012,34.16,34.75,33.85,33.89,564500
THRD,20111012,19.84,19.84,19.84,19.84,0
THRX,20111012,20.89,21.1,20.56,20.72,284100
THTI,20111012,1.73,1.84,1.5,1.67,12600
TIBX,20111012,25.16,26.29,25.01,25.53,3090500
TICC,20111012,8.46,8.57,8.34,8.48,160900
TIGR,20111012,2.57,2.57,2.3,2.35,26800
TINY,20111012,3.67,3.85,3.59,3.82,158100
TISA,20111012,1.99,2.01,1.97,2,23800
TITN,20111012,20.96,21.64,20.38,20.65,360900
TIVO,20111012,9.99,10.12,9.81,9.89,2287200
TKMR,20111012,1.85,1.96,1.66,1.8,35000
TLAB,20111012,4.54,4.54,4.25,4.27,5752200
TLF,20111012,4.74,4.81,4.74,4.8,3100
TMNG,20111012,1.99,2.07,1.91,2.06,4300
TNAV,20111012,9.61,9.68,9.2,9.6,183400
TNGO,20111012,12.31,13.7,12.31,13.62,102500
TOFC,20111012,7.15,7.15,7.15,7.15,0
TOPS,20111012,1.02,2.1,1.02,1.95,75000
TORM,20111012,11.67,11.67,11.5,11.5,700
TOWN,20111012,12.7,12.91,12.43,12.78,142000
TPGI,20111012,2.21,2.22,2.12,2.15,132400
TQNT,20111012,5.91,6.03,5.79,5.93,2646500
TQQQ,20111012,37.185,37.875,36.57,36.69,1351100
TRAK,20111012,17.53,19.37,17.44,19.26,638600
TREE,20111012,4.84,5.19,4.82,5.17,8500
TRGT,20111012,17.83,18,16.94,17.08,284600
TRIB,20111012,9.8,9.86,9.36,9.75,12500
TRIT,20111012,3.96,4,3.89,3.91,30800
TRLG,20111012,31.3,31.9,31,31.14,187400
TRMB,20111012,18.73,19.22,18.7,18.99,269300
TRMD,20111012,12.3,14.3,12,12.6,22500
TRMK,20111012,20.58,21.43,20.39,20.95,443900
TRNS,20111012,10.76,11.64,10.76,11.64,200
TRNX,20111012,20.25,20.84,20.09,20.7,144800
TROW,20111012,52.15,54.43,52.02,53.47,4143300
TRS,20111012,16.14,16.73,15.97,16.37,231700
TRST,20111012,4.65,4.76,4.59,4.74,452000
TSBK,20111012,4.06,4.2,4.06,4.15,24500
TSCO,20111012,66.46,66.99,65.63,65.98,543700
TSEM,20111012,10.05,10.05,9.45,10.05,172200
TSLA,20111012,27.25,28,27.2,27.8,1123300
TSON,20111012,3.28,3.3,3.17,3.26,152900
TSPT,20111012,8.3,8.4,7.66,7.87,413900
TSRA,20111012,13.82,13.89,13.51,13.64,566300
TSRI,20111012,4.11,4.11,4.11,4.11,100
TSRX,20111012,6.46,6.73,6.46,6.67,110700
TST,20111012,1.78,1.87,1.77,1.83,144100
TSTC,20111012,4.24,4.47,4.2,4.35,73700
TSYS,20111012,3.69,3.81,3.69,3.75,271800
TTEC,20111012,16.75,16.85,16.52,16.61,130400
TTEK,20111012,19.88,20.32,19.73,20.22,355800
TTGT,20111012,6.15,6.62,6.14,6.61,40300
TTHI,20111012,1.7,1.77,1.59,1.64,29800
TTMI,20111012,10.76,10.92,10.67,10.83,523500
TTWO,20111012,14.45,14.61,14.23,14.28,1124300
TUES,20111012,3.77,3.87,3.75,3.87,229800
TWER,20111012,2.91,3.06,2.85,2.95,227900
TWGP,20111012,22.57,23.31,22.55,23.08,270400
TWIN,20111012,28.86,29.09,28.06,28.53,82900
TWMC,20111012,1.9,1.9,1.86,1.89,2700
TWTC,20111012,17.05,17.36,17.05,17.11,431300
TXCC,20111012,2.35,2.42,2.33,2.35,23200
TXN,20111012,29.88,30.23,29.69,29.7,11651500
TXRH,20111012,13.56,13.94,13.51,13.82,1317600
TYPE,20111012,12.67,12.67,12.41,12.46,189100
TZOO,20111012,29.64,32.14,28.72,30.18,1118800
TZYM,20111012,2.92,3.32,2.92,2.94,2800
UACL,20111012,13.41,13.96,13.24,13.24,13600
UBCP,20111012,8.34,8.35,8.28,8.28,3700
UBFO,20111012,2.9,2.9,2.87,2.87,600
UBNK,20111012,15.51,15.8,15.39,15.5,58500
UBOH,20111012,8,8,8,8,1000
UBPS,20111012,5.75,5.75,5.75,5.75,0
UBSH,20111012,11.53,11.56,11.25,11.52,58300
UBSI,20111012,22.09,23.13,22.09,22.69,292800
UCBA,20111012,5.75,5.88,5.75,5.85,1800
UCBI,20111012,8.42,8.53,7.89,8,324100
UCFC,20111012,1.22,1.27,1.22,1.27,2300
UCTT,20111012,4.75,5.11,4.66,5.01,152100
UEIC,20111012,18.3,18.83,17.99,18.79,65700
UEPS,20111012,6.86,6.95,6.63,6.79,77000
UFCS,20111012,18.71,19.78,18.71,19.4,64900
UFPI,20111012,25.38,26.26,25,25.94,110000
UFPT,20111012,14.53,14.95,14.53,14.89,31200
UG,20111012,14.5,14.61,14.5,14.53,1600
UHAL,20111012,67.26,71.93,66.9,71.05,49900
ULBI,20111012,4.75,4.88,4.53,4.88,28900
ULGX,20111012,0.96,0.98,0.95,0.95,5200
ULTA,20111012,69,70.68,67.3,67.77,1001300
ULTI,20111012,52.08,53.12,51.68,52.63,170800
ULTR,20111012,2.3,2.6,2.3,2.47,114300
UMBF,20111012,35.42,36.77,35.42,36.08,128400
UMPQ,20111012,9.96,10.39,9.95,10.18,1079500
UNAM,20111012,10.92,10.92,10.81,10.82,1200
UNB,20111012,19.6,19.75,19.5,19.5,3300
UNFI,20111012,38.66,38.84,38.33,38.44,200200
UNIS,20111012,4.78,4.89,4.74,4.89,237700
UNTD,20111012,5.72,5.79,5.68,5.72,673900
UNTK,20111012,4.22,4.41,4.21,4.4,46400
UNTY,20111012,6.51,6.64,6.45,6.5,5600
UNXL,20111012,4.99,5.13,4.92,5.09,17900
UPI,20111012,5.76,5.85,5.53,5.82,81500
URBN,20111012,23.73,24.89,23.6,24.15,3626200
URRE,20111012,8.7,9.4,8.7,9.1,903900
USAK,20111012,9.82,10.14,9.51,9.67,38000
USAP,20111012,32.74,33,32.09,32.84,67100
USAT,20111012,1.4,1.44,1.38,1.42,283500
USATP,20111012,16,16,16,16,500
USATZ,20111012,0.82,0.82,0.79,0.79,10200
USBI,20111012,5.68,5.68,5.5,5.5,1600
USCR,20111012,4.01,4.2,3.69,3.88,9300
USEG,20111012,2.51,2.55,2.47,2.54,92200
USLM,20111012,43.37,45.65,43.37,45.64,4800
USMO,20111012,13.9,14.38,13.74,14.26,131000
USTR,20111012,30.88,31.22,30.55,30.7,207600
UTEK,20111012,19.83,20.51,19.78,20.09,193400
UTHR,20111012,40.54,40.74,39.28,39.44,6703500
UTIW,20111012,15.24,15.4,14.99,15.25,347300
UTMD,20111012,26.99,26.99,25.82,26.83,3100
UTSI,20111012,3.51,3.69,3.48,3.66,740000
UVSP,20111012,14.93,15.69,14.83,15.49,45900
VALU,20111012,11.94,12.59,11.94,12.35,6800
VALV,20111012,0.93,0.99,0.93,0.98,88600
VASC,20111012,12.03,12.25,11.97,12.09,45700
VBFC,20111012,1.65,1.65,1.65,1.65,0
VCBI,20111012,5.99,6.25,5.95,6.12,207700
VCIT,20111012,80,80.17,79.78,80.16,85400
VCLK,20111012,17.03,17.15,16.77,16.85,871600
VCLT,20111012,82,82.34,81.5,81.75,196800
VCSH,20111012,77.34,77.58,77.32,77.55,127500
VDSI,20111012,5.98,6.13,5.95,6.07,161600
VECO,20111012,27.15,27.73,26.62,27.03,1381600
VELT,20111012,7.95,8.27,7.94,8.06,376800
VGIT,20111012,64.65,64.65,64.42,64.62,7600
VGLT,20111012,71.59,71.86,71.06,71.52,19700
VGSH,20111012,60.97,61.03,60.92,61,57100
VIA,20111012,51.32,52.45,51.32,51.54,20100
VIAB,20111012,43.22,44.12,42.79,42.83,4418500
VIAS,20111012,18.52,18.97,18.42,18.97,7500
VICL,20111012,2.85,2.85,2.68,2.69,832300
VICR,20111012,9.79,10.22,9.75,10.02,153300
VIDE,20111012,4.2,4.27,4.1,4.17,4900
VIFL,20111012,6.27,6.3,5.89,6.11,21200
VIMC,20111012,1.36,1.39,1.29,1.39,36000
VIRC,20111012,1.75,1.75,1.69,1.71,900
VISN,20111012,29.2,33.2,29.2,32.8,160800
VITC,20111012,5.39,5.5,5.19,5.24,91800
VIVO,20111012,17.25,17.37,16.96,17.02,232800
VLCCF,20111012,16.65,16.99,16.33,16.84,136600
VLGEA,20111012,24.18,24.2,23.7,24.15,9500
VLTR,20111012,20.86,21.15,20.67,20.75,129700
VLYWW,20111012,1.73,1.73,1.73,1.73,0
VMBS,20111012,51.89,51.89,51.64,51.82,9800
VMED,20111012,25.89,26.42,25.57,25.62,6048000
VNDA,20111012,5.4,5.62,5.35,5.59,199700
VNET,20111012,11.07,11.09,10.7,10.71,274300
VNQI,20111012,44.1,44.57,43.74,44.12,14800
VOCS,20111012,19.29,19.69,19.22,19.57,147900
VOD,20111012,26.97,27.28,26.95,27.06,6585000
VOLC,20111012,27.13,27.4,24.85,25.32,3173900
VONE,20111012,54.88,55.42,54.88,55.05,4700
VONG,20111012,58.07,58.09,57.81,57.93,2500
VONV,20111012,52.52,52.82,52.51,52.51,2900
VOXX,20111012,6.04,6.04,5.89,5.92,129700
VPFG,20111012,12.5,12.8,12.45,12.64,124300
VPHM,20111012,19.39,19.51,19.17,19.32,472300
VPRT,20111012,30.31,30.86,29.85,30.18,1537400
VRA,20111012,38,39.87,37.96,38.59,384900
VRML,20111012,1.94,1.98,1.78,1.86,264400
VRNM,20111012,2.65,2.75,2.64,2.7,11700
VRNT,20111012,26.85,27.99,26.85,27.53,110100
VRSK,20111012,35.16,35.21,34.8,35.08,609700
VRSN,20111012,31.14,31.32,30.47,30.51,1822700
VRTA,20111012,1.15,1.15,1.15,1.15,0
VRTB,20111012,1.24,1.24,1.17,1.21,1700
VRTS,20111012,57.25,59.84,56.85,59.53,20700
VRTU,20111012,15.25,15.97,15.04,15.71,79200
VRTX,20111012,40.62,41.1,38.55,40.24,4714300
VSAT,20111012,37.16,37.8,36.81,37.53,197000
VSBN,20111012,10.52,10.52,10.52,10.52,0
VSCI,20111012,1.75,1.87,1.73,1.87,7100
VSCP,20111012,1.05,1.16,1.03,1.13,68200
VSEC,20111012,28.95,29.83,28.47,29.83,22000
VTHR,20111012,54.7,55.4,54.7,55.27,1200
VTNC,20111012,4.65,4.87,4.65,4.76,143000
VTSS,20111012,2.48,2.49,2.4,2.48,33300
VTUS,20111012,8.69,8.75,8.5,8.61,19400
VTWG,20111012,58.07,58.15,57.87,57.87,2900
VTWO,20111012,55.19,56.04,55.19,55.67,3200
VTWV,20111012,53.08,53.08,53.08,53.08,100
VVTV,20111012,2.52,2.63,2.48,2.58,358900
VVUS,20111012,8.4,8.53,8.29,8.37,968200
VXUS,20111012,43.51,44,43.27,43.57,87300
VYFC,20111012,4.97,4.97,4.97,4.97,400
WABC,20111012,41.43,43.29,41.34,42.51,140000
WAFD,20111012,13.58,13.94,13.55,13.77,613700
WASH,20111012,21.79,22.61,21.65,22.34,39000
WAVX,20111012,2.88,2.9,2.81,2.87,361100
WAYN,20111012,8.56,8.56,8.5,8.5,3400
WBCO,20111012,11.2,11.46,11.16,11.39,42700
WBKC,20111012,13.85,14,13.85,14,600
WBMD,20111012,29.13,30,29.13,29.83,1416300
WBSN,20111012,18.1,18.16,17.53,17.96,406000
WCRX,20111012,16.12,16.54,15.88,15.89,2316800
WDC,20111012,29.14,29.26,27.36,27.55,8198100
WDFC,20111012,42.35,43.42,42.23,43.2,54600
WEBM,20111012,3.99,3.99,3.57,3.78,118100
WERN,20111012,22.49,22.87,22.38,22.55,663000
WETF,20111012,6.05,6.39,5.92,6.19,487200
WEYS,20111012,23.7,23.7,23.32,23.7,6900
WFD,20111012,6.76,6.93,6.67,6.87,80800
WFM,20111012,69.06,69.75,68.38,68.45,1467300
WIBC,20111012,2.88,3,2.88,2.97,255600
WIFI,20111012,7.75,8.25,7.71,7.93,119300
WILC,20111012,6.05,6.05,5.87,6,5400
WILN,20111012,6.29,6.3,6.02,6.27,49600
WIN,20111012,11.5,11.8,11.5,11.68,5248600
WINA,20111012,48.25,50.45,48.22,50.07,9600
WIRE,20111012,23.01,23.67,22.88,23.25,178600
WLB,20111012,8.48,8.54,8.25,8.47,35700
WLBPZ,20111012,22,22,22,22,0
WLDN,20111012,3.86,3.86,3.86,3.86,100
WLFC,20111012,10.45,11.31,10.44,11,3200
WMAR,20111012,8.74,8.89,8.52,8.86,59100
WMGI,20111012,18.3,19.05,18.14,18.29,687300
WOOD,20111012,36.25,36.97,36.25,36.7,71600
WOOF,20111012,16.76,17.23,16.75,16.97,1416900
WPCS,20111012,1.8,1.85,1.8,1.85,7200
WPPGY,20111012,50.28,51.22,50.17,50.65,37600
WPRT,20111012,29.4,29.42,28.5,28.71,1014100
WRES,20111012,2.83,2.83,2.75,2.78,218300
WRLD,20111012,60.37,61.55,60,61.07,115300
WRLS,20111012,5.95,5.95,5.8,5.89,2700
WSB,20111012,2.13,2.22,2.08,2.22,4800
WSBC,20111012,18.58,19.2,18.28,19.04,98100
WSBF,20111012,2.55,2.74,2.46,2.56,8300
WSCI,20111012,6.21,6.21,6.04,6.04,5100
WSFS,20111012,33.29,35.72,33.2,35.45,25000
WSTG,20111012,10.51,10.7,10.22,10.67,5500
WSTL,20111012,2.34,2.41,2.3,2.41,188300
WTBA,20111012,9.75,9.8,9.54,9.79,40000
WTFC,20111012,28.48,29.88,28.37,29.26,405200
WTFCW,20111012,12.5,13.49,12.5,13.49,700
WVFC,20111012,9.13,10.44,9.13,10.44,5100
WVVI,20111012,2.96,2.96,2.96,2.96,0
WWD,20111012,30.85,31.85,30.85,31.5,225900
WWWW,20111012,8.41,8.71,8.21,8.48,341500
WYNN,20111012,139.3,140.4,136.75,137.71,3042400
XBKS,20111012,3.22,3.28,3.13,3.28,7700
XIDE,20111012,4.89,4.97,4.86,4.92,615500
XLNX,20111012,29.63,29.89,29.41,29.48,4760400
XNPT,20111012,5.78,5.91,5.77,5.83,360500
XOMA,20111012,1.8,1.8,1.65,1.72,459400
XRAY,20111012,32.77,33.67,32.77,33.33,1633500
XRTX,20111012,11.35,11.97,11.35,11.93,475500
XTEX,20111012,15.44,16.06,15.35,15.91,74600
XTXI,20111012,13.34,13.91,13.34,13.54,303200
XWES,20111012,3,3,2.98,3,3800
XXIA,20111012,8.85,9.28,8.79,9.19,465600
YAVY,20111012,1.7,1.71,1.66,1.71,10100
YHOO,20111012,15.93,15.95,15.67,15.77,20585300
YNDX,20111012,25.01,25.1,23.3,23.63,834000
YORW,20111012,16.39,16.65,16.38,16.64,25700
YRCW,20111012,0.06,0.06,0.05,0.05,28263100
Z,20111012,26.19,26.51,25.25,25.5,95000
ZAGG,20111012,13,13.2,12.6,12.72,855900
ZBRA,20111012,34.32,34.72,34.01,34.13,123400
ZEUS,20111012,18.56,19.49,18.35,19.11,54000
ZGNX,20111012,1.98,1.99,1.88,1.94,170900
ZHNE,20111012,1.1,1.18,1,1.05,129900
ZIGO,20111012,14.17,14.65,13.84,14.46,61300
ZINC,20111012,8.32,8.86,8.32,8.66,530000
ZION,20111012,16.85,17.85,16.76,17.39,5089000
ZIONW,20111012,3.35,3.85,3.34,3.75,12900
ZIOP,20111012,4.4,4.46,4.36,4.42,472900
ZIPR,20111012,1.3,1.3,1.3,1.3,0
ZIXI,20111012,2.83,2.86,2.78,2.84,1019400
ZLCS,20111012,1.03,1.05,0.98,1.02,1058400
ZN,20111012,2.4,2.55,2.35,2.53,206800
ZOLT,20111012,7.14,7.22,6.63,7.05,390900
ZOOM,20111012,1.83,2.02,1.77,1.84,40100
ZUMZ,20111012,22.12,22.44,21.42,21.96,289400
