<ticker>,<date>,<open>,<high>,<low>,<close>,<vol>
AACC,20110404,5.31,5.35,5.3,5.32,18800
AAME,20110404,2.07,2.17,2.04,2.17,600
AAON,20110404,21.38,21.5533,21.02,21.4267,52200
AAPL,20110404,344.25,344.6,338.4,341.19,16431500
AAWW,20110404,69.07,69.08,67.55,67.72,195000
AAXJ,20110404,64.76,64.9,64.48,64.87,1469300
ABAX,20110404,29.1,29.11,28.84,28.97,132700
ABCB,20110404,10.15,10.15,10.05,10.09,33900
ABCD,20110404,3.36,3.43,3.32,3.4,25400
ABCO,20110404,25.52,25.52,24.835,25.05,87200
ABFS,20110404,25.89,26.16,25.86,26.16,342500
ABIO,20110404,15.36,15.36,14.4,14.58,29500
ABMD,20110404,14.9,15.13,14.53,14.88,480300
ABTL,20110404,7.35,7.35,6.7,7.15,451300
ACAD,20110404,1.68,1.68,1.66,1.67,131600
ACAS,20110404,10.19,10.21,10.07,10.16,3025900
ACAT,20110404,15.73,15.82,15.31,15.55,63800
ACCL,20110404,8.05,8.07,7.86,7.86,304700
ACET,20110404,8.08,8.09,8.01,8.08,72700
ACFC,20110404,9.97,9.98,9.97,9.98,3000
ACFN,20110404,3.63,3.81,3.54,3.74,53800
ACGL,20110404,34.0533,34.4767,33.89,34.08,509300
ACHN,20110404,7.17,7.38,7.12,7.38,594500
ACIW,20110404,33.04,33.07,32.64,32.81,197100
ACLS,20110404,2.69,2.69,2.51,2.56,933600
ACNB,20110404,16.5,16.5,16.5,16.5,0
ACOR,20110404,22.76,23.16,22.11,22.32,571900
ACPW,20110404,14.85,14.9,14.3,14.5,453700
ACRX,20110404,3.36,3.45,3.12,3.35,25800
ACTG,20110404,36.19,36.96,35.68,36.57,839000
ACTS,20110404,2.45,2.48,2.41,2.41,51700
ACUR,20110404,3.38,4.04,3.32,3.9,528700
ACWI,20110404,48.96,49,48.77,48.87,1461300
ACWX,20110404,46.08,46.12,45.88,46.07,101400
ACXM,20110404,14.74,14.75,14.25,14.54,632900
ADAT,20110404,1.12,1.24,1.06,1.16,128300
ADBE,20110404,34.26,34.58,34.23,34.37,5499900
ADEP,20110404,4.67,4.71,4.67,4.68,5600
ADES,20110404,22.29,23.83,21.76,23.56,129400
ADI,20110404,39.16,39.2,38.29,38.5,2570600
ADP,20110404,51.89,52.01,51.58,52.01,1958100
ADRA,20110404,28.2,28.24,28.15,28.22,4600
ADRD,20110404,22.59,22.75,22.58,22.6,9600
ADRE,20110404,49.41,49.56,49.26,49.56,47000
ADRU,20110404,22.5,22.62,22.46,22.5,3200
ADSK,20110404,43.74,44.5,43.71,44,2532400
ADTN,20110404,41.71,41.89,41.05,41.54,723400
ADUS,20110404,5,5.25,4.99,5.17,58500
ADVS,20110404,28.7,28.82,28.25,28.48,169800
AEGR,20110404,16.29,17,16.29,16.71,44900
AEHR,20110404,1.82,1.89,1.71,1.72,36100
AEIS,20110404,16.06,16.28,16,16.01,400500
AEPI,20110404,30.62,30.98,30.13,30.75,35500
AERL,20110404,8.45,8.88,8.05,8.1,159800
AETI,20110404,2.7,2.83,2.67,2.79,15400
AEY,20110404,3.05,3.1,3.01,3.02,45700
AEZS,20110404,11.88,12,11.1,11.22,3986900
AFAM,20110404,37.3,37.85,37.3,37.42,23600
AFCB,20110404,13.55,13.55,13.55,13.55,0
AFCE,20110404,15.22,15.3,14.97,15.08,50300
AFFX,20110404,5.09,5.19,4.97,5.01,820200
AFFY,20110404,5.96,6.08,5.82,5.85,861000
AFOP,20110404,10.69,10.95,10.51,10.52,45800
AFSI,20110404,19.23,19.36,19.03,19.05,116100
AGEN,20110404,0.91,0.93,0.9,0.93,213600
AGII,20110404,32.52,32.74,32.44,32.52,68900
AGNC,20110404,29,29,28.7,28.73,3060300
AGYS,20110404,5.82,5.83,5.66,5.8,45300
AHGP,20110404,52.61,52.8,52.2,52.4,99400
AHPI,20110404,4.28,4.35,4.28,4.35,200
AIMC,20110404,24.28,24.6,23.99,24.09,166300
AINV,20110404,12.28,12.29,12.1,12.14,782400
AIRM,20110404,22.4667,23.11,22.44,23.11,61400
AIRT,20110404,9.45,9.48,9.37,9.45,6800
AIXG,20110404,44.5,44.9,44.24,44.88,145400
AKAM,20110404,37.79,38.09,37.46,37.7,2270500
AKRX,20110404,5.88,6.13,5.88,6.02,624200
ALCO,20110404,27.08,27.21,26.58,27.21,11900
ALGN,20110404,20.9,21.38,20.78,21.21,553500
ALGT,20110404,43.48,43.65,42.65,42.7,143300
ALIM,20110404,7.87,8.31,7.85,8.28,60700
ALKS,20110404,13.03,13.39,13.03,13.29,476600
ALLB,20110404,10.79,10.9,10.78,10.84,13700
ALLT,20110404,15.73,15.8,15.16,15.25,199900
ALNY,20110404,9.62,9.76,9.51,9.59,197900
ALOG,20110404,56.96,57.4,56.69,56.99,41600
ALOT,20110404,7.69,7.92,7.6,7.6,4300
ALSK,20110404,10.44,10.55,10.4,10.53,251000
ALTE,20110404,22.99,23.18,22.68,22.83,523400
ALTI,20110404,1.59,1.59,1.51,1.54,309000
ALTR,20110404,43.06,43.2,41.94,42.53,4098600
ALVR,20110404,18.8,18.8,18.2,18.6,101900
ALXA,20110404,16.7,16.7,15.3,15.9,738500
ALXN,20110404,49.95,50.84,49.665,50.395,911800
AMAG,20110404,17.02,17.64,17.01,17.52,154200
AMAP,20110404,18.15,18.79,18.11,18.76,70300
AMAT,20110404,15.54,15.58,15.26,15.4,21011100
AMCC,20110404,10.1,10.23,10,10.09,839900
AMCF,20110404,3.95,3.96,3.55,3.68,86400
AMCN,20110404,5.37,5.55,5.31,5.34,84900
AMED,20110404,32.75,32.85,31.83,32.52,390400
AMGN,20110404,53.32,54.3,53.21,54.03,5510200
AMIC,20110404,4.87,4.87,4.87,4.87,0
AMKR,20110404,6.81,6.82,6.58,6.62,1259400
AMNB,20110404,22.75,23,22.65,22.93,2900
AMOT,20110404,7.12,7.2,6.86,6.92,12100
AMOV,20110404,29.28,29.375,29.22,29.255,8300
AMRB,20110404,6.6,6.65,6.6,6.6,300
AMRI,20110404,4.34,4.34,4.25,4.32,40100
AMRN,20110404,7.47,7.73,7.37,7.39,1626300
AMRS,20110404,27.9,27.9,26.79,26.8,418400
AMSC,20110404,24.54,24.89,24.23,24.68,662900
AMSF,20110404,21.37,22.17,21.37,22.08,38500
AMSG,20110404,25.5,25.73,25.45,25.65,81700
AMSWA,20110404,7.47,7.7,7.32,7.65,55900
AMWD,20110404,20.92,21.18,20.45,20.89,13500
AMZN,20110404,180.89,183.61,180.69,182.94,4189600
ANAC,20110404,6.69,7,6.6,6.9,34700
ANAD,20110404,4.32,4.39,4.24,4.27,734800
ANAT,20110404,79.21,80.56,79.16,79.73,15300
ANCB,20110404,10.91,11,10.75,11,5200
ANCI,20110404,5.55,5.55,5.13,5.31,55300
ANCX,20110404,7.18,7.18,7.07,7.11,8800
ANDE,20110404,49.74,49.74,49.08,49.44,113400
ANEN,20110404,20.17,20.49,19.94,20.14,36500
ANGO,20110404,15.31,15.31,15.1,15.14,36300
ANIK,20110404,8.87,8.87,8.5,8.52,137300
ANLY,20110404,4.26,4.35,4.26,4.3,20400
ANSS,20110404,53.53,54.13,53.11,53.77,623300
ANTH,20110404,6.73,6.8,6.53,6.75,50100
ANTP,20110404,3.43,3.68,3.43,3.53,2000
AOSL,20110404,12.72,12.79,12.28,12.33,42700
APAGF,20110404,86,87.3,85.74,86.4,7000
APEI,20110404,41.25,41.35,40.13,41.16,93700
APFC,20110404,6.09,6.09,6.03,6.07,900
APOG,20110404,13.4,13.68,13.36,13.59,92900
APOL,20110404,41.37,41.5,40.31,40.79,2441000
APPY,20110404,4.68,4.74,4.26,4.56,200700
APRI,20110404,4.33,4.57,4.29,4.4,228000
APSA,20110404,14.63,15.13,14.63,15.05,3800
ARAY,20110404,9.13,9.28,8.81,8.98,588800
ARCC,20110404,17.21,17.35,17.2,17.26,1449700
ARCI,20110404,3.75,4.02,3.75,4.02,2700
ARCW,20110404,2.76,2.76,2.75,2.75,500
ARDNA,20110404,76.4,77.5,76.05,77.5,3900
AREX,20110404,32.2,33.58,31.9,32.02,531000
ARIA,20110404,7.88,8.15,7.77,7.97,2591500
ARII,20110404,24.94,25.42,24.56,24.81,99900
ARKR,20110404,14.26,14.34,14.23,14.34,3500
ARLP,20110404,81.68,82.74,80.92,82.65,117800
ARMH,20110404,28.01,28.16,27.78,28,2732400
ARNA,20110404,1.39,1.41,1.33,1.35,4878900
AROW,20110404,25.14,25.14,24.77,24.86,17500
ARQL,20110404,7.81,7.83,7.54,7.65,403900
ARRS,20110404,12.51,12.56,12.21,12.51,898100
ARRY,20110404,3.07,3.2,3.07,3.19,548400
ARTC,20110404,32.79,33.14,32.56,33.05,309700
ARTNA,20110404,19.7,19.73,19.51,19.71,9200
ARTW,20110404,10.07,10.25,9.96,9.96,4600
ARTX,20110404,1.4,1.4,1.3,1.35,30700
ARUN,20110404,33.15,34.04,32.96,33.6,2437400
ARWR,20110404,0.65,0.69,0.65,0.69,60300
ASBC,20110404,15.03,15.15,14.81,14.88,1013600
ASBI,20110404,4.55,4.55,4.55,4.55,0
ASCA,20110404,18.34,18.69,18.34,18.67,863900
ASCMA,20110404,48.46,49.48,48.25,49.29,49800
ASEI,20110404,93.08,94.79,92.7,93.16,31400
ASFI,20110404,8.51,8.51,8.27,8.33,19800
ASIA,20110404,22.57,22.91,22.17,22.24,640700
ASMI,20110404,40.42,40.94,40.18,40.64,228700
ASML,20110404,44.51,44.55,43.85,44.18,1592900
ASNA,20110404,16.215,16.425,16.035,16.075,590600
ASPS,20110404,30.9,30.9,30.77,30.9,20000
ASRV,20110404,2.24,2.25,2.14,2.24,10800
ASRVP,20110404,25.2,25.2,25.2,25.2,0
ASTC,20110404,1.07,1.07,1.05,1.06,33600
ASTE,20110404,38.11,38.4,37.83,37.91,115900
ASTI,20110404,2.15,2.17,1.58,1.65,2950200
ASTM,20110404,2.82,2.89,2.7,2.76,2708500
ASUR,20110404,1.8,1.8,1.7267,1.74,1500
ASYS,20110404,25.6,26.03,25.09,25.27,259000
ATAI,20110404,7.94,8,7.9,8,1500
ATAX,20110404,5.65,5.72,5.6,5.64,71200
ATEA,20110404,5.53,6.35,5.2,6.31,293300
ATEC,20110404,2.98,3.1,2.82,2.88,749600
ATHN,20110404,44.93,45.5,44.67,45,421500
ATHX,20110404,2.88,2.89,2.75,2.86,205200
ATLO,20110404,19,19,18.69,18.86,2100
ATMI,20110404,18.51,18.52,18.11,18.38,83200
ATML,20110404,13.16,13.34,12.91,13.14,6540500
ATNI,20110404,36.45,37.36,36.45,36.93,50600
ATRC,20110404,11.62,11.67,11.49,11.61,40900
ATRI,20110404,178.52,180.61,177.67,180.56,1400
ATRM,20110404,1.67,1.72,1.62,1.71,19300
ATRO,20110404,25.25,25.66,25.25,25.39,31000
ATSG,20110404,8.38,8.38,7.98,8.29,234500
ATVI,20110404,11.01,11.05,10.99,11.01,4151300
ATX,20110404,10.52,10.93,10.51,10.76,32100
AUBN,20110404,19.77,19.77,19.77,19.77,700
AUDC,20110404,5.83,5.93,5.62,5.76,165700
AUXL,20110404,21.61,21.61,21.21,21.46,517400
AVAV,20110404,30.86,31.07,29.8,30.2,815600
AVEO,20110404,13.11,13.32,13.11,13.18,104000
AVGO,20110404,31.33,31.59,29.96,30.6,1878900
AVID,20110404,21.91,22.22,21.55,21.72,98500
AVNR,20110404,4,4.07,3.9,3.96,4333900
AVNW,20110404,5.13,5.16,5.05,5.09,278900
AWRE,20110404,3.25,3.47,3.09,3.35,7000
AXAS,20110404,5.83,5.86,5.69,5.72,1066700
AXFN,20110404,25.96,25.96,25.96,25.96,0
AXTI,20110404,6.8,6.91,6.67,6.76,672800
AZPN,20110404,14.92,15.01,14.75,14.88,535700
BABY,20110404,17.04,17.23,16.99,17.15,236200
BAGL,20110404,16.38,16.4,16.11,16.23,22100
BAMM,20110404,4.09,4.12,4.04,4.04,53800
BANC,20110404,15.84,15.99,15.38,15.86,6600
BANF,20110404,42.9,43,42.49,42.69,57500
BANFP,20110404,27.68,27.94,26.41,26.41,900
BANR,20110404,16.73,16.94,16.38,16.66,432700
BASI,20110404,2.25,2.29,2.2,2.25,4600
BBBY,20110404,48.84,48.89,47.77,48.49,3562000
BBEP,20110404,21.74,21.75,21.37,21.47,255100
BBGI,20110404,8.3,9.34,8.27,8.53,15900
BBNK,20110404,9.44,9.44,9.38,9.42,900
BBOX,20110404,35.25,35.6,35.25,35.55,48600
BBRG,20110404,18,18.18,17.47,17.99,117000
BBRY,20110404,55.89,56.23,54.31,54.79,15980700
BBSI,20110404,15.78,16,15.34,15.68,13700
BCBP,20110404,10.31,10.48,10.26,10.3,5500
BCOM,20110404,35,35,35,35,100
BCPC,20110404,37.7,38.05,37.68,37.97,55700
BCRX,20110404,3.91,3.94,3.82,3.85,189900
BCSB,20110404,12.99,13.57,12.99,13.57,1000
BDE,20110404,7.04,7.08,6.9,6.93,39000
BDGE,20110404,22.51,22.55,22.26,22.46,4600
BDMS,20110404,19.6,19.6,19.57,19.6,800
BDSI,20110404,3.54,3.55,3.37,3.54,126200
BEAT,20110404,4.83,4.84,4.76,4.79,196200
BEAV,20110404,36.22,36.36,35.75,35.97,478900
BEBE,20110404,5.77,6,5.77,5.94,495500
BECN,20110404,21.3,21.34,21,21.07,161300
BELFA,20110404,23.98,23.98,23.98,23.98,0
BELFB,20110404,21.81,22.11,21.62,21.8,22500
BERK,20110404,6.03,6.24,5.94,6.24,1500
BFIN,20110404,9.3,9.44,9.3,9.36,17200
BFLY,20110404,3.06,3.06,2.98,3.05,500
BGCP,20110404,9.44,9.6,9.36,9.39,471900
BGFV,20110404,11.59,11.85,11.5,11.83,128900
BGMD,20110404,6.15,7.97,6.15,7.93,33000
BIB,20110404,35.07,35.82,34.88,35,4600
BICK,20110404,34.3,34.49,34.1,34.22,64300
BIDU,20110404,139.98,143.11,138.9,143.11,8118700
BIIB,20110404,73.23,73.32,72.97,73.27,1083100
BIOD,20110404,8.48,8.52,8.32,8.32,223100
BIOF,20110404,16.4,16.6,14.8,15.2,1040000
BIOS,20110404,4.63,4.83,4.53,4.83,290500
BIRT,20110404,5.28,5.34,5.25,5.32,83500
BIS,20110404,42.83,45.05,42.35,42.7,800
BJRI,20110404,39.79,40.24,39.03,39.76,196100
BKCC,20110404,10.25,10.34,10.13,10.2,764300
BKMU,20110404,4.24,4.27,4.16,4.21,75400
BKOR,20110404,4.6,4.6,4.6,4.6,100
BKSC,20110404,11.89,11.89,11.37,11.89,400
BKYF,20110404,20.73,20.76,20.72,20.76,800
BLDP,20110404,2.4,2.49,2.4,2.42,857800
BLDR,20110404,2.83,3.13,2.82,3.04,234700
BLIN,20110404,1.13,1.13,1.12,1.13,4700
BLKB,20110404,27.86,27.86,27.29,27.43,109900
BMC,20110404,50.79,51,50.64,50.88,940000
BMRC,20110404,38,38.07,37.9,38.07,7100
BMRN,20110404,25.21,25.79,25.21,25.57,530700
BMTC,20110404,20.9,21.15,20.9,21.09,83600
BNCL,20110404,8.74,8.74,8.54,8.6,61800
BNCN,20110404,7.76,7.91,7.75,7.85,5500
BNSO,20110404,2.08,2.08,1.97,2.08,2000
BOBE,20110404,32.66,32.8,32.37,32.53,75500
BOCH,20110404,4.35,4.43,4.3,4.35,82100
BODY,20110404,24.5,25.12,23.54,23.64,174200
BOFI,20110404,15.79,15.79,15.56,15.65,14100
BOKF,20110404,52.36,52.44,52.07,52.19,24900
BOLT,20110404,13.71,14,13.71,13.88,11500
BONA,20110404,6.36,6.5,6.25,6.35,42100
BONT,20110404,15.38,15.6,15.22,15.32,111300
BOOM,20110404,29.02,29.16,28.68,28.84,117500
BOSC,20110404,11.4,12.8,10.88,12.2,55200
BPAX,20110404,12.24,12.66,12.06,12.6,2680100
BPFH,20110404,7.18,7.35,7.18,7.26,279400
BPFHW,20110404,2.65,2.65,2.65,2.65,0
BPHX,20110404,1.89,1.91,1.85,1.9,7500
BPOP,20110404,30.2,30.3,29.3,30,8588100
BPOPM,20110404,18.95,18.97,18.87,18.87,2200
BPOPN,20110404,19.89,19.9,19.69,19.9,3300
BRCD,20110404,6,6.03,5.82,5.86,11480900
BRCM,20110404,38.31,38.81,37.78,38.08,9135400
BRID,20110404,11.43,11.43,11.43,11.43,200
BRKL,20110404,10.5,10.53,10.41,10.49,284400
BRKR,20110404,21.36,21.47,21.24,21.41,1257000
BRKS,20110404,14.09,14.32,13.85,13.97,1133400
BRLI,20110404,22.61,23,22.61,22.87,224300
BSDM,20110404,4.3,4.45,4.27,4.35,295400
BSET,20110404,7.76,7.89,7.6,7.77,10700
BSFT,20110404,49.25,49.85,44.9,46.59,1485800
BSPM,20110404,6.36,6.63,6.21,6.24,319600
BSQR,20110404,6.96,7.06,6.3,6.6,383700
BSRR,20110404,10.98,11.08,10.92,11.02,14800
BSTC,20110404,25.36,25.55,25.29,25.47,900
BTUI,20110404,11.56,11.56,10.88,10.89,11100
BUSE,20110404,5.29,5.3,5.23,5.25,259800
BVSN,20110404,14.45,14.5,14.16,14.5,2700
BWEN,20110404,14,14.1,13.6,13.7,602200
BWINA,20110404,22.93,22.93,21.49,21.5,3900
BWINB,20110404,24.28,24.44,23.95,24.14,20500
BWLD,20110404,54.91,56.64,54.71,55.15,426900
BYFC,20110404,2.22,2.22,2.22,2.22,0
CA,20110404,24.15,24.2,23.68,23.82,3832100
CAAS,20110404,9,9,8.25,8.38,373600
CAC,20110404,35.42,35.54,35.04,35.51,3600
CACB,20110404,6.89,6.91,6.62,6.91,2500
CACC,20110404,74.83,75.65,74.52,74.68,24200
CACH,20110404,4.39,4.6,4.35,4.46,69900
CADC,20110404,3.44,3.49,3.4,3.44,32000
CADX,20110404,9.6,9.75,9.39,9.45,357800
CAFI,20110404,1.99,2,1.9,2,1200
CAKE,20110404,30.37,30.74,29.76,29.91,1243800
CALD,20110404,6.87,6.9,6.81,6.87,62200
CALI,20110404,14.76,14.94,14.7,14.7,15900
CALL,20110404,11.05,11.315,10.855,11.305,10600
CALM,20110404,29.4,29.56,29.33,29.4,67600
CAMP,20110404,3.17,3.33,3.17,3.22,26900
CAMT,20110404,3.96,4.16,3.96,4.11,64800
CAR,20110404,17.88,18.2,17.88,18.13,2065100
CART,20110404,3.18,3.19,3.1,3.19,1900
CARV,20110404,0.82,0.84,0.7,0.7,14500
CASH,20110404,15.76,15.9,15.76,15.9,4400
CASM,20110404,3.02,3.1,3,3.1,4000
CASS,20110404,39.21,39.87,38.59,39.86,26000
CASY,20110404,39.12,39.18,38.79,39.02,157800
CATM,20110404,20.24,20.85,20.18,20.79,245000
CATY,20110404,17.62,17.62,17.23,17.3,604100
CAVM,20110404,44.75,44.98,44.09,44.68,923400
CBAK,20110404,8.75,9.1,8.7,8.95,214100
CBAN,20110404,4.15,4.15,4.1,4.15,9500
CBEY,20110404,11.99,12.02,11.69,11.78,290400
CBIN,20110404,10.68,10.69,10.25,10.5,3700
CBLI,20110404,7.61,7.69,7.27,7.34,229500
CBMX,20110404,21.6,21.6,21.1,21.4,12000
CBMXW,20110404,3,3,3,3,0
CBNJ,20110404,10,10,9.8,9.85,3100
CBNK,20110404,13.9,14.04,13.83,14.04,2800
CBOE,20110404,27.43,28,27.21,27.7,513500
CBPO,20110404,15.5,15.75,15.5,15.69,21100
CBRL,20110404,49.43,49.61,48.94,49.03,144900
CBRX,20110404,3.87,3.99,3.76,3.99,943900
CBSH,20110404,41.02,41.26,40.84,41.01,261000
CBST,20110404,25.14,25.33,25.1,25.25,1693700
CCBG,20110404,12.69,12.9,12.67,12.77,9200
CCCL,20110404,5.96,6.08,5.47,5.61,203100
CCIH,20110404,18.36,18.66,17.9,18.45,203800
CCIX,20110404,9,9.96,8.94,9.49,127300
CCMP,20110404,52.18,52.4,50.96,51.81,130400
CCNE,20110404,14.42,14.45,14.37,14.42,2600
CCOI,20110404,14.74,14.86,14.63,14.75,201900
CCRN,20110404,7.88,7.88,7.57,7.66,57100
CCUR,20110404,5.98,6.04,5.91,5.92,6100
CDNS,20110404,10.04,10.18,10.02,10.08,4395600
CDTI,20110404,6.83,6.83,6.33,6.57,78100
CDXS,20110404,12.1,12.24,11.7,11.73,128700
CDZI,20110404,12.48,12.65,12.48,12.6,27800
CECE,20110404,5.81,5.83,5.81,5.82,4400
CECO,20110404,23.23,23.49,23.04,23.25,496800
CEDU,20110404,7.5,7.5,7.31,7.4,3200
CELG,20110404,57.45,57.89,56.54,56.7,2495700
CELGZ,20110404,2.49,2.5,2.45,2.5,18800
CENT,20110404,8.99,9.23,8.99,9.17,136000
CENTA,20110404,9.39,9.67,9.39,9.61,118000
CENX,20110404,19.09,19.23,18.95,19.17,1170800
CERN,20110404,56.685,57.065,56.405,56.815,557400
CERS,20110404,2.9,2.9,2.85,2.88,178300
CETV,20110404,22.07,22.51,21.48,21.48,324300
CEVA,20110404,27.21,27.28,26.94,27.16,230000
CFBK,20110404,5.7,5.7,5.65,5.7,600
CFFI,20110404,21.38,21.4,21.11,21.11,1300
CFFN,20110404,11.21,11.26,11.16,11.25,1302200
CFNB,20110404,15.03,15.17,15.03,15.14,300
CFNL,20110404,11.91,11.91,11.7,11.83,64100
CGEN,20110404,5.08,5.14,5.05,5.12,27900
CGNX,20110404,28.4,28.5,28.29,28.39,138800
CHCI,20110404,1.34,1.34,1.31,1.31,16900
CHCO,20110404,35.79,36.14,35.67,36.09,61300
CHDN,20110404,41.33,41.68,40.92,41.31,27300
CHDX,20110404,15.89,16.03,15.78,15.8,28300
CHEV,20110404,8.51,8.51,8.47,8.47,2900
CHFC,20110404,20.21,20.21,19.9,20.15,12900
CHFN,20110404,11.0464,11.0464,10.9668,10.9668,1000
CHKE,20110404,17.59,17.99,17.54,17.97,89800
CHKP,20110404,51.62,52.03,51.52,51.97,886400
CHLN,20110404,1.95,2.02,1.83,1.95,158400
CHNR,20110404,13.6,13.73,13.22,13.22,4200
CHOP,20110404,4.77,4.92,4.41,4.41,716600
CHRM,20110404,10,10.1,9.92,9.98,2300
CHRW,20110404,75.11,75.81,74.88,75.64,880400
CHSCP,20110404,29.65,29.82,29.65,29.7,17700
CHTP,20110404,3.95,4.09,3.84,3.86,356900
CHTR,20110404,51.93,52.06,51.57,51.99,125700
CHYR,20110404,2.24,2.24,2.1,2.1,5400
CIDM,20110404,1.73,1.75,1.66,1.69,30200
CIEN,20110404,25.46,25.62,24.84,25.07,3377600
CIMT,20110404,3.5,3.7,3.5,3.54,55000
CINF,20110404,32.98,33.34,32.96,33.34,833200
CISG,20110404,12.85,13.17,12.68,12.93,313700
CITZ,20110404,5.53,5.53,5.5,5.53,17600
CIZN,20110404,21.5,21.5,21.5,21.5,0
CJJD,20110404,2.5,2.76,2.5,2.76,35700
CKEC,20110404,7.07,7.07,6.82,6.94,362000
CKSW,20110404,8.81,8.81,8.58,8.66,61600
CLBH,20110404,3.84,4,3.84,3.89,1400
CLCT,20110404,14.15,14.21,14.1,14.14,27100
CLDX,20110404,4.48,4.7,4.45,4.46,1043900
CLFD,20110404,5.19,5.2,5.09,5.2,42400
CLMS,20110404,16.93,17.15,16.66,17.09,96900
CLMT,20110404,21.27,21.67,21.11,21.39,335600
CLNE,20110404,16.59,17.64,16.5,17.41,5328200
CLRO,20110404,6.54,6.81,6.31,6.74,50800
CLSN,20110404,2.37,2.4,2.3,2.4,57300
CLUB,20110404,4.79,5.01,4.79,4.98,21100
CLWR,20110404,5.6,5.84,5.55,5.7,4336000
CLWT,20110404,7.425,8.14,7.425,7.975,38100
CMCO,20110404,19.98,20.14,19.77,19.79,92700
CMCSA,20110404,25.18,25.29,24.95,25.26,9761100
CMCSK,20110404,23.61,23.74,23.4,23.67,3185100
CME,20110404,305.67,307.18,304.65,305.11,294400
CMLS,20110404,4.39,4.41,4.29,4.32,27800
CMSB,20110404,8.73,8.73,8.73,8.73,0
CMTL,20110404,27.82,29.24,27.78,29.01,543500
CNBC,20110404,9.61,9.63,9.5,9.54,9300
CNBKA,20110404,27.55,27.55,27.55,27.55,11200
CNET,20110404,3.8,3.83,3.69,3.8,55900
CNIT,20110404,2.55,2.75,2.51,2.55,1391300
CNMD,20110404,26.08,26.47,26.08,26.36,90400
CNQR,20110404,56.12,56.27,55.7,56,276300
CNSL,20110404,18.5,18.55,18.38,18.5,149600
CNTF,20110404,4.44,4.46,4.27,4.41,96200
CNTY,20110404,2.95,2.96,2.87,2.87,25900
CNYD,20110404,7.57,7.58,6.96,7.18,15600
COBK,20110404,12.75,12.75,12.75,12.75,0
COBR,20110404,3.81,3.96,3.81,3.87,15700
COBZ,20110404,6.81,6.93,6.81,6.86,105000
COCO,20110404,4.54,4.6,4.46,4.47,1297600
COGO,20110404,8.13,8.2,8.08,8.11,107600
COHR,20110404,57.5,58.09,57.11,57.96,82500
COHU,20110404,15.4,15.47,15.13,15.35,57100
COKE,20110404,67.35,68.74,66.5,68.61,100300
COLB,20110404,19.16,19.66,19.16,19.27,68900
COLM,20110404,58.5,58.91,58.21,58.85,74000
CONN,20110404,4.8,5.15,4.75,5.15,853200
COOL,20110404,3.33,4.13,3.3,3.9,4360000
CORE,20110404,32.84,33.82,32.84,33.75,34500
CORT,20110404,4.27,4.3,4.19,4.25,109500
COSI,20110404,1.27,1.28,1.23,1.26,123700
COST,20110404,74.43,74.88,73.94,74.17,1287000
COWN,20110404,4.05,4.16,4.05,4.12,382900
CPBC,20110404,4.61,4.61,4.61,4.61,100
CPGI,20110404,3.06,3.06,2.98,2.98,31200
CPHC,20110404,11.4,11.64,11.27,11.27,2200
CPHD,20110404,28.83,29.41,28.56,29.35,418400
CPIX,20110404,5.53,5.53,5.43,5.46,18700
CPLA,20110404,51,51.18,50.18,51.04,104400
CPLP,20110404,10.63,10.75,10.61,10.66,119300
CPNO,20110404,35.78,36.08,35.77,35.98,162900
CPRT,20110404,21.645,22.035,21.645,22.005,333600
CPRX,20110404,1.12,1.15,1.1,1.11,8200
CPSI,20110404,66,66,63.97,64.79,69200
CPSL,20110404,20.4,20.52,20.16,20.52,138000
CPSS,20110404,1.14,1.17,1.12,1.14,9900
CPST,20110404,2.01,2.07,1.98,2.01,7706500
CPTS,20110404,14.65,14.93,14.62,14.64,140500
CPWR,20110404,11.61,11.67,11.55,11.6,1193900
CRAI,20110404,28.65,29.4,28.65,28.84,35200
CRAY,20110404,6.44,6.53,6.35,6.49,420800
CRDC,20110404,3.65,3.75,3.65,3.74,81500
CREE,20110404,45.58,46.25,45.2,45.68,2497300
CREG,20110404,2.98,2.98,2.65,2.81,39700
CRESW,20110404,0.23,0.24,0.23,0.23,13000
CRESY,20110404,18.47,18.47,18.21,18.28,83200
CRFN,20110404,4.06,4.17,4.06,4.1,1700
CRIS,20110404,3.35,3.45,3.3,3.43,581800
CRME,20110404,21.5,21.85,21,21.1,340900
CRMT,20110404,25.44,25.83,25.32,25.5,45300
CRNT,20110404,11.94,11.98,11.6,11.62,217000
CROX,20110404,18.37,18.59,18.09,18.43,1057400
CRRB,20110404,4.5,4.5,4.5,4.5,0
CRRC,20110404,13.92,14.09,13.89,14.02,30100
CRTX,20110404,6.54,6.56,6.46,6.46,26600
CRUS,20110404,20.3,20.32,19.33,19.65,3152100
CRVL,20110404,53.18,53.22,52.7,53.19,20400
CRWN,20110404,2.25,2.36,2.16,2.34,149700
CRWS,20110404,4.93,4.93,4.93,4.93,7500
CRZO,20110404,37.48,38.11,37.33,37.68,457300
CSBK,20110404,11.91,11.94,11.64,11.84,20400
CSCD,20110404,6.23,7,6.02,6.6,45400
CSCO,20110404,17.01,17.14,17,17.06,57644200
CSFL,20110404,7.02,7.02,6.77,6.81,41700
CSGP,20110404,63.05,64.06,63.05,63.38,69200
CSGS,20110404,20.15,20.22,19.99,20.22,143400
CSII,20110404,10.78,11.08,10.69,11.02,27900
CSIQ,20110404,11.11,11.19,10.88,10.95,868400
CSOD,20110404,17.6,18.57,17.47,18.57,123300
CSPI,20110404,4.59,4.67,4.59,4.64,8800
CSTR,20110404,46.2,46.42,44.85,45.45,747100
CSUN,20110404,4.07,4.08,3.98,4.02,190000
CSWC,20110404,93,94.02,92.64,94.02,4700
CTAS,20110404,30.46,30.58,30.32,30.56,806700
CTBI,20110404,27.65,27.75,27.46,27.67,27300
CTCH,20110404,3.46,3.49,3.33,3.46,35500
CTCM,20110404,24.13,24.14,23.68,23.97,210300
CTCT,20110404,36.33,36.33,35.15,35.31,393300
CTGX,20110404,13.53,13.82,13.48,13.56,41400
CTHR,20110404,3.55,3.62,3.5,3.53,39600
CTIB,20110404,4.78,5.3,4.76,5.3,11400
CTIC,20110404,2.05,2.1,2,2.05,12446800
CTRN,20110404,22.18,22.34,22.11,22.24,47200
CTRP,20110404,41.66,42.86,41.53,42.84,2032800
CTSH,20110404,82.76,82.76,81.86,82.35,1361200
CTWS,20110404,26.26,26.64,26.24,26.64,7700
CTXS,20110404,75.88,76.6,74.83,75.41,1747200
CU,20110404,45.4,45.48,45.09,45.45,245400
CUBA,20110404,7.45,7.52,7.45,7.46,6300
CUTR,20110404,8.6,8.67,8.5,8.52,10300
CVBF,20110404,9.52,9.9,9.52,9.82,1165300
CVCO,20110404,45.05,45.43,45.05,45.43,9600
CVCY,20110404,6.24,6.29,6.2,6.25,10400
CVGI,20110404,18.56,18.93,18.24,18.78,162600
CVGW,20110404,21.55,21.9,21.55,21.75,22300
CVLT,20110404,40.05,40.29,39.36,39.71,536000
CVLY,20110404,10.9,10.94,10.9,10.93,4600
CVTI,20110404,9.43,9.57,9.25,9.49,36400
CVV,20110404,10.51,10.68,10.51,10.62,4200
CWBC,20110404,4.55,4.56,4.55,4.55,1100
CWCO,20110404,10.85,10.9,10.7,10.75,19800
CWEI,20110404,107.51,108.45,105.48,105.92,58800
CWST,20110404,7.05,7.16,6.95,6.99,56300
CWTR,20110404,10.52,10.6,10.12,10.2,276600
CXDC,20110404,5.18,5.28,4.83,5.02,349500
CXPO,20110404,4.05,4.11,3.98,4.02,137600
CY,20110404,19.15,19.22,18.81,18.96,1997300
CYAN,20110404,3.37,3.44,3.37,3.41,4900
CYBE,20110404,8.76,8.8,8.52,8.64,7100
CYBX,20110404,32.29,33.41,32.29,33.19,306300
CYCC,20110404,10.36,10.57,9.8,10.36,521700
CYCCP,20110404,3.63,3.63,3.63,3.63,100
CYMI,20110404,56.12,56.88,54.96,55.47,618300
CYNO,20110404,13.98,14.7,13.98,14.62,57900
CYOU,20110404,33.2,33.9,32.99,33.42,99600
CYTK,20110404,1.48,1.54,1.45,1.49,349800
CYTR,20110404,6.23,6.23,6.02,6.09,229200
CYTX,20110404,7.98,8.3,7.94,8.25,778500
CYTXW,20110404,5.65,5.8,5.44,5.75,31800
CZFC,20110404,8.25,8.25,8.15,8.15,3200
CZNC,20110404,17.39,17.39,16.93,17.01,10800
CZWI,20110404,5,5,5,5,0
DAIO,20110404,5.95,6,5.95,6,400
DAKT,20110404,10.99,11.15,10.91,11.08,219700
DARA,20110404,3.06,3.1,3.02,3.07,24500
DAVE,20110404,9.71,9.74,9.62,9.74,51400
DBLE,20110404,9.12,9.15,9,9.04,72200
DBLEP,20110404,26.08,26.1,26,26.09,800
DCIX,20110404,12.6,12.7,12.51,12.65,25500
DCOM,20110404,14.87,14.94,14.77,14.94,58200
DCTH,20110404,7.51,7.59,7.33,7.36,317600
DECK,20110404,88.27,89.28,87.6,89.08,656500
DELL,20110404,14.34,14.4,14.13,14.25,16738800
DENN,20110404,4.19,4.24,4.12,4.13,436000
DEPO,20110404,9.6,9.7,9.21,9.38,1348400
DEST,20110404,23.48,23.9,23.04,23.74,290300
DFZ,20110404,13.17,13.3,12.95,13.2,52600
DGAS,20110404,15.905,16.06,15.75,16.06,1800
DGICA,20110404,13.54,13.73,13.53,13.68,8100
DGICB,20110404,16.75,16.75,16.75,16.75,0
DGII,20110404,10.37,10.6,10.27,10.38,102200
DGIT,20110404,32.59,33.48,32.32,33.27,227200
DGLY,20110404,1.37,1.45,1.35,1.35,24200
DHIL,20110404,79.54,79.95,79.22,79.95,11300
DHRM,20110404,5.05,5.05,4.8,4.83,18600
DIOD,20110404,33.51,33.83,32.79,33.16,184100
DISCA,20110404,40.53,40.65,40.41,40.48,1060200
DISCB,20110404,40.38,40.38,40.38,40.38,200
DISCK,20110404,35.54,35.88,35.44,35.78,615500
DISH,20110404,24.51,24.58,24.23,24.47,1352800
DJCO,20110404,73.9,73.9,73.9,73.9,0
DLGC,20110404,23.65,23.9,23.25,23.75,10800
DLIA,20110404,1.8,1.82,1.78,1.79,50500
DLLR,20110404,21.73,22.7,21.49,22.15,739500
DLTR,20110404,28.365,28.4,27.925,28.17,597100
DMLP,20110404,29.67,29.87,29.15,29.3,19300
DMND,20110404,57.65,57.73,56.64,57.22,95000
DMRC,20110404,28.48,28.63,28.12,28.49,24800
DNBF,20110404,9.07,9.1,9.04,9.05,1100
DNDN,20110404,37.25,37.79,36.72,36.87,3098100
DORM,20110404,20.58,21.065,20.575,20.66,51100
DOVR,20110404,4.49,4.65,4.34,4.56,6700
DRAD,20110404,2.43,2.45,2.41,2.44,11400
DRAM,20110404,13.2,13.38,12.66,12.66,19200
DRCO,20110404,16.06,16.36,15.96,16.19,79800
DRIV,20110404,37.45,37.7,37.36,37.58,258500
DRRX,20110404,3.52,3.64,3.46,3.61,140400
DRWI,20110404,8.61,8.75,8.22,8.47,662900
DRYS,20110404,4.81,4.81,4.68,4.7,6989800
DSCI,20110404,9.88,9.88,9.3,9.53,13500
DSCO,20110404,1.87,1.9,1.85,1.9,193900
DSGX,20110404,6.67,6.8,6.67,6.72,22600
DSPG,20110404,7.69,7.83,7.53,7.76,84400
DSWL,20110404,3.1,3.1,3.05,3.09,34200
DTLK,20110404,6.5,6.85,6.47,6.64,285400
DTSI,20110404,46.86,47.4,46.74,47.3,101900
DTV,20110404,47.23,47.31,46.87,47.1,2986000
DVAX,20110404,2.76,2.79,2.72,2.74,254300
DVOX,20110404,5.48,5.51,5.24,5.3,12600
DWA,20110404,27.59,27.64,27.15,27.18,711800
DWCH,20110404,5.4,5.42,5.1,5.15,16400
DWSN,20110404,44.85,46.87,44.74,46.65,176500
DXCM,20110404,16.32,16.53,16.11,16.14,240300
DXPE,20110404,23.68,24.33,23.66,24.17,95000
DXYN,20110404,4.72,4.8,4.72,4.8,3300
DYAX,20110404,1.57,1.59,1.53,1.55,585200
DYNT,20110404,7.7,8.1,6.65,8,764600
DYSL,20110404,4.04,4.23,3.88,3.92,59500
EBAY,20110404,31.36,31.64,30.87,31.39,7091300
EBIX,20110404,24.15,24.45,23.87,24.03,842100
EBMT,20110404,11.6,11.6,11.6,11.6,2000
EBSB,20110404,14.3,14.3,14.2,14.23,5600
EBTC,20110404,14.99,15,14.9,15,1000
ECHO,20110404,13.05,13.28,13.03,13.21,59700
ECOL,20110404,17.73,17.74,17.61,17.7,66800
ECPG,20110404,25.14,25.69,25.14,25.31,102500
ECTY,20110404,3.19,3.23,3.15,3.15,19900
ECYT,20110404,8.5,8.69,8.26,8.5,146500
EDAC,20110404,3.44,3.44,3.36,3.37,6400
EDAP,20110404,3.51,3.54,3.4,3.49,87600
EDGW,20110404,3.29,3.29,3.18,3.24,15100
EDMC,20110404,20.1,21.08,20.1,20.85,165800
EDS,20110404,7.61,7.61,7.04,7.28,28600
EDUC,20110404,6.18,6.18,5.98,5.98,2400
EEFT,20110404,19.07,19.18,18.98,19.04,186000
EEI,20110404,19.8,19.93,19.36,19.92,18000
EFII,20110404,14.9,14.97,14.73,14.77,86000
EFSC,20110404,14.25,14.35,14.13,14.24,21700
EFUT,20110404,5.67,5.67,5.67,5.67,100
EGBN,20110404,13.5,13.99,13.5,13.94,23300
EGHT,20110404,2.91,2.95,2.9,2.92,268900
EGLE,20110404,15.16,15.24,15.08,15.2,514500
EGOV,20110404,12.5,12.75,12.45,12.75,276600
EHTH,20110404,13.56,13.81,13.48,13.78,157700
EIHI,20110404,13.03,13.03,12.95,12.95,10600
ELGX,20110404,7.05,7.3,7.04,7.14,497100
ELNK,20110404,7.85,7.93,7.83,7.92,1515200
ELON,20110404,10.27,10.27,9.8,9.83,163300
ELOS,20110404,13.63,13.75,12.98,13.25,218700
ELRC,20110404,17.47,17.5,17.11,17.42,19700
ELSE,20110404,4.46,4.46,4.46,4.46,100
ELTK,20110404,1.13,1.18,1.12,1.17,33300
EMCF,20110404,17.25,17.25,17.25,17.25,0
EMCI,20110404,24.68,24.96,24.66,24.79,2400
EMFN,20110404,30.13,30.13,29.72,29.72,1100
EMIF,20110404,36.77,36.95,36.63,36.81,20000
EMITF,20110404,11.75,11.75,11.75,11.75,100
EMKR,20110404,9.72,9.84,9.28,9.72,941700
EMMS,20110404,1.07,1.08,1.01,1.05,149400
EMMSP,20110404,15.78,15.78,15.75,15.75,1800
EMMT,20110404,28.5,28.69,28.5,28.66,15600
ENDP,20110404,39.08,39.12,38.43,38.5,1510900
ENG,20110404,4.36,4.49,4.31,4.38,68200
ENMD,20110404,5.05,5.28,5.05,5.28,6500
ENOC,20110404,19.04,19.49,18.94,19.04,171800
ENSG,20110404,32.82,33.16,32.24,32.9,86600
ENTG,20110404,8.51,8.6,8.27,8.36,1738600
ENTR,20110404,8.33,8.34,7.93,7.95,3422200
ENZN,20110404,11.09,11.1,10.98,11.05,308000
EONC,20110404,1.54,1.54,1.54,1.54,2200
EPAX,20110404,10.75,10.75,10.59,10.68,63800
EPAY,20110404,24.34,24.9,24.34,24.57,84300
EPIQ,20110404,14.07,14.44,14.07,14.4,107100
EQIX,20110404,92.72,93.18,92.29,92.79,353600
ERIC,20110404,12.87,12.88,12.76,12.85,1874000
ERIE,20110404,71.83,72.28,71.34,72.15,102800
ERII,20110404,3.19,3.29,3.16,3.19,212100
EROC,20110404,10.19,10.57,10.19,10.41,326200
ESBF,20110404,12.4167,12.475,12.15,12.3167,3700
ESBK,20110404,17.25,17.25,17.25,17.25,400
ESCA,20110404,5.72,5.78,5.63,5.68,28000
ESEA,20110404,4.84,4.85,4.75,4.82,45500
ESGR,20110404,99.47,100,97.36,100,13200
ESIO,20110404,16.76,17.1,16.64,17.03,65600
ESLT,20110404,55.36,55.9,55.28,55.29,4300
ESMC,20110404,1.2,1.21,1.2,1.2,2500
ESRX,20110404,56.32,57.63,56.29,56.91,5067000
ESSA,20110404,13.29,13.44,13.12,13.25,18400
ESSX,20110404,7.15,7.15,6.89,7.05,5500
ESYS,20110404,4.24,4.89,4.03,4.78,5000
ETFC,20110404,15.84,15.99,15.8,15.85,2171300
ETRM,20110404,2.84,2.84,2.71,2.75,85200
EUFN,20110404,23.37,23.38,23.3,23.36,11400
EVBS,20110404,3.62,3.62,3.62,3.62,0
EVEP,20110404,53.44,54.77,53.13,53.66,256000
EVOL,20110404,6.94,7.65,6.81,7.42,35400
EWBC,20110404,22.2,22.6,22.2,22.52,755400
EXAC,20110404,17.67,17.8,17.41,17.49,8700
EXAR,20110404,6.05,6.16,5.99,6.11,122300
EXAS,20110404,7.33,7.7,7.23,7.42,828900
EXEL,20110404,11.42,11.5,11.07,11.12,1283000
EXFO,20110404,8.42,8.5,7.9,7.91,464000
EXLP,20110404,27.83,28.27,27.58,28.24,90700
EXLS,20110404,21.68,21.92,21.19,21.26,48500
EXPD,20110404,50.79,51.14,50.26,50.33,1277200
EXPE,20110404,22.33,22.5,22,22.43,3545500
EXPO,20110404,44.83,45.53,44.68,45.17,36800
EXTR,20110404,3.41,3.5,3.28,3.5,1291200
EXXI,20110404,34.95,35.38,34.52,34.68,712800
EZCH,20110404,29.4,29.45,28.62,28.99,118800
EZPW,20110404,31.3,32.13,31.19,31.97,322200
FABK,20110404,13.82,13.82,13.82,13.82,0
FALC,20110404,4.63,4.69,4.46,4.47,109900
FARM,20110404,12.37,12.88,12.27,12.86,10200
FARO,20110404,40.45,40.99,39.88,40.56,135100
FAST,20110404,32.97,33.06,32.69,33.06,704500
FBIZ,20110404,11.9,11.9,11.83,11.83,1200
FBMI,20110404,6.06,6.39,6.06,6.28,2100
FBMS,20110404,8.6,8.6,8.6,8.6,0
FBNC,20110404,13.29,13.37,13.11,13.34,20200
FBSS,20110404,13.89,13.89,13.89,13.89,200
FCAL,20110404,3.94,3.99,3.83,3.95,55700
FCAP,20110404,16.47,16.5,16.4,16.5,800
FCBC,20110404,14.84,15.2,14.78,14.87,65200
FCCO,20110404,6.74,6.75,6.7,6.7,3200
FCCY,20110404,8.5,8.5,8.5,8.5,0
FCEL,20110404,2.18,2.18,2.05,2.07,3042400
FCFC,20110404,6.44,6.5,6.35,6.5,5000
FCFS,20110404,38.66,39.11,38.36,38.5,208100
FCHI,20110404,54.21,54.53,54.13,54.53,24200
FCLF,20110404,7,7.01,6.94,6.94,3500
FCNCA,20110404,201.45,201.45,200.1,200.72,3000
FCTY,20110404,3.93,3.93,3.9,3.9,1900
FCVA,20110404,3.81,3.84,3.81,3.83,1500
FCZA,20110404,4.15,4.25,4.15,4.15,7200
FDEF,20110404,14.45,14.53,14.26,14.34,14100
FDML,20110404,25.05,25.11,24.86,24.91,125100
FEFN,20110404,24.99,24.99,24.99,24.99,0
FEIC,20110404,33.54,34.24,33.54,33.78,196400
FEIM,20110404,10.6,11.41,10.47,11.4,146700
FELE,20110404,23.255,23.5,23.21,23.5,77400
FFBC,20110404,16.78,16.89,16.71,16.79,216700
FFBCW,20110404,5.75,5.75,5.75,5.75,0
FFBH,20110404,2.85,2.85,2.75,2.8,23000
FFCH,20110404,11.29,11.48,11.23,11.37,12600
FFCO,20110404,15,15.5,14,14.24,84300
FFEX,20110404,3.47,3.49,3.44,3.45,8600
FFHL,20110404,4.05,4.55,4.01,4.41,102900
FFIC,20110404,14.81,15.07,14.81,15.02,51600
FFIN,20110404,34.3267,34.8133,34.3267,34.74,40100
FFIV,20110404,94.18,95.54,93.6,94.15,4061500
FFKT,20110404,7.36,7.48,7.3,7.34,4500
FFKY,20110404,3.77,4.19,3.77,3.96,4200
FFNM,20110404,3.74,3.74,3.53,3.73,600
FFNW,20110404,5.87,5.94,5.76,5.9,15500
FHCO,20110404,5.04,5.15,5.04,5.11,49300
FIBK,20110404,13.59,13.66,13.48,13.52,58500
FINL,20110404,19.91,20.1,19.64,19.78,531100
FIRE,20110404,27.81,28.06,26.9,27.49,214900
FISI,20110404,17.62,17.8,17.5,17.77,67300
FISV,20110404,62.89,62.99,62.18,62.82,613800
FITB,20110404,14,14.09,13.92,13.97,5701500
FITBP,20110404,150.1,151.15,147.88,147.88,35400
FIZZ,20110404,13.6,13.79,13.52,13.74,26500
FLDM,20110404,14.66,15.1,14.29,15.06,68600
FLEX,20110404,7.3,7.39,7.17,7.28,3994900
FLIC,20110404,27.86,27.89,27.69,27.89,4100
FLIR,20110404,34.96,34.99,33.93,34.13,986200
FLML,20110404,5.91,6.01,5.91,5.95,20700
FLOW,20110404,4.35,4.44,4.32,4.41,261500
FLWS,20110404,3.31,3.38,3.17,3.2,176500
FLXS,20110404,15.28,15.51,14.96,15,8100
FMBI,20110404,11.97,12.16,11.97,12.14,356400
FMCN,20110404,30.91,31.03,30.35,30.98,1138400
FMER,20110404,17.35,17.67,17.35,17.4,806500
FMFC,20110404,4.15,4.2,4.12,4.2,3500
FNBN,20110404,0.33,0.33,0.31,0.31,600
FNFG,20110404,13.86,13.87,13.78,13.84,4758800
FNGN,20110404,27.99,28.23,27.97,28.08,264800
FNLC,20110404,15.27,15.37,15.11,15.36,6900
FNSR,20110404,23.64,23.95,23.23,23.41,1905100
FOLD,20110404,6.97,6.99,6.75,6.79,13900
FONE,20110404,28.38,28.38,28.01,28.08,4000
FONR,20110404,1.74,1.8,1.73,1.79,14100
FORD,20110404,3.96,3.98,3.88,3.95,13800
FORM,20110404,10.41,10.43,10.05,10.14,315200
FORR,20110404,37.42,38.29,37.42,38.25,56900
FORTY,20110404,19.75,20.02,19.32,19.43,16100
FOSL,20110404,93.69,94.22,92.8,93.52,746800
FRBK,20110404,2.78,2.78,2.62,2.75,11800
FRED,20110404,13.36,13.39,13.19,13.22,227000
FREE,20110404,26.5,27.3,26.3,26.4,31400
FRME,20110404,8.48,8.67,8.48,8.64,35200
FRP,20110404,17,17.19,16.8,16.9,207300
FSBK,20110404,5.06,5.21,5.06,5.08,11600
FSCI,20110404,31.99,32.48,31.18,31.24,44400
FSFG,20110404,15.49,15.5,15.49,15.5,1500
FSGI,20110404,0.87,0.87,0.82,0.82,35000
FSLR,20110404,160.68,161.4,155.1,156.26,955400
FSRV,20110404,39.68,40.57,38.93,39.97,76800
FSTR,20110404,43.79,43.79,42.81,43.13,43200
FSYS,20110404,29.12,30.51,29,29.85,512900
FTEK,20110404,8.73,8.73,8.35,8.46,156500
FTNT,20110404,20.855,21.785,20.785,21.745,1796500
FUBC,20110404,7.13,7.16,7.06,7.13,63900
FULL,20110404,8.01,8.1,7.88,7.88,10100
FULT,20110404,11.37,11.47,11.3,11.35,463900
FUNC,20110404,3.15,3.21,3.05,3.1,2400
FUND,20110404,8.43,8.48,8.41,8.48,74300
FURX,20110404,16.76,16.84,16.66,16.84,4500
FWLT,20110404,37.96,38.32,37.95,38.29,1103200
FWRD,20110404,30.84,31.63,30.84,31.39,98000
FXCB,20110404,13.85,13.87,13.77,13.78,21300
FXEN,20110404,8.9,9.08,8.65,8.87,551900
GABC,20110404,17.23,17.32,16.92,17.16,20000
GAGA,20110404,9.05,9.16,8.92,8.95,11400
GAI,20110404,6.8,7.53,5.93,6.07,48900
GAIA,20110404,6.65,6.66,6.48,6.56,13900
GAIN,20110404,7.59,7.76,7.59,7.69,56300
GAME,20110404,6.53,6.59,6.29,6.32,527800
GASS,20110404,6.3,6.88,6.29,6.85,180100
GBCI,20110404,14.95,15.07,14.93,15.02,352600
GBDC,20110404,15.98,16.2,15.75,16.2,277900
GBLI,20110404,22.31,22.4,22.07,22.32,41700
GBNK,20110404,1.26,1.29,1.24,1.26,116800
GCBC,20110404,17.8,17.8,17.8,17.8,100
GCFB,20110404,3.8,3.9,3.75,3.78,5600
GCOM,20110404,12.3,12.65,12.18,12.6,39300
GCVRZ,20110404,2.28,2.41,2.26,2.35,11448800
GENC,20110404,7.9,8.02,7.85,8.01,19100
GENE,20110404,2.42,2.44,2.37,2.39,38800
GENT,20110404,10.05,10.3,9.86,10,75800
GERN,20110404,5.18,5.19,5.1,5.14,1137700
GEVO,20110404,21.05,23.65,21.05,23.41,235900
GFED,20110404,6,6,6,6,3500
GFN,20110404,3.5,3.65,3.24,3.24,8100
GFNCL,20110404,3.51,3.51,3.51,3.51,0
GGAL,20110404,13.22,13.9,13.15,13.83,825700
GHDX,20110404,26.27,26.77,25.88,26.1,89300
GIFI,20110404,32.74,32.87,32.2,32.49,84000
GIGA,20110404,2.87,2.93,2.73,2.81,3200
GIGM,20110404,1.32,1.41,1.28,1.34,814800
GIII,20110404,37.45,37.7,36.31,36.75,164500
GILD,20110404,21.37,21.465,21.325,21.405,6036600
GILT,20110404,5.15,5.21,4.98,5.03,91900
GIVN,20110404,19.86,19.9,19.29,19.65,23700
GKNT,20110404,27.5,28.5,27.5,27.83,75300
GLAD,20110404,11.37,11.6,11.27,11.56,123900
GLBS,20110404,8.37,8.9,6.84,8.82,4300
GLBZ,20110404,7.32,7.4,7.32,7.4,3600
GLCH,20110404,1.8,1.91,1.8,1.85,417000
GLDC,20110404,3.13,3.21,3.13,3.2,5900
GLDD,20110404,7.78,7.85,7.76,7.8,230400
GLNG,20110404,26.69,28.92,26.55,28.53,1437600
GLPW,20110404,27.25,28.12,27.23,27.39,49000
GLRE,20110404,28.28,28.5,28.18,28.36,100600
GLUU,20110404,4.25,4.42,4.2,4.28,1476000
GMAN,20110404,17.62,17.8,17.02,17.39,50800
GMCR,20110404,64.68,66.62,64.24,66.53,2716500
GMETP,20110404,13.8,13.8,13.8,13.8,300
GNCMA,20110404,10.94,11.21,10.89,11.19,148800
GNMK,20110404,4,4.1,3.85,4.06,30600
GNTX,20110404,30.59,31,30.41,30.8,687700
GNVC,20110404,0.4,0.4,0.38,0.38,477300
GOLD,20110404,83.44,83.54,81.32,81.57,544500
GOOD,20110404,18.18,18.22,18.02,18.11,24900
GOODO,20110404,24.6,24.6,24.6,24.6,100
GOODP,20110404,25.01,25.25,25.01,25.05,700
GOOG,20110404,592.77,594.74,583.1,587.68,2054800
GPIC,20110404,6.98,7.08,6.97,6.98,3000
GPOR,20110404,37.89,38.09,34.58,34.92,2081100
GPRC,20110404,5.04,5.04,4.88,4.92,24200
GPRE,20110404,12.23,12.49,12.11,12.23,247500
GRID,20110404,35.55,35.82,35.3,35.34,5600
GRIF,20110404,32.7,33.15,32.6,33.15,3000
GRMN,20110404,33.83,33.93,33.3,33.78,1627600
GROW,20110404,8.1,8.14,8.05,8.14,29700
GRVY,20110404,1.97,2.11,1.9,1.94,288400
GSBC,20110404,21.9,22.36,21.86,21.93,32000
GSIG,20110404,10.59,10.76,10.51,10.62,144900
GSIT,20110404,8.9,8.91,8.16,8.34,434300
GSM,20110404,23.5,23.75,23.46,23.61,841800
GSOL,20110404,11.68,12.26,11.62,12.22,54400
GTIM,20110404,1.95,1.99,1.9,1.9,4700
GTIV,20110404,28.12,28.29,27.33,27.83,158000
GTLS,20110404,54.87,55.39,54.01,54.39,301700
GTXI,20110404,2.7,2.86,2.7,2.82,61000
GUID,20110404,8.35,8.41,8.34,8.4,27000
GULF,20110404,16.56,16.59,16.2,16.26,66000
GYRO,20110404,73.51,73.51,73.5,73.5,300
HA,20110404,6,6.03,5.87,5.88,716800
HAFC,20110404,1.29,1.36,1.27,1.33,787300
HAIN,20110404,33.35,33.43,32.35,32.51,201000
HALL,20110404,8.39,8.39,8.06,8.07,50000
HALO,20110404,6.9,7,6.76,6.82,346000
HAS,20110404,47.39,47.53,47.02,47.19,1010800
HAST,20110404,4.8,4.93,4.64,4.93,55300
HAUP,20110404,2,2,1.89,1.99,59000
HAYN,20110404,53.25,54.3,53.25,54.01,51200
HBAN,20110404,6.86,6.91,6.72,6.74,10098700
HBANP,20110404,1168,1168,1168,1168,0
HBCP,20110404,15.6,15.77,15.55,15.72,2800
HBHC,20110404,33.5,34.04,33.49,34,387000
HBIO,20110404,5.69,5.96,5.64,5.85,139800
HBNC,20110404,11.5333,12.0755,11.4845,11.7822,2500
HBNK,20110404,13.3,13.3,13.3,13.3,0
HBOS,20110404,12.68,12.71,12.63,12.69,5700
HCBK,20110404,9.75,9.8,9.62,9.75,4140700
HCCI,20110404,15.39,16,15.08,15.85,29600
HCIIP,20110404,10,10,10,10,3500
HCKT,20110404,3.81,3.9,3.75,3.88,63200
HCSG,20110404,17.88,17.95,17.77,17.84,282100
HDNG,20110404,13.63,13.71,13.34,13.38,35700
HDSN,20110404,2.01,2.05,1.93,1.94,22200
HEES,20110404,20.13,20.4,19.75,19.85,220000
HELE,20110404,29.61,29.87,29.17,29.4,106500
HEOP,20110404,3.36,3.42,3.36,3.42,700
HERO,20110404,6.94,6.97,6.63,6.8,5696800
HFBC,20110404,9.2,9.2,9.2,9.2,0
HFBL,20110404,13.39,13.39,13.39,13.39,300
HFFC,20110404,11.21,11.22,11.21,11.22,3700
HFWA,20110404,14.18,14.34,14.17,14.28,20100
HGSH,20110404,2.69,2.69,2.62,2.62,2400
HIBB,20110404,36.2,36.28,35.3,35.69,355100
HIFS,20110404,51,51,49.01,49.52,300
HIHO,20110404,3.28,3.28,3.21,3.22,5100
HILL,20110404,2.76,2.8,2.61,2.73,227500
HIMX,20110404,2.39,2.42,2.38,2.41,116200
HITK,20110404,20.5,20.95,20.44,20.75,81900
HITT,20110404,63.14,63.8,62.93,63.29,240400
HLIT,20110404,9.38,9.92,9.33,9.89,2345100
HMIN,20110404,42.29,42.38,41.19,42.34,374700
HMNF,20110404,2.75,2.75,2.7,2.75,3100
HMPR,20110404,17,17.5,15,15.25,813900
HMSY,20110404,27.6567,27.9433,27.5967,27.9167,121600
HNH,20110404,11.51,12.12,11.51,12,5600
HNRG,20110404,11.8,11.9,11.8,11.84,2600
HNSN,20110404,2.17,2.23,2.07,2.14,554500
HOFT,20110404,11.83,12,11.83,11.92,11100
HOGS,20110404,15.53,15.98,15.35,15.47,740000
HOLI,20110404,14.34,14.41,13.5,13.55,262300
HOLL,20110404,1.75,1.78,1.75,1.76,17500
HOLX,20110404,22.06,22.26,21.85,21.94,2395200
HOMB,20110404,22.65,22.82,22.6,22.72,43400
HOME,20110404,11.94,12.29,11.78,11.99,40000
HOTT,20110404,5.57,5.69,5.48,5.52,664700
HOVNP,20110404,6.75,6.77,6.7,6.7,8600
HPCCP,20110404,25.31,25.85,25.31,25.4,2400
HPJ,20110404,3,3.03,2.95,2.95,50600
HPOL,20110404,0.99,0.99,0.92,0.99,53800
HRZN,20110404,15.81,16.1,15.81,15.99,30700
HSIC,20110404,71,71.39,70.4,70.84,432400
HSII,20110404,27.59,27.81,27.41,27.71,32900
HSKA,20110404,6.57,6.57,6.43,6.5,2000
HSNI,20110404,32.5,32.76,32.2,32.5,213100
HSOL,20110404,7.58,7.68,7.32,7.45,464300
HSTM,20110404,7.7,7.72,7.67,7.72,33800
HTBK,20110404,4.59,4.69,4.55,4.66,8800
HTCH,20110404,2.78,2.78,2.6,2.72,364800
HTCO,20110404,9.1,9.18,9.01,9.1,20400
HTHT,20110404,18.93,19.47,18.83,19.03,113300
HTLD,20110404,17.61,18.04,17.56,17.89,479800
HTLF,20110404,17.28,17.33,16.84,17.25,10900
HTWR,20110404,85.08,85.33,81.69,81.76,133900
HUBG,20110404,37.86,39.19,37.76,38.25,577500
HURC,20110404,30.31,31.82,30.29,31.51,56700
HURN,20110404,27.31,28.17,27.31,27.89,41900
HWAY,20110404,15.76,16.2,15.71,15.98,171900
HWBK,20110404,9.03,9.03,9.03,9.03,1200
HWCC,20110404,14.9,15.26,14.83,15.04,95600
HWKN,20110404,40.68,41.6,40.25,41.12,35700
HYGS,20110404,7.25,7.4,6.98,7.13,47700
IACI,20110404,30.94,31.16,30.74,30.97,240800
IART,20110404,47.64,47.71,47.2,47.43,78200
IBB,20110404,101.23,101.54,100.93,101.14,271700
IBCA,20110404,2.59,2.59,2.51,2.56,14400
IBCP,20110404,3.19,3.37,3.19,3.34,108900
IBCPO,20110404,12.81,14.94,12.81,13.4,700
IBKC,20110404,60.18,60.96,60.14,60.37,105900
IBKR,20110404,16.22,16.25,16.04,16.14,251300
IBOC,20110404,18.67,18.91,18.27,18.64,140500
ICAD,20110404,1.36,1.36,1.3,1.3,50500
ICCC,20110404,3.54,3.54,3.54,3.54,500
ICFI,20110404,21.43,21.99,21.43,21.88,176100
ICGE,20110404,14.4,14.43,14.01,14.15,90100
ICLN,20110404,19,19,18.68,18.82,59000
ICLR,20110404,21.22,21.58,21.22,21.48,60600
ICON,20110404,21.84,21.96,21.43,21.58,312300
ICUI,20110404,43.98,44.96,43.8,44.77,109700
IDCC,20110404,48.67,49.26,48.01,49.11,963200
IDIX,20110404,3.25,3.28,3.2,3.25,89200
IDRA,20110404,2.65,2.7,2.55,2.65,22100
IDSA,20110404,10.92,10.98,10.77,10.94,62200
IDSY,20110404,4.35,4.75,4.26,4.67,94400
IDTI,20110404,7.4,7.46,7.11,7.24,1132100
IDXX,20110404,79.46,79.9,79.17,79.41,258800
IESC,20110404,3.48,3.48,3.37,3.41,11500
IFAS,20110404,30.94,31.11,30.92,30.92,3300
IFEU,20110404,32.98,33.14,32.89,33.06,42800
IFGL,20110404,31.59,31.69,31.5,31.58,246900
IFNA,20110404,43.38,43.38,43.38,43.38,100
IFON,20110404,0.89,0.94,0.86,0.88,27900
IFSM,20110404,39.86,40.16,39.86,40.1,5200
IGLD,20110404,29.91,30.42,29.89,30.06,1300
IGOI,20110404,34.56,35.88,33.72,33.96,127200
IGOV,20110404,104.35,104.38,103.96,103.99,30200
IGTE,20110404,18.95,19.58,18.95,19.14,376900
III,20110404,2.21,2.23,2.16,2.23,35900
IIIN,20110404,14.4,14.61,14.25,14.56,73900
IIJI,20110404,7.34,7.35,7.25,7.29,2300
IILG,20110404,16.31,16.44,16.18,16.31,103400
IIN,20110404,3.9,3.93,3.74,3.9,8200
IIVI,20110404,24.93,24.95,24.555,24.695,102500
IKAN,20110404,1.18,1.18,1.15,1.16,190900
IKNX,20110404,8.62,8.62,8.6,8.6,400
ILMN,20110404,70.87,70.95,69.95,70.37,1471600
IMGN,20110404,9.02,9.18,9.02,9.14,318900
IMKTA,20110404,19.92,19.92,19.36,19.45,21000
IMMR,20110404,7.4,7.6,7.22,7.26,179000
IMMU,20110404,3.71,3.78,3.7,3.75,181100
IMOS,20110404,8.68,8.79,8.56,8.64,54400
IMRS,20110404,7.19,7.26,7.1,7.14,77600
INAP,20110404,6.72,6.95,6.67,6.86,266700
INCY,20110404,15.91,16.19,15.67,16.13,932300
INDB,20110404,27.32,27.67,27.12,27.53,65700
INDY,20110404,30.5,30.65,30.48,30.62,181800
INFA,20110404,52.32,52.7,51.87,52.01,695200
INFI,20110404,5.81,5.98,5.8,5.9,16300
INFN,20110404,8.3,8.31,7.96,8.04,1046100
ININ,20110404,39.59,39.8,38.74,38.99,75000
INOC,20110404,1.54,1.54,1.54,1.54,0
INOD,20110404,2.49,2.5,2.48,2.49,9500
INPH,20110404,6.78,6.94,6.42,6.61,199200
INSM,20110404,7.4,8.64,7.33,8.35,299200
INTC,20110404,19.79,19.8,19.36,19.49,69372700
INTG,20110404,21.41,21.44,21.41,21.44,500
INTL,20110404,25.88,25.89,25.25,25.82,50200
INTT,20110404,3.58,3.68,3.53,3.56,106200
INTU,20110404,53.95,54.14,53.76,54.08,1900400
INTX,20110404,12.25,12.5,12.25,12.49,49600
INVE,20110404,2.62,2.76,2.56,2.58,99800
INWK,20110404,7.81,7.99,7.7,7.77,259400
IOSP,20110404,31.5,31.85,31.17,31.39,202400
IPAR,20110404,19.09,19.17,18.96,19,77000
IPAS,20110404,1.58,1.58,1.51,1.52,559400
IPCC,20110404,59.75,60.78,59.75,60.27,16200
IPCI,20110404,3.11,3.12,2.95,2.95,73300
IPCM,20110404,49.14,49.26,48.18,48.27,76700
IPGP,20110404,54.5,55.5,54.22,55.09,261500
IPHS,20110404,45.75,46.31,45.3,46.18,53500
IPXL,20110404,25.63,26.43,25.63,26.22,675400
IRBT,20110404,33.65,33.74,33,33.41,168900
IRDM,20110404,8.09,8.1,7.98,8.04,821300
IRDMZ,20110404,1.34,1.4,1.32,1.4,40300
IRIX,20110404,4.64,4.65,4.54,4.55,11100
IRWD,20110404,13.93,14.79,13.93,14.23,406100
ISBC,20110404,14.95,14.99,14.79,14.86,127200
ISCA,20110404,30.61,31.82,30.35,31.51,278500
ISHG,20110404,107.22,107.25,106.86,106.86,6600
ISIG,20110404,7.35,7.42,6.82,7.07,174400
ISIL,20110404,12.34,12.35,12.11,12.12,1775000
ISIS,20110404,9.14,9.25,9.11,9.14,441900
ISLE,20110404,9.56,9.7,9.25,9.69,73600
ISNS,20110404,13.4,13.64,13.4,13.5,7100
ISRG,20110404,346.95,351.48,345.02,346.75,277200
ISRL,20110404,65.01,65.01,65.01,65.01,0
ISSC,20110404,5.75,5.77,5.61,5.61,6800
ISSI,20110404,9.11,9.25,8.86,8.94,352500
ITIC,20110404,31.94,32,29.61,29.93,47800
ITMN,20110404,48.8,49.25,48.06,48.25,574500
ITRI,20110404,55.78,56.26,55.36,55.78,334000
ITRN,20110404,15.24,15.39,14.92,15.19,23700
IVAC,20110404,12.1,12.37,12.1,12.3,28700
IVAN,20110404,2.88,2.88,2.76,2.77,1405400
IXYS,20110404,13.16,13.19,12.92,12.95,98500
JACK,20110404,22.56,22.83,22.5,22.55,279100
JADE,20110404,4.07,4.1,4.05,4.08,162400
JAKK,20110404,19.07,19.56,19.07,19.46,105800
JASO,20110404,34,34.15,32.75,32.85,9932900
JAXB,20110404,6.52,6.52,6.52,6.52,200
JAZZ,20110404,32,32.36,31.56,32.13,726600
JBHT,20110404,45.07,45.61,44.99,45.48,714600
JBLU,20110404,6.25,6.29,6.18,6.26,4600800
JBSS,20110404,11.63,11.66,11.48,11.58,7600
JCOM,20110404,29.36,29.84,29.28,29.84,240500
JCS,20110404,15.44,15.44,15.01,15.12,6200
JCTCF,20110404,10.1,10.1,10.1,10.1,0
JDSU,20110404,19.27,19.61,18.95,19.08,10952600
JFBI,20110404,3.35,3.35,3.35,3.35,2500
JJSF,20110404,47.85,48.41,47.85,48.24,23400
JKHY,20110404,33.76,33.88,33.5,33.62,605900
JMBA,20110404,2.23,2.25,2.21,2.23,297500
JOBS,20110404,64.75,67.14,64.01,67.07,101600
JOEZ,20110404,1.13,1.18,1.12,1.14,1492900
JOSB,20110404,51.03,51.5,50.6,51,325900
JOUT,20110404,15.08,15.71,14.84,15.5,12000
JRCC,20110404,25.35,25.51,24.75,24.83,1319100
JRJC,20110404,4.36,4.48,4.33,4.39,36500
JST,20110404,11.75,11.75,11.25,11.59,50700
JVA,20110404,5.59,5.66,5.09,5.21,257800
JXSB,20110404,12.75,12.75,12.75,12.75,100
KALU,20110404,49.1,49.15,48.77,49.02,105300
KBALB,20110404,7.12,7.25,7.03,7.22,35800
KCAP,20110404,8.1,8.14,7.9,8.04,174900
KCLI,20110404,32.46,32.6,31.8,31.83,29100
KELYA,20110404,21.2,21.41,20.46,20.53,303300
KELYB,20110404,21.3,21.3,21.3,21.3,0
KEQU,20110404,11.5,11.5,11.41,11.41,900
KERX,20110404,5.12,5.12,4.99,5.02,1101100
KEYN,20110404,18.4,18.79,18.28,18.61,231900
KEYW,20110404,12.42,12.45,12.26,12.28,64100
KFFB,20110404,8.74,8.74,8.74,8.74,0
KFRC,20110404,18.34,18.36,18.14,18.31,199900
KGJI,20110404,2.29,2.3,1.95,2.06,318000
KINS,20110404,3.39,3.39,3.39,3.39,100
KIPS,20110404,6.2,6.37,6.02,6.06,4300
KIRK,20110404,15.44,15.45,15.06,15.17,68400
KLAC,20110404,47,47.18,46.05,46.43,1874400
KLIC,20110404,9.26,9.3,8.87,8.95,805900
KNDI,20110404,3.03,3.04,2.74,2.8,461900
KONA,20110404,5.07,5.11,4.85,4.96,6300
KONE,20110404,2.13,2.15,2.1,2.1,41600
KONG,20110404,9.96,10.08,9.88,10.08,77400
KOOL,20110404,2.21,2.3,2.13,2.2,194800
KOPN,20110404,4.69,4.71,4.5,4.65,238500
KOSS,20110404,7.5,7.54,7.29,7.49,800
KRNY,20110404,10.15,10.17,9.84,10.12,11800
KSWS,20110404,11.53,11.63,11.23,11.54,162400
KTCC,20110404,5.06,5.15,5.03,5.15,54700
KTEC,20110404,18.84,20.13,18.84,19.97,3900
KTOS,20110404,14.25,14.39,14.08,14.16,146300
KUTV,20110404,4.1,4.29,4.02,4.05,71000
KVHI,20110404,15.21,15.3,14.95,15.21,45800
LABC,20110404,15,15,15,15,100
LABL,20110404,20.25,21.52,20.23,21.44,79000
LACO,20110404,2.63,2.66,2.58,2.6,42300
LAKE,20110404,8.95,8.95,8.85,8.94,5000
LAMR,20110404,37.06,37.47,36.86,36.98,236500
LANC,20110404,61.63,61.63,60.88,61.21,69000
LARK,20110404,16.25,16.25,16.25,16.25,0
LAWS,20110404,23.5,23.91,23.5,23.89,2200
LAYN,20110404,35.02,35.37,34.95,35.14,48800
LBAI,20110404,10.77,10.86,10.42,10.79,33600
LBIX,20110404,3.27,3.29,3.21,3.23,8300
LBTYA,20110404,41.79,41.97,41.4,41.71,591600
LBTYB,20110404,42.65,42.65,42.65,42.65,0
LBTYK,20110404,40.28,40.63,39.94,40.08,432400
LCAV,20110404,6.76,6.88,6.7,6.84,76200
LCUT,20110404,15.49,15.8,15.49,15.8,51900
LEAP,20110404,15.31,15.6,15.17,15.47,1242500
LECO,20110404,38.26,38.755,38.185,38.28,152400
LEDR,20110404,2.44,2.51,2.44,2.5,2500
LEDS,20110404,15.08,15.45,14.36,14.46,148900
LFUS,20110404,57.9,59.43,57.9,59.41,137400
LGCY,20110404,31.8,31.99,31.79,31.97,71200
LGND,20110404,9.94,9.99,9.91,9.94,38000
LHCG,20110404,29.59,30.18,29.59,29.89,116700
LIFE,20110404,53.53,53.72,52.99,53.15,1816800
LIME,20110404,4.82,4.94,4.82,4.91,62900
LINC,20110404,16.22,16.47,16.07,16.43,172500
LINE,20110404,39.5,39.62,39.35,39.41,807200
LINTA,20110404,16.41,16.43,16.17,16.26,1949300
LINTB,20110404,16.15,16.15,16.15,16.15,0
LION,20110404,7.71,7.89,7.71,7.81,8500
LIOX,20110404,3.45,3.65,3.45,3.52,177300
LIVE,20110404,3.69,3.69,3.69,3.69,100
LIWA,20110404,9.16,9.29,8.8,8.89,313900
LKFN,20110404,22.74,22.85,22.57,22.8,29300
LLEN,20110404,6.79,6.88,6.63,6.65,448900
LLNW,20110404,7.1,7.16,6.9,6.98,1500200
LLTC,20110404,33.59,33.69,32.78,33.08,1991900
LMAT,20110404,6.35,6.64,6.35,6.53,5900
LMCA,20110404,73.69,74.58,72.72,73.88,425900
LMIA,20110404,19.7,19.96,19.27,19.32,24700
LMNR,20110404,23.81,24,23.63,23.77,5800
LMNX,20110404,18.61,18.92,18.6,18.91,162600
LNBB,20110404,5.66,5.7,5.65,5.7,1200
LNCE,20110404,19.88,20.1,19.71,20,242800
LNDC,20110404,6.53,6.61,6.21,6.32,56800
LOAN,20110404,1.64,1.65,1.59,1.62,1800
LOCM,20110404,4.35,4.67,4.15,4.3,2659200
LOGI,20110404,14.49,14.73,14.45,14.52,3492900
LOGM,20110404,46.87,47.31,45.52,47.22,613600
LOJN,20110404,4.76,4.89,4.72,4.88,103000
LONG,20110404,14.5,14.5,14.1,14.42,11400
LOOK,20110404,1.6,1.78,1.59,1.75,140000
LOPE,20110404,14.33,14.38,14.15,14.29,117200
LORL,20110404,80.25,80.46,78.91,79.29,118900
LPHI,20110404,8.18,8.27,7.78,7.81,235000
LPLA,20110404,35.82,35.87,34.97,35.18,216000
LPNT,20110404,40.7,41.59,40.7,40.88,896200
LPSB,20110404,9.2,9.28,9.2,9.2,1800
LPSN,20110404,12.72,12.83,12.65,12.7,482200
LPTH,20110404,2.17,2.18,2.1,2.15,43700
LQDT,20110404,19.13,19.6,18.89,19.26,356100
LRAD,20110404,2.8,2.86,2.73,2.79,243500
LRCX,20110404,56.7,56.79,54.58,54.9,1303700
LSBI,20110404,15.16,15.16,15.1,15.1,1400
LSBK,20110404,10.3,10.3,10.3,10.3,0
LSCC,20110404,6.01,6.18,5.89,5.93,1524000
LSTR,20110404,46.8,47.26,46.6,46.99,547400
LTBR,20110404,5.8,5.8,5.58,5.65,51900
LTON,20110404,1.37,1.37,1.35,1.35,62700
LTRE,20110404,8.87,8.87,8.75,8.76,3000
LTRX,20110404,3.85,3.85,3.85,3.85,4500
LTXC,20110404,9.04,9.16,8.99,9.07,342000
LUFK,20110404,92.98,94.57,92.4,93.98,274700
LULU,20110404,45.035,45.5,44.5,45.47,1693900
LUNA,20110404,2.21,2.23,1.92,1.99,215200
LWAY,20110404,10.29,10.37,9.76,9.92,23300
LXRX,20110404,1.73,1.77,1.72,1.74,791900
LYTS,20110404,7.3,7.3,7.22,7.27,31400
MAGS,20110404,3.06,3.06,3.06,3.06,4500
MAKO,20110404,25.23,26.11,24.91,25.4,809300
MANH,20110404,32.98,33.47,32.98,33.43,79400
MANT,20110404,42.91,43.1,42.56,43.03,209800
MARPS,20110404,22.77,22.99,22.41,22.73,2100
MASC,20110404,7.4,7.42,7.17,7.18,51700
MASI,20110404,33.23,33.63,33.1,33.31,372900
MAT,20110404,25.36,25.42,25.19,25.34,2053600
MATW,20110404,39.25,40,39.22,39.51,82600
MAXY,20110404,5.16,5.2,5.13,5.15,358000
MAYS,20110404,17.97,18.18,17.45,18.18,1300
MBFI,20110404,21.31,21.49,21.3,21.36,111000
MBLX,20110404,10.74,10.95,10.5,10.66,165500
MBND,20110404,4.46,4.81,4.35,4.6,251500
MBRG,20110404,15.91,16.6,15.6,16.36,45000
MBTF,20110404,1.43,1.45,1.38,1.38,17500
MBVT,20110404,26.17,26.34,25.99,26.27,3600
MBWM,20110404,9.69,9.82,9.1,9.18,61000
MCBC,20110404,2.51,2.56,2.45,2.46,38300
MCBI,20110404,6.6,6.9,6.6,6.9,300
MCGC,20110404,6.53,6.71,6.53,6.7,350600
MCHP,20110404,38.1,38.19,37.42,37.98,2132100
MCHX,20110404,8.11,8.45,8,8.04,146400
MCOX,20110404,30.15,31.75,29.55,29.75,136100
MCRI,20110404,10.88,10.88,10.62,10.74,6600
MCRL,20110404,13.31,13.34,13.19,13.28,267800
MCRS,20110404,50.62,50.69,50.16,50.51,212600
MDAS,20110404,15.34,15.68,15.34,15.42,361600
MDCA,20110404,17,17.28,16.51,16.9,226800
MDCI,20110404,8.82,9.13,8.76,8.91,74100
MDCO,20110404,16.28,16.44,16.28,16.32,287200
MDH,20110404,2.5,2.52,2.44,2.5,10500
MDRX,20110404,22.02,22.38,21.96,21.98,2016800
MDSO,20110404,26.45,26.49,25.37,25.58,385300
MDVN,20110404,20.12,20.75,19.79,20.06,440300
MEAD,20110404,3.67,3.85,3.67,3.84,2200
MEAS,20110404,34.3,34.79,33.79,34.46,121500
MELA,20110404,3.54,3.55,3.41,3.44,277200
MELI,20110404,83.93,87.38,83.64,85.34,1484900
MEMS,20110404,3.46,3.49,3.41,3.41,9500
MENT,20110404,14.71,14.85,14.6,14.61,1393000
MEOH,20110404,31.8,32.17,31.64,31.97,340000
MERC,20110404,13.69,14.94,13.5,14.48,1520300
MERU,20110404,20.5,20.69,18.72,18.87,324200
METR,20110404,12.6,12.65,12.54,12.61,12700
MFI,20110404,4.35,4.43,4.35,4.35,17800
MFLR,20110404,8.17,8.8,8.17,8.8,300
MFLX,20110404,28.71,28.71,28.32,28.51,42300
MFNC,20110404,6.1,6.1,6.1,6.1,100
MFRI,20110404,11.25,11.46,11.17,11.2,3800
MFSF,20110404,9.35,9.35,9.21,9.35,1100
MGAM,20110404,5.71,5.82,5.67,5.72,74200
MGEE,20110404,41.18,41.44,41.01,41.35,26800
MGIC,20110404,7.35,7.4,6.96,7.17,993500
MGLN,20110404,49.66,49.95,49.51,49.68,163700
MGPI,20110404,9.06,9.07,8.92,9,16600
MGRC,20110404,27.67,27.9,27.39,27.51,54800
MGYR,20110404,4.12,4.12,4.12,4.12,100
MHGC,20110404,9.91,10.14,9.66,9.69,224100
MHLD,20110404,7.65,7.78,7.57,7.64,279900
MIDD,20110404,94.78,95,93.29,93.42,90600
MIND,20110404,14,14.07,13.83,14.03,136400
MINI,20110404,24.07,24.55,23.92,24.53,151000
MITL,20110404,4.72,4.74,4.54,4.6,20900
MKSI,20110404,33.4,33.69,32.86,33.3,348000
MKTAY,20110404,45.92,46.31,45.83,46.23,9900
MKTX,20110404,24.94,25.52,24.83,24.96,288400
MLAB,20110404,29.55,29.55,29.55,29.55,200
MLHR,20110404,27.9,27.99,27.29,27.36,317200
MLNK,20110404,5.42,5.46,5.2,5.21,638800
MLNX,20110404,25.09,25.09,24.51,24.6,167200
MLVF,20110404,8.25,8.47,8,8.38,15200
MMLP,20110404,39.91,40.69,39.9,40.24,172900
MMSI,20110404,16.12,16.264,16.04,16.136,89000
MMUS,20110404,4.98,5.02,4.98,4.98,300
MMYT,20110404,30.29,32.98,30.2,30.25,300800
MNDO,20110404,3.35,3.36,3.3,3.35,49100
MNKD,20110404,3.74,3.77,3.66,3.74,516200
MNOV,20110404,2.48,2.54,2.33,2.38,114300
MNRK,20110404,6.825,6.825,6.6667,6.7583,1600
MNRO,20110404,33.81,33.81,33.22,33.34,192900
MNST,20110404,30.31,30.68,30.31,30.535,293300
MNTA,20110404,15.81,15.86,15.37,15.4,384600
MNTG,20110404,2.6,2.63,2.56,2.6,5100
MNTX,20110404,5.79,6.25,5.76,6.18,245600
MOBI,20110404,13,13.25,12.66,13.2,371800
MOCO,20110404,14.94,15,14.73,14.81,7300
MOFG,20110404,14.84,14.89,14.72,14.89,2200
MOLX,20110404,24.78,25.07,24.71,24.92,953200
MOLXA,20110404,20.41,20.61,20.39,20.55,107500
MORN,20110404,59.46,60.08,59.12,60.07,117900
MOSY,20110404,6,6,5.96,6,57900
MOVE,20110404,9.32,9.52,9.04,9.08,464300
MPAA,20110404,13.9,14.2,13.9,14.17,62600
MPAC,20110404,5.9,5.94,5.56,5.56,31500
MPB,20110404,9.14,9.55,8.93,8.96,3800
MPEL,20110404,8.13,8.56,8.1,8.49,15299900
MPET,20110404,2.33,2.47,2.27,2.45,462100
MPWR,20110404,13.92,13.97,13.41,13.63,362900
MRCY,20110404,21.67,21.73,21.32,21.34,71500
MRGE,20110404,5.2,5.23,5.15,5.21,594400
MRLN,20110404,12.31,12.38,12.21,12.38,11600
MRTN,20110404,22.9,22.99,22.61,22.69,35300
MRVL,20110404,15.95,16.02,15.5,15.53,12528200
MSBF,20110404,5.5,5.78,5.5,5.55,500
MSCC,20110404,20.49,20.71,20.39,20.51,1242000
MSEX,20110404,18.75,19.12,18.73,19.02,66300
MSFG,20110404,9.97,10,9.79,9.81,20300
MSFT,20110404,25.45,25.66,25.41,25.55,35441000
MSG,20110404,27.12,27.18,27,27.1,202100
MSON,20110404,2.34,2.39,2.25,2.35,16500
MSPD,20110404,8.42,8.42,8.1,8.19,450900
MSTR,20110404,138.39,141.19,136.9,137.92,82500
MTEX,20110404,16.2,16.4,16,16.2,14900
MTRX,20110404,14.1,14.29,14.06,14.08,63600
MTSC,20110404,45.65,45.88,45.03,45.49,40500
MTSL,20110404,1.77,1.85,1.69,1.8,19300
MTSN,20110404,2.43,2.44,2.21,2.25,500700
MU,20110404,11.3,11.33,11.07,11.19,22508200
MVIS,20110404,10.72,10.8,10.16,10.24,649200
MVISW,20110404,0.53,0.53,0.53,0.53,0
MWIV,20110404,79.01,79.5,78.34,79.02,140400
MXIM,20110404,25.73,25.87,25.09,25.34,2035300
MXWL,20110404,17.8,17.94,17.46,17.48,125100
MYGN,20110404,20.17,20.32,19.9,20,551300
MYL,20110404,23.2,23.5,23.15,23.37,3203900
MYRG,20110404,25.53,25.53,24.64,24.77,80400
NAFC,20110404,37.96,38.14,37.71,37.99,42600
NAII,20110404,5.52,5.56,5.52,5.52,400
NANO,20110404,18.15,18.22,17.56,17.63,251900
NASB,20110404,16.57,16.74,16.57,16.74,8600
NATH,20110404,17.08,17.44,17.08,17.27,4600
NATI,20110404,33,33.2,32.47,32.7,293200
NATL,20110404,21.46,21.56,21.36,21.56,50000
NATR,20110404,9,9.02,8.98,8.98,900
NAUH,20110404,7.36,7.85,7.2,7.57,19300
NAVG,20110404,52.14,52.68,51.93,52.5,58800
NAVR,20110404,1.84,1.86,1.79,1.82,107600
NBBC,20110404,4.96,4.96,4.81,4.86,13500
NBIX,20110404,7.49,7.58,7.2,7.23,295200
NBN,20110404,14.5,14.52,14.45,14.5,1900
NBTB,20110404,22.88,23,22.73,22.99,47300
NBTF,20110404,21.15,21.15,21.15,21.15,100
NCBC,20110404,4.56,4.56,4.51,4.51,1100
NCIT,20110404,24.15,24.71,24.15,24.6,18200
NCMI,20110404,18.64,19,18.5,18.69,479700
NCTY,20110404,6.72,6.86,6.5,6.62,24900
NDAQ,20110404,27.72,27.99,27.4,27.44,5710500
NDSN,20110404,57.595,58.005,57.33,57.835,136600
NECB,20110404,5.89,5.89,5.89,5.89,300
NEOG,20110404,41.03,42.97,41,42.15,162500
NEPT,20110404,2.17,2.3,2.13,2.3,23900
NETC,20110404,8.77,9.07,8.76,9.07,48800
NEWL,20110404,2.3,2.3,2.22,2.3,400
NEWP,20110404,17.63,17.95,17.37,17.67,184300
NEWS,20110404,10.82,10.96,10.78,10.9,23000
NEWT,20110404,1.64,1.69,1.6,1.68,83700
NFBK,20110404,13.78,13.88,13.74,13.88,19100
NFEC,20110404,3.44,3.51,3.21,3.38,19300
NFLX,20110404,244.87,247.21,242.77,244.72,3437800
NFSB,20110404,13.47,13.47,13.47,13.47,0
NGPC,20110404,9.52,9.62,9.34,9.36,63300
NHTB,20110404,13.3,13.3,13.02,13.05,3600
NICE,20110404,37.62,37.93,37.52,37.66,141900
NICK,20110404,12.25,12.25,12,12.25,1200
NIHD,20110404,41.79,42.55,41.63,42.47,1941600
NILE,20110404,54.85,54.9,53.7,53.78,145600
NINE,20110404,1.41,1.55,1.37,1.52,65200
NKSH,20110404,28.99,29,28.81,28.99,5400
NKTR,20110404,9.72,9.77,9.27,9.3,822700
NLST,20110404,2.48,2.48,2.38,2.43,347800
NMRX,20110404,9.68,9.79,9.61,9.61,3100
NNBR,20110404,18.17,18.77,18.11,18.65,220800
NOVB,20110404,10.69,10.69,10.69,10.69,100
NPBC,20110404,8.14,8.19,8.05,8.16,569400
NPSP,20110404,9.49,9.65,9.35,9.52,539700
NRCI,20110404,34.22,34.4,33.64,34.1,13700
NRIM,20110404,19.25,19.35,19.21,19.21,2900
NSEC,20110404,13.39,13.69,13.32,13.69,3800
NSIT,20110404,17.3,17.43,17.08,17.3,164500
NSPH,20110404,3.1,3.13,3.07,3.1,64000
NSSC,20110404,2.24,2.31,2.17,2.21,13600
NSYS,20110404,3.86,3.95,3.84,3.9,1200
NTAP,20110404,48.16,48.37,45.4,45.7,11265600
NTCT,20110404,27.28,27.39,26.7,27.02,233800
NTES,20110404,51.12,52.09,50.9,51.71,884000
NTGR,20110404,31.24,31.44,30.31,30.48,353900
NTIC,20110404,15.2,15.9,14.9,14.97,2200
NTLS,20110404,18.47,18.54,18.16,18.31,144900
NTRI,20110404,14.2,14.29,13.95,14.23,340100
NTRS,20110404,51.75,51.98,51.61,51.81,975700
NTSC,20110404,7.2,7.4,7.17,7.27,14600
NTSP,20110404,10.68,10.79,10.28,10.31,366300
NTWK,20110404,18.4,18.7,17.5,18.2,664800
NUAN,20110404,19.63,19.73,19.37,19.61,1596500
NUCL,20110404,41.61,41.64,41.11,41.39,3300
NURO,20110404,3.12,3.12,3.06,3.06,52900
NUTR,20110404,15.05,15.23,15.05,15.21,8100
NUVA,20110404,25.13,25.23,24.95,24.98,514800
NVAX,20110404,2.56,2.61,2.52,2.58,842100
NVDA,20110404,18.22,18.25,17.42,17.55,23108100
NVEC,20110404,55.5,56.48,55.26,55.34,68100
NVGN,20110404,1.41,1.5,1.31,1.31,221900
NVMI,20110404,9.6,9.68,9.24,9.24,159600
NVSL,20110404,8.45,8.45,8.45,8.45,0
NVTL,20110404,5.3,5.33,5.07,5.12,545600
NWBI,20110404,12.54,12.57,12.37,12.41,550500
NWFL,20110404,28.1,28.1,28.1,28.1,100
NWLI,20110404,164.04,164.13,163,163.94,6000
NWPX,20110404,23.66,24.41,23.6,24.09,55100
NWS,20110404,18.86,19.05,18.8,18.94,2537300
NWSA,20110404,17.83,18.05,17.8,18.02,14926700
NXPI,20110404,30.8,31.26,30.07,31.13,1895600
NXST,20110404,8.13,8.51,8.1,8.45,29100
NXTM,20110404,22.4,23.27,22.2,22.44,632400
NYMT,20110404,6.85,7,6.78,6.79,31700
NYMX,20110404,8.17,8.18,7.68,7.78,59800
NYNY,20110404,0.62,0.62,0.56,0.57,39400
OABC,20110404,15.79,15.82,15.65,15.66,15000
OBAF,20110404,14.86,14.96,14.83,14.96,1200
OBAS,20110404,8.7,8.75,8.7,8.7,2300
OBCI,20110404,2.64,2.65,2.47,2.48,122900
OCC,20110404,5.21,5.26,5.07,5.13,39600
OCFC,20110404,13.94,13.94,13.52,13.62,13800
OCLR,20110404,10.94,11,10.43,10.63,1832600
OCLS,20110404,13.86,14,13.44,13.72,43200
OCZ,20110404,8.16,8.82,8.1,8.46,1474400
ODFL,20110404,23.5333,24.0333,23.5333,23.82,239600
OFED,20110404,11.95,12,11.92,12,4500
OFIX,20110404,32.55,33.3,32.55,33.02,54400
OFLX,20110404,13.44,13.82,13.44,13.75,6600
OGXI,20110404,15.5,15.72,15.35,15.6,29300
OIIM,20110404,7.32,7.38,7.09,7.2,121800
OINK,20110404,4.2,4.24,4.04,4.12,43400
OKSB,20110404,14.38,14.56,14.34,14.45,32500
OKSBP,20110404,27.18,27.18,27.18,27.18,0
OLBK,20110404,9.2,9.2,9.2,9.2,0
OMAB,20110404,15.58,15.62,15.45,15.62,22100
OMCL,20110404,15.12,15.38,15.05,15.25,174000
OMER,20110404,5.05,5.2,4.6,5.04,381600
OMEX,20110404,3.29,3.38,3.21,3.29,382600
OMPI,20110404,12.66,12.79,12.49,12.59,21800
ONCY,20110404,5.82,5.88,5.74,5.8,120100
ONEQ,20110404,110.29,110.45,109.63,109.85,4500
ONFC,20110404,8.94,8.94,8.8,8.9,3200
ONNN,20110404,9.76,9.77,9.56,9.67,4814300
ONTY,20110404,3.9,4.02,3.78,3.91,516500
ONVI,20110404,4.12,4.15,4.1,4.1,7700
ONXX,20110404,34.31,34.33,33.91,33.97,319100
OPEN,20110404,106.77,109.06,105.82,108.87,1241000
OPHC,20110404,2.01,2.43,2.01,2.43,400
OPLK,20110404,19.84,20.01,19.3,19.36,200300
OPOF,20110404,12,12,12,12,500
OPTR,20110404,13.91,13.99,13.31,13.8,2606000
OPTT,20110404,5.4,5.59,5.31,5.58,33300
OPXA,20110404,7.08,7.08,6.92,7,81000
ORBC,20110404,3.16,3.24,3.14,3.18,39700
ORBK,20110404,13.02,13.23,12.85,13.13,160700
ORBT,20110404,3.2,3.2,3.2,3.2,100
ORCL,20110404,34.09,34.43,34.01,34.14,26743000
OREX,20110404,3.25,3.52,3.13,3.29,11839000
ORIT,20110404,12.6,12.63,12.51,12.54,108500
ORLY,20110404,57.81,57.84,56.12,57.67,1451200
ORRF,20110404,28.2,28.2,27.9,28.19,3200
OSBC,20110404,1.08,1.1,1.03,1.08,20900
OSBCP,20110404,2.98,2.98,2.65,2.97,2900
OSHC,20110404,13,13,13,13,0
OSIR,20110404,7.27,7.32,7.16,7.31,57600
OSIS,20110404,38.36,38.49,37.98,38.47,52100
OSN,20110404,3.44,3.53,3.44,3.44,9700
OSTK,20110404,15.56,15.56,15.19,15.4,61700
OSUR,20110404,8.19,8.33,7.85,7.86,160700
OTEX,20110404,64.48,66.71,64.06,64.33,605200
OTIV,20110404,2.16,2.28,2.13,2.28,286200
OTT,20110404,18.85,19.13,18.82,18.98,36800
OTTR,20110404,22.91,23.12,22.8,22.97,108800
OUTD,20110404,7.51,7.53,7.44,7.5,8800
OVBC,20110404,22.85,23.1,20.71,21.01,9800
OVLY,20110404,5.95,5.95,5.95,5.95,300
OVRL,20110404,2.11,2.42,2.11,2.35,87900
OVTI,20110404,34.04,34.24,32.2,33.5,9565900
OXBT,20110404,1.79,1.89,1.77,1.79,58700
OXGN,20110404,1.74,1.86,1.71,1.83,271200
OXLC,20110404,18.5,18.75,18.5,18.75,4100
OZRK,20110404,21.985,22.455,21.985,22.375,64900
PAAS,20110404,37.63,38.69,37.39,38.64,1846400
PACB,20110404,13.52,13.81,13.42,13.49,105400
PACR,20110404,5.38,5.46,5.11,5.26,423800
PACW,20110404,22.16,22.62,22.12,22.58,200800
PAGG,20110404,33.72,33.93,33.7,33.91,76700
PANL,20110404,56,57.66,55.36,57.58,846300
PATH,20110404,7.9,7.91,7.79,7.83,4900
PATK,20110404,2.8,2.8,2.62,2.65,9200
PATR,20110404,27.03,27.84,27.03,27.84,3400
PAYX,20110404,31.97,32.07,31.8,32.07,2360500
PBCT,20110404,12.68,12.72,12.64,12.67,1850200
PBHC,20110404,10.15,10.15,10.15,10.15,0
PBIB,20110404,8.06,8.4,8,8.08,4900
PBIP,20110404,6.8,7.17,6.64,7.01,5600
PCAR,20110404,53.71,53.94,52.83,53.09,2296800
PCBK,20110404,10.49,10.5,10.4,10.49,18500
PCCC,20110404,9.08,9.25,9.06,9.25,53400
PCH,20110404,40.8,40.92,40.45,40.55,208400
PCLN,20110404,515.64,518.68,509.5,518.59,885100
PCOM,20110404,8.6,8.89,8.43,8.68,13100
PCRX,20110404,7.02,7.2,7.02,7.12,10700
PCTI,20110404,7.75,8.03,7.72,8,24000
PCYC,20110404,6.09,6.15,5.83,5.86,384200
PCYO,20110404,4,4.01,3.89,3.95,11800
PDCO,20110404,32.95,33.07,32.87,32.98,831800
PDEX,20110404,2.31,2.33,2.28,2.28,5800
PDFS,20110404,6.88,6.91,6.76,6.85,40700
PDII,20110404,9.44,9.56,9.29,9.41,22100
PDLI,20110404,5.94,6.09,5.92,6.06,5139800
PEBK,20110404,6.64,6.64,6.42,6.43,1300
PEBO,20110404,12.7,13.12,12.65,13.11,7800
PEGA,20110404,39.41,39.41,38.49,38.92,78400
PEIX,20110404,0.62,0.63,0.6,0.6,975100
PENN,20110404,37.48,38.72,37.48,38.62,841600
PENX,20110404,6.31,6.31,6.25,6.3,6300
PEOP,20110404,14.15,14.32,14.06,14.08,5500
PERF,20110404,9.8,9.8,9.51,9.51,500
PERY,20110404,28.39,28.47,28.19,28.34,151700
PESI,20110404,1.55,1.57,1.48,1.57,152700
PETM,20110404,41.53,41.66,41.03,41.37,527500
PETS,20110404,15.63,15.94,15.54,15.88,182800
PFBC,20110404,1.63,1.7,1.62,1.68,175400
PFBI,20110404,7.11,7.14,7.06,7.13,4900
PFBX,20110404,15.3,15.45,15.26,15.4,1600
PFIN,20110404,3.66,4.35,3.6,4.2,46900
PFSW,20110404,5.09,5.09,4.94,5.07,239000
PGC,20110404,13.05,13.3,13.05,13.3,1800
PGNX,20110404,6.29,6.3,5.97,6.12,60200
PGTI,20110404,2.29,2.35,2.29,2.33,14200
PHII,20110404,23.03,23.25,23,23,5600
PHIIK,20110404,22.35,22.76,22.16,22.6,26800
PHMD,20110404,6.35,7.27,6.32,6.96,11500
PICO,20110404,30.2,30.44,29.96,30.27,27300
PKBK,20110404,9.08,9.09,9.08,9.09,500
PKOH,20110404,20.75,20.84,20.5,20.64,17000
PLAB,20110404,9.2,9.2,8.58,8.72,1520400
PLBC,20110404,2.05,2.13,2,2.01,3900
PLCC,20110404,1.23,1.23,1.14,1.23,1200
PLCE,20110404,49.89,50.83,49.52,50.4,572200
PLCM,20110404,24.755,24.755,23.835,24.56,1257300
PLNR,20110404,2.5,2.5,2.31,2.31,249000
PLPC,20110404,72.01,77.39,72.01,77.15,30100
PLTM,20110404,33.93,33.99,33.68,33.75,7100
PLUG,20110404,0.74,0.75,0.66,0.67,1798500
PLUS,20110404,27.12,27.33,26.7,26.98,42700
PLXS,20110404,34.47,34.99,34.39,34.65,288200
PLXT,20110404,3.63,3.66,3.54,3.58,176700
PMBC,20110404,4.25,4.39,4.25,4.25,8300
PMCS,20110404,7.22,7.26,7.02,7.13,4253900
PMD,20110404,10.89,10.95,10.61,10.65,52300
PMFG,20110404,21.52,21.92,21.06,21.91,33000
PMNA,20110404,12.64,12.65,12.45,12.6,11800
PMTC,20110404,22.68,22.99,22.65,22.74,1240300
PMTI,20110404,14.52,14.83,14.52,14.68,81300
PNBK,20110404,2.11,2.11,2.11,2.11,1100
PNFP,20110404,16.64,16.85,16.5,16.78,97600
PNNT,20110404,11.94,12.02,11.92,12,219500
PNQI,20110404,39.72,39.98,39.69,39.9,8300
PNRA,20110404,128.9,129.99,128,128.67,544800
PNRG,20110404,27.53,27.6,26.23,27.36,1100
PNTR,20110404,5.24,5.24,5.24,5.24,0
PODD,20110404,20.75,21.02,20.72,20.75,188400
POOL,20110404,24.39,24.59,24.36,24.57,107500
POPE,20110404,46.75,49,46.75,48.5,3600
POWI,20110404,37.4,37.76,36.22,36.65,304600
POWL,20110404,39.29,39.54,39.02,39.46,45200
POWR,20110404,8.63,8.86,8.31,8.33,262800
POZN,20110404,5.88,5.91,5.61,5.7,133600
PPBI,20110404,6.66,6.74,6.66,6.74,600
PPHM,20110404,2.58,2.7,2.55,2.56,927700
PRAA,20110404,85.25,86.04,85,85.71,48800
PRAN,20110404,2.65,2.65,2.4,2.44,808700
PRCP,20110404,6.26,6.31,5.96,6.1,59300
PRFT,20110404,12.41,12.69,12.27,12.58,133300
PRFZ,20110404,69.84,69.84,69.46,69.7,30400
PRGO,20110404,79.28,80.29,78.8,79.86,373800
PRGS,20110404,29.41,30.16,29.41,30.03,355900
PRGX,20110404,6.06,6.07,5.99,6,88200
PRIM,20110404,10.27,10.86,10.25,10.66,263600
PRKR,20110404,0.75,0.79,0.7,0.71,158000
PRLS,20110404,3.1,3.17,3.1,3.17,1100
PRMW,20110404,12.44,12.55,11.84,11.94,105900
PROV,20110404,8.35,8.4,8.3,8.3,12900
PRPH,20110404,1.24,1.24,1.15,1.19,40000
PRSC,20110404,14.98,15.03,14.91,14.94,16800
PRTS,20110404,8.54,8.58,8.45,8.55,24800
PRXI,20110404,1.92,1.92,1.83,1.83,67200
PRXL,20110404,24.97,25.26,24.87,25.26,278800
PSAU,20110404,49.46,49.46,48.81,48.81,1400
PSBH,20110404,4.99,5.24,4.99,5.24,200
PSCC,20110404,31.47,31.51,31.37,31.48,33100
PSCD,20110404,28.49,28.55,28.42,28.44,29100
PSCE,20110404,42.46,42.59,42.15,42.17,91600
PSCF,20110404,28.32,28.38,28.22,28.28,6600
PSCH,20110404,32,32.16,31.96,32.13,16700
PSCI,20110404,31.18,31.22,31.15,31.18,2900
PSCM,20110404,30.76,30.77,30.73,30.77,900
PSCT,20110404,32.15,32.25,31.99,32.08,114200
PSCU,20110404,28.9,29.03,28.9,28.97,4000
PSDV,20110404,4,4.05,3.94,4,39900
PSEC,20110404,12.19,12.24,12.06,12.15,959700
PSEM,20110404,10.34,10.39,10.05,10.11,206200
PSMT,20110404,37.4,37.42,36.72,37.09,122700
PSTB,20110404,4.85,4.87,4.72,4.73,50100
PSTI,20110404,2.74,3,2.71,2.96,2133800
PSTR,20110404,6.87,7.08,6.8,6.95,91500
PSUN,20110404,3.59,3.68,3.57,3.63,1168600
PTEK,20110404,1.32,1.42,1.32,1.33,12300
PTEN,20110404,28.85,29.1,28.74,28.95,2060700
PTIE,20110404,9.59,9.71,9.41,9.5,477800
PTIX,20110404,2.1,2.16,2.1,2.14,38300
PTNR,20110404,19.2,19.44,19.2,19.42,142100
PTRY,20110404,14.89,14.92,14.78,14.86,109400
PTSI,20110404,12.31,12.46,12.26,12.43,202600
PTSX,20110404,0.64,0.64,0.64,0.64,100
PULB,20110404,7.63,7.65,7.52,7.54,4200
PURE,20110404,1.6,1.65,1.58,1.64,130600
PVFC,20110404,2.2,2.2,1.97,2.02,11200
PVTB,20110404,15.02,15.26,14.87,15.15,186100
PVTBP,20110404,26.31,26.47,26.1,26.4,6600
PWER,20110404,8.7,8.74,8.47,8.51,2605500
PWOD,20110404,38.77,39,38.2,38.99,4100
PWRD,20110404,21.84,22.49,21.62,22.36,395000
PWX,20110404,17.2,17.2,16.86,16.86,1400
PXLW,20110404,3.5,3.53,3.49,3.5,21800
PZZA,20110404,31.62,31.83,31.44,31.56,38700
PZZI,20110404,2.02,2.05,1.97,2.04,18400
QABA,20110404,25.38,25.48,25.38,25.48,5400
QADA,20110404,10.15,10.6,10.15,10.25,13400
QADB,20110404,10.27,10.27,10.2,10.27,4800
QBAK,20110404,1.77,1.82,1.77,1.79,400
QCCO,20110404,4.5,4.56,4.43,4.55,10700
QCLN,20110404,16.62,16.72,16.43,16.51,4100
QCOM,20110404,54.56,54.71,52.48,53.11,18238500
QCOR,20110404,14.52,15.07,14.52,14.92,640500
QCRH,20110404,8.27,8.27,8.27,8.27,100
QDEL,20110404,12,12.13,11.79,11.98,297700
QGEN,20110404,20.71,20.8,20.35,20.4,1574700
QKLS,20110404,64.8,67.68,64.8,66,99500
QLGC,20110404,18.15,18.22,17.75,17.78,1214400
QLIK,20110404,27.02,27.58,27.01,27.31,1283700
QLTI,20110404,7.2,7.24,7.06,7.17,68700
QLTY,20110404,12.39,12.39,11.9,11.95,97600
QNST,20110404,22.05,22.34,21.66,21.67,174700
QQEW,20110404,25.33,25.44,25.24,25.29,18600
QQQ,20110404,57.62,57.68,57.02,57.27,48659000
QQQX,20110404,14.8,14.85,14.76,14.82,43900
QQXT,20110404,22.84,22.84,22.71,22.71,2200
QSII,20110404,42.865,43.875,42.785,43.285,265000
QTEC,20110404,27.03,27.07,26.71,26.83,187900
QTWW,20110404,4.16,4.19,4.02,4.06,141900
QUIK,20110404,4.97,5.04,4.94,5,169400
RADA,20110404,3.41,3.49,3.36,3.46,3100
RAIL,20110404,33.12,33.9,33.07,33.3,72400
RAND,20110404,2.95,2.95,2.95,2.95,0
RAVN,20110404,29.725,30.1,29.595,29.67,52800
RBCAA,20110404,19.86,20.61,19.84,20.5,44500
RBCN,20110404,27.74,27.88,27.11,27.33,314200
RBNF,20110404,3.02,3.02,3,3,1300
RBPAA,20110404,1.7,1.77,1.7,1.7,3100
RCII,20110404,35.33,35.62,34.69,34.85,407900
RCKB,20110404,10.5,10.5,10.45,10.5,252000
RCKY,20110404,15.12,15.24,14.77,15.05,68000
RCMT,20110404,5.19,5.19,5.1,5.15,39000
RCON,20110404,3.61,3.81,3.61,3.64,5800
RDA,20110404,15.08,15.09,14.39,14.78,13300
RDCM,20110404,9.83,9.84,9.1,9.15,61200
RDEN,20110404,30.35,31.06,30.35,30.93,106100
RDI,20110404,4.97,5,4.92,4.92,10600
RDIB,20110404,7,7,7,7,100
RDNT,20110404,3.49,3.6,3.46,3.6,179500
RDWR,20110404,17.155,17.42,16.42,17.395,463700
RECN,20110404,15.04,15.07,14.45,14.99,895600
REDF,20110404,7.58,8.22,7.5,8,1254400
REFR,20110404,6.78,7.16,6.66,6.77,59900
REGN,20110404,45.17,45.97,45.09,45.43,587800
REIS,20110404,7.59,7.87,7.44,7.87,2000
RELL,20110404,13.16,13.48,13.06,13.45,100100
RELV,20110404,1.93,2.03,1.86,1.88,18600
RENT,20110404,26.78,27.23,26.78,26.98,20600
REXI,20110404,6.39,6.39,6.3,6.34,9700
REXX,20110404,11.64,11.7,11.51,11.54,412800
RFIL,20110404,3.98,4.05,3.91,3.93,11600
RFMD,20110404,6.36,6.45,6.3,6.36,5884000
RGCO,20110404,17.225,17.225,17.225,17.225,0
RGDX,20110404,2.09,2.12,2.05,2.05,4400
RGEN,20110404,3.86,3.89,3.74,3.89,63400
RGLD,20110404,52,52.68,51.85,52.1,286300
RICK,20110404,11.18,11.18,10.95,11.04,58400
RIGL,20110404,7.18,7.27,7.18,7.23,137500
RIMG,20110404,16.1,16.1,15.76,15.98,11600
RITT,20110404,6.59,7.2,6.01,6.45,20000
RIVR,20110404,14.3,14.3,14.3,14.3,0
RJET,20110404,6.35,6.47,6.2,6.45,684500
RLOC,20110404,20.01,20.01,18.4,18.7,195400
RLOG,20110404,7.3,7.78,7.16,7.59,29500
RMBS,20110404,19.73,19.86,19.14,19.29,543700
RMCF,20110404,10.42,10.45,10.3,10.35,11300
RMKR,20110404,1.27,1.27,1.21,1.25,3400
RMTI,20110404,9.09,9.16,9,9.04,16300
RNET,20110404,19.31,19.31,18.27,18.69,82900
RNIN,20110404,6.35,6.35,6.05,6.25,83300
RNST,20110404,17.29,17.59,16.76,17.44,46500
RNWK,20110404,3.73,3.73,3.67,3.69,179800
ROCK,20110404,12.03,12.56,12.02,12.51,163200
ROCM,20110404,11.06,11.06,10.83,10.89,7300
ROIA,20110404,2.17,2.18,2.05,2.1,8000
ROIAK,20110404,2.05,2.06,1.89,1.98,447300
ROIC,20110404,10.98,10.98,10.77,10.78,84900
ROICW,20110404,0.94,1.04,0.89,1.01,19200
ROLL,20110404,39.46,39.85,39.12,39.36,75600
ROMA,20110404,10.89,10.89,10.76,10.81,13000
ROSE,20110404,47.97,48.54,47.72,48.45,450000
ROSG,20110404,7.5,8.25,7.5,8.25,75000
ROST,20110404,35.8,35.87,35.28,35.665,907800
ROVI,20110404,52.73,53.03,52.2,52.57,1310700
ROYL,20110404,5.26,5.3,5.05,5.13,984000
RP,20110404,28.4,28.65,28.11,28.42,144100
RPRX,20110404,5.3,5.45,5.23,5.3,142900
RPTP,20110404,3.39,3.43,3.37,3.38,39400
RRD,20110404,19.08,19.11,18.9,19.04,1389000
RRGB,20110404,27.17,27.44,26.33,26.77,329500
RRST,20110404,7.12,7.25,7.1,7.17,3400
RSOL,20110404,2.69,2.69,2.5,2.57,9000
RSTI,20110404,38.99,39.51,38.65,39.49,143000
RSYS,20110404,8.65,8.81,8.55,8.76,39600
RTEC,20110404,10.82,10.98,10.69,10.93,145300
RTIX,20110404,2.8,2.88,2.77,2.84,142800
RUE,20110404,28.48,28.99,28.3,28.37,299900
RUSHA,20110404,20.22,20.56,19.96,20.24,51800
RUSHB,20110404,17.59,17.6,17.55,17.57,600
RUTH,20110404,5.1,5.15,4.93,5.11,247500
RVBD,20110404,34.08,34.85,33.25,33.86,9692400
RVSB,20110404,3.01,3.04,2.95,3.04,8100
RYAAY,20110404,28.16,28.35,28.06,28.19,200600
SAAS,20110404,3.39,3.4,3.25,3.28,42900
SAFM,20110404,45.52,45.82,45.09,45.2,242300
SAFT,20110404,46.87,47.38,46.64,47.25,53800
SAIA,20110404,16.51,16.74,16.45,16.6,25900
SALM,20110404,3.51,3.79,3.51,3.7,18300
SANM,20110404,11.03,11.06,10.85,10.9,518900
SANW,20110404,3.76,3.9,3.65,3.83,11900
SANWW,20110404,0.38,0.38,0.38,0.38,1000
SANWZ,20110404,0.17,0.17,0.17,0.17,1000
SAPE,20110404,11.7,11.81,11.62,11.73,777900
SASR,20110404,18.93,19.13,18.82,19.02,35300
SATS,20110404,37.65,37.92,36.98,37.62,208000
SBAC,20110404,39.69,40.06,39.51,39.74,1013600
SBBX,20110404,5.93,5.93,5.93,5.93,0
SBCF,20110404,1.63,1.67,1.61,1.67,216700
SBGI,20110404,12.55,12.65,12.48,12.59,406600
SBLK,20110404,36.6,36.75,35.7,36,181700
SBNY,20110404,57.65,57.74,57.28,57.46,113500
SBNYW,20110404,35.49,35.49,35.49,35.49,100
SBRA,20110404,17.95,18.14,17.92,17.97,388900
SBSA,20110404,0.89,0.89,0.86,0.89,58100
SBSI,20110404,21.54,21.54,21.35,21.39,31600
SBUX,20110404,37.37,37.59,36.57,36.73,5443300
SCBT,20110404,33.59,34.45,33.55,34.44,45500
SCHL,20110404,27.03,27.31,26.83,27.12,227100
SCHN,20110404,67.09,67.09,65.32,66.01,382900
SCLN,20110404,4.12,4.12,3.93,4,161900
SCMP,20110404,4.25,4.28,4.22,4.27,11500
SCOK,20110404,9,9.19,8.31,8.48,331700
SCON,20110404,38.76,38.88,35.88,36.36,280100
SCOR,20110404,29.6,29.99,29.59,29.89,107700
SCSC,20110404,37.52,37.74,37.39,37.5,43800
SCSS,20110404,12.45,12.49,12.13,12.19,289900
SCVL,20110404,18.4933,18.5533,18.3267,18.36,32200
SDBT,20110404,2.61,2.61,2.61,2.61,100
SDIX,20110404,2.17,2.2,2.16,2.16,13300
SEAC,20110404,9.94,10.05,9.87,10.01,138800
SEED,20110404,7.6,7.6,7.4,7.43,108300
SEIC,20110404,23.97,24.08,23.89,23.97,713200
SENEA,20110404,29.7,29.7,29.45,29.6,10800
SENEB,20110404,29.7,29.7,29.7,29.7,0
SFLY,20110404,50.41,50.86,49.4,50.09,760900
SFNC,20110404,26.92,27.19,26.79,27.11,30900
SFST,20110404,7.67,7.68,7.67,7.67,1100
SGC,20110404,11.38,11.76,11.38,11.76,3300
SGEN,20110404,15.57,15.92,15.53,15.72,647800
SGI,20110404,20.91,20.94,19.41,19.59,703400
SGMA,20110404,5.42,5.55,5.42,5.44,1500
SGMO,20110404,8.21,8.37,8.15,8.34,408400
SGMS,20110404,9.12,9.3,9.12,9.2,885500
SGOC,20110404,3.66,3.68,3.58,3.58,2100
SGRP,20110404,1.88,1.88,1.75,1.75,7900
SHBI,20110404,9.67,9.89,9.67,9.75,7700
SHEN,20110404,18.4,18.68,18.3,18.64,27300
SHFL,20110404,11,11.04,10.93,11.01,222900
SHIP,20110404,0.6,0.63,0.6,0.62,39800
SHLD,20110404,81.98,82.53,79.55,79.95,290500
SHLM,20110404,25.14,25.49,25.03,25.23,249900
SHLO,20110404,11.7,11.77,11.17,11.24,20100
SHOO,20110404,31.8733,32.9267,31.8733,32.68,529500
SHOR,20110404,8.71,8.88,8.61,8.74,470300
SIAL,20110404,63.96,65,63.93,64.88,622600
SIEB,20110404,1.81,1.81,1.81,1.81,0
SIFI,20110404,9.9,10,9.9,9.96,15300
SIFY,20110404,3.72,3.98,3.67,3.89,1153100
SIGA,20110404,13.02,13.29,12.83,13.26,515400
SIGI,20110404,17.64,17.7,17.51,17.6,95400
SIGM,20110404,12.67,12.74,12.53,12.66,150600
SILC,20110404,18.7,19.26,18.7,19.12,26900
SIMG,20110404,8.03,8.19,7.76,7.78,2466700
SIMO,20110404,8.22,8.22,7.99,8.05,113200
SINA,20110404,113.67,116.66,113.17,116.56,4008200
SINO,20110404,2.08,2.08,2.08,2.08,900
SIRI,20110404,1.64,1.7,1.62,1.7,33867400
SIRO,20110404,50.39,51.6,50.39,51.19,415800
SIVB,20110404,57.4,58.08,57.25,57.74,536300
SIVBO,20110404,24.45,24.69,24.43,24.65,1100
SKBI,20110404,5.5,5.51,5.25,5.26,30800
SKYW,20110404,16.27,16.57,16.07,16.49,473300
SLAB,20110404,42.52,42.62,41.65,41.79,462100
SLGN,20110404,38.4,38.71,38.3,38.61,126800
SLMAP,20110404,43.45,43.7,43.36,43.4,8800
SLP,20110404,3,3.19,3,3.12,26000
SLRC,20110404,24.19,24.36,23.96,24.23,152000
SLTC,20110404,5.89,5.94,5.73,5.84,2100
SLTM,20110404,3.24,3.3,3.21,3.23,141500
SLXP,20110404,34.71,35.12,34.71,34.79,473200
SMBC,20110404,24.25,25.5,24.25,24.3,9000
SMCI,20110404,16.25,16.5,16.14,16.47,179100
SMED,20110404,4.77,4.78,4.67,4.7,47700
SMIT,20110404,3.99,4,3.79,3.93,4800
SMMF,20110404,3.7,3.7,3.67,3.67,1600
SMRT,20110404,10.16,10.19,9.86,9.93,205600
SMSI,20110404,9.21,9.24,9.13,9.21,411100
SMT,20110404,10.34,10.64,10.31,10.56,530600
SMTC,20110404,24.68,24.77,24.06,24.37,365700
SMTX,20110404,2.61,2.68,2.57,2.65,427800
SNAK,20110404,3.92,4,3.91,4,62600
SNBC,20110404,3.67,3.7,3.57,3.6,434000
SNCR,20110404,35.6,35.79,34.15,34.78,315700
SNDK,20110404,45.88,46.85,45.71,46.6,6091600
SNFCA,20110404,1.68,1.78,1.68,1.78,500
SNHY,20110404,30.4,30.4,29.72,30.0533,38600
SNMX,20110404,6.28,6.4,6.22,6.37,60100
SNPS,20110404,27.73,27.76,27.52,27.66,439700
SNSS,20110404,1.93,1.95,1.9,1.95,340500
SNTA,20110404,5.29,5.35,5.18,5.32,162100
SNTS,20110404,3.33,3.38,3.27,3.3,248400
SOCB,20110404,3.24,3.55,3.23,3.28,1400
SODA,20110404,47.5,47.92,41.26,42.7,1266100
SOFO,20110404,15,15,14.81,14.81,2300
SOHU,20110404,91.75,97.55,91.53,97.3,2839200
SOMH,20110404,8.65,8.79,8.65,8.76,4300
SONA,20110404,7.22,7.27,7.2,7.2,24800
SONC,20110404,9.04,9.04,8.82,8.88,536700
SONS,20110404,3.75,3.77,3.68,3.72,1300800
SORL,20110404,5.76,5.85,5.62,5.69,165800
SOXX,20110404,58.57,58.66,57.59,57.92,225800
SPAN,20110404,15.2,15.2,15.2,15.2,0
SPAR,20110404,7,7.17,6.97,7.16,215700
SPBC,20110404,11.44,11.44,11.3,11.3,900
SPCHA,20110404,2.05,2.05,1.97,2.02,1300
SPCHB,20110404,2.05,2.1,2,2.1,1900
SPEX,20110404,8.2,8.4,8.2,8.4,38000
SPIL,20110404,6.18,6.24,6.15,6.21,1749500
SPIR,20110404,4.58,4.58,4.43,4.43,4400
SPLS,20110404,20.2,20.46,20.08,20.36,13825700
SPMD,20110404,6.31,6.6,6.23,6.47,178100
SPNC,20110404,4.87,4.9,4.7,4.71,96200
SPNS,20110404,4,4,3.81,3.86,9200
SPPI,20110404,8.9,9.17,8.86,9.06,738200
SPPR,20110404,1.68,1.68,1.57,1.63,21300
SPPRO,20110404,28.32,28.45,28.32,28.32,500
SPPRP,20110404,9.55,9.55,9.55,9.55,0
SPRD,20110404,18.44,18.88,18.19,18.67,808700
SPRO,20110404,2.15,2.2,2.15,2.2,1600
SPRT,20110404,5.21,5.59,5.21,5.55,149200
SPSC,20110404,15.28,15.28,14.2,14.38,63300
SPTN,20110404,14.78,15.15,14.78,15.12,45500
SPU,20110404,3.87,4,3.4,3.57,669300
SQI,20110404,14.76,15.19,14.56,14.75,724700
SQNM,20110404,6.46,6.55,6.37,6.49,1369700
SQQQ,20110404,100.64,103.72,100.28,102.4,653900
SRCE,20110404,20.41,20.75,20.22,20.54,40600
SRCL,20110404,91.41,92.29,91.17,92.22,365600
SRDX,20110404,12.94,12.97,12.83,12.88,43500
SREV,20110404,12.02,12.48,12,12.4,141700
SSBI,20110404,6.94,6.94,6.86,6.86,1400
SSFN,20110404,5.94,5.94,5.94,5.94,0
SSNC,20110404,20.75,20.83,20.54,20.57,65100
SSRI,20110404,32.6,33.13,32.2,32.3,1259800
SSRX,20110404,17.91,18.21,17.6,17.87,156100
SSYS,20110404,51.01,51.47,50.29,50.73,408000
STAA,20110404,5.46,5.51,5.42,5.5,26600
STAN,20110404,17.6,17.72,17.5,17.59,10900
STBA,20110404,21.72,22,21.72,21.98,53700
STEC,20110404,20.63,20.84,19.45,19.87,2283700
STEI,20110404,7.81,8.07,7.76,7.97,837400
STEL,20110404,14.51,14.69,14.2,14.36,22400
STEM,20110404,0.93,0.94,0.91,0.92,460200
STFC,20110404,17.8,18.19,17.8,17.92,11000
STKL,20110404,7.68,7.69,7.39,7.56,382500
STLD,20110404,18.93,19.34,18.92,19.25,3591900
STLY,20110404,5.24,5.24,4.91,4.99,43600
STMP,20110404,13.2,13.52,13.2,13.5,29300
STND,20110404,15.52,15.52,15.25,15.25,3400
STNR,20110404,46.15,46.27,45.24,45.97,30600
STRA,20110404,129.99,134.25,129.99,134.22,166900
STRL,20110404,16.88,16.88,16.5,16.53,80900
STRM,20110404,1.75,1.83,1.75,1.83,15300
STRN,20110404,7.8,7.8,7.65,7.65,1000
STRS,20110404,13.79,13.79,12.04,13.78,1000
STRT,20110404,33.74,33.74,33,33.43,1400
STSA,20110404,16.8,17,16.5,16.75,59600
STX,20110404,14.93,14.94,14.46,14.59,7696200
STXS,20110404,38.7,41.4,38.5,40.4,1366400
SUBK,20110404,21.38,21.43,20.85,21.06,18600
SUMR,20110404,8.38,8.46,8.33,8.4,142800
SUNS,20110404,18.94,19.17,18.79,18.98,127900
SUPX,20110404,22.14,22.23,22.01,22.05,40400
SURG,20110404,5.95,6.01,5.9,5.9,316900
SUSQ,20110404,9.48,9.62,9.41,9.55,826100
SUTR,20110404,1.69,1.69,1.62,1.65,75300
SVA,20110404,4.39,4.4,4.13,4.17,123100
SVBI,20110404,4.45,4.45,4.01,4.2,12500
SVNT,20110404,10.51,10.64,10.38,10.53,953200
SWHC,20110404,3.52,3.53,3.51,3.53,213100
SWIR,20110404,11.06,11.06,10.86,11.04,100700
SWKS,20110404,31.39,31.7,30.35,30.79,4579100
SWSH,20110404,6.37,6.85,6.32,6.85,1233400
SYBT,20110404,25.39,25.49,25.2,25.43,25600
SYBTP,20110404,11.47,11.52,11.22,11.52,4100
SYKE,20110404,19.85,19.87,19.44,19.46,124600
SYMC,20110404,18.46,18.49,18.18,18.36,5709400
SYMM,20110404,6.26,6.26,6.12,6.15,55700
SYMX,20110404,2.89,2.9,2.54,2.6,1244800
SYNA,20110404,25.87,26.06,24.94,25.2,735600
SYNL,20110404,12.88,12.96,12.69,12.96,5500
SYNM,20110404,22.6,22.6,21.2,21.5,695500
SYNT,20110404,52.98,52.99,52.15,52.31,58400
SYPR,20110404,4.02,4.02,3.91,3.92,1400
SYUT,20110404,11.53,11.59,10.75,10.82,54300
TACT,20110404,11.83,12,11.83,11.93,20200
TAIT,20110404,1.55,1.58,1.55,1.55,1300
TASR,20110404,4.07,4.07,3.97,4.06,281800
TAST,20110404,9.29,9.29,9.01,9.09,83500
TATT,20110404,5.36,5.6,5.36,5.6,5200
TAXI,20110404,8.61,8.81,8.61,8.79,17500
TAYC,20110404,10.6,10.6,10.2,10.21,51800
TAYCP,20110404,25,25,25,25,500
TAYD,20110404,5.6,5.7,5.39,5.7,13300
TBAC,20110404,2.68,2.9,2.65,2.65,35000
TBBK,20110404,9.23,9.41,9.12,9.39,182500
TBNK,20110404,19.99,20.09,19.96,20.05,17500
TBOW,20110404,4.23,4.25,4.17,4.19,24800
TCBI,20110404,26.41,26.79,26.13,26.2,149700
TCBIW,20110404,15.46,15.46,15.44,15.44,700
TCBK,20110404,16.6,16.64,16.46,16.57,7900
TCCO,20110404,9.87,9.99,9.76,9.82,9200
TCRD,20110404,13.65,13.88,13.65,13.87,6800
TEAR,20110404,1.87,1.99,1.87,1.94,19100
TECD,20110404,51.06,52.21,50.83,51.84,650700
TECH,20110404,73,73.61,72.79,73.54,58500
TECUA,20110404,10.21,10.36,10.19,10.2,71200
TECUB,20110404,9.75,9.98,9.74,9.98,1100
TELK,20110404,27,29.7,26.7,29.7,65300
TESO,20110404,21.44,21.64,21.11,21.38,199900
TESS,20110404,11.77,11.83,11.6,11.8,8900
TFCO,20110404,3.38,4.13,3.35,3.63,5600
TFM,20110404,38.11,38.31,37.78,37.96,87200
TFSL,20110404,10.63,10.68,10.52,10.55,168200
TGA,20110404,15.24,15.35,15.14,15.35,261700
TGE,20110404,7.96,8.15,7.95,8.09,695900
THFF,20110404,34,34.16,33.69,33.89,15200
THLD,20110404,1.74,1.74,1.63,1.65,288300
THOR,20110404,26.47,26.59,26.26,26.42,482100
THRD,20110404,21.04,21.99,21.04,21.99,7900
THRX,20110404,25.11,25.6,24.86,25.43,241200
THTI,20110404,3.63,3.73,3.63,3.73,600
TIBX,20110404,27.92,27.93,27.36,27.59,2010700
TICC,20110404,11.37,11.52,11.23,11.46,773600
TIGR,20110404,4.41,4.5,4.4,4.4,6600
TINY,20110404,5.39,5.4,5.31,5.33,85700
TISA,20110404,1.25,1.25,1.25,1.25,0
TITN,20110404,26.79,27.75,26.29,27.61,159600
TIVO,20110404,9.17,9.29,8.99,9.13,2038900
TKMR,20110404,3.23,3.25,3.11,3.15,16000
TLAB,20110404,5.22,5.24,5.1,5.11,4209500
TLF,20110404,4.81,4.98,4.8,4.91,1900
TMNG,20110404,2.38,2.41,2.38,2.41,2000
TNAV,20110404,11.27,11.85,11.27,11.85,97100
TOFC,20110404,8.7,8.7,8.39,8.64,800
TOPS,20110404,0.72,0.75,0.71,0.71,7600
TORM,20110404,19.32,19.49,18,18.26,46000
TOWN,20110404,15.52,15.73,15.41,15.7,71300
TPGI,20110404,3.4,3.44,3.13,3.28,101800
TQNT,20110404,12.48,12.66,11.96,12.11,5649200
TQQQ,20110404,43,43.09,41.645,42.235,327100
TRAK,20110404,23.35,23.55,22.95,22.99,155600
TREE,20110404,5.8,5.84,5.63,5.63,88200
TRGT,20110404,26.71,26.85,26.42,26.46,117800
TRIB,20110404,9.39,9.5,9.37,9.41,29700
TRIT,20110404,11.65,11.65,10.8,11,92600
TRLG,20110404,23.48,23.95,23.47,23.58,220900
TRMB,20110404,25.86,26.06,25.5,25.93,563200
TRMD,20110404,55.9,55.9,54.8,54.8,9000
TRMK,20110404,23.6,23.96,23.56,23.74,260400
TRNS,20110404,8.5,8.5,8.44,8.44,200
TRNX,20110404,18.64,18.67,18.31,18.67,27700
TROW,20110404,67.91,68.17,67.14,67.31,895100
TRS,20110404,21.27,21.4,21.15,21.25,131000
TRST,20110404,6.02,6.12,6,6.12,243800
TSBK,20110404,5.47,5.84,5.47,5.64,2200
TSCO,20110404,61.41,62.41,60.42,61.21,1105100
TSEM,20110404,21.6,21.75,21,21.45,2014500
TSLA,20110404,26.78,27,25.23,25.83,2609200
TSON,20110404,4.47,4.63,4.41,4.51,187600
TSPT,20110404,8.28,8.35,8.24,8.33,8500
TSRA,20110404,18.05,18.09,17.76,17.9,179600
TSRI,20110404,5.05,5.1,4.99,5.05,11400
TSRX,20110404,5.71,5.81,5.25,5.56,71600
TST,20110404,3.45,3.49,3.4,3.43,103300
TSTC,20110404,6.45,6.77,6.33,6.69,463000
TSYS,20110404,4.14,4.16,4.03,4.16,268700
TTEC,20110404,19.02,19.57,19.02,19.48,98200
TTEK,20110404,25.05,25.49,24.89,25,368200
TTGT,20110404,8.88,8.91,8.48,8.51,133400
TTHI,20110404,4.23,4.38,4.23,4.34,83700
TTMI,20110404,19.39,19.64,18.69,18.85,1667000
TTWO,20110404,15.11,15.29,14.95,15.1,1356400
TUES,20110404,4.88,4.92,4.71,4.8,163900
TWER,20110404,3.89,3.94,3.75,3.81,165300
TWGP,20110404,24.1,24.17,23.87,24.05,255900
TWIN,20110404,31.89,32.3,31.1,31.58,74800
TWMC,20110404,1.71,1.71,1.68,1.68,1200
TWTC,20110404,19.54,19.55,19.43,19.5,309100
TXCC,20110404,4.78,5.33,4.72,5,1617500
TXN,20110404,34.4,34.47,33.63,34.11,10520800
TXRH,20110404,17.17,17.27,17.04,17.17,770200
TYPE,20110404,14.63,14.63,13.54,13.77,238300
TZOO,20110404,70.85,76.63,70.04,76.29,1627900
TZYM,20110404,4,4.19,3.95,4,1762400
UACL,20110404,17.44,17.44,17.02,17.16,15200
UBCP,20110404,8.41,8.73,8.41,8.6,500
UBFO,20110404,3.63,3.64,3.61,3.61,2900
UBNK,20110404,16.76,16.76,16.48,16.49,51500
UBOH,20110404,9.06,9.06,9.06,9.06,800
UBSH,20110404,11.68,11.86,11.66,11.73,18000
UBSI,20110404,26.98,27.28,26.92,26.97,93800
UCBA,20110404,7.29,7.29,7.29,7.29,0
UCBI,20110404,2.24,2.37,2.19,2.33,1115200
UCFC,20110404,1.26,1.3,1.25,1.26,36000
UCTT,20110404,10.54,10.54,10.1,10.16,99400
UEIC,20110404,29.26,29.41,28.63,28.98,41300
UEPS,20110404,8.68,8.71,8.52,8.57,236600
UFCS,20110404,20.56,21.43,20.51,21.37,118900
UFPI,20110404,36.8,36.88,36.36,36.55,44200
UFPT,20110404,17.72,18.14,17.56,17.82,103300
UG,20110404,15,15,14.82,14.85,1100
UHAL,20110404,97.43,100.04,96.21,99.96,29900
ULBI,20110404,5.06,5.17,5.04,5.09,35700
ULGX,20110404,0.58,0.61,0.57,0.6,19400
ULTA,20110404,48.46,48.78,47.65,48.28,290700
ULTI,20110404,59.27,59.45,58.47,58.5,198600
ULTR,20110404,5.18,5.24,5.03,5.15,79700
UMBF,20110404,37.57,37.79,37.46,37.73,165700
UMPQ,20110404,11.43,11.51,11.37,11.44,469000
UNAM,20110404,9.5,9.8,9.5,9.68,5400
UNB,20110404,19.05,19.05,19.05,19.05,0
UNFI,20110404,45.72,45.72,44.77,45.47,239000
UNIS,20110404,5.57,5.6,5.4,5.43,121900
UNTD,20110404,6.4,6.41,6.32,6.39,595600
UNTK,20110404,9.81,10.5,9.6,9.6,79400
UNTY,20110404,6.95,6.95,6.95,6.95,300
UNXL,20110404,7.15,7.16,6.9,6.9,4000
UPI,20110404,6.64,6.85,6.43,6.82,220300
URBN,20110404,30.28,30.48,30.06,30.19,2031700
URRE,20110404,21,21.4,20.5,21.4,1975300
USAK,20110404,13.11,13.14,12.71,12.75,33300
USAP,20110404,33.57,33.77,33.03,33.34,31300
USAT,20110404,2.42,2.5,2.35,2.37,282800
USATP,20110404,20,20,20,20,0
USATZ,20110404,1.36,1.36,1.28,1.28,3300
USBI,20110404,8.08,8.22,8.01,8.05,4800
USCR,20110404,9.02,9.49,9,9.02,2100
USEG,20110404,6.48,6.48,6.36,6.45,222500
USLM,20110404,41.54,41.81,41.4,41.81,3900
USMO,20110404,14.76,15.15,14.58,15.06,176000
USTR,20110404,35.95,36.375,35.64,36.34,126700
UTEK,20110404,28.16,28.17,27.49,28.11,262500
UTHR,20110404,67.88,68.19,66.99,68.14,516400
UTIW,20110404,20.46,20.56,20.2,20.51,345600
UTMD,20110404,29,29.1,28.49,28.49,1700
UTSI,20110404,8.01,8.37,7.86,8.34,1714500
UVSP,20110404,17.82,17.86,17.66,17.85,12300
VALU,20110404,14.9,14.9,14.73,14.82,1200
VALV,20110404,3.79,3.79,3.59,3.63,14500
VASC,20110404,10.89,11,10.82,10.99,19500
VBFC,20110404,3.01,3.04,2.95,2.98,4800
VCBI,20110404,5.77,5.95,5.61,5.83,148400
VCIT,20110404,79.12,79.43,79.12,79.28,29700
VCLK,20110404,14.55,15.34,14.54,15.3,1679000
VCLT,20110404,77.07,77.51,76.64,77.15,8500
VCSH,20110404,77.58,77.69,77.44,77.49,122700
VDSI,20110404,13.7,14.72,13.46,14.12,453500
VECO,20110404,49.67,50.6,49.09,49.69,997600
VELT,20110404,13.4,14.15,13.22,14.02,206500
VGIT,20110404,60.8,60.85,60.79,60.79,3400
VGLT,20110404,59.48,59.65,59.48,59.55,800
VGSH,20110404,60.51,60.58,60.46,60.55,12900
VIA,20110404,53.87,54.12,53.64,54.12,10200
VIAB,20110404,47.24,47.55,47.13,47.51,2366400
VIAS,20110404,26.66,26.69,26.35,26.47,8000
VICL,20110404,2.93,3.01,2.89,2.93,570900
VICR,20110404,16.39,16.56,16.26,16.44,65700
VIDE,20110404,3.75,3.94,3.7,3.9,7700
VIFL,20110404,4.51,4.62,4.42,4.43,3600
VIMC,20110404,3,3,2.92,2.96,50000
VIRC,20110404,3.2,3.2,3.2,3.2,0
VISN,20110404,87.8,89.6,87.2,89,95500
VIVO,20110404,24.4,24.64,24.25,24.42,114200
VLCCF,20110404,24.8,24.94,24.65,24.71,86800
VLGEA,20110404,29.12,29.14,28.84,29.09,21100
VLTR,20110404,24.34,24.34,23.46,23.53,232000
VLYWW,20110404,2.7,2.7,2.7,2.7,3300
VMBS,20110404,50.19,50.45,50.11,50.38,4900
VMED,20110404,27.77,28.04,27.75,27.97,2069900
VNDA,20110404,7.16,7.2,7.01,7.02,57000
VNQI,20110404,51.16,51.34,51.03,51.13,17200
VOCS,20110404,26.58,26.87,26.4,26.41,55300
VOD,20110404,29.27,29.3,28.85,29.07,7900700
VOLC,20110404,25.81,26.57,25.56,26.09,509800
VONE,20110404,61.2,61.2,61,61,2600
VONG,20110404,62.36,62.36,62.22,62.25,9800
VONV,20110404,60.24,60.24,60.06,60.14,1900
VOXX,20110404,7.91,7.98,7.84,7.9,50000
VPFG,20110404,12.98,13.09,12.95,13.01,35000
VPHM,20110404,20.09,20.38,19.63,20.05,957300
VPRT,20110404,50.68,52.99,50.57,52.9,256800
VRA,20110404,40.83,43.9,39.51,43.31,258300
VRML,20110404,4.9,4.98,4.49,4.55,173900
VRNM,20110404,3.17,3.18,3.08,3.17,27300
VRNT,20110404,36.37,36.74,36.23,36.74,76600
VRSK,20110404,33.22,33.35,33,33.13,420800
VRSN,20110404,36.57,36.85,36.46,36.8,1774800
VRTA,20110404,1.35,1.35,1.35,1.35,700
VRTB,20110404,1.54,1.54,1.52,1.52,4800
VRTS,20110404,61.2,61.51,60.48,60.99,19100
VRTU,20110404,18.84,18.86,18.61,18.61,94500
VRTX,20110404,47.75,48.11,47.22,47.49,2556700
VSAT,20110404,39.63,39.67,38.81,39.17,122800
VSBN,20110404,12.74,12.74,12.74,12.74,0
VSCI,20110404,2.46,2.77,2.46,2.63,194200
VSCP,20110404,2.13,2.22,2.13,2.13,111900
VSEC,20110404,30.84,30.86,30.29,30.48,3700
VTHR,20110404,61.43,61.45,61.42,61.42,1100
VTNC,20110404,14.39,14.39,14.13,14.3,89900
VTSS,20110404,4.88,4.99,4.81,4.85,109900
VTUS,20110404,12.74,14.1,12.4,14,211500
VTWG,20110404,69.25,69.3,69.02,69.06,1700
VTWO,20110404,67.04,67.18,66.91,66.99,33300
VTWV,20110404,64.74,64.8,64.67,64.71,2300
VVTV,20110404,5.84,5.9,5.51,5.6,953800
VVUS,20110404,7.17,7.34,6.68,6.73,16175200
VXUS,20110404,51.7,51.73,51.4,51.63,111300
VYFC,20110404,4.87,4.87,4.87,4.87,0
WABC,20110404,51.71,51.98,51.6,51.83,72300
WAFD,20110404,17.33,17.33,17.19,17.24,401700
WASH,20110404,23.8,24,23.66,23.78,26500
WAVX,20110404,3.12,3.23,3.07,3.17,313800
WAYN,20110404,8.44,8.68,8.36,8.36,3000
WBCO,20110404,13.72,13.8,13.72,13.79,5900
WBKC,20110404,14.26,14.48,14.25,14.48,9100
WBMD,20110404,52.84,53.25,52.42,52.85,712800
WBSN,20110404,23.17,23.24,22.91,23.09,143600
WCRX,20110404,24.09,24.29,23.86,23.92,1802100
WDC,20110404,38.25,38.39,37.14,37.3,3099200
WDFC,20110404,42.75,43.09,42.6,42.99,57600
WEBM,20110404,9.94,10.15,9.73,10.01,84700
WERN,20110404,26.9,27.05,26.69,26.92,439000
WEYS,20110404,24.51,24.52,24.42,24.5,7800
WFD,20110404,9.1,9.19,9.05,9.16,11300
WFM,20110404,66.73,66.87,66.03,66.1,1349800
WIBC,20110404,5.35,5.4,5.11,5.11,145700
WILC,20110404,7.75,7.85,7.75,7.81,4900
WIN,20110404,12.77,12.84,12.68,12.81,3191300
WINA,20110404,47.09,47.19,46.27,46.27,10700
WIRE,20110404,25.9,26.5,25.1,25.7,259000
WLDN,20110404,4.03,4.1,4.03,4.06,30600
WLFC,20110404,12.85,12.91,12.76,12.89,36600
WMAR,20110404,10.18,10.33,9.86,10.12,56600
WMGI,20110404,17.1,17.35,17.03,17.13,164400
WOOD,20110404,51.45,51.71,51.25,51.35,47700
WOOF,20110404,25.14,25.49,24.94,25.25,420100
WPCS,20110404,2.38,2.41,2.34,2.41,18900
WPPGY,20110404,63.76,63.9,63.35,63.42,22800
WPRT,20110404,24.45,27.22,24.36,25.91,3619300
WRES,20110404,5.08,5.14,5.03,5.13,468600
WRLD,20110404,65.91,66.78,65.75,66.61,82300
WRLS,20110404,7.35,7.5,7.21,7.35,104100
WSB,20110404,3.25,3.25,3.14,3.14,3100
WSBC,20110404,21.08,21.14,20.82,20.87,39000
WSBF,20110404,3.05,3.05,2.93,2.93,4900
WSCI,20110404,4.57,4.75,4.57,4.59,4300
WSFS,20110404,46.98,47.15,46.39,46.93,44200
WSTG,20110404,13.51,13.89,13.51,13.67,3500
WSTL,20110404,3.48,3.53,3.43,3.46,139300
WTBA,20110404,7.94,8.03,7.94,8.03,8700
WTFC,20110404,36.93,37.34,36.93,37.31,217800
WTFCW,20110404,19.29,19.29,19.29,19.29,0
WVFC,20110404,8.72,8.72,8.72,8.72,0
WVVI,20110404,3.12,3.12,3.12,3.12,0
WWD,20110404,35.26,35.77,35.15,35.43,295800
WWWW,20110404,14.98,15.28,14.94,15.02,647700
WYNN,20110404,135.28,136.43,132.31,132.96,2227700
XBKS,20110404,4.36,4.69,4.35,4.5,59400
XIDE,20110404,11.35,11.36,10.95,10.98,439100
XLNX,20110404,32.28,32.39,31.54,31.83,3697300
XNPT,20110404,6.1,6.58,6.07,6.48,1907700
XOMA,20110404,2.99,3.04,2.84,2.86,865600
XRAY,20110404,37.06,37.28,36.93,37.07,869600
XRTX,20110404,9.54,9.76,9.46,9.51,685100
XTEX,20110404,16.95,17.12,16.91,16.91,113400
XTXI,20110404,10.07,10.22,10.05,10.16,220000
XWES,20110404,4.22,4.45,4.07,4.09,7400
XXIA,20110404,14.42,14.51,14.06,14.1,577500
YAVY,20110404,2.38,2.47,2.33,2.36,16200
YHOO,20110404,16.88,17.05,16.81,16.87,9568600
YORW,20110404,17.32,17.52,17.28,17.44,20400
YRCW,20110404,1.78,1.9,1.77,1.87,1428100
ZAGG,20110404,7.68,8.11,7.6,8.06,1344800
ZBRA,20110404,39.5,39.78,39.17,39.35,160100
ZEUS,20110404,32.93,33.44,31.8,33.33,70700
ZGNX,20110404,5.04,5.09,4.87,5.01,26500
ZHNE,20110404,2.51,2.78,2.39,2.65,280700
ZIGO,20110404,14.77,14.85,14.65,14.78,23300
ZINC,20110404,16.88,16.97,16.5,16.87,226800
ZION,20110404,23.54,24.05,23.47,23.95,3294500
ZIONW,20110404,7.46,7.46,7.45,7.45,500
ZIOP,20110404,6.25,6.28,6.19,6.2,365700
ZIPR,20110404,2.82,2.82,2.76,2.8,14200
ZIXI,20110404,3.98,4,3.77,3.78,1180000
ZLCS,20110404,2.46,2.58,2.37,2.39,1371600
ZN,20110404,4.82,4.86,4.7,4.79,55000
ZOLT,20110404,13.31,13.5,13.18,13.43,114300
ZOOM,20110404,3.25,3.3,3.2,3.29,149000
ZUMZ,20110404,26.61,26.93,25.99,26.1,224300
