<ticker>,<date>,<open>,<high>,<low>,<close>,<vol>
AACC,20110817,4.39,4.5,4.1,4.45,27500
AAME,20110817,1.9,1.91,1.87,1.9,3200
AAON,20110817,18.63,19.41,18.23,18.25,101200
AAPL,20110817,382.35,384.52,378,380.44,15787800
AAWW,20110817,43.37,43.81,42.86,43.76,261600
AAXJ,20110817,56.19,56.73,55.76,55.97,1157900
ABAX,20110817,23.23,23.89,23.09,23.68,141400
ABCB,20110817,8.98,9.08,8.95,9.04,42700
ABCD,20110817,2.86,3.03,2.85,2.94,30700
ABCO,20110817,29.05,29.825,29.035,29.72,157000
ABFS,20110817,21.32,21.42,20.33,20.42,296900
ABIO,20110817,7.2,7.5,6.9,6.96,17400
ABMD,20110817,12.15,12.6,12.07,12.52,190400
ABTL,20110817,4.35,4.65,4.35,4.5,83300
ACAD,20110817,1.5,1.52,1.48,1.51,133900
ACAS,20110817,8.58,8.69,8.44,8.6,2775100
ACAT,20110817,14.13,14.53,13.62,14.15,81100
ACCL,20110817,6.67,6.81,6.67,6.77,82300
ACET,20110817,5.57,5.72,5.43,5.68,77200
ACFC,20110817,3.59,4.28,3.59,3.6,5400
ACFN,20110817,4.95,4.95,4.84,4.92,68300
ACGL,20110817,33.75,34.02,33.63,33.95,498300
ACHN,20110817,5.95,6.07,5.65,5.82,233400
ACIW,20110817,31.38,31.48,30.57,31,167600
ACLS,20110817,1.46,1.49,1.4,1.4,322100
ACNB,20110817,14.39,14.39,14.16,14.16,3900
ACOR,20110817,26.68,26.92,25.08,25.94,671600
ACPW,20110817,7.75,8,7.3,7.3,417200
ACRX,20110817,3.57,3.57,3.52,3.52,400
ACTG,20110817,37.81,38.4,36.32,37.19,377400
ACTS,20110817,2,2,1.91,1.97,47700
ACUR,20110817,3.33,3.35,3.06,3.26,59400
ACWI,20110817,43.49,43.74,42.95,43.31,761200
ACWX,20110817,40.14,40.33,39.67,39.85,82900
ACXM,20110817,10.89,10.96,10.43,10.54,591700
ADAT,20110817,1.92,1.98,1.8,1.82,94200
ADBE,20110817,24.57,25.15,24.31,24.56,5754600
ADEP,20110817,3.44,3.73,3.43,3.69,4800
ADES,20110817,14.94,15.22,14.79,14.86,13100
ADI,20110817,31.39,32.34,31.11,31.69,8532000
ADP,20110817,48.09,48.45,47.46,47.84,3519800
ADRA,20110817,24.99,25.05,24.96,24.96,2000
ADRD,20110817,19.64,20.04,19.2,19.87,6900
ADRE,20110817,41.47,41.78,41.17,41.62,150100
ADRU,20110817,19.57,19.62,19.43,19.45,3200
ADSK,20110817,29.64,29.92,28.63,28.85,2879700
ADTN,20110817,29.89,30.09,29.26,29.57,653500
ADUS,20110817,4.7,4.85,4.7,4.71,10000
ADVS,20110817,21.29,21.6,20.7,21.01,136100
AEGR,20110817,14.26,14.28,13.73,13.98,32600
AEHR,20110817,1.21,1.24,1.15,1.2,22000
AEIS,20110817,9.8,10.03,9.58,9.71,391300
AEPI,20110817,24.9,25.33,24.39,24.73,8200
AERL,20110817,7.99,7.99,7,7.01,234200
AETI,20110817,3.54,3.54,3.37,3.54,800
AEY,20110817,2.37,2.45,2.3,2.36,19100
AEZS,20110817,11.52,11.7,11.28,11.52,1541200
AFAM,20110817,18.71,19.02,18.51,18.88,67800
AFCB,20110817,11.49,11.49,11.49,11.49,100
AFCE,20110817,13.84,14.44,13.59,14.32,112400
AFFX,20110817,5,5.06,4.84,5.01,1144700
AFFY,20110817,4.73,4.9,4.63,4.73,365100
AFOP,20110817,8.22,8.22,7.86,7.91,33900
AFSI,20110817,21.78,21.99,21.76,21.94,85900
AGEN,20110817,0.58,0.59,0.55,0.57,308800
AGII,20110817,27.91,28.39,27.82,28.28,88300
AGNC,20110817,29.91,29.99,29.75,29.96,4503800
AGYS,20110817,8.07,8.72,7.91,8.14,136700
AHGP,20110817,46.52,47.53,46.52,46.77,65200
AHPI,20110817,3.55,3.8,3.55,3.73,1700
AIMC,20110817,15.32,15.76,15.1,15.74,260500
AINV,20110817,8.71,8.89,8.61,8.77,1264400
AIRM,20110817,21.7333,22.1667,21.3867,22.13,62700
AIRT,20110817,7.8,8.06,7.8,8.06,1700
AIXG,20110817,22.8,23.24,22.03,22.39,1103600
AKAM,20110817,22.87,23.08,22.44,22.62,3136700
AKRX,20110817,8.04,8.16,7.75,7.87,758400
ALCO,20110817,22.74,22.97,22.51,22.66,4100
ALGN,20110817,18.42,18.65,18.02,18.25,487300
ALGT,20110817,44.43,44.93,44.05,44.88,112800
ALIM,20110817,7.17,7.86,7.09,7.48,60800
ALKS,20110817,14.66,14.97,14.53,14.87,801700
ALLB,20110817,10.45,10.7,10.45,10.7,500
ALLT,20110817,13,13.1,12.56,12.71,189400
ALNY,20110817,7.2,7.41,7.04,7.17,167900
ALOG,20110817,46.67,47.21,46.66,47.06,40200
ALOT,20110817,7.5,7.5,7.25,7.46,700
ALSK,20110817,7.22,7.29,7.12,7.25,650900
ALTE,20110817,19.45,19.78,19.45,19.58,269600
ALTI,20110817,1.36,1.36,1.25,1.26,157800
ALTR,20110817,36.88,37.49,36.17,36.64,3808300
ALVR,20110817,12.1,12.5,12.1,12.4,67000
ALXA,20110817,12.3,13.3,12,12.6,633500
ALXN,20110817,52.65,53.4,50.84,51.74,1140700
AMAG,20110817,14.82,15.13,14.56,14.63,225700
AMAP,20110817,16.2,16.9,15.26,16,219400
AMAT,20110817,11.73,11.95,11.49,11.62,10676600
AMBT,20110817,9,9,8.79,8.79,2300
AMCC,20110817,5.65,5.7,5.39,5.57,570200
AMCF,20110817,1.53,1.75,1.53,1.64,12200
AMCN,20110817,2.33,2.51,2.3,2.49,224400
AMCX,20110817,34.55,34.68,34.05,34.49,90300
AMED,20110817,17.16,17.43,16.58,16.78,377100
AMGN,20110817,51.3,51.8,51.29,51.72,8150000
AMIC,20110817,5.1,5.1,5.1,5.1,0
AMKR,20110817,4.23,4.27,4.1,4.17,1359200
AMNB,20110817,18.39,19.32,18.17,18.65,4400
AMOT,20110817,5.37,5.38,5.34,5.34,700
AMOV,20110817,24.14,24.29,23.76,24.21,9300
AMPE,20110817,4.76,5,4.75,4.95,56700
AMRB,20110817,5.43,5.54,5.19,5.25,8900
AMRI,20110817,3.79,3.95,3.65,3.73,78500
AMRN,20110817,13.13,13.24,11.76,12.39,6135300
AMRS,20110817,19.92,20.28,19.17,19.55,136100
AMSC,20110817,6.34,6.55,6.12,6.23,624000
AMSF,20110817,17.78,19.28,17.78,19.08,26300
AMSG,20110817,21.32,21.42,20.83,21.24,87200
AMSWA,20110817,6.68,6.72,6.44,6.5,115700
AMWD,20110817,14.18,14.57,14.02,14.1,7600
AMZN,20110817,198.89,199.6,193.74,195.93,3991500
ANAC,20110817,5.02,5.26,4.84,4.97,98100
ANAD,20110817,2.57,2.67,2.51,2.55,224400
ANAT,20110817,74.68,75.14,73.36,74.4,9400
ANCB,20110817,8.4,8.4,8.4,8.4,0
ANCI,20110817,2.49,2.49,2.34,2.34,3100
ANCX,20110817,8.1,8.1,8.1,8.1,0
ANDE,20110817,39.67,39.89,38.96,39.36,71400
ANEN,20110817,19.98,20.38,19.66,19.74,52900
ANGO,20110817,14.19,14.39,13.83,14.05,73100
ANIK,20110817,6.27,6.27,6.04,6.16,44100
ANLY,20110817,3.54,3.55,3.47,3.55,900
ANSS,20110817,51.08,51.55,49.5,49.92,448500
ANTH,20110817,5.37,6,5.28,5.91,88900
ANTP,20110817,2.5,2.5,2.5,2.5,0
AOSL,20110817,8.61,8.68,8.29,8.42,32300
APAGF,20110817,78.99,82.02,77.64,81.32,28500
APEI,20110817,39.08,39.11,37.69,38.14,147800
APFC,20110817,7.34,7.34,7.1,7.15,1400
APOG,20110817,9.45,9.56,9.23,9.25,141500
APOL,20110817,46.95,48.19,46.44,46.78,1865000
APPY,20110817,3.96,3.96,3.96,3.96,0
APRI,20110817,3.96,4.09,3.77,3.95,99800
APSA,20110817,19.12,19.75,19.12,19.14,2600
APWC,20110817,3.98,4.01,3.98,3.98,3000
ARAY,20110817,5.26,5.42,5.09,5.17,412000
ARCC,20110817,14.84,14.87,14.65,14.73,1439700
ARCI,20110817,4.32,4.32,4.15,4.2,7100
ARCW,20110817,2.96,2.97,2.92,2.92,2500
ARDNA,20110817,82.87,82.95,82.01,82.57,2400
AREX,20110817,20.65,20.98,19.85,19.99,533700
ARIA,20110817,9.83,9.89,9.27,9.41,2286700
ARII,20110817,17.71,18.06,17.19,17.34,20600
ARKR,20110817,13.7,14,13.7,13.95,4900
ARLP,20110817,73.24,73.98,72.23,72.47,62800
ARMH,20110817,25.75,25.99,25.17,25.47,3184300
ARNA,20110817,1.36,1.4,1.36,1.38,1215600
AROW,20110817,23.54,23.93,23.45,23.51,13700
ARQL,20110817,4.72,5.1,4.72,4.98,423900
ARRS,20110817,10.39,10.5,10.28,10.39,1304100
ARRY,20110817,2.13,2.18,2.12,2.15,156600
ARTC,20110817,31.57,32.29,31.48,31.65,152300
ARTNA,20110817,17.77,17.9,17.38,17.68,23700
ARTW,20110817,6.47,6.48,6,6.34,5700
ARTX,20110817,1.63,1.63,1.51,1.51,21000
ARUN,20110817,21.62,21.88,20.15,20.66,4377700
ARWR,20110817,0.47,0.5,0.46,0.46,52000
ASBC,20110817,10.85,11.08,10.76,10.86,776700
ASBI,20110817,4.3,4.3,4.2,4.2,900
ASCA,20110817,20.45,20.55,19.9,20.07,394000
ASCMA,20110817,44.06,44.38,43.44,43.73,42700
ASEI,20110817,61.34,61.8,60.01,60.97,53900
ASFI,20110817,8.72,8.74,8.67,8.74,4700
ASIA,20110817,10.99,11.01,9.26,9.58,2332800
ASMI,20110817,24.84,25.39,24.16,24.26,66600
ASML,20110817,34.88,35.56,34.57,34.98,2594500
ASNA,20110817,13.695,13.88,13.045,13.235,480300
ASPS,20110817,33.96,34.74,33.96,34.34,28300
ASRV,20110817,2.1,2.16,1.96,2.02,5100
ASRVP,20110817,25.06,25.06,25.05,25.05,200
ASTC,20110817,0.81,0.81,0.75,0.79,6200
ASTE,20110817,32.68,32.7,31.7,31.96,140000
ASTI,20110817,1.1,1.12,1.01,1.04,468000
ASTM,20110817,2.62,2.67,2.55,2.6,238000
ASUR,20110817,2.4,2.6,2.3333,2.3667,36700
ASYS,20110817,11.94,12.12,11.22,11.46,272700
ATAI,20110817,9.21,9.35,9.2,9.26,1400
ATAX,20110817,5.5,5.61,5.45,5.54,80000
ATEA,20110817,3.71,3.77,3.3,3.5,19300
ATEC,20110817,2.42,2.59,2.42,2.56,164500
ATHN,20110817,54.64,55.5,53.32,53.96,475500
ATHX,20110817,2.05,2.06,1.91,1.97,44600
ATLO,20110817,16.96,17.64,16.82,17.03,4300
ATMI,20110817,17.13,17.75,16.96,17.53,233100
ATML,20110817,9.92,10.22,9.73,9.83,6858900
ATNI,20110817,34.13,34.36,33.75,33.91,13800
ATNY,20110817,5.14,5.14,4.8,5.01,9300
ATRC,20110817,10.83,11.22,10.41,10.53,44300
ATRI,20110817,194.89,196,192.81,195.13,2800
ATRM,20110817,1.63,1.64,1.62,1.64,2900
ATRO,20110817,25.81,26.21,24.81,25.47,59600
ATSG,20110817,5.05,5.12,4.82,4.88,293000
ATVI,20110817,10.9,11.1,10.87,11.03,10108000
ATX,20110817,12.79,12.79,12,12.08,40100
AUBN,20110817,19.66,19.7,19.51,19.7,2200
AUDC,20110817,4.41,4.41,4.25,4.27,77300
AUXL,20110817,15.23,15.64,14.97,15.49,1073200
AVAV,20110817,27.27,27.37,26.81,26.87,173200
AVEO,20110817,16.54,16.92,16.2,16.51,126900
AVGO,20110817,31.33,32.03,30.61,30.7,1902200
AVID,20110817,10.79,10.92,10.55,10.61,143500
AVNR,20110817,2.83,2.96,2.81,2.95,1616100
AVNW,20110817,2.99,3.09,2.9,3,209900
AWAY,20110817,36.5,37.49,35,37.41,100500
AWRE,20110817,3.06,3.1,2.95,2.95,4800
AXAS,20110817,3.44,3.57,3.37,3.4,1064200
AXFN,20110817,21.38,21.38,21.38,21.38,0
AXTI,20110817,8.21,8.35,7.95,8.17,205500
AZPN,20110817,14.1,14.22,13.59,13.76,456600
BABY,20110817,10.21,10.52,10.02,10.18,358700
BAGL,20110817,14.33,14.33,13.86,14.16,41400
BAMM,20110817,3.01,3.07,2.95,2.96,102200
BANC,20110817,12.59,12.77,11.88,12.74,43600
BANF,20110817,34.16,34.31,33.51,33.52,20600
BANFP,20110817,27.08,27.08,27.08,27.08,0
BANR,20110817,14.43,15.12,14.41,14.97,207500
BASI,20110817,1.54,1.67,1.54,1.66,4100
BBBY,20110817,54.05,54.55,52.77,53.33,1697600
BBEP,20110817,18.64,18.92,18.49,18.74,299300
BBGI,20110817,4.09,4.09,3.8,4.05,1700
BBNK,20110817,10.82,11,10.46,10.46,11000
BBOX,20110817,23.07,23.34,22.83,23.27,71100
BBRG,20110817,18.42,20.61,18.42,20.09,381700
BBRY,20110817,27.11,27.34,26.11,26.79,22107500
BBSI,20110817,14.37,14.64,14.23,14.25,10400
BCBP,20110817,9.56,9.58,9.51,9.51,800
BCOM,20110817,18.7,18.7,18.7,18.7,0
BCPC,20110817,38.3,38.76,37.51,38.18,61500
BCRX,20110817,2.62,2.7,2.59,2.65,99700
BCSB,20110817,12.65,12.71,12.65,12.66,2000
BDE,20110817,7.51,7.7,7.29,7.4,26700
BDGE,20110817,19.59,19.78,19.34,19.49,6400
BDMS,20110817,17.78,18.93,17.78,18,6400
BDSI,20110817,3.34,3.38,3.27,3.3,48200
BEAT,20110817,4.02,4.11,3.91,4,48900
BEAV,20110817,34.48,34.92,34.09,34.34,656000
BEBE,20110817,6.31,6.63,6.05,6.17,220200
BECN,20110817,16.13,16.48,15.7,16.2,806500
BELFA,20110817,19.35,19.35,19.35,19.35,0
BELFB,20110817,17.51,17.93,17.09,17.51,11400
BERK,20110817,6.35,6.35,6.35,6.35,0
BFIN,20110817,7.4,7.46,7.3,7.39,67600
BFLY,20110817,2.1,2.1,2.05,2.05,200
BGCP,20110817,6.82,6.89,6.68,6.7,680000
BGFV,20110817,7.05,7.18,6.8,6.91,53200
BGMD,20110817,6.43,6.43,6.02,6.02,5400
BIB,20110817,28.33,29.28,27.575,28.175,12100
BICK,20110817,27.54,27.7,27.22,27.52,74600
BIDU,20110817,137.42,138.37,132.1,137.96,11735600
BIIB,20110817,91.57,92.15,89.39,90.03,1943000
BIOD,20110817,4.92,5.08,4.76,4.84,276700
BIOF,20110817,6.6,6.8,6,6.6,101000
BIOS,20110817,6.09,6.24,5.98,6.1,255600
BIRT,20110817,6.02,6.19,5.92,6.11,755600
BIS,20110817,45.49,46.75,45.49,45.98,1900
BJRI,20110817,44.19,44.56,43.05,43.57,177300
BKCC,20110817,8.59,8.82,8.56,8.72,520100
BKEP,20110817,7.96,8.06,7.96,8.04,14800
BKMU,20110817,3.27,3.39,3.15,3.16,92300
BKOR,20110817,3.75,3.75,3.75,3.75,0
BKSC,20110817,10.09,10.12,9.8,10.06,3200
BKYF,20110817,23.5,23.5,22.03,22.28,13600
BLDP,20110817,1.4,1.42,1.34,1.4,102500
BLDR,20110817,1.88,1.99,1.81,1.87,62000
BLIN,20110817,0.87,0.87,0.82,0.83,13200
BLKB,20110817,24.06,24.42,23.66,24.08,135200
BLRX,20110817,3.51,3.51,3.51,3.51,0
BMC,20110817,40.64,41.09,39.42,39.69,1604600
BMRC,20110817,37.54,37.92,37.38,37.56,7200
BMRN,20110817,27.63,28.13,27.12,27.87,1668100
BMTC,20110817,18.31,18.41,18.24,18.28,22300
BNCL,20110817,7.61,7.77,7.46,7.49,81700
BNCN,20110817,6.99,6.99,6.76,6.87,5800
BNSO,20110817,1.83,1.83,1.83,1.83,0
BOBE,20110817,31.67,32.69,30.85,31.37,281800
BOCH,20110817,3.41,3.46,3.37,3.44,8600
BODY,20110817,19,19.67,17.6,17.69,211200
BOFI,20110817,13.36,13.95,13.36,13.72,25800
BOKF,20110817,47.14,47.9,46.9,47.3,114000
BOLT,20110817,11.71,11.83,11.35,11.36,51900
BONA,20110817,4.09,4.18,4.06,4.09,32600
BONT,20110817,6.62,6.62,6.22,6.35,163500
BOOM,20110817,20.24,20.7,19.97,20.27,43600
BOSC,20110817,7.68,7.84,7.52,7.52,16900
BPAX,20110817,16.38,16.92,15.54,15.84,2159200
BPFH,20110817,5.95,6.04,5.9,5.96,303500
BPFHW,20110817,2.12,2.12,2.12,2.12,0
BPHX,20110817,0.97,1,0.91,0.94,12300
BPOP,20110817,20.9,22.1,20.7,21.7,9658400
BPOPM,20110817,19.19,19.19,19.12,19.12,1300
BPOPN,20110817,20.01,20.04,20,20,3300
BRCD,20110817,3.86,3.91,3.69,3.73,10281500
BRCM,20110817,34.3,35.09,34.09,34.44,6078900
BRID,20110817,10.49,10.49,10.49,10.49,200
BRKL,20110817,7.9,8,7.78,7.83,418900
BRKR,20110817,14.21,14.42,13.95,14.03,761400
BRKS,20110817,9.34,9.56,9.14,9.26,339200
BRLI,20110817,19.16,19.33,18.89,19.11,129100
BSDM,20110817,3.03,3.07,2.85,2.98,54200
BSET,20110817,8.18,8.2,8.01,8.12,18200
BSFT,20110817,30.67,32.29,30.3,31.39,1202700
BSPM,20110817,3.39,3.42,3.18,3.27,144400
BSQR,20110817,4.54,4.56,4.3,4.39,23600
BSRR,20110817,10.52,10.65,10.35,10.41,7100
BSTC,20110817,16.61,17.07,16.06,16.21,4000
BTUI,20110817,4.95,5.1,4.81,4.88,5200
BUSE,20110817,4.65,4.74,4.65,4.69,190900
BVSN,20110817,10.07,10.07,9.74,9.82,4800
BWEN,20110817,8,8.1,7.8,7.9,468300
BWINA,20110817,25.49,25.49,24,24,300
BWINB,20110817,23.63,23.9,23.62,23.62,4200
BWLD,20110817,60.74,61.17,58.33,58.77,389300
BYFC,20110817,1.82,1.82,1.81,1.81,1200
CA,20110817,20.49,20.59,19.8,19.93,5137600
CAAS,20110817,5.43,5.43,5.13,5.24,52000
CAC,20110817,28,28.5,28,28.07,7100
CACB,20110817,8.03,8.22,8,8.07,4200
CACC,20110817,72.94,72.96,71.34,72.52,32100
CACH,20110817,5.61,5.62,5.45,5.45,11900
CADC,20110817,1.99,2.03,1.87,1.87,18500
CADX,20110817,7.11,7.23,6.85,7.12,612000
CAFI,20110817,1.58,1.61,1.45,1.61,4400
CAKE,20110817,27.34,27.63,26.85,27.39,943900
CALD,20110817,4.75,4.77,4.56,4.72,481600
CALI,20110817,9.84,9.84,9.24,9.6,22200
CALL,20110817,10.75,10.75,10.275,10.43,14400
CALM,20110817,31,31.08,30.56,30.86,85800
CAMP,20110817,3,3.05,2.96,2.97,52000
CAMT,20110817,2.34,2.38,2.19,2.24,43200
CAR,20110817,13.04,13.04,12.48,12.67,1665600
CARB,20110817,17.84,18,14.75,15.54,287100
CART,20110817,2.75,2.75,2.75,2.75,300
CARV,20110817,0.74,0.74,0.66,0.66,700
CARZ,20110817,26.59,26.59,26.59,26.59,0
CASH,20110817,18.82,19.12,18.82,18.82,700
CASM,20110817,2.78,2.84,2.61,2.71,17700
CASS,20110817,36.18,36.18,35.54,35.66,15600
CASY,20110817,42.02,42.82,41.75,42.02,191700
CATM,20110817,22.87,22.98,22.01,22.1,241900
CATY,20110817,12.5,12.64,12.21,12.42,534900
CAVM,20110817,30.3,30.54,29.16,29.32,1612000
CBAK,20110817,5.05,5.2,5.05,5.15,90700
CBAN,20110817,2.74,2.98,2.7,2.88,7900
CBEY,20110817,9.45,9.45,9.14,9.24,89100
CBIN,20110817,10.2,10.2,10.2,10.2,0
CBLI,20110817,2.75,2.82,2.72,2.73,132700
CBMX,20110817,28.9,29,27.8,29,1200
CBMXW,20110817,2,2,2,2,100
CBNJ,20110817,8.8,8.8,8.55,8.59,31700
CBNK,20110817,14,14.13,14,14.13,1900
CBOE,20110817,24.09,24.09,23.52,23.78,457000
CBPO,20110817,9.1,9.1,8.31,8.41,7700
CBRL,20110817,40.97,42.2,40.74,42.09,462200
CBRX,20110817,2.41,2.51,2.38,2.44,410100
CBSH,20110817,37.77,38.2,37.46,37.71,370400
CBST,20110817,34.31,34.8,33.36,33.64,1127500
CCBG,20110817,10.16,10.23,10.1,10.17,7300
CCCL,20110817,4.11,4.18,3.98,4.03,7300
CCIH,20110817,6.88,6.95,6.4,6.45,162200
CCIX,20110817,10.93,11.58,10.93,11.38,146900
CCMP,20110817,38.88,39.3,38.06,38.47,91200
CCNE,20110817,12.59,12.59,12.35,12.36,4400
CCOI,20110817,14.12,14.26,13.75,14.21,186100
CCRN,20110817,4.85,4.98,4.41,4.64,87200
CCUR,20110817,5.86,5.97,5.85,5.97,3400
CDNS,20110817,9.07,9.17,8.79,8.95,4828900
CDTI,20110817,4.39,4.39,4,4.17,185800
CDXS,20110817,6.3,6.42,6.28,6.4,121100
CDZI,20110817,9.38,9.64,9.06,9.19,21400
CECE,20110817,6.23,6.23,6.01,6.05,4400
CECO,20110817,16.49,16.77,15.83,16.05,470200
CEDU,20110817,5.94,6.17,5.94,6.05,1400
CELG,20110817,56.4,57.44,55.57,56.33,2610900
CELGZ,20110817,1.73,1.73,1.7,1.7,600
CENT,20110817,7.52,7.62,7.33,7.5,68800
CENTA,20110817,7.74,7.82,7.44,7.63,161200
CENX,20110817,11.13,11.34,10.9,11.02,1548900
CERN,20110817,58.61,59.68,57.58,57.94,996700
CERS,20110817,2.05,2.2,2.05,2.09,102100
CETV,20110817,13.71,13.83,13.42,13.73,234800
CEVA,20110817,26.63,27.04,25.85,26.4,243200
CFBK,20110817,4,4,4,4,0
CFFI,20110817,22.5,22.52,22.5,22.51,1200
CFFN,20110817,10.96,11.11,10.94,11.04,661700
CFNB,20110817,16.97,17,16.62,16.63,1600
CFNL,20110817,9.57,9.9,9.57,9.78,53700
CGEN,20110817,4.07,4.11,3.87,3.94,9000
CGNX,20110817,33.12,33.46,32.42,32.73,187800
CHCI,20110817,1.12,1.17,1.05,1.09,39000
CHCO,20110817,30.59,31.05,30.35,30.51,64300
CHDN,20110817,42.73,43.56,42.06,42.66,61900
CHDX,20110817,10.63,11.05,10.43,10.63,32000
CHEF,20110817,16.67,16.67,16.45,16.45,96700
CHEV,20110817,8.39,8.39,8.39,8.39,0
CHFC,20110817,16.57,16.82,16.5,16.63,18900
CHFN,20110817,8.8,9.2,8.8,8.93,1900
CHKE,20110817,14.59,14.74,14.08,14.09,23800
CHKP,20110817,56.91,57.99,56.02,56.67,2918500
CHLN,20110817,1.11,1.14,1.02,1.04,219300
CHNR,20110817,9.36,9.8,9.3,9.3,2500
CHOP,20110817,3.96,4,3.91,3.94,53500
CHRM,20110817,11.79,12,11.65,11.69,155800
CHRW,20110817,67.61,68.05,66.47,67.2,1051100
CHSCP,20110817,28.54,28.54,28.16,28.28,16800
CHTP,20110817,4.18,4.31,4.13,4.16,164900
CHTR,20110817,48.73,49.67,47.63,48.45,588300
CHYR,20110817,2.05,2.1,2.03,2.04,16000
CIDM,20110817,1.6,1.6,1.47,1.49,24500
CIEN,20110817,12.85,12.94,12.02,12.22,5620400
CIMT,20110817,3.59,3.75,3.59,3.72,31400
CINF,20110817,26.5,26.81,26.26,26.41,1134700
CISG,20110817,14.01,14.3,12.73,13.44,1037200
CITZ,20110817,5.45,5.69,5.44,5.45,19800
CIZN,20110817,18.55,18.55,18.55,18.55,0
CJJD,20110817,1.45,1.64,1.44,1.53,314200
CKEC,20110817,7.02,7.02,6.55,6.61,120100
CKSW,20110817,9.02,9.28,8.86,8.96,91900
CLBH,20110817,2.55,2.55,2.55,2.55,0
CLCT,20110817,17.45,17.75,17.45,17.54,29000
CLDX,20110817,2.87,2.99,2.82,2.84,155500
CLFD,20110817,7.15,7.18,6.98,7.11,21100
CLMS,20110817,11.96,12.3,11.53,11.7,169800
CLMT,20110817,20.28,20.33,19.95,20.13,96000
CLNE,20110817,12.52,12.76,12.3,12.58,874500
CLNT,20110817,0.68,0.73,0.67,0.7,29900
CLRO,20110817,6.59,6.96,6.52,6.95,11700
CLSN,20110817,3.1,3.18,3.02,3.1,468300
CLUB,20110817,8,8.25,7.82,7.95,144200
CLWR,20110817,1.99,2.34,1.99,2.33,11429800
CLWT,20110817,5.39,5.39,5.39,5.39,2300
CMCO,20110817,13.86,13.97,13.29,13.66,35400
CMCSA,20110817,21.29,21.58,20.99,21.33,15287600
CMCSK,20110817,21,21.28,20.72,21.02,5018800
CME,20110817,259.16,260,250.51,254.12,510400
CMLS,20110817,2.78,2.94,2.78,2.86,488800
CMSB,20110817,7.5,7.5,7.5,7.5,100
CMTL,20110817,26.64,26.84,26.19,26.43,128800
CNBC,20110817,9.45,9.66,9.4,9.44,9300
CNBKA,20110817,26.22,26.28,24.81,25.1,3400
CNET,20110817,1.43,1.49,1.35,1.38,14300
CNIT,20110817,1.55,1.6,1.51,1.56,400000
CNMD,20110817,23.26,23.57,22.74,23.03,75900
CNQR,20110817,38.94,39.44,38.37,38.56,1217100
CNSL,20110817,18.61,19.11,18.56,19.09,168100
CNTF,20110817,3.1,3.1,2.91,2.99,509300
CNTY,20110817,2.83,2.83,2.7,2.8,8100
CNYD,20110817,4.5,4.5,3.38,3.44,5100
COBK,20110817,11.43,11.5,11.43,11.5,700
COBR,20110817,3.44,3.45,3.4,3.44,2800
COBZ,20110817,5.04,5.13,4.99,5.1,60500
COCO,20110817,2.97,3.01,2.83,2.83,1251200
COGO,20110817,2.73,2.85,2.6,2.68,341400
COHR,20110817,45.46,45.82,43.91,44.36,101400
COHU,20110817,11.06,11.12,10.71,11.08,36500
COKE,20110817,60.01,60.83,60,60.53,20300
COLB,20110817,15.71,16.17,15.7,15.79,165000
COLM,20110817,53,53.36,50.34,51.66,244100
CONN,20110817,6.45,6.45,5.92,5.97,95600
COOL,20110817,2.35,2.47,2.21,2.32,1772000
CORE,20110817,34.58,35.19,34.56,35.02,51900
CORT,20110817,2.85,2.91,2.8,2.86,137300
COSI,20110817,0.71,0.73,0.69,0.69,248200
COST,20110817,75.62,77.4,75.33,76.12,3584400
COWN,20110817,3.45,3.54,3.41,3.49,287500
CPBC,20110817,4.81,4.81,4.81,4.81,0
CPGI,20110817,1.22,1.22,1.14,1.15,29900
CPHC,20110817,10.21,10.21,10.21,10.21,100
CPHD,20110817,34.56,34.9,33.34,33.49,518400
CPIX,20110817,5.91,6.17,5.83,6.06,8900
CPLA,20110817,34.2,34.83,33.01,33.37,282300
CPLP,20110817,6.92,6.99,6.69,6.8,251000
CPNO,20110817,32.84,33.11,32.47,32.57,209200
CPRT,20110817,20.365,20.52,20.145,20.35,276600
CPRX,20110817,1.27,1.29,1.25,1.29,8700
CPSI,20110817,66.63,68.56,66.4,67.31,70100
CPSL,20110817,11.4,12.48,11.4,11.88,277700
CPSS,20110817,1.06,1.06,1.01,1.05,4600
CPST,20110817,1.19,1.22,1.13,1.16,2011100
CPTS,20110817,11.12,11.5,10.98,11.31,202400
CPWR,20110817,8.26,8.32,8.09,8.16,1467400
CRAI,20110817,26.27,26.56,25.82,26.19,38100
CRAY,20110817,5.33,5.42,5.28,5.4,90300
CRDC,20110817,2.65,2.67,2.53,2.58,47000
CREE,20110817,36.06,36.14,33.85,34.74,4561400
CREG,20110817,1.79,1.8,1.56,1.69,7600
CRESW,20110817,0.16,0.16,0.16,0.16,0
CRESY,20110817,14.03,14.37,14.02,14.35,45500
CRFN,20110817,3.67,3.78,3.67,3.76,1900
CRIS,20110817,3.11,3.21,2.98,3.04,408700
CRMB,20110817,7.85,7.88,7.34,7.39,58500
CRMBW,20110817,0.8,0.85,0.69,0.8,5200
CRME,20110817,19.1,19.4,18.35,18.4,172300
CRMT,20110817,32.16,32.96,32,32.17,50100
CRNT,20110817,10.5,10.61,10.29,10.49,86600
CROX,20110817,28.55,28.69,26.75,27.35,2613900
CRRC,20110817,7.7,7.84,7.55,7.62,22800
CRTX,20110817,7.79,8.18,7.64,8.11,382800
CRUS,20110817,14.54,14.95,14.28,14.45,1347900
CRVL,20110817,42.89,43.46,42.09,42.38,11700
CRWN,20110817,1.28,1.36,1.25,1.29,126800
CRWS,20110817,4.68,4.68,4.63,4.63,200
CRZO,20110817,29.91,30.95,29.5,29.96,798300
CSBK,20110817,9.66,9.99,9.53,9.55,6900
CSCD,20110817,4.26,4.35,4.21,4.27,11600
CSCO,20110817,15.97,16.07,15.65,15.85,54515000
CSFL,20110817,5.69,5.9,5.67,5.72,28100
CSGP,20110817,51.89,51.95,50.9,51.26,104700
CSGS,20110817,13.93,14.07,13.77,13.92,248200
CSII,20110817,13.86,13.9,13.3,13.49,102700
CSIQ,20110817,7.5,7.84,7.3,7.42,999900
CSOD,20110817,16.93,16.99,16.15,16.3,102300
CSPI,20110817,3.62,3.7,3.55,3.62,11000
CSTR,20110817,43.55,45.53,43.02,43.9,1293200
CSUN,20110817,1.39,1.41,1.34,1.36,80300
CSWC,20110817,86.84,86.84,85.51,85.64,1400
CTAS,20110817,30.53,30.65,29.95,30.24,1973000
CTBI,20110817,25.52,25.96,25.5,25.78,16200
CTCH,20110817,3.24,3.24,3.17,3.21,7500
CTCM,20110817,17.1,17.1,16.8,16.9,307100
CTCT,20110817,17.86,17.98,16.91,16.99,526500
CTGX,20110817,11.56,11.63,11.44,11.53,24500
CTHR,20110817,2.48,2.48,2.44,2.45,2200
CTIB,20110817,3.91,4.06,3.9,3.9,2500
CTIC,20110817,6.3,7.7,6.1,6.75,6146500
CTRN,20110817,11.98,12.22,11.11,12.16,548500
CTRP,20110817,40.6,40.98,39.82,40.37,1079000
CTRX,20110817,27.145,27.53,26.115,26.345,395700
CTSH,20110817,62.96,63.28,61.62,62.31,3256900
CTWS,20110817,26.58,26.81,26.29,26.48,36100
CTXS,20110817,59.98,60.28,57.3,58.7,4054700
CU,20110817,35.93,36.53,35.91,35.99,25900
CUBA,20110817,6.5,6.55,6.5,6.5,500
CUTR,20110817,8.05,8.1,7.73,8.04,44200
CVBF,20110817,8.3,8.36,8.2,8.23,372700
CVCO,20110817,32.25,32.53,31.31,31.95,17900
CVCY,20110817,6.48,6.5,6.47,6.47,1400
CVGI,20110817,7.34,7.85,7.26,7.61,320800
CVGW,20110817,19.73,19.86,19.08,19.36,23000
CVLT,20110817,39.06,39.24,37.72,38.41,762800
CVLY,20110817,10.15,10.15,10.05,10.05,500
CVTI,20110817,4,4.11,3.94,4.07,361400
CVV,20110817,13.2,13.48,12.83,12.89,23500
CWBC,20110817,2.71,2.85,2.7,2.85,4200
CWCO,20110817,8.77,8.83,8.5,8.53,31200
CWEI,20110817,58.31,60.64,57.14,57.75,77600
CWST,20110817,5.39,5.5,5.17,5.3,37400
CWTR,20110817,3.72,4.28,3.72,4.28,850200
CXDC,20110817,4.81,5,4.75,4.95,339500
CXPO,20110817,2.73,2.8,2.64,2.74,97900
CY,20110817,18.61,19,18.45,18.63,2762200
CYAN,20110817,4.28,4.38,4.24,4.38,6100
CYBE,20110817,8.74,8.81,8.48,8.81,9600
CYBX,20110817,24.74,25.32,24.27,24.9,222600
CYCC,20110817,5.81,6.02,5.6,5.6,235900
CYCCP,20110817,3.36,3.36,3.36,3.36,100
CYMI,20110817,41.24,42.45,40.55,40.95,279600
CYNO,20110817,10.41,10.41,9.85,9.93,62500
CYOU,20110817,40.79,41.47,38.03,39.15,422500
CYTK,20110817,1.07,1.1,1.02,1.07,117800
CYTR,20110817,2.73,2.73,2.59,2.59,380900
CYTX,20110817,3.56,3.73,3.36,3.47,422400
CYTXW,20110817,2.04,2.05,2.04,2.05,1500
CZFC,20110817,7.1,7.6,7.1,7.6,600
CZNC,20110817,14.91,15.07,14.4,14.42,14200
CZWI,20110817,5.97,5.97,5.72,5.75,21300
DAEG,20110817,2.02,2.13,2.02,2.05,4100
DAIO,20110817,5.6,5.72,5.58,5.71,2200
DAKT,20110817,8.7,8.86,8.6,8.68,154800
DARA,20110817,2.2,2.45,2.2,2.28,11500
DATE,20110817,13.7,14.87,13.39,14.25,301100
DAVE,20110817,9.74,9.95,9.65,9.91,30700
DBLE,20110817,8.61,8.82,8.57,8.66,47200
DBLEP,20110817,25.47,25.62,25.33,25.62,2800
DCIX,20110817,5.25,5.39,5.25,5.31,88200
DCOM,20110817,11.56,11.79,11.53,11.56,119400
DCTH,20110817,3.91,4.05,3.83,3.96,459100
DECK,20110817,90,90.32,82.82,83.37,2612400
DELL,20110817,14.6,14.88,14.08,14.2,75709900
DENN,20110817,3.75,3.79,3.68,3.72,314200
DEPO,20110817,5.35,5.47,5.25,5.37,765800
DEST,20110817,14.15,14.2,13.76,14.13,40200
DFZ,20110817,9.23,10.01,8.33,8.49,128200
DGAS,20110817,15.57,16.08,15.52,15.565,3100
DGICA,20110817,12.46,12.73,12.2,12.42,8400
DGICB,20110817,20,20,20,20,0
DGII,20110817,13.01,13.29,12.82,13.13,84900
DGIT,20110817,20.35,20.74,19.81,20.04,265500
DGLY,20110817,0.9,0.93,0.79,0.93,57100
DHIL,20110817,73.74,74.6,69.55,70.88,18200
DHRM,20110817,2.81,2.82,2.39,2.75,6500
DIOD,20110817,19.79,20.34,19.51,19.72,181800
DISCA,20110817,39.56,40,38.75,39.16,1246900
DISCB,20110817,38.87,38.87,38.87,38.87,0
DISCK,20110817,36.65,37.18,36.01,36.33,451400
DISH,20110817,23.58,23.97,23.17,23.52,1457000
DJCO,20110817,71,72,70.5,71.75,4400
DLGC,20110817,15.25,16.8,14.5,15.1,74600
DLIA,20110817,1.69,1.69,1.63,1.66,37000
DLLR,20110817,20.34,20.57,19.66,20.04,419100
DLTR,20110817,34.885,35.11,33.02,33.235,2532800
DMLP,20110817,25.01,25.34,24.84,25.22,77000
DMND,20110817,71.86,72.62,71.32,71.85,103600
DMRC,20110817,37.32,37.32,36.45,36.57,15100
DNBF,20110817,10.22,10.22,10.22,10.22,100
DNDN,20110817,13.14,13.84,12.91,13.21,10374300
DNKN,20110817,27.42,27.75,27.1,27.65,534900
DORM,20110817,16.25,16.475,15.74,16.175,34200
DOVR,20110817,3.46,3.66,3.41,3.47,4700
DRAD,20110817,2.21,2.4,2.21,2.28,75300
DRAM,20110817,8.4,8.4,7.86,7.86,2500
DRCO,20110817,10.81,11.21,10.7,11.07,59800
DRIV,20110817,21.62,21.62,20.37,20.59,1405000
DRRX,20110817,1.67,1.76,1.61,1.7,259600
DRWI,20110817,4.02,4.1,4,4.06,354700
DRYS,20110817,3.05,3.15,3,3.1,7910800
DSCI,20110817,8.6,8.8,8.55,8.64,77700
DSCO,20110817,2.21,2.26,2.17,2.23,77000
DSGX,20110817,6.8,6.8,6.56,6.56,9300
DSPG,20110817,6.52,6.7,6.44,6.66,138400
DSWL,20110817,2.68,2.76,2.57,2.69,9100
DTLK,20110817,9.88,10.25,9.4,9.45,542600
DTSI,20110817,28.56,29.06,28.17,28.46,167300
DTV,20110817,43.97,44.57,43.71,44.32,4976200
DVAX,20110817,2.5,2.57,2.42,2.47,1130000
DVOX,20110817,5.56,5.72,5.25,5.68,41800
DWA,20110817,20.26,20.48,19.7,20.05,1171800
DWCH,20110817,5.21,5.37,5.21,5.37,7200
DWSN,20110817,35.58,35.85,34.6,35.18,28500
DXCM,20110817,11.45,11.69,11.12,11.31,400900
DXPE,20110817,21.93,22.47,21.38,22.04,54500
DXYN,20110817,3.8,3.87,3.48,3.55,12100
DYAX,20110817,1.35,1.39,1.31,1.34,250900
DYNT,20110817,6.25,6.3,5.4,5.75,68600
DYSL,20110817,2.98,3,2.85,2.98,5500
EBAY,20110817,30.46,30.99,29.79,30.25,8800600
EBIX,20110817,17.3,17.48,16.83,17.07,512600
EBMT,20110817,10.66,10.66,10.5,10.5,2400
EBSB,20110817,12.55,12.74,12.5,12.6,5200
EBTC,20110817,14.38,15.25,14.17,14.17,5500
ECHO,20110817,13.95,14.22,13.69,13.7,57600
ECOL,20110817,16.68,16.68,16.13,16.19,68000
ECPG,20110817,21.26,21.74,21.2,21.63,144200
ECTE,20110817,3.45,3.96,3.45,3.79,293900
ECTY,20110817,2.47,2.48,2.32,2.38,39800
ECYT,20110817,11.66,11.7,11.35,11.57,150200
EDAC,20110817,6.31,6.4,6.15,6.27,14200
EDAP,20110817,2.35,2.51,2.29,2.41,82700
EDGW,20110817,2.83,2.83,2.68,2.73,1000
EDMC,20110817,16.98,17.56,16.71,16.85,257800
EDS,20110817,4.4,4.45,3.43,3.47,96100
EDUC,20110817,5.24,5.24,5.24,5.24,100
EEFT,20110817,15.28,15.39,14.95,15.1,69500
EEI,20110817,17.65,17.67,17.29,17.29,7100
EFII,20110817,14.99,15.12,14.69,14.96,180500
EFSC,20110817,13.96,14.05,13.83,13.88,32600
EFUT,20110817,4.34,4.34,4.34,4.34,0
EGBN,20110817,12.05,12.39,12,12.15,43000
EGHT,20110817,3.65,3.69,3.54,3.57,560700
EGLE,20110817,7.4,7.56,7.24,7.48,549100
EGOV,20110817,11.78,11.97,11.44,11.64,182700
EHTH,20110817,13.13,13.23,12.91,13.01,93500
EIHI,20110817,12.83,13.06,12.83,13.04,1200
ELGX,20110817,9.45,9.6,9.05,9.17,772100
ELNK,20110817,7.4,7.46,7.3,7.34,819600
ELON,20110817,9.26,9.26,8.7,8.87,267300
ELOS,20110817,10.99,11.25,10.44,10.6,308900
ELRC,20110817,15.6,15.74,15.32,15.39,16500
ELSE,20110817,4.29,4.36,4.1,4.19,22500
ELTK,20110817,1.26,1.34,1.26,1.32,31600
EMCF,20110817,15.47,15.47,15.47,15.47,0
EMCI,20110817,18.21,18.25,18.15,18.17,3500
EMFN,20110817,25.11,25.11,25.11,25.11,100
EMIF,20110817,30.36,30.67,30.26,30.52,17800
EMITF,20110817,3.15,3.23,3.15,3.23,200
EMKR,20110817,7.24,7.24,6.72,6.88,398100
EMMS,20110817,0.73,0.73,0.68,0.7,55200
EMMSP,20110817,15,15,14.51,14.51,500
EMMT,20110817,24.21,24.21,24.05,24.05,800
ENDP,20110817,32.52,32.61,31.36,31.81,2277600
ENG,20110817,3.21,3.29,3.21,3.25,11100
ENMD,20110817,1.43,1.46,1.37,1.39,12000
ENOC,20110817,10.59,10.84,10.32,10.51,289300
ENSG,20110817,23.11,23.11,22.17,22.55,152300
ENTG,20110817,7.56,7.66,7.2,7.25,2494200
ENTR,20110817,4.16,4.3,4.02,4.12,1746800
ENZN,20110817,8,8.2,7.92,8.06,366700
EONC,20110817,1.9,1.9,1.68,1.68,1700
EPAX,20110817,6.79,6.96,6.7,6.93,200900
EPAY,20110817,22.06,22.49,22.06,22.43,191500
EPIQ,20110817,11.41,11.51,11.24,11.38,63200
EQIX,20110817,92.42,94.36,91.55,92,798400
ERIC,20110817,11.07,11.25,10.89,10.99,9759900
ERIE,20110817,71.71,72.77,71.23,71.43,65700
ERII,20110817,2.26,2.34,2.25,2.25,163200
EROC,20110817,10.75,10.85,10.5,10.83,312900
ESBF,20110817,11.96,12.22,11.57,11.71,13700
ESBK,20110817,14.93,14.93,14.91,14.91,200
ESCA,20110817,4.88,5.42,4.76,5.26,22600
ESEA,20110817,3.71,3.91,3.71,3.8,20500
ESGR,20110817,99.32,100.48,98.09,99.06,15800
ESIO,20110817,15.92,16.1,15.39,15.53,78500
ESLT,20110817,41.79,42.05,41.35,41.49,3700
ESMC,20110817,1.18,1.18,1.18,1.18,1000
ESRX,20110817,48.16,48.9,47.23,47.7,5869300
ESSA,20110817,11.02,11.28,10.97,11.25,17100
ESSX,20110817,4.29,4.39,4.02,4.17,25000
ESYS,20110817,5.15,5.5,5.15,5.5,3100
ETFC,20110817,11.73,11.89,11.61,11.73,4267100
ETRM,20110817,2.59,2.59,2.51,2.51,2300
EUFN,20110817,18.08,18.32,17.91,18.12,28200
EVBS,20110817,2.47,2.47,2.28,2.35,3000
EVEP,20110817,66.58,67.67,65.09,65.52,267100
EVOL,20110817,6.84,6.92,6.7,6.77,5700
EWBC,20110817,16.54,16.79,16.39,16.52,870400
EXAC,20110817,14.98,15.39,14.6,14.99,23700
EXAR,20110817,6.15,6.29,6.11,6.25,88800
EXAS,20110817,7.61,7.82,7.42,7.59,453800
EXEL,20110817,7,7,6.55,6.67,723500
EXFO,20110817,6.7,6.74,6.33,6.46,29100
EXLP,20110817,22.91,22.95,22.33,22.92,72000
EXLS,20110817,24.38,24.5,24.12,24.44,57800
EXPD,20110817,44.21,44.57,42.92,43.43,1798000
EXPE,20110817,29.65,29.66,28.27,28.92,5249900
EXPO,20110817,38.98,39.02,38.13,38.51,59900
EXTR,20110817,2.92,3,2.87,2.95,418000
EXXI,20110817,26.72,27.4,26.41,27.03,1250600
EZCH,20110817,31.37,32.17,31.04,31.4,206200
EZPW,20110817,31.94,32.6,31.65,31.86,376400
FABK,20110817,12.67,12.7,12.64,12.69,6200
FALC,20110817,3.08,3.08,2.99,3.02,146100
FARM,20110817,5.58,5.77,5.46,5.56,49900
FARO,20110817,35.95,36.18,34.68,35.76,84400
FAST,20110817,32.65,32.81,31.65,32.03,1996100
FBIZ,20110817,16.45,17.05,16.45,16.73,1500
FBMI,20110817,5.18,5.36,5.15,5.25,5800
FBMS,20110817,8.99,8.99,8.99,8.99,100
FBNC,20110817,9.18,9.45,9.03,9.13,22000
FBNK,20110817,10.51,10.51,10.4,10.5,82700
FBRC,20110817,10.52,10.64,10.36,10.4,97500
FBSS,20110817,12.1,12.12,12.05,12.05,6900
FCAL,20110817,3.2,3.21,3.18,3.18,3200
FCAP,20110817,17.75,17.75,17.75,17.75,800
FCBC,20110817,11.09,11.2,10.67,10.76,13400
FCCO,20110817,5.91,5.91,5.61,5.9,1200
FCCY,20110817,7.4,7.4,7.4,7.4,100
FCEL,20110817,1.18,1.21,1.15,1.17,1356100
FCFC,20110817,7,7,6.95,6.99,1400
FCFS,20110817,45.39,45.66,44.21,44.76,327400
FCHI,20110817,45.22,45.22,44.75,44.75,1000
FCLF,20110817,7,7,7,7,0
FCNCA,20110817,154.24,156.75,153.88,154.51,9700
FCTY,20110817,3.55,3.58,3.53,3.53,18400
FCVA,20110817,3.26,3.26,3.26,3.26,0
FCZA,20110817,4,4,3.81,4,1200
FDEF,20110817,12.81,13.34,12.65,13.31,10900
FDML,20110817,17.31,17.48,16.7,16.94,171300
FDUS,20110817,13.25,13.25,12.7,13.1,7300
FEFN,20110817,23.31,23.31,23.31,23.31,0
FEIC,20110817,31.61,31.99,30.93,31.2,248600
FEIM,20110817,9.69,10.37,9.69,10.14,35400
FELE,20110817,21.925,22.135,21.7,21.795,82100
FES,20110817,10.5,12.85,9.55,10.66,9400
FFBC,20110817,15.3,15.47,15.09,15.33,325900
FFBCW,20110817,4.48,4.48,4.48,4.48,0
FFBH,20110817,6.21,6.44,5.99,6.12,22700
FFCH,20110817,6.29,6.45,5.93,6.02,52900
FFCO,20110817,13.51,13.6,13.5,13.5,1900
FFEX,20110817,3.17,3.61,3.17,3.34,7000
FFHL,20110817,3.02,3.02,2.92,2.92,23300
FFIC,20110817,11.35,11.74,11.24,11.55,106900
FFIN,20110817,29.7,30.23,29.33,29.69,61300
FFIV,20110817,81.61,81.73,77.5,78.72,2303300
FFKT,20110817,4.61,4.76,4.61,4.75,1300
FFKY,20110817,1.8,1.8,1.6,1.7,16600
FFN,20110817,3.33,3.44,3.26,3.28,44900
FFNM,20110817,3.64,3.65,3.51,3.65,800
FFNW,20110817,5,5,4.92,4.92,4000
FHCO,20110817,4.31,4.43,4.18,4.22,35400
FIBK,20110817,12.17,12.24,11.94,12.17,18100
FINL,20110817,19.19,19.53,17.98,18.48,1107000
FIRE,20110817,27.25,27.8,26.86,27.32,503400
FISI,20110817,15.19,15.34,15,15.03,19200
FISV,20110817,54.75,55.23,54.14,54.6,1825800
FITB,20110817,10.13,10.5,10.1,10.25,15318700
FITBP,20110817,127.14,128.7,124.1,126.5,5900
FIZZ,20110817,14.95,15.64,14.94,15.48,61600
FLDM,20110817,13.94,14.39,13.15,13.45,89700
FLEX,20110817,5.71,5.74,5.64,5.65,5906900
FLIC,20110817,24.06,24.06,23.53,23.78,7800
FLIR,20110817,23.95,24.19,23.6,23.84,1299500
FLML,20110817,4.35,4.44,3.92,4.14,11100
FLOW,20110817,2.57,2.68,2.49,2.52,123300
FLWS,20110817,2.74,2.75,2.61,2.67,77900
FLXS,20110817,14.42,14.7,14.1,14.55,12100
FMBI,20110817,9.03,9.11,8.8,8.99,693100
FMCN,20110817,29.55,30.05,29.32,29.63,2024800
FMER,20110817,12.63,12.69,12.36,12.49,803300
FMFC,20110817,3.57,3.57,3.01,3.32,14000
FNBN,20110817,0.41,0.47,0.41,0.44,1900
FNFG,20110817,10.84,10.93,10.7,10.82,2575800
FNGN,20110817,20.54,20.72,20.03,20.27,248400
FNLC,20110817,13.42,13.54,13.21,13.4,9200
FNSR,20110817,16.34,16.66,15.27,15.63,5278000
FOLD,20110817,4.13,4.23,4,4.03,40300
FONE,20110817,24.44,24.44,24.04,24.04,300
FONR,20110817,1.91,1.95,1.87,1.93,11500
FORD,20110817,2.63,2.8,2.6,2.65,15700
FORM,20110817,8.2,8.35,8.02,8.18,361500
FORR,20110817,32.95,32.95,32.41,32.54,58200
FORTY,20110817,15.3,16.06,15,15.4,3900
FOSL,20110817,89.16,90.12,82.4,84.07,2299200
FRAN,20110817,26,26.18,25.47,25.93,131400
FRBK,20110817,2,2,1.9,1.9,8200
FRED,20110817,11.52,11.58,10.84,10.99,257500
FREE,20110817,12.9,13,12.1,12.1,7200
FRME,20110817,7.31,7.56,7.24,7.36,39100
FRNK,20110817,11.63,11.89,11.54,11.71,30000
FRP,20110817,6.2,6.46,6.07,6.18,106700
FSBK,20110817,3.95,3.96,3.95,3.95,1300
FSCI,20110817,26.3,26.71,25.84,26.17,15500
FSFG,20110817,16.25,16.25,16.25,16.25,100
FSGI,20110817,0.34,0.34,0.34,0.34,1400
FSLR,20110817,101.09,101.95,96.32,99.46,3467700
FSRV,20110817,33.61,33.71,33.09,33.54,8900
FSTR,20110817,22.31,23.34,21.54,22.25,171000
FSYS,20110817,21.64,21.64,20.55,20.93,99500
FTEK,20110817,5.37,5.47,5.36,5.45,101100
FTNT,20110817,20.63,21.79,20.52,20.84,3129800
FUBC,20110817,5.29,5.39,5.26,5.34,35400
FULL,20110817,7.08,7.08,7.08,7.08,0
FULT,20110817,8.56,8.72,8.41,8.48,959700
FUNC,20110817,4.82,4.82,4.82,4.82,100
FUND,20110817,7.12,7.12,6.95,7.01,37800
FURX,20110817,15.94,16.06,15.5,15.52,13400
FWLT,20110817,24.2,24.73,23.96,24.23,2449200
FWRD,20110817,26.45,26.7,25.91,26.24,89000
FXCB,20110817,12.91,12.92,12.65,12.72,21900
FXEN,20110817,5.67,5.84,5.5,5.6,689800
GABC,20110817,15.84,16.08,15.5,15.59,18900
GAGA,20110817,6.26,6.26,6.03,6.1,5900
GAI,20110817,3.48,3.54,3.48,3.54,200
GAIA,20110817,3.74,3.76,3.62,3.64,35600
GAIN,20110817,7.1,7.1,6.98,7.03,46700
GAME,20110817,5.05,5.11,4.96,4.99,553600
GASS,20110817,4.32,4.47,4.27,4.39,69600
GBCI,20110817,11.59,11.69,11.35,11.45,576700
GBDC,20110817,14.85,14.97,14.79,14.9,35300
GBLI,20110817,18.46,18.88,18.28,18.29,11400
GBNK,20110817,1.25,1.25,1.21,1.23,24000
GCBC,20110817,19.28,19.28,19.28,19.28,0
GCFB,20110817,2.51,2.51,2.4,2.4,1300
GCOM,20110817,12.5,12.67,11.5,12.26,207700
GCVRZ,20110817,1.02,1.1,1.02,1.03,2126500
GENC,20110817,7.47,7.62,7.41,7.41,5900
GENE,20110817,5.7,5.87,5.31,5.37,127800
GENT,20110817,8.95,9.07,8.45,8.79,445800
GERN,20110817,2.66,2.77,2.65,2.72,1715200
GEVO,20110817,12.12,12.34,11.13,11.42,58000
GFED,20110817,4.77,4.77,4.35,4.77,300
GFN,20110817,3.49,3.49,3.18,3.27,1600
GGAL,20110817,11.65,12.85,11.65,12.74,304200
GHDX,20110817,24.44,24.87,23.94,24.48,68500
GIFI,20110817,26.73,27.54,26.31,26.92,52700
GIGA,20110817,1.66,1.66,1.6,1.65,4100
GIGM,20110817,0.99,1.01,0.95,0.96,156300
GIII,20110817,25.41,25.73,24.48,24.81,117400
GILD,20110817,19.385,19.55,19.055,19.225,9364900
GILT,20110817,4.08,4.08,3.95,3.97,10900
GIVN,20110817,16.28,16.28,16.1,16.17,45100
GKNT,20110817,18.64,18.65,18.25,18.41,22400
GLAD,20110817,8,8.2,7.98,8.16,102000
GLBS,20110817,5.87,5.87,5.4,5.7,9700
GLBZ,20110817,8.88,8.88,8.88,8.88,0
GLCH,20110817,1.2,1.34,1.2,1.32,179000
GLDC,20110817,3.35,3.37,3.35,3.36,700
GLDD,20110817,5.3,5.35,5.11,5.15,790900
GLNG,20110817,33.02,33.36,32.07,32.63,684200
GLPW,20110817,25.96,25.96,25.31,25.38,110400
GLRE,20110817,22.42,22.42,21.95,22.23,45400
GLUU,20110817,3.33,3.45,3.1,3.16,1664400
GMAN,20110817,15.6,15.94,14.88,15.48,31200
GMCR,20110817,101.28,101.5,96.95,98.73,1963600
GMETP,20110817,11.95,11.95,11.95,11.95,0
GMLP,20110817,25.9,26.19,25.28,26.04,164100
GNCMA,20110817,8.4,8.71,8.32,8.69,181900
GNMK,20110817,4.62,4.75,4.35,4.74,70700
GNTX,20110817,25.11,25.25,24.26,24.46,427500
GNVC,20110817,2.37,2.77,2.37,2.77,181800
GOLD,20110817,106.11,107.44,105.23,106.01,810800
GOOD,20110817,16.75,17,16.68,16.88,25500
GOODO,20110817,23.5,23.5,23.5,23.5,0
GOODP,20110817,24,24,24,24,300
GOOG,20110817,540,543.69,530.77,533.15,4079100
GPIC,20110817,7.29,7.39,7.08,7.08,13100
GPOR,20110817,28.69,29.42,27.66,27.94,573000
GPRC,20110817,3.02,3.04,3,3,11200
GPRE,20110817,10.5,10.78,10.31,10.63,156000
GRFS,20110817,14.22,14.32,13.8,14.22,1258900
GRID,20110817,27.76,28.05,27.43,27.46,3500
GRIF,20110817,27.81,28.53,27.81,28.25,1600
GRMN,20110817,32.26,32.73,31.67,31.99,726700
GROW,20110817,7.06,7.06,6.63,6.65,51000
GRVY,20110817,1.54,1.56,1.54,1.56,7200
GSBC,20110817,16.65,16.88,16.37,16.4,11100
GSIG,20110817,10.34,10.42,10,10.21,104900
GSIT,20110817,5.75,5.8,5.67,5.73,87600
GSJK,20110817,15.35,16.62,15.35,15.6,42700
GSM,20110817,19.61,19.84,18.7,18.98,748500
GSOL,20110817,8.35,8.4,8.19,8.21,40700
GSVC,20110817,15.67,15.91,14.67,15.18,51900
GTAT,20110817,12.01,12.07,11.44,11.9,2060600
GTIM,20110817,1.85,1.85,1.85,1.85,0
GTIV,20110817,7.56,7.66,7.13,7.39,659300
GTLS,20110817,46.28,46.59,44,44.94,354100
GTXI,20110817,3.34,3.6,3.3,3.54,204900
GUID,20110817,6.79,6.82,6.5,6.69,54400
GULF,20110817,14.79,14.8,14.72,14.73,1600
GURE,20110817,2.44,2.44,1.92,2.12,1272400
GYRO,20110817,60,60,60,60,0
HA,20110817,4.19,4.36,4.13,4.34,473200
HAFC,20110817,0.94,0.96,0.93,0.95,315200
HAIN,20110817,30.87,31.74,30.73,31.13,428400
HALL,20110817,6.68,6.73,6.53,6.6,57900
HALO,20110817,6.58,6.66,6.4,6.59,324300
HAS,20110817,37.9,38.07,37.3,37.52,2031100
HAST,20110817,3.21,3.29,3.1,3.17,43600
HAUP,20110817,1.51,1.53,1.49,1.49,16100
HAYN,20110817,54.96,56.98,54.23,54.86,64100
HBAN,20110817,5.12,5.26,5.05,5.1,14725200
HBANP,20110817,1120,1120,1120,1120,100
HBCP,20110817,14.21,14.21,14.03,14.05,4600
HBHC,20110817,29.19,29.54,28.83,29.22,305200
HBIO,20110817,4.41,4.61,4.28,4.5,68000
HBNC,20110817,12.4222,12.4667,12.12,12.12,1700
HBNK,20110817,12.51,12.51,12.45,12.45,5500
HBOS,20110817,11.39,11.4,11.26,11.3,8300
HCBK,20110817,6.22,6.27,6,6.08,11536200
HCCI,20110817,16.1,16.86,16.02,16.67,65700
HCIIP,20110817,8.5,8.5,8.5,8.5,0
HCKT,20110817,3.65,3.72,3.65,3.7,44300
HCOM,20110817,20.72,20.75,20.7,20.7,4400
HCSG,20110817,14.17,14.29,13.77,13.96,266800
HDNG,20110817,9.6,9.84,9.6,9.66,50700
HDSN,20110817,1.41,1.43,1.3,1.34,32900
HEES,20110817,10.59,10.62,10,10.23,52600
HELE,20110817,29.51,30.19,28.83,29.59,135300
HEOP,20110817,3.47,3.47,3.28,3.35,4000
HERO,20110817,3.86,3.92,3.65,3.7,1927800
HFBC,20110817,7.51,7.68,7.51,7.6,2500
HFBL,20110817,13.5,13.5,13.5,13.5,0
HFFC,20110817,9.02,9.29,8.26,9.14,4700
HFWA,20110817,11.65,11.86,11.41,11.43,12800
HGSH,20110817,2.45,2.45,2.4,2.4,1800
HIBB,20110817,35.94,36.69,35.13,35.5,527500
HIFS,20110817,54.87,54.97,53.2,54.9,1100
HIHO,20110817,3.3,3.32,3.09,3.09,3200
HILL,20110817,1.71,1.8,1.66,1.73,152400
HIMX,20110817,1.52,1.54,1.48,1.48,144100
HITK,20110817,27.53,28.12,26.71,26.93,59600
HITT,20110817,52.54,53.14,51.99,52.35,103000
HLIT,20110817,5.46,5.49,5.25,5.29,1252500
HMIN,20110817,36.76,38.31,36.76,37.71,505700
HMNF,20110817,2.07,2.14,1.96,2,4100
HMNY,20110817,1.56,1.72,1.55,1.72,1400
HMPR,20110817,7.41,7.43,6.14,6.2,43100
HMSY,20110817,23.94,24.16,23.51,23.75,413700
HNH,20110817,13.2,13.23,12.8,13.01,37000
HNRG,20110817,8.76,8.99,8.61,8.71,8100
HNSN,20110817,3.23,3.31,3.1,3.18,698400
HOFT,20110817,8.62,8.83,8.57,8.61,30700
HOGS,20110817,8.86,8.98,8.17,8.75,1048000
HOLI,20110817,6.32,6.39,5.9,5.93,487800
HOLL,20110817,1.57,1.57,1.43,1.52,67400
HOLX,20110817,16.77,17.03,16.59,16.62,2679700
HOMB,20110817,23.5,23.84,23.28,23.41,33500
HOME,20110817,10.19,10.6,9.83,10.1,21600
HOTT,20110817,7.03,7.13,6.9,6.95,827800
HOVNP,20110817,3.48,3.66,3.38,3.59,5200
HPCCP,20110817,25.55,26.7,25.55,26.5,600
HPJ,20110817,1.73,1.78,1.71,1.72,17400
HPOL,20110817,0.63,0.65,0.62,0.63,18300
HRZN,20110817,16.05,16.25,15.88,16.04,60600
HSIC,20110817,63.16,63.98,62.02,62.85,311000
HSII,20110817,22.35,22.68,21.6,21.83,56200
HSKA,20110817,9.11,9.28,8.79,8.84,14700
HSNI,20110817,31.54,32.2,30.77,31.23,239500
HSOL,20110817,4.59,4.6,4.4,4.45,291600
HSTM,20110817,12,12.28,11.71,12.12,92700
HTBK,20110817,4.25,4.6,4.24,4.36,46100
HTCH,20110817,2.53,2.6,2.5,2.52,186800
HTCO,20110817,9.41,9.79,9.41,9.6,16900
HTHT,20110817,14.87,15.53,14.78,15.4,224900
HTLD,20110817,13.84,13.92,13.49,13.62,666800
HTLF,20110817,14.05,14.3,14.05,14.14,10100
HTWR,20110817,62,62.68,61.3,62.12,171300
HUBG,20110817,31.36,31.87,31.19,31.57,309100
HURC,20110817,25.1,25.29,24.21,24.53,25200
HURN,20110817,29.65,29.99,29.46,29.75,76800
HWAY,20110817,11.96,12.06,11.75,11.98,99600
HWBK,20110817,7.06,7.06,7.06,7.06,300
HWCC,20110817,12.75,13.15,12.75,13.12,56900
HWKN,20110817,34.23,34.23,32.92,33.25,29400
HYGS,20110817,5.38,5.51,5.14,5.51,6500
HZNP,20110817,8.4,8.56,8.4,8.51,3300
IACI,20110817,36.89,37.09,36.24,36.34,1120400
IART,20110817,40.32,40.59,39.17,39.61,132000
IBB,20110817,93.25,94.44,91.64,92.74,929100
IBCA,20110817,3.19,3.2,3.11,3.12,47300
IBCP,20110817,1.95,2,1.9,1.92,17300
IBCPO,20110817,16.65,16.65,16.65,16.65,0
IBKC,20110817,46.08,46.66,46.08,46.35,169900
IBKR,20110817,15.17,15.28,14.76,15.03,901000
IBOC,20110817,14.95,15.15,14.7,14.82,136500
ICAD,20110817,0.6,0.62,0.57,0.6,80100
ICCC,20110817,6.55,6.84,6.54,6.58,1100
ICFI,20110817,21.79,21.79,20.93,21.06,117700
ICGE,20110817,10.11,10.29,9.95,10.02,159800
ICLN,20110817,13.28,13.29,12.98,13.12,16400
ICLR,20110817,19.96,20.25,19.32,19.72,107400
ICON,20110817,19.01,19.39,18.56,18.79,576700
ICUI,20110817,39.59,40.05,39.09,39.47,43300
IDCC,20110817,64.44,71.87,63.76,69.56,6055900
IDIX,20110817,4.6,4.89,4.6,4.79,906700
IDRA,20110817,1.87,1.9,1.78,1.9,300
IDSA,20110817,6.77,6.99,6.3,6.36,30900
IDSY,20110817,4.62,4.71,4.47,4.47,8000
IDTI,20110817,5.77,5.89,5.67,5.74,924900
IDXX,20110817,77.47,79.18,77.27,77.39,301700
IESC,20110817,3.1,3.1,3,3.1,3200
IFAS,20110817,27.48,27.48,27.48,27.48,200
IFEU,20110817,29.67,29.67,29.67,29.67,0
IFGL,20110817,28.87,28.92,28.45,28.57,15100
IFNA,20110817,41.56,41.56,41.09,41.28,700
IFON,20110817,0.64,0.67,0.64,0.64,500
IFSM,20110817,35.09,35.26,34.7,34.86,2900
IGLD,20110817,13.21,13.41,13.05,13.07,2900
IGOI,20110817,15.36,15.72,14.64,15.48,61900
IGOV,20110817,110.7,110.82,110.44,110.71,9300
IGTE,20110817,11.17,11.21,10.74,10.9,234200
III,20110817,1.3,1.3,1.26,1.26,26400
IIIN,20110817,10.49,10.68,10.28,10.41,69300
IIJI,20110817,10.52,10.53,10.4,10.41,11900
IILG,20110817,11.56,11.9,11.56,11.8,171700
IIN,20110817,3.58,3.58,3.33,3.36,6000
IIVI,20110817,19.77,19.79,19.11,19.38,211000
IKAN,20110817,1.09,1.13,1.07,1.13,76100
IKNX,20110817,7.42,7.42,7.25,7.25,2200
ILMN,20110817,52.41,53.43,51.01,51.35,1710700
IMGN,20110817,11.01,11.33,10.71,10.94,449800
IMKTA,20110817,14.71,14.9,14.56,14.72,35600
IMMR,20110817,7.05,7.09,6.82,7,142000
IMMU,20110817,3.2,3.27,3.17,3.21,170300
IMOS,20110817,5.46,5.7,5.46,5.56,19700
IMRS,20110817,4.22,4.45,4.22,4.37,127000
INAP,20110817,5.38,5.49,5.27,5.38,169300
INCY,20110817,15.71,16.09,15.19,15.56,1374100
INDB,20110817,23.19,23.54,22.89,22.94,59800
INDY,20110817,25.5,25.67,25.44,25.6,82400
INFA,20110817,48.17,48.38,44.8,45.93,2442000
INFI,20110817,7.08,7.27,7.01,7.12,33100
INFN,20110817,6.8,6.92,6.62,6.79,968600
ININ,20110817,36.47,36.81,35.4,35.98,69400
INOC,20110817,1.06,1.07,1.06,1.07,500
INOD,20110817,3,3,2.9,2.9,63600
INPH,20110817,4.66,4.85,4.58,4.84,21600
INSM,20110817,4.36,4.48,4.1,4.23,252000
INTC,20110817,20.6,20.98,20.4,20.67,51304800
INTG,20110817,22.5,22.75,22.26,22.41,1800
INTL,20110817,23.33,23.6,22.85,23.37,25600
INTT,20110817,2.93,2.93,2.82,2.86,9200
INTU,20110817,42.8,43.53,41.73,42.38,2807200
INTX,20110817,14.71,14.91,14.33,14.53,93100
INVE,20110817,1.79,1.81,1.71,1.8,207900
INWK,20110817,7.43,7.61,7.38,7.55,253400
IOSP,20110817,24.64,25.2,24.49,24.89,91200
IPAR,20110817,17.28,17.28,16.87,17.08,130500
IPAS,20110817,1.46,1.46,1.43,1.45,23600
IPCC,20110817,46.62,48.25,46.62,47.72,37600
IPCI,20110817,3.09,3.2,2.81,3,21600
IPCM,20110817,41.64,42.31,40.9,41.19,85700
IPGP,20110817,58.45,59.43,56.34,57.28,225900
IPHS,20110817,41.38,42.42,41.08,41.34,106200
IPXL,20110817,18.95,19.29,18.28,18.55,719300
IRBT,20110817,28.73,30.14,28.28,29.34,1023600
IRDM,20110817,7.86,7.86,7.71,7.78,401100
IRDMZ,20110817,1.26,1.26,1.26,1.26,200
IRIX,20110817,3.65,3.65,3.5,3.6,18700
IROQ,20110817,10.88,11.02,10.88,11.02,27400
IRWD,20110817,12.97,13.27,12.81,12.98,684400
ISBC,20110817,13.46,13.65,13.43,13.61,149200
ISCA,20110817,25.07,25.4,24.68,24.91,160500
ISHG,20110817,109.92,110.14,109.66,109.95,20200
ISIG,20110817,3.16,3.24,2.96,3.16,11000
ISIL,20110817,11.13,11.26,10.82,10.88,1415800
ISIS,20110817,7.17,7.29,7,7.12,574800
ISLE,20110817,6.62,6.76,6.61,6.75,73600
ISNS,20110817,6.3,6.59,6.3,6.54,18900
ISRG,20110817,349,357.44,342.9,347.51,301400
ISRL,20110817,59.8,61.75,57.73,59.47,9200
ISSC,20110817,4.83,4.98,4.81,4.93,4100
ISSI,20110817,8.03,8.18,8.02,8.08,129800
ITIC,20110817,34.91,35.88,34,35,6700
ITMN,20110817,25.1,25.74,23.89,24.6,1041500
ITRI,20110817,40.33,40.45,38,38.64,771400
ITRN,20110817,12.2,12.44,12,12.25,37200
IVAC,20110817,7.81,7.93,7,7.68,40300
IVAN,20110817,1.77,1.8,1.7,1.71,513300
IXYS,20110817,12.25,12.47,11.91,12.24,74800
JACK,20110817,19.99,20.14,19.62,19.87,276700
JADE,20110817,2.53,2.6,2.5,2.53,65100
JAKK,20110817,16,16.27,15.76,15.99,203700
JASO,20110817,20.55,20.65,19.2,19.25,2679700
JAXB,20110817,6,6,6,6,0
JAZZ,20110817,39.26,39.97,37.48,38.63,592200
JBHT,20110817,39.84,40.27,38.85,39.45,1311000
JBLU,20110817,4.44,4.49,4.35,4.4,2692300
JBSS,20110817,7.51,7.51,7.36,7.4,6800
JCOM,20110817,28.76,29.09,28.48,28.61,185500
JCS,20110817,13.76,14.04,13.09,13.29,66800
JCTCF,20110817,9.28,9.76,9.28,9.76,200
JDSU,20110817,12.09,12.16,11.34,11.7,9842100
JFBI,20110817,3.2,3.2,3.2,3.2,0
JJSF,20110817,48.13,49.06,48,48.7,42200
JKHY,20110817,27.97,29.06,27.38,28.27,1741700
JMBA,20110817,1.98,2.03,1.9,1.92,1506800
JOBS,20110817,58.25,59.2,56.46,57.46,117400
JOEZ,20110817,0.75,0.79,0.7,0.7,66300
JOSB,20110817,44.49,45.08,42.84,43.81,187800
JOUT,20110817,15.31,15.98,15.13,15.61,7600
JRCC,20110817,12.66,12.9,12.11,12.29,1695400
JRJC,20110817,2.95,3.02,2.84,2.84,19700
JST,20110817,10.03,10.22,9.91,10.01,62500
JVA,20110817,17.48,18.29,17,17.27,524300
JXSB,20110817,12.8,12.8,12.8,12.8,0
KALU,20110817,48.1,50.69,48.05,49.95,257400
KBALB,20110817,5.61,5.73,5.51,5.53,56100
KCAP,20110817,6.12,6.49,6.11,6.29,203300
KCLI,20110817,30.49,30.5,30.21,30.27,14900
KELYA,20110817,15.8,15.85,15.11,15.29,224200
KELYB,20110817,14.29,14.29,14.29,14.29,0
KEQU,20110817,9,9,8.73,9,1500
KERX,20110817,3.96,4.11,3.87,3.92,1019400
KEYN,20110817,21.65,21.7,21.06,21.3,150800
KEYW,20110817,9.38,9.44,9.25,9.27,106400
KFFB,20110817,7.5,7.5,7.41,7.47,2400
KFRC,20110817,9.5,9.58,9.28,9.41,567600
KGJI,20110817,1.56,1.71,1.55,1.68,92300
KINS,20110817,3.14,3.15,2.8,3.15,5300
KIOR,20110817,11.05,11.05,10.07,10.11,120100
KIPS,20110817,2.38,2.4,2.3,2.31,7700
KIRK,20110817,9.14,9.22,8.68,8.86,332600
KLAC,20110817,36.34,37.1,35.86,36.19,2556100
KLIC,20110817,8.7,8.86,8.44,8.53,1176800
KNDI,20110817,2.34,2.6,2.23,2.58,149500
KONA,20110817,6.09,6.14,5.95,6.06,28800
KONE,20110817,1.24,1.29,1.24,1.28,1200
KONG,20110817,4.5,4.65,4.49,4.5,51400
KOOL,20110817,1.63,1.7,1.61,1.7,71500
KOPN,20110817,3.78,3.78,3.54,3.74,229200
KOSS,20110817,5.84,5.84,5.82,5.84,400
KRNY,20110817,8.56,8.6,8.42,8.48,12200
KSWS,20110817,6.21,6.25,5.83,5.92,257300
KTCC,20110817,3.57,3.7,3.55,3.6,33500
KTEC,20110817,14.75,14.77,14.28,14.34,13600
KTOS,20110817,8.91,9.05,8.67,8.74,330400
KUTV,20110817,2.25,2.74,2.2,2.38,146400
KVHI,20110817,8.79,9.06,8.33,8.91,66700
LABC,20110817,16.3,16.3,16.3,16.3,0
LABL,20110817,23.59,23.82,23.01,23.38,29900
LACO,20110817,2.35,2.35,2.15,2.31,43500
LAKE,20110817,7.93,7.93,7.84,7.9,1100
LAMR,20110817,20.86,21.26,20.24,20.6,674900
LANC,20110817,58.3,59.14,57.15,57.52,70400
LARK,20110817,15.3,16,15.3,15.95,2200
LAWS,20110817,16.97,17.07,16.76,16.88,5500
LAYN,20110817,26.2,26.85,26.03,26.34,54200
LBAI,20110817,8.35,8.62,8.3,8.39,14200
LBIX,20110817,3.61,3.63,3.52,3.54,3100
LBTYA,20110817,39.92,40.24,39.37,39.8,1123400
LBTYB,20110817,41.05,43.5,41.05,43.5,500
LBTYK,20110817,38.2,38.51,37.67,38.01,219000
LCAV,20110817,3.2,3.36,3.15,3.2,65700
LCUT,20110817,10.86,10.92,10.52,10.64,16200
LEAP,20110817,9.4,9.99,9.25,9.68,7573100
LECO,20110817,32.82,32.88,32.07,32.48,246400
LEDR,20110817,2.06,2.23,1.97,2.18,5000
LEDS,20110817,4.71,4.9,4.55,4.59,56200
LFUS,20110817,45.07,45.35,44.63,44.94,173700
LGCY,20110817,28.96,29,28.32,28.45,122200
LGND,20110817,12.58,12.58,12.02,12.38,117900
LHCG,20110817,19.16,19.3,18.62,18.96,155200
LIFE,20110817,39.14,39.62,38.73,39,2955900
LIME,20110817,3.98,3.98,3.77,3.92,4600
LINC,20110817,10.6,10.69,10.25,10.31,207800
LINE,20110817,37.99,38.18,37.66,37.93,833600
LINTA,20110817,15.02,15.26,14.48,14.64,4838000
LINTB,20110817,14.99,14.99,14.99,14.99,0
LION,20110817,6.68,6.9,6.35,6.52,1000
LIOX,20110817,2.63,2.71,2.55,2.65,268500
LIVE,20110817,2.22,2.22,2.15,2.15,300
LIWA,20110817,7.34,7.75,7.18,7.44,252000
LKFN,20110817,20.84,21.6,20.84,21.23,24700
LKQ,20110817,11.79,11.965,11.67,11.785,566000
LLEN,20110817,3.39,3.42,3.11,3.21,250800
LLNW,20110817,2.28,2.34,2.22,2.25,2350300
LLTC,20110817,27.01,27.57,26.94,27.38,4203300
LMAT,20110817,6.55,6.64,6.5,6.57,17000
LMCA,20110817,73.38,73.75,72.27,72.57,704500
LMIA,20110817,19.99,20.02,19.29,19.51,18600
LMNR,20110817,18.71,18.72,17.83,17.84,9000
LMNX,20110817,22.37,22.98,21.88,22.07,271900
LNBB,20110817,4.88,4.88,4.76,4.85,1100
LNCE,20110817,20.4,20.62,20.1,20.41,109100
LNDC,20110817,5.93,6.05,5.86,5.99,128900
LOAN,20110817,1.01,1.02,1.01,1.01,6000
LOCM,20110817,2.74,2.74,2.6,2.68,97400
LOGI,20110817,9.04,9.24,8.96,9.18,3019000
LOGM,20110817,32.65,32.87,31.43,31.61,288000
LOJN,20110817,3.33,3.39,3.21,3.3,29900
LONG,20110817,20.94,21,20.02,21,2800
LOOK,20110817,1.42,1.5,1.42,1.48,24400
LOPE,20110817,15.7,15.84,15.46,15.73,209400
LORL,20110817,56.08,56.75,54.95,55.61,71500
LPHI,20110817,7.1,7.7,6.9,7.7,495500
LPLA,20110817,26.77,27.44,26.7,27.06,1297700
LPNT,20110817,34,34.34,33.42,33.64,536900
LPSB,20110817,9.6,9.6,9.54,9.54,400
LPSN,20110817,11.93,12,11.38,11.53,389800
LPTH,20110817,2.14,2.14,1.76,1.88,57000
LQDT,20110817,22.86,23.01,22.3,22.66,136100
LRAD,20110817,2.36,2.45,2.36,2.43,32400
LRCX,20110817,38.83,39.39,38.09,38.34,2052400
LSBI,20110817,12.6,12.6,12.6,12.6,0
LSCC,20110817,5.31,5.42,5.21,5.4,859300
LSTR,20110817,40.06,40.06,38.44,39.19,435000
LTBR,20110817,2.75,2.8,2.75,2.75,7400
LTON,20110817,0.88,0.89,0.87,0.87,13800
LTRE,20110817,8.09,8.3,8.09,8.27,4100
LTRX,20110817,2.1,2.1,1.9,1.91,11900
LTXC,20110817,6.37,6.4,6.22,6.35,559100
LUFK,20110817,71.12,72.16,69.91,70.28,221000
LULU,20110817,55.37,56,51.92,52.57,3367800
LUNA,20110817,1.56,1.63,1.54,1.58,3100
LWAY,20110817,10.17,10.25,10.02,10.09,9600
LXRX,20110817,1.3,1.34,1.24,1.25,1077800
LYTS,20110817,7.1,7.2,7,7.01,94300
MAGS,20110817,2.95,2.95,2.85,2.86,16200
MAKO,20110817,32.69,33.6,31.14,32.68,1502700
MANH,20110817,34.73,35.19,34.14,34.41,89700
MANT,20110817,35.9,36.25,35.21,35.45,146000
MARPS,20110817,19.6,20.09,19.6,19.87,1500
MASC,20110817,7.43,7.43,7.26,7.32,35700
MASI,20110817,23.1,23.3,22.78,23.09,351600
MAT,20110817,25.05,25.3,24.56,24.78,2304900
MATR,20110817,5.5,5.52,5.32,5.33,6300
MATW,20110817,33.98,34.11,32.66,33.14,129700
MAXY,20110817,5.35,5.42,5.26,5.32,114300
MAYS,20110817,17,17,17,17,0
MBFI,20110817,16,16.15,15.65,15.93,524400
MBLX,20110817,5.6,5.67,5.45,5.57,146100
MBND,20110817,3.16,3.16,3.1,3.14,33600
MBRG,20110817,14.72,14.88,14.42,14.52,9100
MBTF,20110817,1.38,1.39,1.38,1.39,200
MBVT,20110817,26.46,26.46,26.07,26.25,2500
MBWM,20110817,8.74,8.74,8.45,8.58,1300
MCBC,20110817,3.01,3.09,3.01,3.02,16300
MCBI,20110817,5.87,5.9,5.67,5.9,5600
MCGC,20110817,4.49,4.58,4.44,4.49,484600
MCHP,20110817,31.25,31.92,30.81,31.05,3284200
MCHX,20110817,10.34,10.78,10.22,10.36,613100
MCOX,20110817,9.95,9.95,8.85,9.1,146100
MCRI,20110817,10.28,10.52,10.02,10.11,13600
MCRL,20110817,9.51,9.65,9.38,9.6,432900
MCRS,20110817,42.86,43.45,41.69,42.09,501300
MDAS,20110817,10.63,10.83,10.46,10.51,612100
MDCA,20110817,15.11,15.45,14.42,14.45,130300
MDCI,20110817,5.92,6.06,5.9,6.01,23400
MDCO,20110817,13.7,14.06,13.65,14.03,458400
MDH,20110817,2.19,2.38,2.19,2.34,2000
MDRX,20110817,15.73,16,15.24,15.3,2884600
MDSO,20110817,16.03,16.25,15.71,15.8,134200
MDVN,20110817,16.72,16.83,15.93,16.35,213700
MEAD,20110817,4.25,4.25,4.25,4.25,200
MEAS,20110817,29.49,29.68,28.89,29,76200
MELA,20110817,1.92,2.23,1.92,2.14,368400
MELI,20110817,68.23,69.72,67.84,68.64,564200
MEMS,20110817,2.67,2.67,2.66,2.67,2700
MENT,20110817,9.49,9.64,9.22,9.37,813200
MEOH,20110817,25.38,25.97,25.25,25.6,192200
MERC,20110817,8.63,8.74,8.4,8.57,257700
MERU,20110817,8.74,9,8.4,8.66,159800
METR,20110817,10.66,10.66,10.21,10.52,43800
MFI,20110817,5.72,5.85,5.7,5.78,2700
MFLR,20110817,7.42,7.42,7.42,7.42,0
MFLX,20110817,18.19,18.36,17.82,18.15,38700
MFNC,20110817,5.6,5.6,5.6,5.6,0
MFRI,20110817,7.91,8.05,7.7,7.84,7800
MFSF,20110817,7.7,7.7,7.7,7.7,0
MGAM,20110817,4.35,4.64,4.35,4.52,129100
MGEE,20110817,41,41.32,40.74,41.03,46600
MGIC,20110817,4.43,4.49,4.33,4.37,92700
MGLN,20110817,46.97,47.35,46.32,46.65,145700
MGPI,20110817,6.53,6.53,6.43,6.5,19600
MGRC,20110817,25.77,25.97,25.1,25.41,21600
MGYR,20110817,4.1,4.1,4.1,4.1,0
MHGC,20110817,5.68,5.92,5.63,5.68,349400
MHLD,20110817,8.29,8.39,8.27,8.34,209500
MIDD,20110817,77.27,78.35,75.12,76.11,63600
MIND,20110817,17.09,17.34,16.6,16.75,69000
MINI,20110817,18.97,19.16,18.46,18.69,115800
MITK,20110817,8.91,9.15,8.5,9.08,271400
MITL,20110817,3.46,3.51,3.23,3.28,81600
MKSI,20110817,23.2,23.49,22.93,23.14,195500
MKTAY,20110817,40.05,40.62,39.47,39.63,4400
MKTG,20110817,14.95,15.25,14.81,15.02,35700
MKTX,20110817,29.53,30.25,26.26,27.45,2213600
MLAB,20110817,34.07,34.07,33.95,33.97,1500
MLHR,20110817,19.13,19.49,18.46,18.65,244200
MLNK,20110817,3.94,3.99,3.89,3.97,94900
MLNX,20110817,30.97,31.75,30.25,30.78,212500
MLVF,20110817,6.8,6.8,6.8,6.8,0
MMLP,20110817,35.38,35.99,35.26,35.58,33600
MMSI,20110817,13.98,14.22,13.63,13.82,150000
MMUS,20110817,5,5,4.95,4.95,500
MMYT,20110817,20.29,20.39,20,20.09,64000
MNDO,20110817,2.14,2.2,2.1,2.1,29000
MNGLU,20110817,10.26,10.26,10.26,10.26,200
MNGLW,20110817,0.65,0.65,0.65,0.65,0
MNKD,20110817,2.63,2.67,2.51,2.57,647300
MNOV,20110817,2.44,2.49,2.16,2.38,40900
MNRK,20110817,5.7083,6.0167,5.6917,5.925,2900
MNRO,20110817,36.65,37.22,36.6,37.03,488100
MNST,20110817,40.265,40.49,39.9,40.455,647800
MNTA,20110817,17.11,17.42,16.73,17.06,487700
MNTG,20110817,2.96,3,2.81,2.81,10600
MNTX,20110817,4.02,4.11,4,4.04,5700
MOBI,20110817,5.91,6.14,5.65,5.71,279600
MOCO,20110817,15.1,15.1,14.91,14.95,7700
MOFG,20110817,14.75,14.8,14.75,14.79,800
MOLX,20110817,21.17,21.28,20.7,20.92,979300
MOLXA,20110817,17.81,17.93,17.5,17.68,252700
MORN,20110817,57.22,58,56.95,57.21,79000
MOSY,20110817,4.56,4.62,4.29,4.45,212900
MOVE,20110817,6.16,6.16,5.92,5.96,1259800
MPAA,20110817,10.93,10.98,10.63,10.73,78800
MPAC,20110817,5.39,5.72,5.38,5.45,1700
MPB,20110817,8.12,8.15,8.12,8.12,800
MPEL,20110817,13.72,14.07,13.55,13.83,7407800
MPET,20110817,1.35,1.45,1.34,1.4,66500
MPWR,20110817,12.42,12.66,12.34,12.55,230300
MRCY,20110817,15.07,15.32,14.7,14.74,268800
MRGE,20110817,6.03,6.31,5.97,6.1,622300
MRLN,20110817,10.93,11.26,10.93,10.94,59700
MRTN,20110817,18.87,19.18,18.84,18.89,81500
MRVL,20110817,13.01,13.17,12.63,12.85,12327900
MSBF,20110817,5.2,5.2,5.2,5.2,0
MSCC,20110817,16.85,17.31,16.84,16.99,593000
MSEX,20110817,17.97,18.26,17.88,18.06,28000
MSFG,20110817,8.32,8.55,8.21,8.42,41500
MSFT,20110817,25.25,25.7,24.93,25.25,50923600
MSG,20110817,23.72,24.45,23.27,23.55,633600
MSON,20110817,2.26,2.38,2.25,2.25,1600
MSPD,20110817,5.93,6.15,5.81,5.84,255500
MSTR,20110817,125.21,126.1,118.15,119.91,251300
MTEX,20110817,7.3,7.9,7,7,15600
MTGE,20110817,19.5,19.57,19.41,19.41,104800
MTRX,20110817,11.55,11.9,11.51,11.54,151900
MTSC,20110817,36.11,36.3,35.58,35.91,57000
MTSL,20110817,1.27,1.27,1.15,1.21,9900
MTSN,20110817,1.43,1.48,1.4,1.45,123400
MU,20110817,6.35,6.41,6.07,6.11,29678800
MVIS,20110817,8,8.32,7.84,7.92,362900
MVISW,20110817,0.28,0.28,0.28,0.28,0
MWIV,20110817,75.03,75.24,73.52,74.06,23600
MXIM,20110817,22.62,23.2,22.42,22.6,3046200
MXWL,20110817,16.3,16.64,15.94,16.19,129900
MYGN,20110817,19.62,20.03,19.47,19.93,1186600
MYL,20110817,20.03,20.15,19.54,19.85,8422000
MYRG,20110817,19.6,19.92,19.21,19.31,41900
NAFC,20110817,30.04,30.37,29.89,29.9,68900
NAII,20110817,4.81,4.88,4.76,4.88,4800
NANO,20110817,16.3,16.89,16.06,16.41,253000
NASB,20110817,10.02,10.81,9.8,10.81,2700
NATH,20110817,18.54,18.76,18.54,18.76,400
NATI,20110817,24.53,24.85,24.04,24.4,387400
NATL,20110817,22.32,22.5,21.78,21.98,6900
NATR,20110817,17.89,18.42,17.84,18.24,37100
NAUH,20110817,9.22,9.22,8.85,8.97,13700
NAVG,20110817,41.29,41.66,41.01,41.35,67200
NAVR,20110817,1.81,1.83,1.75,1.83,29700
NBBC,20110817,4.47,4.54,4.47,4.5,13500
NBIX,20110817,6.11,6.28,5.97,6.1,142700
NBN,20110817,10.5,10.94,10.5,10.61,4300
NBTB,20110817,19.76,20.08,19.56,19.79,45600
NBTF,20110817,20.39,20.42,20.13,20.31,500
NCBC,20110817,3.25,3.53,3.25,3.53,3200
NCIT,20110817,14.9,15.16,14.51,15.09,42400
NCMI,20110817,14.75,15.13,14.4,14.84,686800
NCTY,20110817,5.9,5.9,5.45,5.5,37600
NDAQ,20110817,23.22,23.5,22.75,22.87,1715400
NDSN,20110817,44.85,45.21,43.47,43.9,464500
NECB,20110817,6.5,6.86,6.5,6.85,300
NEOG,20110817,37.9,37.9,36.57,36.86,93500
NEPT,20110817,4.2,4.29,4.17,4.27,50100
NETC,20110817,9.63,9.7,9.22,9.22,36300
NEWL,20110817,0.95,0.95,0.77,0.85,6400
NEWP,20110817,12.88,13.08,12.5,12.73,158200
NEWS,20110817,8.84,9.16,8.65,8.78,34900
NEWT,20110817,1.31,1.31,1.3,1.3,8100
NFBK,20110817,12.8,13.13,12.75,13.05,16000
NFEC,20110817,1.3,1.3,1.2,1.23,30500
NFLX,20110817,240.61,241.08,228.54,232.24,3685400
NFSB,20110817,13.12,13.12,13.12,13.12,0
NGPC,20110817,7.28,7.44,7.2,7.42,34800
NHTB,20110817,12.92,12.92,12.83,12.83,700
NICE,20110817,30.7,31.45,30.5,30.86,199000
NICK,20110817,10.91,10.99,10.8,10.81,15200
NIHD,20110817,38.36,38.87,37.77,38.04,1373600
NILE,20110817,34.93,35.54,33.56,34.19,88800
NINE,20110817,1.38,1.38,1.38,1.38,4000
NKSH,20110817,25.13,26.51,24.53,24.96,32200
NKTR,20110817,5.35,5.46,5.17,5.29,694400
NLST,20110817,1.73,1.87,1.68,1.75,164600
NMRX,20110817,6.66,6.75,6.51,6.53,7000
NNBR,20110817,7.75,7.97,7.45,7.68,122700
NOVB,20110817,9.91,9.91,9.88,9.9,600
NPBC,20110817,6.85,6.87,6.64,6.72,592500
NPSP,20110817,7.55,7.81,7.5,7.8,2098000
NRCI,20110817,32.77,34.9,32.77,33.6,10300
NRIM,20110817,19.11,19.36,19.11,19.22,1500
NSEC,20110817,11,11,11,11,0
NSIT,20110817,16.89,17.05,16.38,16.86,208800
NSPH,20110817,1.5,1.58,1.5,1.54,199400
NSSC,20110817,2.7,2.77,2.67,2.72,4200
NSYS,20110817,3.78,3.8,3.78,3.8,3900
NTAP,20110817,43.27,43.47,41.22,41.66,13820100
NTCT,20110817,12.98,13.18,12.8,13.02,312500
NTES,20110817,49.5,50,48,49.3,1529200
NTGR,20110817,30.22,30.4,29.16,29.46,267200
NTIC,20110817,17.15,17.18,16.16,16.97,1900
NTLS,20110817,18.46,18.67,18.32,18.63,149200
NTRI,20110817,12.2,12.79,12.2,12.74,448500
NTRS,20110817,37.5,37.63,36.97,37.25,1673900
NTSC,20110817,5.05,5.1,5.05,5.1,1400
NTSP,20110817,4.61,5.22,4.54,5.12,886400
NTWK,20110817,8.8,9,8.5,8.9,218400
NUAN,20110817,18.1,18.33,17.7,17.98,1708000
NUCL,20110817,35.21,35.44,35.21,35.44,800
NURO,20110817,2.64,2.64,2.4,2.52,7300
NUTR,20110817,14.06,14.18,13.86,13.91,17500
NUVA,20110817,23.67,23.97,22.77,23.02,419400
NVAX,20110817,1.37,1.4,1.32,1.37,366400
NVDA,20110817,13.03,13.25,12.64,12.81,13833800
NVEC,20110817,57.7,58.17,55.97,56.82,25600
NVGN,20110817,1.07,1.07,0.85,0.85,248800
NVMI,20110817,7.12,7.3,7.1,7.2,105800
NVSL,20110817,7.51,7.52,7.51,7.51,1100
NVTL,20110817,3.41,3.46,3.33,3.38,334000
NWBI,20110817,11.56,11.64,11.4,11.5,941300
NWFL,20110817,26.06,26.06,26.06,26.06,100
NWLI,20110817,145.86,153.85,145.86,148.51,7300
NWPX,20110817,27.59,28.02,26.81,27.87,61300
NWS,20110817,17.35,17.47,17.16,17.22,6992500
NWSA,20110817,17.14,17.26,16.91,17.03,35664600
NXPI,20110817,18.06,18.41,17.44,17.74,1048100
NXST,20110817,7.2,7.54,7.1,7.14,40100
NXTM,20110817,18.63,18.75,18.01,18.23,798700
NYMT,20110817,7.37,7.4,7.31,7.35,32000
NYMX,20110817,7.39,7.51,7.21,7.46,37100
NYNY,20110817,0.85,0.88,0.82,0.83,15200
OABC,20110817,14.12,14.44,14.12,14.24,18900
OBAF,20110817,14.57,14.57,14.57,14.57,0
OBAS,20110817,6.8,7,6.8,7,10400
OBCI,20110817,2.67,2.67,2.5,2.61,9800
OCC,20110817,3.76,3.84,3.67,3.71,6000
OCFC,20110817,12.03,12.18,11.95,12.05,14100
OCLR,20110817,4.04,4.04,3.75,3.85,1155100
OCLS,20110817,10.78,10.78,9.8,10.43,31700
OCZ,20110817,6.28,6.49,5.8,6.07,1723400
ODFL,20110817,20.9533,21.12,20.36,20.6333,441900
OFED,20110817,11,11,11,11,0
OFIX,20110817,37.57,38.56,37.01,37.87,84200
OFLX,20110817,12.61,13.15,12.55,12.98,8900
OGXI,20110817,11.95,12.17,11.35,11.44,122400
OIIM,20110817,4.86,4.93,4.75,4.85,39100
OINK,20110817,2.3,2.39,2.25,2.3,11600
OKSB,20110817,5.12,5.4,5.12,5.39,109400
OKSBP,20110817,20.87,20.89,19.75,20.4,4800
OLBK,20110817,7.41,7.41,7.34,7.34,1000
OMAB,20110817,15.5,15.91,14.85,15,34600
OMCL,20110817,14.68,14.81,14.46,14.65,107900
OMER,20110817,3.55,3.65,3.46,3.62,71300
OMEX,20110817,2.79,2.84,2.66,2.69,391300
OMPI,20110817,9.7,10.13,9.7,10,30300
ONCY,20110817,3.94,3.98,3.83,3.94,137900
ONEQ,20110817,100.21,100.57,98.13,99,8500
ONFC,20110817,8.87,8.88,8.7,8.7,5200
ONNN,20110817,7.57,7.63,7.27,7.38,5118900
ONTY,20110817,6.9,7.1,6.85,6.94,506900
ONVI,20110817,3.75,3.99,3.41,3.99,2400
ONXX,20110817,33.38,33.77,32.29,33.52,1560100
OPEN,20110817,65.51,65.51,60.85,61.55,1727700
OPHC,20110817,0.65,0.65,0.65,0.65,500
OPLK,20110817,15.98,16.1,15.73,15.87,156300
OPOF,20110817,11.21,11.21,10.98,11.19,400
OPTR,20110817,8.67,8.92,8.36,8.54,498800
OPTT,20110817,4,4.08,3.83,3.95,89600
OPXA,20110817,6.2,6.52,6.2,6.44,177500
ORBC,20110817,2.3,2.44,2.29,2.35,101600
ORBK,20110817,11.12,11.27,10.93,11.09,25900
ORBT,20110817,3.75,3.8,3.68,3.74,4300
ORCL,20110817,27.65,28.05,27.07,27.47,34073800
OREX,20110817,1.37,1.41,1.35,1.35,199500
ORIT,20110817,12.2,12.26,12.11,12.25,339300
ORLY,20110817,60.98,61.7,60.25,61.06,1411800
ORRF,20110817,15.79,16.69,15.59,15.59,20700
OSBC,20110817,1.35,1.43,1.33,1.33,23200
OSBCP,20110817,4.18,4.2,4,4.19,2500
OSHC,20110817,11.81,11.85,11.43,11.53,1800
OSIR,20110817,5.4,5.55,5.18,5.27,72300
OSIS,20110817,36.21,36.54,35.45,35.64,166100
OSN,20110817,2.6,2.79,2.52,2.52,12700
OSTK,20110817,10.72,10.72,10.2,10.45,34600
OSUR,20110817,7.37,7.5,7.15,7.23,96300
OTEX,20110817,52.52,53.32,51.48,52.15,462200
OTIV,20110817,1.7,1.82,1.66,1.78,180900
OTT,20110817,17.01,17.5,16.85,17.42,22100
OTTR,20110817,20.85,21.03,20.64,20.75,121300
OUTD,20110817,6.64,6.64,6.23,6.39,24100
OVBC,20110817,17.1,17.1,16.67,16.68,1900
OVLY,20110817,5.5,5.5,5.5,5.5,0
OVRL,20110817,2.55,2.55,2.31,2.46,28100
OVTI,20110817,26.11,26.43,24.67,25.31,1885600
OXBT,20110817,2.75,3,2.57,3,103700
OXGN,20110817,1.42,1.52,1.35,1.41,242300
OXLC,20110817,16.75,16.75,16.31,16.31,1300
OZRK,20110817,22.57,23,22.31,22.75,217600
PAAS,20110817,30.19,31.13,30.02,30.42,1567000
PACB,20110817,5.81,6.14,5.81,5.92,472900
PACQ,20110817,9.41,9.41,9.41,9.41,0
PACQW,20110817,0.62,0.62,0.62,0.62,0
PACR,20110817,4.22,4.37,4.22,4.29,199300
PACW,20110817,16.3,16.47,16.1,16.28,90100
PAGG,20110817,30.61,31.09,30.55,30.79,16200
PANL,20110817,34.4,34.63,31.42,32.04,1110300
PATH,20110817,4.99,5.25,4.78,4.79,212200
PATK,20110817,2.07,2.15,2.02,2.02,21400
PATR,20110817,21.72,22.47,21.63,22.02,3800
PAYX,20110817,27.12,27.33,26.62,26.84,1823500
PBCT,20110817,11.44,11.49,11.19,11.25,5521200
PBHC,20110817,9.25,9.25,9.25,9.25,7700
PBIB,20110817,3.37,3.38,2.54,2.96,8700
PBIP,20110817,5.56,5.56,5.17,5.33,900
PCAR,20110817,37.8,38.54,36.6,37.26,3385100
PCBK,20110817,8.12,8.34,8.12,8.22,28200
PCCC,20110817,8,8.21,7.88,8.15,48800
PCH,20110817,33.36,33.93,32.84,33.62,117400
PCLN,20110817,499.2,505.51,486,491.85,1018100
PCO,20110817,2.42,2.5,2.4,2.48,177200
PCOM,20110817,8.01,8.49,8.01,8.4,85700
PCRX,20110817,9.08,9.26,9.08,9.19,35900
PCTI,20110817,6.47,6.57,6.39,6.44,13000
PCYC,20110817,10.63,11.01,10.46,10.69,472300
PCYO,20110817,3.29,3.4,3.13,3.33,4000
PDCO,20110817,29.31,29.42,28.91,29.3,1218000
PDEX,20110817,1.88,1.88,1.88,1.88,300
PDFS,20110817,5.02,5.13,4.91,5.1,28700
PDII,20110817,7.01,7.02,6.8,6.84,2000
PDLI,20110817,5.83,5.91,5.75,5.79,2371000
PEBK,20110817,5.24,5.24,5.15,5.15,5100
PEBO,20110817,11.42,11.94,11,11.52,18900
PEGA,20110817,44.18,44.67,42.47,42.87,310200
PEIX,20110817,0.41,0.42,0.35,0.36,6468500
PENN,20110817,38.75,38.99,37.72,37.95,528500
PENX,20110817,5.25,5.31,5.2,5.21,6800
PEOP,20110817,14,14,14,14,0
PERF,20110817,13.57,13.57,13.57,13.57,0
PERY,20110817,18.69,18.79,17.56,17.7,376000
PESI,20110817,1.39,1.49,1.39,1.42,38700
PETM,20110817,42,42.55,41.14,41.56,1569500
PETS,20110817,9.92,10.13,9.85,10.09,161000
PFBC,20110817,7.47,7.62,7,7.34,22500
PFBI,20110817,6.47,6.5,6.47,6.5,1100
PFBX,20110817,11.76,12,11.72,11.93,2500
PFIN,20110817,5.21,5.24,4.7,5.18,34100
PFLT,20110817,11.55,11.95,11.49,11.74,70900
PFSW,20110817,5.03,5.11,4.87,5,71600
PGC,20110817,11.08,11.15,10.82,10.86,2600
PGNX,20110817,6.01,6.31,5.98,6.21,112300
PGTI,20110817,1.83,1.86,1.65,1.69,29600
PHII,20110817,20.73,20.83,20.63,20.63,1400
PHIIK,20110817,21.09,21.22,20.72,21.08,20000
PHMD,20110817,12.85,14,12.85,13.78,11500
PICO,20110817,24.46,24.98,24.06,24.44,67100
PKBK,20110817,7.41,7.5,7.38,7.5,2700
PKOH,20110817,14.82,15.28,14.53,14.68,103400
PLAB,20110817,6.34,7.59,6.14,7.24,5790000
PLBC,20110817,1.94,1.98,1.94,1.98,200
PLCC,20110817,0.83,0.83,0.83,0.83,500
PLCE,20110817,41.88,42.15,39.69,40.59,1160900
PLCM,20110817,25.58,25.58,23.98,24.36,2228400
PLNR,20110817,2.28,2.29,2.15,2.25,23400
PLPC,20110817,55.76,55.76,52.8,52.93,11100
PLTM,20110817,24.37,24.37,23.97,23.97,1800
PLUG,20110817,1.83,1.96,1.76,1.8,291800
PLUS,20110817,23.4,25.05,23.4,24.74,19200
PLXS,20110817,26.57,26.82,25.97,26.3,145900
PLXT,20110817,3.07,3.26,2.98,3.24,124800
PMBC,20110817,3.95,4.16,3.95,4.16,1400
PMCS,20110817,5.84,5.94,5.72,5.81,2250400
PMD,20110817,8.89,9.12,8.79,9.07,8800
PMFG,20110817,17.11,17.11,16.32,16.91,17800
PMNA,20110817,11.13,11.18,11.1,11.1,5100
PMTC,20110817,17.8,17.97,17.51,17.78,1110200
PMTI,20110817,7.68,7.79,7.37,7.39,77400
PNBK,20110817,2.04,2.04,2.04,2.04,200
PNFP,20110817,12.94,13.12,12.68,12.85,88200
PNNT,20110817,9.97,10.14,9.9,10.08,313200
PNQI,20110817,35.41,35.43,34.68,34.93,43500
PNRA,20110817,107.85,108.2,105.44,106.52,469100
PNRG,20110817,18.96,18.96,18.96,18.96,100
PNTR,20110817,4.5,4.65,4.5,4.5,2500
PODD,20110817,17.75,18.13,17.55,17.86,386300
POOL,20110817,25.57,25.74,25.13,25.32,206500
POPE,20110817,48.8,48.8,48.8,48.8,300
POWI,20110817,31.93,32.05,30.96,31.47,166200
POWL,20110817,34.57,35.09,34.35,35,25700
POWR,20110817,4.75,4.83,4.5,4.67,57300
POZN,20110817,3.31,3.4,3.23,3.26,47400
PPBI,20110817,6.45,6.48,6.4,6.45,7000
PPHM,20110817,1.41,1.5,1.4,1.42,273700
PRAA,20110817,73.22,74.15,72.06,73.57,50200
PRAN,20110817,1.67,1.84,1.66,1.73,102700
PRCP,20110817,6.3,6.53,6.09,6.09,19700
PRFT,20110817,8.78,8.84,8.18,8.31,113300
PRFZ,20110817,58.08,58.49,57.16,57.57,31300
PRGO,20110817,90,91.1,89.15,89.51,1090500
PRGS,20110817,20.88,21.04,20.58,20.86,450100
PRGX,20110817,6.4,6.44,6.05,6.08,54000
PRIM,20110817,11.06,11.08,10.4,10.67,83300
PRKR,20110817,0.9,0.91,0.8,0.87,491100
PRLS,20110817,3.9,3.94,3.76,3.93,10000
PRMW,20110817,4.3,4.52,4.26,4.44,1152500
PROV,20110817,8.38,8.4,8.31,8.33,8500
PRPH,20110817,0.89,0.89,0.83,0.88,3200
PRSC,20110817,10.81,10.92,10.56,10.64,25600
PRTS,20110817,6.47,6.79,6.23,6.32,115100
PRXI,20110817,1.8,1.8,1.72,1.72,221700
PRXL,20110817,20.44,20.88,19.88,20.03,481000
PSAU,20110817,48.02,48.8,47.62,48.19,35200
PSBH,20110817,4.79,5.3,4.75,4.75,1400
PSCC,20110817,29.75,29.75,29.75,29.75,100
PSCD,20110817,25.75,25.75,24.94,25.11,7000
PSCE,20110817,33.89,34.34,33.23,33.37,76000
PSCF,20110817,24.94,24.99,24.66,24.84,7200
PSCH,20110817,28.91,29.04,28.29,28.51,25400
PSCI,20110817,25.61,25.61,25.13,25.22,1900
PSCM,20110817,25.74,25.93,25.33,25.45,67400
PSCT,20110817,25.81,25.93,25.34,25.52,8600
PSCU,20110817,28.85,29.09,28.73,28.76,4500
PSDV,20110817,4.56,4.56,4.29,4.41,37500
PSEC,20110817,8.82,9.09,8.8,8.94,1648800
PSEM,20110817,7.32,7.51,7.25,7.35,37900
PSMT,20110817,55.95,56.11,53.52,55.35,158500
PSTB,20110817,3.96,4.11,3.96,4.03,27200
PSTI,20110817,2.73,2.75,2.62,2.65,76900
PSTR,20110817,4.52,5.46,4.52,5.28,63600
PSUN,20110817,2.16,2.22,2.15,2.21,563300
PTEK,20110817,1.13,1.15,1.12,1.12,3700
PTEN,20110817,26.77,26.98,26.16,26.6,2761600
PTIE,20110817,4.88,4.89,4.64,4.76,234500
PTIX,20110817,1.88,1.88,1.87,1.88,800
PTNR,20110817,11.5,11.71,11.36,11.45,261900
PTRY,20110817,11.64,12.37,11.56,12.17,387900
PTSI,20110817,9.49,10.27,9.49,10.04,7800
PTSX,20110817,0.69,0.69,0.69,0.69,0
PULB,20110817,6.79,6.8,6.56,6.58,2900
PURE,20110817,0.83,0.88,0.82,0.82,99000
PVFC,20110817,1.5,1.55,1.43,1.46,25700
PVTB,20110817,9.08,9.38,9.05,9.21,866300
PVTBP,20110817,26,26,25.5,25.95,7600
PWER,20110817,7.3,7.49,7.22,7.34,1844700
PWOD,20110817,34.53,34.53,33.88,34.46,2000
PWRD,20110817,17.63,18.37,17.63,18.1,959400
PWX,20110817,13.69,14.56,13.53,14.2,5100
PXLW,20110817,2.3,2.4,2.3,2.37,8800
PZZA,20110817,28.1,28.76,28.02,28.67,247800
PZZI,20110817,2.94,3.03,2.85,2.85,12800
QABA,20110817,20.9,20.9,20.72,20.88,900
QADA,20110817,10.74,10.79,10.24,10.37,14200
QADB,20110817,10.06,10.17,9.66,9.68,6600
QBAK,20110817,1.73,1.73,1.68,1.72,400
QCCO,20110817,3.9,3.95,3.9,3.95,2100
QCLN,20110817,12.5,12.5,12.11,12.17,3300
QCOM,20110817,50.94,51.45,49.97,51.01,14115300
QCOR,20110817,30.9,30.99,29.68,30.01,928100
QCRH,20110817,9.12,9.12,9.12,9.12,0
QDEL,20110817,13.63,14,13.48,13.65,116100
QGEN,20110817,15.45,15.6,15.05,15.22,1948100
QKLS,20110817,32.64,34.56,31.92,32.16,37300
QLGC,20110817,13.54,13.56,13.22,13.35,1044500
QLIK,20110817,28.36,28.81,27.53,27.81,1478500
QLTI,20110817,6.47,6.5,6.24,6.3,54300
QLTY,20110817,12.84,12.97,12.08,12.24,132200
QNST,20110817,12.69,12.72,12.09,12.27,234000
QQEW,20110817,22.8,22.9,22.33,22.5,99100
QQQ,20110817,53.98,54.42,53.02,53.58,84416500
QQQX,20110817,13.46,13.63,13.23,13.39,63700
QQXT,20110817,21.4,21.47,20.89,21.09,16900
QSII,20110817,40.915,41.345,40.295,40.71,111300
QTEC,20110817,22.74,22.89,22.23,22.45,191400
QTWW,20110817,3.4,3.4,3.2,3.28,233900
QUIK,20110817,2.85,2.93,2.67,2.71,124800
RADA,20110817,2.99,3.15,2.91,3.06,12800
RAIL,20110817,17.67,17.84,17.42,17.72,87200
RAND,20110817,2.7,2.7,2.7,2.7,300
RAVN,20110817,24.245,24.805,24,24.38,34800
RBCAA,20110817,17.33,17.81,17.32,17.43,17000
RBCN,20110817,14.01,14.26,13.25,13.69,364500
RBNF,20110817,2.87,2.88,2.71,2.87,3900
RBPAA,20110817,1.13,1.13,1.1,1.1,5500
RCII,20110817,24.6,24.71,23.67,24.26,687400
RCKB,20110817,9.29,9.37,9.17,9.27,60700
RCKY,20110817,12.05,12.19,11.72,11.73,10400
RCMT,20110817,4.76,4.77,4.58,4.69,5500
RCON,20110817,1.75,1.79,1.75,1.79,700
RDA,20110817,9.8,9.8,9.42,9.44,18300
RDCM,20110817,4.34,4.39,4.06,4.24,17200
RDEN,20110817,32.64,33.96,32.64,33.28,379600
RDI,20110817,4.32,4.47,4.32,4.42,42500
RDNT,20110817,2.72,2.81,2.62,2.67,158500
RDWR,20110817,14.69,14.805,14.02,14.255,250900
RECN,20110817,10.82,10.93,10.53,10.63,178500
REDF,20110817,8.92,9.12,8.16,8.34,492100
REFR,20110817,3.9,4.04,3.84,3.87,16300
REGN,20110817,56.26,57.41,54.51,55.92,2967300
REIS,20110817,9.3,9.43,9.25,9.43,800
RELL,20110817,14.12,14.32,14.04,14.26,60100
RELV,20110817,1.53,1.59,1.52,1.52,2800
RENT,20110817,12.99,13.18,12.72,12.75,50500
REXI,20110817,4.96,4.96,4.81,4.87,4400
REXX,20110817,12.54,12.8,12.4,12.57,507300
RFIL,20110817,3.85,3.93,3.78,3.84,28500
RFMD,20110817,5.67,5.79,5.5,5.64,5929300
RGCO,20110817,17.5,17.725,17.5,17.725,600
RGDX,20110817,2.27,2.27,2.27,2.27,2900
RGEN,20110817,3.4,3.41,3.34,3.37,12700
RGLD,20110817,69.15,69.98,68.2,68.74,464400
RICK,20110817,7.8,7.89,7.6,7.7,31000
RIGL,20110817,7.19,7.71,7.1,7.68,634200
RIMG,20110817,13.41,13.91,13.41,13.79,19700
RITT,20110817,5.05,5.51,4.75,4.94,45700
RIVR,20110817,16.26,16.26,16.26,16.26,2400
RJET,20110817,3.5,3.64,3.5,3.63,465000
RLOC,20110817,13.52,13.89,13.09,13.2,91200
RLOG,20110817,6.85,6.86,6.71,6.71,500
RMBS,20110817,11.81,12.09,11.62,11.75,1008500
RMCF,20110817,8.95,9,8.95,8.95,5500
RMKR,20110817,0.99,0.99,0.94,0.99,3000
RMTI,20110817,9.25,9.34,9.03,9.22,29900
RNET,20110817,14.3,15.01,14.3,14.62,20100
RNIN,20110817,6.3,6.3,5.8,6.2,20800
RNST,20110817,13.34,13.65,13.09,13.31,31500
RNWK,20110817,3.13,3.2,3.07,3.11,190800
ROCK,20110817,8.11,8.37,7.95,8.06,129500
ROCM,20110817,8.85,8.85,8.73,8.8,7600
ROIA,20110817,1.57,1.58,1.57,1.58,1400
ROIAK,20110817,1.52,1.6,1.52,1.57,73900
ROIC,20110817,11.12,11.15,10.93,11.13,115200
ROICW,20110817,0.69,0.7,0.67,0.7,14200
ROLL,20110817,34.51,34.75,33.86,34.15,63100
ROMA,20110817,8.81,9.26,8.7,9.03,21500
ROSE,20110817,47.76,49.2,46.93,47.14,737200
ROSG,20110817,16.95,17.85,16.65,17.25,23300
ROST,20110817,36.46,36.725,35.385,35.9,2409200
ROVI,20110817,46.51,48.18,45.92,46.65,1480700
ROYL,20110817,2.96,2.98,2.71,2.81,234100
RP,20110817,24.39,24.59,23.58,24,169200
RPRX,20110817,4.58,4.73,4.54,4.73,21000
RPTP,20110817,4.67,4.68,4.43,4.62,576300
RPXC,20110817,24.48,25.52,24.47,25.23,120700
RRD,20110817,14.83,14.95,14.51,14.68,2617400
RRGB,20110817,32.78,33.16,30.91,31.28,570500
RRST,20110817,5.9,5.9,5.9,5.9,7000
RSOL,20110817,2.54,2.6,2.5,2.5,19800
RSTI,20110817,24.52,24.68,23.7,24,180500
RSYS,20110817,7.66,7.75,7.55,7.67,23500
RTEC,20110817,7.53,7.77,7.35,7.56,279100
RTIX,20110817,3.35,3.6,3.35,3.53,570200
RUE,20110817,29.26,29.72,27.17,27.74,232000
RUSHA,20110817,16.19,16.23,15.9,16.15,66900
RUSHB,20110817,13.23,13.36,13.23,13.28,700
RUTH,20110817,5.03,5.15,4.8,4.97,149300
RVBD,20110817,24.96,25.26,23.97,24.37,3962300
RVSB,20110817,2.69,2.75,2.66,2.7,11100
RYAAY,20110817,27.23,27.35,26.7,27.05,123900
SAAS,20110817,3.63,3.77,3.55,3.62,62700
SAFM,20110817,43.08,43.32,42.6,42.85,175100
SAFT,20110817,39.17,39.54,39.12,39.33,33400
SAIA,20110817,12.47,12.77,12.44,12.55,49900
SALM,20110817,2.97,2.98,2.83,2.84,700
SANM,20110817,8.63,8.75,8.42,8.55,570300
SANW,20110817,4.98,4.98,4.45,4.59,10500
SANWW,20110817,0.65,0.65,0.65,0.65,0
SANWZ,20110817,0.2,0.2,0.2,0.2,1300
SAPE,20110817,11.25,11.33,10.91,11.08,1005200
SASR,20110817,15.05,15.23,14.81,14.94,77300
SATS,20110817,25.24,25.27,24.3,24.61,215000
SAVE,20110817,11.18,12.4,11.18,12.11,100200
SBAC,20110817,35.7,36.03,35.59,35.96,1784100
SBBX,20110817,5.24,5.5,5.19,5.5,5000
SBCF,20110817,1.36,1.46,1.29,1.45,437500
SBGI,20110817,7.74,8.28,7.69,8.21,594700
SBLK,20110817,23.55,23.55,22.8,23.25,167700
SBNY,20110817,53.61,54.08,52.83,53.48,207300
SBNYW,20110817,31,31,31,31,0
SBRA,20110817,11.51,11.71,11.3,11.57,337500
SBSA,20110817,3.36,3.66,3.31,3.59,16700
SBSI,20110817,20.1,20.43,19.87,20,25000
SBUX,20110817,39,39.51,38.08,38.7,6360700
SCBT,20110817,27.94,29.18,27.94,28.85,26900
SCHL,20110817,26.33,26.52,25.72,26.15,48000
SCHN,20110817,43.88,44.14,42.42,42.87,260700
SCLN,20110817,5.02,5.09,4.86,4.93,423400
SCMP,20110817,3.33,3.34,3.22,3.25,12400
SCOK,20110817,3.92,3.96,3.79,3.81,19100
SCON,20110817,19.92,19.92,18.36,18.96,36400
SCOR,20110817,15.24,15.37,14.99,15.22,342100
SCSC,20110817,32.59,32.79,31.58,31.99,78600
SCSS,20110817,14.87,15.15,14.07,14.16,607300
SCVL,20110817,19.0133,19.26,18.1267,18.5467,32100
SDBT,20110817,2.31,2.31,2.31,2.31,0
SDIX,20110817,1.85,1.85,1.8,1.82,4800
SEAC,20110817,7.72,7.9,7.58,7.89,63200
SEED,20110817,3.66,3.68,3.4,3.52,91400
SEIC,20110817,17.37,17.43,16.92,17.14,894100
SENEA,20110817,20.64,21.01,20.6,20.95,14300
SENEB,20110817,20.78,20.78,20.78,20.78,200
SEV,20110817,6.43,6.43,6.43,6.43,0
SFLY,20110817,47.82,49.88,45.9,46.69,493400
SFNC,20110817,21.87,22.22,21.86,22.04,30500
SFST,20110817,7.9,8.05,7.87,7.87,1800
SGC,20110817,10.98,10.98,10.98,10.98,0
SGEN,20110817,15.43,15.54,14.67,14.8,1730500
SGI,20110817,13.09,13.13,12.61,12.87,301200
SGMA,20110817,4.26,4.28,4.26,4.28,1000
SGMO,20110817,5.17,5.36,4.93,5.13,517700
SGMS,20110817,8.91,9.38,8.91,9.04,1020300
SGNT,20110817,21.12,21.87,20,20.6,50900
SGOC,20110817,3.88,3.88,3.09,3.46,20600
SGRP,20110817,1.04,1.19,1.04,1.19,5500
SHBI,20110817,5.61,5.74,5.49,5.74,5700
SHEN,20110817,13.57,13.98,13.5,13.73,27600
SHFL,20110817,8.1,8.15,7.93,8.08,240700
SHIP,20110817,3.76,3.76,3.76,3.76,0
SHLD,20110817,61.77,63.6,58.84,60.14,525700
SHLM,20110817,18.44,18.52,17.9,18.02,82200
SHLO,20110817,10.05,10.05,9.53,9.63,8200
SHOO,20110817,35.35,35.35,33.17,33.34,461700
SHOR,20110817,7.8,8.06,7.78,7.93,270200
SIAL,20110817,63.96,64.92,62.63,63.17,1011000
SIBC,20110817,11.36,11.5,11.36,11.5,1500
SIEB,20110817,1.55,1.55,1.55,1.55,1000
SIFI,20110817,9.41,9.46,9.41,9.46,300
SIFY,20110817,4.7,4.73,4.42,4.53,526500
SIGA,20110817,5.79,5.99,5.66,5.78,393900
SIGI,20110817,14.87,15.03,14.68,14.91,171100
SIGM,20110817,8.37,8.56,8.28,8.37,142300
SILC,20110817,14.26,14.37,14.07,14.11,13900
SIMG,20110817,5.41,5.52,5.36,5.44,861400
SIMO,20110817,11.24,11.51,11.02,11.14,283800
SINA,20110817,97.88,100.62,92.37,92.9,6126800
SINO,20110817,3.9,3.92,3.65,3.82,36200
SIRI,20110817,1.93,1.95,1.91,1.92,94117800
SIRO,20110817,45.68,46.58,44.97,45.26,182400
SIVB,20110817,45.99,46.69,45.35,45.69,324900
SIVBO,20110817,24.51,24.51,24.51,24.51,0
SKBI,20110817,3.27,3.42,3.12,3.28,5600
SKUL,20110817,16.2,17.68,15.8,16.72,1083000
SKYW,20110817,13.09,13.18,12.92,13.01,459100
SKYY,20110817,17.39,17.39,16.7,16.89,65500
SLAB,20110817,33.5,34.22,33.11,33.39,494800
SLGN,20110817,37.37,37.9,37.09,37.33,415800
SLMAP,20110817,43.84,44.4,43.51,44.25,5300
SLP,20110817,3.09,3.11,3.01,3.05,6600
SLRC,20110817,22.3,22.45,21.87,22.11,159900
SLTC,20110817,5.14,5.14,5.14,5.14,0
SLTM,20110817,1.52,1.55,1.4,1.43,76700
SLXP,20110817,31.62,32.2,30.69,31.26,565900
SMBC,20110817,21.75,21.75,21.75,21.75,300
SMCI,20110817,13.92,14.24,13.71,13.99,166400
SMED,20110817,3.2,3.5,3.06,3.5,36600
SMIT,20110817,3.46,3.46,3.46,3.46,300
SMMF,20110817,3.19,3.3,3,3.01,1200
SMRT,20110817,7.64,7.64,7.25,7.38,168800
SMSI,20110817,1.93,2,1.88,1.9,257400
SMT,20110817,4.78,4.91,4.72,4.82,164600
SMTC,20110817,21.2,21.48,20.68,20.9,368100
SMTX,20110817,1.55,1.55,1.4,1.46,66000
SNAK,20110817,4.17,4.17,4.01,4.05,30900
SNBC,20110817,2.6,3.1,2.57,3,514100
SNCR,20110817,28.91,29.01,27.5,27.63,292100
SNDK,20110817,37.01,37.6,35.9,36.26,7795800
SNFCA,20110817,1.5,1.5,1.2,1.31,7700
SNHY,20110817,24.92,25.11,24.02,24.56,63200
SNMX,20110817,4.1,4.44,4.1,4.25,144900
SNPS,20110817,22.67,23.51,22.66,23.44,2509600
SNSS,20110817,1.5,1.57,1.5,1.54,123700
SNTA,20110817,4.03,4.13,3.81,4,149200
SNTS,20110817,2.64,2.7,2.54,2.62,200700
SOCB,20110817,2.07,2.19,2.03,2.03,900
SODA,20110817,40,40,35.52,38.8,6163800
SOFO,20110817,11.77,11.8,11.6,11.69,3700
SOHU,20110817,79.66,79.66,75.44,76.25,1354800
SOMH,20110817,7.82,7.82,7.82,7.82,800
SONA,20110817,7.07,7.07,6.9,7.04,4700
SONC,20110817,9.57,9.69,9.51,9.62,501500
SONS,20110817,2.51,2.51,2.38,2.45,1393700
SORL,20110817,3.55,3.64,3.35,3.5,258200
SOXX,20110817,48.05,48.97,47.46,47.92,209100
SPAN,20110817,13.94,14,13.92,14,1100
SPAR,20110817,4.79,4.82,4.54,4.7,114000
SPBC,20110817,10.8,11.46,10.8,11.36,1800
SPCHA,20110817,1.81,1.93,1.8,1.8,57600
SPCHB,20110817,2.02,2.02,1.88,1.94,600
SPEX,20110817,30.6,31.2,28.8,29.6,10500
SPIL,20110817,4.32,4.35,4.25,4.28,1458600
SPIR,20110817,1.9,1.92,1.86,1.89,6200
SPLS,20110817,15.4,15.47,13.91,14.29,40977500
SPMD,20110817,2.1,2.25,2.04,2.19,131500
SPNC,20110817,6.06,6.44,6.05,6.35,117100
SPNS,20110817,3.85,4.37,3.8,4.29,34700
SPPI,20110817,8.99,9.22,8.81,8.93,584100
SPPR,20110817,0.94,0.96,0.91,0.92,20300
SPPRO,20110817,21,21,20.96,21,4700
SPPRP,20110817,8.1,8.4,8.1,8.4,500
SPRD,20110817,15.58,15.95,15.31,15.73,746900
SPRO,20110817,2.2,2.21,2.17,2.19,5700
SPRT,20110817,2.86,2.95,2.85,2.91,308600
SPSC,20110817,17.61,17.85,17.17,17.4,38300
SPTN,20110817,15.19,15.24,14.89,15.12,75000
SPU,20110817,2.38,2.51,2.3,2.51,48000
SQI,20110817,14.97,15.19,13.69,14.43,93700
SQNM,20110817,5.88,5.97,5.73,5.77,1422600
SQQQ,20110817,106.36,111.84,103.6,108.68,1952300
SRCE,20110817,21.17,21.61,21.1,21.44,24100
SRCL,20110817,80.94,82.14,80.31,80.8,488100
SRDX,20110817,10.76,10.86,10.44,10.71,25900
SREV,20110817,17.12,17.52,17.02,17.25,318400
SSBI,20110817,6.3,6.3,5.96,6.02,5400
SSFN,20110817,5.75,6,5.75,6,2700
SSNC,20110817,17.23,17.48,16.7,16.95,69000
SSRI,20110817,27.35,27.79,26.5,26.88,850500
SSRX,20110817,15.03,15.31,14.89,15.03,53500
SSYS,20110817,24.66,25.5,24.53,25.27,360000
STAA,20110817,6.56,6.79,6.53,6.71,274400
STAN,20110817,16.59,16.59,15.74,15.81,30900
STBA,20110817,16.41,16.68,16.15,16.35,48200
STBZ,20110817,14.25,15.1,14.25,14.3,37000
STEC,20110817,9.85,9.95,9.32,9.49,1693200
STEI,20110817,5.87,5.99,5.8,5.87,369600
STEL,20110817,10.59,10.87,10.44,10.48,16200
STEM,20110817,2.35,2.4,2.25,2.25,48600
STFC,20110817,15.37,15.4,15.01,15.08,30900
STKL,20110817,5.46,5.53,5.25,5.31,328100
STLD,20110817,12.62,12.83,12.55,12.6,2464700
STLY,20110817,3.41,3.71,3.27,3.4,14200
STMP,20110817,16,16.14,15.9,16.03,66300
STND,20110817,14.61,14.61,14.61,14.61,500
STNR,20110817,43.26,43.3,42.66,43.19,62900
STRA,20110817,101.92,104.14,99.32,99.83,179000
STRL,20110817,12.12,12.44,12.07,12.24,62700
STRM,20110817,1.88,1.98,1.81,1.84,900
STRN,20110817,5.01,5.03,4.98,5.03,2500
STRS,20110817,10.11,10.11,10.11,10.11,0
STRT,20110817,23.46,23.46,23.46,23.46,0
STSA,20110817,13.55,13.85,13.46,13.78,91200
STX,20110817,12.15,12.24,11.28,11.7,8959800
STXS,20110817,10.8,11.3,10.2,10.3,1612000
SUBK,20110817,8.9,9.06,8.81,8.88,33500
SUMR,20110817,7.21,7.39,7.02,7.15,20300
SUNS,20110817,16.35,16.35,15.4,15.42,48800
SUPX,20110817,18.84,19.14,18.55,18.7,50900
SURG,20110817,5.36,5.36,5.01,5.05,75400
SUSQ,20110817,6.31,6.47,6.28,6.32,863400
SUTR,20110817,0.98,1.05,0.97,1.02,104600
SVA,20110817,2.19,2.2,2.13,2.13,54500
SVBI,20110817,2.6,2.75,2.6,2.73,800
SVNT,20110817,4.42,4.61,4.21,4.26,1430600
SVVC,20110817,16.35,17.24,16.32,16.62,1900
SWHC,20110817,2.85,2.91,2.8,2.82,173100
SWIR,20110817,7.51,7.64,7.44,7.57,117900
SWKS,20110817,21.56,22.16,21.09,21.36,2921000
SWSH,20110817,4.25,4.43,4.11,4.31,761400
SYBT,20110817,20.3,20.85,20.29,20.72,7900
SYBTP,20110817,11.22,11.45,11.08,11.45,6900
SYKE,20110817,14.14,14.42,13.98,14.14,619700
SYMC,20110817,16.95,17.08,16.59,16.78,9095400
SYMM,20110817,5.14,5.3,4.99,5.28,79000
SYMX,20110817,2.04,2.04,1.92,1.95,136000
SYNA,20110817,24.42,24.52,24,24.29,245400
SYNL,20110817,10.09,10.64,9.99,10.3,4800
SYNM,20110817,11.2,11.8,10.9,11.1,668900
SYNT,20110817,48.48,48.84,47.19,47.5,199200
SYPR,20110817,3.4,3.4,3.17,3.23,4500
SYUT,20110817,7.61,7.84,7.51,7.58,20200
SZYM,20110817,17.22,17.5,16.33,16.45,225000
TACT,20110817,9,9.38,8.95,9.11,9800
TAIT,20110817,1.14,1.14,1.14,1.14,100
TASR,20110817,4.02,4.14,4,4.07,364500
TAST,20110817,8.97,9.1,8.88,8.92,25700
TATT,20110817,5.2,5.2,5.04,5.05,1800
TAXI,20110817,9.36,9.47,9.19,9.33,49900
TAYC,20110817,7.35,7.35,7.01,7.03,37800
TAYCP,20110817,20.01,20.01,20.01,20.01,1600
TAYD,20110817,5.06,5.25,5.06,5.15,3100
TBAC,20110817,1.94,1.95,1.85,1.88,700
TBBK,20110817,7.5,7.59,7.36,7.46,38500
TBNK,20110817,19.58,19.77,19.45,19.58,6300
TBOW,20110817,3.75,3.75,3.53,3.53,1600
TCBI,20110817,24.49,25.23,24.48,24.74,144200
TCBIW,20110817,13.28,13.28,13.28,13.28,0
TCBK,20110817,12.45,12.83,12.45,12.5,12800
TCCO,20110817,7.15,7.26,7.12,7.22,8200
TCRD,20110817,12,12.12,11.68,11.72,24400
TEAR,20110817,1.53,1.55,1.46,1.46,2100
TECD,20110817,43.22,43.6,41.36,42.51,703800
TECH,20110817,73.43,74.11,72.21,72.75,113900
TECUA,20110817,8.04,8.24,7.97,8.02,16000
TECUB,20110817,8.03,8.03,8.03,8.03,100
TELK,20110817,12.6,13.5,11.7,12,76700
TESO,20110817,15.44,15.75,15.09,15.34,134500
TESS,20110817,14.55,14.69,13.5,14.06,70600
TFCO,20110817,3.9,3.9,3.9,3.9,0
TFM,20110817,33.34,33.99,32.59,33.23,404900
TFSL,20110817,8.93,8.94,8.77,8.84,248500
TGA,20110817,9.58,9.8,9.25,9.38,103500
TGE,20110817,6.46,6.6,6.05,6.46,21000
THFF,20110817,29.9,30.38,29.5,29.78,16000
THLD,20110817,1.31,1.38,1.29,1.34,157800
THOR,20110817,32.24,32.24,31.45,31.93,627100
THRD,20110817,21.22,21.72,21.22,21.72,1600
THRX,20110817,19.86,20.34,19,19.26,184600
THTI,20110817,2.62,2.8,2.35,2.59,3900
TIBX,20110817,23.06,23.06,21.83,21.96,5237300
TICC,20110817,9.26,9.4,9.21,9.35,173000
TIGR,20110817,3.01,3.05,2.9,3,6300
TINY,20110817,4.34,4.39,4.21,4.3,87300
TISA,20110817,2,2.14,1.94,2,115800
TITN,20110817,24.25,24.58,22.5,23.12,537400
TIVO,20110817,8.87,8.91,8.48,8.59,3125800
TKMR,20110817,2.36,2.36,2.15,2.16,1700
TLAB,20110817,4.01,4.11,3.97,3.98,4965900
TLF,20110817,4.64,4.75,4.64,4.64,3300
TMNG,20110817,2.4,2.4,2.21,2.4,3600
TNAV,20110817,9.26,9.6,9.08,9.21,227600
TNGO,20110817,9.17,9.57,8.91,9.43,56100
TOFC,20110817,8.5,9,8.25,8.91,17300
TOPS,20110817,2.68,2.68,2.41,2.5,9200
TORM,20110817,15.53,15.9,15.52,15.71,2000
TOWN,20110817,11.19,11.43,11.19,11.31,31200
TPGI,20110817,2.74,2.78,2.63,2.63,99300
TQNT,20110817,7.48,7.64,7.36,7.52,2516100
TQQQ,20110817,33.005,33.97,31.44,32.445,1108400
TRAK,20110817,18.61,19.09,18.56,18.83,261100
TREE,20110817,5.5,5.64,5.5,5.53,17800
TRGT,20110817,15.19,15.69,15.11,15.49,185100
TRIB,20110817,10.75,10.86,10.65,10.77,46200
TRIT,20110817,4.74,4.98,4.58,4.63,52500
TRLG,20110817,31.52,31.75,29.66,30.01,296700
TRMB,20110817,18.38,18.55,17.78,18.045,296100
TRMD,20110817,26,27,25.6,25.7,8000
TRMK,20110817,20.7,20.88,20.42,20.65,352800
TRNS,20110817,11.57,11.57,11.57,11.57,200
TRNX,20110817,22.78,23.21,22.62,22.91,27300
TROW,20110817,51.4,51.76,50.66,50.98,2851900
TRS,20110817,20.13,20.47,19.62,19.79,207200
TRST,20110817,4.3,4.38,4.28,4.31,181500
TSBK,20110817,5.26,5.26,5.1,5.11,2700
TSCO,20110817,59.34,59.62,57.4,58.19,672000
TSEM,20110817,12.15,12.6,12.15,12.3,289700
TSLA,20110817,26.39,26.65,25.51,25.83,643700
TSON,20110817,4.79,4.85,4.68,4.77,91900
TSPT,20110817,3.05,3.09,2.92,2.97,96400
TSRA,20110817,13.52,13.95,13.47,13.62,551800
TSRI,20110817,4.43,4.49,4.43,4.48,1000
TSRX,20110817,6.79,6.85,6.51,6.81,56600
TST,20110817,2.36,2.38,2.26,2.3,130400
TSTC,20110817,5.24,5.4,5.18,5.25,56900
TSYS,20110817,4.26,4.28,4.06,4.09,310700
TTEC,20110817,16.85,17.15,16.85,17.1,229800
TTEK,20110817,19.6,19.85,19.31,19.5,228100
TTGT,20110817,6.26,6.44,6.16,6.33,64100
TTHI,20110817,2.23,2.3,2.2,2.25,15700
TTMI,20110817,11.13,11.28,10.97,11.09,626500
TTWO,20110817,11.66,11.74,11.42,11.59,1077800
TUES,20110817,3.9,3.96,3.69,3.76,143000
TWER,20110817,3.48,3.48,3.25,3.25,335500
TWGP,20110817,23.08,23.24,22.92,23.12,215900
TWIN,20110817,36.16,37.02,34.79,35.88,63200
TWMC,20110817,1.87,1.94,1.87,1.92,4600
TWTC,20110817,18.79,18.99,18.57,18.64,721500
TXCC,20110817,2.62,2.65,2.5,2.53,91700
TXN,20110817,26.7,27.5,26.56,26.93,9162000
TXRH,20110817,14.34,14.43,14.09,14.38,673700
TYPE,20110817,11.29,11.4,11,11.26,128100
TZOO,20110817,41.75,41.75,36.36,36.83,2214700
TZYM,20110817,3.5,3.65,3.5,3.64,2800
UACL,20110817,13.25,13.25,12.85,12.92,8100
UBCP,20110817,8.86,8.86,8.67,8.67,1300
UBFO,20110817,3.11,3.11,3.11,3.11,300
UBNK,20110817,15.05,15.27,15,15.12,19800
UBOH,20110817,9.1,9.1,9.1,9.1,100
UBPS,20110817,5.75,5.75,5.75,5.75,0
UBSH,20110817,10.96,11.19,10.85,11.07,36600
UBSI,20110817,21.22,21.68,21.16,21.33,178100
UCBA,20110817,6.15,6.3,6.15,6.3,1900
UCBI,20110817,9.26,9.91,9.26,9.79,153200
UCFC,20110817,1.03,1.08,0.98,0.98,7500
UCTT,20110817,5.72,5.72,5.46,5.6,121500
UEIC,20110817,18.13,18.78,17.91,18.67,78900
UEPS,20110817,7.15,7.29,7.05,7.09,51300
UFCS,20110817,16.16,16.68,16.16,16.42,36200
UFPI,20110817,27.19,27.96,26.53,26.9,62800
UFPT,20110817,17.13,17.13,16.79,16.88,6000
UG,20110817,13.74,14,13.74,13.77,1300
UHAL,20110817,75.23,75.53,72.08,74.52,22900
ULBI,20110817,4.9,5,4.89,4.89,15100
ULGX,20110817,0.83,0.9,0.83,0.88,5700
ULTA,20110817,55.97,56.37,52.37,53.31,980900
ULTI,20110817,50,50.94,49.03,49.73,400600
ULTR,20110817,3.66,3.83,3.66,3.71,35900
UMBF,20110817,36.65,37.34,36.64,37.01,99400
UMPQ,20110817,9.9,10.02,9.73,9.85,475100
UNAM,20110817,10.19,10.42,9.78,10.35,2300
UNB,20110817,19.59,19.7,19.5,19.5,1200
UNFI,20110817,39.32,40.22,39.32,39.55,259000
UNIS,20110817,3.79,4.25,3.79,4.21,283000
UNTD,20110817,5.23,5.26,5.1,5.14,458300
UNTK,20110817,5.36,5.74,5.14,5.2,233200
UNTY,20110817,6.45,6.68,6.45,6.65,5600
UNXL,20110817,6.02,6.19,5.95,5.96,11500
UPI,20110817,5.75,5.9,5.44,5.67,103100
URBN,20110817,27.83,28.04,26.34,27,6044600
URRE,20110817,13.3,13.6,12,12.7,1591800
USAK,20110817,10.98,11.03,10.88,10.94,5800
USAP,20110817,36.01,37.63,35.72,36.14,79400
USAT,20110817,1.94,1.98,1.82,1.88,199300
USATP,20110817,18.75,18.75,18.75,18.75,0
USATZ,20110817,1.17,1.17,1.17,1.17,0
USBI,20110817,6.63,6.7,6,6.51,2100
USCR,20110817,6.7,6.7,6.21,6.21,6600
USEG,20110817,2.95,3,2.84,2.87,117900
USLM,20110817,41.48,41.48,40.52,40.6,4000
USMO,20110817,15.01,15.5,14.93,15.47,137100
USTR,20110817,28.67,28.93,28.06,28.41,239300
UTEK,20110817,23.56,24.12,23.2,23.36,396500
UTHR,20110817,51.45,51.98,50.6,50.96,713300
UTIW,20110817,13.9,13.97,13.29,13.38,410000
UTMD,20110817,25.57,26.2,25.57,25.7,16300
UTSI,20110817,4.29,4.32,4.02,4.11,203800
UVSP,20110817,13.55,13.63,13.26,13.42,29300
VALU,20110817,10.45,10.5,10.4,10.43,1200
VALV,20110817,2.05,2.41,2.05,2.2,985900
VASC,20110817,12.33,12.33,12.07,12.19,29300
VBFC,20110817,2.4,2.4,2.35,2.35,400
VCBI,20110817,5.78,6,5.74,5.83,77000
VCIT,20110817,82.66,83.24,82.63,83.23,85300
VCLK,20110817,14.84,15.05,14.57,14.67,1275600
VCLT,20110817,82.92,83.94,82.71,83.94,30500
VCSH,20110817,78.68,78.72,78.55,78.68,371900
VDSI,20110817,7.8,8.13,7.8,8.01,169300
VECO,20110817,34.99,35.01,33.75,34.51,2865400
VELT,20110817,13.17,13.17,12.33,12.88,247800
VGIT,20110817,65.21,65.49,65.15,65.15,21000
VGLT,20110817,68.03,68.88,67.9,68.88,12900
VGSH,20110817,61.18,61.18,61.13,61.14,10400
VIA,20110817,54.76,55.12,53.7,54.33,66800
VIAB,20110817,45.48,45.84,44.99,45.48,3613500
VIAS,20110817,18.55,18.96,18.34,18.65,7600
VICL,20110817,3.81,3.89,3.7,3.75,383300
VICR,20110817,10.97,11.22,10.72,11,62600
VIDE,20110817,3.99,3.99,3.99,3.99,100
VIFL,20110817,6.41,6.65,6.25,6.4,1800
VIMC,20110817,1.48,1.52,1.48,1.48,3200
VIRC,20110817,2.3,2.3,2.26,2.26,1000
VISN,20110817,40.4,41.2,38.4,38.8,251600
VITC,20110817,4.8,5.14,4.78,4.85,65800
VIVO,20110817,18.77,18.8,18.13,18.25,211900
VLCCF,20110817,17.99,18.86,17.76,18.72,167200
VLGEA,20110817,25.95,25.99,25.28,25.37,17300
VLTR,20110817,23.27,23.66,22.8,23.18,140900
VLYWW,20110817,2.42,2.42,2.42,2.42,0
VMBS,20110817,52.53,52.53,52.13,52.38,7900
VMED,20110817,25.27,25.84,25.08,25.33,4671700
VNDA,20110817,5.69,5.8,5.49,5.58,130700
VNET,20110817,12.13,12.13,11.11,11.19,38900
VNQI,20110817,47.86,48.26,47.39,47.65,212100
VOCS,20110817,21.57,21.83,20.97,21.2,198600
VOD,20110817,27.8,28.09,27.61,27.86,6763500
VOLC,20110817,29.09,29.67,28.7,28.94,238100
VONE,20110817,55.05,55.43,54.33,54.69,17900
VONG,20110817,56.71,56.81,56.53,56.81,1200
VONV,20110817,52.9,53.21,52.44,52.61,4500
VOXX,20110817,6.28,6.41,5.93,6.21,332700
VPFG,20110817,12.1,12.19,11.88,12.01,63600
VPHM,20110817,18.08,18.94,18.08,18.5,773400
VPRT,20110817,28.05,28.31,26.87,27.17,647200
VRA,20110817,30.42,30.43,27.95,28.08,757900
VRML,20110817,3.05,3.14,2.92,3.03,113000
VRNM,20110817,1.95,2,1.94,1.98,15300
VRNT,20110817,27.68,27.79,26.85,27.47,99700
VRSK,20110817,32.56,32.98,32.08,32.39,580800
VRSN,20110817,30.84,31.18,30.18,30.55,2206800
VRTA,20110817,0.97,1.29,0.9,1.29,7900
VRTB,20110817,1.11,1.27,1.11,1.27,21700
VRTS,20110817,62.03,62.03,60.3,60.37,17100
VRTU,20110817,14.73,14.74,14.22,14.61,44800
VRTX,20110817,46.76,47.81,45.8,46.65,1668000
VSAT,20110817,35.06,35.4,34.17,34.66,346000
VSBN,20110817,10.87,10.87,10.87,10.87,0
VSCI,20110817,2.4,2.45,2.4,2.45,16400
VSCP,20110817,1.3,1.38,1.29,1.38,94400
VSEC,20110817,23.05,24.42,23,24.18,18200
VTHR,20110817,55.36,55.42,54.39,54.65,13700
VTNC,20110817,7.5,7.63,7.15,7.2,61800
VTSS,20110817,3.55,3.6,3.44,3.5,106500
VTUS,20110817,10.88,10.99,10.01,10.07,62700
VTWG,20110817,57.73,57.73,57.73,57.73,300
VTWO,20110817,56.23,56.4,55.47,55.85,6800
VTWV,20110817,53.97,54.04,53.2,53.59,1100
VVTV,20110817,3.75,3.87,3.66,3.69,1111200
VVUS,20110817,7.74,7.78,7.35,7.49,1001500
VXUS,20110817,46.09,46.52,45.74,45.95,85600
VYFC,20110817,4.65,4.65,4.65,4.65,0
WABC,20110817,40.84,41.3,40.07,40.47,99400
WAFD,20110817,15.01,15.06,14.79,14.95,359600
WASH,20110817,20.49,20.92,20.37,20.43,9000
WAVX,20110817,2.56,2.66,2.46,2.56,236300
WAYN,20110817,8.35,8.42,8.35,8.42,400
WBCO,20110817,11.29,11.64,11.29,11.61,34500
WBKC,20110817,14.04,14.04,14.04,14.04,0
WBMD,20110817,34.92,35.51,34.49,34.76,768300
WBSN,20110817,20.77,21.18,20.39,20.78,166500
WCRX,20110817,17.28,17.78,16.89,17.1,2290200
WDC,20110817,31.35,31.36,29.56,30,4125900
WDFC,20110817,40.93,41.04,40.38,40.62,37200
WEBM,20110817,5.88,6.09,5.6,5.95,14500
WERN,20110817,22.42,22.53,21.55,21.8,726300
WETF,20110817,8,8.11,7.81,7.99,138400
WEYS,20110817,22.6,23.07,22.45,22.58,10900
WFD,20110817,7.33,7.46,7.29,7.31,28500
WFM,20110817,60.4,62.16,60.16,62.04,3450200
WIBC,20110817,2.93,3.18,2.93,3.09,887500
WIFI,20110817,8.99,9.03,8.7,8.96,119800
WILC,20110817,5.95,6,5.8,5.8,21700
WILN,20110817,7.06,7.23,6.97,7.22,201500
WIN,20110817,12,12.19,12,12.11,5094100
WINA,20110817,44.64,45.38,44.38,44.9,9300
WIRE,20110817,21.01,21.41,20.87,21.3,73100
WLB,20110817,11.39,11.42,10.81,10.91,17900
WLBPZ,20110817,23.87,23.9,23.87,23.9,400
WLDN,20110817,3.73,3.73,3.73,3.73,0
WLFC,20110817,12.46,12.9,12.46,12.67,6100
WMAR,20110817,9.1,9.5,9.1,9.45,32000
WMGI,20110817,14.74,14.86,14.47,14.65,366800
WOOD,20110817,38.05,38.23,37.7,37.82,26200
WOOF,20110817,17.72,17.86,17.29,17.42,935500
WPCS,20110817,2.36,2.4,2.27,2.27,11400
WPPGY,20110817,51.96,52.36,51.28,51.52,36400
WPRT,20110817,23.75,24.37,23.05,23.27,459200
WRES,20110817,3.46,3.53,3.36,3.44,206900
WRLD,20110817,64.79,65.9,64.27,65.03,286400
WRLS,20110817,6.17,6.17,6.03,6.08,11100
WSB,20110817,2.3,2.3,2.3,2.3,0
WSBC,20110817,17.56,18.2,17.42,18.03,63200
WSBF,20110817,2.7,2.76,2.58,2.76,6100
WSCI,20110817,5.26,5.26,5,5.25,14600
WSFS,20110817,33.91,35,33.6,34.14,17100
WSTG,20110817,12.6,12.87,11.8,12.01,11000
WSTL,20110817,2.52,2.54,2.46,2.49,162800
WTBA,20110817,8.25,8.51,8.25,8.34,16500
WTFC,20110817,28.51,29.44,28.45,29.12,333300
WTFCW,20110817,13.4,13.4,13.4,13.4,1100
WVFC,20110817,9.01,9.01,9.01,9.01,100
WVVI,20110817,3.05,3.05,3.05,3.05,100
WWD,20110817,30.09,30.29,29.54,29.85,168400
WWWW,20110817,9.81,9.92,9.25,9.45,327300
WYNN,20110817,147.87,150.4,145.68,147.6,2877500
XBKS,20110817,3.56,3.56,3.5,3.5,16100
XIDE,20110817,5.34,5.39,5.06,5.12,772400
XLNX,20110817,30.16,30.77,29.9,30.22,3784100
XNPT,20110817,7.51,7.79,7.39,7.57,382100
XOMA,20110817,2.28,2.32,2.07,2.13,1013800
XRAY,20110817,33.45,33.97,32.94,33.2,2008800
XRTX,20110817,8.8,9.01,8.75,8.98,196700
XTEX,20110817,16.5,16.68,16.04,16.16,104100
XTXI,20110817,10.46,10.46,9.96,10.06,1177400
XWES,20110817,3.74,3.74,3.74,3.74,0
XXIA,20110817,8.7,8.76,8.4,8.57,266100
YAVY,20110817,1.75,1.78,1.67,1.77,9600
YHOO,20110817,13.49,13.62,13.32,13.47,17008000
YNDX,20110817,30.15,30.4,29.53,30.01,1200500
YORW,20110817,17.5,17.5,16.94,17.02,20200
YRCW,20110817,0.76,0.79,0.72,0.72,1458700
Z,20110817,24.03,24.25,23.81,24.14,59400
ZAGG,20110817,15.4,15.75,14.9,15.02,1078600
ZBRA,20110817,34.94,35.45,34.06,34.62,206300
ZEUS,20110817,20.55,20.74,19.82,20.12,66900
ZGNX,20110817,4.17,4.37,3.8,4.07,174500
ZHNE,20110817,1.71,1.72,1.63,1.65,84500
ZIGO,20110817,10.52,10.62,10.06,10.14,22900
ZINC,20110817,9.81,9.99,9.46,9.81,660700
ZION,20110817,16.96,17.32,16.79,17.03,3141100
ZIONW,20110817,3.48,3.48,3.48,3.48,12500
ZIOP,20110817,5.1,5.19,4.95,5.02,433900
ZIPR,20110817,2.24,2.24,2.24,2.24,400
ZIXI,20110817,3.34,3.4,3.19,3.26,540800
ZLCS,20110817,1.72,1.8,1.69,1.75,1071800
ZN,20110817,3.4,3.59,3.36,3.45,113500
ZOLT,20110817,8.57,8.79,8.38,8.64,244900
ZOOM,20110817,2.2,2.33,2.14,2.23,85700
ZUMZ,20110817,19.49,19.84,18.27,18.52,521300
