<ticker>,<date>,<open>,<high>,<low>,<close>,<vol>
AACC,20111114,3.09,3.17,3.04,3.07,9700
AAME,20111114,1.79,1.81,1.76,1.81,14100
AAON,20111114,21.41,22.15,21.28,21.47,46100
AAPL,20111114,383.52,385.25,378.2,379.26,15466500
AAWW,20111114,38.12,38.24,36.8,37.46,242300
AAXJ,20111114,53.3,53.33,52.57,52.95,380300
ABAX,20111114,26.93,27.03,26.52,26.69,68500
ABCB,20111114,10.18,10.18,9.9,10.05,49200
ABCD,20111114,3.4,3.4,3.03,3.12,89300
ABCO,20111114,35.525,35.685,35,35.16,165000
ABFS,20111114,21.07,21.48,20.54,20.85,444100
ABIO,20111114,7.14,7.44,6.6,7.2,29900
ABMD,20111114,19.34,19.53,18.46,18.67,350600
ABTL,20111114,4.25,4.35,4.05,4.15,278000
ACAD,20111114,1.12,1.12,1.08,1.1,64000
ACAS,20111114,7.28,7.4,7.21,7.34,3339800
ACAT,20111114,20.45,20.51,19.76,19.99,110700
ACCL,20111114,6.71,6.83,6.6,6.72,137700
ACET,20111114,6.27,6.42,6.25,6.36,56800
ACFC,20111114,1.14,1.15,1.1,1.1,6000
ACFN,20111114,5.07,5.14,5.02,5.14,24300
ACGL,20111114,36.54,36.98,36.5,36.72,1124300
ACHC,20111114,9.25,9.5,9.25,9.41,3000
ACHN,20111114,5.27,5.35,5.12,5.27,486300
ACIW,20111114,29.89,31.14,29.89,30.67,226400
ACLS,20111114,1.41,1.42,1.31,1.31,455000
ACNB,20111114,14.04,14.25,13.95,14.13,3300
ACOR,20111114,23.09,23.29,22.64,22.65,213600
ACPW,20111114,4.45,4.5,4.2,4.2,415900
ACRX,20111114,2.85,3.32,2.85,2.95,102100
ACTG,20111114,34.37,34.61,33.42,33.92,296300
ACTS,20111114,1.91,1.99,1.91,1.91,43400
ACUR,20111114,4.1,4.16,4,4.06,65500
ACWI,20111114,43.11,43.33,42.82,43.06,234700
ACWX,20111114,38.24,38.33,37.81,38.03,116600
ACXM,20111114,13.24,13.24,12.82,12.97,312700
ADAT,20111114,1.66,1.7,1.5,1.62,65000
ADBE,20111114,28.35,28.74,28.16,28.24,4715400
ADEP,20111114,2.7,2.75,2.5,2.59,27900
ADES,20111114,15.33,15.33,15,15.27,37800
ADI,20111114,36.88,37.13,36.15,36.37,1846400
ADP,20111114,52.1,52.1,51.45,51.64,1508200
ADRA,20111114,24.08,24.08,23.41,23.47,12900
ADRD,20111114,19.07,19.17,19.01,19.04,23100
ADRE,20111114,40.98,41,40.64,40.84,39000
ADRU,20111114,19,19,18.89,18.89,1300
ADSK,20111114,34.1,34.2,33.34,33.61,2248000
ADTN,20111114,34,34.4,33.44,33.54,659000
ADUS,20111114,3.99,4,3.97,3.97,11800
ADVS,20111114,27.57,28.08,27.57,27.8,120700
AEGN,20111114,15.58,15.75,15.04,15.19,213000
AEGR,20111114,15.41,15.41,14.53,14.54,21600
AEHR,20111114,0.7,0.73,0.67,0.67,25100
AEIS,20111114,9.57,9.57,8.91,9.04,390600
AEPI,20111114,23.19,23.35,22.45,22.85,18700
AERL,20111114,7.19,7.21,7,7.07,83900
AETI,20111114,3.96,3.97,3.86,3.97,5300
AEY,20111114,2.14,2.14,2.07,2.07,400
AEZS,20111114,9.96,10.38,9.66,10.14,3108000
AFAM,20111114,15.86,15.86,14.83,15.1,103100
AFCB,20111114,12.32,12.32,12.32,12.32,0
AFCE,20111114,15.5,15.72,15.06,15.19,60300
AFFX,20111114,4.9,5.02,4.85,4.97,879500
AFFY,20111114,4.66,4.68,4.31,4.53,1197600
AFOP,20111114,8.52,8.55,8.4,8.55,12900
AFSI,20111114,26.46,26.69,26.39,26.54,173800
AGEN,20111114,2.5,2.61,2.42,2.55,36600
AGII,20111114,30.34,30.43,29.77,30.05,126100
AGNC,20111114,28.05,28.1,27.92,27.99,2927000
AGYS,20111114,8.63,8.92,8.59,8.65,119900
AHGP,20111114,49.07,50.07,49.07,49.49,32300
AHPI,20111114,3.72,3.72,3.62,3.64,2700
AIMC,20111114,16.92,16.97,16.57,16.85,123900
AINV,20111114,7.58,7.6,7.48,7.56,1524200
AIRM,20111114,25.9867,25.9867,25.3333,25.7733,101100
AIRT,20111114,8,8.2,8,8.1,800
AIXG,20111114,14.11,14.21,13.73,13.89,134200
AKAM,20111114,29.92,30.31,29.03,29.13,3912100
AKRX,20111114,9.27,9.37,9.03,9.24,824900
ALCO,20111114,22.49,22.49,21.98,22.32,7300
ALGN,20111114,22.78,23.46,22.41,23.12,613800
ALGT,20111114,52.56,54,51.69,51.86,150200
ALIM,20111114,2.02,2.05,1.53,1.58,1965100
ALKS,20111114,15.86,16.05,15.86,16,713700
ALLB,20111114,10.02,10.02,10.02,10.02,0
ALLT,20111114,15.8,16.3,15.8,16.1,286700
ALNY,20111114,7.2,7.25,7,7.05,345500
ALOG,20111114,53.3,54.21,53.27,53.58,53500
ALOT,20111114,7.97,7.97,7.97,7.97,0
ALSK,20111114,5.39,5.39,5.12,5.13,979600
ALTE,20111114,23.01,23.05,22.64,22.76,417400
ALTI,20111114,1.07,1.08,1.04,1.06,22700
ALTR,20111114,37.26,37.86,36.99,37.22,2812800
ALVR,20111114,9.9,10.1,9.8,10,54200
ALXA,20111114,13.5,13.5,11.8,12.5,697800
ALXN,20111114,64.37,68.16,63.51,66.81,2403700
AMAG,20111114,15.5,15.89,15.42,15.65,195300
AMAP,20111114,12.04,12.56,12.04,12.39,25900
AMAT,20111114,12.68,12.8,12.43,12.54,10406400
AMBT,20111114,7.8,7.8,7.74,7.75,1000
AMCC,20111114,7.88,7.93,7.65,7.69,1006800
AMCF,20111114,3.05,3.05,3.01,3.05,13200
AMCN,20111114,2.41,2.5,2.3,2.48,49200
AMCX,20111114,36.69,37.67,36.1,36.35,320100
AMED,20111114,12.61,12.79,11.46,11.57,751700
AMGN,20111114,57.67,57.8,57.21,57.33,6204800
AMIC,20111114,4.85,4.85,4.85,4.85,0
AMKR,20111114,4.95,5,4.76,4.78,901400
AMNB,20111114,18.65,18.75,18.65,18.75,6000
AMOT,20111114,5.63,5.82,5.63,5.69,12100
AMOV,20111114,25.7,25.8,25.61,25.65,1900
AMPE,20111114,7.06,7.06,6.76,6.85,39400
AMRB,20111114,4.83,4.85,4.83,4.85,5800
AMRI,20111114,2.62,2.63,2.38,2.45,306800
AMRN,20111114,7.31,7.51,7.24,7.44,2670200
AMRS,20111114,12.5,12.5,11.65,12.05,301700
AMSC,20111114,4.09,4.13,4,4.06,809000
AMSF,20111114,23.54,23.54,23.29,23.46,50000
AMSG,20111114,25.31,25.4,24.59,24.9,131100
AMSWA,20111114,8.89,8.91,8.72,8.8,70600
AMWD,20111114,13.54,13.63,13.15,13.23,41400
AMZN,20111114,215.75,222.35,214.25,218.93,6522900
ANAC,20111114,6.95,6.95,6.71,6.75,31900
ANAD,20111114,2.53,2.57,2.5,2.55,409900
ANAT,20111114,72.4,72.84,71.45,71.45,12600
ANCB,20111114,5.8,5.9,5.8,5.84,300
ANCI,20111114,1.62,1.62,1.62,1.62,0
ANCX,20111114,8.2,8.38,8.2,8.36,2400
ANDE,20111114,41.26,41.68,40.43,41.1,161900
ANEN,20111114,19.63,19.82,19.05,19.26,76500
ANGO,20111114,14.99,14.99,14.21,14.51,160500
ANIK,20111114,8.35,8.6,8.29,8.58,74900
ANLY,20111114,4.7,4.75,4.6,4.73,18100
ANSS,20111114,58.43,59.33,58.35,58.67,183100
ANTH,20111114,7.09,7.1,6.85,6.95,89700
ANTP,20111114,1.69,1.76,1.66,1.76,6000
AOSL,20111114,9,9,8.84,8.95,67800
APAGF,20111114,82.76,83.2,79.6,81.62,17200
APEI,20111114,37.52,37.52,36.63,37.07,88900
APFC,20111114,7.62,7.99,7.55,7.71,4100
APOG,20111114,10.76,10.92,10.42,10.53,99000
APOL,20111114,47.09,47.43,46.3,46.53,850700
APPY,20111114,13.2,13.2,12.6,12.78,2600
APRI,20111114,4.36,4.48,4.32,4.33,59600
APSA,20111114,13.52,13.55,13.15,13.27,3300
APWC,20111114,3.1,3.19,3.05,3.12,6600
ARAY,20111114,4.17,4.17,3.91,3.94,424600
ARCC,20111114,15.22,15.28,15,15.11,1380900
ARCI,20111114,5.75,5.75,5.59,5.75,23700
ARCP,20111114,10.23,10.4,10.23,10.4,9600
ARCW,20111114,3.1,3.1,2.97,2.97,14600
ARDNA,20111114,91.02,91.74,91.02,91.74,1000
AREX,20111114,29.6,29.94,28.71,29.63,308500
ARIA,20111114,10.78,11.11,10.77,11.01,1675300
ARII,20111114,25.06,25.18,24.41,24.89,50800
ARKR,20111114,13.56,13.56,13.56,13.56,200
ARLP,20111114,74.12,74.5,73.5,74.25,49600
ARMH,20111114,30.2,30.48,29.75,29.97,4407400
ARNA,20111114,1.42,1.45,1.37,1.4,1095800
AROW,20111114,23.57,23.57,22.95,23.16,16400
ARQL,20111114,5.87,6.14,5.87,5.92,183900
ARRS,20111114,11.09,11.17,10.81,10.89,587500
ARRY,20111114,2.46,2.5,2.35,2.37,217600
ARTC,20111114,28.4,28.44,27.58,27.89,111100
ARTNA,20111114,18.27,18.27,17.72,17.79,12700
ARTW,20111114,5.97,6.07,5.78,6.05,5800
ARTX,20111114,1.38,1.56,1.32,1.46,77000
ARUN,20111114,23.44,23.92,23.24,23.64,3868000
ARWR,20111114,0.69,0.7,0.63,0.67,662100
ASBB,20111114,11.5,11.55,11.5,11.55,81000
ASBC,20111114,10.77,10.92,10.51,10.6,1122600
ASBI,20111114,3.82,3.82,3.82,3.82,100
ASCA,20111114,18.04,18.23,17.56,17.65,255600
ASCMA,20111114,42.21,42.27,41.53,42.04,33100
ASEI,20111114,73.15,73.79,72.89,73.69,40300
ASFI,20111114,8.24,8.3,8.12,8.3,16900
ASIA,20111114,8.35,8.93,8.35,8.45,506800
ASMI,20111114,28.93,29.05,28.3,28.41,39900
ASML,20111114,40.99,41.06,39.95,40.17,2598800
ASNA,20111114,14.4,14.5,14.12,14.215,355200
ASPS,20111114,43.97,43.97,43.47,43.76,104600
ASRV,20111114,1.97,2,1.95,1.95,1300
ASRVP,20111114,25.59,25.59,25.59,25.59,100
ASTC,20111114,0.53,0.58,0.52,0.57,77300
ASTE,20111114,34.22,34.45,33.34,33.64,82200
ASTI,20111114,0.71,0.73,0.71,0.71,61500
ASTM,20111114,2.8,2.91,2.43,2.58,1021400
ASTX,20111114,1.82,1.86,1.81,1.83,165400
ASUR,20111114,3,3,2.3667,2.4333,7900
ASYS,20111114,10.25,10.51,9.97,10.22,161700
ATAI,20111114,9.75,9.75,9.75,9.75,0
ATAX,20111114,5.17,5.32,5.12,5.28,135300
ATEA,20111114,4,4.35,3.67,4.09,29000
ATEC,20111114,1.98,2,1.9,1.92,117500
ATHN,20111114,54.88,57.11,54.88,56.24,451700
ATHX,20111114,1.37,1.45,1.33,1.33,48200
ATLO,20111114,17.1,17.45,16.75,17.04,12800
ATMI,20111114,20.81,20.87,20.24,20.43,91500
ATML,20111114,10.16,10.47,10.06,10.1,6845400
ATNI,20111114,41.33,41.4,40.4,40.6,26500
ATNY,20111114,3.84,3.85,3.78,3.82,4000
ATRC,20111114,10.02,10.06,9.83,9.87,29800
ATRI,20111114,230.58,231.59,230.36,231.59,1400
ATRM,20111114,0.87,0.87,0.72,0.8,58500
ATRO,20111114,31.94,33.26,31.94,32.96,59000
ATSG,20111114,5.36,5.42,5.11,5.15,176900
ATVI,20111114,12.77,12.95,12.71,12.8,16403000
ATX,20111114,10.97,11.09,10.85,10.91,34900
AUBN,20111114,19.38,19.38,19.27,19.36,2100
AUDC,20111114,3.31,3.44,3.29,3.38,151300
AUXL,20111114,15.26,15.51,15.12,15.46,377100
AVAV,20111114,31.92,32.11,31.76,32.02,159300
AVEO,20111114,16.32,16.36,15.75,15.96,141900
AVGO,20111114,34.12,34.31,32.83,33.09,1606200
AVID,20111114,7.03,7.08,6.93,6.96,179600
AVNR,20111114,2.65,2.71,2.59,2.6,719400
AVNW,20111114,1.91,2.22,1.91,2.11,286900
AWAY,20111114,33.12,33.39,32.58,32.8,57600
AWRE,20111114,2.93,2.96,2.9,2.91,500
AXAS,20111114,3.58,3.75,3.54,3.62,1316800
AXFN,20111114,19.61,19.61,19.61,19.61,0
AXTI,20111114,4.69,4.72,4.52,4.56,251400
AZPN,20111114,18.26,18.3,17.71,18,811400
BABY,20111114,8.37,8.37,8.1,8.12,89000
BAGL,20111114,14.97,14.97,14.47,14.54,11600
BAMM,20111114,2.56,2.6,2.3,2.31,42700
BANC,20111114,11.96,11.96,11.34,11.44,10600
BANF,20111114,37.17,37.18,35.73,36.03,12000
BANFP,20111114,28.03,28.03,28.03,28.03,0
BANR,20111114,17.47,17.71,16.67,16.89,76800
BASI,20111114,1.33,1.46,1.33,1.43,2900
BBBY,20111114,61.72,62.13,60.9,61.24,1533200
BBEP,20111114,17.94,17.96,17.55,17.62,248400
BBGI,20111114,4.04,4.09,4.04,4.09,700
BBNK,20111114,10.95,11,10.73,11,13400
BBOX,20111114,27.54,27.58,26.97,27.19,58500
BBRG,20111114,17.44,17.74,16.62,16.94,171400
BBRY,20111114,18.58,18.99,18.14,18.29,15284200
BBSI,20111114,17.25,17.83,17.16,17.64,39100
BCBP,20111114,10.43,10.43,10.24,10.24,20600
BCOM,20111114,20.82,20.82,20.82,20.82,100
BCPC,20111114,41.18,41.18,40.43,41.03,93900
BCRX,20111114,2.96,3.02,2.91,2.92,115500
BCSB,20111114,10.74,10.74,10.74,10.74,100
BDE,20111114,7.65,7.71,7.32,7.39,71300
BDGE,20111114,19.8,19.86,19.34,19.44,13900
BDMS,20111114,17.79,18.25,16.91,18.25,6900
BDSI,20111114,1,1.07,0.95,1.03,182000
BEAT,20111114,2.42,2.5,2.4,2.41,180900
BEAV,20111114,38.48,39.18,38.44,38.77,775200
BEBE,20111114,7.57,7.7,7.55,7.59,493300
BECN,20111114,19.55,19.62,19.22,19.44,299000
BELFA,20111114,20.76,20.76,20.51,20.51,600
BELFB,20111114,18.84,18.97,18.11,18.52,108200
BERK,20111114,6.73,6.73,6.63,6.66,1500
BFIN,20111114,6.79,6.82,6.52,6.55,58200
BFLY,20111114,2.18,2.2,1.77,1.89,12500
BGCP,20111114,6.84,6.88,6.5,6.56,961100
BGFV,20111114,8.9,8.94,8.64,8.76,58200
BGMD,20111114,4.95,4.95,4.5,4.64,9100
BIB,20111114,28.995,28.995,28.625,28.625,1800
BICK,20111114,25.47,25.51,25.29,25.45,8600
BIDU,20111114,137,140.2,136.5,138.88,3389800
BIIB,20111114,112.57,114.15,112.02,113.94,1295300
BIOD,20111114,2.72,2.88,2.72,2.76,58600
BIOF,20111114,11.4,13,11,12,4836500
BIOS,20111114,5.53,5.57,5.22,5.34,428400
BIRT,20111114,6.56,6.7,6.49,6.68,274100
BIS,20111114,42.2,42.2,42.2,42.2,0
BJRI,20111114,50.47,50.73,49.34,49.74,283900
BKCC,20111114,8.51,8.72,8.51,8.62,498300
BKEP,20111114,6.73,6.8,6.5,6.8,11000
BKEPP,20111114,8.3,8.3,8.3,8.3,1500
BKMU,20111114,3.24,3.25,3.05,3.08,96400
BKOR,20111114,2.66,2.98,2.66,2.98,300
BKSC,20111114,10,10.17,10,10,3500
BKYF,20111114,20.58,20.69,20.32,20.69,5300
BLDP,20111114,1.37,1.4,1.34,1.4,76400
BLDR,20111114,1.51,1.51,1.45,1.47,99600
BLIN,20111114,0.68,0.74,0.68,0.7,12100
BLKB,20111114,28.76,29.31,28.53,28.78,119700
BLMT,20111114,10.28,10.28,10.22,10.26,9600
BLRX,20111114,3.47,3.47,3.47,3.47,1000
BMC,20111114,37.31,38.02,37.29,37.47,1703400
BMRC,20111114,36.49,36.92,35.49,35.9,16900
BMRN,20111114,31.64,32.08,31.44,31.94,552900
BMTC,20111114,17.01,17.4,16.76,16.88,37700
BNCL,20111114,8.65,8.65,8.52,8.59,56200
BNCN,20111114,7.8,7.8,7.8,7.8,0
BNSO,20111114,1.21,1.21,1.21,1.21,0
BOBE,20111114,33.39,33.68,33.09,33.31,131000
BOCH,20111114,3.49,3.5,3.37,3.37,19500
BODY,20111114,21.54,22.15,21.52,21.74,119800
BOFI,20111114,15.52,15.94,15.5,15.65,25000
BOKF,20111114,53.55,53.74,53.01,53.56,144700
BOLT,20111114,10.05,10.05,9.95,10,14700
BONA,20111114,4.35,4.54,4.31,4.31,44600
BONT,20111114,3.82,3.85,3.45,3.52,446400
BOOM,20111114,22.89,23.16,22.47,22.75,47900
BOSC,20111114,4.48,4.48,4.48,4.48,0
BPAX,20111114,14.22,14.64,13.92,14.46,2063800
BPFH,20111114,7.8,7.8,7.54,7.6,398400
BPFHW,20111114,2.9,2.9,2.9,2.9,0
BPHX,20111114,0.74,0.74,0.67,0.72,11600
BPOP,20111114,16.8,16.9,15.8,15.9,6551700
BPOPM,20111114,16.5,16.5,16.4,16.4,1400
BPOPN,20111114,18.13,18.13,18,18,2000
BRCD,20111114,4.64,4.74,4.6,4.66,2860700
BRCM,20111114,35.23,35.58,34.41,34.52,4659400
BRID,20111114,8.92,8.92,8.92,8.92,0
BRKL,20111114,7.56,7.58,7.45,7.56,383000
BRKR,20111114,13.57,13.8,13.5,13.63,407800
BRKS,20111114,10.14,10.14,9.7,9.98,620500
BRLI,20111114,12.91,13.2,12.34,13.06,1782000
BSDM,20111114,2.55,2.65,2.51,2.56,53700
BSET,20111114,7.77,7.94,7.77,7.94,16700
BSFT,20111114,38.16,40.38,38,40.05,935800
BSPM,20111114,2.64,2.73,2.52,2.52,47100
BSQR,20111114,4.5,4.54,4.39,4.43,11500
BSRR,20111114,10.35,10.39,9.75,9.86,17700
BSTC,20111114,15.52,15.52,15.03,15.11,6700
BTUI,20111114,3.26,3.26,3.15,3.2,5900
BUR,20111114,8.11,8.11,7.96,7.96,2700
BUSE,20111114,5.02,5.03,4.81,4.85,161900
BVSN,20111114,8.05,8.15,8.02,8.02,1400
BWEN,20111114,4.2,4.6,4,4.1,1341300
BWINA,20111114,24.5,24.5,24.5,24.5,100
BWINB,20111114,22.95,23.05,22.63,23.02,12900
BWLD,20111114,64.05,64.9,63.72,64.15,250100
BYFC,20111114,1.92,1.92,1.92,1.92,100
CA,20111114,21.83,21.91,21.33,21.43,3120600
CAAS,20111114,4.66,4.73,4.56,4.62,46700
CAC,20111114,29.51,29.54,28.22,28.77,14800
CACB,20111114,5.27,5.27,4.47,4.94,34500
CACC,20111114,78.63,81.64,78.45,80.75,45600
CACH,20111114,5.62,6.47,5.58,6.05,14700
CADC,20111114,2.4,2.45,2.4,2.41,58700
CADX,20111114,4.92,4.92,3.95,3.97,1383600
CAFI,20111114,1.27,1.27,1.27,1.27,300
CAKE,20111114,27.39,27.59,27.12,27.25,774100
CALD,20111114,5.3,5.4,5.28,5.36,129800
CALI,20111114,5.82,5.88,5.4,5.58,7400
CALL,20111114,11.1,11.245,10.45,10.995,90200
CALM,20111114,34.09,34.49,33.73,34.01,77300
CAMP,20111114,3.83,3.92,3.6,3.84,94500
CAMT,20111114,2.21,2.27,2.2,2.2,19500
CAR,20111114,13.81,13.91,13.49,13.7,1772500
CARB,20111114,11.73,11.75,11.31,11.63,62200
CART,20111114,3,3,3,3,200
CARV,20111114,0.4,0.4,0.4,0.4,0
CARZ,20111114,24.51,24.51,24.15,24.15,1100
CASH,20111114,16.05,16.05,16.05,16.05,0
CASM,20111114,1.85,1.85,1.78,1.78,900
CASS,20111114,38.43,38.43,36.88,37.07,11800
CASY,20111114,52.03,52.04,51.07,51.59,126600
CATM,20111114,26.92,27.11,26.06,26.37,213300
CATY,20111114,13.56,13.59,13,13.2,334100
CAVM,20111114,35.84,36.9,35.27,35.58,1086600
CBAK,20111114,4.4,4.6,4.3,4.35,105900
CBAN,20111114,2.32,2.33,2.32,2.33,1000
CBEY,20111114,6.36,6.42,6.09,6.1,469400
CBIN,20111114,9.8,9.8,9.8,9.8,0
CBLI,20111114,2.79,2.79,2.43,2.59,261300
CBMX,20111114,23,23.4,21.3,23.2,12300
CBMXW,20111114,2.4,2.9,1.8,1.8,4000
CBNJ,20111114,7.83,7.83,7.36,7.37,12400
CBNK,20111114,14.1,14.1,14.1,14.1,0
CBOE,20111114,27.06,27.06,26.31,26.6,499200
CBPO,20111114,7.16,7.2,7.07,7.12,4000
CBRL,20111114,45.48,45.5,44.8,45.23,148400
CBRX,20111114,2.36,2.36,2.16,2.2,378700
CBSH,20111114,38.73,38.98,38.02,38.22,293100
CBST,20111114,36.42,36.73,36.26,36.55,624300
CCBG,20111114,10.49,10.49,10.15,10.26,18400
CCCL,20111114,2.86,2.99,2.8,2.88,53200
CCIH,20111114,5.02,5.18,5.02,5.07,37700
CCIX,20111114,8.27,8.36,8.07,8.15,90600
CCMP,20111114,42.23,43.13,41.38,41.67,204900
CCNE,20111114,14.44,14.54,14.18,14.31,21900
CCOI,20111114,16.32,16.36,15.91,16.17,1001300
CCRN,20111114,5.36,5.4,5.26,5.31,67800
CCUR,20111114,3.73,3.95,3.71,3.9,16600
CDNS,20111114,11.46,11.59,11.29,11.41,2997700
CDTI,20111114,3.43,3.47,3.2,3.35,141500
CDXS,20111114,5.28,5.28,4.91,4.98,112300
CDZI,20111114,9.22,9.22,8.96,9.04,20400
CECE,20111114,6.31,6.44,6.23,6.25,35100
CECO,20111114,7.69,8.37,7.61,8.26,2489900
CEDU,20111114,5.59,5.59,5.45,5.55,1100
CELG,20111114,64.54,65.15,64.3,65.02,2418900
CELGZ,20111114,1.55,1.55,1.55,1.55,600
CENT,20111114,8.74,8.74,8.41,8.47,24100
CENTA,20111114,8.8,8.96,8.57,8.69,87300
CENX,20111114,10.71,11.04,10.63,10.81,1233200
CERN,20111114,64.78,64.99,63.81,64.03,1136300
CERS,20111114,2.79,2.82,2.76,2.8,221600
CETV,20111114,10.13,10.3,10.03,10.15,292000
CEVA,20111114,30.08,30.54,29.13,29.67,126400
CFBK,20111114,3.95,3.95,3.95,3.95,1800
CFFI,20111114,22.04,22.04,21.77,21.78,2900
CFFN,20111114,11.37,11.42,11.19,11.27,549100
CFNB,20111114,17.29,17.62,16.85,17.03,9300
CFNL,20111114,10.35,10.44,10.05,10.15,107400
CGEN,20111114,4.18,4.28,4.12,4.24,69400
CGNX,20111114,35.56,35.61,34.23,34.56,179300
CHCI,20111114,1.09,1.09,1.04,1.04,10000
CHCO,20111114,32.5,32.51,31.85,32.1,44400
CHDN,20111114,45.76,46.32,44.5,44.8,26600
CHDX,20111114,9.66,9.8,8.87,9.31,33900
CHEF,20111114,13.55,13.71,13.28,13.4,78500
CHEV,20111114,8.38,8.49,8.38,8.49,1500
CHFC,20111114,19.38,19.46,18.85,19.12,56600
CHFN,20111114,9.71,9.74,9.43,9.66,10400
CHKE,20111114,13.1,13.25,13.1,13.25,34900
CHKP,20111114,58.46,58.74,57.35,57.63,1301700
CHLN,20111114,1.33,1.38,1.29,1.31,32900
CHNR,20111114,9.75,9.9,9.72,9.72,2200
CHOP,20111114,3.47,3.47,3.27,3.45,126400
CHRM,20111114,9.53,9.53,9.53,9.53,100
CHRW,20111114,68.45,69.05,67.92,68.27,425900
CHSCP,20111114,29.1,29.18,28.92,29.18,19100
CHTP,20111114,4.7,4.85,4.7,4.79,225400
CHTR,20111114,53.45,53.45,52.18,52.45,354000
CHYR,20111114,1.48,1.48,1.38,1.41,4000
CIDM,20111114,1.49,1.54,1.43,1.52,73400
CIEN,20111114,13.5,14.08,13.5,14.01,4980500
CIMT,20111114,3.34,3.34,2.9,2.99,91200
CINF,20111114,29.18,29.22,28.85,28.97,842400
CISG,20111114,7.93,8.05,7.57,7.66,171400
CITZ,20111114,4.4,4.7,4.31,4.7,12800
CIZN,20111114,16.91,17.05,16.9,17.02,3700
CJJD,20111114,1.66,1.73,1.61,1.62,17500
CKEC,20111114,7.53,7.63,7.49,7.56,81600
CKSW,20111114,9.39,9.56,9.36,9.47,25500
CLBH,20111114,2.95,3.03,2.95,2.95,8200
CLCT,20111114,15.07,15.37,15.07,15.32,11600
CLDX,20111114,2.82,2.83,2.69,2.7,187000
CLFD,20111114,6.09,6.6,6.06,6.54,114400
CLMS,20111114,12.45,12.45,11.91,12.07,130100
CLMT,20111114,19.5,20.08,19.45,20,505500
CLNE,20111114,11.31,11.75,11.24,11.73,1188600
CLNT,20111114,0.35,0.39,0.29,0.31,32100
CLRO,20111114,4.56,4.64,4.5,4.53,7300
CLSN,20111114,3.13,3.15,2.96,3.15,274400
CLUB,20111114,8.04,8.04,7.76,7.8,65800
CLWR,20111114,1.92,1.93,1.81,1.84,3466200
CLWT,20111114,3.19,3.19,3.19,3.19,400
CMCO,20111114,14.16,14.22,13.52,13.65,58600
CMCSA,20111114,22.46,22.58,22.07,22.21,11931400
CMCSK,20111114,22.27,22.38,21.9,21.97,3773000
CME,20111114,261.95,262.97,256.35,257.88,743600
CMLS,20111114,2.99,2.99,2.86,2.89,463900
CMSB,20111114,7.1,7.1,7.1,7.1,0
CMTL,20111114,34.32,34.77,34.29,34.43,317800
CNBC,20111114,9.62,9.62,9.25,9.46,18300
CNBKA,20111114,26.65,27.08,26.65,26.88,5000
CNET,20111114,1.12,1.14,1.06,1.06,31500
CNIT,20111114,0.88,0.98,0.87,0.93,363600
CNMD,20111114,26.81,26.89,26.46,26.51,153900
CNQR,20111114,49.36,49.66,48.09,48.6,495800
CNSL,20111114,18.79,18.79,18.44,18.58,114800
CNTF,20111114,2.12,2.22,2.11,2.19,55500
CNTY,20111114,2.73,2.77,2.62,2.62,17200
CNYD,20111114,2.99,3.05,2.73,2.99,81800
COBK,20111114,12.25,12.25,12.25,12.25,0
COBR,20111114,4.35,4.5,4.34,4.5,33800
COBZ,20111114,5.22,5.26,5.01,5.07,90700
COCO,20111114,2.66,2.76,2.61,2.66,993500
COGO,20111114,1.77,1.82,1.67,1.69,1265200
COHR,20111114,51.99,52.41,50.87,51.21,45000
COHU,20111114,10.87,10.98,10.55,10.62,85300
COKE,20111114,54.76,54.76,53.94,54.28,16500
COLB,20111114,18.44,18.44,17.82,18.02,114400
COLM,20111114,52.95,53.86,52.02,52.47,142200
CONN,20111114,11.03,11.14,10.78,10.92,187700
COOL,20111114,3.34,3.43,3.3,3.38,624500
CORE,20111114,36.74,37.2,36.45,36.83,37900
CORT,20111114,3.43,3.46,3.29,3.34,94300
COSI,20111114,0.72,0.74,0.72,0.73,84700
COST,20111114,82.72,83.99,82.72,83.45,1539400
COWN,20111114,2.68,2.74,2.64,2.65,540600
CPBC,20111114,4.78,4.78,4.75,4.78,1000
CPGI,20111114,0.88,0.96,0.88,0.9,35700
CPHC,20111114,11.23,11.24,10.41,10.52,6800
CPHD,20111114,35,35,33.77,33.83,381100
CPIX,20111114,5.82,5.91,5.74,5.78,12000
CPLA,20111114,34.14,35.29,34.07,34.27,213400
CPLP,20111114,6.45,6.48,6.27,6.35,77500
CPNO,20111114,31.54,32.38,31.54,32.3,176100
CPRT,20111114,21.88,21.955,21.62,21.77,97700
CPRX,20111114,1.03,1.08,1,1.01,232400
CPSI,20111114,51.34,51.72,50.91,51.2,98700
CPSL,20111114,6.36,6.6,6,6.24,122700
CPSS,20111114,0.92,0.98,0.91,0.91,10200
CPST,20111114,1.12,1.18,1.11,1.17,6297100
CPTS,20111114,11.43,11.52,11.18,11.26,70900
CPWR,20111114,8.43,8.53,8.3,8.36,1449800
CRAI,20111114,21.78,22.45,21.7,21.91,28800
CRAY,20111114,6.1,6.28,5.81,6.02,907400
CRDC,20111114,2.08,2.19,2.08,2.14,12100
CRDS,20111114,5.01,5.01,4.85,4.89,1500
CREE,20111114,29.27,29.59,28.35,28.54,1371600
CREG,20111114,1.24,1.3,1.2,1.29,25800
CRESW,20111114,0.08,0.08,0.08,0.08,4900
CRESY,20111114,11.21,12.06,11.2,11.94,185600
CRFN,20111114,4.44,4.44,4.4,4.44,18500
CRIS,20111114,3.81,3.83,3.67,3.73,361100
CRMB,20111114,4.88,4.88,4.55,4.7,8600
CRMBU,20111114,5.15,5.15,5.15,5.15,0
CRMBW,20111114,0.4,0.4,0.4,0.4,0
CRME,20111114,12.6,12.7,11.75,12.1,225200
CRMT,20111114,32.95,32.99,32.18,32.69,20600
CRNT,20111114,8.13,8.2,8.04,8.12,178000
CROX,20111114,16.82,17.53,16.75,17.37,2722300
CRRB,20111114,2.24,2.42,2.24,2.42,400
CRRC,20111114,8.89,9.03,8.59,8.73,17200
CRTX,20111114,5.31,5.31,5.01,5.07,29400
CRUS,20111114,16.9,16.91,16.38,16.49,957100
CRVL,20111114,50.99,50.99,49.49,49.7,17400
CRWN,20111114,1.65,1.65,1.52,1.56,70800
CRWS,20111114,3.65,3.65,3.56,3.57,1300
CRZO,20111114,27.17,27.95,26.2,27.03,1118500
CSBK,20111114,10.21,10.21,9.89,9.99,9100
CSCD,20111114,2.78,3,2.73,2.8,111300
CSCO,20111114,18.95,19.1,18.86,18.94,46652100
CSFL,20111114,5.7,5.7,5.33,5.37,52800
CSGP,20111114,62.16,63.42,61.72,63,78700
CSGS,20111114,15,15.12,14.78,14.89,202400
CSII,20111114,9.62,9.66,9.38,9.49,103100
CSIQ,20111114,2.81,2.88,2.72,2.78,628800
CSOD,20111114,14.55,14.77,14.55,14.63,90200
CSPI,20111114,3.48,3.48,3.48,3.48,0
CSRE,20111114,11.96,11.97,11.68,11.71,12200
CSTR,20111114,45.84,46.1,44.85,45.05,844300
CSUN,20111114,1,1,0.93,0.93,109100
CSWC,20111114,86.47,86.5,84.44,85.04,3600
CTAS,20111114,29.31,29.42,28.86,29.06,710000
CTBI,20111114,28.12,28.12,27.36,27.63,25300
CTCH,20111114,3.52,3.54,3.42,3.51,23700
CTCM,20111114,10.29,10.63,10.13,10.19,205600
CTCT,20111114,22.97,23.53,22.59,22.68,480500
CTGX,20111114,13.02,13.17,12.41,12.47,40600
CTHR,20111114,2.66,2.71,2.66,2.71,15800
CTIB,20111114,4.5,4.52,4.33,4.48,3900
CTIC,20111114,5.55,5.6,5.45,5.55,946100
CTRN,20111114,10.9,11,10.68,10.79,51500
CTRP,20111114,29.86,30.58,28.3,30.07,18016100
CTRX,20111114,25.33,25.77,24.73,24.835,392300
CTSH,20111114,68.79,68.89,67.5,67.6,1797700
CTWS,20111114,27.5,27.74,27.08,27.3,12400
CTXS,20111114,74.02,76.05,73.81,74.58,2102200
CU,20111114,32.42,32.46,31.66,31.97,24700
CUBA,20111114,6.81,6.83,6.75,6.78,5500
CUTR,20111114,7.57,7.7,7.5,7.6,19700
CVBF,20111114,10,10,9.66,9.73,503100
CVCO,20111114,47.11,47.17,45.67,46.25,17500
CVCY,20111114,6.2,6.2,6.19,6.2,5800
CVGI,20111114,11.28,11.5,10.83,11.19,140300
CVGW,20111114,24.51,24.55,23.93,24.18,85600
CVLT,20111114,47.36,49.02,47.3,48.78,668900
CVLY,20111114,8.36,8.55,8.36,8.55,700
CVTI,20111114,3.34,3.43,3.17,3.27,44000
CVV,20111114,16.34,16.34,15.5,15.75,100500
CWBC,20111114,1.72,1.95,1.72,1.75,1000
CWCO,20111114,9.03,9.31,8.66,8.89,68200
CWEI,20111114,65.4,66.84,63.36,64.27,41100
CWST,20111114,6.1,6.19,6.01,6.05,77400
CWTR,20111114,4.44,4.52,4.32,4.32,453000
CXDC,20111114,4.95,4.95,4.8,4.84,67500
CXPO,20111114,2.75,2.8,2.63,2.67,78500
CY,20111114,19.61,19.86,19.07,19.13,1969600
CYAN,20111114,5.47,5.72,5.18,5.7,79700
CYBE,20111114,7.43,7.43,7.21,7.38,4700
CYBX,20111114,28.82,29.28,28.58,28.77,87800
CYCC,20111114,4.41,4.55,4.27,4.34,109500
CYCCP,20111114,3.3,3.3,3.3,3.3,0
CYMI,20111114,45.27,45.48,43.86,43.98,257600
CYNO,20111114,12.21,12.24,11.86,11.95,18000
CYOU,20111114,25.91,26.94,25.91,26.06,180900
CYTK,20111114,1.15,1.18,1.14,1.14,43400
CYTR,20111114,2.66,2.87,2.59,2.73,3108200
CYTX,20111114,2.79,2.79,2.61,2.62,370600
CYTXW,20111114,1.25,1.25,1.25,1.25,0
CZFC,20111114,6.94,6.94,6.94,6.94,100
CZNC,20111114,16.84,16.95,16.35,16.47,15400
CZWI,20111114,4.8,4.8,4.67,4.67,4600
DAEG,20111114,1.86,1.95,1.86,1.94,3200
DAIO,20111114,3.67,4.15,3.67,3.99,41300
DAKT,20111114,9.71,9.86,9.62,9.74,85900
DARA,20111114,1.64,1.68,1.6,1.65,66100
DATE,20111114,9.97,10.2,9.5,9.74,28300
DAVE,20111114,8.65,8.92,8.65,8.9,1300
DBLE,20111114,8.02,8.06,7.88,8,34200
DBLEP,20111114,25.36,25.55,25.35,25.55,1300
DCIX,20111114,4.87,5.02,4.85,4.94,39600
DCOM,20111114,11.81,11.81,11.4,11.57,125700
DCTH,20111114,3.25,3.31,3.12,3.15,352500
DECK,20111114,107.89,109.79,106.65,107.79,712300
DELL,20111114,15.3,15.53,15.19,15.32,21435000
DENN,20111114,3.54,3.54,3.46,3.48,256800
DEPO,20111114,4.8,4.93,4.75,4.8,458700
DEST,20111114,16.32,16.4,15.97,16.18,44500
DFZ,20111114,12.85,12.85,12.55,12.69,16200
DGAS,20111114,16.235,16.7,16.15,16.7,4800
DGICA,20111114,13.73,13.9,13.48,13.64,57400
DGICB,20111114,17.18,17.2,17.18,17.19,1000
DGII,20111114,11.24,11.24,10.84,11.08,130700
DGIT,20111114,16.02,16.02,15.5,15.7,453700
DGLY,20111114,0.81,0.85,0.75,0.75,5800
DHIL,20111114,74.07,74.07,70.66,72.98,5800
DHRM,20111114,1.75,1.75,1.75,1.75,0
DIOD,20111114,21.61,21.82,21,21.47,406500
DISCA,20111114,43.3,43.38,42.69,42.89,1231200
DISCB,20111114,43.2,45.21,42.96,44.52,4000
DISCK,20111114,39.25,39.48,38.95,39.37,550000
DISH,20111114,25.74,26.23,25.45,25.56,3676500
DJCO,20111114,67.01,67.01,67.01,67.01,1700
DLGC,20111114,9.65,10,8.4,9,56100
DLIA,20111114,1.35,1.36,1.32,1.32,3000
DLLR,20111114,19.16,19.37,18.58,18.63,460400
DLTR,20111114,39.32,39.64,39.3,39.495,1100600
DMLP,20111114,24.55,24.73,24.5,24.53,53300
DMND,20111114,35.72,36.75,34.93,35.11,1658200
DMRC,20111114,27.19,27.38,26.42,26.76,21300
DNBF,20111114,10.82,10.82,10.82,10.82,100
DNDN,20111114,7.21,7.35,7.15,7.27,3780100
DNKN,20111114,25.65,26.25,24.74,25.72,1319900
DORM,20111114,18.545,18.995,18.35,18.53,38700
DOVR,20111114,3.61,3.77,3.61,3.72,700
DRAD,20111114,2.09,2.17,2,2.09,1700
DRAM,20111114,6.96,7.44,6.96,7.32,11700
DRCO,20111114,9.95,9.95,9.35,9.45,15300
DRIV,20111114,16.99,17.32,16.68,17.18,517900
DRRX,20111114,1.5,1.5,1.43,1.45,359700
DRWI,20111114,5.1,5.3,5.05,5.06,281500
DRYS,20111114,2.93,2.94,2.81,2.85,2382800
DSCI,20111114,8.35,8.35,8.16,8.19,8700
DSCO,20111114,1.78,1.78,1.74,1.75,54100
DSGX,20111114,7.11,7.29,7.08,7.27,6800
DSPG,20111114,6.15,6.29,5.99,6.1,93000
DSWL,20111114,2.38,2.55,2.37,2.55,24100
DTLK,20111114,8.93,8.94,8.45,8.61,188600
DTSI,20111114,28.52,28.78,27.14,27.61,100000
DTV,20111114,45.9,46.2,45.4,45.63,3788900
DVAX,20111114,2.81,2.84,2.74,2.76,719700
DVOX,20111114,4,4.16,3.83,3.94,44900
DWA,20111114,18.61,18.62,18.09,18.19,674000
DWCH,20111114,5.29,5.37,5.25,5.37,2500
DWSN,20111114,33.76,33.78,32.6,33.11,40100
DXCM,20111114,7.3,7.3,6.98,7,754200
DXPE,20111114,26.84,27.22,26.51,27.11,44500
DXYN,20111114,3.19,3.32,3.14,3.25,7600
DYAX,20111114,1.5,1.51,1.37,1.4,666800
DYNT,20111114,3.7,3.75,3.6,3.75,14100
DYSL,20111114,2.46,2.53,2.46,2.53,5900
EBAY,20111114,31.67,31.78,31.25,31.41,5604700
EBIX,20111114,16.99,16.99,16.29,16.88,399000
EBMT,20111114,9.7,9.7,9.7,9.7,400
EBSB,20111114,13.01,13.12,12.8,12.82,9900
EBTC,20111114,14.21,14.21,13.8,13.96,5400
ECHO,20111114,15.96,16.09,15.9,15.98,62500
ECOL,20111114,17.51,17.59,17.21,17.38,75000
ECPG,20111114,23.56,23.65,23.22,23.27,184000
ECTE,20111114,2.4,2.45,2.35,2.35,48600
ECTY,20111114,1.73,1.88,1.63,1.81,88000
ECYT,20111114,8.8,9.09,8.64,9.01,260100
EDAC,20111114,9.15,9.27,8.77,9.12,35100
EDAP,20111114,1.95,1.99,1.82,1.94,32700
EDGW,20111114,2.8,2.9,2.8,2.9,6600
EDMC,20111114,20.56,21.24,20.33,20.46,82700
EDS,20111114,4.94,4.94,4.69,4.69,200
EDUC,20111114,5.15,5.4,5.15,5.32,1000
EEFT,20111114,18.34,18.46,17.72,17.84,152500
EEI,20111114,16.02,16.14,16.02,16.14,600
EFII,20111114,14.68,14.71,14.32,14.43,102900
EFSC,20111114,15.4,15.62,14.78,14.97,38800
EFUT,20111114,4,4.03,4,4.03,7200
EGAN,20111114,5.4,5.94,5.21,5.94,111500
EGBN,20111114,13.33,13.33,12.97,13.1,35600
EGHT,20111114,3.96,4.02,3.89,3.93,695700
EGLE,20111114,5.56,5.64,5.28,5.36,550100
EGOV,20111114,13.41,13.59,13.18,13.33,192300
EHTH,20111114,14.93,14.93,14.67,14.83,60700
EIHI,20111114,13.35,13.52,13.35,13.47,2700
ELGX,20111114,11.46,11.64,11.3,11.42,379300
ELNK,20111114,6.93,7,6.85,6.86,573300
ELON,20111114,5.72,5.74,5.47,5.53,165800
ELOS,20111114,11.8,12,11.78,11.93,54400
ELRC,20111114,15.94,15.94,15.2,15.33,28000
ELSE,20111114,3.93,3.93,3.93,3.93,0
ELTK,20111114,1.2,1.2,1.19,1.19,200
EMCF,20111114,15.15,15.15,15.15,15.15,1000
EMCI,20111114,18.89,19.1,18.7,19.02,6400
EMFN,20111114,23.08,23.08,23.08,23.08,0
EMIF,20111114,29.8,29.8,29.37,29.49,11500
EMITF,20111114,3.18,3.21,3.04,3.12,5600
EMKR,20111114,3.88,4.12,3.8,4,550700
EMMS,20111114,0.88,0.89,0.81,0.87,91600
EMMSP,20111114,16,16,15.01,15.13,20800
EMMT,20111114,21.95,21.96,21.92,21.92,1000
ENDP,20111114,33.6,33.67,32.33,33.01,979400
ENG,20111114,2.41,2.49,2.41,2.42,13400
ENMD,20111114,1.65,1.68,1.58,1.68,9000
ENOC,20111114,10.76,10.81,10.21,10.25,149200
ENSG,20111114,23.91,24.01,23.43,23.73,56500
ENTG,20111114,8.99,9.18,8.77,8.89,753900
ENTR,20111114,5.09,5.29,5.05,5.15,1286200
ENZN,20111114,6.66,6.67,6.41,6.49,411500
EONC,20111114,1.2,1.2,1.17,1.19,1100
EPAX,20111114,4.76,4.76,4.51,4.54,52600
EPAY,20111114,22.81,22.81,22.31,22.64,186500
EPIQ,20111114,14.08,14.16,13.8,13.91,73100
EQIX,20111114,98.27,100.81,97.12,97.63,691700
ERIC,20111114,10.26,10.31,10.05,10.17,2734300
ERIE,20111114,77.08,77.35,76.61,76.62,34000
ERII,20111114,2.61,2.64,2.42,2.48,351300
EROC,20111114,10.1,10.23,10.04,10.08,321500
ESBF,20111114,13.31,13.58,12.96,13.24,16600
ESBK,20111114,15.49,16.35,15.49,16,2000
ESCA,20111114,5.12,5.27,5.02,5.17,13500
ESEA,20111114,3.04,3.14,3.04,3.07,14500
ESGR,20111114,96.98,97.76,95.15,95.81,20600
ESIO,20111114,12.65,12.91,12.36,12.54,104200
ESLT,20111114,42.54,43.02,42.42,42.42,1900
ESMC,20111114,1.04,1.04,1.02,1.04,15600
ESRX,20111114,47.63,47.99,46.65,47.15,5554100
ESSA,20111114,10.84,10.86,10.6,10.63,20400
ESSX,20111114,3.36,3.37,3.16,3.34,42900
ESYS,20111114,4.05,4.05,4.05,4.05,0
ETFC,20111114,9.03,9.05,8.75,8.82,9020100
ETRM,20111114,1.75,1.76,1.63,1.65,75900
EUFN,20111114,16.13,16.13,15.74,15.93,17800
EVBS,20111114,1.85,1.89,1.85,1.86,1400
EVEP,20111114,72,72.62,69.27,69.69,326600
EVOL,20111114,7.47,7.5,7.05,7.11,57300
EWBC,20111114,19.49,19.64,19.08,19.24,1214800
EXAC,20111114,15.32,15.36,14.82,14.93,12500
EXAR,20111114,5.7,5.71,5.56,5.66,116100
EXAS,20111114,8.13,8.19,8.02,8.11,340200
EXEL,20111114,4.43,4.44,4.17,4.26,1765600
EXFO,20111114,5.96,6.02,5.88,5.89,20700
EXLP,20111114,23.73,23.97,23.17,23.73,49100
EXLS,20111114,26.52,26.6,25.96,26.29,41100
EXPD,20111114,45.42,45.76,44.88,45.09,874000
EXPE,20111114,27.82,27.99,27.58,27.77,1503000
EXPO,20111114,47.68,48.15,47.45,47.81,35800
EXTR,20111114,3,3.03,2.94,2.98,353900
EXXI,20111114,31.07,31.17,29.79,30.42,451500
EZCH,20111114,31.28,32.2,31.28,31.87,238200
EZPW,20111114,29.95,29.97,29,29.26,332600
FABK,20111114,12.55,12.92,12.55,12.74,4200
FALC,20111114,3.15,3.15,2.97,3.01,80500
FARM,20111114,5.84,5.84,5.5,5.53,50900
FARO,20111114,45.84,46.19,44.84,45.46,39600
FAST,20111114,40.97,41.5,40.78,41.23,1458300
FBIZ,20111114,16.13,16.39,15.9,16.39,2600
FBMI,20111114,4.96,5,4.96,5,2900
FBMS,20111114,7.55,7.64,7.45,7.48,4200
FBNC,20111114,10.89,10.96,10.56,10.61,36600
FBNK,20111114,12.06,12.21,11.6,11.75,52000
FBRC,20111114,8.52,8.52,8.2,8.32,140300
FBSS,20111114,11.4,11.76,10.61,11.4,1500
FCAL,20111114,3.19,3.29,3.18,3.25,18300
FCAP,20111114,18.66,18.66,18.66,18.66,100
FCBC,20111114,12.82,12.82,12.04,12.21,38900
FCCO,20111114,6.13,6.13,6.13,6.13,200
FCCY,20111114,6.01,6.63,6.01,6.54,2400
FCEL,20111114,1,1.02,1,1.01,551700
FCFC,20111114,6.99,7.14,6.99,6.99,11200
FCFS,20111114,41.12,41.36,40.24,40.65,153300
FCHI,20111114,43.69,43.78,43.69,43.77,4000
FCLF,20111114,6.12,6.12,6.12,6.12,0
FCNCA,20111114,170.05,171.74,166.6,167.26,36200
FCTY,20111114,3.51,3.51,3.51,3.51,0
FCVA,20111114,2.71,2.71,2.45,2.45,1100
FCZA,20111114,4.15,4.21,4.15,4.17,2800
FDEF,20111114,14.48,14.61,14.04,14.16,19200
FDML,20111114,15.22,15.26,14.95,15.02,355600
FDUS,20111114,12.69,12.74,12.02,12.2,18800
FEFN,20111114,21.36,21.36,21.36,21.36,0
FEIC,20111114,39.94,40.65,39.25,39.43,263700
FEIM,20111114,8.28,8.51,8.02,8.2,23200
FELE,20111114,23.695,23.84,23.23,23.475,65400
FES,20111114,6.75,6.75,6.67,6.7,50600
FFBC,20111114,16.41,16.47,15.77,15.84,233800
FFBCW,20111114,4.74,4.74,4.74,4.74,1700
FFBH,20111114,5.28,5.31,5.26,5.31,1100
FFCH,20111114,7.89,7.89,7.61,7.72,50300
FFCO,20111114,13.61,13.61,13.5,13.5,13100
FFEX,20111114,1.28,1.3,1.14,1.16,27200
FFHL,20111114,1.97,1.97,1.59,1.62,96700
FFIC,20111114,12.27,12.38,11.8,11.93,84700
FFIN,20111114,31.95,32.04,30.97,31.3,75200
FFIV,20111114,111.37,113.1,110.49,110.62,1298500
FFKT,20111114,4.3,4.3,4.28,4.28,1900
FFKY,20111114,1.41,1.5,1.41,1.5,1200
FFN,20111114,1.86,1.94,1.83,1.88,93800
FFNM,20111114,3.31,3.5,3.2,3.48,3300
FFNW,20111114,5.37,5.4,5.37,5.37,1800
FHCO,20111114,4.54,4.61,4.42,4.49,29200
FIBK,20111114,12.65,12.65,11.98,12.22,31700
FINL,20111114,20.45,20.9,20.33,20.53,629300
FIRE,20111114,31.69,32.72,31.66,32.18,388000
FISI,20111114,16.8,16.82,16.26,16.35,32700
FISV,20111114,57.94,58.1,57.07,57.81,788700
FITB,20111114,12.08,12.26,11.82,11.87,14923300
FITBP,20111114,143.28,143.83,142,142.55,36900
FIZZ,20111114,16.99,17.05,16.55,16.66,21000
FLDM,20111114,13.42,14.06,13.42,13.99,47700
FLEX,20111114,6.31,6.35,6.21,6.23,2248600
FLIC,20111114,26.44,26.45,25.53,25.67,12500
FLIR,20111114,26.66,26.75,25.99,26.08,717500
FLML,20111114,4.93,4.97,4.56,4.56,83800
FLOW,20111114,2.69,2.69,2.58,2.6,137400
FLWS,20111114,2.69,2.75,2.59,2.64,102700
FLXS,20111114,13.61,13.71,13.39,13.63,2300
FMBI,20111114,9.01,9.09,8.71,8.79,401800
FMCN,20111114,22.87,25.13,21,23.82,5175700
FMER,20111114,14.49,14.49,14.07,14.23,720500
FMFC,20111114,3.05,3.05,2.96,3.05,1500
FMNB,20111114,4.25,4.46,4.25,4.45,3500
FNFG,20111114,8.92,8.92,8.77,8.81,4987500
FNGN,20111114,22.67,22.67,21.7,21.86,109900
FNLC,20111114,14.02,14.02,13.58,13.67,13900
FNSR,20111114,19.5,19.95,19.22,19.43,3058900
FOLD,20111114,2.85,2.93,2.73,2.77,51800
FONE,20111114,24.88,24.88,24.76,24.78,300
FONR,20111114,1.69,1.8,1.67,1.71,14800
FORD,20111114,1.92,1.97,1.81,1.81,39200
FORM,20111114,6.41,6.41,6.25,6.28,328600
FORR,20111114,34.62,34.77,33.93,34.05,56000
FORTY,20111114,16.33,16.4,13.28,16.4,7800
FOSL,20111114,92.82,92.87,90.12,90.93,901600
FRAN,20111114,21.21,21.44,20.74,21.21,103800
FRBK,20111114,1.44,1.44,1.36,1.39,4000
FRED,20111114,12.51,12.68,12.3,12.48,179400
FREE,20111114,9,9.7,9,9,2400
FRME,20111114,8.27,8.32,7.98,8.11,108400
FRNK,20111114,11.27,11.34,11.18,11.26,18400
FRP,20111114,5.07,5.25,5,5.22,186200
FSBK,20111114,3.65,3.74,3.55,3.74,4500
FSCI,20111114,28.54,28.54,27.52,27.7,10600
FSFG,20111114,15.91,15.91,15.91,15.91,0
FSGI,20111114,2.34,2.35,2.2,2.24,1200
FSLR,20111114,45.31,46.28,44.01,44.65,1941800
FSRV,20111114,26.73,26.73,25.79,26.14,5400
FSTR,20111114,29.54,29.78,28.23,29.08,48900
FSYS,20111114,18.45,18.58,18.05,18.27,189900
FTEK,20111114,6.6,6.8,6.28,6.38,131700
FTNT,20111114,24.74,25.1,24.31,24.52,1167100
FUBC,20111114,5.73,5.73,5.32,5.47,121800
FULL,20111114,7.02,7.09,6.95,7,14800
FULT,20111114,9.39,9.39,9.13,9.22,1019700
FUNC,20111114,3.31,3.49,3.2,3.37,9300
FUND,20111114,6.82,6.89,6.77,6.78,36400
FURX,20111114,17,17.34,16.7,17.04,119600
FWLT,20111114,20.2,20.41,19.67,19.95,1433600
FWRD,20111114,33.56,33.95,32.86,33.14,137100
FXCB,20111114,12.4,12.74,12.33,12.43,63800
FXEN,20111114,5.34,5.34,5.09,5.24,639900
GABC,20111114,17.4,17.4,16.66,16.8,18100
GAGA,20111114,4.58,4.96,4.42,4.91,10300
GAI,20111114,3.72,3.72,3.72,3.72,0
GAIA,20111114,4.19,4.19,3.89,3.95,6500
GAIN,20111114,7.35,7.36,7.16,7.29,88600
GALE,20111114,0.72,0.72,0.66,0.7,77000
GAME,20111114,4.82,4.94,4.59,4.6,448600
GASS,20111114,3.93,3.99,3.85,3.85,54500
GBCI,20111114,12,12.03,11.57,11.72,257100
GBDC,20111114,15.32,15.32,14.86,15.04,28700
GBLI,20111114,18.59,18.85,18.2,18.55,46900
GBNK,20111114,1.45,1.47,1.42,1.47,23300
GCBC,20111114,17.76,17.76,17,17,13100
GCFB,20111114,2.42,2.5,2.29,2.46,7600
GCOM,20111114,12.68,12.75,12.25,12.69,110200
GCVRZ,20111114,1.17,1.17,1.06,1.13,9519100
GENC,20111114,7.09,7.09,6.95,6.95,108800
GENE,20111114,4.06,4.14,4.02,4.14,22300
GENT,20111114,6.1,6.14,5.88,6,9200
GERN,20111114,2.27,2.32,2.19,2.2,1142300
GEVA,20111114,15.66,16.25,15.66,16.25,17200
GEVO,20111114,7.85,7.94,7.36,7.55,41600
GFED,20111114,5.76,5.76,5.76,5.76,0
GFN,20111114,2.71,2.71,2.71,2.71,0
GFNCL,20111114,3.5,3.5,3.5,3.5,0
GGAL,20111114,7.9,7.91,7.63,7.66,439800
GHDX,20111114,27.54,27.7,27.03,27.68,139200
GIFI,20111114,29.36,29.8,28.52,29.01,36500
GIGA,20111114,1.4,1.4,1.3,1.35,6000
GIGM,20111114,0.85,0.89,0.85,0.87,29200
GIII,20111114,22.49,22.59,22.3,22.39,191100
GILD,20111114,20.56,20.565,20.185,20.23,4316200
GILT,20111114,3.85,3.86,3.77,3.81,38500
GIVN,20111114,16.31,16.46,16.3,16.31,14200
GKNT,20111114,18.14,18.17,17,17.19,20500
GLAD,20111114,8.4,8.43,8.25,8.36,85900
GLBS,20111114,4.23,4.24,4.2,4.21,5700
GLBZ,20111114,7.88,7.88,7.85,7.85,600
GLCH,20111114,1.14,1.17,1.14,1.15,179000
GLDC,20111114,3.5,3.59,3.45,3.45,7100
GLDD,20111114,5.82,5.84,5.72,5.78,207500
GLNG,20111114,40.58,43.4,40.56,42.36,1104900
GLPW,20111114,28.53,28.53,27.18,28.16,50100
GLRE,20111114,23.28,23.4,22.19,22.51,236200
GLUU,20111114,3.27,3.37,3.2,3.25,739100
GMAN,20111114,15.13,15.71,15.13,15.38,75300
GMCR,20111114,43.22,44.57,41.12,42.14,9612800
GMETP,20111114,10.6,10.6,10.6,10.6,0
GMLP,20111114,28.59,29.48,28.42,28.42,149900
GNCMA,20111114,9.65,9.86,9.25,9.39,130000
GNMK,20111114,4.96,5.09,4.96,5.06,14700
GNTX,20111114,28.85,29.29,28.31,28.48,313300
GNVC,20111114,2.78,2.78,2.73,2.78,39800
GOLD,20111114,118.08,118.39,116.2,117.1,372900
GOOD,20111114,17.17,17.45,17.07,17.19,36100
GOODO,20111114,24.35,24.35,24.24,24.34,2100
GOODP,20111114,25.08,25.13,24.84,24.88,1300
GOOG,20111114,608.1,618.08,607.78,613,3188900
GPIC,20111114,6.2,6.2,6.15,6.2,2200
GPOR,20111114,35.02,35.07,33.86,34.35,433800
GPRC,20111114,2.64,2.92,2.56,2.8,16800
GPRE,20111114,10.39,10.54,10.3,10.41,138800
GRFS,20111114,11.2,11.24,10.78,10.96,1664000
GRID,20111114,25.28,25.3,25.1,25.1,4400
GRIF,20111114,25.84,25.84,25.09,25.7,2500
GRMN,20111114,34.68,35.12,34.59,34.95,1115800
GROW,20111114,7.25,7.28,6.99,7.09,23000
GRPN,20111114,23.42,24.16,23.4,24.07,1577800
GRVY,20111114,1.2,1.24,1.18,1.22,147800
GSBC,20111114,19.08,19.16,18.77,19.06,21200
GSIG,20111114,9.44,9.48,9.06,9.21,89800
GSIT,20111114,4.86,4.86,4.7,4.72,149700
GSJK,20111114,15.2,15.24,15.2,15.24,1400
GSM,20111114,15.14,15.16,14.68,14.72,875900
GSOL,20111114,6.42,6.42,6.13,6.18,46300
GSVC,20111114,14.61,14.84,14.39,14.45,22100
GTAT,20111114,8.16,8.4,7.97,8.14,2109300
GTIM,20111114,1.49,1.49,1.49,1.49,500
GTIV,20111114,5.38,5.39,5.02,5.18,957400
GTLS,20111114,58.83,60.47,58.55,59.23,604500
GTXI,20111114,3.7,3.7,3.46,3.49,130700
GUID,20111114,6.44,6.45,6.26,6.33,249300
GULF,20111114,14.99,14.99,14.99,14.99,0
GURE,20111114,2.48,2.49,2.37,2.46,327500
GYRO,20111114,84.44,86.9,84.44,85.85,2800
HA,20111114,5.59,5.81,5.45,5.8,1000600
HAFC,20111114,1.02,1.02,0.98,0.98,329500
HAIN,20111114,33.81,34.75,33.71,34.5,369900
HALL,20111114,7.97,7.97,7.68,7.8,33000
HALO,20111114,8.15,8.27,8.06,8.12,692500
HAS,20111114,37.42,37.42,36.69,36.85,665100
HAST,20111114,1.98,1.98,1.96,1.98,9300
HAUP,20111114,1.02,1.16,1.02,1.16,31800
HAYN,20111114,55.97,56.32,54.92,55.5,58800
HBAN,20111114,5.28,5.32,5.16,5.21,12553100
HBANP,20111114,1069.99,1070,1063,1064.85,500
HBCP,20111114,14.92,14.92,14.76,14.76,1200
HBHC,20111114,30.49,30.73,29.46,29.88,441600
HBIO,20111114,4.19,4.34,4.1,4.13,74100
HBNC,20111114,10.8889,11.0178,10.8889,11.0089,1400
HBNK,20111114,12.62,12.62,12.62,12.62,0
HBOS,20111114,10.74,11.03,10.74,10.91,1600
HCBK,20111114,5.72,5.77,5.56,5.62,6024800
HCCI,20111114,15.1,15.2,14.86,15.05,7300
HCIIP,20111114,9,9,9,9,4900
HCKT,20111114,3.85,3.88,3.7,3.72,119100
HCOM,20111114,15.02,15.48,14.77,14.98,34100
HCSG,20111114,17.87,17.94,17.61,17.71,253000
HDNG,20111114,9.82,9.98,9.57,9.98,16900
HDSN,20111114,1.5,1.57,1.4,1.46,13100
HEES,20111114,13.29,13.41,12.93,13.25,107600
HELE,20111114,29.18,29.31,28.25,28.5,129000
HEOP,20111114,3.6,3.65,3.6,3.6,5300
HERO,20111114,3.83,3.91,3.7,3.78,2081200
HFBC,20111114,6.2,6.2,6.2,6.2,0
HFBL,20111114,13.65,13.65,13.61,13.61,1200
HFFC,20111114,9.29,9.39,9.08,9.19,2500
HFWA,20111114,11.73,11.78,11.31,11.46,25100
HGSH,20111114,0.95,0.95,0.65,0.75,45500
HIBB,20111114,43.54,44.74,43.23,43.86,339700
HIFS,20111114,47.22,47.26,47,47.26,1800
HIHO,20111114,3.17,3.17,2.5,2.85,29300
HILL,20111114,1.43,1.47,1.39,1.41,184500
HIMX,20111114,1.09,1.09,1.05,1.06,371600
HITK,20111114,34.55,35.75,34.44,35.39,125200
HITT,20111114,53.62,53.99,52.42,52.83,126200
HLIT,20111114,5.66,5.75,5.56,5.64,819300
HMIN,20111114,35.3,35.89,33.09,33.29,361500
HMNF,20111114,2.03,2.2,1.91,1.91,11800
HMNY,20111114,1.54,1.87,1.34,1.8,5600
HMPR,20111114,3.88,3.9,3.4,3.41,50700
HMSY,20111114,30.77,31.99,30.02,30.44,847000
HNH,20111114,12.2,12.3,12,12.09,18100
HNRG,20111114,10.06,10.07,9.79,9.91,7000
HNSN,20111114,2.26,2.31,2.18,2.19,335700
HOFT,20111114,10.12,10.39,10.12,10.39,18400
HOGS,20111114,8.99,9.08,8.93,8.99,106900
HOLI,20111114,8.27,8.57,8.27,8.49,343500
HOLL,20111114,1.28,1.28,1.24,1.28,5800
HOLX,20111114,17.7,17.77,17.34,17.64,2054600
HOMB,20111114,24.07,24.08,23.61,23.72,82700
HOME,20111114,10.36,10.44,10.01,10.31,51700
HOTT,20111114,6.87,6.91,6.75,6.82,371500
HOVNP,20111114,1.46,1.55,1.41,1.41,3200
HPCCP,20111114,26.1,26.1,25.78,25.78,4400
HPJ,20111114,1.17,1.18,1.15,1.15,13300
HPOL,20111114,0.78,0.78,0.69,0.72,16100
HRZN,20111114,15.43,16.25,15.43,15.77,206100
HSIC,20111114,65.73,65.97,64.66,64.99,525200
HSII,20111114,20.66,20.66,20.17,20.27,103000
HSKA,20111114,7.15,7.75,7.15,7.44,91600
HSNI,20111114,36.12,36.73,35.92,36.68,269200
HSOL,20111114,1.83,1.86,1.7,1.71,705200
HSTM,20111114,16.1,16.59,15.88,16.05,78400
HTBK,20111114,4.86,4.92,4.68,4.73,50500
HTCH,20111114,1.58,1.75,1.57,1.73,195600
HTCO,20111114,10.89,10.89,10.46,10.55,26000
HTHT,20111114,14.99,15.23,14.48,14.58,167000
HTLD,20111114,14.1,14.15,13.73,13.84,469000
HTLF,20111114,15.35,15.36,14.88,14.96,19100
HTWR,20111114,65.58,66,63.75,63.98,58300
HUBG,20111114,31.52,31.95,30.46,30.72,393100
HURC,20111114,25.89,26.39,24.85,25.29,26700
HURN,20111114,36.23,36.42,35.23,35.43,105200
HWAY,20111114,6.89,6.92,6.71,6.77,126000
HWBK,20111114,6.14,6.14,6.05,6.05,200
HWCC,20111114,11.62,11.74,11.23,11.55,107400
HWKN,20111114,39.6,39.6,38.03,39.54,26100
HYGS,20111114,6.22,6.27,6.03,6.16,3500
HZNP,20111114,8.19,8.19,7.85,8.07,6100
IACI,20111114,41.03,41.74,40.96,41.26,605100
IART,20111114,31.1,31.33,30.62,30.94,138200
IBB,20111114,94.88,95.21,94.23,94.85,381800
IBCA,20111114,2.78,2.88,2.78,2.85,14900
IBCP,20111114,1.5,1.72,1.5,1.72,26000
IBCPO,20111114,12.75,12.75,12.75,12.75,100
IBKC,20111114,50.37,50.79,49.14,49.53,151900
IBKR,20111114,15,15.06,14.82,14.96,351200
IBOC,20111114,17.86,18.13,17.24,17.49,136500
ICAD,20111114,0.61,0.8,0.6,0.75,150800
ICCC,20111114,5.05,5.22,5.05,5.21,4800
ICFI,20111114,24.43,24.43,23.89,24.23,103700
ICGE,20111114,8.42,8.63,8.2,8.24,257000
ICLN,20111114,9.5,9.5,9.3,9.34,6400
ICLR,20111114,17.13,17.13,16.84,16.92,123700
ICON,20111114,17.01,17.05,16.5,16.58,899900
ICUI,20111114,42.19,42.3,41.46,42.1,83400
IDCC,20111114,45.38,48.67,44.71,46.04,1973600
IDIX,20111114,6.99,7.01,6.67,6.74,419500
IDRA,20111114,1.45,1.62,1.4,1.4,42200
IDSA,20111114,4.34,5.11,4.03,5.03,130500
IDSY,20111114,5.97,6,5.72,5.82,30600
IDTI,20111114,6.09,6.17,5.89,5.94,1480700
IDXX,20111114,72.48,73.21,72,72.24,91300
IESC,20111114,2.63,2.73,2.6,2.73,1700
IFAS,20111114,25.81,25.84,25.81,25.84,400
IFEU,20111114,26.97,26.97,26.66,26.66,200
IFGL,20111114,26.74,26.74,26.45,26.61,51100
IFNA,20111114,40.74,40.74,40.74,40.74,0
IFON,20111114,0.67,0.67,0.65,0.66,8900
IFSM,20111114,32.4,32.63,32.28,32.28,500
IGLD,20111114,15.8,15.8,15.8,15.8,0
IGOI,20111114,11.76,11.88,11.4,11.88,8300
IGOV,20111114,101.87,102.05,101.5,102.05,9800
IGTE,20111114,15.11,15.28,14.88,15.02,112700
III,20111114,1.27,1.32,1.27,1.32,57700
IIIN,20111114,10.47,10.55,10.29,10.51,35600
IIJI,20111114,9.88,9.98,9.84,9.98,3200
IILG,20111114,14.26,14.32,13.62,13.73,200200
IIN,20111114,5.31,5.46,4.95,5.14,14800
IIVI,20111114,19.5,19.59,18.9,19.14,194800
IKAN,20111114,0.94,0.98,0.92,0.93,19300
IKNX,20111114,8.05,8.05,8.05,8.05,2000
ILMN,20111114,31.51,32.12,31.38,31.87,1005400
IMGN,20111114,12.76,12.95,12.59,12.67,330800
IMKTA,20111114,15.65,15.67,15.22,15.28,27700
IMMR,20111114,5.57,5.85,5.36,5.37,197700
IMMU,20111114,3.23,3.28,3.18,3.2,280400
IMMY,20111114,0.25,0.2745,0.2255,0.2255,34700
IMOS,20111114,5.05,5.14,5.02,5.02,12400
IMRS,20111114,3.36,3.39,3.2,3.2,30200
INAP,20111114,5.54,5.54,5.33,5.38,164400
INCY,20111114,12.54,12.82,12.52,12.67,1247900
INDB,20111114,25.66,25.87,25.01,25.29,49000
INDY,20111114,23.34,23.55,23.11,23.21,210200
INFA,20111114,46.07,47.96,45.99,47.5,1452300
INFI,20111114,8.19,8.32,7.93,8.24,52600
INFN,20111114,7.21,7.3,7,7.05,896300
ININ,20111114,26.16,26.25,25.5,26.17,113200
INOC,20111114,1.25,1.25,1.25,1.25,0
INOD,20111114,3.54,3.6,3.41,3.45,14100
INPH,20111114,4.1,4.15,4.04,4.15,2200
INSM,20111114,3.02,3.07,2.95,3.01,189900
INTC,20111114,24.79,24.9,24.48,24.63,49418000
INTG,20111114,20.38,20.38,19.7,20.1,2100
INTL,20111114,24.69,24.71,24.06,24.26,38100
INTT,20111114,2.41,2.5,2.39,2.39,5300
INTU,20111114,53.88,54.64,53.17,53.26,2128400
INTX,20111114,12.03,12.09,11.13,11.39,180000
INVE,20111114,2.34,2.34,2.28,2.3,184200
INWK,20111114,8.56,8.78,8.5,8.67,114300
IOSP,20111114,30.33,30.38,29.36,29.82,81300
IPAR,20111114,18.98,18.98,18.04,18.3,87700
IPAS,20111114,1.44,1.49,1.44,1.48,89500
IPCC,20111114,54.86,54.86,53.05,53.93,26000
IPCI,20111114,2.89,3.03,2.87,2.94,8300
IPCM,20111114,45.34,45.34,43.83,44.66,79200
IPGP,20111114,46.99,47.47,46.05,46.07,401100
IPHS,20111114,45.94,46.39,44.64,45.04,53300
IPXL,20111114,17.15,17.25,16.67,16.97,352600
IRBT,20111114,33.1,33.14,31.77,31.91,275900
IRDM,20111114,7.1,7.14,6.97,7,335100
IRDMZ,20111114,1.19,1.19,1.19,1.19,600
IRIX,20111114,3.4,3.89,3.4,3.75,7900
IROQ,20111114,11.16,11.29,11.16,11.29,600
IRWD,20111114,11.2,12.17,11.2,12.04,152100
ISBC,20111114,13.48,13.48,13.05,13.15,121900
ISCA,20111114,24.37,24.49,23.26,23.37,140600
ISHG,20111114,101.31,101.31,100.69,101.13,3200
ISIG,20111114,2.2,2.28,2.18,2.22,12500
ISIL,20111114,11.5,11.67,11.34,11.48,563400
ISIS,20111114,7.09,7.09,6.88,6.92,483300
ISLE,20111114,5.19,5.27,5.06,5.1,64800
ISNS,20111114,5.36,5.45,5.06,5.35,3200
ISRG,20111114,439.55,447.5,438.23,440.48,203400
ISRL,20111114,85.01,85.01,78.25,78.96,1900
ISSC,20111114,4.43,4.5,4.35,4.46,4700
ISSI,20111114,9.4,9.52,9.13,9.24,84700
ITIC,20111114,35.97,36.3,35.97,36.3,1500
ITMN,20111114,21.49,21.68,20.68,20.85,668200
ITRI,20111114,36.62,37.28,36.11,36.72,318800
ITRN,20111114,12.69,12.73,12.54,12.72,7200
IVAC,20111114,7.81,7.9,7.4,7.46,65400
IVAN,20111114,1.14,1.16,1.11,1.11,364900
IXYS,20111114,12.65,12.71,12.02,12.16,115200
JACK,20111114,20.7,20.82,20.26,20.39,208200
JADE,20111114,2.66,2.73,2.66,2.69,77500
JAKK,20111114,19.55,19.59,19,19.04,62900
JASO,20111114,9.45,9.5,9.05,9.25,1735400
JAXB,20111114,4.52,4.52,4.52,4.52,0
JAZZ,20111114,36.77,38.62,36.37,38.3,648200
JBHT,20111114,42.73,42.98,42.04,42.27,543900
JBLU,20111114,4.13,4.22,4.02,4.02,4463000
JBSS,20111114,8.5,8.52,8.32,8.34,62100
JCOM,20111114,28.84,29.11,28.78,29.11,449500
JCS,20111114,14.18,14.18,13.2,13.47,18500
JCTCF,20111114,8.74,8.74,8.74,8.74,0
JDSU,20111114,11.66,12.17,11.65,11.84,4141300
JFBI,20111114,2.49,2.71,2.49,2.71,200
JJSF,20111114,50.2,50.6,49.03,49.27,51600
JKHY,20111114,33.16,33.49,32.81,33.06,284700
JMBA,20111114,1.64,1.66,1.58,1.61,326200
JOBS,20111114,43.48,44.95,41.54,41.85,240400
JOEZ,20111114,0.53,0.54,0.51,0.51,101200
JOSB,20111114,54.57,54.87,53.61,53.86,169300
JOUT,20111114,17,17.19,15.55,15.71,22300
JRCC,20111114,8.47,8.6,8.04,8.2,1920900
JRJC,20111114,1.9,1.9,1.83,1.84,22100
JST,20111114,9.07,9.08,8.79,9.04,44100
JVA,20111114,9.4,9.4,8.83,8.98,282000
JXSB,20111114,13.73,13.75,13.73,13.75,600
KALU,20111114,47.14,47.14,45.95,46.36,71900
KBALB,20111114,5.9,5.9,5.55,5.63,59600
KCAP,20111114,6.4,6.45,6.24,6.31,64200
KCLI,20111114,33.31,33.31,32.33,32.59,13800
KELYA,20111114,15.56,15.99,15.19,15.4,206700
KEQU,20111114,8.95,9.15,8.85,9.15,8900
KERX,20111114,2.85,2.94,2.82,2.86,910800
KEYN,20111114,21.78,22.07,21.65,21.93,108000
KEYW,20111114,7,7.1,6.81,6.9,135600
KFFB,20111114,8.33,8.33,8.33,8.33,200
KFRC,20111114,12.69,12.81,12.13,12.2,304700
KGJI,20111114,1.51,1.54,1.36,1.36,63900
KINS,20111114,3.08,3.13,3.08,3.13,400
KIOR,20111114,15.6,15.87,14.76,14.92,86400
KIPS,20111114,1.6,1.6,1.6,1.6,1100
KIRK,20111114,12.64,13.35,12.64,13.13,183600
KLAC,20111114,48.19,48.75,47.38,47.8,2510600
KLIC,20111114,10.49,11.1,10.31,10.75,3089700
KNDI,20111114,2.96,2.99,2.7,2.82,54100
KONA,20111114,5.64,5.8,5.64,5.65,55500
KONE,20111114,0.82,0.82,0.79,0.8,3500
KONG,20111114,4.89,5.01,4.89,4.97,25200
KOOL,20111114,1.01,1.07,0.94,0.95,53000
KOPN,20111114,3.97,4.02,3.83,3.85,153600
KOSS,20111114,5.25,5.26,5.25,5.26,1000
KRNY,20111114,9.72,9.8,9.54,9.64,29600
KSWS,20111114,2.92,2.92,2.82,2.85,118100
KTCC,20111114,4.63,4.68,4.52,4.6,8100
KTEC,20111114,13.2,13.74,13.1,13.36,9400
KTOS,20111114,5.78,5.78,5.47,5.5,395600
KUTV,20111114,1.72,1.72,1.68,1.68,15700
KVHI,20111114,7.85,7.93,7.49,7.56,62300
LABC,20111114,15.85,15.85,15.85,15.85,0
LABL,20111114,25.68,26,25.22,25.87,88700
LACO,20111114,2.08,2.15,2.06,2.1,22700
LAKE,20111114,7.36,7.49,7.36,7.48,2600
LAMR,20111114,24.9,24.92,24.27,24.71,656000
LANC,20111114,68.9,68.9,67.86,68.3,59500
LARK,20111114,16.37,16.37,16,16.01,1300
LAWS,20111114,15.07,15.29,14.58,14.9,9400
LAYN,20111114,23.75,24.07,22.98,23.23,59500
LBAI,20111114,8.62,8.65,8.18,8.21,33500
LBIX,20111114,3.09,3.14,3.09,3.11,6600
LBTYA,20111114,41.62,42.09,41.26,41.44,693200
LBTYB,20111114,42.76,42.76,42.76,42.76,0
LBTYK,20111114,39.92,40.18,39.13,39.63,205200
LCAV,20111114,3.15,3.23,3.13,3.17,24700
LCNB,20111114,13.15,13.15,13.15,13.15,700
LCUT,20111114,12.65,12.67,11.93,12.15,21500
LEAP,20111114,9.05,9.19,8.98,9.11,1183800
LECO,20111114,37.71,37.86,36.91,37.46,342500
LEDR,20111114,2.75,2.75,2.5,2.74,209100
LEDS,20111114,3.99,4.51,3.92,3.99,332400
LFUS,20111114,48.43,49.2,47.98,48.24,69200
LGCY,20111114,28.24,28.26,27.31,27.71,302000
LGND,20111114,12.02,12.02,11.4,11.49,180600
LHCG,20111114,14.34,14.44,13.66,13.9,205900
LIFE,20111114,41.18,41.28,40.72,40.9,1106200
LIME,20111114,3.2,3.28,3.2,3.22,11700
LINC,20111114,8.25,8.36,8,8.09,128000
LINE,20111114,37.26,37.35,36.92,37.15,627700
LINTA,20111114,15.82,15.96,15.72,15.84,2584400
LINTB,20111114,15.4,15.4,15.4,15.4,0
LION,20111114,6.25,6.45,6.25,6.45,4000
LIOX,20111114,2.44,2.44,2.33,2.41,260100
LIVE,20111114,1.62,1.62,1.62,1.62,0
LIWA,20111114,5.79,5.89,5.35,5.45,139200
LKFN,20111114,24.33,24.33,23.7,24.01,49900
LKQ,20111114,14.82,15.01,14.625,14.745,464900
LLEN,20111114,3.15,3.17,3.08,3.1,148300
LLNW,20111114,3.15,3.28,3.14,3.22,1056400
LLTC,20111114,32.33,32.5,31.88,31.99,1990200
LMAT,20111114,5.71,5.76,5.5,5.6,11200
LMCA,20111114,79.06,80.45,78.46,79.48,668700
LMIA,20111114,19.05,19.47,18.69,18.75,39400
LMNR,20111114,17.14,17.75,16.54,17.11,10800
LMNX,20111114,20.54,20.63,20.35,20.52,208100
LMOS,20111114,15.11,15.54,15.11,15.43,89800
LNBB,20111114,4.45,4.45,4.21,4.39,4000
LNCE,20111114,19.93,19.93,19.37,19.57,227500
LNDC,20111114,5.6,5.75,5.49,5.55,67400
LOAN,20111114,1.01,1.01,1.01,1.01,100
LOCM,20111114,2.5,2.53,2.38,2.44,156500
LOGI,20111114,8.34,8.37,8.15,8.22,324900
LOGM,20111114,41.24,42.22,40.39,40.86,87400
LOJN,20111114,2.98,3.04,2.86,2.86,25000
LONG,20111114,12.8,14.6,12.8,14.47,37600
LOOK,20111114,1.3,1.38,1.3,1.34,9800
LOPE,20111114,16.74,16.74,16.25,16.35,162700
LORL,20111114,57.8,60,57.75,58.92,150100
LPHI,20111114,6.33,6.37,6.03,6.07,82300
LPLA,20111114,28.8,29.83,27.96,28.7,155500
LPNT,20111114,39.41,40.11,39.16,39.54,311500
LPSB,20111114,8,8,8,8,0
LPSN,20111114,12.89,13.02,12.6,12.72,224800
LPTH,20111114,1.39,1.39,1.31,1.39,29700
LQDT,20111114,29.97,30.54,29.04,30.39,424200
LRAD,20111114,1.85,1.93,1.8,1.93,13100
LRCX,20111114,44.95,45.2,44.24,44.55,2419800
LSBI,20111114,14.49,14.49,14.49,14.49,700
LSBK,20111114,9.49,9.49,9.49,9.49,0
LSCC,20111114,6.59,6.79,6.41,6.45,2043900
LSTR,20111114,45.55,45.95,45.24,45.5,184600
LTBR,20111114,2.78,2.92,2.72,2.92,48900
LTON,20111114,1.1,1.13,1.06,1.13,218500
LTRE,20111114,7.8,7.8,7.55,7.75,5600
LTRX,20111114,1.38,1.38,1.25,1.26,13200
LTXC,20111114,6.34,6.45,6.17,6.22,188400
LUFK,20111114,66.11,66.46,64.83,66.19,188100
LULU,20111114,53.93,54.63,52.58,52.71,2538900
LUNA,20111114,1.15,1.2,1.14,1.15,3500
LWAY,20111114,10.32,10.32,9.6,10.02,10700
LXRX,20111114,1.13,1.15,1.01,1.01,661600
LYTS,20111114,6.66,6.74,6.54,6.67,63100
MAGS,20111114,2.5,2.5,2.49,2.49,400
MAKO,20111114,32.27,34.21,32.27,33.98,826100
MANH,20111114,44.61,45.25,44.32,44.91,237500
MANT,20111114,33.25,33.25,32.4,32.62,181700
MARPS,20111114,22.95,22.95,22.6,22.73,1800
MASC,20111114,8.41,8.53,8.27,8.48,48600
MASI,20111114,22.09,22.47,21.61,21.67,393500
MAT,20111114,28.89,28.97,28.27,28.32,2958200
MATR,20111114,4.96,4.96,4.96,4.96,0
MATW,20111114,32.93,33.45,32.5,32.87,227100
MAXY,20111114,5.58,5.58,5.5,5.53,167900
MAYS,20111114,14.77,14.77,14.77,14.77,0
MBFI,20111114,16.57,16.58,15.97,16.1,236700
MBLX,20111114,3.94,4.13,3.86,4.02,254200
MBND,20111114,3.43,3.45,3.21,3.3,132300
MBRG,20111114,14.33,14.69,14.33,14.48,11500
MBTF,20111114,1.1,1.18,1.1,1.18,7100
MBVT,20111114,29.81,30.06,29.03,29.28,9200
MBWM,20111114,9.03,9.15,9,9.05,3700
MCBC,20111114,2.5,2.5,2.4,2.41,7300
MCBI,20111114,5.91,5.91,5.91,5.91,100
MCGC,20111114,4.4,4.5,4.32,4.36,285800
MCHP,20111114,36.62,37,36.31,36.43,1187900
MCHX,20111114,7.2,7.46,6.35,6.38,356800
MCOX,20111114,7.65,7.95,7.65,7.7,21000
MCRI,20111114,9.56,9.66,9.37,9.48,17200
MCRL,20111114,10.96,10.96,10.34,10.47,274700
MCRS,20111114,48.68,49.39,48.01,48.5,229400
MDAS,20111114,11.07,11.15,10.72,10.86,408400
MDCA,20111114,15.12,15.12,14.24,14.47,73800
MDCI,20111114,5.11,5.2,4.87,4.88,31400
MDCO,20111114,19.15,19.54,19.1,19.51,465400
MDH,20111114,2.38,2.38,2.25,2.34,3200
MDRX,20111114,20.64,20.86,20.46,20.5,1026000
MDSO,20111114,18.62,19.19,18.62,19,144000
MDVN,20111114,40.51,41.22,40.18,41,423700
MEAD,20111114,3.4,3.4,3.4,3.4,500
MEAS,20111114,28.81,29.44,28.81,29.39,103500
MELA,20111114,4.93,5.34,4.9,5.25,723400
MELI,20111114,85.27,87.47,85.04,86.31,697100
MEMS,20111114,3.03,3.03,2.94,3,2900
MENT,20111114,11.45,11.61,11.4,11.53,713800
MEOH,20111114,23.74,23.97,22.44,23.58,983100
MERC,20111114,5.88,5.88,5.69,5.77,325900
MERU,20111114,5.57,5.8,5.23,5.26,126300
METR,20111114,8.58,8.73,8.41,8.42,74400
MFI,20111114,5.81,5.98,5.68,5.97,5400
MFLR,20111114,8.04,8.04,8.04,8.04,100
MFLX,20111114,19.46,19.78,19.43,19.65,66000
MFNC,20111114,4.9,5,4.9,5,2800
MFRI,20111114,7.05,7.17,7.05,7.07,4900
MFSF,20111114,7.3,7.3,7.29,7.3,3200
MGAM,20111114,6.71,6.79,6.56,6.7,96100
MGEE,20111114,43.02,43.02,42.16,42.3,44200
MGIC,20111114,6.17,6.2,5.95,5.96,440300
MGLN,20111114,52.9,52.94,51.87,51.97,96500
MGPI,20111114,5.44,5.55,5.26,5.3,27900
MGRC,20111114,27.6,27.74,27.17,27.47,60800
MGYR,20111114,2.87,2.87,2.87,2.87,0
MHGC,20111114,5.77,5.86,5.65,5.72,63300
MHLD,20111114,8.58,8.77,8.48,8.58,169300
MIDD,20111114,89,89.32,87.44,88.07,82800
MIND,20111114,15.47,15.74,15.27,15.46,68200
MINI,20111114,19.4,19.6,18.75,18.93,126500
MITK,20111114,9.53,9.56,9.05,9.36,693300
MITL,20111114,2.34,2.38,2.32,2.35,8400
MKSI,20111114,27.9,28.04,26.88,27.05,261400
MKTAY,20111114,35.26,35.35,35.07,35.25,16100
MKTG,20111114,7.5,7.88,7.49,7.83,463200
MKTX,20111114,28.1,28.17,27.69,28.09,97700
MLAB,20111114,38.01,38.95,38.01,38.6,1000
MLHR,20111114,21.33,21.7,20.91,21.2,343500
MLNK,20111114,4.19,4.19,4,4.06,129400
MLNX,20111114,34.3,34.98,34.16,34.67,97200
MLVF,20111114,6.57,6.57,6.21,6.38,2700
MMLP,20111114,34.37,35.38,34.25,35.13,83200
MMSI,20111114,13.43,13.47,13.03,13.11,156500
MMUS,20111114,4.5,4.67,4.5,4.5,2300
MMYT,20111114,27.99,28.11,26.63,27.12,164500
MNDO,20111114,1.9,2.08,1.8,1.81,111800
MNGLU,20111114,10.15,10.15,10.15,10.15,0
MNGLW,20111114,0.66,0.66,0.66,0.66,0
MNKD,20111114,3.01,3.05,2.96,2.98,524200
MNOV,20111114,2.12,2.25,2.01,2.01,13900
MNRK,20111114,6.65,6.8833,6.5417,6.75,3300
MNRO,20111114,38.2,38.2,37.66,38.04,152100
MNST,20111114,46.78,47.05,46.36,46.635,504000
MNTA,20111114,14.81,15.28,14.81,15.15,636300
MNTG,20111114,1.58,1.75,1.58,1.72,33300
MNTX,20111114,4.21,4.34,4.2,4.32,103200
MOBI,20111114,4.81,4.94,4.26,4.37,304400
MOCO,20111114,16.31,16.31,16.16,16.25,1600
MOFG,20111114,14.97,15,14.94,14.94,1300
MOLX,20111114,24.31,24.82,23.95,24.29,1342300
MOLXA,20111114,20.35,20.4,19.84,19.99,132400
MORN,20111114,59.86,59.99,59.21,59.35,28100
MOSY,20111114,3.38,3.38,3.12,3.17,70900
MOVE,20111114,7.16,7.16,6.84,6.92,505500
MPAA,20111114,8.78,8.91,8.48,8.58,55800
MPAC,20111114,5.48,5.7,5.46,5.46,2500
MPB,20111114,7.55,7.55,7.55,7.55,0
MPEL,20111114,9.78,10.23,9.7,9.96,7727500
MPET,20111114,1.14,1.15,1.1,1.14,94800
MPWR,20111114,12.54,12.61,12.17,12.3,110700
MRCY,20111114,14.06,14.08,13.75,13.99,84600
MRGE,20111114,5.31,5.76,5.31,5.55,776900
MRLN,20111114,12.64,12.87,12.64,12.74,30900
MRTN,20111114,17.29,17.4,16.79,16.88,38200
MRVL,20111114,14.86,15.04,14.51,14.84,9279600
MSBF,20111114,4.87,5.06,4.63,5.03,7100
MSCC,20111114,17.98,18.08,17.66,17.87,640300
MSEX,20111114,18.44,18.59,18.28,18.34,46900
MSFG,20111114,8.93,8.93,8.53,8.64,72300
MSFT,20111114,26.89,27,26.65,26.76,34199100
MSG,20111114,27.1,27.28,25.97,26.29,697800
MSON,20111114,1.9,2.1,1.85,1.88,19000
MSPD,20111114,5.58,5.74,5.51,5.61,200200
MSTR,20111114,129.26,129.75,126.2,129.33,200100
MTEX,20111114,6.3,6.5,6.1,6.1,3900
MTGE,20111114,17.5,17.58,17.27,17.44,61100
MTRX,20111114,10.67,10.86,10.26,10.44,72200
MTSC,20111114,36.02,36.17,35.5,36,25800
MTSL,20111114,1.29,1.29,1.25,1.25,700
MTSN,20111114,1.28,1.33,1.22,1.3,163500
MU,20111114,5.4,5.43,5.22,5.35,22945200
MVIS,20111114,4.16,4.16,3.84,3.92,895400
MVISW,20111114,0.16,0.16,0.16,0.16,5000
MWIV,20111114,69.03,69.84,67.98,69.43,57100
MXIM,20111114,26.7,26.93,26.4,26.49,1693900
MXWL,20111114,19.02,19.21,18.22,18.57,120900
MYGN,20111114,20.79,20.82,20.44,20.51,262000
MYL,20111114,18.65,18.7,18.33,18.46,3701700
MYRG,20111114,19.16,19.16,18.74,18.95,71000
NAFC,20111114,29.85,30.22,28.98,29.15,52700
NAII,20111114,6.34,7.11,6.34,7.03,39900
NANO,20111114,17.38,17.51,17.06,17.23,173100
NASB,20111114,10.04,10.09,10.03,10.05,7100
NATH,20111114,19.08,19.24,19.01,19.23,800
NATI,20111114,26.37,27.01,26.37,26.57,133800
NATL,20111114,24.39,24.91,24.27,24.48,10800
NATR,20111114,15.43,15.48,15,15.1,73200
NAUH,20111114,7.74,7.74,7.3,7.4,10800
NAVG,20111114,45.2,45.32,43.68,44,33100
NAVR,20111114,1.71,1.75,1.69,1.69,38400
NBBC,20111114,4,4.05,3.94,3.94,8200
NBIX,20111114,6.85,6.92,6.66,6.75,160300
NBN,20111114,12.91,13.03,12.9,12.95,700
NBTB,20111114,21.67,21.67,20.68,20.93,141800
NBTF,20111114,18.99,18.99,18.77,18.79,900
NCBC,20111114,2.54,2.56,2.41,2.41,7700
NCIT,20111114,12.59,12.66,12.03,12.04,29200
NCMI,20111114,13.16,13.52,13.08,13.43,625500
NCTY,20111114,4.7,4.71,4.41,4.59,28500
NDAQ,20111114,26.25,26.57,26.06,26.36,1835900
NDSN,20111114,45.35,45.67,43.98,44.58,232000
NECB,20111114,5.76,5.76,5.76,5.76,100
NEOG,20111114,39.32,39.35,38.25,38.74,73300
NEPT,20111114,2.77,2.79,2.72,2.75,22000
NETC,20111114,9.93,10.01,9.76,9.99,3900
NEWL,20111114,0.78,0.78,0.78,0.78,0
NEWP,20111114,14.04,14.15,13.51,13.86,142200
NEWS,20111114,10.05,10.15,9.78,9.89,70200
NEWT,20111114,1.15,1.17,1.12,1.13,12100
NFBK,20111114,14.2,14.2,13.86,14.01,25300
NFEC,20111114,0.64,0.64,0.64,0.64,100
NFLX,20111114,87.99,88.1,85.45,85.72,3117200
NFSB,20111114,12.3,12.3,12.3,12.3,200
NGPC,20111114,6.95,6.95,6.48,6.57,77600
NHTB,20111114,11.17,11.35,11.17,11.35,500
NICE,20111114,34.67,35.08,34.67,34.89,187400
NICK,20111114,11.45,11.6,11.22,11.31,27700
NIHD,20111114,24.23,24.37,23.38,23.49,2204300
NILE,20111114,33.35,33.41,31.84,32.6,438800
NINE,20111114,1.25,1.3,1.25,1.3,1100
NKSH,20111114,26.25,26.46,25.5,25.83,23400
NKTR,20111114,4.75,4.8,4.48,4.54,954600
NLNK,20111114,7.07,7.1,7,7.03,140600
NLST,20111114,1.98,2.4,1.98,2.35,1470500
NMRX,20111114,7.99,7.99,7.71,7.83,11300
NNBR,20111114,6.79,6.79,6.4,6.46,108000
NOVB,20111114,10.06,10.09,10,10.09,400
NPBC,20111114,8.11,8.18,7.95,7.98,1049200
NPSP,20111114,5.6,5.76,5.53,5.65,954700
NRCI,20111114,33.83,35.32,33.13,34.12,2400
NRIM,20111114,18.87,19.13,18.8,18.99,2600
NSEC,20111114,8.23,8.23,8.05,8.05,1200
NSIT,20111114,16.25,16.41,15.82,16.02,178200
NSPH,20111114,1.65,1.71,1.62,1.65,146500
NSSC,20111114,2.11,2.15,2.11,2.15,1300
NSYS,20111114,3.35,3.35,3.35,3.35,0
NTAP,20111114,42.01,42.51,41.84,42.29,7174000
NTCT,20111114,16.85,16.85,16.2,16.45,197400
NTES,20111114,44.24,44.82,43.72,44.32,819000
NTGR,20111114,36.93,37.5,36.73,37.09,251400
NTIC,20111114,14.03,14.1,13.92,14.1,7700
NTRI,20111114,11.56,11.78,11.51,11.57,386200
NTRS,20111114,39.89,40,38.44,38.82,1893400
NTSC,20111114,4.68,4.68,4.68,4.68,0
NTSP,20111114,6.36,6.37,6.05,6.13,132300
NTWK,20111114,5,5,3.9,3.9,800200
NUAN,20111114,25.77,26.01,25.63,25.79,2073300
NUCL,20111114,33.79,33.82,33.75,33.75,900
NURO,20111114,11.7,11.76,10.98,10.98,16500
NUTR,20111114,12.96,13.11,12.68,12.79,29000
NUVA,20111114,15.2,15.2,14.95,15.03,492500
NVAX,20111114,1.48,1.5,1.45,1.47,349600
NVDA,20111114,14.98,15.13,14.65,14.69,12510900
NVEC,20111114,58.5,59.8,57.05,57.07,26700
NVGN,20111114,0.52,0.52,0.47,0.49,36900
NVMI,20111114,6.7,6.86,6.53,6.85,124200
NVSL,20111114,7.33,7.34,7.1,7.27,5200
NVTL,20111114,3.44,3.46,3.31,3.35,235600
NWBI,20111114,12.39,12.39,12.02,12.12,458400
NWFL,20111114,23.88,23.88,23.62,23.62,1100
NWLI,20111114,144.29,147.05,143,143.7,5900
NWPX,20111114,23.02,23.71,22.5,23.28,47200
NWS,20111114,17.5,17.51,17.28,17.4,2341500
NWSA,20111114,17.03,17.12,16.92,17.08,14325000
NXPI,20111114,16.64,17,16.45,16.53,721700
NXST,20111114,9.24,9.34,8.87,9.08,54000
NXTM,20111114,19.78,19.94,19.32,19.43,233800
NYMT,20111114,7.04,7.16,6.92,7.01,20200
NYMX,20111114,8.7,8.72,8.4,8.45,64200
NYNY,20111114,0.67,0.7,0.62,0.68,32100
OABC,20111114,14.32,14.54,14.23,14.41,17600
OBAF,20111114,14.5,14.5,14.5,14.5,0
OBAS,20111114,7,7.5,6.9,7.5,31300
OBCI,20111114,2.55,2.67,2.13,2.18,285700
OCC,20111114,3.44,3.6,3.44,3.52,1900
OCFC,20111114,13.18,13.28,12.9,12.95,26900
OCLR,20111114,3.34,3.49,3.3,3.46,1192900
OCLS,20111114,10.15,10.85,10.15,10.5,37900
OCZ,20111114,7.95,8.1,7.62,7.84,1347100
ODFL,20111114,25.7333,25.9133,25.1867,25.6267,454700
OFED,20111114,11.05,11.14,11.03,11.14,1300
OFIX,20111114,34.63,34.84,34.07,34.39,54800
OFLX,20111114,13,13.26,12.95,12.96,4400
OGXI,20111114,12.6,12.6,12,12.13,45600
OIIM,20111114,4.74,4.74,4.55,4.65,86700
OINK,20111114,2.29,2.38,2.03,2.13,109900
OKSB,20111114,4.58,4.59,4.44,4.5,69400
OKSBP,20111114,17.97,18.76,17.81,18.16,2100
OLBK,20111114,8.1,8.1,8.1,8.1,100
OMAB,20111114,13.31,13.65,12.52,13.65,37800
OMCL,20111114,15.44,15.58,15.26,15.37,70900
OMER,20111114,3.96,3.96,3.86,3.88,38600
OMEX,20111114,2.57,2.65,2.45,2.45,563300
OMPI,20111114,10,10.1,9.93,9.94,48800
ONCY,20111114,4.7,4.88,4.63,4.67,67800
ONEQ,20111114,105.17,105.89,104.5,104.79,3000
ONFC,20111114,8.95,8.95,8.95,8.95,200
ONNN,20111114,7.81,7.84,7.66,7.76,3421600
ONTY,20111114,6.19,6.56,6.17,6.44,602100
ONVI,20111114,2.99,2.99,2.99,2.99,200
ONXX,20111114,39.2,39.6,38.76,38.9,784500
OPEN,20111114,38.14,39.61,37.93,38.58,982500
OPHC,20111114,0.7,0.7,0.7,0.7,2100
OPLK,20111114,17.16,17.38,16.84,16.99,74600
OPOF,20111114,9.79,10.05,9.79,9.8,2500
OPTR,20111114,11.52,12.09,11.41,11.78,881800
OPTT,20111114,3.23,3.29,3.08,3.12,37500
OPXA,20111114,5.36,5.68,5.36,5.56,57000
ORBC,20111114,3.03,3.12,2.9,2.95,126800
ORBK,20111114,10.21,10.28,10.1,10.23,93100
ORBT,20111114,3.96,3.96,3.7,3.75,4300
ORCL,20111114,32.3,32.51,32.08,32.3,16781600
OREX,20111114,2.07,2.09,2,2.02,370800
ORIG,20111114,14.33,14.33,13.95,14.15,187100
ORIT,20111114,13.2,13.22,12.82,12.85,255100
ORLY,20111114,78.75,78.99,77.43,77.77,501500
ORRF,20111114,8.9,8.9,8.39,8.4,21700
OSBC,20111114,1.14,1.17,1.12,1.14,40300
OSBCP,20111114,4.17,4.18,4.16,4.18,300
OSHC,20111114,10.34,10.34,10.34,10.34,0
OSIR,20111114,4.93,5,4.76,4.78,60900
OSIS,20111114,46.07,46.64,45.66,45.95,68300
OSN,20111114,1.26,1.27,1.15,1.15,46200
OSTK,20111114,8.34,8.48,8.19,8.26,36300
OSUR,20111114,8.68,8.72,8.28,8.3,280400
OTEX,20111114,58.5,59.51,57.92,58.02,185400
OTIV,20111114,1.53,1.55,1.52,1.55,50200
OTT,20111114,15.1,15.44,15.09,15.2,23600
OTTR,20111114,20.46,20.5,20,20.09,153500
OUTD,20111114,7.33,7.43,7.03,7.07,18500
OVBC,20111114,17.7,17.7,17.7,17.7,0
OVLY,20111114,6.45,6.45,6.45,6.45,0
OVRL,20111114,2.3,2.48,2.26,2.38,206800
OVTI,20111114,13.1,13.49,13.01,13.14,1871600
OXBT,20111114,2.09,2.09,1.95,2.05,14800
OXGN,20111114,1.02,1.05,1,1.04,352200
OXLC,20111114,13.37,13.91,13.37,13.76,7000
OZRK,20111114,26.48,26.62,26.1,26.36,291700
PAAS,20111114,26.42,26.5,25.28,25.71,1750600
PACB,20111114,3.6,3.64,3.32,3.39,217900
PACQW,20111114,0.4,0.4,0.4,0.4,0
PACR,20111114,4.81,4.93,4.58,4.6,133600
PACW,20111114,18.51,18.71,17.73,18.02,211600
PAGG,20111114,28.9,29.04,28.67,28.74,36900
PANL,20111114,52.03,52.34,50.1,50.77,958100
PATH,20111114,3.01,3.01,2.69,2.74,40400
PATK,20111114,2.69,2.69,2.31,2.33,24400
PATR,20111114,23.33,23.44,22.95,23.26,6400
PAYX,20111114,29.25,29.38,29,29.12,5236700
PBCT,20111114,12.72,12.76,12.44,12.51,3656300
PBHC,20111114,8.5,8.5,8.5,8.5,500
PBIB,20111114,2.91,2.94,2.86,2.87,1100
PBIP,20111114,4.8,4.8,4.8,4.8,100
PBSK,20111114,10.82,10.82,10.81,10.82,16200
PCAR,20111114,42.61,42.66,40.85,41.3,3414800
PCBK,20111114,9.27,9.4,8.9,8.97,33000
PCCC,20111114,10.09,10.88,9.97,10.61,79900
PCH,20111114,32.23,32.47,31.37,31.62,196900
PCLN,20111114,530.2,544.38,530.16,534.4,1054500
PCO,20111114,2.5,2.58,2.44,2.47,292200
PCOM,20111114,8.81,8.87,8.59,8.59,14900
PCRX,20111114,7.18,7.18,6.51,6.75,292700
PCTI,20111114,7.15,7.25,7.02,7.18,3900
PCYC,20111114,11.54,11.7,11.36,11.54,426900
PCYO,20111114,1.95,1.95,1.87,1.87,7800
PDCO,20111114,30,30.24,29.73,29.93,939000
PDEX,20111114,2.24,2.37,2.15,2.17,4200
PDFS,20111114,5.73,5.8,5.64,5.77,71400
PDII,20111114,6.95,6.95,6.57,6.6,4800
PDLI,20111114,6.25,6.29,6.06,6.1,1530500
PEBK,20111114,5.56,5.56,5.56,5.56,0
PEBO,20111114,13.25,13.59,13.13,13.59,24500
PEGA,20111114,29.42,29.5,28.24,28.61,443500
PEIX,20111114,0.87,1.06,0.83,1.01,25668400
PENN,20111114,34.34,34.77,34.02,34.16,432900
PENX,20111114,5,5.03,4.9,4.98,2400
PEOP,20111114,13.25,13.45,13.25,13.39,15800
PERF,20111114,18.23,18.26,18.23,18.26,200
PERI,20111114,5.15,5.87,4.87,4.87,57400
PERY,20111114,22.56,22.97,21.93,22.13,162200
PESI,20111114,1.51,1.6,1.5,1.53,138300
PETM,20111114,48.08,48.42,47.43,47.71,437300
PETS,20111114,9.69,9.75,9.43,9.54,169600
PFBC,20111114,7.87,8,7.5,7.6,23700
PFBI,20111114,4.99,5,4.9,4.9,1100
PFBX,20111114,10.85,10.87,10.25,10.25,3600
PFIN,20111114,3.74,3.74,3.55,3.58,16000
PFLT,20111114,10.6,10.6,10.31,10.41,25500
PFSW,20111114,3.95,4.11,3.95,3.96,40100
PGC,20111114,10.22,10.28,10.22,10.28,2400
PGNX,20111114,6.43,6.43,5.91,6.03,117400
PGTI,20111114,1.36,1.44,1.36,1.44,1300
PHII,20111114,19.37,19.6,19.37,19.6,200
PHIIK,20111114,20.71,20.71,19.97,20.1,14000
PHMD,20111114,13.1,13.1,12.83,12.83,200
PICO,20111114,22.09,22.28,21.3,21.68,91600
PKBK,20111114,6.99,6.99,6.87,6.87,1700
PKOH,20111114,19.55,19.84,19.27,19.83,75000
PLAB,20111114,6.06,6.15,5.78,5.94,546500
PLBC,20111114,2.05,2.05,2.05,2.05,400
PLCC,20111114,0.79,0.79,0.79,0.79,0
PLCE,20111114,47.09,48.19,46.73,47.35,535300
PLCM,20111114,18.6,19,18.16,18.28,2184200
PLMT,20111114,8.01,8.01,8.01,8.01,0
PLNR,20111114,2,2.12,1.99,2.09,4800
PLPC,20111114,56.47,56.47,55.56,56.02,2500
PLTM,20111114,21.02,21.02,20.49,20.49,9800
PLUG,20111114,2.6,2.69,2.56,2.56,486700
PLUS,20111114,27.52,27.52,26.76,26.87,11200
PLXS,20111114,25.4,25.5,24.58,24.79,152000
PLXT,20111114,3.34,3.38,3.25,3.27,119200
PMBC,20111114,2.97,3.09,2.95,3.02,10700
PMCS,20111114,6.3,6.36,6.17,6.2,1204800
PMD,20111114,9.32,9.32,9.14,9.25,9200
PMFG,20111114,20.9,20.92,19.88,20.31,44600
PMNA,20111114,11.12,11.12,11.12,11.12,100
PMTC,20111114,21.22,21.38,20.83,21.04,794500
PMTI,20111114,8.56,8.56,8.4,8.55,138500
PNBK,20111114,1.85,1.85,1.85,1.85,0
PNFP,20111114,15.2,15.2,14.62,14.76,213300
PNNT,20111114,10.46,10.49,10.2,10.34,198200
PNQI,20111114,36.5,36.53,36.26,36.34,2800
PNRA,20111114,135.98,137.26,134.8,135.31,205900
PNRG,20111114,20.24,20.24,19.68,19.84,1900
PNTR,20111114,4.3,4.49,4.3,4.3,1200
PODD,20111114,18.4,18.47,17.96,18.18,344800
POOL,20111114,28.83,29.02,28.36,28.54,177900
POPE,20111114,45,45,44.97,44.97,400
POWI,20111114,36.36,36.91,36.04,36.25,201500
POWL,20111114,30.65,30.8,30,30.37,40600
POWR,20111114,6.7,6.85,6.4,6.54,120600
POZN,20111114,2.48,2.52,2.39,2.42,262700
PPBI,20111114,7.09,7.09,6.93,6.93,1600
PPHM,20111114,1.03,1.03,0.99,1,311000
PRAA,20111114,72.86,72.86,71.36,71.66,58700
PRAN,20111114,1.58,1.65,1.52,1.55,354100
PRCP,20111114,5.4,5.57,5.4,5.57,9600
PRFT,20111114,9.86,9.9,9.37,9.49,98100
PRFZ,20111114,60.26,60.53,59.46,59.68,20800
PRGO,20111114,92.15,92.95,91.78,91.84,529600
PRGS,20111114,21.38,21.47,20.85,21.04,205000
PRGX,20111114,5.44,5.5,5.36,5.49,79000
PRIM,20111114,14.23,14.43,14.15,14.3,260300
PRKR,20111114,1.05,1.06,0.98,0.98,234600
PRLS,20111114,3.49,3.51,3.49,3.51,300
PRMW,20111114,3.48,3.54,3.2,3.26,841800
PROV,20111114,9.23,9.23,9.12,9.18,25700
PRPH,20111114,0.87,0.88,0.85,0.88,274600
PRSC,20111114,12.69,12.79,12.24,12.29,84600
PRTS,20111114,4.01,4.01,3.74,3.88,80400
PRXI,20111114,1.83,1.83,1.77,1.77,50500
PRXL,20111114,20.14,20.31,19.69,19.92,349400
PSAU,20111114,47.05,47.05,46.4,46.4,300
PSBH,20111114,4.5,4.5,4.5,4.5,0
PSCC,20111114,30.26,30.26,29.88,29.88,3400
PSCD,20111114,27.03,27.06,26.67,26.74,5200
PSCE,20111114,34.97,34.97,34.46,34.73,5800
PSCF,20111114,26.06,26.07,25.78,25.78,2100
PSCH,20111114,30.56,30.57,30.26,30.35,6100
PSCI,20111114,27.19,27.19,26.92,26.92,500
PSCM,20111114,25.95,25.95,25.95,25.95,500
PSCT,20111114,28.2,28.2,27.64,27.78,2800
PSCU,20111114,29.86,29.89,29.6,29.64,4800
PSDV,20111114,1.82,2.09,1.52,1.59,508300
PSEC,20111114,9.41,9.55,9.38,9.42,1052200
PSEM,20111114,7.97,8,7.66,7.77,56600
PSMT,20111114,67.38,68.62,66.92,67.92,346000
PSTB,20111114,3.95,3.95,3.78,3.81,103800
PSTI,20111114,2.76,2.79,2.74,2.77,74800
PSTR,20111114,3.82,3.84,3.71,3.84,2700
PSUN,20111114,1.3,1.32,1.29,1.3,589600
PTEK,20111114,0.84,0.84,0.83,0.83,6000
PTEN,20111114,22.51,22.57,21.71,22.12,2257600
PTIE,20111114,4.38,4.45,4.25,4.27,119800
PTIX,20111114,1.9,1.99,1.88,1.96,7800
PTNR,20111114,10.9,10.95,10.76,10.87,100600
PTRY,20111114,13.59,13.77,13.18,13.23,111100
PTSI,20111114,10.29,10.29,9.56,9.78,27400
PTSX,20111114,0.9,0.9,0.9,0.9,1400
PULB,20111114,6.77,6.78,6.67,6.75,2700
PURE,20111114,0.6,0.64,0.58,0.6,371600
PVFC,20111114,1.5,1.5,1.5,1.5,0
PVTB,20111114,10.05,10.21,9.65,9.78,595700
PVTBP,20111114,25.89,25.89,25.65,25.65,4800
PWER,20111114,5.43,5.46,5.3,5.34,1690800
PWOD,20111114,38.11,38.11,36.54,37.3,12000
PWRD,20111114,11.75,12.38,11.75,12.36,732600
PWX,20111114,12.29,12.3,12.24,12.25,1600
PXLW,20111114,1.98,2.15,1.98,2.1,7800
PZZA,20111114,36.14,36.73,35.72,35.83,168300
PZZI,20111114,6.29,6.3,5.86,6.05,403400
QABA,20111114,21.98,22.05,21.9,21.9,500
QADA,20111114,11.82,12.02,11.44,11.68,20600
QADB,20111114,11.92,12.18,11.61,12.18,3800
QBAK,20111114,1.88,1.88,1.88,1.88,18800
QCCO,20111114,3.96,4.2,3.95,4.03,113500
QCLN,20111114,10.84,10.86,10.69,10.7,3600
QCOM,20111114,56.57,57.5,56.44,57.1,16662100
QCOR,20111114,43.51,44.41,42.96,43.35,1046100
QCRH,20111114,8.95,9.1,8.95,9.03,5300
QDEL,20111114,17.37,17.38,16.8,16.9,61100
QGEN,20111114,14.4,14.45,14.2,14.29,818000
QKLS,20111114,25.2,25.2,23.52,24.24,36800
QLGC,20111114,14.85,14.92,14.62,14.69,1252500
QLIK,20111114,30.01,30.76,29.7,30.37,761700
QLTI,20111114,7.1,7.2,7.05,7.12,44600
QLTY,20111114,10.73,11.02,10.73,10.8,110600
QNST,20111114,8.63,8.77,8.44,8.73,312900
QQEW,20111114,24.02,24.08,23.81,23.89,10400
QQQ,20111114,57.69,58.01,57.28,57.49,44617600
QQQX,20111114,13.8,13.8,13.62,13.78,38100
QQXT,20111114,21.5,21.5,21.4,21.44,1100
QSII,20111114,40.15,40.62,39.48,39.51,256800
QTEC,20111114,25.51,25.56,25.22,25.29,73200
QTWW,20111114,1.93,1.95,1.74,1.78,234200
QUIK,20111114,2.75,2.81,2.63,2.68,90000
RADA,20111114,2.05,2.2,2.05,2.2,6500
RAIL,20111114,23.81,24.03,23.03,23.4,89200
RAND,20111114,2.71,2.71,2.71,2.71,2500
RAVN,20111114,30.5,30.5,29.73,30.055,30800
RBCAA,20111114,20.02,20.02,19.24,19.44,22000
RBCN,20111114,11.88,11.88,10.93,11.19,283900
RBNF,20111114,3.24,3.24,3.06,3.06,800
RBPAA,20111114,0.98,0.98,0.98,0.98,800
RCII,20111114,35.96,36.28,35.69,36.15,529800
RCKB,20111114,10.28,10.41,10.02,10.14,64100
RCKY,20111114,9.92,10,9.74,9.75,16300
RCMT,20111114,4.97,5.15,4.9,5.14,18400
RCON,20111114,0.72,0.74,0.71,0.74,7400
RDA,20111114,10,10.44,9.79,10.44,93400
RDCM,20111114,4.13,4.16,4.1,4.1,15300
RDEN,20111114,34.99,35.38,33.86,34.44,256100
RDI,20111114,4.16,4.2,4.14,4.2,11300
RDIB,20111114,4.96,4.96,4.96,4.96,0
RDNT,20111114,2.45,2.46,2.38,2.41,74900
RDWR,20111114,13.31,13.51,13.29,13.44,42400
RECN,20111114,11.43,11.49,11.12,11.24,128600
RECV,20111114,5.9,5.9,5.65,5.9,11500
REDF,20111114,9.77,10.17,9.5,9.7,368700
REFR,20111114,3.7,3.7,3.45,3.5,65700
REGN,20111114,53.23,55.06,53.18,53.99,588600
REIS,20111114,8.9,9.4,8.9,9.2,3300
RELL,20111114,12.72,12.89,12.68,12.8,41900
RELV,20111114,1.29,1.44,1.29,1.31,3600
RENT,20111114,13.43,13.46,12.89,12.96,31500
REXI,20111114,4.75,4.91,4.74,4.85,7100
REXX,20111114,16.76,16.92,16.39,16.65,640300
RFIL,20111114,3.19,3.32,3.15,3.28,3100
RFMD,20111114,7,7.08,6.89,6.9,3753000
RGCO,20111114,18,18,18,18,0
RGDX,20111114,1.66,1.7,1.65,1.7,10400
RGEN,20111114,3.31,3.36,3.3,3.3,10500
RGLD,20111114,81.07,81.41,79.13,79.77,609100
RICK,20111114,7.8,7.8,7.65,7.7,6900
RIGL,20111114,7.42,7.52,7.33,7.43,208400
RIMG,20111114,11.24,11.27,11.18,11.21,25600
RITT,20111114,3.66,3.79,3.5,3.5,7500
RIVR,20111114,15.55,15.55,15.55,15.55,0
RJET,20111114,3.95,4.2,3.94,3.96,458100
RLOC,20111114,9.2,9.37,8.85,8.98,181600
RLOG,20111114,6.91,6.99,6.44,6.92,19900
RMBS,20111114,17.81,18.08,17.6,17.73,887100
RMCF,20111114,8.71,8.72,8.5,8.5,6700
RMKR,20111114,0.85,0.93,0.85,0.92,4800
RMTI,20111114,7.53,7.53,7,7.15,67500
RNET,20111114,16.25,16.32,16.1,16.24,6700
RNIN,20111114,6,6.1,5.6,5.85,40000
RNST,20111114,14.83,14.92,14.11,14.3,65200
RNWK,20111114,7.51,7.54,7.26,7.33,202600
ROCK,20111114,12.86,12.98,12.2,12.35,115000
ROCM,20111114,7.5,7.65,7.5,7.65,16500
ROIA,20111114,1.3,1.3,1.3,1.3,100
ROIAK,20111114,1.29,1.38,1.28,1.3,55400
ROIC,20111114,11.44,11.45,11.33,11.38,275700
ROICW,20111114,0.78,0.79,0.76,0.78,5400
ROLL,20111114,40.1,40.36,39.62,40.15,62700
ROMA,20111114,8.98,9.09,8.83,8.93,8200
ROSE,20111114,48.44,49.26,47.38,49.14,817300
ROSG,20111114,7.35,7.65,6.75,6.75,46400
ROST,20111114,44.92,44.93,44.38,44.495,550700
ROVI,20111114,29.55,30.98,29.43,30.8,3763100
ROYL,20111114,3.2,3.25,3.12,3.13,67800
RP,20111114,24.64,25.16,24.64,25.02,165700
RPRX,20111114,4.77,4.79,4.53,4.77,25100
RPTP,20111114,4.87,4.87,4.6,4.6,292900
RPXC,20111114,14.64,14.75,14.29,14.65,243500
RRD,20111114,16.03,16.13,15.83,15.92,3184600
RRGB,20111114,27.51,27.51,27.12,27.4,317500
RRST,20111114,4.76,4.85,4.75,4.75,2900
RSOL,20111114,1.53,1.57,1.47,1.48,20000
RSTI,20111114,21.89,22.04,21.23,21.5,143700
RSYS,20111114,5.25,5.28,5.01,5.07,75500
RTEC,20111114,8.69,8.69,8.29,8.33,104500
RTIX,20111114,4.49,4.51,4.33,4.41,580700
RUE,20111114,26,26.21,25.62,26.05,133400
RUSHA,20111114,19.27,19.36,18.75,19.09,91100
RUSHB,20111114,15.76,15.76,15.3,15.65,1700
RUTH,20111114,5.1,5.13,4.8,5.02,126500
RVBD,20111114,28.28,29.36,28.27,28.59,2573700
RVSB,20111114,2.16,2.26,2.12,2.23,9300
RYAAY,20111114,29.87,29.99,29.86,29.93,404800
SAAS,20111114,4.04,4.04,3.92,3.96,107400
SAFM,20111114,51.13,51.81,50.8,51.25,228700
SAFT,20111114,42.31,42.31,41.45,41.59,27200
SAIA,20111114,12.9,13.07,12.45,12.52,52500
SALM,20111114,2.45,2.5,2.35,2.5,4000
SANM,20111114,8.69,8.83,8.4,8.47,654100
SANW,20111114,4.87,5.07,4.7,5.03,96900
SANWW,20111114,0.78,0.78,0.72,0.72,1500
SANWZ,20111114,0.37,0.37,0.3,0.3,5200
SAPE,20111114,12.41,12.59,12.16,12.26,533000
SASR,20111114,17.07,17.07,16.36,16.58,52900
SATS,20111114,23.05,23.85,22.77,23.54,212200
SAVE,20111114,16.18,17.24,16.17,16.91,168400
SBAC,20111114,39.57,39.67,39.23,39.39,772800
SBBX,20111114,5.05,5.14,5.05,5.14,500
SBCF,20111114,1.52,1.52,1.44,1.45,107100
SBGI,20111114,9.67,9.84,9.51,9.59,245500
SBLK,20111114,19.95,20.1,19.65,19.65,113200
SBNY,20111114,57.19,57.78,54.75,55.39,376200
SBNYW,20111114,33.08,33.08,32.62,32.94,12000
SBRA,20111114,10.38,10.69,10.29,10.45,359800
SBSA,20111114,2.95,3.15,2.7,3.1,188400
SBSI,20111114,20.34,20.55,20.18,20.38,47400
SBUX,20111114,44.05,44.45,43.54,43.64,4909700
SCBT,20111114,29.54,29.54,28.32,28.55,28500
SCHL,20111114,26.83,27.06,26.36,26.43,100900
SCHN,20111114,46.69,47.33,45.85,46.92,193500
SCLN,20111114,4.27,4.48,4.25,4.39,177300
SCMP,20111114,3.91,3.91,3.66,3.82,32900
SCOK,20111114,3.53,3.81,3.35,3.6,60300
SCON,20111114,17.4,18.36,17.28,18,48300
SCOR,20111114,19.73,19.73,19.13,19.2,189800
SCSC,20111114,33.47,33.99,32.85,32.97,75100
SCSS,20111114,20.72,20.9,20.47,20.65,538000
SCVL,20111114,17.64,17.64,16.8,17.0133,86800
SDBT,20111114,2.25,2.3,2.2,2.3,313200
SDIX,20111114,1.83,1.84,1.75,1.77,6500
SEAC,20111114,8.69,8.77,8.5,8.55,81000
SEED,20111114,2.76,2.79,2.7,2.72,21000
SEIC,20111114,16.26,16.39,16.08,16.13,671000
SENEA,20111114,21.71,21.8,21.1,21.24,20900
SENEB,20111114,21.39,21.39,21.39,21.39,0
SEV,20111114,6,6,6,6,0
SFLY,20111114,38.15,38.22,36.8,37.18,907800
SFNC,20111114,25.48,25.87,24.96,25.19,36600
SFST,20111114,7.93,7.93,7.93,7.93,0
SGC,20111114,12.17,12.3,11.71,12.3,1300
SGEN,20111114,16.53,16.58,15.98,16.2,1148300
SGI,20111114,14.66,14.92,14.44,14.61,321500
SGMA,20111114,3.66,3.78,3.66,3.78,2600
SGMO,20111114,3.19,3.25,3.02,3.04,230600
SGMS,20111114,8.68,8.74,8.32,8.4,381600
SGNT,20111114,22.82,24.17,22.82,24.14,134100
SGOC,20111114,2.63,2.67,2.45,2.62,9700
SGRP,20111114,1.15,1.15,1.15,1.15,0
SHBI,20111114,5.1,5.18,5.1,5.16,500
SHEN,20111114,11.97,12.02,11.52,11.67,39600
SHFL,20111114,10.76,10.85,10.64,10.67,225300
SHIP,20111114,3.09,3.15,2.96,3.09,4100
SHLD,20111114,73.72,74.81,70.72,72.25,581300
SHLM,20111114,21.67,21.76,20.9,21.34,214800
SHLO,20111114,8.33,8.34,8.02,8.16,6000
SHOO,20111114,35.7,36.78,35.69,36.25,440400
SHOR,20111114,6.77,6.96,6.57,6.73,319400
SIAL,20111114,63.17,63.63,62.48,62.9,486800
SIBC,20111114,10.89,10.89,10.89,10.89,0
SIEB,20111114,1.41,1.41,1.41,1.41,0
SIFI,20111114,9.12,9.3,9.12,9.3,16100
SIFY,20111114,4.73,4.95,4.71,4.77,370100
SIGA,20111114,2.74,2.77,2.58,2.66,635600
SIGI,20111114,16.03,16.21,15.88,15.99,230200
SIGM,20111114,8.05,8.09,7.78,7.85,121800
SILC,20111114,17.02,17.5,17.01,17.3,4000
SIMG,20111114,5.68,5.83,5.55,5.59,536100
SIMO,20111114,18.38,19.9,18.15,19.88,1364500
SINA,20111114,78.77,80.5,77.77,78.89,2014400
SINO,20111114,2.58,2.58,2.38,2.56,16300
SIRI,20111114,1.7,1.72,1.68,1.68,42518100
SIRO,20111114,42.91,43.9,42.9,43.34,990600
SIVB,20111114,46.06,46.32,44.53,45.02,276700
SIVBO,20111114,24.89,24.89,24.89,24.89,200
SKBI,20111114,2.59,2.73,2.48,2.67,7300
SKUL,20111114,18.1,18.47,16.7,16.96,253800
SKYW,20111114,12.05,12.26,11.87,11.93,224500
SKYY,20111114,18.79,18.92,18.69,18.83,28300
SLAB,20111114,42.98,43.44,42.4,42.67,235800
SLGN,20111114,38.73,38.91,38.19,38.35,146600
SLMAP,20111114,42.11,42.13,41.97,41.97,3400
SLP,20111114,3.02,3.12,2.98,3.02,16600
SLRC,20111114,23.31,23.31,22.84,23,469800
SLTC,20111114,3.9,3.9,3.9,3.9,100
SLTM,20111114,2.37,2.4,2.25,2.28,112200
SLXP,20111114,35.91,36,33.27,33.85,4196000
SMBC,20111114,22.72,22.75,22.72,22.75,1000
SMCI,20111114,15.54,15.58,15.15,15.28,167400
SMED,20111114,4.08,4.14,3.95,4.1,36400
SMIT,20111114,3.31,3.5,3.31,3.5,200
SMMF,20111114,2.5,2.5,2.5,2.5,0
SMRT,20111114,6.5,6.65,6.46,6.47,104100
SMSI,20111114,1.18,1.19,1.14,1.14,205000
SMT,20111114,5.07,5.13,4.96,4.97,106400
SMTC,20111114,23.95,24.08,23.2,23.45,360300
SMTX,20111114,2.39,2.44,2.34,2.39,26100
SNAK,20111114,4.02,4.09,4.02,4.04,5900
SNBC,20111114,2.72,2.72,2.61,2.62,124300
SNCR,20111114,30.74,31.26,30.45,30.87,191100
SNDK,20111114,51.36,51.96,50.94,51.08,4095800
SNFCA,20111114,1.1,1.3,1.1,1.3,12000
SNHY,20111114,25.6,25.76,25.22,25.5,67700
SNMX,20111114,4.24,4.24,4.01,4.09,99600
SNPS,20111114,27.4,27.52,27.19,27.31,546300
SNSS,20111114,1.3,1.31,1.25,1.27,103200
SNTA,20111114,3.3,3.38,3.27,3.28,67100
SNTS,20111114,2.82,2.85,2.77,2.79,311300
SOCB,20111114,1.58,1.58,1.58,1.58,0
SODA,20111114,32.35,33.45,32.26,32.41,870000
SOFO,20111114,9.07,9.37,9.02,9.37,1700
SOHU,20111114,59.34,60.1,57.58,57.9,823300
SOMH,20111114,7.57,7.57,7.55,7.55,700
SONA,20111114,6.1,6.26,6.1,6.25,10700
SONC,20111114,7.34,7.34,7.18,7.19,243600
SONS,20111114,2.6,2.67,2.54,2.6,1241400
SORL,20111114,3.35,3.35,3.14,3.18,43000
SOXX,20111114,52.98,53.31,52.13,52.46,220600
SPAN,20111114,14.4,14.4,14.35,14.35,3000
SPAR,20111114,4.89,4.97,4.71,4.77,101700
SPBC,20111114,10.45,10.45,10.45,10.45,0
SPCHA,20111114,1.85,1.85,1.85,1.85,0
SPCHB,20111114,2.3,2.3,2.07,2.3,400
SPEX,20111114,37.4,41,36,40,48000
SPIL,20111114,4.79,4.81,4.71,4.77,1285800
SPIR,20111114,1.35,1.35,1.12,1.18,16000
SPLS,20111114,15.3,15.55,15.11,15.37,9987300
SPMD,20111114,2.19,2.2,2.04,2.14,37800
SPNC,20111114,7.72,7.74,7.38,7.5,183900
SPNS,20111114,3.95,3.98,3.9,3.9,2200
SPPI,20111114,12.03,12.66,11.98,12.5,1787200
SPPR,20111114,0.8,0.82,0.8,0.8,800
SPPRO,20111114,19,19,19,19,0
SPPRP,20111114,7.4,7.4,7.4,7.4,0
SPRD,20111114,28.74,29.7,28.13,28.53,1572500
SPRO,20111114,1.95,1.95,1.95,1.95,0
SPRT,20111114,2.19,2.32,2.11,2.14,206200
SPSC,20111114,22.02,22.4,21.65,21.96,150800
SPTN,20111114,18.24,18.24,17.27,17.45,63000
SPU,20111114,1.93,2.1,1.93,2,49600
SQI,20111114,15.36,15.55,15.21,15.46,146600
SQNM,20111114,4.21,4.38,4.07,4.24,3589200
SQQQ,20111114,75.64,77.2,74.4,76.4,1993400
SRCE,20111114,23.81,24.99,23.34,23.57,35600
SRCL,20111114,79.68,79.68,78.15,78.48,519800
SRDX,20111114,11.86,12.1,11.86,12.1,73400
SREV,20111114,14.41,14.87,14.3,14.51,568400
SSBI,20111114,6.2,6.28,6.02,6.02,1600
SSFN,20111114,6.15,6.15,6.15,6.15,100
SSNC,20111114,16.5,16.56,16.23,16.29,172800
SSRI,20111114,15.99,16.11,15.45,15.69,2206000
SSRX,20111114,12.7,12.89,12.06,12.35,160000
SSYS,20111114,29.4,29.61,28.43,28.81,125900
STAA,20111114,8.66,8.8,8.48,8.61,217800
STAN,20111114,17.46,17.66,17.08,17.15,35000
STB,20111114,5.71,5.86,5.69,5.81,45900
STBA,20111114,18.49,18.49,17.88,18.02,60400
STBZ,20111114,14.72,15.48,14.56,14.89,185000
STEC,20111114,10.16,10.36,10.13,10.21,1460800
STEI,20111114,6.22,6.32,6.18,6.29,443800
STEL,20111114,12.34,12.39,11.92,12.15,53000
STEM,20111114,1.96,1.98,1.82,1.87,126200
STFC,20111114,11.2,11.5,10.88,11.1,87000
STKL,20111114,4.93,4.97,4.73,4.73,92700
STLD,20111114,13.31,13.66,13.31,13.64,2459500
STLY,20111114,3.42,3.45,3.35,3.39,7100
STMP,20111114,28.53,29.36,28.01,28.38,388100
STND,20111114,15,15,15,15,1000
STNR,20111114,47.54,47.54,46.05,46.48,35000
STRA,20111114,93.67,95.44,93.06,93.92,129600
STRL,20111114,11.9,11.98,11.59,11.8,43700
STRM,20111114,1.53,1.72,1.53,1.54,5900
STRN,20111114,4.88,4.88,4.88,4.88,100
STRS,20111114,7.5,7.5,7.26,7.26,1200
STRT,20111114,20.41,20.8,20.41,20.71,900
STSA,20111114,15.4,15.49,14.85,15.02,133600
STX,20111114,17.71,17.83,17.48,17.76,7302100
STXS,20111114,11.4,11.5,10.5,10.6,280500
SUBK,20111114,9.01,9.19,8.66,8.77,56000
SUMR,20111114,7.08,7.1,6.82,6.87,48400
SUNS,20111114,15.81,16,15.48,15.71,23800
SUPX,20111114,19.1,19.46,18.74,19.06,36600
SURG,20111114,6.74,6.75,6.39,6.4,98400
SUSQ,20111114,7.33,7.42,7.11,7.2,827800
SUTR,20111114,1.27,1.35,1.27,1.35,53700
SVA,20111114,2.26,2.3,2.11,2.11,156100
SVBI,20111114,3,3,3,3,0
SVNT,20111114,2.75,2.78,2.52,2.57,1867500
SVVC,20111114,14.55,14.55,14.27,14.34,5100
SWHC,20111114,3.09,3.1,3,3.02,438600
SWIR,20111114,7.18,7.18,7.08,7.13,36200
SWKS,20111114,19.62,19.85,19.25,19.49,2144700
SWSH,20111114,4.08,4.15,3.95,3.99,828800
SYBT,20111114,20.34,20.64,20.15,20.25,30700
SYBTP,20111114,11.35,11.35,11.35,11.35,0
SYKE,20111114,15.96,16.1,15.51,15.65,211100
SYMC,20111114,17.1,17.2,16.84,16.94,4243400
SYMM,20111114,5,5.05,4.93,5.03,114900
SYMX,20111114,1.53,1.54,1.5,1.51,9000
SYNA,20111114,33.25,33.56,32.83,33.03,202500
SYNL,20111114,10.67,10.72,10.57,10.66,1200
SYNM,20111114,10.4,10.6,9.7,9.9,320300
SYNT,20111114,47.59,47.76,46.58,46.89,104000
SYPR,20111114,3.79,3.79,3.63,3.69,7200
SYUT,20111114,6.62,6.7,6.24,6.35,63300
SZYM,20111114,11.53,11.7,11.02,11.24,273200
TACT,20111114,6.75,6.75,6.64,6.65,26800
TAIT,20111114,0.92,0.92,0.92,0.92,9100
TASR,20111114,5.57,5.87,5.56,5.73,735800
TAST,20111114,10.29,10.32,10.08,10.2,22400
TATT,20111114,4.87,4.87,4.85,4.85,1800
TAXI,20111114,11.64,11.77,11.5,11.68,85100
TAYC,20111114,9.93,10.25,9.93,10.11,29700
TAYCP,20111114,23.23,23.25,23,23.25,2400
TAYD,20111114,8.11,8.33,8.11,8.29,3900
TBAC,20111114,1.1,1.1,1.04,1.04,58200
TBBK,20111114,8.69,8.74,8.44,8.58,90200
TBNK,20111114,19.65,19.94,19.2,19.48,30700
TBOW,20111114,2.4,2.41,2.19,2.34,14000
TCBI,20111114,27.55,27.94,26.86,27.1,316100
TCBIW,20111114,15.19,15.19,15.19,15.19,0
TCBK,20111114,14.73,14.73,14.07,14.24,24200
TCCO,20111114,7.97,8.24,7.97,8.1,1500
TCRD,20111114,12.08,12.08,11.78,11.91,18000
TEAR,20111114,1.22,1.22,1.22,1.22,1700
TECD,20111114,48.64,48.92,47.86,48.33,241000
TECH,20111114,67.64,67.67,66.47,66.72,90400
TECUA,20111114,5.49,5.76,4.83,4.97,115900
TECUB,20111114,5.15,5.15,4.75,4.87,1900
TELK,20111114,7.5,7.8,6.9,7.8,18200
TESO,20111114,12.43,12.62,11.83,12.15,186100
TESS,20111114,14.11,14.11,13.93,14.06,11000
TFCO,20111114,3.25,3.25,3.25,3.25,100
TFM,20111114,42.83,43.08,41.77,42.4,208300
TFSL,20111114,9.28,9.34,9.01,9.07,217900
TGA,20111114,9.66,9.68,9.45,9.53,110900
TGE,20111114,6.84,6.94,6.73,6.83,80800
THFF,20111114,33.83,33.83,32.79,33.33,40400
THLD,20111114,1.54,1.59,1.51,1.55,56600
THOR,20111114,30.43,30.8,30,30.04,787300
THRD,20111114,21.03,21.04,21,21,700
THRX,20111114,22.67,23.32,22.67,23,482600
THTI,20111114,1.42,1.42,1.42,1.42,0
TIBX,20111114,28.6,30.73,28.53,29.73,4287800
TICC,20111114,8.42,8.42,8.25,8.33,188300
TIGR,20111114,2.14,2.28,2.14,2.21,3100
TINY,20111114,3.73,3.85,3.69,3.73,121900
TISA,20111114,2.07,2.1,1.97,2.01,25100
TITN,20111114,22.74,22.88,22.22,22.34,127100
TIVO,20111114,10.72,10.74,10.34,10.44,1353300
TKMR,20111114,1.62,1.68,1.62,1.68,3500
TLAB,20111114,4.28,4.36,4.21,4.23,2297600
TLF,20111114,4.71,5,4.71,5,2100
TMNG,20111114,1.73,1.88,1.73,1.76,2500
TNAV,20111114,9.36,9.42,9.01,9.06,114400
TNGO,20111114,14.32,14.68,14.31,14.59,37500
TOFC,20111114,8.23,8.23,8.23,8.23,0
TOPS,20111114,2.26,2.27,2.22,2.27,600
TORM,20111114,15.49,15.91,15.1,15.45,16300
TOWN,20111114,12.57,12.57,11.91,12.09,66800
TPGI,20111114,2.74,2.94,2.73,2.93,39300
TQNT,20111114,5.16,5.19,5.02,5.03,3846100
TQQQ,20111114,38.065,38.68,37.205,37.64,591500
TRAK,20111114,26.05,26.25,25.4,25.76,305500
TREE,20111114,5.1,5.1,5.1,5.1,5400
TRGT,20111114,7.73,7.8,7.42,7.51,711700
TRIB,20111114,9.57,9.78,9.5,9.59,16200
TRIT,20111114,4.52,4.52,4.25,4.36,29800
TRLG,20111114,34.21,34.86,33.93,34.43,462400
TRMB,20111114,21.275,21.38,20.95,21.18,269400
TRMD,20111114,9.8,10.1,9.4,9.6,15000
TRMK,20111114,22.3,22.38,21.73,21.98,307800
TRNS,20111114,11.89,12.5,11.58,12.5,7200
TRNX,20111114,17.85,17.95,17.62,17.8,66100
TROW,20111114,54.15,54.49,54.01,54.27,2420300
TRS,20111114,19.27,20.23,19.26,19.79,396100
TRST,20111114,5.11,5.12,4.97,5.04,223800
TSBK,20111114,4.27,4.27,4.25,4.26,1100
TSCO,20111114,74.54,75.41,73.85,74.4,605400
TSEM,20111114,11.55,11.7,11.4,11.55,271300
TSLA,20111114,33,33.54,32.62,33.22,1325600
TSON,20111114,1.63,1.69,1.6,1.63,52800
TSPT,20111114,7.39,7.4,6.27,6.52,847500
TSRA,20111114,14.71,14.95,14.52,14.68,485500
TSRI,20111114,3.99,4.06,3.99,4.06,1700
TSRX,20111114,7.46,7.55,7.32,7.49,72200
TST,20111114,1.8,1.84,1.79,1.79,32300
TSTC,20111114,7.56,7.6,6.87,7,235000
TSYS,20111114,3.27,3.28,3.17,3.18,119500
TTEC,20111114,17.29,17.41,16.85,17.01,251700
TTEK,20111114,22.44,22.44,21.99,22.14,241700
TTGT,20111114,6.06,6.07,5.69,5.88,41200
TTHI,20111114,1.46,1.51,1.42,1.5,10000
TTMI,20111114,11.12,11.19,10.81,11.01,495100
TTWO,20111114,14.71,15,14.46,14.48,3037200
TUES,20111114,3.63,3.66,3.52,3.56,277300
TWER,20111114,2.63,2.73,2.63,2.7,347400
TWGP,20111114,22.27,22.49,21.78,21.86,230200
TWIN,20111114,42.99,43.07,41.79,42.5,119100
TWMC,20111114,2.19,2.24,2.11,2.11,2600
TWTC,20111114,18.45,18.67,18.15,18.24,880900
TXCC,20111114,2.15,2.27,2.1,2.27,76800
TXN,20111114,31.35,31.72,31.01,31.16,9040300
TXRH,20111114,14.17,14.33,14,14.09,364600
TYPE,20111114,14.83,14.85,14.37,14.65,165800
TZOO,20111114,28.85,29.13,28.18,28.46,292300
TZYM,20111114,3.38,3.7,3.36,3.4,4100
UACL,20111114,14.53,14.93,14.2,14.89,13400
UBCP,20111114,8.33,8.34,8.15,8.15,7300
UBFO,20111114,2.49,2.49,2.22,2.3,6700
UBNK,20111114,16.16,16.16,15.5,15.67,21700
UBNT,20111114,20.34,20.63,19.15,19.71,58900
UBOH,20111114,7.75,7.8,7.75,7.8,800
UBPS,20111114,5.77,5.77,5.77,5.77,0
UBSH,20111114,12.76,12.97,12.49,12.61,52400
UBSI,20111114,23.96,24.17,23.39,23.78,297700
UCBA,20111114,5.61,5.72,5.6,5.69,1000
UCBI,20111114,7.15,7.19,6.87,6.91,195600
UCFC,20111114,1.07,1.14,1,1.01,30100
UCTT,20111114,5.47,5.58,5.19,5.24,115500
UEIC,20111114,16.99,17.27,16.02,16.29,70000
UEPS,20111114,7.77,7.83,7.6,7.8,115900
UFCS,20111114,17.69,17.82,17.27,17.58,68800
UFPI,20111114,27.75,27.82,26.57,26.92,78800
UFPT,20111114,15.53,15.9,15.46,15.6,11100
UG,20111114,15.15,15.15,15.15,15.15,100
UHAL,20111114,79.8,80.87,77.78,78.38,34600
ULBI,20111114,4.39,4.45,4.36,4.42,62000
ULGX,20111114,0.87,1.04,0.87,1.02,14300
ULTA,20111114,72.77,73.4,71.21,71.78,699300
ULTI,20111114,64.58,65.54,63.65,64.12,269100
ULTR,20111114,3.12,3.2,2.6,3.02,225300
UMBF,20111114,35.49,36.41,35.34,35.8,101100
UMPQ,20111114,12.24,12.34,11.91,12.04,705700
UNAM,20111114,10.61,11.89,10.61,11.42,1300
UNB,20111114,18.95,19.54,18.95,19.17,900
UNFI,20111114,35.76,35.98,35.44,35.73,361100
UNIS,20111114,4.85,4.86,4.55,4.62,138900
UNTD,20111114,5.46,5.48,5.38,5.42,493000
UNTK,20111114,5.16,5.17,4.84,5.03,33300
UNTY,20111114,6.4,6.53,6.4,6.4,7700
UNXL,20111114,5.54,6.15,5.54,5.9,37500
UPI,20111114,4.76,4.82,4.46,4.59,46000
URBN,20111114,26.99,26.99,26.38,26.83,3970800
URRE,20111114,10.7,10.9,10.1,10.2,626800
USAK,20111114,9.22,9.49,9.14,9.49,6900
USAP,20111114,38.98,39.18,36.87,37.98,47300
USAT,20111114,1.34,1.35,1.23,1.24,275200
USATP,20111114,17.1,17.1,17.1,17.1,0
USATZ,20111114,0.58,0.66,0.58,0.64,1000
USBI,20111114,4.85,5,4.81,5,2000
USCR,20111114,3.29,3.29,3,3.11,32400
USEG,20111114,3.1,3.13,3.01,3.03,122400
USLM,20111114,51.65,52.86,51.65,52.52,2800
USMO,20111114,14.47,14.5,14.24,14.48,190800
USTR,20111114,32.37,32.84,31.87,32.19,149500
UTEK,20111114,22.9,23.12,22.53,22.77,159900
UTHR,20111114,41.68,42.35,41.45,42.32,495500
UTIW,20111114,15.09,15.34,14.82,14.91,332500
UTMD,20111114,26.93,27.19,26.93,27.19,3200
UTSI,20111114,4.5,4.56,4.32,4.35,245400
UVSP,20111114,14.61,14.74,14.1,14.2,31400
VALU,20111114,12.82,13.12,12.27,12.8,1800
VALV,20111114,0.6,0.64,0.6,0.6,255300
VASC,20111114,10.67,10.96,10.61,10.78,63000
VBFC,20111114,1.95,1.95,1.72,1.73,1500
VCBI,20111114,6.38,6.44,6.23,6.24,56200
VCIT,20111114,82.35,82.5,82.11,82.28,117400
VCLK,20111114,16.03,16.04,15.68,15.8,2011300
VCLT,20111114,85.59,85.94,85.33,85.57,26000
VCSH,20111114,78.25,78.27,78.14,78.2,215100
VDSI,20111114,8.42,8.78,8.2,8.32,327300
VECO,20111114,28.51,28.62,26.95,27.07,1307200
VELT,20111114,8.72,8.87,8.44,8.8,454500
VGIT,20111114,65.29,65.42,65.25,65.4,27000
VGLT,20111114,72.88,73.22,72.75,73.22,34900
VGSH,20111114,61.12,61.12,61.04,61.06,12500
VIA,20111114,53.56,54.03,53.17,53.52,22200
VIAB,20111114,44.46,45.43,44.46,45.05,7689400
VIAS,20111114,17.7,17.7,17.04,17.25,5000
VICL,20111114,3.63,3.63,3.48,3.52,540100
VICR,20111114,9.01,9.19,8.45,8.57,88200
VIDE,20111114,4.32,4.4,4.29,4.4,12500
VIFL,20111114,6.95,6.95,6.47,6.75,6700
VIMC,20111114,1.72,1.79,1.52,1.72,40400
VIRC,20111114,1.56,1.57,1.55,1.57,1700
VISN,20111114,27,30.6,26,29.6,141000
VITC,20111114,6.21,6.36,6.21,6.3,122300
VIVO,20111114,18.48,18.63,18.27,18.49,187400
VLCCF,20111114,17.77,18.08,17.63,18.03,155900
VLGEA,20111114,29.3,29.46,28.47,29.42,16200
VLTR,20111114,24.53,24.88,24.29,24.74,213600
VMBS,20111114,51.84,51.84,51.54,51.78,31500
VMED,20111114,24.35,24.46,24.06,24.2,3639800
VNDA,20111114,5.54,5.59,5.32,5.33,130000
VNET,20111114,8.74,9.31,8.61,9.27,891400
VNQI,20111114,44.07,44.44,43.88,44.01,13200
VOCS,20111114,19.65,19.84,19.2,19.48,52800
VOD,20111114,29.02,29.28,28.91,29.07,10401700
VOLC,20111114,24.2,24.2,23.39,23.53,368800
VONE,20111114,57.61,57.61,57,57.25,7100
VONG,20111114,60.3,60.3,60.3,60.3,0
VONV,20111114,54.57,54.7,54.57,54.57,1400
VOXX,20111114,7.29,7.33,6.87,7.01,101900
VPFG,20111114,12.76,12.77,12.4,12.6,83700
VPHM,20111114,21.78,22.07,21.47,21.93,738100
VPRT,20111114,33.79,34.98,33.69,34.03,233600
VRA,20111114,42.01,42.65,41.37,42.32,421200
VRML,20111114,1.28,1.33,1.2,1.23,159900
VRNM,20111114,2.38,2.59,2.38,2.49,21700
VRNT,20111114,28.85,28.86,27.93,28.18,59800
VRSK,20111114,38.23,38.23,36.94,37.24,717000
VRSN,20111114,33.2,33.56,32.97,33.11,707000
VRTA,20111114,1.07,1.07,1.06,1.06,800
VRTB,20111114,1.18,1.26,1.18,1.2,6400
VRTS,20111114,68.63,70.81,67.91,69.53,24400
VRTU,20111114,14.8,14.94,14.24,14.43,46400
VRTX,20111114,31.01,31.1,29.57,30.03,3763200
VSAT,20111114,45.8,45.96,44.91,45.36,210800
VSBN,20111114,10,10,10,10,0
VSCI,20111114,2.21,2.32,2.18,2.3,39800
VSCP,20111114,0.9,1.06,0.9,0.98,73900
VSEC,20111114,25.01,25.01,24.17,24.36,9400
VTHR,20111114,57.57,57.57,57.1,57.1,2100
VTNC,20111114,5.61,5.74,5.43,5.63,78100
VTSS,20111114,2.35,2.39,2.24,2.28,53000
VTUS,20111114,7.97,8.25,7.96,8.19,12800
VTWG,20111114,61.5,61.5,60.97,60.97,2400
VTWO,20111114,58.93,58.96,58,58.11,21100
VTWV,20111114,56.02,56.02,55.48,55.48,1900
VVTV,20111114,1.96,1.99,1.89,1.96,503300
VVUS,20111114,10.03,10.25,9.95,10.16,1310900
VXUS,20111114,43.58,43.87,43.31,43.53,32600
VYFC,20111114,4.66,4.66,4.65,4.65,400
WABC,20111114,44.98,45.17,43.76,44.1,77000
WAFD,20111114,13.65,13.8,13.27,13.3,491900
WASH,20111114,23.33,23.5,22.75,22.93,25900
WAVX,20111114,2.52,2.6,2.52,2.59,389000
WAYN,20111114,8.11,8.11,8,8,9300
WBCO,20111114,11.73,11.79,11.34,11.47,34000
WBKC,20111114,14.3,14.3,14.3,14.3,0
WBMD,20111114,33.56,33.64,32.99,33.01,427600
WBSN,20111114,18.14,18.15,17.88,18.07,244400
WCRX,20111114,17.17,17.37,16.83,16.93,1955000
WDC,20111114,26.45,26.74,26.13,26.34,1826400
WDFC,20111114,42.87,42.93,42.21,42.35,70000
WEBM,20111114,4.76,4.76,4.41,4.55,27000
WERN,20111114,24.29,24.5,24.11,24.23,379000
WETF,20111114,7.68,7.75,7.43,7.52,136300
WEYS,20111114,23.44,23.55,23.14,23.25,7900
WFD,20111114,7.2,7.23,7.01,7.1,71100
WFM,20111114,68.5,68.74,67,67.61,1052000
WIBC,20111114,3.31,3.37,3.2,3.2,312900
WIFI,20111114,8.29,8.59,7.87,8.5,41100
WILC,20111114,5.65,5.68,5.52,5.6,9500
WILN,20111114,6.37,6.4,6.14,6.19,65700
WIN,20111114,11.97,12,11.75,11.79,5963800
WINA,20111114,51.57,52.36,51.57,51.83,9700
WIRE,20111114,26.1,26.18,25.5,25.65,56800
WLB,20111114,10.89,10.89,10.04,10.16,21400
WLBPZ,20111114,26.25,26.25,26.25,26.25,0
WLDN,20111114,4.02,4.09,4,4.09,7200
WLFC,20111114,11.92,11.92,11.92,11.92,100
WMAR,20111114,9.57,9.68,9.2,9.27,71800
WMGI,20111114,14.52,15.07,14.52,14.94,264500
WOOD,20111114,36.9,36.91,36.48,36.57,7300
WOOF,20111114,19.85,19.92,19.48,19.81,311600
WPCS,20111114,1.96,2.22,1.95,2.21,24900
WPPGY,20111114,52.62,52.87,52.08,52.37,26900
WPRT,20111114,27.99,28.96,27.87,28.75,535300
WRES,20111114,3.03,3.06,2.95,3,242600
WRLD,20111114,67.99,67.99,66.63,67.15,82800
WRLS,20111114,6.5,6.75,6.46,6.75,161800
WSB,20111114,2.27,2.33,2.27,2.33,800
WSBC,20111114,20.14,20.14,19.18,19.46,40300
WSBF,20111114,2.48,2.48,2.4,2.41,3200
WSCI,20111114,5.27,5.27,5.06,5.15,17900
WSFS,20111114,38.12,38.34,37.41,37.7,7600
WSTG,20111114,12.31,12.48,12.11,12.33,12400
WSTL,20111114,2.11,2.11,2.05,2.06,173000
WTBA,20111114,8.97,9.03,8.38,8.52,41300
WTFC,20111114,29.05,29.21,27.71,28.16,275900
WTFCW,20111114,12.99,12.99,12.5,12.5,1100
WVFC,20111114,9,9,8.75,8.75,500
WVVI,20111114,2.86,2.97,2.85,2.9,13200
WWD,20111114,35.77,35.82,35.02,35.82,343600
WWWW,20111114,10.6,10.75,10.48,10.57,281700
WYNN,20111114,125.07,128.98,124.34,125.02,3339600
XBKS,20111114,3.51,3.65,3.5,3.59,2700
XIDE,20111114,2.98,3,2.87,2.87,1018100
XLNX,20111114,32.85,33.07,32.3,32.51,2901800
XNPT,20111114,4.99,5.02,4.9,4.94,204100
XOMA,20111114,1.62,1.69,1.61,1.63,343400
XRAY,20111114,36.12,36.37,35.57,35.87,1149900
XRTX,20111114,14.49,14.54,14.08,14.48,559900
XTEX,20111114,16.75,16.89,16.25,16.4,251300
XTXI,20111114,12.19,12.48,12.08,12.21,270900
XWES,20111114,3.75,3.8,3.74,3.75,5700
XXIA,20111114,11.12,11.14,10.73,10.92,159900
YAVY,20111114,1.85,1.88,1.82,1.88,1800
YHOO,20111114,16.17,16.31,15.93,16,14282000
YNDX,20111114,25.48,25.81,25,25.63,587500
YORW,20111114,16.98,16.98,16.8,16.89,21200
YRCW,20111114,0.04,0.04,0.04,0.04,12620200
Z,20111114,29.85,30.66,28.41,28.57,106100
ZAGG,20111114,11.69,12.25,11.52,12.19,1410000
ZBRA,20111114,37.49,37.77,37.06,37.23,160100
ZEUS,20111114,23.12,23.12,22.26,22.39,32600
ZGNX,20111114,1.87,1.9,1.82,1.84,170800
ZHNE,20111114,0.98,0.99,0.94,0.98,53500
ZIGO,20111114,16.63,17.07,16.15,16.95,132300
ZINC,20111114,8.44,8.54,8.11,8.2,300100
ZION,20111114,16.71,16.9,16.26,16.41,2792400
ZIONW,20111114,3.5,3.5,3.5,3.5,0
ZIOP,20111114,4.87,4.95,4.7,4.78,561900
ZIPR,20111114,1.7,1.7,1.7,1.7,0
ZIXI,20111114,2.8,2.82,2.74,2.76,363500
ZLCS,20111114,1.14,1.15,1,1.03,1010300
ZLTQ,20111114,15.32,16.77,15.25,16.3,296000
ZN,20111114,2.89,2.89,2.75,2.75,106700
ZOLT,20111114,7.04,7.09,6.81,6.87,118400
ZOOM,20111114,1.65,1.69,1.56,1.62,150400
ZUMZ,20111114,22.87,23.05,22.54,22.93,182400
