<ticker>,<date>,<open>,<high>,<low>,<close>,<vol>
AACC,20111006,3.05,3.16,3.05,3.06,32300
AAME,20111006,1.8,1.82,1.69,1.8,2000
AAON,20111006,16.71,18.1,16.71,18.08,72900
AAPL,20111006,373.12,384.78,371.8,377.37,29020700
AAWW,20111006,32.99,35.09,32.81,35.05,240100
AAXJ,20111006,47.18,48.3,46.97,48.22,211800
ABAX,20111006,23.38,23.63,22.95,23.58,141500
ABCB,20111006,9.25,9.37,9.2,9.34,87600
ABCD,20111006,2.99,3.09,2.94,3.06,67000
ABCO,20111006,30.26,30.9,30.085,30.675,138900
ABFS,20111006,16.1,16.69,15.77,16.65,495800
ABIO,20111006,6.6,7.02,6.48,7.02,24300
ABMD,20111006,11.72,11.72,11.39,11.59,171800
ABTL,20111006,4,4.6,3.8,4.55,135400
ACAD,20111006,1.1,1.1,1,1.02,1176500
ACAS,20111006,6.49,6.83,6.38,6.83,3388400
ACAT,20111006,15.02,15.5,14.79,15.48,106500
ACCL,20111006,6.46,6.66,6.34,6.5,170100
ACET,20111006,5.77,5.85,5.59,5.78,96000
ACFC,20111006,2.13,2.15,2.06,2.06,2200
ACFN,20111006,5.26,5.34,5.22,5.25,12700
ACGL,20111006,33.25,33.43,32.77,33.2,553100
ACHN,20111006,4.13,4.54,4.03,4.5,396300
ACIW,20111006,26.76,27.27,26.55,27.19,285300
ACLS,20111006,1.18,1.21,1.15,1.21,384100
ACNB,20111006,15.5,15.5,15.16,15.19,7500
ACOR,20111006,20.4,21.92,20.32,21.91,1070000
ACPW,20111006,6.5,6.55,6.25,6.55,312600
ACRX,20111006,3.04,3.17,3.04,3.04,2000
ACTG,20111006,36.15,37.83,35.49,37.81,452000
ACTS,20111006,1.98,1.98,1.94,1.98,27300
ACUR,20111006,3.76,3.87,3.66,3.84,64300
ACWI,20111006,39.58,40.5,39.3,40.44,845500
ACWX,20111006,35.25,36.19,35.15,36.19,69600
ACXM,20111006,10.48,11.03,10.48,11.01,485700
ADAT,20111006,1.78,1.78,1.44,1.64,60800
ADBE,20111006,24.6,25.34,24.49,25.33,3846200
ADEP,20111006,3.21,3.31,3.2,3.25,8200
ADES,20111006,15.25,15.27,14.8,14.9,33300
ADI,20111006,33.26,33.97,33.12,33.93,4405300
ADP,20111006,48.13,48.8,47.61,48.79,2687600
ADRA,20111006,22.71,22.71,22.66,22.7,1900
ADRD,20111006,18,18.25,18,18.25,300
ADRE,20111006,36.37,37.27,36.29,37.26,40000
ADRU,20111006,17.49,17.87,17.49,17.87,2100
ADSK,20111006,27.12,28.01,26.41,27.99,3313700
ADTN,20111006,28.14,29.09,27.86,29.07,691600
ADUS,20111006,4.12,4.12,3.8,3.87,8700
ADVS,20111006,22.37,22.43,21.74,22.16,240500
AEGR,20111006,13.43,13.61,13.39,13.5,52400
AEHR,20111006,0.81,1.01,0.81,0.87,5300
AEIS,20111006,8.86,8.97,8.78,8.92,505700
AEPI,20111006,23.35,23.35,22.2,22.86,22300
AERL,20111006,5.26,5.26,5.1,5.19,112300
AETI,20111006,3.78,3.78,3.55,3.75,2500
AEY,20111006,2.13,2.23,2.13,2.23,400
AEZS,20111006,9.18,9.36,9,9.3,853100
AFAM,20111006,17.32,18.83,17.04,18.82,142000
AFCB,20111006,12.45,12.45,12.45,12.45,0
AFCE,20111006,12.5,12.79,12.43,12.73,78500
AFFX,20111006,5.47,5.7,5.38,5.69,910400
AFFY,20111006,4.67,4.93,4.52,4.91,311700
AFOP,20111006,7.53,7.53,7.24,7.5,21400
AFSI,20111006,22.38,22.84,22.21,22.61,179800
AGEN,20111006,0.47,0.47,0.47,0.47,0
AGII,20111006,29.73,29.79,29.18,29.5,84900
AGNC,20111006,26.3,27.19,26.28,27.04,4509100
AGYS,20111006,7.75,8.02,7.63,7.92,111900
AHGP,20111006,44.44,45.25,44.05,44.93,33600
AHPI,20111006,3.77,3.79,3.75,3.75,1300
AIMC,20111006,11.95,12.72,11.79,12.64,274400
AINV,20111006,7.56,7.72,7.31,7.65,2381000
AIRM,20111006,21.0733,22.0033,20.8667,21.9767,76800
AIRT,20111006,7.38,7.5,7.34,7.34,3600
AIXG,20111006,14.57,15.18,14.47,15.13,189500
AKAM,20111006,22.5,23.22,22.03,22.88,5654200
AKRX,20111006,7.58,7.85,7.54,7.77,710400
ALCO,20111006,21,21.06,20.79,21.06,5300
ALGN,20111006,16.2,16.83,15.85,16.79,627800
ALGT,20111006,47.77,49.03,47.77,48.69,178000
ALIM,20111006,7.67,7.94,7.37,7.81,83700
ALKS,20111006,14.39,14.96,14.38,14.91,693800
ALLB,20111006,10.01,10.06,10,10.06,95100
ALLT,20111006,10.3,10.61,10.21,10.51,160500
ALNY,20111006,6.58,6.58,6.33,6.54,287400
ALOG,20111006,46.96,48.13,46.25,48.06,96800
ALOT,20111006,6.79,7.1,6.79,7.1,1300
ALSK,20111006,6.5,6.52,6.23,6.39,577200
ALTE,20111006,19.36,19.96,19.36,19.84,349700
ALTI,20111006,1.27,1.35,1.26,1.3,75200
ALTR,20111006,32.59,33,31.93,32.95,5360300
ALVR,20111006,10.2,10.6,10.1,10.6,184900
ALXA,20111006,12,12.5,11.6,11.6,364800
ALXN,20111006,65,65.87,64.29,65.64,1182600
AMAG,20111006,13.66,13.85,13.56,13.65,155200
AMAP,20111006,13.31,13.92,13.31,13.82,28000
AMAT,20111006,10.65,10.82,10.45,10.75,18381900
AMBT,20111006,7.75,8.05,7.75,7.93,400
AMCC,20111006,5.49,5.55,5.33,5.53,471500
AMCF,20111006,1.95,2.13,1.9,2.1,21700
AMCN,20111006,2.32,2.53,2.28,2.33,101600
AMCX,20111006,31,33.14,31,32.7,307900
AMED,20111006,12.21,12.76,11.83,12.65,693600
AMGN,20111006,55.92,56.85,55.26,56.83,4827900
AMIC,20111006,4.62,4.74,4.62,4.74,400
AMKR,20111006,4.54,4.79,4.52,4.77,1875300
AMNB,20111006,18.37,18.68,18.21,18.63,3500
AMOT,20111006,4.7,5.11,4.7,4.89,8700
AMOV,20111006,21.52,21.58,21.48,21.58,1400
AMPE,20111006,7.42,7.92,6.93,7.67,71200
AMRB,20111006,4.72,4.72,4.71,4.72,2100
AMRI,20111006,3.34,3.34,3.14,3.26,125900
AMRN,20111006,8.51,9.33,8.42,9.2,4770200
AMRS,20111006,18.6,18.6,17.71,18.18,177200
AMSC,20111006,3.89,4.2,3.85,4.13,1337700
AMSF,20111006,20.37,20.37,19.51,19.79,48600
AMSG,20111006,22.75,23.14,22.5,23.11,240300
AMSWA,20111006,7.43,7.55,7.16,7.53,91700
AMWD,20111006,13.56,13.81,13.18,13.75,13900
AMZN,20111006,220.28,223.62,217.55,221.51,6850300
ANAC,20111006,5.69,6.46,5.56,5.95,60200
ANAD,20111006,2.17,2.18,2.09,2.16,535400
ANAT,20111006,69.35,71.76,69.35,71.43,17000
ANCB,20111006,6.05,6.05,6.05,6.05,0
ANCI,20111006,1.92,1.92,1.8,1.8,1900
ANCX,20111006,8.12,8.12,7.78,7.98,3000
ANDE,20111006,33.14,34.27,32.84,34.2,95100
ANEN,20111006,20.48,21.57,19.99,21.51,61200
ANGO,20111006,13.81,14.29,13.71,14.27,142600
ANIK,20111006,5.44,5.9,5.38,5.89,40100
ANLY,20111006,3.3,3.33,3.17,3.2,5100
ANSS,20111006,48.44,48.81,47.8,48.63,642800
ANTH,20111006,5.16,5.16,4.87,5.01,62700
ANTP,20111006,1.82,1.97,1.8,1.8,3100
AOSL,20111006,7.88,7.88,7.65,7.68,46700
APAGF,20111006,77.7,79.42,77.26,79.42,16300
APEI,20111006,35.82,37.27,35.48,37.17,91100
APFC,20111006,7.2,7.29,7.15,7.28,3800
APOG,20111006,9.87,10.09,9.79,9.98,137000
APOL,20111006,42.09,43.24,41.38,43.06,1336900
APPY,20111006,16.32,17.4,16.2,17.28,6100
APRI,20111006,3.6,4.03,3.6,3.93,206300
APSA,20111006,14.23,16.47,14.23,14.74,4900
APWC,20111006,2.68,2.94,2.35,2.56,8900
ARAY,20111006,3.95,4.07,3.86,3.95,626000
ARCC,20111006,13.66,13.95,13.42,13.94,1892000
ARCI,20111006,4.58,4.58,4.39,4.5,3500
ARCP,20111006,11.75,11.75,11.75,11.75,200
ARCW,20111006,2.98,2.98,2.97,2.97,600
ARDNA,20111006,80.43,82.74,76.47,82.74,1300
AREX,20111006,17.52,18.54,16.9,18.35,346700
ARIA,20111006,9.21,9.55,9.03,9.35,3647100
ARII,20111006,17.04,17.75,16.84,17.75,120600
ARKR,20111006,13.13,13.13,12.8,12.83,2900
ARLP,20111006,64.65,66.59,63.61,65.86,59300
ARMH,20111006,25.46,26.11,25.12,26.06,4034500
ARNA,20111006,1.36,1.41,1.33,1.36,1394600
AROW,20111006,22.6,22.89,22.41,22.87,24500
ARQL,20111006,4.91,4.98,4.83,4.97,186400
ARRS,20111006,10.88,11.3,10.78,11.26,1581800
ARRY,20111006,2.12,2.12,1.95,2.03,414600
ARTC,20111006,28.63,29.82,28.52,29.71,142000
ARTNA,20111006,17.59,17.66,17.3,17.63,13900
ARTW,20111006,5.28,5.95,5.27,5.59,9100
ARTX,20111006,1.37,1.37,1.3,1.34,18800
ARUN,20111006,22.44,23.64,22.32,23.51,3505300
ARWR,20111006,0.4,0.4,0.31,0.38,223200
ASBC,20111006,9.84,10.26,9.72,10.25,1589300
ASBI,20111006,3.74,3.74,3.74,3.74,1400
ASCA,20111006,16.29,16.71,16.02,16.63,407100
ASCMA,20111006,40.06,40.86,39.74,40.58,28100
ASEI,20111006,64.2,64.94,63.34,64.87,44800
ASFI,20111006,7.75,7.97,7.65,7.79,8000
ASIA,20111006,8.14,8.82,7.97,8.76,676500
ASMI,20111006,23.32,24.57,23.18,24.48,40200
ASML,20111006,34.6,35.61,34.55,35.58,1830400
ASNA,20111006,13.65,14.2,13.65,14.18,640200
ASPS,20111006,35.04,35.6,34.64,35.49,44800
ASRV,20111006,1.98,1.98,1.8,1.8,600
ASRVP,20111006,25.5,25.5,25.5,25.5,0
ASTC,20111006,0.59,0.6,0.54,0.6,22300
ASTE,20111006,30.28,30.86,29.96,30.77,167600
ASTI,20111006,0.81,0.84,0.81,0.82,33700
ASTM,20111006,2.18,2.22,2.18,2.22,99700
ASTX,20111006,1.95,1.95,1.86,1.9,309000
ASUR,20111006,2.1333,2.1333,2.0333,2.1333,2700
ASYS,20111006,8.59,8.96,8.44,8.85,157100
ATAI,20111006,8.96,8.96,8.96,8.96,0
ATAX,20111006,5.04,5.15,4.98,5.07,57000
ATEA,20111006,2.65,2.71,2.58,2.71,5300
ATEC,20111006,2.22,2.37,2.18,2.36,140800
ATHN,20111006,58.49,60.54,57.93,59.69,519100
ATHX,20111006,1.59,1.64,1.59,1.61,25400
ATLO,20111006,16.47,17.13,16.36,17.1,14400
ATMI,20111006,17.76,18.12,17.58,17.95,119600
ATML,20111006,8.27,8.56,8.04,8.55,7412200
ATNI,20111006,32.57,33.6,31.44,32.01,38000
ATNY,20111006,3.4,3.7,3.4,3.46,18000
ATRC,20111006,10.43,10.55,10.15,10.44,56200
ATRI,20111006,215.31,218.31,215.25,218.31,2100
ATRM,20111006,1.15,1.17,1.08,1.12,4200
ATRO,20111006,31.82,32.25,31.09,32.17,55200
ATSG,20111006,4.72,5.1,4.72,5.03,349800
ATVI,20111006,12.15,12.58,12.06,12.57,9095800
ATX,20111006,11.27,11.34,11.18,11.3,61600
AUBN,20111006,19.5,19.5,19.5,19.5,0
AUDC,20111006,2.55,2.64,2.52,2.58,141600
AUXL,20111006,13.93,14.4,13.88,14.33,1336800
AVAV,20111006,29.39,29.76,29.14,29.54,112000
AVEO,20111006,14.98,15.86,14.95,15.79,233500
AVGO,20111006,32.75,33.15,32.29,32.95,2484300
AVID,20111006,8.21,8.59,8.14,8.55,133800
AVNR,20111006,2.86,2.94,2.83,2.92,2228000
AVNW,20111006,2.61,2.67,2.56,2.66,232700
AWAY,20111006,34.96,36,34.52,35.3,45700
AWRE,20111006,2.61,2.75,2.61,2.75,9400
AXAS,20111006,2.54,2.68,2.45,2.53,1561800
AXFN,20111006,18.36,18.37,18.36,18.37,300
AXTI,20111006,4.98,5.2,4.84,5.09,496000
AZPN,20111006,15.55,15.9,15.55,15.82,680100
BABY,20111006,8.96,9.21,8.92,8.95,437000
BAGL,20111006,12.88,13.02,12.56,12.83,20900
BAMM,20111006,2.26,2.28,2.23,2.28,75000
BANC,20111006,11.54,12,10.93,11.5,31600
BANF,20111006,34.07,35.99,34.05,35.88,17900
BANFP,20111006,27.74,27.74,27.74,27.74,0
BANR,20111006,12.53,13.34,12.42,13.23,201200
BASI,20111006,1.32,1.32,1.21,1.27,1000
BBBY,20111006,55.71,57.49,55.23,57.49,3073400
BBEP,20111006,16.4,16.64,16.14,16.49,228200
BBGI,20111006,3.84,3.84,3.84,3.84,0
BBNK,20111006,10.27,10.66,10.09,10.36,12800
BBOX,20111006,22.37,23.59,22.21,23.5,74600
BBRG,20111006,16.21,17.29,16.21,17.26,75500
BBRY,20111006,24,24.6,23.23,24.42,25071000
BBSI,20111006,13.82,13.98,13.56,13.89,23700
BCBP,20111006,8.74,8.83,8.6,8.83,2700
BCOM,20111006,15.36,15.36,15.36,15.36,0
BCPC,20111006,36.32,36.44,35.81,36.26,344300
BCRX,20111006,2.79,2.79,2.5,2.61,226100
BCSB,20111006,11.57,11.57,11.57,11.57,0
BDE,20111006,6.99,7,6.76,6.93,42800
BDGE,20111006,19.65,19.86,19.35,19.76,24200
BDMS,20111006,16.4,16.4,16.4,16.4,0
BDSI,20111006,1.05,1.05,0.92,1,573700
BEAT,20111006,3.07,3.19,3,3.16,93100
BEAV,20111006,31.13,32.41,30.99,32.33,1004800
BEBE,20111006,7.08,7.1,6.68,6.71,846700
BECN,20111006,17,17.46,16.4,16.79,1133100
BELFA,20111006,18.52,18.52,18.52,18.52,0
BELFB,20111006,17.35,17.74,17.1,17.45,24800
BERK,20111006,6.57,6.8,6.57,6.76,500
BFIN,20111006,7.7,7.7,7.35,7.52,32900
BFLY,20111006,2.32,2.32,2.3,2.3,8000
BGCP,20111006,6.24,6.56,6.16,6.55,873800
BGFV,20111006,6.8,6.98,6.41,6.85,74100
BGMD,20111006,3.77,3.77,3.4,3.77,15400
BIB,20111006,28.605,29.6,28.5,29.57,2700
BICK,20111006,22,22.63,21.9,22.62,13300
BIDU,20111006,113.5,120.92,113.01,120.89,12918700
BIIB,20111006,98.26,100,97.23,99.41,3047100
BIOD,20111006,2.64,2.76,2.64,2.68,376600
BIOF,20111006,3.8,3.8,3.4,3.6,113800
BIOS,20111006,6.22,6.76,6.19,6.74,307200
BIRT,20111006,5.51,5.69,5.48,5.63,195200
BIS,20111006,42.6,42.96,40.89,40.89,1700
BJRI,20111006,44.65,46.74,44.34,46.6,338000
BKCC,20111006,7.44,7.54,7.3,7.5,502500
BKEP,20111006,6.56,6.71,6.15,6.25,21800
BKMU,20111006,2.59,2.79,2.57,2.7,176100
BKOR,20111006,2.7,2.7,2.7,2.7,0
BKSC,20111006,10.15,10.2,9.95,10.14,14400
BKYF,20111006,22.46,22.92,21.89,22.51,13100
BLDP,20111006,1.21,1.25,1.2,1.24,61900
BLDR,20111006,1.26,1.34,1.21,1.34,88900
BLIN,20111006,0.65,0.68,0.65,0.67,3100
BLKB,20111006,23.14,23.75,22.83,23.72,161700
BLMT,20111006,10.3,10.39,10.23,10.3,416300
BLRX,20111006,3.58,3.58,3.58,3.58,100
BMC,20111006,40.06,40.85,39.39,40.84,1723400
BMRC,20111006,35.32,35.32,34.37,35.01,10000
BMRN,20111006,32.47,33.5,32.35,33.47,873300
BMTC,20111006,17.07,17.31,16.76,17.19,32100
BNCL,20111006,7.74,8.17,7.65,8.15,156300
BNCN,20111006,6.75,6.75,6.75,6.75,0
BNSO,20111006,1.25,1.25,1.21,1.21,2500
BOBE,20111006,28.81,29.57,28.81,29.56,198400
BOCH,20111006,3.2,3.37,3.2,3.31,11200
BODY,20111006,17.91,18.16,17.6,18.1,131200
BOFI,20111006,13.26,13.49,13.04,13.47,22900
BOKF,20111006,48.11,48.81,47.16,48.74,137600
BOLT,20111006,10.12,11,10.03,10.98,38800
BONA,20111006,4.08,4.27,4.07,4.26,27800
BONT,20111006,4.9,4.93,4.3,4.7,664200
BOOM,20111006,17.85,18.52,17.7,18.29,87200
BOSC,20111006,4.72,5.08,4.72,5.08,1700
BPAX,20111006,13.74,14.4,13.2,14.28,1064800
BPFH,20111006,6.32,6.63,6.25,6.58,574300
BPFHW,20111006,1.95,1.95,1.95,1.95,0
BPHX,20111006,0.6,0.62,0.57,0.61,13900
BPOP,20111006,14.4,14.9,14,14.8,12582000
BPOPM,20111006,16,16.5,16,16.5,900
BPOPN,20111006,17.71,17.89,17.25,17.89,2000
BRCD,20111006,4.5,4.71,4.44,4.67,11766900
BRCM,20111006,34.73,35.35,34.3,35.35,5211400
BRID,20111006,9.55,9.69,9.51,9.57,1100
BRKL,20111006,8.17,8.3,8.06,8.28,365300
BRKR,20111006,13.58,13.88,13.2,13.69,690000
BRKS,20111006,8.3,8.43,8.2,8.26,609400
BRLI,20111006,18.6,18.79,18.27,18.76,152100
BSDM,20111006,2.68,2.87,2.68,2.82,97000
BSET,20111006,6.58,7.12,6.51,6.9,11500
BSFT,20111006,32.37,33.55,31.65,33.46,388800
BSPM,20111006,1.95,1.95,1.8,1.89,97800
BSQR,20111006,4.44,4.48,4.33,4.45,10900
BSRR,20111006,9.75,9.75,9.43,9.64,27000
BSTC,20111006,12.68,15.05,12.68,15,35800
BTUI,20111006,3.95,4.28,3.95,3.97,3200
BUSE,20111006,4.69,4.83,4.6,4.83,192000
BVSN,20111006,9.3,9.54,9.14,9.5,22700
BWEN,20111006,3.4,3.9,3.4,3.8,811000
BWINA,20111006,23.36,23.36,23.36,23.36,100
BWINB,20111006,22.55,22.88,22.21,22.87,16400
BWLD,20111006,58,59.39,57.69,58.65,270000
BYFC,20111006,1.5,1.5,1.5,1.5,0
CA,20111006,20.29,20.75,20.14,20.72,4553700
CAAS,20111006,4.74,4.99,4.74,4.99,48100
CAC,20111006,28.98,29.28,28.83,29.18,17700
CACB,20111006,5.33,5.59,5.33,5.58,16100
CACC,20111006,66.68,67.69,65.72,67.6,15600
CACH,20111006,5,5.05,4.87,5.04,1300
CADC,20111006,1.54,1.6,1.54,1.6,23300
CADX,20111006,6.49,6.63,6.46,6.53,149900
CAFI,20111006,1.13,1.18,1.13,1.13,19600
CAKE,20111006,25.25,25.86,25.14,25.83,635800
CALD,20111006,4.9,4.95,4.82,4.9,80600
CALI,20111006,6.96,6.96,6.48,6.84,6800
CALL,20111006,11.375,11.85,11.015,11.355,41600
CALM,20111006,31.81,32.07,31.63,32.03,72200
CAMP,20111006,3.07,3.18,3.03,3.15,123200
CAMT,20111006,1.83,1.87,1.76,1.83,18000
CAR,20111006,9.83,10.28,9.65,10.27,2137800
CARB,20111006,12.87,14.41,12.7,13.95,156400
CART,20111006,2.67,2.68,2.67,2.68,400
CARV,20111006,0.43,0.45,0.43,0.45,11500
CARZ,20111006,22.68,22.73,22.68,22.73,600
CASH,20111006,14,15.98,14,15.5,8100
CASM,20111006,1.95,1.95,1.95,1.95,0
CASS,20111006,34.19,35.02,33.8,35.01,17100
CASY,20111006,44.59,45.95,44.35,45.84,209900
CATM,20111006,23.03,23.12,22.36,23.08,228100
CATY,20111006,12.08,12.6,11.89,12.57,562400
CAVM,20111006,29.13,31.08,28.93,31.01,1833500
CBAK,20111006,3.5,3.85,3.45,3.75,78800
CBAN,20111006,2.56,2.75,2.55,2.55,2100
CBEY,20111006,7.56,7.76,7.39,7.53,260500
CBIN,20111006,9.31,9.31,9.31,9.31,0
CBLI,20111006,2.43,2.5,2.43,2.45,113900
CBMX,20111006,23.8,23.8,23.8,23.8,400
CBMXW,20111006,2.4,2.4,2.4,2.4,0
CBNJ,20111006,7.02,7.36,6.75,7.35,22800
CBNK,20111006,13.08,13.08,13.08,13.08,0
CBOE,20111006,25.17,25.22,24.59,24.81,612800
CBPO,20111006,6.19,6.49,6.13,6.4,1700
CBRL,20111006,39.75,40.95,39.61,40.93,213800
CBRX,20111006,2.11,2.15,2.05,2.1,264000
CBSH,20111006,36.07,36.91,35.79,36.88,510700
CBST,20111006,35.65,37.2,35.65,36.84,1451300
CCBG,20111006,10.57,10.62,10.4,10.49,25000
CCCL,20111006,2.72,2.74,2.55,2.55,10300
CCIH,20111006,4.22,4.43,4.21,4.41,63700
CCIX,20111006,8.14,8.39,8.14,8.36,36100
CCMP,20111006,35.77,37.81,35.74,37.75,223700
CCNE,20111006,13.66,14,13.25,13.74,20600
CCOI,20111006,13.85,14.26,13.67,14.2,262700
CCRN,20111006,4.06,4.41,4.05,4.34,69600
CCUR,20111006,4.65,4.75,4.56,4.59,6500
CDNS,20111006,9.32,9.53,9.13,9.52,3088600
CDTI,20111006,2.07,2.64,2.03,2.47,158100
CDXS,20111006,4.45,4.6,4.35,4.59,149100
CDZI,20111006,7.9,8.02,7.3,7.99,27500
CECE,20111006,5.06,5.24,5.01,5.15,46300
CECO,20111006,14.06,15.11,13.89,15.07,631600
CEDU,20111006,5.62,5.85,5.61,5.85,4800
CELG,20111006,63.8,63.8,62.65,63.35,4314000
CELGZ,20111006,1.68,1.68,1.68,1.68,0
CENT,20111006,7.64,8.04,7.61,7.97,74700
CENTA,20111006,7.78,8.25,7.78,8.24,249000
CENX,20111006,9.01,9.48,8.88,9.28,2177400
CERN,20111006,68.03,68.14,66.04,67,1336700
CERS,20111006,2.3,2.34,2.23,2.32,207400
CETV,20111006,7.69,8.51,7.58,8.49,851200
CEVA,20111006,25.9,26,24.73,25.11,114200
CFBK,20111006,4.55,4.55,4.55,4.55,0
CFFI,20111006,22.34,23.5,21.55,22.27,2300
CFFN,20111006,10.66,10.76,10.55,10.75,820400
CFNB,20111006,15.39,15.48,15.39,15.48,1900
CFNL,20111006,9.16,9.49,9.08,9.43,96700
CGEN,20111006,4.19,4.38,4.18,4.38,45700
CGNX,20111006,28.74,29.72,28.49,29.62,269600
CHCI,20111006,0.94,0.99,0.92,0.92,7200
CHCO,20111006,27.35,28.75,27.28,28.5,175800
CHDN,20111006,40.87,41.38,40.46,41.25,39100
CHDX,20111006,9.64,9.69,9.2,9.62,76600
CHEF,20111006,12.84,13.15,12.25,12.84,110600
CHEV,20111006,8.44,8.44,8.44,8.44,0
CHFC,20111006,16.57,17.34,16.36,17.21,108700
CHFN,20111006,9.6,9.6,9.23,9.41,84500
CHKE,20111006,12.93,13.51,12.93,13.49,24600
CHKP,20111006,54.24,56.61,53.74,56.45,1986100
CHLN,20111006,1.06,1.09,1.06,1.08,14800
CHNR,20111006,9.31,10.12,9.04,10.12,6000
CHOP,20111006,2.69,2.8,2.67,2.77,127500
CHRM,20111006,6.5,7.5,6.5,7.5,33000
CHRW,20111006,70.5,72.15,70.19,71.53,1122500
CHSCP,20111006,28.25,28.3,28.09,28.28,24500
CHTP,20111006,4.03,4.16,4,4.09,367300
CHTR,20111006,46.46,47.63,46.04,47.18,190500
CHYR,20111006,1.9,1.99,1.9,1.99,200
CIDM,20111006,1.24,1.24,1.08,1.16,23600
CIEN,20111006,11.41,12.03,11.08,11.95,6024600
CIMT,20111006,3.2,3.31,3.1,3.21,12200
CINF,20111006,26.71,27.18,26.46,27.01,2066200
CISG,20111006,6.28,6.46,6.16,6.34,257200
CITZ,20111006,4.39,4.66,4.39,4.5,11000
CIZN,20111006,17.09,18,17.09,17.2,2600
CJJD,20111006,1.36,1.43,1.33,1.35,8900
CKEC,20111006,6.14,6.25,6.04,6.2,26400
CKSW,20111006,9.02,9.1,8.97,9.1,60100
CLBH,20111006,2.4,2.4,2.4,2.4,500
CLCT,20111006,14.32,14.65,14.13,14.51,31300
CLDX,20111006,2.32,2.44,2.25,2.44,241000
CLFD,20111006,5.89,5.89,5.5,5.72,55200
CLMS,20111006,11.01,11.19,10.66,11.01,174500
CLMT,20111006,17,17.36,16.78,17.26,143100
CLNE,20111006,10.35,10.58,9.96,10.42,824200
CLNT,20111006,0.35,0.4,0.35,0.36,27500
CLRO,20111006,5.04,5.34,4.91,4.91,17600
CLSN,20111006,2.62,2.69,2.57,2.68,134200
CLUB,20111006,6.93,7.5,6.93,7.39,101000
CLWR,20111006,2.1,2.15,2,2.05,4229100
CLWT,20111006,3.41,3.465,3.41,3.465,6500
CMCO,20111006,11.97,12.32,11.6,11.81,82100
CMCSA,20111006,21.59,22.12,21.52,22.09,15616600
CMCSK,20111006,21.38,21.95,21.34,21.93,3826700
CME,20111006,256.85,267.12,254.4,266.45,632200
CMLS,20111006,2.75,2.83,2.69,2.8,1190200
CMSB,20111006,7.19,7.7,7.19,7.66,600
CMTL,20111006,29.81,31.12,29.05,30.9,2244000
CNBC,20111006,9.73,9.86,9.59,9.74,27800
CNBKA,20111006,22.94,22.94,22.55,22.91,5200
CNET,20111006,1.11,1.11,1.09,1.11,7700
CNIT,20111006,0.85,0.96,0.83,0.96,131900
CNMD,20111006,23.94,24.16,23.44,23.86,114000
CNQR,20111006,37.62,38.71,37.25,38.52,409600
CNSL,20111006,17.6,17.8,17.4,17.65,161400
CNTF,20111006,1.9,1.94,1.88,1.88,168900
CNTY,20111006,2.38,2.38,2.21,2.21,26500
CNYD,20111006,2.95,2.95,2.95,2.95,0
COBK,20111006,12.26,12.26,12.26,12.26,0
COBR,20111006,3.27,3.27,3.27,3.27,200
COBZ,20111006,4.6,4.7,4.54,4.61,139700
COCO,20111006,1.61,1.71,1.48,1.67,1116500
COGO,20111006,2.17,2.2,2.1,2.18,49400
COHR,20111006,45.23,45.33,44.39,44.6,222000
COHU,20111006,10.48,10.48,10.15,10.41,60900
COKE,20111006,52.68,53.41,51.65,53.28,20100
COLB,20111006,15.3,15.95,15.09,15.91,154000
COLM,20111006,45.93,47.37,45.7,46.94,429300
CONN,20111006,6.86,7.14,6.75,7.01,124200
COOL,20111006,2.4,2.46,2.36,2.38,895900
CORE,20111006,31.67,32.1,31.21,32.04,32900
CORT,20111006,3.03,3.1,2.93,3.1,157400
COSI,20111006,0.74,0.76,0.69,0.72,136800
COST,20111006,79.81,80,78.41,79.2,4214700
COWN,20111006,2.62,2.77,2.58,2.73,600800
CPBC,20111006,4.7,4.7,4.7,4.7,0
CPGI,20111006,0.95,1,0.9,1,186100
CPHC,20111006,9.59,9.59,8.86,8.88,300
CPHD,20111006,40.71,40.88,39.73,40.81,1079400
CPIX,20111006,5.66,5.87,5.66,5.72,40000
CPLA,20111006,30.14,30.84,29.74,30.7,302500
CPLP,20111006,5.77,6.13,5.74,5.8,237700
CPNO,20111006,28.85,29.4,28.21,29.23,168000
CPRT,20111006,20.16,20.6,19.97,20.47,657500
CPRX,20111006,1.4,1.51,1.37,1.45,4500
CPSI,20111006,69.38,70.5,66.81,68.37,117200
CPSL,20111006,6,6.36,5.76,6.12,103900
CPSS,20111006,0.91,1.04,0.88,1.04,6300
CPST,20111006,1.01,1.08,0.99,1.06,1911300
CPTS,20111006,10.58,10.62,10.43,10.58,96300
CPWR,20111006,7.66,7.89,7.61,7.87,1560400
CRAI,20111006,19.96,20.61,19.54,20.58,53300
CRAY,20111006,5.75,6.1,5.7,6.09,199000
CRDC,20111006,1.96,2.01,1.95,1.96,37200
CRDS,20111006,5.06,5.15,4.81,5.02,15300
CREE,20111006,25.66,26.56,25.09,26.36,2409200
CREG,20111006,1.19,1.19,1.09,1.16,13900
CRESW,20111006,0.11,0.13,0.11,0.13,4100
CRESY,20111006,10.32,10.59,10.31,10.5,83600
CRFN,20111006,3,3,2.61,2.7,3500
CRIS,20111006,3.29,3.29,3.17,3.24,390800
CRMB,20111006,4.03,4.44,4.01,4.06,6000
CRMBW,20111006,0.3,0.3,0.3,0.3,0
CRME,20111006,16.6,16.8,16.4,16.55,246200
CRMT,20111006,28.22,28.63,28.08,28.33,68000
CRNT,20111006,9.85,10.15,9.8,10.04,105800
CROX,20111006,24.49,25.98,24.2,25.84,3372200
CRRB,20111006,3.2,3.2,3.2,3.2,0
CRRC,20111006,7.17,7.17,6.71,6.97,24100
CRTX,20111006,6.4,6.6,6.22,6.48,17200
CRUS,20111006,15.41,16.1,15.32,16.07,2450500
CRVL,20111006,45.01,45.67,44.53,45.44,18500
CRWN,20111006,1.41,1.42,1.37,1.4,70200
CRWS,20111006,3.53,3.53,3.53,3.53,100
CRZO,20111006,20.39,21.55,19.98,21.44,1300000
CSBK,20111006,10,10.25,10,10.18,13300
CSCD,20111006,3.75,4.02,3.75,3.9,7700
CSCO,20111006,16.21,16.76,16.17,16.75,74775000
CSFL,20111006,5.59,5.62,5.41,5.61,80400
CSGP,20111006,52.33,52.37,51.46,52.04,175000
CSGS,20111006,12.89,13.1,12.77,12.95,252800
CSII,20111006,10.17,10.33,9.91,10.3,120600
CSIQ,20111006,3.68,4.14,3.67,3.83,1612500
CSOD,20111006,13.7,14.74,13.67,14.55,173900
CSPI,20111006,3.25,3.25,3.25,3.25,0
CSRE,20111006,12.15,12.23,11.9,12.03,18300
CSTR,20111006,45.76,47.75,44.75,47.46,1538800
CSUN,20111006,1.14,1.24,1.14,1.18,281800
CSWC,20111006,82.43,84.36,80.93,83.97,8200
CTAS,20111006,27.94,28.51,27.76,28.5,1006400
CTBI,20111006,24.56,25.45,24.31,25.13,72400
CTCH,20111006,3.15,3.22,3.15,3.22,6200
CTCM,20111006,9.77,10.2,9.7,10.1,582200
CTCT,20111006,18.13,18.13,17.3,17.77,559800
CTGX,20111006,11.72,11.82,11.3,11.54,57300
CTHR,20111006,2.15,2.17,1.98,1.98,9600
CTIB,20111006,4.3,4.3,4.09,4.14,1000
CTIC,20111006,5.4,5.6,5.3,5.6,1220000
CTRN,20111006,12.11,12.55,12.02,12.38,68100
CTRP,20111006,33.9,35.57,33.41,35.25,2102800
CTRX,20111006,25.755,27.905,25.755,27.835,981200
CTSH,20111006,63.55,65.96,62.81,65.96,2523600
CTWS,20111006,26.48,26.53,25.46,26.49,29500
CTXS,20111006,55.86,56.51,55.2,55.64,4000800
CU,20111006,27.87,29.04,27.86,28.77,49600
CUBA,20111006,6.01,6.01,5.91,5.91,700
CUTR,20111006,7.09,7.25,6.89,7.01,16500
CVBF,20111006,8.15,8.43,8.08,8.39,949200
CVCO,20111006,36.78,37,36.48,36.94,17900
CVCY,20111006,5.45,5.45,5.45,5.45,0
CVGI,20111006,7.2,8.34,7.15,8.34,460200
CVGW,20111006,21.06,21.36,19.99,20.06,107300
CVLT,20111006,37.2,38.36,36.76,38.19,525300
CVLY,20111006,8.65,9.75,8.6,8.7,8100
CVTI,20111006,3.33,3.4,3.29,3.35,96000
CVV,20111006,13.92,14.22,13.28,13.7,117000
CWBC,20111006,2.58,2.6,2.27,2.27,1200
CWCO,20111006,8.72,8.77,8.45,8.73,57300
CWEI,20111006,42,44.29,41,43.16,144800
CWST,20111006,5.7,5.75,5.44,5.64,101100
CWTR,20111006,4.8,4.92,4.72,4.88,298200
CXDC,20111006,3.96,4.2,3.96,4.1,51900
CXPO,20111006,2.49,2.68,2.44,2.66,93300
CY,20111006,15.05,15.26,14.72,15.08,2747400
CYAN,20111006,3.86,3.9,3.86,3.87,2000
CYBE,20111006,7.6,7.71,7.6,7.6,1800
CYBX,20111006,28.2,28.62,27.81,28.15,155200
CYCC,20111006,3.15,3.29,3.01,3.15,740800
CYCCP,20111006,3,3,3,3,300
CYMI,20111006,41.61,41.98,40.85,41.54,191200
CYNO,20111006,11.27,11.63,11.24,11.5,26700
CYOU,20111006,26.18,28.93,25.91,28.65,364500
CYTK,20111006,1.1,1.13,1.1,1.1,31400
CYTR,20111006,2.17,2.31,2.1,2.24,587900
CYTX,20111006,2.94,3,2.83,2.94,408400
CYTXW,20111006,1.61,1.61,1.6,1.6,700
CZFC,20111006,6.55,6.55,6.55,6.55,0
CZNC,20111006,15.79,15.79,15.14,15.49,22600
CZWI,20111006,5,5,5,5,0
DAEG,20111006,2.2,2.2,1.98,2.14,400
DAIO,20111006,3.76,4,3.7,4,10700
DAKT,20111006,8.92,9.06,8.84,9,126500
DARA,20111006,1.86,1.9,1.8,1.81,3300
DATE,20111006,8.46,8.78,8.13,8.75,51400
DAVE,20111006,8.28,8.39,8.21,8.34,5900
DBLE,20111006,7.08,7.2,6.83,6.98,41900
DBLEP,20111006,24.93,25.09,24.93,24.99,1400
DCIX,20111006,4.67,4.8,4.61,4.74,47000
DCOM,20111006,10.8,11.1,10.61,11.07,205300
DCTH,20111006,3.43,3.59,3.38,3.57,290500
DECK,20111006,97.11,101.42,96.61,100.76,1525400
DELL,20111006,15.28,15.56,15.11,15.55,25765700
DENN,20111006,3.41,3.5,3.38,3.5,411900
DEPO,20111006,5.26,5.56,5.19,5.56,524500
DEST,20111006,13.89,14.59,13.72,14.24,102400
DFZ,20111006,10.85,10.98,10.76,10.86,21100
DGAS,20111006,15.38,15.665,15.255,15.255,700
DGICA,20111006,13.15,13.2,12.99,13.2,11100
DGICB,20111006,14.97,14.97,14.97,14.97,0
DGII,20111006,11.51,12.35,11.35,12.29,161700
DGIT,20111006,17.69,18.59,17.57,18.53,223200
DGLY,20111006,0.72,0.78,0.68,0.77,15200
DHIL,20111006,73.84,73.84,70.72,72.3,7100
DHRM,20111006,1.77,1.81,1.66,1.72,3500
DIOD,20111006,18.29,19,18.1,18.98,304400
DISCA,20111006,37.98,38.61,37.54,38.6,827200
DISCB,20111006,37.66,37.66,37.66,37.66,0
DISCK,20111006,35.71,36.42,35.1,36.42,357600
DISH,20111006,24.92,25.29,24.68,25.06,3305000
DJCO,20111006,63.02,65,63.02,65,600
DLGC,20111006,11,11.7,10.35,11.25,42600
DLIA,20111006,1.34,1.39,1.33,1.39,31500
DLLR,20111006,21.11,21.67,20.54,21.45,384000
DLTR,20111006,38.63,38.77,38.16,38.225,1187700
DMLP,20111006,24.35,24.49,24.01,24.29,71600
DMND,20111006,73.5,74.44,72.8,74.01,368500
DMRC,20111006,26.24,26.5,25.57,26.04,33100
DNBF,20111006,9.8,9.8,9.8,9.8,2200
DNDN,20111006,9.3,9.3,9.04,9.27,4844200
DNKN,20111006,28.43,28.71,27.48,28.24,504300
DORM,20111006,17.32,18.06,17.205,17.955,45400
DOVR,20111006,3.35,3.35,3.35,3.35,0
DRAD,20111006,1.95,2.11,1.81,2.01,65900
DRAM,20111006,6.72,7.32,6.72,7.32,3000
DRCO,20111006,8.96,9.07,8.96,9.03,21700
DRIV,20111006,20.78,21.63,20.61,21.62,320600
DRRX,20111006,1.51,1.53,1.46,1.52,178500
DRWI,20111006,3.04,3.1,2.8,3.05,361700
DRYS,20111006,2.11,2.42,2.06,2.39,11899700
DSCI,20111006,8.25,8.68,7.99,8.12,132300
DSCO,20111006,1.81,1.88,1.79,1.85,99600
DSGX,20111006,6.03,6.13,6.03,6.13,400
DSPG,20111006,6.1,6.1,5.94,5.95,52500
DSWL,20111006,2.36,2.52,2.35,2.42,29900
DTLK,20111006,7.56,7.7,7.35,7.57,234900
DTSI,20111006,27.05,28,26.24,27.77,91700
DTV,20111006,41.72,42.89,41.29,42.89,7006100
DVAX,20111006,1.9,1.92,1.87,1.89,718000
DVOX,20111006,3.25,3.34,3.2,3.32,50000
DWA,20111006,18.11,18.54,18.02,18.33,685100
DWCH,20111006,4.89,5.32,4.72,5.13,8100
DWSN,20111006,25.61,26.4,25.27,26.02,26300
DXCM,20111006,12.2,12.29,11.93,12.09,448300
DXPE,20111006,19.29,19.85,19.1,19.63,74300
DXYN,20111006,3.05,3.17,3.04,3.17,2900
DYAX,20111006,1.3,1.35,1.25,1.3,433300
DYNT,20111006,3.65,3.65,3.1,3.3,163200
DYSL,20111006,2.48,2.5,2.44,2.44,2100
EBAY,20111006,30.58,31.46,30.07,31.44,14561100
EBIX,20111006,14.74,15.07,14.55,14.89,343000
EBMT,20111006,10.45,10.45,10.45,10.45,100
EBSB,20111006,12.03,12.24,11.96,12.09,11800
EBTC,20111006,14,14,13.14,13.88,7800
ECHO,20111006,13.04,13.7,12.95,13.62,124300
ECOL,20111006,15.94,16.22,15.7,16.15,56700
ECPG,20111006,23.01,24.35,23.01,24.27,74000
ECTE,20111006,3,3.35,2.95,3.12,236500
ECTY,20111006,1.91,1.94,1.79,1.84,63500
ECYT,20111006,10.42,10.72,10.2,10.69,118400
EDAC,20111006,6.74,7.18,6.74,6.93,3100
EDAP,20111006,1.58,1.6,1.51,1.53,93300
EDGW,20111006,2.4,2.41,2.31,2.41,4900
EDMC,20111006,15.69,16.96,15.25,16.63,193300
EDS,20111006,3.86,3.97,3.61,3.7,64100
EDUC,20111006,5.32,5.47,5.32,5.45,300
EEFT,20111006,15.71,16.05,15.54,16,260300
EEI,20111006,15.01,15.42,15,15,2500
EFII,20111006,13.89,14.52,13.88,14.33,188300
EFSC,20111006,13.9,14.08,13.7,14.04,49200
EFUT,20111006,3.36,3.43,3.36,3.4,1600
EGBN,20111006,12.49,12.49,12.06,12.41,49600
EGHT,20111006,4.16,4.28,4.1,4.28,724900
EGLE,20111006,5.28,5.76,5.28,5.64,685800
EGOV,20111006,11.73,11.88,11.51,11.84,289400
EHTH,20111006,13.83,13.83,13.53,13.76,117800
EIHI,20111006,13.05,13.15,13.02,13.02,10100
ELGX,20111006,10.66,11.12,10.4,10.82,445000
ELNK,20111006,6.27,6.4,6.22,6.39,2952400
ELON,20111006,7.06,7.13,6.96,7.07,242400
ELOS,20111006,9.38,9.48,9.2,9.36,102700
ELRC,20111006,14.26,14.33,13.67,13.83,53500
ELSE,20111006,3.82,3.82,3.82,3.82,0
ELTK,20111006,0.98,1.05,0.98,1.05,5200
EMCF,20111006,15.15,15.15,15.15,15.15,0
EMCI,20111006,19.88,19.88,19.34,19.71,9700
EMFN,20111006,20.82,20.82,20.82,20.82,200
EMIF,20111006,26.13,26.74,26.04,26.74,9000
EMITF,20111006,2.64,2.68,2.64,2.66,9900
EMKR,20111006,4.04,4.2,4,4.2,736600
EMMS,20111006,0.63,0.68,0.62,0.62,12300
EMMSP,20111006,12.75,12.77,12.13,12.77,500
EMMT,20111006,19.22,19.48,18.87,19.46,3500
ENDP,20111006,27.61,28.99,27.51,28.69,1955700
ENG,20111006,2.4,2.44,2.36,2.41,50100
ENMD,20111006,1.63,1.69,1.61,1.67,16500
ENOC,20111006,9.08,9.59,9.08,9.57,308200
ENSG,20111006,22.24,22.41,21.39,21.65,134500
ENTG,20111006,6.95,7.21,6.86,7.2,1333300
ENTR,20111006,4.26,4.45,4.23,4.44,1401300
ENZN,20111006,7.18,7.43,7.13,7.42,194100
EONC,20111006,1.49,1.5,1.49,1.5,2300
EPAX,20111006,5.7,5.72,5.64,5.7,60000
EPAY,20111006,20.97,21.39,20.65,21.32,192300
EPIQ,20111006,12.92,13.03,12.82,13,110100
EQIX,20111006,91.34,91.67,89.16,91.53,662300
ERIC,20111006,9.61,10.35,9.55,10.31,14793400
ERIE,20111006,72.42,73.49,71.8,73.45,74700
ERII,20111006,3,3,2.89,2.93,224200
EROC,20111006,9.43,9.61,9.32,9.49,177800
ESBF,20111006,11.52,12.23,11.34,12.03,29400
ESBK,20111006,16.47,16.49,16.47,16.49,200
ESCA,20111006,5,5,5,5,1800
ESEA,20111006,3.74,3.74,3.23,3.34,49500
ESGR,20111006,95.91,97.99,95.91,97.31,30600
ESIO,20111006,12.72,12.88,12.43,12.73,103900
ESLT,20111006,41.41,42.45,39.4,41.16,14100
ESMC,20111006,1.18,1.18,1.16,1.16,3400
ESRX,20111006,38.03,40.2,37.71,40.02,25420900
ESSA,20111006,10.72,10.98,10.6,10.96,27200
ESSX,20111006,3.17,3.21,2.86,3.2,39000
ESYS,20111006,4.15,4.15,4.05,4.14,4300
ETFC,20111006,8.46,8.88,8.27,8.86,10350200
ETRM,20111006,1.66,1.78,1.64,1.68,31300
EUFN,20111006,17.49,17.49,15.37,16.01,25500
EVBS,20111006,2.18,2.18,2.18,2.18,0
EVEP,20111006,67.76,72.85,66.73,72.61,459400
EVOL,20111006,6.25,6.62,6.25,6.5,1200
EWBC,20111006,14.87,15.92,14.74,15.86,1931700
EXAC,20111006,14.65,14.65,14.18,14.47,15700
EXAR,20111006,6.11,6.21,6.02,6.17,146400
EXAS,20111006,6.86,7.15,6.86,7.15,519700
EXEL,20111006,5.63,5.97,5.42,5.96,1112700
EXFO,20111006,5.56,5.72,5.47,5.55,70700
EXLP,20111006,20.6,20.79,20.04,20.77,85000
EXLS,20111006,22.97,23.2,22.69,23.15,106000
EXPD,20111006,41.49,42.78,41.05,42.74,1683300
EXPE,20111006,25.87,27.21,25.63,27.15,5283400
EXPO,20111006,42.21,43.1,41.76,42.85,42100
EXTR,20111006,2.7,2.73,2.68,2.73,255900
EXXI,20111006,22.35,23.55,21.89,23.46,1418200
EZCH,20111006,33.27,34.3,33.27,34.07,254700
EZPW,20111006,29.39,30.4,29.06,30.34,425200
FABK,20111006,13,13,13,13,0
FALC,20111006,2.96,3.02,2.92,3.01,81600
FARM,20111006,5.53,5.73,5.46,5.56,64900
FARO,20111006,34.34,35,33.36,33.95,88200
FAST,20111006,33.64,34.19,33.15,34.11,3806300
FBIZ,20111006,14.78,15.85,14.59,15.8,8800
FBMI,20111006,4.74,4.74,4.74,4.74,100
FBMS,20111006,8.46,8.47,8.46,8.47,400
FBNC,20111006,10.83,10.83,10.51,10.8,32900
FBNK,20111006,10.9,11.4,10.9,11.37,123400
FBRC,20111006,9.64,9.88,9.44,9.84,74000
FBSS,20111006,11.38,11.7,11.38,11.47,1300
FCAL,20111006,2.94,3.04,2.94,2.98,8200
FCAP,20111006,18.9,18.9,18.9,18.9,0
FCBC,20111006,10.66,10.86,10.08,10.37,58900
FCCO,20111006,5.33,5.96,5.33,5.87,2100
FCCY,20111006,6.07,6.33,6.07,6.3,900
FCEL,20111006,0.91,0.97,0.9,0.97,1631300
FCFC,20111006,6.26,6.35,6.25,6.25,11800
FCFS,20111006,40.26,43.21,40.26,42.87,619100
FCHI,20111006,37.42,37.42,37.42,37.42,100
FCLF,20111006,6.14,6.31,6.14,6.29,2100
FCNCA,20111006,150.02,154.75,149.5,154.7,9700
FCTY,20111006,3.52,3.6,3.45,3.5,22600
FCVA,20111006,2.56,2.56,2.56,2.56,0
FCZA,20111006,3.24,3.51,3.24,3.41,7900
FDEF,20111006,13.93,14.21,13.87,14.19,31500
FDML,20111006,16.49,17.68,16.49,17.57,131800
FDUS,20111006,12.99,13.13,12.72,13.11,32900
FEFN,20111006,21.64,21.64,21.64,21.64,0
FEIC,20111006,29.27,29.79,28.98,29.73,195200
FEIM,20111006,8.87,9.41,8.82,9.41,4900
FELE,20111006,18.95,19.455,18.7,19.4,88200
FES,20111006,5.41,5.42,5.3,5.35,6100
FFBC,20111006,14.77,15.59,14.72,15.55,344200
FFBCW,20111006,4.02,4.02,4.02,4.02,0
FFBH,20111006,5.13,5.3,5.13,5.25,6500
FFCH,20111006,3.96,4.32,3.96,4.3,73800
FFCO,20111006,13.5,13.5,13.5,13.5,0
FFEX,20111006,1.74,1.98,1.65,1.8,51400
FFHL,20111006,2.12,2.2,2.08,2.2,30300
FFIC,20111006,11.3,12.06,11.17,11.99,343900
FFIN,20111006,27.88,28.34,27.42,28.3,138700
FFIV,20111006,82.45,85.81,81.74,85.75,2893700
FFKT,20111006,4.01,4.1,4,4.1,5900
FFKY,20111006,1.84,1.84,1.7,1.76,1000
FFN,20111006,1.87,1.95,1.77,1.94,106500
FFNM,20111006,3.4,3.66,3.05,3.66,1700
FFNW,20111006,5.34,5.5,5.34,5.49,2000
FHCO,20111006,4.22,4.28,4.18,4.27,34700
FIBK,20111006,10.91,11.07,10.69,10.95,77900
FINL,20111006,20.24,21.19,20.05,20.84,1251400
FIRE,20111006,27.03,27.99,27.03,27.95,346600
FISI,20111006,15.17,15.49,14.86,15.4,49000
FISV,20111006,52.77,53.56,52.38,53.56,1135600
FITB,20111006,10.59,11.13,10.32,11.11,19446400
FITBP,20111006,130.3,134.8,130.3,133.4,8600
FIZZ,20111006,16.01,16.2,15.95,16.19,39800
FLDM,20111006,14.5,15,14.39,14.71,86500
FLEX,20111006,5.87,6.05,5.87,6.04,3418400
FLIC,20111006,23.93,23.97,23.56,23.93,15500
FLIR,20111006,26.05,26.51,25.67,26.49,1293200
FLML,20111006,4.65,4.78,4.25,4.33,165700
FLOW,20111006,2,2.14,1.97,2.11,375000
FLWS,20111006,2.17,2.35,2.17,2.32,118200
FLXS,20111006,14.05,14.43,13.42,13.88,1300
FMBI,20111006,7.89,8.21,7.71,8.19,613200
FMCN,20111006,21.52,23.29,21.32,22.81,5001600
FMER,20111006,12.34,12.73,12.2,12.67,1542100
FMFC,20111006,3.13,3.17,3.1,3.16,900
FMNB,20111006,4.4,4.4,4.4,4.4,200
FNBN,20111006,0.25,0.27,0.25,0.25,30900
FNFG,20111006,9.01,9.44,8.9,9.41,5834800
FNGN,20111006,18.3,18.45,17.89,18.2,661100
FNLC,20111006,12.35,12.54,12.3,12.53,13500
FNSR,20111006,19.1,20.5,18.51,20.46,6316200
FOLD,20111006,4.05,4.05,3.84,3.99,33800
FONE,20111006,23.4,23.42,23.36,23.42,700
FONR,20111006,1.86,1.86,1.64,1.65,42400
FORD,20111006,2.04,2.1,1.95,2.04,37200
FORM,20111006,6.63,6.8,6.5,6.74,348100
FORR,20111006,33.9,34.01,33.33,33.77,55400
FORTY,20111006,12.79,12.99,12.62,12.99,2100
FOSL,20111006,83.08,86.15,83.08,85.35,1503000
FRAN,20111006,20.63,20.63,19.87,20.35,209400
FRBK,20111006,1.48,1.51,1.42,1.44,5900
FRED,20111006,11.31,11.5,11.18,11.38,341500
FREE,20111006,7.5,7.9,7.5,7.9,2100
FRME,20111006,7,7.62,6.94,7.57,207700
FRNK,20111006,11.25,11.56,11.24,11.51,30600
FRP,20111006,4.51,5.43,4.39,5.25,294700
FSBK,20111006,3.65,3.94,3.6,3.76,3200
FSCI,20111006,25.25,25.79,24.58,25.72,28900
FSFG,20111006,15.92,15.92,15.92,15.92,0
FSLR,20111006,61.25,67.72,60.39,64.73,4712000
FSRV,20111006,25.64,25.86,25.55,25.86,34500
FSTR,20111006,22.12,22.97,21.84,22.87,78000
FSYS,20111006,18.65,19.27,18.64,19.1,332300
FTEK,20111006,5.19,5.44,5.16,5.41,98800
FTNT,20111006,17,17.98,16.77,17.87,2288200
FUBC,20111006,5.23,5.23,5,5.16,54100
FULL,20111006,6.6,6.79,6.55,6.79,14100
FULT,20111006,7.96,8.28,7.84,8.23,2795300
FUNC,20111006,3.4,3.45,3.04,3.18,9700
FUND,20111006,6.1,6.28,6.1,6.28,20100
FURX,20111006,14.05,15.35,13.97,14.85,56400
FWLT,20111006,19.26,20.3,19.1,20.1,2195300
FWRD,20111006,27.12,27.53,26.85,27.49,157700
FXCB,20111006,12.72,12.87,12.68,12.84,27800
FXEN,20111006,4.37,4.49,4.27,4.42,436500
GABC,20111006,16.42,16.8,16.31,16.74,26800
GAGA,20111006,4.32,4.79,4.3,4.3,66500
GAI,20111006,3.34,3.34,3.34,3.34,0
GAIA,20111006,3.2,3.39,3.2,3.28,21300
GAIN,20111006,6.89,7,6.78,6.98,54500
GAME,20111006,4.08,4.24,4.02,4.1,909400
GASS,20111006,3.75,3.96,3.75,3.88,24600
GBCI,20111006,10.25,10.54,9.76,10.52,884500
GBDC,20111006,14.85,15.25,14.81,15.23,68700
GBLI,20111006,18.64,18.97,18.15,18.78,31200
GBNK,20111006,1.17,1.19,1.17,1.18,11200
GCBC,20111006,18.43,18.43,18.4,18.4,4100
GCFB,20111006,2.69,2.69,2.17,2.21,6800
GCOM,20111006,13.88,14.56,13.81,14.21,169500
GCVRZ,20111006,1.02,1.04,1,1.03,356500
GENC,20111006,7.05,7.11,7.05,7.1,5400
GENE,20111006,4.54,4.94,4.51,4.88,79300
GENT,20111006,6.08,6.08,5.75,5.86,47300
GERN,20111006,2.04,2.18,2.03,2.15,1706800
GEVO,20111006,6.5,6.73,6.3,6.72,64300
GFED,20111006,4.25,4.56,4.25,4.56,500
GFN,20111006,2.61,2.65,2.59,2.65,2300
GFNCL,20111006,3.5,3.5,3.5,3.5,0
GGAL,20111006,7.84,8.37,7.82,8.19,587600
GHDX,20111006,22.46,22.82,22.03,22.74,91800
GIFI,20111006,22.6,23.98,22.35,23.9,65700
GIGA,20111006,1.27,1.27,1.27,1.27,100
GIGM,20111006,0.95,0.97,0.9,0.91,260200
GIII,20111006,24.11,25.78,24.11,25.6,234900
GILD,20111006,19.51,19.825,19.39,19.825,5744600
GILT,20111006,3.35,3.35,3.27,3.3,33300
GIVN,20111006,14.97,16,14.97,15.94,38900
GKNT,20111006,19.42,19.42,18.12,18.72,15300
GLAD,20111006,6.94,7.13,6.9,7.03,84200
GLBS,20111006,5.01,5.2,4.8,5.07,9400
GLBZ,20111006,8.25,8.25,8.25,8.25,200
GLCH,20111006,1.25,1.27,1.19,1.24,259700
GLDC,20111006,3.34,3.34,3.21,3.34,400
GLDD,20111006,4.52,4.55,4.39,4.54,391700
GLNG,20111006,30.71,31.81,30.25,31.7,740500
GLPW,20111006,24,24.34,23.98,24.09,56500
GLRE,20111006,21.69,22.21,21.5,22.02,81500
GLUU,20111006,2.38,2.43,2.26,2.34,1010400
GMAN,20111006,13.17,13.64,12.69,13.1,42800
GMCR,20111006,89.89,92.8,89.52,91.87,3442700
GMETP,20111006,9,9,9,9,0
GMLP,20111006,24.18,24.57,23.84,23.99,261900
GNCMA,20111006,8.33,8.62,8.21,8.45,166900
GNMK,20111006,4.81,5,4.81,4.99,7200
GNTX,20111006,25.76,26.51,25.66,26.47,441700
GNVC,20111006,2.84,2.99,2.84,2.95,82000
GOLD,20111006,97.7,99.92,97.12,98.95,713600
GOOD,20111006,15.26,15.65,14.87,15.17,63600
GOODO,20111006,23.12,23.12,23.09,23.09,600
GOODP,20111006,23.8,23.8,23.75,23.75,600
GOOG,20111006,507.9,515.23,502.6,514.71,3424600
GPIC,20111006,6.1,6.25,6.1,6.13,2800
GPOR,20111006,23.1,23.85,22.61,23.43,934200
GPRC,20111006,2.76,2.84,2.4,2.4,14900
GPRE,20111006,8.88,9.55,8.75,9.22,213200
GRFS,20111006,12.42,12.5,12,12.48,272000
GRID,20111006,24.48,25.2,24.48,25.2,10700
GRIF,20111006,26.05,26.09,24.11,24.5,9900
GRMN,20111006,32.74,32.74,31.97,32.46,965000
GROW,20111006,6.08,6.25,5.98,6.21,32000
GRVY,20111006,1.27,1.29,1.25,1.25,3200
GSBC,20111006,17.94,18.5,17.81,18.41,26000
GSIG,20111006,7.8,8.06,7.56,8,142300
GSIT,20111006,5.15,5.18,5,5.08,67200
GSJK,20111006,14.5,14.98,14.5,14.8,4100
GSM,20111006,15.23,15.66,14.94,15.38,852000
GSOL,20111006,6.24,6.58,6.24,6.43,45300
GSVC,20111006,12.88,13.59,12.75,13.52,43700
GTAT,20111006,7.96,8.68,7.95,8.64,3534200
GTIM,20111006,1.52,1.52,1.52,1.52,0
GTIV,20111006,3.18,3.84,3.15,3.72,1699200
GTLS,20111006,42.57,46.77,42.02,46.07,981300
GTXI,20111006,3.44,3.54,3.42,3.5,78400
GUID,20111006,6.55,6.64,6.42,6.5,40200
GULF,20111006,14.44,14.6,14.35,14.6,2600
GURE,20111006,2.16,2.3,2.1,2.27,185200
GYRO,20111006,55,55,55,55,0
HA,20111006,4.05,4.19,3.99,4.18,625800
HAFC,20111006,0.86,0.93,0.86,0.93,1469100
HAIN,20111006,29.23,30.18,29.14,30.14,247500
HALL,20111006,7.79,7.8,7.48,7.79,29500
HALO,20111006,6.16,6.34,6.08,6.32,378200
HAS,20111006,33.58,33.66,33.19,33.51,1464200
HAST,20111006,2.35,2.38,2,2.2,39600
HAUP,20111006,0.91,1.08,0.91,0.95,22300
HAYN,20111006,47.28,49.87,45.86,49.7,155500
HBAN,20111006,4.97,5.28,4.85,5.26,22350300
HBANP,20111006,1051,1060,1050,1060,100
HBCP,20111006,14.27,14.27,13.7,13.84,54900
HBHC,20111006,27.81,28.65,27.26,28.61,473400
HBIO,20111006,4.65,4.72,4.65,4.69,49800
HBNC,20111006,11.16,11.16,11.16,11.16,0
HBNK,20111006,12.95,12.95,12.95,12.95,0
HBOS,20111006,10.6,11,10.6,10.74,9700
HCBK,20111006,5.59,5.85,5.51,5.85,4258100
HCCI,20111006,17.93,18.16,17.68,18,8400
HCIIP,20111006,8.46,8.5,8.26,8.39,7900
HCKT,20111006,3.75,3.85,3.64,3.85,89100
HCOM,20111006,14,14,13.7,13.78,34800
HCSG,20111006,17.25,17.25,16.75,16.99,423900
HDNG,20111006,8.21,8.21,7.52,7.65,20100
HDSN,20111006,1.05,1.08,1.05,1.06,1800
HEES,20111006,8.62,9.19,8.41,8.66,125400
HELE,20111006,24.77,26.61,24.28,26.51,718900
HEOP,20111006,3.2,3.2,3.2,3.2,0
HERO,20111006,2.81,2.9,2.68,2.88,4208800
HFBC,20111006,5.7,5.7,5.6,5.6,1400
HFBL,20111006,13,13,13,13,0
HFFC,20111006,8.9,8.98,8.85,8.86,800
HFWA,20111006,11.54,11.88,11.37,11.84,31600
HGSH,20111006,1.18,1.18,1.12,1.12,1300
HIBB,20111006,35.51,37.48,35.36,36.72,372000
HIFS,20111006,46.5,46.5,46.5,46.5,1000
HIHO,20111006,2.53,2.65,2.53,2.64,6000
HILL,20111006,1.52,1.6,1.47,1.59,127200
HIMX,20111006,1.1,1.1,1.07,1.09,118200
HITK,20111006,32.55,32.55,31.64,32.02,161600
HITT,20111006,49.73,50.46,49.25,50.42,162400
HLIT,20111006,4.35,4.52,4.31,4.51,583100
HMIN,20111006,25.9,28.41,25.81,28.41,789100
HMNF,20111006,1.81,1.81,1.81,1.81,0
HMNY,20111006,1,1,1,1,0
HMPR,20111006,5.11,5.28,4.56,4.96,25000
HMSY,20111006,24.58,24.8,23.89,24.28,424200
HNH,20111006,11.04,11.65,10.8,11.37,73600
HNRG,20111006,9.08,9.5,8.96,9.49,20600
HNSN,20111006,3.18,3.37,3.05,3.35,513700
HOFT,20111006,9.34,9.64,9.2,9.6,24500
HOGS,20111006,6.74,7.44,6.71,7.17,489500
HOLI,20111006,5.51,6.06,5.51,6,116900
HOLL,20111006,1.47,1.49,1.42,1.49,12700
HOLX,20111006,15.04,15.37,14.96,15.21,1570100
HOMB,20111006,21.59,22.04,21.35,22.03,254400
HOME,20111006,8.43,8.69,8.21,8.6,53500
HOTT,20111006,8.05,8.22,7.89,8.18,533100
HOVNP,20111006,1.8,1.85,1.78,1.83,33700
HPCCP,20111006,24.85,25.15,24.85,25,1800
HPJ,20111006,1.2,1.31,1.19,1.22,23300
HPOL,20111006,0.34,0.37,0.32,0.32,250100
HRZN,20111006,14.64,14.95,14.36,14.8,12900
HSIC,20111006,61.68,61.96,60.16,61.59,529200
HSII,20111006,17.5,17.89,17.37,17.74,66000
HSKA,20111006,8.33,8.39,8.2,8.23,1500
HSNI,20111006,32.31,32.64,31.91,32.59,719500
HSOL,20111006,2.2,2.46,2.12,2.32,1139800
HSTM,20111006,12.65,12.83,12.48,12.71,75600
HTBK,20111006,3.92,4.19,3.92,4.17,267500
HTCH,20111006,1.86,1.89,1.77,1.83,176100
HTCO,20111006,10.41,10.41,10.15,10.38,49400
HTHT,20111006,12.7,13.3,12.5,12.99,265700
HTLD,20111006,14.17,14.29,14.05,14.29,1106200
HTLF,20111006,14.27,15.21,14.2,15.12,25600
HTWR,20111006,69.94,70.09,67.56,69.04,223800
HUBG,20111006,28.63,29.55,28.42,29.52,171400
HURC,20111006,23.24,23.95,22.72,23.75,34000
HURN,20111006,30.63,32.03,30.31,31.97,91900
HWAY,20111006,9.59,9.95,9.59,9.91,277700
HWBK,20111006,7.07,7.16,6.95,6.95,3600
HWCC,20111006,10.58,10.96,10.52,10.75,234900
HWKN,20111006,33.69,33.69,32.17,32.58,42100
HYGS,20111006,5.33,5.33,5.21,5.21,2000
HZNP,20111006,5.6,5.65,5.09,5.49,22600
IACI,20111006,37.95,38.4,37.39,38.27,876400
IART,20111006,35.9,36.25,34.56,35.36,370400
IBB,20111006,93.88,96.14,93.26,96,586900
IBCA,20111006,2.75,2.75,2.64,2.65,8400
IBCP,20111006,1.71,1.92,1.63,1.78,23200
IBCPO,20111006,11.46,11.84,11,11.84,800
IBKC,20111006,49.04,50.28,48.5,50.17,231500
IBKR,20111006,13.86,14.13,13.69,14.02,577100
IBOC,20111006,15.21,15.66,14.96,15.62,271100
ICAD,20111006,0.58,0.58,0.54,0.54,25200
ICCC,20111006,6.18,6.18,5.2,5.61,7500
ICFI,20111006,19.59,19.9,19.43,19.67,72000
ICGE,20111006,9.85,10.32,9.79,10.28,105200
ICLN,20111006,9.43,9.77,9.43,9.72,17700
ICLR,20111006,15.85,16.07,15.76,15.8,614000
ICON,20111006,15.58,16.38,15.38,16.2,1260900
ICUI,20111006,37.89,38.3,37.43,38.23,48900
IDCC,20111006,49.54,49.87,47.5,48.65,1238600
IDIX,20111006,4.59,4.82,4.5,4.82,296700
IDRA,20111006,1,1.13,0.98,1.05,6500
IDSA,20111006,5.79,6.02,5.79,5.91,8100
IDSY,20111006,4.68,4.95,4.57,4.61,26700
IDTI,20111006,5.29,5.46,5.2,5.46,1644500
IDXX,20111006,68.43,69.97,67.93,69.83,237000
IESC,20111006,1.99,2.05,1.99,2,1600
IFAS,20111006,23.3,23.97,23.3,23.91,4900
IFEU,20111006,25.79,26.54,25.79,26.54,1300
IFGL,20111006,24.71,25.19,24.71,25.19,24900
IFNA,20111006,36.14,37,36.14,36.85,1200
IFON,20111006,0.52,0.55,0.51,0.55,4500
IFSM,20111006,30.6,31.34,30.45,31.34,9500
IGLD,20111006,10.69,10.71,10.45,10.71,7900
IGOI,20111006,14.04,15.84,14.04,15.84,36500
IGOV,20111006,103.74,104.26,103.6,104.18,4200
IGTE,20111006,12.04,12.45,12.02,12.27,201400
III,20111006,1.25,1.25,1,1.1,51200
IIIN,20111006,10,10.45,9.92,10.33,41300
IIJI,20111006,10.75,10.9,10.75,10.87,6000
IILG,20111006,13.61,13.61,13.29,13.56,116900
IIN,20111006,3.92,4.38,3.91,4.3,1800
IIVI,20111006,18.3,18.59,18.1,18.46,294900
IKAN,20111006,0.85,0.89,0.84,0.85,20100
IKNX,20111006,8.15,8.15,8.15,8.15,0
ILMN,20111006,39.28,40.33,38.92,39.93,3795400
IMGN,20111006,10.49,10.86,10.42,10.85,634700
IMKTA,20111006,14.47,14.5,14.28,14.49,30800
IMMR,20111006,6.08,6.35,6.05,6.25,127300
IMMU,20111006,3.15,3.33,3.11,3.33,533700
IMOS,20111006,4.5,5,4.41,4.6,63100
IMRS,20111006,3.63,3.81,3.6,3.74,13100
INAP,20111006,5.1,5.38,5.08,5.36,234300
INCY,20111006,15.15,16.01,15.03,16,1565900
INDB,20111006,22.69,23.61,22.28,23.57,76000
INDY,20111006,22.38,22.75,22.28,22.75,198500
INFA,20111006,41.74,43.5,41.61,43.24,1020600
INFI,20111006,7.09,7.1,6.95,7.06,75400
INFN,20111006,7.75,8.17,7.75,8.1,1406100
ININ,20111006,29.15,30.37,29.09,30.27,64600
INOC,20111006,1.36,1.36,1.36,1.36,0
INOD,20111006,2.91,2.91,2.76,2.87,16400
INPH,20111006,4.26,4.26,4.02,4.26,6200
INSM,20111006,4.69,4.85,4.51,4.81,84400
INTC,20111006,21.92,22.05,21.67,22.03,58486400
INTG,20111006,21.56,21.56,21.56,21.56,0
INTL,20111006,22.01,22.43,21.82,22.3,35300
INTT,20111006,2.53,2.6,2.45,2.6,10400
INTU,20111006,47.19,48.78,47.19,48.77,2300400
INTX,20111006,14.98,15.3,14.91,15.1,39500
INVE,20111006,1.96,2.03,1.9,1.98,314800
INWK,20111006,8.14,8.22,8,8.19,94500
IOSP,20111006,24.14,25.24,24.07,25.15,151700
IPAR,20111006,15.38,15.51,15.27,15.35,65200
IPAS,20111006,1.19,1.2,1.18,1.2,25100
IPCC,20111006,56.81,57.67,56.19,57.48,37600
IPCI,20111006,2.97,2.97,2.95,2.95,900
IPCM,20111006,36.73,37.13,36.35,36.99,108200
IPGP,20111006,45.05,48,44.78,47.76,379100
IPHS,20111006,41.15,42.49,41.15,42.35,124100
IPXL,20111006,18.92,19.68,18.3,19.65,818800
IRBT,20111006,28.22,28.36,27.27,28.25,288500
IRDM,20111006,5.95,6.02,5.88,5.96,1010400
IRDMZ,20111006,1.17,1.17,1.17,1.17,2700
IRIX,20111006,3.4,3.4,3.24,3.26,64900
IROQ,20111006,11,11.25,10.99,11.02,22700
IRWD,20111006,10.81,11.01,10.61,10.85,277100
ISBC,20111006,12.91,13.25,12.7,13.22,165200
ISCA,20111006,20.08,22.63,20.08,22.33,302500
ISHG,20111006,100.38,101.24,100.38,101.24,14700
ISIG,20111006,2.46,2.5,2.35,2.35,26400
ISIL,20111006,10.92,11.08,10.78,11.07,945100
ISIS,20111006,6.85,7.19,6.78,7.17,861400
ISLE,20111006,4.99,5.17,4.92,5.14,106200
ISNS,20111006,6.85,6.85,6.37,6.42,10200
ISRG,20111006,369.32,375.18,364.75,372.9,465400
ISRL,20111006,63.7,65.8,63.7,65.8,1500
ISSC,20111006,4.62,4.62,4.62,4.62,0
ISSI,20111006,7.93,8.14,7.82,8.09,113700
ITIC,20111006,34.55,34.55,34.55,34.55,200
ITMN,20111006,21.32,22.78,20.99,22.69,1060500
ITRI,20111006,31.66,32.62,30.76,32.25,350900
ITRN,20111006,11.88,11.91,11.7,11.74,3100
IVAC,20111006,7.08,7.26,6.97,7.14,115600
IVAN,20111006,1.07,1.16,1.07,1.1,625200
IXYS,20111006,11,11.02,10.85,11,91500
JACK,20111006,19.47,20.07,19.43,20.06,335900
JADE,20111006,2.5,2.54,2.45,2.54,86600
JAKK,20111006,17.32,18,17.32,17.96,385800
JASO,20111006,9.5,10.5,9.25,10.4,7176900
JAXB,20111006,4.7,4.7,4.7,4.7,0
JAZZ,20111006,40.34,41.63,39.4,41.51,475000
JBHT,20111006,37.42,38.42,37.2,38.35,725600
JBLU,20111006,3.81,3.88,3.76,3.86,3461200
JBSS,20111006,7.95,7.95,7.81,7.91,3400
JCOM,20111006,28.45,29.05,27.89,29,554900
JCS,20111006,13.58,13.73,13.01,13.72,22100
JCTCF,20111006,8.12,8.12,8.12,8.12,400
JDSU,20111006,9.71,10.41,9.63,10.15,8912200
JFBI,20111006,2.8,2.8,2.8,2.8,0
JJSF,20111006,47.85,48.28,47.3,48.19,44500
JKHY,20111006,29.45,29.93,29.16,29.91,614600
JMBA,20111006,1.38,1.42,1.3,1.33,397000
JOBS,20111006,42.53,42.63,41.24,41.58,132900
JOEZ,20111006,0.59,0.6,0.53,0.57,217500
JOSB,20111006,46.83,49.08,46.83,49.06,373700
JOUT,20111006,17.5,17.5,16.11,17.16,13900
JRCC,20111006,7.51,7.92,7.21,7.77,2605400
JRJC,20111006,1.82,1.95,1.73,1.77,69300
JST,20111006,7.5,7.68,7.32,7.5,85500
JVA,20111006,7.99,8.72,7.82,8.26,1385100
JXSB,20111006,13.63,13.63,13.25,13.25,1300
KALU,20111006,45.47,46.37,43.97,44.96,163500
KBALB,20111006,5.05,5.1,5,5.09,82900
KCAP,20111006,5.66,5.96,5.66,5.95,93500
KCLI,20111006,31.17,31.53,30.61,31.18,22200
KELYA,20111006,12.56,12.87,12.22,12.8,157800
KEQU,20111006,8.56,8.56,8.56,8.56,0
KERX,20111006,3.07,3.17,3.05,3.16,1062100
KEYN,20111006,22.03,22.84,21.78,22.81,139900
KEYW,20111006,8.09,8.3,7.76,8.28,116400
KFFB,20111006,6.6,6.82,6.41,6.48,7400
KFRC,20111006,11.28,11.48,11.13,11.4,245700
KGJI,20111006,1.14,1.24,1.12,1.19,68800
KINS,20111006,3.19,3.19,3.19,3.19,100
KIOR,20111006,16.35,17.56,16.04,16.91,223200
KIPS,20111006,1.17,1.29,1.16,1.17,35300
KIRK,20111006,9.45,9.69,9.33,9.41,326600
KLAC,20111006,40.04,40.36,39.41,40.08,5592600
KLIC,20111006,7.93,8.33,7.81,8.32,1380500
KNDI,20111006,2,2.08,1.96,2.02,23200
KONA,20111006,5.87,5.97,5.67,5.74,53600
KONE,20111006,0.89,0.89,0.89,0.89,300
KONG,20111006,3.9,4.19,3.9,4.16,52800
KOOL,20111006,1.14,1.2,1.12,1.14,17300
KOPN,20111006,3.56,3.63,3.49,3.62,218700
KOSS,20111006,5.49,5.74,5.45,5.51,2000
KRNY,20111006,8.89,9.04,8.81,9.03,72700
KSWS,20111006,4.8,4.89,4.67,4.84,141600
KTCC,20111006,3.35,3.4,3.35,3.4,5700
KTEC,20111006,10.98,11.06,10.72,10.97,4700
KTOS,20111006,6.25,6.3,6.21,6.23,282300
KUTV,20111006,1.92,2.1,1.9,2.03,64800
KVHI,20111006,7.83,7.89,7.54,7.74,119000
LABC,20111006,15.99,15.99,15.99,15.99,0
LABL,20111006,25.77,25.77,24.41,24.68,36700
LACO,20111006,2.22,2.43,2.18,2.31,20900
LAKE,20111006,7.88,7.88,7.5,7.83,1000
LAMR,20111006,17.41,18.89,17.34,18.77,804300
LANC,20111006,61.98,62.66,61.75,62.54,114300
LARK,20111006,15.27,15.27,15.27,15.27,0
LAWS,20111006,14.9,14.97,14.3,14.63,6800
LAYN,20111006,22.48,23.31,22.03,23.28,212100
LBAI,20111006,8.32,8.45,8.17,8.39,45700
LBIX,20111006,3.21,3.21,3.21,3.21,0
LBTYA,20111006,33.42,36.22,33.27,35.97,3097800
LBTYB,20111006,39.69,39.69,39.69,39.69,0
LBTYK,20111006,32.13,34.76,32.13,34.54,413800
LCAV,20111006,2.32,2.56,2.29,2.52,130500
LCNB,20111006,12.52,12.82,12.52,12.55,1400
LCUT,20111006,10.27,10.27,9.51,9.7,43200
LEAP,20111006,6.02,6.3,5.81,6.3,2259200
LECO,20111006,29.91,31,29.74,30.95,372800
LEDR,20111006,2.26,2.26,2.25,2.25,2000
LEDS,20111006,3.6,3.74,3.6,3.72,31400
LFUS,20111006,41.68,43.74,41.6,43.66,132600
LGCY,20111006,25.5,26.76,25.12,26.48,82700
LGND,20111006,13.49,13.62,13.12,13.4,138300
LHCG,20111006,15.7,16.63,15.63,16.59,174200
LIFE,20111006,38.24,39.42,37.81,39.38,1775100
LIME,20111006,2.99,3.16,2.86,2.98,12600
LINC,20111006,8.23,8.52,8.06,8.47,320900
LINE,20111006,34.99,35.72,34.31,35.29,913500
LINTA,20111006,14.82,15.62,14.8,15.2,6602700
LINTB,20111006,15.24,15.24,15.12,15.13,5600
LION,20111006,6.2,6.48,6.2,6.33,21600
LIOX,20111006,2.59,2.61,2.53,2.59,151000
LIVE,20111006,1.83,1.85,1.36,1.47,1300
LIWA,20111006,4.16,4.35,4.12,4.23,72900
LKFN,20111006,20.83,21.46,20.48,21.41,50800
LKQ,20111006,12.99,13.65,12.85,13.505,1256600
LLEN,20111006,2.93,2.93,2.7,2.85,90200
LLNW,20111006,2.35,2.57,2.34,2.52,1851300
LLTC,20111006,29.29,29.4,28.67,29.38,2813000
LMAT,20111006,6.5,6.5,6.07,6.32,11100
LMCA,20111006,63.08,65.77,63.07,65.61,341200
LMIA,20111006,17.74,18,17.58,17.99,20000
LMNR,20111006,14.96,15.93,14.67,15.93,19000
LMNX,20111006,21.98,22.5,21.6,22.44,289800
LNBB,20111006,3.95,4.17,3.92,4.17,3900
LNCE,20111006,20.27,20.5,20.13,20.46,162500
LNDC,20111006,5.01,5.63,5.01,5.57,290300
LOAN,20111006,1.05,1.18,1.05,1.18,200
LOCM,20111006,2.19,2.33,2.19,2.28,174200
LOGI,20111006,8.38,8.69,8.31,8.56,695200
LOGM,20111006,33.61,34.19,33,34.1,190200
LOJN,20111006,2.99,3.14,2.99,3.14,7500
LONG,20111006,16.97,16.97,16.56,16.95,2200
LOOK,20111006,1.39,1.42,1.32,1.37,38100
LOPE,20111006,16.25,16.34,15.99,16.25,281000
LORL,20111006,52.22,53.48,51.74,52.97,36900
LPHI,20111006,6.49,6.5,6.32,6.49,63300
LPLA,20111006,26.35,26.54,25.97,26.36,129500
LPNT,20111006,34.23,35.89,34.23,35.64,662100
LPSB,20111006,8.5,8.5,8.5,8.5,0
LPSN,20111006,10.01,10.1,9.84,10.04,434300
LPTH,20111006,1.43,1.54,1.42,1.42,6300
LQDT,20111006,31.12,32.29,30.43,32.28,234800
LRAD,20111006,1.73,1.89,1.73,1.85,98100
LRCX,20111006,39.78,41.03,39.27,40.75,3676400
LSBI,20111006,12.5,12.5,12.5,12.5,0
LSBK,20111006,9.75,9.75,9.75,9.75,100
LSCC,20111006,5.47,5.54,5.38,5.5,1491700
LSTR,20111006,41.01,41.67,40.52,41.54,378000
LTBR,20111006,2.3,2.4,2.26,2.29,31900
LTON,20111006,0.79,0.8,0.76,0.76,37200
LTRE,20111006,6.51,6.72,6.5,6.63,1600
LTRX,20111006,1.68,1.8,1.68,1.8,4900
LTXC,20111006,5.58,5.67,5.49,5.64,529900
LUFK,20111006,48.08,49.15,46.66,49.09,911200
LULU,20111006,50.58,52.61,49.68,52.17,3738100
LUNA,20111006,1.12,1.15,1.05,1.1,20600
LWAY,20111006,10.43,10.78,10.4,10.76,5200
LXRX,20111006,0.97,1.05,0.95,1.04,774800
LYTS,20111006,6.53,6.6,6.4,6.53,56100
MAGS,20111006,2.45,2.45,2.32,2.38,46400
MAKO,20111006,34.68,37.9,34.68,37.09,835200
MANH,20111006,33.95,35.19,33.79,35.11,85100
MANT,20111006,32.63,33.43,31.89,33.38,236500
MARPS,20111006,21,21.02,21,21,1000
MASC,20111006,6.52,6.87,6.26,6.78,102500
MASI,20111006,22.65,22.69,22.3,22.62,340000
MAT,20111006,26.38,26.67,26.08,26.59,3557800
MATR,20111006,4.29,4.67,4.29,4.67,12800
MATW,20111006,31.08,32.1,30.95,32.04,120200
MAXY,20111006,5.53,5.6,5.48,5.58,158400
MAYS,20111006,13.1,13.1,13.1,13.1,0
MBFI,20111006,15.68,16.08,15.44,16.04,454400
MBLX,20111006,4.06,4.27,3.91,4.26,272800
MBND,20111006,2.72,2.97,2.72,2.89,99000
MBRG,20111006,14.69,14.7,14.68,14.7,300
MBTF,20111006,1.17,1.17,1.1,1.1,37900
MBVT,20111006,26.74,27.24,26.74,27,5500
MBWM,20111006,8.05,8.12,8.03,8.1,4700
MCBC,20111006,2.87,2.93,2.83,2.83,11800
MCBI,20111006,4.4,4.44,4.39,4.39,1400
MCGC,20111006,4.01,4.17,3.91,4.16,365100
MCHP,20111006,32.61,33.31,32.16,33.29,2698000
MCHX,20111006,8.81,8.9,8.61,8.79,70200
MCOX,20111006,6.7,7.35,6.7,7.15,34100
MCRI,20111006,10.85,10.95,10.55,10.82,20400
MCRL,20111006,9.79,9.82,9.61,9.8,365400
MCRS,20111006,44.71,46.24,44.32,46.1,361300
MDAS,20111006,9.53,9.8,9.43,9.78,461400
MDCA,20111006,16.38,16.38,15.46,15.83,77100
MDCI,20111006,4.76,5.07,4.69,4.96,50300
MDCO,20111006,17.22,17.64,17.16,17.55,687800
MDH,20111006,2.1,2.1,2.05,2.05,1800
MDRX,20111006,17.57,17.9,17.41,17.62,1672200
MDSO,20111006,16.2,16.5,16.12,16.49,193800
MDVN,20111006,17.21,17.5,16.85,17.34,245800
MEAD,20111006,3.76,3.91,3.4,3.4,8800
MEAS,20111006,28.55,29.88,28.3,29.6,78600
MELA,20111006,5.8,5.8,5.44,5.62,775000
MELI,20111006,55.75,57.24,55.75,56.77,335200
MEMS,20111006,2.2,2.27,2.19,2.19,2700
MENT,20111006,9.56,9.91,9.45,9.9,702700
MEOH,20111006,21.77,23.58,21.77,23.03,471700
MERC,20111006,7.43,7.53,7.3,7.37,357800
MERU,20111006,8.24,8.39,7.61,8.02,122600
METR,20111006,8.51,8.74,8.44,8.56,66300
MFI,20111006,5.34,5.4,5.15,5.25,2800
MFLR,20111006,8.48,8.48,8.48,8.48,0
MFLX,20111006,20.52,20.78,20.47,20.68,30300
MFNC,20111006,5.46,5.46,5.46,5.46,0
MFRI,20111006,6.65,7.06,6.41,6.51,2400
MFSF,20111006,6.92,7.26,6.76,7.08,4300
MGAM,20111006,4.07,4.2,4.02,4.18,193300
MGEE,20111006,41.02,41.55,40.71,41.49,82400
MGIC,20111006,3.99,4.18,3.99,4.14,34100
MGLN,20111006,47.99,49,47.69,48.94,252500
MGPI,20111006,4.95,5.02,4.79,4.91,45800
MGRC,20111006,23.98,24.53,23.83,24.49,42500
MGYR,20111006,3.08,3.08,3.08,3.08,500
MHGC,20111006,6.19,6.28,5.96,6.23,157600
MHLD,20111006,7.42,7.72,7.42,7.66,306600
MIDD,20111006,72.82,73.9,72.09,73.15,138100
MIND,20111006,10.52,11.52,10.51,11.42,79100
MINI,20111006,15.31,16.57,15.31,16.53,227300
MITK,20111006,9.49,9.8,9.29,9.49,262800
MITL,20111006,2.2,2.3,2.16,2.2,21100
MKSI,20111006,22.68,23.24,22.4,23.17,331900
MKTAY,20111006,35.19,35.85,35.19,35.5,129700
MKTG,20111006,10.38,10.72,10.18,10.26,60600
MKTX,20111006,25.33,27.04,25.21,26.97,141100
MLAB,20111006,35.97,36,35.96,35.96,500
MLHR,20111006,19.45,20.34,19.26,20.16,449200
MLNK,20111006,3.71,4.08,3.71,4.05,416000
MLNX,20111006,33.11,34.66,33.1,34.38,437900
MLVF,20111006,6.39,6.39,6.39,6.39,0
MMLP,20111006,31.74,32.42,31.04,31.96,59700
MMSI,20111006,13.07,13.44,13.05,13.28,618600
MMUS,20111006,5.09,5.21,5.09,5.21,4100
MMYT,20111006,24.39,24.55,23.72,24.38,100000
MNDO,20111006,1.89,1.96,1.87,1.89,18700
MNGLU,20111006,10.2,10.2,10.2,10.2,100
MNGLW,20111006,0.8,0.8,0.8,0.8,0
MNKD,20111006,3.49,3.7,3.32,3.54,562700
MNOV,20111006,2,2.01,1.91,1.91,6500
MNRK,20111006,5.6167,5.6583,5.425,5.5917,1300
MNRO,20111006,34.81,35.27,34.36,35.19,279500
MNST,20111006,41.645,42.875,41.395,42.15,1172300
MNTA,20111006,12.01,12.49,11.92,12.47,824500
MNTG,20111006,1.57,1.74,1.56,1.56,15000
MNTX,20111006,3.4,3.45,3.38,3.45,15100
MOBI,20111006,3.4,3.99,3.28,3.72,388400
MOCO,20111006,15.47,15.47,15,15.1,10900
MOFG,20111006,14.15,14.16,14,14.05,22200
MOLX,20111006,20.69,21.5,20.65,21.43,1051700
MOLXA,20111006,17.24,17.85,17.24,17.77,202000
MORN,20111006,56.49,58.04,56.13,58,67800
MOSY,20111006,3.63,3.68,3.6,3.62,65900
MOVE,20111006,5.84,5.92,5.44,5.92,999800
MPAA,20111006,8.31,8.55,8.31,8.52,56100
MPAC,20111006,4.91,5.37,4.91,5.32,600
MPB,20111006,7.75,7.75,6.99,6.99,1000
MPEL,20111006,8.86,9.73,8.8,9.56,14888800
MPET,20111006,1.18,1.22,1.13,1.21,50600
MPWR,20111006,10.61,10.82,10.46,10.75,250100
MRCY,20111006,12.42,13.36,12.35,13.33,282300
MRGE,20111006,6.01,6.3,5.95,6.11,1181900
MRLN,20111006,10.71,11.38,10.64,11.12,18700
MRTN,20111006,17.22,17.43,17.04,17.39,64200
MRVL,20111006,15.01,15.55,14.96,15.43,13283500
MSBF,20111006,5,5.01,5,5,3400
MSCC,20111006,16.84,17.14,16.57,17.11,494100
MSEX,20111006,17.66,17.8,17.41,17.7,32200
MSFG,20111006,9.2,9.44,8.96,9.41,56700
MSFT,20111006,25.9,26.4,25.7,26.34,55113400
MSG,20111006,22.11,22.49,22.03,22.39,278500
MSON,20111006,1.9,2,1.78,1.98,10000
MSPD,20111006,5.33,5.33,5.13,5.25,299500
MSTR,20111006,114.35,119.08,114.35,117,145900
MTEX,20111006,5,5.4,5,5,3100
MTGE,20111006,16.31,16.96,16.2,16.94,48700
MTRX,20111006,8.68,9.45,8.68,9.41,174500
MTSC,20111006,32.57,33.51,32.4,33.44,49300
MTSL,20111006,1.24,1.32,1.24,1.32,1000
MTSN,20111006,1.08,1.12,1.06,1.12,130700
MU,20111006,4.95,5,4.77,4.96,35914200
MVIS,20111006,5.04,5.52,5.04,5.44,564600
MVISW,20111006,0.18,0.2,0.18,0.2,6400
MWIV,20111006,68.34,69.4,67.34,69.29,69600
MXIM,20111006,23.6,23.79,23.14,23.77,3505200
MXWL,20111006,19.3,19.44,18.98,19.38,157600
MYGN,20111006,19.44,19.95,19.41,19.95,356000
MYL,20111006,16.84,17.6,16.16,17.54,8137500
MYRG,20111006,18.73,19.2,18.59,19.17,82700
NAFC,20111006,26.11,27.11,25.86,27.07,86200
NAII,20111006,4.36,4.5,4.35,4.48,7100
NANO,20111006,15.38,15.97,15.38,15.91,145100
NASB,20111006,10.08,10.08,10.08,10.08,0
NATH,20111006,18.8,18.94,18.59,18.73,4100
NATI,20111006,23.68,24.05,23.55,23.97,682900
NATL,20111006,21.21,22.53,21.21,22.4,12300
NATR,20111006,14.44,14.58,13.71,14.46,24500
NAUH,20111006,7.6,7.67,7.33,7.63,14400
NAVG,20111006,44.56,45.41,44.56,45.38,30900
NAVR,20111006,1.52,1.61,1.52,1.58,10600
NBBC,20111006,3.45,3.57,3.45,3.5,6400
NBIX,20111006,5.53,5.83,5.52,5.71,342000
NBN,20111006,12.25,12.4,12.25,12.39,1100
NBTB,20111006,19.12,19.91,19.03,19.86,120300
NBTF,20111006,17.99,17.99,16.71,17,1700
NCBC,20111006,3.01,3.02,3,3.02,1000
NCIT,20111006,12.18,12.59,12.06,12.23,74600
NCMI,20111006,14.44,15.33,14.33,14.87,442900
NCTY,20111006,2.95,3.37,2.95,3.31,129700
NDAQ,20111006,23.71,24.5,23.33,24.44,1827000
NDSN,20111006,40.4,41.14,39.71,41.11,1196300
NECB,20111006,5.85,5.85,5.85,5.85,0
NEOG,20111006,33.83,34.31,33.39,34.13,196400
NEPT,20111006,2.45,2.71,2.45,2.65,150900
NETC,20111006,8.94,9.83,8.86,9.5,30000
NEWL,20111006,0.75,0.75,0.75,0.75,0
NEWP,20111006,11.29,11.72,11.17,11.4,335500
NEWS,20111006,9.44,9.78,9.32,9.7,80400
NEWT,20111006,1.25,1.3,1.22,1.22,7600
NFBK,20111006,13.35,13.4,13.05,13.39,57900
NFEC,20111006,0.69,0.69,0.69,0.69,0
NFLX,20111006,119.7,124.25,118.48,123.24,5788200
NFSB,20111006,12.35,12.36,12.35,12.36,400
NGPC,20111006,6.16,6.36,6.14,6.25,329500
NHTB,20111006,10.9,11,10.9,10.98,3700
NICE,20111006,30.1,30.69,29.62,30.66,126000
NICK,20111006,10.29,10.29,10.23,10.25,30900
NIHD,20111006,26.04,26.43,25.47,26.19,3122300
NILE,20111006,37.69,39.17,37.46,38.72,145500
NINE,20111006,1.27,1.27,1.26,1.26,500
NKSH,20111006,25.78,25.96,25.61,25.94,12500
NKTR,20111006,4.61,4.8,4.53,4.79,1130900
NLST,20111006,1.15,1.28,1.11,1.25,57900
NMRX,20111006,5.34,6.19,5.34,6.14,39400
NNBR,20111006,5.38,5.65,5.13,5.63,239000
NOVB,20111006,9.25,9.98,9.25,9.66,300
NPBC,20111006,7.43,7.63,7.26,7.6,1247800
NPSP,20111006,6.9,7.17,6.7,7.16,869200
NRCI,20111006,30.62,33.37,30.62,33.31,2600
NRIM,20111006,19,19.11,18.99,19.05,1400
NSEC,20111006,10.27,10.45,10.27,10.45,400
NSIT,20111006,15.28,15.99,15.11,15.95,201300
NSPH,20111006,0.95,1.03,0.95,1.03,185600
NSSC,20111006,2.07,2.16,2.07,2.1,500
NSYS,20111006,3.37,3.37,3.37,3.37,0
NTAP,20111006,36.17,37.61,36.01,37.34,6753300
NTCT,20111006,12.13,12.79,11.99,12.75,311000
NTES,20111006,38.56,41.41,38.42,41.3,1105200
NTGR,20111006,27.79,29.33,27.73,28.54,651500
NTIC,20111006,14.63,14.98,14.63,14.98,1000
NTLS,20111006,17.13,17.29,17,17.23,116000
NTRI,20111006,11.9,12.17,11.73,12.16,232100
NTRS,20111006,36.34,36.8,35.58,36.71,2146000
NTSC,20111006,4.99,5.01,4.94,4.94,4400
NTSP,20111006,4.73,5.06,4.73,4.96,203000
NTWK,20111006,5.5,6,5.5,5.9,301400
NUAN,20111006,20.18,21.96,20.1,21.9,6417000
NUCL,20111006,32.02,32.2,31.58,32.2,1700
NURO,20111006,10.68,10.68,9.6,9.6,13200
NUTR,20111006,13.29,13.35,13.18,13.34,15400
NUVA,20111006,16.99,17.4,16.69,17.32,819600
NVAX,20111006,1.55,1.56,1.49,1.56,320100
NVDA,20111006,13.43,13.93,13.41,13.89,19332100
NVEC,20111006,63.34,64.4,62.47,63.72,36200
NVGN,20111006,0.6,0.6,0.56,0.59,3900
NVMI,20111006,5.61,5.88,5.59,5.78,54900
NVSL,20111006,7.65,7.83,7.47,7.83,1000
NVTL,20111006,3.14,3.27,3.14,3.27,248600
NWBI,20111006,12.02,12.35,11.99,12.33,900000
NWFL,20111006,24.05,24.4,24.03,24.4,1200
NWLI,20111006,133.74,142.43,133.74,140.93,2800
NWPX,20111006,20.98,22.06,20.51,21.45,57600
NWS,20111006,16.01,16.12,15.81,16.02,8761700
NWSA,20111006,15.96,15.99,15.71,15.97,20752200
NXPI,20111006,15,15.59,14.66,15.53,975700
NXST,20111006,6.64,7.22,6.6,6.98,204700
NXTM,20111006,20.92,21.33,20.63,21.19,638200
NYMT,20111006,6.21,6.43,6.18,6.4,22500
NYMX,20111006,8.26,8.29,8.13,8.28,76700
NYNY,20111006,0.7,0.78,0.7,0.76,39600
OABC,20111006,14.12,14.25,13.81,14.08,24700
OBAF,20111006,14.25,14.25,14.25,14.25,100
OBAS,20111006,6.25,6.25,6.2,6.2,300
OBCI,20111006,2.05,2.05,1.95,1.97,15200
OCC,20111006,3.37,3.42,3.35,3.42,600
OCFC,20111006,12.31,12.35,12.04,12.18,28700
OCLR,20111006,3.64,3.73,3.52,3.61,1515300
OCLS,20111006,10.57,10.85,9.8,10.85,31000
OCZ,20111006,5.82,5.9,5.52,5.68,4560900
ODFL,20111006,20.4867,21.0267,20.2733,21.0133,534900
OFED,20111006,11.35,11.35,11.35,11.35,100
OFIX,20111006,33.55,33.6,32.6,32.75,182000
OFLX,20111006,13.59,13.6,13.4,13.6,3900
OGXI,20111006,9.5,9.68,9.42,9.62,34700
OIIM,20111006,4.15,4.15,4.03,4.06,31300
OINK,20111006,1.62,1.86,1.62,1.76,45200
OKSB,20111006,4.04,4.28,3.93,4.25,65900
OKSBP,20111006,17.5,18.48,17.49,18.48,900
OLBK,20111006,6.5,6.88,6.31,6.8,2200
OMAB,20111006,13.61,13.96,13.61,13.88,3000
OMCL,20111006,14.14,14.25,14.03,14.19,111300
OMER,20111006,3.93,4.04,3.93,4.01,12400
OMEX,20111006,2.57,2.6,2.41,2.6,416900
OMPI,20111006,9.62,9.62,9.24,9.4,83100
ONCY,20111006,3.53,4.02,3.53,3.97,54800
ONEQ,20111006,96.53,98.6,96.53,98.6,2900
ONFC,20111006,9.06,9.31,9.02,9.24,2900
ONNN,20111006,7.21,7.35,7.03,7.28,5291600
ONTY,20111006,6,6.31,5.89,6.23,317800
ONVI,20111006,3.23,3.23,3.23,3.23,0
ONXX,20111006,33.26,34.2,32.39,34.12,1316000
OPEN,20111006,46.19,49.24,45.06,49.13,1439800
OPHC,20111006,0.65,0.76,0.53,0.76,1500
OPLK,20111006,15.75,16,15.42,15.98,101600
OPOF,20111006,10.05,10.05,10.05,10.05,0
OPTR,20111006,13.54,14.44,13.37,14.43,698700
OPTT,20111006,3.09,3.75,3.09,3.55,359300
OPXA,20111006,4.16,4.48,4.16,4.48,13700
ORBC,20111006,2.39,2.71,2.36,2.58,126500
ORBK,20111006,9.75,9.81,9.56,9.71,38500
ORBT,20111006,3.57,3.78,3.56,3.68,2200
ORCL,20111006,29.46,30.1,28.98,30.07,34994100
OREX,20111006,2.19,2.23,2.12,2.18,468700
ORIG,20111006,14,14.95,13.6,14.95,273400
ORIT,20111006,12.88,13.18,12.75,13.16,457700
ORLY,20111006,67.01,67.69,66.33,67.57,1359100
ORRF,20111006,12.75,12.93,12.62,12.78,15000
OSBC,20111006,1.11,1.17,1.11,1.15,22100
OSBCP,20111006,3.89,3.89,3.89,3.89,0
OSHC,20111006,10.69,10.99,10.69,10.88,1100
OSIR,20111006,5.15,5.28,5.07,5.28,53700
OSIS,20111006,36.3,37.35,35.8,37.27,224300
OSN,20111006,1.52,1.65,1.5,1.64,6200
OSTK,20111006,9.25,9.71,9.17,9.61,54300
OSUR,20111006,8.57,9.04,8.57,8.99,225800
OTEX,20111006,49.65,51.99,49.22,51.9,256300
OTIV,20111006,1.35,1.43,1.34,1.4,187000
OTT,20111006,14.81,14.82,14.25,14.5,31200
OTTR,20111006,18.51,18.98,18.32,18.94,179400
OUTD,20111006,6.13,6.83,6.13,6.7,55600
OVBC,20111006,17.01,17.05,17,17.05,1000
OVLY,20111006,4.65,4.65,4.65,4.65,0
OVRL,20111006,2.35,2.6,2.31,2.46,32300
OVTI,20111006,16.69,16.75,15.72,16.32,6686200
OXBT,20111006,1.88,1.9,1.88,1.9,4100
OXGN,20111006,0.95,1.03,0.95,1,285600
OXLC,20111006,12.7,13.05,12.7,12.88,2300
OZRK,20111006,21.91,22.12,21.6,22.06,357600
PAAS,20111006,26.57,27.72,26.24,27.55,1319400
PACB,20111006,3.25,3.5,3.25,3.49,459800
PACQ,20111006,9.49,9.49,9.49,9.49,1500
PACQW,20111006,0.45,0.45,0.45,0.45,700
PACR,20111006,3.8,3.86,3.59,3.84,258300
PACW,20111006,14.58,15.14,14.31,15.06,282400
PAGG,20111006,25.94,26.53,25.57,26.53,32100
PANL,20111006,45.12,46.9,44.78,46.73,1078300
PATH,20111006,2.14,2.36,2.14,2.34,37500
PATK,20111006,1.84,1.94,1.79,1.82,2900
PATR,20111006,22.55,22.68,21.94,22.67,10800
PAYX,20111006,26.22,26.77,25.98,26.77,2807100
PBCT,20111006,11.54,11.9,11.47,11.88,6028400
PBHC,20111006,8.1,8.1,8.1,8.1,0
PBIB,20111006,3.16,3.16,3.16,3.16,0
PBIP,20111006,5.07,5.07,5.07,5.07,300
PBSK,20111006,10.89,10.89,10.89,10.89,500
PCAR,20111006,35.74,36.52,35.24,36.52,2165800
PCBK,20111006,7.38,7.83,7.36,7.78,85600
PCCC,20111006,8.2,8.56,8.2,8.55,41300
PCH,20111006,32.17,33.59,31.95,33.51,422800
PCLN,20111006,447.78,472.83,444.28,469.56,1935300
PCO,20111006,2.59,2.59,2.45,2.5,331800
PCOM,20111006,9.17,9.58,9.12,9.58,29700
PCRX,20111006,9.89,9.89,9.06,9.22,97300
PCTI,20111006,6.2,6.37,6.15,6.19,8200
PCYC,20111006,11.49,12.05,11.37,12,606200
PCYO,20111006,2.01,2.1,1.9,2.02,41300
PDCO,20111006,28.26,28.75,27.82,28.74,811700
PDEX,20111006,2.04,2.04,2.04,2.04,400
PDFS,20111006,4.03,4.16,3.93,4.1,73300
PDII,20111006,6.47,6.71,6.4,6.51,1100
PDLI,20111006,5.58,5.64,5.57,5.63,1953500
PEBK,20111006,4.77,4.78,4.71,4.75,14300
PEBO,20111006,11.31,11.84,11.25,11.8,21600
PEGA,20111006,30.78,31.09,30.48,30.94,168400
PEIX,20111006,0.29,0.29,0.28,0.29,498300
PENN,20111006,35.6,36.54,35.28,36.41,688900
PENX,20111006,5.29,5.76,5.28,5.55,87500
PEOP,20111006,12.91,13.07,12.5,12.99,5400
PERF,20111006,13.29,13.29,13.29,13.29,0
PERY,20111006,20.35,20.76,19.79,20.71,84100
PESI,20111006,1.2,1.2,1.15,1.16,20800
PETM,20111006,41.1,41.59,40.86,41.38,1102200
PETS,20111006,9.27,9.73,9.27,9.55,863200
PFBC,20111006,7.49,7.72,7.49,7.52,1700
PFBI,20111006,4.79,4.88,4.79,4.82,5200
PFBX,20111006,10.41,10.46,10.41,10.43,1400
PFIN,20111006,3.65,3.75,3.55,3.7,1300
PFLT,20111006,10.15,10.3,10.11,10.25,14100
PFSW,20111006,3.59,3.62,3.44,3.5,26700
PGC,20111006,9.9,10,9.81,10,6900
PGNX,20111006,6.06,6.31,6.06,6.24,199900
PGTI,20111006,1.1,1.32,1.1,1.31,18800
PHII,20111006,19.51,19.51,19.51,19.51,0
PHIIK,20111006,20,20.13,19.67,19.99,26900
PHMD,20111006,12,12,12,12,100
PICO,20111006,20.5,20.7,20.28,20.63,81700
PKBK,20111006,6.76,6.76,6.75,6.75,5000
PKOH,20111006,11.89,12.61,11.58,12.58,76100
PLAB,20111006,5.15,5.47,5.15,5.37,558000
PLBC,20111006,2.18,2.18,2.08,2.12,2000
PLCC,20111006,0.87,0.87,0.87,0.87,100
PLCE,20111006,48.19,49,47.24,48.71,684400
PLCM,20111006,20.39,21.56,20.2,21.48,3181600
PLMT,20111006,8.35,8.35,8.35,8.35,0
PLNR,20111006,1.85,1.89,1.75,1.75,11500
PLPC,20111006,46.47,48.12,46.4,48.12,8300
PLTM,20111006,18.82,19.14,18.82,19.14,1600
PLUG,20111006,1.8,1.87,1.8,1.87,141400
PLUS,20111006,23.59,23.96,23.52,23.64,11100
PLXS,20111006,24.49,26.08,24.49,26,447700
PLXT,20111006,2.97,3,2.89,2.98,84700
PMBC,20111006,3.11,3.11,3.11,3.11,100
PMCS,20111006,6.36,6.44,6.23,6.44,2275600
PMD,20111006,7.75,7.95,7.62,7.85,10000
PMFG,20111006,16.38,16.71,15.64,16.56,57100
PMNA,20111006,10.67,10.78,10.56,10.74,4200
PMTC,20111006,15.93,16.53,15.8,16.51,1752700
PMTI,20111006,7.89,7.98,7.7,7.87,85000
PNBK,20111006,1.98,1.99,1.98,1.99,3600
PNFP,20111006,11.43,11.99,11.26,11.94,154300
PNNT,20111006,9.18,9.49,9.17,9.45,398700
PNQI,20111006,32.57,33.61,32.54,33.61,10800
PNRA,20111006,105.78,107.86,105.01,106.8,429300
PNRG,20111006,18.54,18.98,18.35,18.98,700
PNTR,20111006,4.35,4.35,4.23,4.24,700
PODD,20111006,16.15,16.19,15.73,15.86,486700
POOL,20111006,27.15,28.13,26.96,28.07,242400
POPE,20111006,41.97,41.97,40.87,41,1800
POWI,20111006,32.23,32.65,31.24,32.05,319500
POWL,20111006,31.03,32.01,31.03,31.81,27900
POWR,20111006,4.53,4.66,4.41,4.52,114000
POZN,20111006,2.56,2.76,2.54,2.74,143700
PPBI,20111006,5.75,5.78,5.71,5.78,500
PPHM,20111006,1.12,1.16,1.08,1.13,334600
PRAA,20111006,63.97,66.4,63.65,66.37,124400
PRAN,20111006,1.6,1.6,1.51,1.55,74500
PRCP,20111006,5.06,5.06,4.97,5.06,7400
PRFT,20111006,7.28,7.61,7.24,7.61,174900
PRFZ,20111006,53.37,54.66,53.2,54.65,55600
PRGO,20111006,95.26,97.34,94.51,97.31,439200
PRGS,20111006,19.28,20.08,18.87,20.04,549600
PRGX,20111006,4.99,5.23,4.87,5.22,53500
PRIM,20111006,11,11.28,10.84,11.22,250200
PRKR,20111006,0.86,0.89,0.84,0.89,180700
PRLS,20111006,3.75,3.84,3.7,3.8,23700
PRMW,20111006,5.52,5.89,5.51,5.78,193100
PROV,20111006,8.76,8.79,8.7,8.75,59800
PRPH,20111006,0.77,0.83,0.77,0.83,400
PRSC,20111006,10.98,11.11,10.4,11.06,44100
PRTS,20111006,5.16,5.36,5.15,5.34,33800
PRXI,20111006,1.76,1.84,1.76,1.8,103600
PRXL,20111006,20,20.75,19.79,20.71,475600
PSAU,20111006,41.74,42.73,41.47,42.73,15300
PSBH,20111006,4.4,4.4,4.4,4.4,0
PSCC,20111006,28.94,29.44,28.71,29.44,9700
PSCD,20111006,24.95,24.99,24.3,24.99,12200
PSCE,20111006,27.51,28.26,27.11,28.16,86200
PSCF,20111006,23.65,23.79,23.22,23.79,7200
PSCH,20111006,27.9,28.49,27.9,28.49,13100
PSCI,20111006,23.99,24.69,23.9,24.44,2300
PSCM,20111006,22.99,22.99,22.99,22.99,0
PSCT,20111006,24.42,24.83,24.21,24.82,15200
PSCU,20111006,27.83,28.36,27.81,28.15,7800
PSDV,20111006,3.78,3.97,3.77,3.97,44400
PSEC,20111006,8.5,8.73,8.31,8.71,1411900
PSEM,20111006,7.29,7.38,7.21,7.36,86400
PSMT,20111006,65.65,66.51,64.13,66.38,192600
PSTB,20111006,3.51,3.55,3.47,3.55,55700
PSTI,20111006,2.18,2.39,2.18,2.37,207400
PSTR,20111006,2.88,3,2.88,3,16100
PSUN,20111006,1.21,1.27,1.2,1.24,448900
PTEK,20111006,0.99,1,0.98,1,6700
PTEN,20111006,17.55,17.76,16.81,17.06,10030700
PTIE,20111006,4.46,4.56,4.31,4.4,257700
PTIX,20111006,1.87,1.87,1.64,1.7,2900
PTNR,20111006,10.3,10.43,10.27,10.41,91000
PTRY,20111006,13.21,13.37,13.04,13.2,221500
PTSI,20111006,10.24,10.24,9.77,10.14,2500
PTSX,20111006,0.56,0.68,0.56,0.65,17100
PULB,20111006,6.33,6.5,6.33,6.48,900
PURE,20111006,0.73,0.73,0.69,0.7,155100
PVFC,20111006,1.5,1.5,1.5,1.5,4700
PVTB,20111006,7.9,8.31,7.77,8.29,627300
PVTBP,20111006,25.19,25.25,25.1,25.25,1300
PWER,20111006,4.61,5.06,4.58,5.05,4011200
PWOD,20111006,34.4,35.8,33.45,35.72,14400
PWRD,20111006,11.7,12.61,11.7,12.43,821400
PWX,20111006,11.69,11.75,11.5,11.5,2400
PXLW,20111006,1.97,1.97,1.88,1.94,18700
PZZA,20111006,31.02,31.09,30.39,30.6,208400
PZZI,20111006,3.23,3.28,3.15,3.25,38700
QABA,20111006,20.32,20.53,20.32,20.53,500
QADA,20111006,10.79,10.85,10.52,10.6,13700
QADB,20111006,10.53,10.53,10.05,10.21,3200
QBAK,20111006,2,2.01,1.96,1.96,3900
QCCO,20111006,2.94,3.04,2.94,2.98,1900
QCLN,20111006,10.16,10.45,10.16,10.45,4000
QCOM,20111006,50.64,50.96,50,50.87,14775000
QCOR,20111006,29.62,31.49,29.53,31.27,1856300
QCRH,20111006,9.23,9.23,9.23,9.23,300
QDEL,20111006,16.97,17.17,16.7,17.09,181900
QGEN,20111006,13.08,13.44,13,13.4,2358100
QKLS,20111006,28.8,29.52,24.72,25.2,32100
QLGC,20111006,13.01,13.55,13,13.48,1391500
QLIK,20111006,22.94,23.26,21.94,22.41,1884900
QLTI,20111006,7.19,7.24,7,7.08,300600
QLTY,20111006,9.58,9.82,9.51,9.79,88600
QNST,20111006,10.95,11.65,10.95,11.32,293500
QQEW,20111006,22.1,22.55,22,22.55,53600
QQQ,20111006,53.47,54.44,53.21,54.43,71939100
QQQX,20111006,12.94,13.13,12.77,12.97,51400
QQXT,20111006,20.28,20.81,20.28,20.81,19400
QSII,20111006,44.49,44.835,43.885,44.715,479500
QTEC,20111006,22.56,23.02,22.36,23.01,140600
QTWW,20111006,2.19,2.4,2.18,2.23,127200
QUIK,20111006,1.99,2.17,1.92,2.15,256800
RADA,20111006,2.25,2.3,2.13,2.25,15400
RAIL,20111006,14.05,14.62,13.99,14.4,94600
RAND,20111006,2.99,2.99,2.65,2.65,200
RAVN,20111006,24.93,25.97,24.315,25.88,57400
RBCAA,20111006,18.46,19,18.3,18.95,30600
RBCN,20111006,11.25,11.38,10.75,10.85,259100
RBNF,20111006,2.55,2.7,2.55,2.56,3500
RBPAA,20111006,0.99,0.99,0.99,0.99,12400
RCII,20111006,27.96,28.94,27.85,28.83,673800
RCKB,20111006,9.63,9.74,9.52,9.72,54300
RCKY,20111006,9.54,10.38,9.4,9.74,15700
RCMT,20111006,4.34,4.47,4.04,4.16,30300
RCON,20111006,0.79,0.8,0.79,0.8,4900
RDA,20111006,7.7,8.49,7.53,8.01,34100
RDCM,20111006,3.42,3.64,3.42,3.6,8600
RDEN,20111006,30.01,31.51,30.01,31.44,103100
RDI,20111006,4.05,4.05,4.04,4.04,2600
RDIB,20111006,7.01,7.01,7.01,7.01,0
RDNT,20111006,2.08,2.32,1.96,2.24,143000
RDWR,20111006,10.735,11.2,10.715,11.085,148400
RECN,20111006,10.22,10.54,10.21,10.45,392500
REDF,20111006,6,6.25,5.88,6.14,232100
REFR,20111006,3.79,4.35,3.72,4.26,95400
REGN,20111006,59.12,64.83,58.4,64.73,1244400
REIS,20111006,8.51,8.8,8.51,8.66,3800
RELL,20111006,14.29,14.5,12.96,13.22,497100
RELV,20111006,1.46,1.47,1.42,1.42,4100
RENT,20111006,12.47,12.93,12.45,12.88,35200
REXI,20111006,4.34,4.99,4.32,4.78,9100
REXX,20111006,11.54,12.08,11.16,11.79,1139500
RFIL,20111006,3.13,3.2,3.06,3.1,6800
RFMD,20111006,6.49,6.65,6.37,6.64,4404600
RGCO,20111006,18.65,18.71,18.65,18.65,700
RGDX,20111006,1.7,1.76,1.7,1.75,12400
RGEN,20111006,3.22,3.32,3.18,3.25,126600
RGLD,20111006,63.72,64.8,62.41,64.46,979700
RICK,20111006,6.33,6.5,6.32,6.45,14500
RIGL,20111006,7.74,7.94,7.62,7.81,268900
RIMG,20111006,12.99,13.11,12.95,13.04,23500
RITT,20111006,3.04,4.22,3.04,3.9,41000
RIVR,20111006,16.45,16.45,16.45,16.45,0
RJET,20111006,2.69,2.8,2.63,2.78,327400
RLOC,20111006,10.12,10.29,9.98,10.17,236300
RLOG,20111006,6.08,6.09,5.96,6.05,5300
RMBS,20111006,15.48,15.77,15.3,15.61,2547500
RMCF,20111006,8.33,8.33,8.09,8.2,21800
RMKR,20111006,0.9,0.9,0.9,0.9,0
RMTI,20111006,8.36,8.45,8.03,8.05,96100
RNET,20111006,15.97,16.16,15.66,15.99,9200
RNIN,20111006,6,6.2,5.9,6.1,16100
RNST,20111006,13.83,14.04,13.75,14.01,158900
RNWK,20111006,8.56,8.75,8.43,8.72,171000
ROCK,20111006,8.97,9.45,8.97,9.43,208500
ROCM,20111006,7.09,7.09,6.91,6.95,13600
ROIA,20111006,1.11,1.17,1.11,1.17,2000
ROIAK,20111006,1.08,1.16,1.08,1.12,44100
ROIC,20111006,10.77,10.8,10.62,10.75,203100
ROICW,20111006,0.65,0.68,0.61,0.62,3128900
ROLL,20111006,36.99,37.85,36.77,37.66,97900
ROMA,20111006,8.96,9.08,8.45,9.02,26600
ROSE,20111006,35.82,37.19,35.23,36.89,1032900
ROSG,20111006,16.05,16.05,16.05,16.05,1300
ROST,20111006,39.3,41.02,39.145,40.38,2337900
ROVI,20111006,43.5,44.88,42.71,44.8,747700
ROYL,20111006,2.03,2.2,2.02,2.05,73900
RP,20111006,21.33,22.35,21.27,21.92,431200
RPRX,20111006,4.08,4.19,3.57,3.98,47900
RPTP,20111006,5.01,5.03,4.89,5.01,349300
RPXC,20111006,19.55,20.48,19.33,19.79,188200
RRD,20111006,13.76,14.37,13.63,14.35,2895300
RRGB,20111006,22.72,23.16,22.6,22.9,220200
RRST,20111006,5.3,5.3,5.3,5.3,0
RSOL,20111006,1.41,1.77,1.41,1.7,19000
RSTI,20111006,20.46,21.11,20.33,21.01,115100
RSYS,20111006,6.32,6.54,6.03,6.35,94000
RTEC,20111006,6.82,7,6.72,6.96,130200
RTIX,20111006,3.42,3.46,3.4,3.45,271500
RUE,20111006,23.33,24.33,23.21,24.33,311300
RUSHA,20111006,15.13,15.69,14.92,15.65,137300
RUSHB,20111006,12.28,12.6,12.26,12.6,7700
RUTH,20111006,4.24,4.32,4.18,4.22,282500
RVBD,20111006,20.02,21.49,19.82,21.45,6561900
RVSB,20111006,2.35,2.35,2.35,2.35,300
RYAAY,20111006,25.29,26.2,25.13,26.19,146600
SAAS,20111006,3.2,3.2,2.99,3.02,189200
SAFM,20111006,46.59,47.18,46.35,46.63,464300
SAFT,20111006,40.11,40.75,39.8,40.58,45500
SAIA,20111006,11.07,11.3,10.85,11.07,70500
SALM,20111006,2.51,2.56,2.27,2.27,3100
SANM,20111006,7.35,7.65,7.2,7.64,1007800
SANW,20111006,4.53,4.53,4.53,4.53,0
SANWW,20111006,0.62,0.62,0.62,0.62,0
SANWZ,20111006,0.3,0.3,0.3,0.3,0
SAPE,20111006,9.84,10.2,9.72,10.18,1006500
SASR,20111006,15.61,16.09,15.3,15.97,54900
SATS,20111006,23.62,23.85,23.08,23.58,157000
SAVE,20111006,12.7,13.26,12.46,13.14,105200
SBAC,20111006,34.33,35.26,33.95,35.2,922500
SBBX,20111006,4.92,4.93,4.89,4.89,1000
SBCF,20111006,1.38,1.46,1.34,1.46,127500
SBGI,20111006,7.89,8.08,7.78,8.04,352300
SBLK,20111006,18,19.2,17.85,18.6,199900
SBNY,20111006,50.31,52.05,49.48,52.02,323900
SBNYW,20111006,27.96,28.25,27.96,28.25,400
SBRA,20111006,8.8,9.18,8.8,9.1,518500
SBSA,20111006,1.39,1.39,1.26,1.28,8600
SBSI,20111006,18.75,19.2,18.37,19.04,58800
SBUX,20111006,38.13,38.73,37.69,38.5,5732100
SCBT,20111006,26.5,27.03,26.22,26.73,33800
SCHL,20111006,28.06,28.63,27.65,28.57,97700
SCHN,20111006,38.36,39.81,37.6,39.1,173100
SCLN,20111006,3.6,3.76,3.6,3.66,229400
SCMP,20111006,3.78,3.93,3.78,3.9,36000
SCOK,20111006,2.53,2.68,2.53,2.65,90500
SCON,20111006,15.96,16.32,15.48,16.32,71500
SCOR,20111006,17.45,17.85,17.15,17.81,186200
SCSC,20111006,32.13,32.4,31.68,32.22,113900
SCSS,20111006,14.3,14.91,13.79,14.83,645500
SCVL,20111006,16.7933,17.2133,16.7,16.9267,62600
SDBT,20111006,2.43,2.43,2.43,2.43,0
SDIX,20111006,1.76,1.8,1.69,1.78,10000
SEAC,20111006,8.16,8.5,8.09,8.27,139800
SEED,20111006,2.51,2.55,2.39,2.52,41900
SEIC,20111006,14.92,15.19,14.61,15.13,1135100
SENEA,20111006,19.44,19.85,19.07,19.63,37200
SENEB,20111006,19.68,19.68,19.68,19.68,0
SEV,20111006,6.09,6.09,6.09,6.09,0
SFLY,20111006,39.99,43.4,39.85,42.84,1515100
SFNC,20111006,22.97,23.3,22.73,23.2,36500
SFST,20111006,6.52,6.56,6.45,6.5,1500
SGC,20111006,11.99,12.03,11.5,11.75,7300
SGEN,20111006,20.75,21.58,20.41,21.41,2626800
SGI,20111006,12.16,12.5,11.8,12.49,453600
SGMA,20111006,3.27,3.37,3.26,3.26,1600
SGMO,20111006,3.51,3.51,3.19,3.24,932800
SGMS,20111006,7.16,7.44,7.08,7.4,776400
SGNT,20111006,21.15,21.32,20.24,20.59,54500
SGOC,20111006,3.05,3.27,3.05,3.18,2600
SGRP,20111006,1.15,1.17,1.13,1.17,7000
SHBI,20111006,4.58,4.64,4.55,4.55,1900
SHEN,20111006,11.52,11.86,10.96,11.29,85100
SHFL,20111006,8.86,9.05,8.65,8.83,319100
SHIP,20111006,2.89,3.02,2.8,3,5000
SHLD,20111006,61.41,64.99,61.2,63.51,447600
SHLM,20111006,17.74,18.74,17.74,18.5,186100
SHLO,20111006,9.03,9.04,8.54,8.7,13100
SHOO,20111006,31.99,32.85,31.72,32.55,434900
SHOR,20111006,5.44,5.5,5.3,5.47,400400
SIAL,20111006,63.53,64.55,62.38,64.32,546000
SIBC,20111006,11.32,11.35,11.25,11.3,3100
SIEB,20111006,1.45,1.45,1.45,1.45,200
SIFI,20111006,9.45,9.69,9.42,9.56,82900
SIFY,20111006,3.08,3.22,2.96,2.97,1094600
SIGA,20111006,3.31,3.39,3.2,3.35,539500
SIGI,20111006,13.26,13.58,13.11,13.55,314500
SIGM,20111006,7.92,8.13,7.92,8.06,129100
SILC,20111006,14.22,15.1,14.1,14.9,11200
SIMG,20111006,6.04,6.17,5.95,6.17,732100
SIMO,20111006,12.5,12.87,12.41,12.49,289400
SINA,20111006,78,80,75.67,78.78,5421500
SINO,20111006,1.93,1.93,1.7,1.8,27500
SIRI,20111006,1.45,1.57,1.45,1.51,86823800
SIRO,20111006,42.48,43.19,42.08,42.93,337300
SIVB,20111006,38.75,40.5,38.22,40.41,1032700
SIVBO,20111006,24.85,24.85,24.61,24.65,7600
SKBI,20111006,1.65,1.83,1.6,1.64,42500
SKUL,20111006,12.88,14.68,12.88,14,379500
SKYW,20111006,11.37,11.7,11.27,11.67,192900
SKYY,20111006,16.46,16.84,16.35,16.84,23000
SLAB,20111006,33.83,34.06,33.42,33.8,440900
SLGN,20111006,36.33,36.79,35.99,36.64,212600
SLMAP,20111006,40.93,41.94,40.93,41.25,6700
SLP,20111006,3.01,3.04,2.99,2.99,1300
SLRC,20111006,20.2,20.81,20.03,20.78,245300
SLTC,20111006,3.98,4,3.98,3.99,1600
SLTM,20111006,1.26,1.42,1.26,1.42,258700
SLXP,20111006,30.43,31.42,29.91,31.4,681400
SMBC,20111006,22.5,22.5,22.5,22.5,100
SMCI,20111006,13.71,14,13.63,14,190100
SMED,20111006,4.18,4.4,4.09,4.39,62300
SMIT,20111006,3.36,3.38,2.88,3.22,1500
SMMF,20111006,2.4,2.4,2.4,2.4,400
SMRT,20111006,6.02,6.22,5.8,6.21,245200
SMSI,20111006,1.57,1.67,1.55,1.67,195000
SMT,20111006,3.99,4.01,3.92,3.99,301000
SMTC,20111006,22.22,22.58,21.89,22.55,400900
SMTX,20111006,1.42,1.45,1.41,1.43,21700
SNAK,20111006,3.87,3.93,3.77,3.88,31600
SNBC,20111006,2.65,2.76,2.6,2.75,112900
SNCR,20111006,24.38,24.45,23.49,23.71,581900
SNDK,20111006,42.65,43.96,42.31,43.65,7604200
SNFCA,20111006,1.22,1.22,1.22,1.22,0
SNHY,20111006,21.76,22.6,21.5,22.55,92700
SNMX,20111006,3.39,3.5,3.33,3.47,124100
SNPS,20111006,24.58,25.33,24.5,25.3,1181900
SNSS,20111006,1.23,1.31,1.23,1.3,87700
SNTA,20111006,3.15,3.33,3.07,3.25,184100
SNTS,20111006,2.88,3.04,2.81,3,259700
SOCB,20111006,1.62,1.62,1.6,1.6,20200
SODA,20111006,33.19,36.03,32.98,35.78,1672000
SOFO,20111006,9.92,9.95,9,9.37,1600
SOHU,20111006,53,56.37,53,56.08,1955000
SOMH,20111006,7.27,7.27,7.27,7.27,0
SONA,20111006,6.25,6.25,6.25,6.25,22100
SONC,20111006,6.68,6.88,6.55,6.87,561000
SONS,20111006,2.2,2.21,2.17,2.21,1484000
SORL,20111006,3.04,3.15,2.97,3.03,76000
SOXX,20111006,47.44,48.1,46.89,48.02,191800
SPAN,20111006,13.54,13.87,13.54,13.87,400
SPAR,20111006,4.44,4.49,4.32,4.48,131600
SPBC,20111006,10.48,10.48,10.48,10.48,0
SPCHA,20111006,1.75,1.89,1.75,1.84,3600
SPCHB,20111006,2.33,2.33,2.33,2.33,100
SPEX,20111006,36,36.4,31.6,33.4,35500
SPIL,20111006,4.86,4.91,4.76,4.86,1182200
SPIR,20111006,1.26,1.42,1.25,1.4,6400
SPLS,20111006,13.85,14.37,13.82,14.32,7849700
SPMD,20111006,1.27,1.45,1.26,1.45,38000
SPNC,20111006,7.53,7.67,7.29,7.48,183000
SPNS,20111006,2.86,2.86,2.75,2.75,1900
SPPI,20111006,7.89,8.05,7.72,8.05,527500
SPPR,20111006,0.64,0.75,0.64,0.67,6900
SPPRO,20111006,18.97,18.97,18.01,18.3,400
SPPRP,20111006,7.4,7.4,7.4,7.4,400
SPRD,20111006,19.48,20,18.72,19.05,965000
SPRO,20111006,2.1,2.11,2.05,2.11,1000
SPRT,20111006,2.27,2.29,2.19,2.29,141300
SPSC,20111006,17.08,17.35,16.77,17.28,19500
SPTN,20111006,15.38,15.95,15.19,15.87,79300
SPU,20111006,1.73,1.84,1.73,1.8,71600
SQI,20111006,13.9,14.35,13.61,14.12,58400
SQNM,20111006,5.15,5.51,5.1,5.5,1070700
SQQQ,20111006,99.92,101.28,94.6,94.64,3037800
SRCE,20111006,22.23,22.4,21.99,22.34,34700
SRCL,20111006,80.44,81.22,79.47,81.22,337000
SRDX,20111006,9.14,9.48,8.99,9.1,115800
SREV,20111006,13.19,13.51,12.55,13.35,825600
SSBI,20111006,5.1,5.1,5.1,5.1,0
SSFN,20111006,5.28,5.28,5.28,5.28,0
SSNC,20111006,14.62,14.79,14.54,14.71,92600
SSRI,20111006,18.48,18.97,18.17,18.84,1372800
SSRX,20111006,10.9,11.25,10.84,11,52500
SSYS,20111006,21.35,22.47,21.15,22.19,306800
STAA,20111006,7.91,8,7.78,7.99,161100
STAN,20111006,16.2,16.64,16.02,16.56,50300
STB,20111006,5.23,5.46,5.17,5.36,64800
STBA,20111006,17.1,17.73,16.7,17.68,134100
STBZ,20111006,13.28,13.53,13.15,13.24,71300
STEC,20111006,10.25,10.6,10.19,10.49,1491100
STEI,20111006,5.93,6.1,5.91,6.08,369100
STEL,20111006,10.69,11,10.48,10.95,60500
STEM,20111006,2.04,2.14,2.04,2.09,180100
STFC,20111006,12.74,12.84,12.64,12.76,66000
STKL,20111006,4.54,5.02,4.54,4.99,149300
STLD,20111006,10.84,11.07,10.64,10.95,3760200
STLY,20111006,2.91,3.08,2.87,2.93,18100
STMP,20111006,22.84,24.03,22.52,23.79,411400
STND,20111006,14,14,14,14,0
STNR,20111006,40.95,41.46,39.48,41.26,36700
STRA,20111006,78.36,84.2,77.83,83.7,476600
STRL,20111006,10.36,10.98,10.36,10.66,65100
STRM,20111006,1.66,1.67,1.55,1.6,11300
STRN,20111006,4.44,4.46,4.4,4.41,2000
STRS,20111006,6.51,6.99,6.51,6.71,5600
STRT,20111006,24.2,24.2,24.2,24.2,0
STSA,20111006,12.8,13.63,12.8,13.62,146200
STX,20111006,10.19,10.75,10.16,10.72,5785800
STXS,20111006,10.1,12,10,12,356100
SUBK,20111006,7.92,7.98,7.73,7.91,104800
SUMR,20111006,6.64,7.11,6.58,6.94,45700
SUNS,20111006,15.27,15.63,14.75,15.6,25600
SUPX,20111006,17.41,17.58,17.21,17.54,70000
SURG,20111006,5.77,5.8,5.68,5.8,145400
SUSQ,20111006,5.64,5.97,5.54,5.95,2028700
SUTR,20111006,0.99,1.01,0.98,0.99,21600
SVA,20111006,2.14,2.32,2.12,2.26,113600
SVBI,20111006,2.28,2.41,2.28,2.41,3900
SVNT,20111006,3.86,3.96,3.81,3.94,1210400
SVVC,20111006,14.3,14.5,14.3,14.49,6100
SWHC,20111006,2.58,2.65,2.55,2.64,323400
SWIR,20111006,7.14,7.22,7.04,7.2,43800
SWKS,20111006,19.28,19.55,18.86,19.33,3676700
SWSH,20111006,4.2,4.21,4.02,4.1,559000
SYBT,20111006,19.64,20,19.6,19.99,31600
SYBTP,20111006,11,11,10.99,11,4400
SYKE,20111006,15.4,15.55,15.03,15.33,207300
SYMC,20111006,16.59,17.14,16.39,17.12,8121900
SYMM,20111006,4.2,4.42,4.11,4.4,140300
SYMX,20111006,1.5,1.59,1.43,1.54,84300
SYNA,20111006,25.57,26.42,25.33,26.37,977500
SYNL,20111006,10.69,10.69,10.28,10.58,3100
SYNM,20111006,8.8,9.1,8.6,9,207700
SYNT,20111006,44.32,46.01,43.9,45.93,128800
SYPR,20111006,3.22,3.22,3.22,3.22,400
SYUT,20111006,5.34,5.46,5.13,5.44,52300
SZYM,20111006,9.11,9.35,8.74,8.74,336200
TACT,20111006,7.27,7.75,7.27,7.72,40700
TAIT,20111006,0.9,1,0.9,0.95,3400
TASR,20111006,4.2,4.45,4.2,4.45,365100
TAST,20111006,8.62,8.7,8.43,8.57,58900
TATT,20111006,5.22,5.22,5,5.02,1300
TAXI,20111006,9.52,9.77,9.52,9.76,65900
TAYC,20111006,6.03,6.03,5.71,5.95,21700
TAYCP,20111006,18.96,18.96,18.96,18.96,0
TAYD,20111006,7.09,7.19,7.09,7.19,6800
TBAC,20111006,1.09,1.09,0.9,0.99,57600
TBBK,20111006,7.3,7.53,7.26,7.52,131100
TBNK,20111006,19.41,19.5,19.21,19.5,34600
TBOW,20111006,1.95,2.04,1.9,2,14000
TCBI,20111006,24.77,25.46,24.34,25.3,423200
TCBIW,20111006,13.5,14.23,13.5,14.23,400
TCBK,20111006,13.24,13.62,12.87,13.6,35400
TCCO,20111006,7.11,7.37,7.11,7.37,1100
TCRD,20111006,10.77,11.13,10.69,10.93,41300
TEAR,20111006,0.8,0.87,0.78,0.87,18900
TECD,20111006,45.5,46.44,45.02,46.29,447600
TECH,20111006,69.53,70.67,68.99,70.44,50700
TECUA,20111006,7.46,7.75,7.39,7.68,84200
TECUB,20111006,7.27,7.27,7.27,7.27,0
TELK,20111006,8.4,9.6,7.8,8.4,7400
TESO,20111006,12.23,12.93,12.02,12.89,210300
TESS,20111006,12.32,12.73,12.32,12.7,19900
TFCO,20111006,3.64,3.64,3.44,3.44,600
TFM,20111006,38,40.2,38,40,230400
TFSL,20111006,8.54,8.79,8.45,8.78,339000
TGA,20111006,8.06,8.81,7.93,8.56,133900
TGE,20111006,4.84,4.86,4.65,4.68,20900
THFF,20111006,29.55,30.2,29.12,30.16,32400
THLD,20111006,1.43,1.65,1.43,1.55,133900
THOR,20111006,33.57,34.83,33.57,34.64,417600
THRD,20111006,19,19.99,19,19.99,1100
THRX,20111006,20.79,21.1,20.52,21.05,340100
THTI,20111006,1.75,1.75,1.75,1.75,0
TIBX,20111006,23.65,24.21,23.47,24.16,2197000
TICC,20111006,7.7,8.14,7.7,8.12,206800
TIGR,20111006,2.69,2.69,2.56,2.69,6100
TINY,20111006,3.53,3.58,3.48,3.58,148900
TISA,20111006,1.89,1.94,1.87,1.89,35000
TITN,20111006,18.3,19.09,18.05,18.6,219000
TIVO,20111006,9.41,9.69,9.21,9.66,3544400
TKMR,20111006,1.8,1.85,1.8,1.8,5900
TLAB,20111006,4.15,4.25,4.12,4.22,3309900
TLF,20111006,4.46,4.46,4.46,4.46,200
TMNG,20111006,2.03,2.06,2.03,2.06,5400
TNAV,20111006,9.17,9.45,9.03,9.43,155900
TNGO,20111006,12.69,12.97,12.49,12.87,65500
TOFC,20111006,7.18,7.18,7.11,7.11,500
TOPS,20111006,1.1,1.18,1,1.1,3900
TORM,20111006,11.15,11.73,11.02,11.56,6200
TOWN,20111006,11.83,12.07,11.6,12.05,76800
TPGI,20111006,2.19,2.28,2.12,2.25,25400
TQNT,20111006,5.6,5.76,5.44,5.76,7375200
TQQQ,20111006,31.1,32.74,30.645,32.74,2378500
TRAK,20111006,15.64,16.42,15.63,16.39,318800
TREE,20111006,4.95,4.95,4.64,4.74,7600
TRGT,20111006,15.86,16.25,15.61,16.09,155100
TRIB,20111006,8.95,9.34,8.89,9.31,30200
TRIT,20111006,3.95,4.13,3.8,4.06,51300
TRLG,20111006,27.68,30.83,27.68,30.26,612900
TRMB,20111006,17.545,18.125,17.395,18.075,336800
TRMD,20111006,12.5,13.1,11.8,12.3,6400
TRMK,20111006,19.22,20.22,19.01,20.09,494700
TRNS,20111006,10.48,12.01,10.48,11.95,3500
TRNX,20111006,19.98,21.15,19.7,20.71,149500
TROW,20111006,48.75,50.46,47.74,50.4,2567000
TRS,20111006,15.4,15.6,15.25,15.58,176500
TRST,20111006,4.62,4.68,4.52,4.66,342900
TSBK,20111006,4.04,4.04,4.04,4.04,0
TSCO,20111006,63.04,65.4,62.9,64.81,505400
TSEM,20111006,9.45,10.2,9.15,9.6,296200
TSLA,20111006,25.48,27.6,25.02,26.96,1769000
TSON,20111006,3.24,3.24,3.1,3.13,38300
TSPT,20111006,8.84,8.9,8.43,8.54,515800
TSRA,20111006,12.79,13.27,12.74,13.22,388900
TSRI,20111006,3.98,4,3.98,4,1000
TSRX,20111006,6.27,6.58,6.25,6.34,17400
TST,20111006,1.86,1.92,1.84,1.89,89600
TSTC,20111006,4.28,4.5,3.91,4.02,153600
TSYS,20111006,3.5,3.63,3.44,3.62,271000
TTEC,20111006,15.59,16.16,15.52,16.14,125800
TTEK,20111006,19,19.12,18.68,19.09,354000
TTGT,20111006,5.78,5.92,5.68,5.9,30100
TTHI,20111006,1.83,1.83,1.57,1.66,14200
TTMI,20111006,9.76,10.22,9.74,10.14,666400
TTWO,20111006,13.29,14.1,13.24,14.09,2483300
TUES,20111006,3.69,3.86,3.67,3.84,187800
TWER,20111006,2.83,3.23,2.76,3.06,958300
TWGP,20111006,23.48,23.48,22.17,22.6,321200
TWIN,20111006,26.02,27.42,25.8,27.3,93100
TWMC,20111006,1.9,1.93,1.89,1.93,1100
TWTC,20111006,16.52,16.52,16.19,16.21,568100
TXCC,20111006,2.17,2.31,2.17,2.26,21200
TXN,20111006,27.81,28.37,27.72,28.32,17399300
TXRH,20111006,13.05,13.11,12.75,12.96,2163200
TYPE,20111006,11.53,12.26,11.53,12.21,162900
TZOO,20111006,25.6,26.28,24.78,25.99,468800
TZYM,20111006,2.93,3.47,2.93,3.07,4100
UACL,20111006,14.74,14.82,13.5,14.32,15200
UBCP,20111006,8.09,8.29,8.02,8.29,3900
UBFO,20111006,3,3,3,3,0
UBNK,20111006,14.87,15.43,14.86,15.36,46400
UBOH,20111006,8.39,8.39,8.39,8.39,100
UBPS,20111006,5.75,5.75,5.75,5.75,0
UBSH,20111006,11.48,11.55,11.13,11.46,70300
UBSI,20111006,21.14,22.04,20.82,21.94,291600
UCBA,20111006,5.76,5.76,5.76,5.76,1300
UCBI,20111006,8.35,8.69,8.33,8.67,234900
UCFC,20111006,1.24,1.24,1.22,1.24,1100
UCTT,20111006,4.44,4.44,4.11,4.23,143900
UEIC,20111006,17.34,17.5,17.2,17.36,68800
UEPS,20111006,6.33,6.45,6.21,6.44,83500
UFCS,20111006,18.66,18.83,18.16,18.69,65700
UFPI,20111006,24.98,25.38,24.51,25.33,160900
UFPT,20111006,14.09,14.55,14.09,14.52,5900
UG,20111006,14.5,14.5,14.5,14.5,200
UHAL,20111006,62.89,65.43,62.78,64.7,43000
ULBI,20111006,4.68,4.82,4.61,4.78,7800
ULGX,20111006,0.85,0.92,0.78,0.89,12200
ULTA,20111006,66.37,68,65.81,66.61,985700
ULTI,20111006,48.78,49.84,48.56,49.74,186200
ULTR,20111006,2.5,2.5,2.35,2.4,124700
UMBF,20111006,33.58,35.04,33.34,35.02,177000
UMPQ,20111006,9.34,9.78,9.17,9.76,1337800
UNAM,20111006,10.45,10.45,10.45,10.45,0
UNB,20111006,19.63,19.65,19.52,19.65,700
UNFI,20111006,37.61,37.82,37.13,37.7,509800
UNIS,20111006,4.48,4.63,4.4,4.58,256500
UNTD,20111006,5.27,5.46,5.23,5.43,636900
UNTK,20111006,4.2,4.51,4.2,4.48,45400
UNTY,20111006,6.56,6.56,6.5,6.56,3700
UNXL,20111006,4.99,5.08,4.99,5,18200
UPI,20111006,5.61,5.69,5.38,5.45,113800
URBN,20111006,23.31,24.13,23.3,24.06,3323700
URRE,20111006,7.3,8.2,7.3,7.8,759400
USAK,20111006,7.95,8.1,7.86,8.03,6900
USAP,20111006,28.72,30.49,28.5,30.26,151300
USAT,20111006,1.23,1.4,1.22,1.37,366800
USATP,20111006,14.5,15,14,14,300
USATZ,20111006,0.68,0.74,0.68,0.74,1700
USBI,20111006,5.25,5.48,5.25,5.48,300
USCR,20111006,3.99,4,3.83,4,16600
USEG,20111006,2.35,2.43,2.3,2.43,130500
USLM,20111006,41.81,42.84,41.81,42.84,3200
USMO,20111006,13.49,13.74,13.35,13.62,207700
USTR,20111006,29.23,29.83,28.75,29.75,180600
UTEK,20111006,18.05,18.65,17.85,18.61,233500
UTHR,20111006,37.91,38.26,37.57,37.95,1377300
UTIW,20111006,13.88,14.56,13.8,14.54,419900
UTMD,20111006,26.81,26.81,25.91,25.99,400
UTSI,20111006,2.88,2.91,2.76,2.88,822300
UVSP,20111006,14,14.54,13.79,14.49,41400
VALU,20111006,12.2,12.2,12.2,12.2,1200
VALV,20111006,0.9,0.94,0.87,0.94,194400
VASC,20111006,12.09,12.31,11.84,11.99,39400
VBFC,20111006,1.65,1.65,1.65,1.65,0
VCBI,20111006,5.98,6.06,5.92,6.01,98200
VCIT,20111006,80.09,80.1,79.72,80.06,298700
VCLK,20111006,16.16,16.44,15.97,16.38,611300
VCLT,20111006,83.83,83.86,83.13,83.21,31700
VCSH,20111006,77.25,77.4,77.25,77.38,243200
VDSI,20111006,5.4,5.75,5.4,5.73,330500
VECO,20111006,26.71,27.13,26.11,26.76,1678400
VELT,20111006,6.87,7.71,6.75,7.4,471000
VGIT,20111006,65.33,65.33,65.12,65.12,16800
VGLT,20111006,74.92,74.92,74.11,74.15,58800
VGSH,20111006,61.01,61.07,60.96,60.97,16600
VIA,20111006,47.61,49.24,47.43,49.09,24000
VIAB,20111006,38.98,40.49,38.61,40.42,3653200
VIAS,20111006,18,18.32,17.82,18.32,7300
VICL,20111006,2.53,2.66,2.5,2.6,498100
VICR,20111006,9.47,10.16,9.33,10.13,91900
VIDE,20111006,4.25,4.25,4.25,4.25,0
VIFL,20111006,5.95,5.97,5.76,5.81,3700
VIMC,20111006,1.32,1.35,1.3,1.33,57600
VIRC,20111006,1.52,1.78,1.52,1.78,8100
VISN,20111006,29.8,30,28.6,29.2,314300
VITC,20111006,5.08,5.12,4.79,5.08,59200
VIVO,20111006,16.86,17.43,16.82,17.34,198700
VLCCF,20111006,16.62,16.76,16.01,16.41,111800
VLGEA,20111006,24.38,24.94,23.42,24.01,10300
VLTR,20111006,19.82,20.45,19.78,20.41,158100
VLYWW,20111006,1.73,1.73,1.73,1.73,0
VMBS,20111006,51.81,51.85,51.68,51.68,10200
VMED,20111006,23.75,24.63,23.57,24.55,5325400
VNDA,20111006,5.37,5.54,5.26,5.53,126900
VNET,20111006,10.5,10.84,10.24,10.56,102400
VNQI,20111006,41.2,42.14,41.12,42.14,8900
VOCS,20111006,18.12,18.51,18,18.44,108200
VOD,20111006,26.03,26.59,25.82,26.57,11130000
VOLC,20111006,30.15,30.61,29.6,30.57,423100
VONE,20111006,52.11,53.09,51.94,53.09,2600
VONG,20111006,55.02,55.35,54.62,55.35,600
VONV,20111006,49.59,49.75,49.59,49.75,300
VOXX,20111006,5.6,5.62,5.5,5.59,70300
VPFG,20111006,11.85,12.25,11.73,12.21,121700
VPHM,20111006,18.49,19.18,18.33,19.15,774700
VPRT,20111006,26.56,28.01,26.06,27.9,840500
VRA,20111006,34.74,37.2,33.94,37.07,736400
VRML,20111006,1.97,2.21,1.95,2.11,253700
VRNM,20111006,2.53,2.84,2.53,2.64,58000
VRNT,20111006,25.27,25.85,25.24,25.79,87000
VRSK,20111006,34.18,34.51,33.92,34.31,478800
VRSN,20111006,29.72,29.92,29.39,29.81,2417200
VRTA,20111006,1.1,1.1,1.1,1.1,4500
VRTB,20111006,1.12,1.2,1.12,1.15,17200
VRTS,20111006,54.55,56.93,54.2,56.82,20000
VRTU,20111006,14.14,14.59,13.84,14.55,50700
VRTX,20111006,45.01,45.19,43.72,44.63,1498900
VSAT,20111006,35.06,36.08,34.91,35.93,165600
VSBN,20111006,10.52,10.52,10.52,10.52,0
VSCI,20111006,1.71,1.88,1.71,1.87,3900
VSCP,20111006,0.96,1.05,0.95,1.04,16000
VSEC,20111006,28.49,28.75,27.9,28.26,30100
VTHR,20111006,52.04,52.97,52.03,52.97,8300
VTNC,20111006,3.87,4.79,3.85,4.69,327800
VTSS,20111006,2.34,2.34,2.21,2.25,40000
VTUS,20111006,8.45,8.95,8.4,8.88,9900
VTWG,20111006,54.47,55.59,54,55.59,9500
VTWO,20111006,52.11,53.4,52.11,53.4,2900
VTWV,20111006,50.03,51.07,49.87,51.07,1400
VVTV,20111006,2.65,2.7,2.46,2.67,312500
VVUS,20111006,8.14,8.39,8.02,8.32,891000
VXUS,20111006,40.42,41.51,40.27,41.51,86400
VYFC,20111006,4.96,4.96,4.96,4.96,300
WABC,20111006,39.43,40.83,38.99,40.7,115300
WAFD,20111006,12.92,13.52,12.71,13.5,1079700
WASH,20111006,20.79,20.87,20.35,20.81,62100
WAVX,20111006,2.8,2.88,2.74,2.85,366000
WAYN,20111006,8.5,8.56,8.5,8.51,6200
WBCO,20111006,10.68,10.97,10.48,10.92,38400
WBKC,20111006,13.95,13.95,13.85,13.85,800
WBMD,20111006,27.34,30.1,27.3,29.93,2411000
WBSN,20111006,16.92,17.65,16.92,17.59,278300
WCRX,20111006,14.07,15.33,13.81,15.23,4441900
WDC,20111006,26.9,27.93,26.85,27.48,4013200
WDFC,20111006,41.2,41.48,40.97,41.3,79000
WEBM,20111006,4.2,4.34,3.5,3.92,238600
WERN,20111006,21.41,21.68,21.24,21.61,529400
WETF,20111006,5.66,6.03,5.65,5.99,236500
WEYS,20111006,22.4,22.5,22.31,22.4,15000
WFD,20111006,6.84,6.98,6.76,6.9,83400
WFM,20111006,65.21,67.49,64.34,67.34,2508200
WIBC,20111006,2.74,2.81,2.64,2.8,155800
WIFI,20111006,6.77,7,6.69,6.82,86500
WILC,20111006,5.71,5.85,5.66,5.81,13700
WILN,20111006,5.29,5.76,5.25,5.76,88500
WIN,20111006,11.26,11.33,11.16,11.33,6589000
WINA,20111006,47.53,48,47.44,47.91,13100
WIRE,20111006,22.74,22.99,22.4,22.96,81700
WLB,20111006,8.41,8.5,8.03,8.23,24800
WLBPZ,20111006,22,22,22,22,0
WLDN,20111006,3.95,3.95,3.95,3.95,500
WLFC,20111006,10.18,10.28,10.17,10.17,5400
WMAR,20111006,8.4,8.6,8.28,8.58,55000
WMGI,20111006,17.63,17.8,17.45,17.77,646100
WOOD,20111006,34.53,35.2,34.16,35.17,111300
WOOF,20111006,15.41,15.85,15.25,15.82,784400
WPCS,20111006,1.8,1.8,1.75,1.75,10600
WPPGY,20111006,45.56,47.58,45.44,47.54,29400
WPRT,20111006,26.81,28.75,26.78,28.25,1083000
WRES,20111006,2.44,2.56,2.33,2.55,334700
WRLD,20111006,56.99,59.52,56.52,59.29,158000
WRLS,20111006,5.65,5.95,5.65,5.95,2500
WSB,20111006,2.38,2.38,2.38,2.38,0
WSBC,20111006,17.52,18.22,17.28,18.19,138900
WSBF,20111006,2.46,2.69,2.46,2.69,1300
WSCI,20111006,5.81,5.82,5.7,5.7,2500
WSFS,20111006,31.86,32.71,31.75,32.19,35100
WSTG,20111006,9.98,10.27,9.91,10.15,3700
WSTL,20111006,2.18,2.25,2.16,2.25,194700
WTBA,20111006,8.94,9.36,8.78,9.15,42800
WTFC,20111006,26.75,27.88,26.38,27.74,257000
WTFCW,20111006,11.35,11.75,11.35,11.73,2100
WVFC,20111006,8.83,8.83,8.83,8.83,0
WVVI,20111006,2.9,2.9,2.9,2.9,0
WWD,20111006,29.46,30.49,28.96,30.44,539600
WWWW,20111006,7.28,7.85,7.21,7.82,276800
WYNN,20111006,124.2,132.71,123.65,132.58,7174500
XBKS,20111006,3.13,3.15,3.12,3.13,4900
XIDE,20111006,4.37,4.6,4.32,4.59,545800
XLNX,20111006,28.3,28.71,27.91,28.69,4202400
XNPT,20111006,5.54,5.8,5.4,5.57,442600
XOMA,20111006,1.83,1.86,1.77,1.81,192800
XRAY,20111006,30.71,31.75,30.36,31.75,2112200
XRTX,20111006,10.9,11.25,10.73,11.14,483600
XTEX,20111006,15.43,15.96,15.23,15.59,52800
XTXI,20111006,12.51,13.18,12.36,13.08,350900
XWES,20111006,3.05,3.05,3,3,2800
XXIA,20111006,8.28,8.9,8.19,8.87,474500
YAVY,20111006,1.7,1.7,1.62,1.66,23400
YHOO,20111006,15.16,15.8,14.92,15.65,49961000
YNDX,20111006,19.93,20.5,19.8,20.18,1316000
YORW,20111006,16.68,16.77,16.42,16.76,31400
YRCW,20111006,0.05,0.07,0.04,0.06,176951700
Z,20111006,25.4,26.15,24.83,25.85,68200
ZAGG,20111006,11.01,12.49,10.92,12.19,2085800
ZBRA,20111006,32.54,33.81,32.54,33.63,240800
ZEUS,20111006,16.25,17.87,16.25,17.7,57700
ZGNX,20111006,1.97,2,1.79,1.93,228800
ZHNE,20111006,1.22,1.22,1.09,1.15,55300
ZIGO,20111006,13.23,13.49,13.02,13.36,42600
ZINC,20111006,7.59,7.82,7.31,7.68,604600
ZION,20111006,14.73,15.9,14.39,15.88,6004100
ZIONW,20111006,2.73,3.25,2.73,3.17,49700
ZIOP,20111006,4.16,4.28,4.03,4.24,542900
ZIPR,20111006,1.23,1.32,1.23,1.3,9700
ZIXI,20111006,2.68,2.82,2.63,2.81,925800
ZLCS,20111006,0.99,1.03,0.99,1.02,614000
ZN,20111006,2.25,2.32,2.03,2.12,164300
ZOLT,20111006,6,6.22,5.8,6.21,517500
ZOOM,20111006,1.35,1.8,1.28,1.54,98800
ZUMZ,20111006,21.75,22.12,20.51,21.06,1675600
