<ticker>,<date>,<open>,<high>,<low>,<close>,<vol>
AACC,20110321,5.51,5.51,5.4,5.46,93000
AAME,20110321,2.11,2.18,2.1,2.18,1800
AAON,20110321,20.6333,20.86,20.4667,20.7,30200
AAPL,20110321,336.14,339.74,335.26,339.3,14621000
AAWW,20110321,66.49,67.87,65.47,67.08,281200
AAXJ,20110321,60.05,60.54,60.05,60.45,168400
ABAX,20110321,28.56,29.82,28.55,29.57,145600
ABCB,20110321,9.92,10.03,9.79,10,36300
ABCD,20110321,3.46,3.47,3.35,3.42,30300
ABCO,20110321,23.905,24.865,23.905,24.725,34400
ABFS,20110321,24.48,25.44,23.83,25.14,1320000
ABIO,20110321,17.7,17.7,16.2,16.38,21500
ABMD,20110321,13.99,14.3,13.98,14.27,92600
ABTL,20110321,5.55,5.75,5.55,5.65,83700
ACAD,20110321,1.48,1.53,1.47,1.52,140200
ACAS,20110321,8.94,9.1,8.9,9.03,2673900
ACAT,20110321,13.69,14.31,13.55,14.31,74500
ACCL,20110321,7.12,7.3,7.12,7.3,166900
ACET,20110321,7.46,7.73,7.41,7.73,118600
ACFC,20110321,9.73,10,9.73,10,1800
ACFN,20110321,3.74,3.74,3.65,3.69,18500
ACGL,20110321,30.5267,30.89,30.43,30.8633,193100
ACHN,20110321,6.12,6.45,5.99,6.34,1877800
ACIW,20110321,31.7,32.4,31.34,32,221800
ACLS,20110321,2.4,2.54,2.3,2.54,1415500
ACNB,20110321,15.5,15.5,15.5,15.5,100
ACOR,20110321,22.98,23.19,22.48,22.58,532800
ACPW,20110321,11.4,11.5,10.85,11.3,467200
ACRX,20110321,3.18,3.6,3.16,3.59,48600
ACTG,20110321,33.4,34.85,33.01,33.73,308200
ACTS,20110321,2.46,2.53,2.46,2.48,78400
ACUR,20110321,3.09,3.12,2.91,3,57500
ACWI,20110321,47.16,47.48,47,47.4,356000
ACWX,20110321,44.35,44.63,44.27,44.58,125400
ACXM,20110321,17.28,17.47,17.1,17.18,323400
ADAT,20110321,1.14,1.26,1.06,1.22,68600
ADBE,20110321,32.23,32.85,32.11,32.34,5670800
ADEP,20110321,4.35,4.35,4.25,4.26,1900
ADES,20110321,16.97,17.24,16.59,16.9,40000
ADI,20110321,38.03,38.55,37.99,38.12,2204600
ADP,20110321,49.53,50.31,49.52,49.9,2766400
ADRA,20110321,27.61,27.67,27.43,27.64,7500
ADRD,20110321,22.09,22.21,22.09,22.19,6900
ADRE,20110321,46.04,46.23,46.02,46.11,60600
ADRU,20110321,22.1,22.1,21.2,21.86,2400
ADSK,20110321,40.16,41.45,40.11,40.97,2886400
ADTN,20110321,45.05,45.45,43.83,44.02,1540100
ADUS,20110321,5.03,5.23,4.96,5.23,17000
ADVS,20110321,27.21,27.73,27.15,27.59,118700
AEGR,20110321,15.99,16.61,15.45,16.29,17000
AEHR,20110321,1.66,1.71,1.6,1.61,29200
AEIS,20110321,15.48,15.59,15.08,15.34,306000
AEPI,20110321,27.27,28.59,26.69,27.9,52400
AERL,20110321,9,9.01,8.63,8.65,134200
AETI,20110321,2.74,2.75,2.7,2.73,2600
AEY,20110321,3.06,3.09,3.02,3.09,14700
AEZS,20110321,10.68,10.86,10.5,10.5,722300
AFAM,20110321,36.01,36.92,36.01,36.55,72000
AFCB,20110321,13.53,13.53,13.53,13.53,0
AFCE,20110321,14.53,14.83,14.48,14.78,74100
AFFX,20110321,4.65,4.74,4.64,4.73,544700
AFFY,20110321,6.05,6.11,5.9,5.91,896000
AFOP,20110321,10.45,10.76,10.31,10.55,76600
AFSI,20110321,18.42,18.69,18.3,18.65,92300
AGEN,20110321,0.94,0.94,0.92,0.92,103700
AGII,20110321,31.62,32.71,31.62,32.67,195400
AGNC,20110321,29.48,29.58,29.08,29.1,8682100
AGYS,20110321,5.18,5.26,5.01,5.18,68300
AHGP,20110321,57.74,57.87,56.98,57.6,45400
AHPI,20110321,4.19,4.19,4.18,4.18,300
AIMC,20110321,19.89,20.14,19.75,20.1,331700
AINV,20110321,11.51,11.74,11.51,11.73,1170100
AIRM,20110321,21.9833,21.9833,21.3033,21.6133,58200
AIRT,20110321,9.51,9.51,9.46,9.46,2700
AIXG,20110321,43,43.73,42.72,43.27,367500
AKAM,20110321,36.56,36.76,36.2,36.38,3780500
AKRX,20110321,5.68,5.75,5.33,5.45,589500
ALCO,20110321,24.23,25.23,24.23,25.1,34700
ALGN,20110321,20.79,21.27,20.76,20.8,732900
ALGT,20110321,43.03,44.4,42.73,43.99,163800
ALIM,20110321,7,7.04,6.83,6.99,39600
ALKS,20110321,12.58,12.7,12.31,12.36,494400
ALLB,20110321,10.79,10.88,10.79,10.88,600
ALLT,20110321,13.43,13.5,13.13,13.27,144800
ALNY,20110321,9.98,9.98,9.52,9.64,268900
ALOG,20110321,54.19,55.91,54.19,55.48,42800
ALOT,20110321,7.5,7.63,7.5,7.59,800
ALSK,20110321,10.46,10.52,10.29,10.48,563300
ALTE,20110321,21.53,21.87,21.31,21.83,315500
ALTI,20110321,2.34,2.43,2.28,2.37,64700
ALTR,20110321,40.33,41.45,40.33,40.97,3676000
ALVR,20110321,18.7,18.7,17.8,18.4,77600
ALXA,20110321,14.5,16.4,14.4,15.8,2462000
ALXN,20110321,47.475,47.8,47.22,47.3,586600
AMAG,20110321,16.85,16.96,16.4,16.45,135500
AMAP,20110321,17.91,18,17.77,17.89,25800
AMAT,20110321,15.1,15.36,15.05,15.21,13054000
AMCC,20110321,10.42,10.48,10.29,10.39,946300
AMCF,20110321,4.39,4.51,4.38,4.43,2800
AMCN,20110321,4.77,4.77,4.68,4.7,173600
AMED,20110321,36.02,36.7,34.84,35.14,340800
AMGN,20110321,53.75,53.94,53.05,53.09,4286200
AMIC,20110321,4.87,4.87,4.87,4.87,900
AMKR,20110321,6.73,6.86,6.68,6.86,1358700
AMNB,20110321,21.4,21.96,21.4,21.72,12900
AMOT,20110321,7.12,7.12,6.65,6.76,31400
AMOV,20110321,26.985,27.125,26.9,27.115,2700
AMRB,20110321,6.25,6.35,6.25,6.26,6100
AMRI,20110321,4.2,4.25,4.13,4.23,67900
AMRN,20110321,7.18,7.25,6.91,7.07,1615300
AMRS,20110321,31.24,31.96,31.02,31.71,70200
AMSC,20110321,23.27,23.66,23.13,23.63,1293000
AMSF,20110321,22.83,23.62,22.81,23.62,107100
AMSG,20110321,25.42,25.45,25.19,25.34,117700
AMSWA,20110321,7.11,7.15,6.97,7.13,74300
AMWD,20110321,19.25,20.67,19.19,20.62,53500
AMZN,20110321,163.51,165.79,161.72,164.52,4055800
ANAC,20110321,7.02,7.05,6.87,7.01,24300
ANAD,20110321,4.39,4.57,4.33,4.42,1133600
ANAT,20110321,76.24,77.74,76.23,77.22,25600
ANCB,20110321,11,11,10.91,10.91,2900
ANCI,20110321,5.55,5.55,5.19,5.28,43800
ANCX,20110321,7.05,7.1,7.05,7.1,3000
ANDE,20110321,46.46,47.15,46,46.7,153500
ANEN,20110321,19.03,19.55,19.03,19.5,25200
ANGO,20110321,15.58,16.05,15.58,16.05,30100
ANIK,20110321,10.79,11.2,10.62,10.83,194400
ANLY,20110321,4.54,4.55,4.41,4.5,16200
ANSS,20110321,51.98,53.3,51.84,52.74,493400
ANTH,20110321,6.5,6.7,6.36,6.7,48200
ANTP,20110321,3.35,3.45,3.32,3.43,7500
AOSL,20110321,12.86,13.3,12.8,12.95,32700
APAGF,20110321,73.95,77.75,72.54,77.75,8800
APEI,20110321,40.29,41.25,40.24,40.94,129500
APFC,20110321,5.92,5.96,5.84,5.87,16200
APOG,20110321,13.46,13.81,13.44,13.7,224800
APOL,20110321,40.49,41.61,40.45,41.14,1236800
APPY,20110321,3.54,3.54,3.3,3.42,64600
APRI,20110321,4.65,4.65,4.42,4.45,243000
APSA,20110321,13.51,13.89,13.5,13.5,700
ARAY,20110321,9.04,9.17,8.9,9.13,811700
ARCC,20110321,16.58,16.76,16.4,16.76,1648100
ARCI,20110321,3.77,3.86,3.75,3.86,7800
ARCW,20110321,2.9,2.9,2.9,2.9,0
ARDNA,20110321,74.15,76.87,74.15,76.52,2500
AREX,20110321,29.31,30.78,28.93,30.74,198900
ARIA,20110321,6.5,6.51,6.38,6.49,1936200
ARII,20110321,20.9,21.32,20.76,21.18,81900
ARKR,20110321,14.47,14.47,14.31,14.31,300
ARLP,20110321,83.69,84,82.11,82.8,129600
ARMH,20110321,25.38,25.61,25.21,25.35,6139000
ARNA,20110321,1.5,1.5,1.46,1.47,789400
AROW,20110321,24.09,24.47,24.09,24.47,14000
ARQL,20110321,6.59,6.6,6.39,6.57,172800
ARRS,20110321,12.08,12.28,12.06,12.22,793400
ARRY,20110321,3.05,3.07,2.99,3.04,184400
ARTC,20110321,33.4,33.77,33.27,33.77,100800
ARTNA,20110321,18.96,19.35,18.9,19.22,12500
ARTW,20110321,10.81,10.85,10.71,10.8,7300
ARTX,20110321,1.39,1.4,1.36,1.38,11900
ARUN,20110321,30.97,32.21,30.87,32,2073000
ARWR,20110321,0.61,0.63,0.61,0.62,147600
ASBC,20110321,14.66,15,14.66,14.98,1885300
ASBI,20110321,4.79,4.79,4.74,4.74,400
ASCA,20110321,16.38,16.56,16.28,16.38,116700
ASCMA,20110321,43.38,44.2,43.27,44,57900
ASEI,20110321,89.9,91.1,89.32,90.43,33000
ASFI,20110321,8.48,8.53,8.4,8.47,11400
ASIA,20110321,20.32,20.4,19.97,20,1045700
ASMI,20110321,37.19,37.82,37.1,37.72,261500
ASML,20110321,42.08,42.13,41.74,42.04,1843700
ASNA,20110321,15.575,15.575,15.295,15.485,659400
ASPS,20110321,30.2,30.36,29.77,30.2,46700
ASRV,20110321,2.12,2.19,2.09,2.17,13400
ASRVP,20110321,25,25,25,25,0
ASTC,20110321,1.1,1.14,1.1,1.13,27400
ASTE,20110321,34.69,35.71,34.39,35.25,118700
ASTI,20110321,2.65,2.73,2.6,2.7,230500
ASTM,20110321,2.28,2.34,2.22,2.26,712200
ASUR,20110321,1.7867,1.8,1.7,1.8,8300
ASYS,20110321,21.92,22,21.37,21.76,200600
ATAI,20110321,7.99,8,7.8,7.91,14600
ATAX,20110321,5.77,5.78,5.7,5.7,61200
ATEA,20110321,3.1,3.43,3.1,3.17,5100
ATEC,20110321,2.71,2.71,2.54,2.6,289900
ATHN,20110321,43.56,44.21,43.42,44.02,379200
ATHX,20110321,2.4,2.44,2.39,2.41,81200
ATLO,20110321,17.9,18.3,17.87,18.27,10700
ATMI,20110321,17.47,17.78,17.36,17.43,173700
ATML,20110321,11.59,12.34,11.57,12.29,13098300
ATNI,20110321,34.04,34.86,34.04,34.86,42700
ATRC,20110321,10.44,10.91,10.32,10.71,17900
ATRI,20110321,168.51,171.79,166.79,171.79,1600
ATRM,20110321,1.72,1.72,1.64,1.65,28000
ATRO,20110321,21.07,23.31,20.8,23.3,70000
ATSG,20110321,7.63,7.84,7.62,7.77,409200
ATVI,20110321,10.73,10.92,10.65,10.75,4826200
ATX,20110321,9.81,10.19,9.65,10.02,6400
AUBN,20110321,19.75,19.75,19.55,19.57,500
AUDC,20110321,5.73,5.75,5.64,5.73,188700
AUXL,20110321,22.41,22.52,21.9,22.06,354200
AVAV,20110321,33.73,34.5,33.53,34.07,236400
AVEO,20110321,15.21,15.22,14.89,15,78100
AVGO,20110321,30.58,31.15,30.58,30.99,1994600
AVID,20110321,22.58,22.82,22.01,22.4,201500
AVNR,20110321,3.86,3.87,3.72,3.76,1596500
AVNW,20110321,5.44,5.46,5.3,5.46,304200
AWRE,20110321,3.75,3.75,3.61,3.63,700
AXAS,20110321,4.87,4.96,4.74,4.87,1580400
AXFN,20110321,25.17,25.17,24.81,24.81,200
AXTI,20110321,6.59,6.66,6.41,6.49,1038100
AZPN,20110321,14.65,15.04,14.61,14.91,400300
BABY,20110321,15.8,16.09,15.66,16.09,93600
BAGL,20110321,15.54,15.91,15.34,15.88,24300
BAMM,20110321,5.05,5.48,4.99,5.07,34000
BANC,20110321,16.06,16.34,16,16.03,2200
BANF,20110321,41.05,42,41.05,42,26300
BANFP,20110321,27.46,27.46,27.46,27.46,100
BANR,20110321,16.94,17.15,16.66,16.94,436200
BASI,20110321,1.9,1.94,1.83,1.94,8900
BBBY,20110321,46.97,47.62,46.59,46.6,2733000
BBEP,20110321,21.68,21.69,21.4,21.49,278100
BBGI,20110321,6.22,6.68,6.2,6.68,3700
BBNK,20110321,9,9.29,9,9.29,8900
BBOX,20110321,33.87,34.47,33.81,34.36,71000
BBRG,20110321,16.3,17.22,16.3,17.04,60400
BBRY,20110321,61.87,62.46,61.32,62.17,5384400
BBSI,20110321,15.13,15.35,15.04,15.35,11300
BCBP,20110321,10.8,10.8,10.29,10.5,6000
BCOM,20110321,32.95,35.79,32.51,33.15,1900
BCPC,20110321,33.63,34.28,33.61,34.1,62600
BCRX,20110321,3.5,3.67,3.47,3.51,323300
BCSB,20110321,12.9,12.9,12.9,12.9,0
BDE,20110321,6.27,6.27,6.17,6.2,5200
BDGE,20110321,21.78,22.55,21.78,22.07,22400
BDMS,20110321,19.07,19.75,19.07,19.72,1000
BDSI,20110321,3.3,3.49,3.24,3.28,105500
BEAT,20110321,4.57,4.59,4.47,4.5,72300
BEAV,20110321,33.84,34.8,33.73,34.49,831700
BEBE,20110321,5.54,5.6,5.47,5.59,515600
BECN,20110321,20.77,21.02,20.67,20.87,434500
BELFA,20110321,23.96,24.33,23.88,24,2100
BELFB,20110321,20.74,21.86,20.74,21.86,42500
BERK,20110321,6.24,6.34,5.87,6.09,9700
BFIN,20110321,9.07,9.15,9.03,9.09,30000
BFLY,20110321,2.93,2.99,2.89,2.99,1400
BGCP,20110321,9.26,9.5,9.22,9.39,884700
BGFV,20110321,11.26,11.55,11.26,11.55,107200
BGMD,20110321,8.47,8.5,8.13,8.19,42600
BIB,20110321,30.55,30.55,30.55,30.55,100
BICK,20110321,31.47,31.61,31.35,31.49,10200
BIDU,20110321,122,124.88,121.85,124,5752900
BIIB,20110321,69.91,70.54,69.53,69.61,1506100
BIOD,20110321,8.6,9.12,8.4,9.04,1606500
BIOF,20110321,16.8,17.6,16.6,17,279700
BIOS,20110321,4.19,4.3,4.07,4.12,235400
BIRT,20110321,4.92,4.92,4.75,4.79,151100
BIS,20110321,47.67,48.93,47.67,47.67,1100
BJRI,20110321,36.45,36.6,35.54,36,545800
BKCC,20110321,10.07,10.18,10.02,10.08,824600
BKMU,20110321,3.85,4.03,3.85,4.02,207400
BKOR,20110321,5,5,5,5,0
BKSC,20110321,11.83,11.85,11.55,11.85,2400
BKYF,20110321,19.76,20.51,19.76,20.5,3300
BLDP,20110321,2.23,2.26,2.2,2.24,569700
BLDR,20110321,2.36,2.49,2.35,2.48,169000
BLIN,20110321,1.15,1.17,1.1,1.15,13400
BLKB,20110321,26.93,26.93,25.56,25.94,106700
BMC,20110321,47.98,49.22,47.87,48.85,1008200
BMRC,20110321,36.59,37.15,36.59,36.97,10100
BMRN,20110321,24.07,24.23,23.2,23.75,804200
BMTC,20110321,19.68,20.11,19.37,20,60700
BNCL,20110321,8.8,9,8.8,9,43900
BNCN,20110321,7.71,7.82,7.71,7.8,3000
BNSO,20110321,1.91,2.17,1.82,2.12,6700
BOBE,20110321,30.88,31.49,30.88,31.49,227100
BOCH,20110321,4.2,4.25,4.19,4.25,10900
BODY,20110321,16.93,17,16.78,16.96,159700
BOFI,20110321,15.23,15.31,15.15,15.3,37400
BOKF,20110321,52.06,52.58,51.57,52.14,102900
BOLT,20110321,13.17,13.37,13.17,13.33,9000
BONA,20110321,7.1,7.2,6.8,6.97,37000
BONT,20110321,14.51,15.16,14.24,15,125000
BOOM,20110321,25.47,25.7,25.02,25.38,69300
BOSC,20110321,7.08,7.52,7,7.52,11000
BPAX,20110321,11.4,11.46,11.1,11.28,1009800
BPFH,20110321,7.13,7.19,7.02,7.14,304100
BPFHW,20110321,2.68,2.68,2.68,2.68,0
BPHX,20110321,1.79,1.79,1.7,1.76,52600
BPOP,20110321,30.5,30.8,29.2,30,10632400
BPOPM,20110321,18.63,18.63,18.63,18.63,0
BPOPN,20110321,20.5,20.5,20.5,20.5,700
BRCD,20110321,5.93,5.95,5.86,5.91,7405300
BRCM,20110321,40.01,40.56,39.83,40.51,6816700
BRID,20110321,11.49,11.49,10.94,11.2,2400
BRKL,20110321,10.17,10.21,10.08,10.16,257400
BRKR,20110321,18.95,19.36,18.93,19.16,408500
BRKS,20110321,12.12,12.31,12.01,12.2,377100
BRLI,20110321,22.19,22.27,21.9,22.03,96300
BSDM,20110321,3.8,3.97,3.7,3.75,218400
BSET,20110321,8.19,8.19,7.97,7.97,10100
BSFT,20110321,53.45,53.78,51.13,51.82,483100
BSPM,20110321,5.4,5.7,5.25,5.4,230300
BSQR,20110321,7.78,7.78,7.23,7.28,118700
BSRR,20110321,10.97,11.06,10.81,11.05,35700
BSTC,20110321,24.77,25.5,24.52,25.5,11600
BTUI,20110321,10.2,11.61,10.2,11.2,23800
BUSE,20110321,4.83,4.93,4.83,4.92,112500
BVSN,20110321,13.93,14.26,13.93,14.25,10300
BWEN,20110321,14.8,14.9,14.2,14.8,966000
BWINA,20110321,20.26,20.26,20.26,20.26,0
BWINB,20110321,21.91,22.4,21.64,22.4,21800
BWLD,20110321,52.59,52.99,51.85,52.04,344600
BYFC,20110321,2.2,2.2,2.2,2.2,100
CA,20110321,23.08,23.39,23.06,23.19,4359700
CAAS,20110321,9.05,9.17,8.54,8.61,283200
CAC,20110321,32.21,32.49,32,32.39,11600
CACB,20110321,7.57,8.24,7.55,7.65,9700
CACC,20110321,68.61,69.81,68.61,69.81,12500
CACH,20110321,4.64,4.92,4.59,4.75,44100
CADC,20110321,4.14,4.15,3.95,3.97,57400
CADX,20110321,8.9,9.14,8.9,9.09,244300
CAFI,20110321,2.08,2.08,1.99,2,2000
CAKE,20110321,29.04,29.45,28.88,29,850700
CALD,20110321,6.38,6.48,6.33,6.39,86100
CALI,20110321,16.74,17.1,16.5,16.68,9100
CALL,20110321,10.855,11.15,10.66,11.055,51100
CALM,20110321,27.7,28.38,27.69,28.28,154100
CAMP,20110321,3.12,3.16,3.05,3.14,46900
CAMT,20110321,3.85,3.87,3.8,3.87,50300
CAR,20110321,16.24,16.58,16.07,16.48,1952100
CART,20110321,3.14,3.15,3.14,3.15,200
CARV,20110321,0.88,0.88,0.82,0.82,2900
CASH,20110321,16.78,16.85,16.75,16.75,4100
CASM,20110321,3.19,3.2,3.19,3.19,700
CASS,20110321,36.19,37.96,36.14,37.96,45600
CASY,20110321,36.88,37.19,36.54,37.11,535000
CATM,20110321,19.03,20.05,19.03,19.87,503100
CATY,20110321,16.15,16.52,16.04,16.51,439900
CAVM,20110321,38.98,40.13,38.83,40.1,1037100
CBAK,20110321,8.25,8.3,8.2,8.3,193800
CBAN,20110321,4.33,4.33,4.1,4.11,1700
CBEY,20110321,12.45,12.57,12.29,12.37,184800
CBIN,20110321,11.66,11.86,11.66,11.85,900
CBLI,20110321,7.4,7.4,6.92,7.16,870200
CBMX,20110321,21.7,22.3,21.7,22.1,17200
CBMXW,20110321,1.8,1.8,1.8,1.8,0
CBNJ,20110321,9.85,9.85,9.85,9.85,0
CBNK,20110321,14,14.03,13.96,13.96,36400
CBOE,20110321,27.79,28.32,27.79,28.14,394100
CBPO,20110321,15.68,15.68,15.12,15.41,76500
CBRL,20110321,48.47,48.75,48.17,48.46,254000
CBRX,20110321,3.6,3.87,3.4,3.69,1012700
CBSH,20110321,40,40.53,39.93,40.12,563100
CBST,20110321,24.71,24.91,24.66,24.91,324700
CCBG,20110321,12.36,12.56,12.34,12.56,15900
CCCL,20110321,6.59,6.66,6.45,6.53,69000
CCIH,20110321,19.54,20.5,19.54,20.48,104500
CCIX,20110321,8.32,8.5,8.25,8.44,84800
CCMP,20110321,47.53,48.26,47.17,48.12,71600
CCNE,20110321,14.04,14.24,13.85,14.24,12600
CCOI,20110321,14.07,14.35,13.93,14.18,128400
CCRN,20110321,7.15,7.47,7.12,7.47,63900
CCUR,20110321,6.27,6.29,6.16,6.22,12300
CDNS,20110321,9.62,9.8,9.6,9.79,2607200
CDTI,20110321,5.44,5.72,5.22,5.59,30200
CDXS,20110321,11.15,11.16,10.8,11.01,176300
CDZI,20110321,10.98,11.06,10.89,11.06,17400
CECE,20110321,5.84,5.84,5.5,5.66,52300
CECO,20110321,21.1,21.76,20.92,21.57,487000
CEDU,20110321,7.41,7.46,7.38,7.41,800
CELG,20110321,53.46,54.26,53.26,53.29,2666100
CELGZ,20110321,2.35,2.36,2.29,2.29,5400
CENT,20110321,9.01,9.11,8.9,9,127900
CENTA,20110321,9.15,9.22,9,9.19,235200
CENX,20110321,17.17,17.35,17.03,17.24,1806200
CERN,20110321,52.07,53.06,51.99,53.005,506100
CERS,20110321,2.66,2.84,2.64,2.72,607400
CETV,20110321,20.54,20.8,20.14,20.7,225400
CEVA,20110321,23.14,24.21,23.14,24.01,198000
CFBK,20110321,7.35,7.35,7.1,7.1,400
CFFI,20110321,22.87,22.87,22.87,22.87,400
CFFN,20110321,11.52,11.53,11.36,11.4,1301700
CFNB,20110321,14.31,14.49,14.3,14.49,2600
CFNL,20110321,11.21,11.5,11.06,11.5,63900
CGEN,20110321,4.98,4.98,4.84,4.91,28600
CGNX,20110321,25.1,26.16,25.04,26.14,369200
CHCI,20110321,1.29,1.37,1.27,1.35,25500
CHCO,20110321,34.77,35.36,34.77,35.35,42000
CHDN,20110321,41,41.2,40.47,41.2,19100
CHDX,20110321,16.73,16.92,16.4,16.77,44100
CHEV,20110321,8.52,8.52,8.39,8.5,11800
CHFC,20110321,19.56,19.73,19.48,19.73,42900
CHFN,20110321,9.0561,9.6631,9.0561,9.4542,5500
CHKE,20110321,17.12,17.33,17.05,17.3,34900
CHKP,20110321,48.49,49.36,48.42,48.92,1213700
CHLN,20110321,2.15,2.16,2.02,2.04,195600
CHNR,20110321,13.32,13.99,13.26,13.64,20100
CHOP,20110321,5.7,5.75,5.47,5.63,696800
CHRM,20110321,9.97,10.26,9.97,10.03,2400
CHRW,20110321,73.39,73.94,73.33,73.67,844500
CHSCP,20110321,29.38,29.5,29.1,29.5,14800
CHTP,20110321,3.75,3.95,3.75,3.84,425600
CHTR,20110321,48.58,49.13,48.12,48.88,80900
CHYR,20110321,2.09,2.2,2.03,2.1,26100
CIDM,20110321,1.73,1.87,1.73,1.87,99600
CIEN,20110321,23.4,24.04,22.57,24.02,6624500
CIMT,20110321,3.49,3.49,3.2,3.42,98600
CINF,20110321,32.6,32.92,32.54,32.88,674800
CISG,20110321,13.62,13.7,13.36,13.55,791300
CITZ,20110321,5.59,5.59,5.58,5.59,1100
CIZN,20110321,21.2,21.2,21.2,21.2,0
CJJD,20110321,3.42,3.42,3.25,3.25,26100
CKEC,20110321,7.33,7.37,7.17,7.18,68800
CKSW,20110321,8.05,8.15,8.04,8.07,42800
CLBH,20110321,3.94,3.94,3.94,3.94,0
CLCT,20110321,14.2,14.29,14.04,14.2,13900
CLDX,20110321,3.84,3.94,3.81,3.89,160300
CLFD,20110321,5,5.14,5,5.06,51300
CLMS,20110321,15.74,15.89,15.47,15.85,65200
CLMT,20110321,20.84,20.91,20.3,20.7,330600
CLNE,20110321,13.34,13.49,13.2,13.4,1328800
CLRO,20110321,5.2,5.2,5.06,5.06,7200
CLSN,20110321,2.41,2.48,2.41,2.41,54700
CLUB,20110321,4.61,4.88,4.61,4.75,17800
CLWR,20110321,5.35,5.36,4.98,5.06,10438800
CLWT,20110321,7.755,7.755,7.205,7.26,12100
CMCO,20110321,16.56,17.26,16.36,17.25,49200
CMCSA,20110321,24.11,24.34,23.91,24.17,16041100
CMCSK,20110321,22.66,22.86,22.47,22.68,5977200
CME,20110321,287.89,290,284.59,289.95,610900
CMLS,20110321,4.3,4.37,4.3,4.37,148400
CMSB,20110321,8.95,8.95,8.95,8.95,0
CMTL,20110321,26.86,27.36,26.83,27.01,178500
CNBC,20110321,9.01,9.15,9,9.09,9800
CNBKA,20110321,24.75,26.36,24.75,25.62,6200
CNET,20110321,3.71,3.79,3.68,3.73,14300
CNIT,20110321,3.43,3.45,3.1,3.15,613000
CNMD,20110321,26.49,26.87,25.72,26.65,55000
CNQR,20110321,52.52,53.8,52.43,53.53,550500
CNSL,20110321,18.02,18.2,17.95,18.01,127500
CNTF,20110321,4.3,4.35,4.22,4.25,89600
CNTY,20110321,2.94,2.95,2.81,2.91,38800
CNYD,20110321,8.05,8.05,7.94,7.95,2800
COBK,20110321,12.46,12.75,12.45,12.5,3400
COBR,20110321,3.5,3.56,3.45,3.45,6700
COBZ,20110321,6.64,6.77,6.54,6.76,71300
COCO,20110321,4.49,4.67,4.47,4.65,2866800
COGO,20110321,7.6,7.81,7.49,7.8,164200
COHR,20110321,55.43,57.17,54.71,57.13,164300
COHU,20110321,14.13,14.7,14.12,14.64,58100
COKE,20110321,61.49,62.68,61.07,62.65,17500
COLB,20110321,18.93,19.18,18.86,19.13,132500
COLM,20110321,56.95,58.02,56.86,57.44,58300
CONN,20110321,4.3,4.42,4.28,4.42,76700
COOL,20110321,2.45,2.49,2.35,2.39,549000
CORE,20110321,31.92,32.77,31.91,32.76,83100
CORT,20110321,4,4.07,3.98,4.07,151000
COSI,20110321,1.29,1.3,1.23,1.29,174900
COST,20110321,71.13,71.19,70.37,71.04,2553100
COWN,20110321,4.04,4.06,3.94,3.95,255800
CPBC,20110321,4.55,4.67,4.55,4.6,900
CPGI,20110321,2.98,3,2.95,2.95,3600
CPHC,20110321,11.5,11.8,11.19,11.67,9600
CPHD,20110321,26.25,27.18,26.21,27.03,232600
CPIX,20110321,5.03,5.23,5.03,5.22,64300
CPLA,20110321,51.04,51.75,49.91,50.62,411200
CPLP,20110321,9.79,9.98,9.77,9.96,127000
CPNO,20110321,33.84,34.15,33.75,34.02,396800
CPRT,20110321,20.545,20.74,20.485,20.545,327900
CPRX,20110321,1.08,1.11,1.05,1.1,22200
CPSI,20110321,58.61,59.64,58.01,59,51600
CPSL,20110321,21.12,21.36,20.4,20.52,269900
CPSS,20110321,1.06,1.12,1.06,1.1,7200
CPST,20110321,1.89,1.93,1.87,1.9,5489600
CPTS,20110321,13.39,13.39,12.89,12.94,341800
CPWR,20110321,11.07,11.24,11.06,11.21,2327100
CRAI,20110321,24.99,25.55,24.59,25.41,44900
CRAY,20110321,6.36,6.59,6.34,6.36,245200
CRDC,20110321,3.12,3.3,3.12,3.3,62200
CREE,20110321,49.5,49.95,49.05,49.32,2255900
CREG,20110321,2.32,2.39,2.32,2.33,7800
CRESW,20110321,0.22,0.23,0.2,0.23,11100
CRESY,20110321,17.4,17.89,17.27,17.56,55300
CRFN,20110321,4.17,4.17,4.17,4.17,200
CRIS,20110321,3.34,3.63,3.21,3.25,5824900
CRME,20110321,25,25,24.35,24.55,128200
CRMT,20110321,24.05,24.75,24.05,24.34,24900
CRNT,20110321,11.38,11.38,11.01,11.05,135200
CROX,20110321,16.33,16.76,16.25,16.76,2946200
CRRB,20110321,4.53,4.53,4.53,4.53,0
CRRC,20110321,13.11,13.88,13.11,13.88,27500
CRTX,20110321,5.84,6,5.76,6,33900
CRUS,20110321,20.3,21.29,20.2,20.95,2782100
CRVL,20110321,50.71,51.75,50.71,51.75,26000
CRWN,20110321,1.97,2.02,1.92,1.99,113600
CRWS,20110321,4.84,5,4.84,5,6600
CRZO,20110321,35.2,36.42,35.19,36.11,867300
CSBK,20110321,11.66,11.98,11.36,11.98,13600
CSCD,20110321,5.96,5.96,5.77,5.77,7500
CSCO,20110321,17.34,17.55,17.3,17.39,57372600
CSFL,20110321,6.97,7.08,6.9,7.06,34500
CSGP,20110321,58.01,59.84,57.87,59.38,81200
CSGS,20110321,19.64,19.93,19.39,19.48,279800
CSII,20110321,10.95,10.96,10.45,10.48,42300
CSIQ,20110321,11.13,11.17,10.92,10.98,1267300
CSOD,20110321,18.09,18.4,18,18.19,279900
CSPI,20110321,4.24,4.25,4.18,4.25,5900
CSTR,20110321,45.02,45.2,44.2,44.76,841300
CSUN,20110321,4.32,4.32,4.2,4.24,99700
CSWC,20110321,92.84,93.81,92.79,93.56,5400
CTAS,20110321,28.07,28.46,27.97,28.08,1433800
CTBI,20110321,27.8,27.95,27.76,27.95,18900
CTCH,20110321,3.44,3.5,3.37,3.5,24200
CTCM,20110321,20.9,21.26,20.86,21.22,233000
CTCT,20110321,30.64,33.37,30.46,33.04,1118000
CTGX,20110321,12.75,12.75,12.63,12.68,41200
CTHR,20110321,3.27,3.45,3.25,3.41,38300
CTIB,20110321,6.48,6.9,5.98,6.17,19500
CTIC,20110321,2.3,2.45,2.15,2.2,24828900
CTRN,20110321,22.1,22.81,22.1,22.34,65500
CTRP,20110321,37.67,38.35,37.38,38.02,2245700
CTSH,20110321,75.1,75.81,74.78,75.61,1818800
CTWS,20110321,25.12,25.42,25.08,25.41,13100
CTXS,20110321,67.24,68.8,67.01,68.33,1364700
CU,20110321,41.65,42.34,41.37,41.63,57000
CUBA,20110321,7.1,7.3,7.1,7.28,15900
CUTR,20110321,9.16,9.2,8.8,8.9,33400
CVBF,20110321,8.26,8.42,8.24,8.42,488500
CVCO,20110321,43.23,44.16,42.98,44.16,24400
CVCY,20110321,6.09,6.09,6.09,6.09,0
CVGI,20110321,15.32,16.12,15.32,15.92,122500
CVGW,20110321,21.42,21.67,21.12,21.67,29800
CVLT,20110321,36.29,36.69,36.03,36.65,281500
CVLY,20110321,10.36,10.4,10.11,10.39,2100
CVTI,20110321,9.3,9.41,9.18,9.37,22800
CVV,20110321,10.45,10.74,10.24,10.26,32500
CWBC,20110321,4.5,4.55,4.41,4.55,900
CWCO,20110321,10.84,11.44,10.84,11.15,34500
CWEI,20110321,93.19,98.71,93.19,96.97,86100
CWST,20110321,6.57,7.01,6.56,7,103400
CWTR,20110321,9.72,10,9.4,9.6,564600
CXDC,20110321,6.23,6.34,5.81,5.87,133100
CXPO,20110321,3.86,3.9,3.47,3.62,297900
CY,20110321,19.02,19.58,19,19.24,3715600
CYAN,20110321,3.43,3.45,3.41,3.41,6900
CYBE,20110321,8.37,8.6,8.37,8.45,9600
CYBX,20110321,31.71,32.4,31.4,31.85,150600
CYCC,20110321,9.17,9.24,8.89,9.24,304300
CYCCP,20110321,3.65,3.65,3.65,3.65,0
CYMI,20110321,49.97,51.54,49.63,51.28,439000
CYNO,20110321,12.91,13.18,12.91,13,164800
CYOU,20110321,31.52,32.97,31.52,32.83,163700
CYTK,20110321,1.28,1.32,1.25,1.26,370800
CYTR,20110321,6.09,6.16,5.74,6.09,259100
CYTX,20110321,7.38,7.38,7.12,7.34,641800
CYTXW,20110321,4.87,5,4.75,5,30900
CZFC,20110321,8.5,8.5,8.5,8.5,100
CZNC,20110321,15.84,16.15,15.56,16.15,10200
CZWI,20110321,4.97,4.98,4.93,4.93,21900
DAIO,20110321,5.99,6,5.84,6,7300
DAKT,20110321,11.08,11.38,11,11.21,151200
DARA,20110321,3.18,3.19,3.06,3.15,39600
DAVE,20110321,9.65,10,9.61,9.97,22700
DBLE,20110321,8.44,8.5,8.25,8.36,151200
DBLEP,20110321,26.05,26.15,26,26.1,4200
DCIX,20110321,11.75,11.84,11.52,11.74,24900
DCOM,20110321,14.4,14.54,14.35,14.4,107300
DCTH,20110321,7.1,7.25,6.96,7,614500
DECK,20110321,77.87,81.42,77.71,81.07,1356200
DELL,20110321,14.69,15.02,14.68,14.71,21967400
DENN,20110321,4.17,4.19,4.02,4.07,706400
DEPO,20110321,9.27,9.4,9.03,9.3,1096500
DEST,20110321,22.58,22.7,22.42,22.64,51800
DFZ,20110321,11.12,11.51,11.08,11.49,108600
DGAS,20110321,15.415,15.805,15.415,15.8,1200
DGICA,20110321,11.61,11.9,11.48,11.85,39200
DGICB,20110321,18.5,18.5,18.5,18.5,0
DGII,20110321,10.15,10.37,9.6,10.25,57500
DGIT,20110321,31.06,32.91,30.75,31.79,441100
DGLY,20110321,1.5,1.57,1.48,1.5,83000
DHIL,20110321,77.69,78.75,77.46,78.72,5600
DHRM,20110321,5.45,5.74,5.45,5.6,7400
DIOD,20110321,31.39,31.88,31.13,31.62,231600
DISCA,20110321,39.57,40.27,39.47,39.96,1403300
DISCB,20110321,39.82,39.82,39.82,39.82,0
DISCK,20110321,34.69,35.21,34.64,34.74,956400
DISH,20110321,22.82,23.78,22.77,23.24,4873900
DJCO,20110321,71.5,71.5,71.05,71.05,900
DLGC,20110321,19.85,21.15,19.85,20.9,7800
DLIA,20110321,1.68,1.68,1.64,1.64,98100
DLLR,20110321,21.62,21.79,21.55,21.62,422600
DLTR,20110321,27.16,27.205,26.74,26.795,983500
DMLP,20110321,27.77,28.2,27.76,27.85,79100
DMND,20110321,52.25,53.99,52.14,53.96,202100
DMRC,20110321,27.2,27.4,26.89,27.2,8300
DNBF,20110321,9.94,9.94,9.8,9.94,1400
DNDN,20110321,33.13,33.22,32.71,32.92,1425000
DORM,20110321,19,19.225,18.65,19.225,77500
DOVR,20110321,3.6,3.74,3.6,3.74,3300
DRAD,20110321,2.65,2.71,2.53,2.63,28200
DRAM,20110321,13.2,13.74,12.66,12.84,45800
DRCO,20110321,14.86,15,14.72,14.8,21300
DRIV,20110321,35.11,35.48,35.01,35.32,387900
DRRX,20110321,3.43,3.53,3.43,3.52,247200
DRWI,20110321,7.18,7.2,7.04,7.12,175400
DRYS,20110321,4.58,4.68,4.54,4.64,7112300
DSCI,20110321,9.34,9.35,8.87,9.05,6700
DSCO,20110321,1.93,1.95,1.87,1.94,252500
DSGX,20110321,6.66,6.85,6.62,6.72,41000
DSPG,20110321,7.68,8.05,7.68,7.95,151800
DSWL,20110321,3.19,3.19,3.15,3.15,4500
DTLK,20110321,6.45,6.46,6.11,6.3,250500
DTSI,20110321,46.08,46.45,45.18,45.32,117900
DTV,20110321,44.13,45,43.67,44.73,10970100
DVAX,20110321,2.61,2.65,2.58,2.61,443800
DVOX,20110321,5.5,5.62,5.28,5.56,89400
DWA,20110321,25.87,26.12,25.72,25.94,645300
DWCH,20110321,5.61,5.64,5.49,5.54,17800
DWSN,20110321,41.97,43.35,41.72,42.7,231800
DXCM,20110321,13.98,14.29,13.88,14.26,699700
DXPE,20110321,22.14,22.67,21.92,22.65,77300
DXYN,20110321,4.25,4.29,4.25,4.28,10400
DYAX,20110321,1.57,1.59,1.49,1.5,594500
DYNT,20110321,5.25,5.65,5.15,5.4,84800
DYSL,20110321,3.88,3.9,3.71,3.77,16800
EBAY,20110321,30.89,31.29,30.43,30.58,6456000
EBIX,20110321,28.55,29.82,28.4,29.45,747900
EBMT,20110321,11.35,11.4,11.35,11.4,8900
EBSB,20110321,13.25,13.48,13.21,13.48,6400
EBTC,20110321,14.94,14.95,14.8,14.8,1800
ECHO,20110321,12.53,12.6,12.31,12.54,97900
ECOL,20110321,16.83,17.58,16.77,17.57,171700
ECPG,20110321,25.24,25.76,24.86,25.7,40900
ECTY,20110321,3.27,3.39,3.2,3.21,53700
ECYT,20110321,7.61,7.9,7.61,7.78,30900
EDAC,20110321,3.56,3.71,3.55,3.56,19700
EDAP,20110321,3.76,3.76,3.55,3.72,75600
EDGW,20110321,3,3.1,2.95,3.07,55700
EDMC,20110321,19.92,20.49,19.79,19.92,197400
EDS,20110321,6.95,7.1,6.83,6.84,36800
EDUC,20110321,6.59,6.6,6.41,6.43,1500
EEFT,20110321,18.42,18.95,18.25,18.81,239700
EEI,20110321,19.06,20.29,17.9,18.94,92000
EFII,20110321,13.85,14.35,13.85,14.27,99800
EFSC,20110321,12.14,12.86,12.14,12.86,39700
EFUT,20110321,5.42,5.49,5.42,5.43,2400
EGBN,20110321,13.3,13.76,13.2,13.76,19200
EGHT,20110321,2.67,2.7,2.64,2.67,379800
EGLE,20110321,15.4,15.56,15.04,15.08,938900
EGOV,20110321,11.6,11.73,11.38,11.52,354500
EHTH,20110321,12.87,13.17,12.77,12.94,113100
EIHI,20110321,12.99,13,12.77,12.82,13800
ELGX,20110321,5.87,6.25,5.87,6.16,183800
ELNK,20110321,7.9,7.96,7.82,7.86,1786500
ELON,20110321,8.43,8.66,8.43,8.64,144400
ELOS,20110321,12.99,13.02,12.8,13,144300
ELRC,20110321,14.79,15.96,14.79,15.96,35600
ELSE,20110321,4.48,4.48,4.48,4.48,0
ELTK,20110321,1.18,1.18,1.13,1.18,1200
EMCF,20110321,18.25,18.25,17.34,18.25,1900
EMCI,20110321,23.75,24.38,23.52,24.36,26900
EMFN,20110321,27.2,27.2,27.2,27.2,0
EMIF,20110321,34.11,34.38,34.07,34.27,23600
EMITF,20110321,11.71,11.76,11.66,11.66,900
EMKR,20110321,8.76,9.04,8.48,9.04,1072600
EMMS,20110321,1.02,1.06,1.02,1.03,65300
EMMSP,20110321,18.5,18.5,18.49,18.5,500
EMMT,20110321,27,27,26.96,26.96,1200
ENDP,20110321,34.97,35.31,34.82,34.91,683800
ENG,20110321,4.54,4.83,4.3,4.75,86600
ENMD,20110321,4.74,5.29,4.7,5.29,49700
ENOC,20110321,18.41,19.12,18.38,19.09,354900
ENSG,20110321,30.66,30.67,29.86,30.43,106800
ENTG,20110321,7.84,8.05,7.8,8,1197600
ENTR,20110321,7.65,7.9,7.55,7.9,2287600
ENZN,20110321,10.24,10.45,10.16,10.44,620400
EONC,20110321,1.76,1.76,1.76,1.76,11400
EPAX,20110321,10.33,10.35,10.17,10.25,35000
EPAY,20110321,21.68,21.88,21.2,21.88,84800
EPIQ,20110321,13.79,14.03,13.67,13.94,83100
EQIX,20110321,85.86,86.7,84.95,85.15,617700
ERIC,20110321,12.2,12.21,12.06,12.13,6383900
ERIE,20110321,69.23,70.91,68.62,70.46,59600
ERII,20110321,3.09,3.18,3.09,3.18,145500
EROC,20110321,9.84,10,9.7,9.97,405400
ESBF,20110321,10.85,10.975,10.7333,10.975,13700
ESBK,20110321,17.05,17.05,17.05,17.05,0
ESCA,20110321,5.7,5.94,5.62,5.85,5600
ESEA,20110321,4.3,4.34,4.24,4.25,53500
ESGR,20110321,92.59,93.67,92.24,93.66,16300
ESIO,20110321,16.09,16.85,16.08,16.84,66000
ESLT,20110321,53.95,54.16,53.76,54.02,8700
ESMC,20110321,1.21,1.21,1.2,1.2,1000
ESRX,20110321,52.31,53.14,51.82,52.05,3748600
ESSA,20110321,12.83,13.09,12.83,13.09,36800
ESSX,20110321,6.92,6.95,6.92,6.95,200
ESYS,20110321,4.94,4.95,4.76,4.95,2500
ETFC,20110321,15.38,15.6,15.26,15.47,2886600
ETRM,20110321,2.5,2.75,2.5,2.73,55000
EUFN,20110321,23.27,23.38,23.27,23.36,2300
EVBS,20110321,3.5,3.5,3.5,3.5,100
EVEP,20110321,47.45,48.25,46.73,48.09,843500
EVOL,20110321,6.95,7.07,6.91,7.04,6300
EWBC,20110321,22.34,22.5,22.13,22.24,899900
EXAC,20110321,18.34,18.79,18.19,18.27,10900
EXAR,20110321,5.95,6,5.95,6,141600
EXAS,20110321,5.77,5.9,5.59,5.9,522800
EXEL,20110321,11.46,11.65,11.38,11.55,1482000
EXFO,20110321,10.5,11.45,10.44,11.06,210200
EXLP,20110321,28.51,28.65,28.18,28.63,142300
EXLS,20110321,19.79,20.24,19.71,19.95,30800
EXPD,20110321,48.26,49.04,48.06,48.33,963300
EXPE,20110321,21.61,21.97,21.55,21.6,6695600
EXPO,20110321,41.28,42.57,40.89,42.56,52200
EXTR,20110321,3.46,3.56,3.41,3.48,374100
EXXI,20110321,31.55,32.29,31.37,32.29,825200
EZCH,20110321,27.51,27.75,27.3,27.58,389700
EZPW,20110321,27.87,29.1,27.87,29.08,368100
FABK,20110321,13.75,13.75,13.7,13.7,2000
FALC,20110321,4.3,4.3,4.22,4.3,122900
FARM,20110321,10.72,11,10.58,10.9,21700
FARO,20110321,32.8,33.49,32.1,33.47,70700
FAST,20110321,30.83,31.18,30.755,30.985,492700
FBIZ,20110321,12.22,12.22,12.22,12.22,0
FBMI,20110321,7,7.1,6.99,6.99,700
FBMS,20110321,8.44,8.44,8.44,8.44,0
FBNC,20110321,13.37,13.66,13.35,13.66,30900
FBSS,20110321,13.75,13.75,13.75,13.75,200
FCAL,20110321,3.9,3.96,3.74,3.75,25000
FCAP,20110321,16.4,16.4,16.4,16.4,0
FCBC,20110321,13.13,13.45,12.94,13.45,46400
FCCO,20110321,6.64,6.64,6.54,6.54,600
FCCY,20110321,8.88,8.88,8.88,8.88,0
FCEL,20110321,2.01,2.07,1.99,2,2245100
FCFC,20110321,7,7.14,7,7.14,2000
FCFS,20110321,36.89,37.62,36.85,37.5,255800
FCHI,20110321,50.28,50.53,50.18,50.53,1100
FCLF,20110321,6.77,6.77,6.77,6.77,800
FCNCA,20110321,199.23,201.39,199.23,201.28,4400
FCTY,20110321,4.13,4.13,4.13,4.13,0
FCVA,20110321,4.18,4.18,4.18,4.18,0
FCZA,20110321,4.2,4.22,4.12,4.22,2300
FDEF,20110321,14.12,14.15,14.05,14.07,5700
FDML,20110321,25.52,25.97,25.15,25.26,407100
FEFN,20110321,25.26,25.44,25.2,25.36,500
FEIC,20110321,32.81,33.47,32.62,32.7,345000
FEIM,20110321,10.78,11.11,10.74,11.02,94100
FELE,20110321,20.77,20.96,20.46,20.945,120900
FFBC,20110321,16.34,16.55,16.14,16.25,202600
FFBCW,20110321,6.28,6.3,6.28,6.3,400
FFBH,20110321,3.07,3.07,2.75,2.97,29400
FFCH,20110321,10.36,10.47,10.25,10.35,62300
FFCO,20110321,13.51,13.51,13.51,13.51,100
FFEX,20110321,3.4,3.53,3.33,3.49,21600
FFHL,20110321,3.9,4.07,3.9,4.02,28700
FFIC,20110321,14.79,14.9,14.63,14.84,72100
FFIN,20110321,32.8933,33.5,32.8867,33.46,30300
FFIV,20110321,98.52,98.66,95.21,95.6,7309400
FFKT,20110321,7.25,7.38,7.15,7.36,900
FFKY,20110321,3.93,3.93,3.93,3.93,0
FFNM,20110321,3.71,3.76,3.71,3.75,2400
FFNW,20110321,5.63,5.82,5.63,5.82,18500
FHCO,20110321,4.7,4.79,4.57,4.79,38600
FIBK,20110321,14.01,14.18,13.87,14,22500
FINL,20110321,17.4,17.71,17.12,17.58,1010700
FIRE,20110321,24.56,25.19,24.56,25.18,368000
FISI,20110321,17.2,17.57,17.17,17.56,93700
FISV,20110321,60.29,61.24,60.16,60.6,816400
FITB,20110321,14.26,14.29,13.84,14.02,12350400
FITBP,20110321,152,155.33,152,152,400
FIZZ,20110321,13.31,13.58,13.31,13.58,43000
FLDM,20110321,15.54,16.22,15.14,15.43,21700
FLEX,20110321,7.33,7.4,7.2,7.21,6809800
FLIC,20110321,26.55,26.8,26.27,26.8,15900
FLIR,20110321,32.4,33.07,32.24,33.06,702900
FLML,20110321,6.28,6.28,6.12,6.13,168700
FLOW,20110321,4.41,4.45,4.32,4.35,302200
FLWS,20110321,2.71,2.8,2.7,2.74,147100
FLXS,20110321,14.51,14.77,14.51,14.63,12500
FMBI,20110321,11.58,11.71,11.37,11.46,1015200
FMCN,20110321,27.98,28.39,27.66,28.2,1638200
FMER,20110321,16.75,16.95,16.71,16.75,1002700
FMFC,20110321,4.23,4.24,3.98,4.09,5600
FNBN,20110321,0.31,0.31,0.29,0.3,26500
FNFG,20110321,14.08,14.27,14.04,14.16,2173100
FNGN,20110321,24.42,25.12,24.32,25.02,130800
FNLC,20110321,13.94,14.14,13.86,14.14,8100
FNSR,20110321,21.48,22.12,20.85,22.02,4944600
FOLD,20110321,5.95,6.18,5.95,6.11,7000
FONE,20110321,27.65,27.75,27.37,27.65,9600
FONR,20110321,1.73,1.73,1.65,1.68,21300
FORD,20110321,3.99,4.1,3.98,4.06,68000
FORM,20110321,9.07,10.15,9.01,9.89,1377900
FORR,20110321,37.48,37.8,37.25,37.4,62000
FORTY,20110321,17.97,18.25,17.82,18,12200
FOSL,20110321,80.48,81.99,79.63,81.8,917000
FRBK,20110321,3.06,3.1,2.97,3.02,39600
FRED,20110321,12.47,13.02,12.45,13.02,622000
FREE,20110321,28.1,28.7,27.8,28,8800
FRME,20110321,8.15,8.73,8.1,8.73,98900
FRP,20110321,19,19.24,18.76,18.8,33400
FSBK,20110321,4.77,4.95,4.71,4.93,21000
FSCI,20110321,26.46,27.51,26.4,27.51,21300
FSFG,20110321,15.89,15.89,15.89,15.89,0
FSGI,20110321,0.84,0.93,0.84,0.9,21900
FSLR,20110321,151.52,152.18,149.83,150.18,1223700
FSRV,20110321,34.43,35.57,34.25,34.62,37900
FSTR,20110321,39.66,41.49,39.21,41.23,66900
FSYS,20110321,24.58,25.37,24.42,24.89,247800
FTEK,20110321,8.55,9.14,8.49,9.14,261300
FTNT,20110321,21.455,21.915,21.265,21.89,587700
FUBC,20110321,6.9,6.94,6.78,6.85,121300
FULL,20110321,8.35,8.4,8.35,8.35,3800
FULT,20110321,10.91,11.06,10.88,11.05,1066400
FUNC,20110321,3.19,3.23,3.07,3.14,1600
FUND,20110321,7.86,7.89,7.76,7.87,20000
FURX,20110321,16.25,16.38,16.12,16.26,17600
FWLT,20110321,34.52,35.99,34.51,35.93,1421000
FWRD,20110321,28.39,28.7,28.12,28.25,308300
FXCB,20110321,13,13.2,12.96,13.2,17700
FXEN,20110321,7.8,7.98,7.74,7.88,598000
GABC,20110321,16.38,16.78,16.33,16.76,20100
GAGA,20110321,8.93,8.95,8.85,8.85,16600
GAI,20110321,7.89,7.94,7.89,7.89,400
GAIA,20110321,6.37,6.58,6.37,6.53,43700
GAIN,20110321,7.38,7.66,7.38,7.66,48400
GAME,20110321,6.45,6.48,6.31,6.35,490200
GASS,20110321,5.97,6.14,5.92,6.07,61900
GBCI,20110321,15.66,15.88,15.59,15.7,281600
GBDC,20110321,16.21,16.78,16.12,16.73,27700
GBLI,20110321,21.33,21.65,21.03,21.37,50500
GBNK,20110321,1.26,1.27,1.2,1.26,11500
GCBC,20110321,18.01,18.01,18.01,18.01,300
GCFB,20110321,3.54,3.55,3.45,3.5,6100
GCOM,20110321,10.64,11.17,10.51,11.16,51700
GENC,20110321,7.8,7.8,7.78,7.78,1700
GENE,20110321,2.3,2.48,2.15,2.33,55300
GENT,20110321,10.34,11.05,10.15,10.64,140800
GERN,20110321,4.86,4.93,4.8,4.88,1512300
GEVO,20110321,19.9,19.98,18.58,18.71,66000
GFED,20110321,5.8,5.8,5.8,5.8,100
GFN,20110321,3.22,3.22,3.21,3.21,3000
GFNCL,20110321,3.23,3.23,3.23,3.23,0
GGAL,20110321,12.96,13.15,12.85,12.89,210300
GHDX,20110321,23.11,23.86,23.1,23.85,91000
GIFI,20110321,31.67,32.04,31.27,31.59,124400
GIGA,20110321,2.45,2.53,2.4,2.42,11000
GIGM,20110321,1.12,1.24,1.05,1.15,1029700
GIII,20110321,34.61,34.94,34.23,34.42,176200
GILD,20110321,20.27,20.47,20.125,20.13,5856000
GILT,20110321,5.01,5.02,4.85,4.89,19100
GIVN,20110321,18.96,19.35,18.91,18.93,54900
GKNT,20110321,24.49,25.08,24.2,24.5,34300
GLAD,20110321,11.2,11.25,10.93,11.22,60900
GLBS,20110321,8.48,8.48,8.48,8.48,0
GLBZ,20110321,8.04,8.04,7.98,7.99,1400
GLCH,20110321,1.8,1.88,1.75,1.84,208700
GLDC,20110321,3.09,3.1,3.09,3.1,3600
GLDD,20110321,7.36,7.51,7.3,7.41,256600
GLNG,20110321,23.19,23.93,23.03,23.51,1172500
GLPW,20110321,24.71,25.85,24.44,25.39,71100
GLRE,20110321,26.75,27.15,26.7,27.01,77000
GLUU,20110321,3.83,3.89,3.6,3.68,1047200
GMAN,20110321,16.47,16.81,16.01,16.46,85800
GMCR,20110321,61.45,62.12,60.57,61.57,1721500
GMETP,20110321,14.19,14.19,14.19,14.19,0
GNCMA,20110321,9.84,10.2,9.82,10.16,161800
GNMK,20110321,4.01,4.17,3.71,3.79,37600
GNTX,20110321,27.46,28.61,27.34,28.13,1233600
GNVC,20110321,0.38,0.38,0.37,0.38,337800
GOLD,20110321,74.24,74.25,73.07,73.37,719400
GOOD,20110321,17.86,18.48,17.85,18.48,26900
GOODO,20110321,24.49,24.5,24.49,24.5,300
GOODP,20110321,24.95,24.95,24.95,24.95,100
GOOG,20110321,569.33,579.8,569.02,576.5,3022100
GPIC,20110321,6.73,6.91,6.72,6.91,14400
GPOR,20110321,31.35,33.86,31.2,33.41,1549400
GPRC,20110321,5.7,5.74,5.5,5.62,13500
GPRE,20110321,12.2,12.39,12.05,12.19,141800
GRID,20110321,33.88,33.94,33.88,33.91,700
GRIF,20110321,30.5,30.5,30,30.19,2700
GRMN,20110321,34.12,34.46,33.67,33.82,1317500
GROW,20110321,8.1,8.19,7.94,8.15,32800
GRVY,20110321,1.94,2.07,1.92,1.98,56300
GSBC,20110321,20.75,21.18,20.49,21.18,43400
GSIG,20110321,10.96,11,10.77,10.95,39000
GSIT,20110321,8.42,8.44,8.33,8.41,114800
GSM,20110321,22.7,22.75,21.88,22.04,936500
GSOL,20110321,9.77,10.4,9.77,10.06,126800
GTIM,20110321,2.05,2.05,2.05,2.05,0
GTIV,20110321,28.34,28.5,27.9,28.21,192800
GTLS,20110321,48.28,49.99,47.95,49.74,490900
GTXI,20110321,2.37,2.49,2.37,2.42,138100
GUID,20110321,8.22,8.42,8.2,8.4,21700
GULF,20110321,16.1,16.19,15.88,15.99,9900
GYRO,20110321,72.52,72.7,72,72.7,1100
HA,20110321,6.21,6.41,6.14,6.39,2289600
HAFC,20110321,1.23,1.25,1.18,1.21,746100
HAIN,20110321,29.2,30.08,29.17,29.95,227200
HALL,20110321,8.34,8.46,8.3,8.36,35300
HALO,20110321,6.49,6.49,6.16,6.2,409800
HAS,20110321,46.81,46.99,46.43,46.7,772600
HAST,20110321,5.88,5.95,5.04,5.23,35700
HAUP,20110321,1.97,2.05,1.91,2.02,91400
HAYN,20110321,51.82,54.49,51.16,54.42,153000
HBAN,20110321,6.78,6.8,6.53,6.64,17227100
HBANP,20110321,1163.7,1163.7,1163.7,1163.7,100
HBCP,20110321,13.46,13.72,13.36,13.72,5800
HBHC,20110321,31.89,32.81,31.86,32.67,484800
HBIO,20110321,4.74,4.9,4.71,4.87,59500
HBNC,20110321,12,12,12,12,0
HBNK,20110321,12.75,12.75,12.7,12.72,17600
HBOS,20110321,13.01,13.25,12.95,13,57900
HCBK,20110321,9.99,10.04,9.9,9.93,3776600
HCCI,20110321,12.16,13,12.16,12.65,3900
HCKT,20110321,3.75,3.85,3.75,3.85,79800
HCSG,20110321,17.08,17.27,16.9,17.02,857100
HDNG,20110321,13.19,13.85,13.09,13.5,481100
HDSN,20110321,1.91,1.95,1.91,1.94,47000
HEES,20110321,17.31,18.01,17.31,17.73,126800
HELE,20110321,27.48,27.9,26.94,27.21,216200
HEOP,20110321,3.56,3.56,3.37,3.52,5000
HERO,20110321,5.65,5.83,5.6,5.79,5306200
HFBC,20110321,9.23,9.23,9.23,9.23,0
HFBL,20110321,13.17,13.17,13.17,13.17,200
HFFC,20110321,10.9,11.16,10.9,11.12,1100
HFWA,20110321,14.14,14.35,14.07,14.34,14300
HGSH,20110321,2.55,2.55,2.45,2.46,7500
HIBB,20110321,31.04,31.75,30.63,31.67,885600
HIFS,20110321,49.25,49.25,48.85,48.85,300
HIHO,20110321,3.26,3.26,3.26,3.26,100
HILL,20110321,2.31,2.44,2.31,2.34,319100
HIMX,20110321,2.46,2.46,2.43,2.43,84700
HITK,20110321,19.73,20.09,19.62,19.87,133500
HITT,20110321,56.83,58.92,56.83,58.79,138700
HLIT,20110321,8.54,8.75,8.51,8.65,528000
HMIN,20110321,40.28,41.1,39.85,40.65,382200
HMNF,20110321,2.59,2.87,2.59,2.82,4000
HMPR,20110321,24.75,24.75,22.5,23.5,292200
HMSY,20110321,26.0867,27.0467,26.0533,27.0467,152000
HNH,20110321,10.8,11.71,10.8,11.47,18200
HNRG,20110321,10.59,10.87,10.31,10.76,5900
HNSN,20110321,1.98,2.01,1.97,1.99,171500
HOFT,20110321,12.11,12.15,11.96,12.14,16400
HOGS,20110321,15.2,15.35,14.85,15.27,795400
HOLI,20110321,12.17,12.4,12.04,12.19,209500
HOLL,20110321,1.68,1.79,1.67,1.78,28300
HOLX,20110321,21.96,22.17,21.8,21.95,2316900
HOMB,20110321,21.93,22.1,21.9,21.96,44700
HOME,20110321,10.88,11.35,10.88,11.35,39100
HOTT,20110321,5.24,5.25,5.05,5.16,541700
HOVNP,20110321,7.07,7.25,7.05,7.2,7900
HPCCP,20110321,25.98,25.98,25.68,25.9,3300
HPJ,20110321,3.03,3.05,3.01,3.02,31400
HPOL,20110321,0.98,1.01,0.94,0.99,38200
HRZN,20110321,16.25,16.26,16.05,16.23,52400
HSIC,20110321,67.32,68.66,67.04,67.1,342300
HSII,20110321,25.32,26.33,25.13,26.12,54300
HSKA,20110321,6.19,6.54,6.1,6.28,11600
HSNI,20110321,30.93,31,29.86,30.75,507600
HSOL,20110321,7.18,7.31,7.06,7.18,1085000
HSTM,20110321,7.29,7.6,7.23,7.59,32200
HTBK,20110321,4.92,4.97,4.92,4.94,700
HTCH,20110321,2.47,2.48,2.4,2.46,159400
HTCO,20110321,9.38,9.38,9.23,9.3,6300
HTHT,20110321,17.91,19.19,17.58,18.88,518500
HTLD,20110321,16.66,17.02,16.66,16.88,241200
HTLF,20110321,15.15,15.72,15.15,15.72,16800
HTWR,20110321,86.35,91,86.35,90.4,274500
HUBG,20110321,34.45,35.27,34.43,34.85,132600
HURC,20110321,30.87,30.88,30.13,30.32,39400
HURN,20110321,25.33,26.03,25.27,26.01,46500
HWAY,20110321,15.38,15.57,15.26,15.56,138300
HWBK,20110321,9.1,9.1,9.1,9.1,0
HWCC,20110321,14.11,14.59,14.11,14.41,66700
HWKN,20110321,39.25,40.26,39.25,40.17,47600
HYGS,20110321,4.48,4.63,4.47,4.62,7600
IACI,20110321,29.41,29.64,29.28,29.5,649400
IART,20110321,46.95,47.58,46.79,47,96300
IBB,20110321,95.7,95.7,94.69,94.89,270500
IBCA,20110321,2.61,2.63,2.52,2.6,49700
IBCP,20110321,3.33,3.44,2.91,3.1,346300
IBCPO,20110321,15.5,15.5,15.5,15.5,0
IBKC,20110321,55.92,56.85,55.92,56.39,127100
IBKR,20110321,15.93,16.12,15.92,16.01,415000
IBOC,20110321,18.16,18.53,18.04,18.53,287400
ICAD,20110321,1.05,1.11,1.05,1.1,192800
ICCC,20110321,3.52,3.52,3.52,3.52,500
ICFI,20110321,22.42,22.42,19.58,21.4,669200
ICGE,20110321,12.53,13.03,12.45,12.95,102400
ICLN,20110321,17.65,17.82,17.64,17.79,44000
ICLR,20110321,20.53,21.19,20.52,21,150600
ICON,20110321,19.96,20.07,19.76,20.07,461900
ICUI,20110321,41.88,42.53,41.76,42.26,27400
IDCC,20110321,42.23,43.48,42.03,43.38,844000
IDIX,20110321,2.82,2.84,2.77,2.79,117600
IDRA,20110321,2.68,2.72,2.65,2.69,48900
IDSA,20110321,10.35,10.59,10.18,10.48,18900
IDSY,20110321,4.34,4.39,4.21,4.27,28300
IDTI,20110321,7,7.25,7,7.13,1401400
IDXX,20110321,76.72,77.69,76.48,76.6,175800
IESC,20110321,3.77,3.77,3.56,3.71,8800
IFAS,20110321,30.68,30.75,30.65,30.65,14300
IFEU,20110321,32.46,32.63,32.24,32.63,7400
IFGL,20110321,31.04,31.26,31,31.24,34400
IFNA,20110321,41.93,41.93,41.93,41.93,100
IFON,20110321,0.9,0.95,0.9,0.94,9600
IFSM,20110321,38.68,38.88,38.56,38.86,47700
IGLD,20110321,28.96,28.96,28.57,28.85,2200
IGOI,20110321,34.56,34.68,32.28,33.12,325700
IGOV,20110321,105.83,109.97,105.63,106.08,11100
IGTE,20110321,17.33,18.13,17.27,18.11,257300
III,20110321,2.17,2.22,2.17,2.2,51600
IIIN,20110321,13.05,13.41,13,13.3,180000
IIJI,20110321,7.41,7.55,7.36,7.55,12300
IILG,20110321,14.92,15.5,14.92,15.43,122200
IIN,20110321,3.9,3.93,3.9,3.93,800
IIVI,20110321,23.62,24,23.57,23.895,205200
IKAN,20110321,1.14,1.18,1.13,1.17,174100
IKNX,20110321,8.7,8.75,8.7,8.7,200
ILMN,20110321,62.75,63.22,62.59,63.05,4050400
IMGN,20110321,8.69,8.69,8.31,8.45,645200
IMKTA,20110321,18.88,19.59,18.72,19.59,38600
IMMR,20110321,6.69,6.83,6.61,6.77,136600
IMMU,20110321,3.44,3.48,3.39,3.4,361100
IMOS,20110321,7.39,7.41,7.3,7.31,24000
IMRS,20110321,7.42,7.5,7.25,7.35,22900
INAP,20110321,6.32,6.65,6.21,6.5,408600
INCY,20110321,14.5,14.57,13.92,14.02,779700
INDB,20110321,26.55,26.83,26.42,26.72,35800
INDY,20110321,27.38,27.47,27.27,27.47,61000
INFA,20110321,47.71,48.49,47.53,47.86,1018600
INFI,20110321,5.36,5.52,5.36,5.5,16000
INFN,20110321,7.65,7.74,7.6,7.67,1005400
ININ,20110321,35.37,36.58,35.25,36.49,91500
INOC,20110321,1.5,1.5,1.5,1.5,0
INOD,20110321,2.5,2.51,2.46,2.46,85700
INPH,20110321,6.49,6.52,5.5,5.74,535700
INSM,20110321,0.5,0.5,0.5,0.5,0
INTC,20110321,19.88,20.39,19.88,20.19,43392200
INTG,20110321,21.5,21.5,21.5,21.5,0
INTL,20110321,24.43,24.63,24,24.42,38100
INTT,20110321,3.47,3.59,3.4,3.48,148300
INTU,20110321,50.34,51.35,50.08,50.46,2413700
INTX,20110321,10.62,11,10.57,10.86,87300
INVE,20110321,2.63,2.68,2.57,2.68,29900
INWK,20110321,7.89,8.35,7.89,8.21,113200
IOSP,20110321,27.82,28.77,27.81,28.5,100700
IPAR,20110321,18.01,18.2,18,18.18,31400
IPAS,20110321,1.55,1.63,1.54,1.57,909700
IPCC,20110321,55.19,56.56,55.19,56.56,78800
IPCI,20110321,4.15,4.28,3.81,4.27,26300
IPCM,20110321,45.11,45.11,44.42,44.74,118800
IPGP,20110321,52,53.72,51.67,53.5,169500
IPHS,20110321,39.65,40.62,39.51,40.44,146100
IPXL,20110321,24.23,24.33,23.5,24,949900
IRBT,20110321,29.75,30.14,29.52,30.03,196500
IRDM,20110321,8.27,8.39,8.16,8.29,238800
IRDMZ,20110321,1.32,1.32,1.3,1.3,4300
IRIX,20110321,3.89,4.04,3.89,3.9,10800
IRWD,20110321,13.73,13.73,13.06,13.28,491300
ISBC,20110321,14.57,14.8,14.53,14.73,173700
ISCA,20110321,29.31,30.16,29.1,30.03,224100
ISHG,20110321,108.39,115.97,107.98,108.51,19800
ISIG,20110321,6.56,6.81,6.54,6.7,110000
ISIL,20110321,11.74,11.88,11.66,11.77,909300
ISIS,20110321,8.74,8.83,8.61,8.66,717400
ISLE,20110321,9.12,9.61,8.95,9.6,187100
ISNS,20110321,13.51,13.51,13.5,13.5,1900
ISRG,20110321,320.14,326,319.81,325.1,370600
ISRL,20110321,59.9,61.5,59.9,61.44,1100
ISSC,20110321,5.75,6.1,5.75,5.91,12200
ISSI,20110321,9.1,9.25,8.92,9,199400
ITIC,20110321,30.99,31.25,30.6,31.25,45600
ITMN,20110321,45.18,45.33,43.81,44.3,798400
ITRI,20110321,52.14,52.47,51.12,51.58,378200
ITRN,20110321,15.52,15.59,15.2,15.41,71500
IVAC,20110321,11.8,12.06,11.73,12.05,77500
IVAN,20110321,3.03,3.12,3,3,818000
IXYS,20110321,11.97,12.59,11.97,12.59,85700
JACK,20110321,22.81,22.85,22.45,22.63,293600
JADE,20110321,3.58,3.79,3.56,3.76,602300
JAKK,20110321,18.2,18.66,18.2,18.57,107400
JASO,20110321,33.55,34.15,33.3,33.75,6270100
JAXB,20110321,6.5,6.5,6.5,6.5,0
JAZZ,20110321,29.5,30.08,29.12,29.98,777000
JBHT,20110321,43.62,43.8,43.11,43.49,452600
JBLU,20110321,5.73,5.99,5.65,5.99,5586300
JBSS,20110321,11.72,11.87,11.56,11.77,9600
JCOM,20110321,28.68,29.29,28.68,29.29,289600
JCS,20110321,13.99,14.24,13.99,14.2,6900
JCTCF,20110321,10.64,10.72,10.4,10.69,2900
JDSU,20110321,19.25,19.57,18.8,19.38,15616800
JFBI,20110321,3.75,3.75,3.75,3.75,0
JJSF,20110321,45.07,45.68,45,45.68,26200
JKHY,20110321,31.43,32.28,31.35,31.88,475100
JMBA,20110321,2.05,2.13,2.03,2.1,637700
JOBS,20110321,54.34,58.75,54.1,58.15,118100
JOEZ,20110321,0.93,0.93,0.91,0.92,160300
JOSB,20110321,46.1,46.29,45.5,45.95,510000
JOUT,20110321,15.72,15.81,15.68,15.81,7300
JRCC,20110321,24.18,24.35,22.98,23.23,2320300
JRJC,20110321,4.75,4.83,4.64,4.66,78400
JST,20110321,11.43,11.73,11.43,11.48,75000
JVA,20110321,7.73,7.81,6.71,7,1110400
JXSB,20110321,12.25,12.49,12.25,12.49,300
KALU,20110321,47.14,48.8,47.14,48.8,147300
KBALB,20110321,6.28,6.4,6.12,6.4,111600
KCAP,20110321,7.49,7.68,7.36,7.68,115500
KCLI,20110321,30.1,30.9,30.09,30.71,23200
KELYA,20110321,19.84,20.55,19.81,20.3,91100
KELYB,20110321,20.05,20.05,20.05,20.05,0
KEQU,20110321,11.55,11.55,11,11.24,12500
KERX,20110321,4.24,4.33,4.19,4.21,666700
KEYN,20110321,18.08,18.46,17.91,18.15,72800
KEYW,20110321,12.51,12.57,12.33,12.41,79300
KFFB,20110321,9,9,9,9,1900
KFRC,20110321,16.36,17.19,16.36,17.09,104000
KGJI,20110321,2.3,2.45,2.22,2.39,174400
KINS,20110321,3.18,3.18,3.18,3.18,0
KIPS,20110321,6.55,6.6,6.14,6.47,3300
KIRK,20110321,14.9,14.97,14.57,14.71,108400
KLAC,20110321,45.4,46.38,45.38,45.96,1903500
KLIC,20110321,8.78,8.88,8.69,8.84,584600
KNDI,20110321,3.7,3.78,3.63,3.66,123000
KONA,20110321,4.36,4.42,4.2,4.2,6800
KONE,20110321,2.16,2.2,2.1,2.1,26100
KONG,20110321,9.89,9.9,9.47,9.63,172100
KOOL,20110321,2.06,2.17,2.04,2.12,127000
KOPN,20110321,4.24,4.26,4.15,4.21,298000
KOSS,20110321,7.25,7.44,7.25,7.44,7500
KRNY,20110321,9.49,9.6,9.46,9.6,11200
KSWS,20110321,9.65,10.17,9.65,10.15,361600
KTCC,20110321,4.85,5,4.79,4.91,154600
KTEC,20110321,21.29,22,21.2,22,53200
KTOS,20110321,13.74,14.03,13.69,14.03,142900
KUTV,20110321,2.96,3,2.88,2.95,40000
KVHI,20110321,13.38,13.92,13.29,13.92,91800
LABC,20110321,14.98,14.98,14.98,14.98,100
LABL,20110321,19.41,19.87,19.33,19.87,38600
LACO,20110321,2.81,3.06,2.7,2.98,73000
LAKE,20110321,9.05,9.05,8.61,8.76,51900
LAMR,20110321,37.44,37.82,36.94,37.05,319500
LANC,20110321,58.3,59.31,58.17,58.52,112700
LARK,20110321,17.25,17.25,16.54,16.54,600
LAWS,20110321,20.26,22.35,20.26,22.35,31200
LAYN,20110321,31.62,32.73,31.42,32.73,59200
LBAI,20110321,9.95,10.39,9.83,10.29,45500
LBIX,20110321,3.34,3.35,3.16,3.27,4800
LBTYA,20110321,41.21,41.27,40.9,40.99,1852700
LBTYB,20110321,42.5,42.5,42.5,42.5,0
LBTYK,20110321,39.67,40.14,39.32,39.5,313000
LCAV,20110321,6.89,6.99,6.5,6.75,73100
LCUT,20110321,12.91,13.17,12.83,13.17,34600
LEAP,20110321,13.22,14.11,13.02,14.05,9185900
LECO,20110321,36.37,37,35.705,36.725,149000
LEDR,20110321,2.36,2.52,2.36,2.47,16100
LEDS,20110321,16.18,16.38,15.73,16.21,96300
LFUS,20110321,52.82,54.6,52.82,54.08,54800
LGCY,20110321,30.86,31.87,30.85,31.7,124700
LGND,20110321,9.52,9.6,9.45,9.51,85500
LHCG,20110321,28.59,29.05,28.25,28.37,78800
LIFE,20110321,50.78,51.57,50.28,50.33,2326400
LIME,20110321,4.68,4.79,4.68,4.79,35900
LINC,20110321,14.78,15.15,14.76,15.02,176900
LINE,20110321,38.86,39.04,38.66,39.02,1455300
LINTA,20110321,15.7,16,15.61,15.77,2489400
LINTB,20110321,15.55,15.55,15.55,15.55,0
LION,20110321,7.8,7.85,7.75,7.85,2500
LIOX,20110321,3.4,3.44,3.35,3.39,186800
LIVE,20110321,3.85,3.85,3.78,3.78,3500
LIWA,20110321,9.8,9.8,9.43,9.55,232800
LKFN,20110321,21.9,22.08,21.72,22.08,40700
LLEN,20110321,7.27,7.41,6.75,7.41,1273200
LLNW,20110321,6.16,6.37,6.11,6.24,1783100
LLTC,20110321,32.75,33.31,32.63,32.93,1805400
LMAT,20110321,6.71,6.75,6.7,6.7,13300
LMCA,20110321,71.01,73.92,70.83,73.05,413700
LMIA,20110321,18.87,19.11,18.75,19.11,18600
LMNR,20110321,21.61,22.01,21.61,22.01,12000
LMNX,20110321,18.04,18.27,17.88,18.21,86400
LNBB,20110321,5.6,5.6,5.6,5.6,400
LNCE,20110321,18.99,19.31,18.63,19.29,168100
LNDC,20110321,6.2,6.38,6.14,6.25,110900
LOAN,20110321,1.59,1.6,1.44,1.46,13900
LOCM,20110321,3.57,3.62,3.39,3.49,279200
LOGI,20110321,18.55,18.69,18.45,18.61,528700
LOGM,20110321,36.4,36.59,35.83,36.18,513300
LOJN,20110321,5.3,5.31,5.14,5.2,100500
LONG,20110321,13.15,13.18,13,13.09,5200
LOOK,20110321,1.64,1.67,1.62,1.67,9700
LOPE,20110321,14.68,15.05,14.68,14.76,226700
LORL,20110321,75.8,76.92,74.99,76.24,61600
LPHI,20110321,7.32,7.51,7.2,7.35,168200
LPLA,20110321,35.5,35.83,34.5,35.41,166500
LPNT,20110321,39.14,39.59,38.95,39.11,397500
LPSB,20110321,9.74,9.74,9.74,9.74,500
LPSN,20110321,10.95,11.37,10.88,11.34,633800
LPTH,20110321,1.36,1.39,1.21,1.29,30300
LQDT,20110321,15.63,16.44,15.63,16.22,103600
LRAD,20110321,2.57,2.63,2.51,2.58,86400
LRCX,20110321,51.66,52.9,51.5,52.1,1244900
LSBI,20110321,15.35,15.79,15.35,15.76,30700
LSBK,20110321,10.45,10.45,10.45,10.45,0
LSCC,20110321,5.98,6,5.88,5.92,1363300
LSTR,20110321,44.14,44.64,43.78,44.43,422700
LTBR,20110321,5.8,6.38,5.7,6.16,296500
LTON,20110321,1.34,1.38,1.33,1.36,46500
LTRE,20110321,8.61,8.69,8.54,8.69,4000
LTRX,20110321,3.53,3.56,3.5,3.53,18000
LTXC,20110321,8.46,8.55,8.2,8.26,877100
LUFK,20110321,82.9,86.67,82.75,86.29,332000
LULU,20110321,38.14,38.67,37.51,38.44,2095400
LUNA,20110321,1.76,1.88,1.71,1.73,17200
LWAY,20110321,8.57,8.84,8.5,8.78,9800
LXRX,20110321,1.85,1.87,1.73,1.76,1059600
LYTS,20110321,7.1,7.65,7.08,7.63,85200
MAGS,20110321,3.07,3.07,3.03,3.03,9900
MAKO,20110321,21.53,22.65,21.25,21.62,807200
MANH,20110321,29.79,30.4,29.68,30.37,47500
MANT,20110321,42.07,42.93,41.91,42.35,122200
MARPS,20110321,21.35,21.95,21.35,21.95,400
MASC,20110321,6.36,6.83,6.36,6.71,32400
MASI,20110321,30.84,31.68,30.67,31.64,553600
MAT,20110321,24.88,25.19,24.75,24.8,4567100
MATW,20110321,36.56,37.06,36.54,37.06,65200
MAXY,20110321,5.1,5.13,4.96,5.09,608600
MBFI,20110321,19.77,20.02,19.49,19.92,184400
MBLX,20110321,9.1,9.26,9.02,9.18,169500
MBND,20110321,6.2,6.31,5.18,5.34,545100
MBRG,20110321,15.68,15.81,15.19,15.24,3700
MBTF,20110321,1.62,1.66,1.53,1.63,47000
MBVT,20110321,24.75,25.03,24.59,25.03,4400
MBWM,20110321,9.6,10.12,9.6,9.8,38600
MCBC,20110321,2.9,3.15,2.9,3.08,82000
MCBI,20110321,6.46,6.94,6.39,6.8,3000
MCGC,20110321,6.3,6.35,6.2,6.35,339100
MCHP,20110321,36.12,36.51,35.94,36.26,1591800
MCHX,20110321,8.29,8.48,8.22,8.37,39900
MCOX,20110321,26.35,26.5,25.9,26.45,78200
MCRI,20110321,9.88,10.23,9.88,10.22,15100
MCRL,20110321,12.69,13.02,12.67,12.85,241900
MCRS,20110321,47.17,48.17,47.17,47.96,247100
MDAS,20110321,15.28,15.43,15.01,15.09,623000
MDCA,20110321,16.14,16.47,16.14,16.34,91700
MDCI,20110321,8.44,8.76,8.44,8.69,24500
MDCO,20110321,15.82,16.06,15.6,15.97,273000
MDH,20110321,2.55,2.6,2.5,2.51,8500
MDRX,20110321,20.99,21.48,20.94,21.4,1526500
MDSO,20110321,25.63,26.78,25,25.15,336700
MDVN,20110321,16.44,17.09,16.05,17.09,486700
MEAD,20110321,3.54,3.6,3.52,3.6,1200
MEAS,20110321,31.75,32.21,31.47,31.88,86900
MELA,20110321,3.03,3.03,2.89,2.99,168600
MELI,20110321,65.52,66.8,64.25,66.42,397200
MEMS,20110321,3.1,3.4,3.06,3.3,27700
MENT,20110321,14.9,15.19,14.89,15,916200
MEOH,20110321,29.55,29.79,29.41,29.52,226100
MERC,20110321,12.64,13.49,12.64,13.38,324700
MERU,20110321,20.48,20.7,20.33,20.59,44400
METR,20110321,12.36,12.46,12.28,12.46,26800
MFI,20110321,4.29,4.47,4.29,4.46,1300
MFLR,20110321,7.94,7.99,7.94,7.94,600
MFLX,20110321,26.59,27.28,26.59,27.23,48500
MFNC,20110321,5.97,6,5.96,6,8700
MFRI,20110321,11.42,11.86,11.42,11.85,11100
MFSF,20110321,9.26,9.32,9.26,9.32,200
MGAM,20110321,5.69,5.79,5.68,5.74,138700
MGEE,20110321,39.39,39.93,39.39,39.81,46200
MGIC,20110321,5.71,5.82,5.51,5.59,896700
MGLN,20110321,46.92,47.26,46.4,46.55,223100
MGPI,20110321,7.9,8.22,7.9,8.16,24600
MGRC,20110321,26.45,27.15,26.45,27,41100
MGYR,20110321,4.13,4.13,4.12,4.12,200
MHGC,20110321,9.16,9.76,9.06,9.5,280300
MHLD,20110321,7.44,7.51,7.36,7.51,123500
MIDD,20110321,84.98,86.9,84.59,86.64,142200
MIND,20110321,11.1,11.15,11.06,11.14,20100
MINI,20110321,21.75,22.52,21.65,22.52,114700
MITL,20110321,5.07,5.07,4.87,4.9,29300
MKSI,20110321,31.31,31.52,30.69,30.99,588700
MKTAY,20110321,44.79,45,44.63,44.77,8400
MKTX,20110321,22.22,22.48,22.2,22.48,183500
MLAB,20110321,29.7,29.75,29.7,29.71,700
MLHR,20110321,24.35,24.49,23.56,24.15,434900
MLNK,20110321,5.25,5.34,5.18,5.26,173900
MLNX,20110321,24.36,25.18,24.31,24.95,138500
MLVF,20110321,8,8,8,8,0
MMLP,20110321,39.57,39.85,39.11,39.66,91500
MMSI,20110321,15.184,15.392,14.952,15.16,191900
MMUS,20110321,4.68,4.7,4.6,4.6,49200
MMYT,20110321,26.49,26.49,25.45,25.93,85400
MNDO,20110321,3.04,3.1,3.04,3.07,57200
MNKD,20110321,3.56,3.61,3.5,3.56,1016300
MNOV,20110321,3.53,3.85,3.5,3.57,10000
MNRK,20110321,6.825,6.9917,6.825,6.9917,300
MNRO,20110321,31.29,31.75,31.05,31.62,215400
MNST,20110321,27.865,28.165,27.43,27.445,841100
MNTA,20110321,14.67,15.17,14.54,14.58,941500
MNTG,20110321,2.6,2.6,2.5,2.5,46600
MNTX,20110321,6.25,6.35,6.21,6.27,156000
MOBI,20110321,9.31,9.48,9.1,9.23,142300
MOCO,20110321,13.2,13.5,13.19,13.38,9800
MOFG,20110321,13.79,14.65,13.65,14,29900
MOLX,20110321,24.59,25.19,24.46,24.9,755500
MOLXA,20110321,20.37,20.83,20.2,20.59,125000
MORN,20110321,58.4,59.03,58.29,58.7,50400
MOSY,20110321,5.45,5.54,5.44,5.53,44600
MOVE,20110321,8.44,9,8.44,8.88,404200
MPAA,20110321,13.66,13.79,13.62,13.78,56500
MPAC,20110321,5.23,5.26,5.2,5.25,3300
MPB,20110321,8.99,8.99,8.99,8.99,100
MPEL,20110321,6.95,7.31,6.95,7.3,6555500
MPET,20110321,2.48,2.55,2.4,2.46,221500
MPWR,20110321,13.55,13.72,13.29,13.4,313400
MRCY,20110321,18.83,19.42,18.66,19.25,128000
MRGE,20110321,4.24,4.41,4.21,4.34,363500
MRLN,20110321,11.48,12.12,11.1,11.94,17600
MRTN,20110321,21,21.59,21,21.59,34000
MRVL,20110321,15.84,15.85,15.42,15.51,17792000
MSBF,20110321,5.31,5.31,5.31,5.31,0
MSCC,20110321,20.48,20.69,20.19,20.22,572500
MSEX,20110321,17.83,18.04,17.76,18.03,24900
MSFG,20110321,8.7,9.21,8.7,9.21,32900
MSFT,20110321,25.18,25.58,25.15,25.33,46895000
MSG,20110321,27.49,27.69,27.27,27.48,234200
MSON,20110321,2.12,2.12,2.1,2.1,16300
MSPD,20110321,7.71,8.04,7.63,8,682900
MSTR,20110321,115.41,119.44,114.19,119.13,106800
MTEX,20110321,16.8,17.2,16.6,16.9,20000
MTRX,20110321,13.52,13.72,13.34,13.72,129700
MTSC,20110321,42.58,43.14,42.42,43.14,47400
MTSL,20110321,1.67,1.78,1.65,1.66,29300
MTSN,20110321,2.25,2.31,2.14,2.3,469400
MU,20110321,10.28,10.43,10.18,10.36,27828600
MVIS,20110321,10.56,10.88,10.32,10.4,1061400
MVISW,20110321,0.38,0.38,0.38,0.38,2000
MWIV,20110321,76.56,77.12,75.32,76.16,57400
MXIM,20110321,24.44,25.08,24.44,24.86,2287300
MXWL,20110321,16.07,16.5,16.01,16.15,169700
MYGN,20110321,19.41,19.64,19.23,19.25,403000
MYL,20110321,21.93,22.17,21.78,21.8,4754100
MYRG,20110321,24.31,25.05,24.31,24.77,108800
NAFC,20110321,37.66,38.86,37.66,38.13,63900
NAII,20110321,5.47,5.52,5.47,5.48,1600
NANO,20110321,16.65,16.7,16.31,16.7,261800
NASB,20110321,13.21,13.81,13.05,13.7,11000
NATH,20110321,17.44,17.65,17.4,17.56,7700
NATI,20110321,30.03,31.91,30.03,31.76,599200
NATL,20110321,20.3,20.34,20.14,20.34,23400
NATR,20110321,9,9.05,8.59,9,22800
NAUH,20110321,6.52,6.85,6.52,6.7,16000
NAVG,20110321,49.72,50.25,49.64,50,54500
NAVR,20110321,1.95,1.95,1.89,1.92,29800
NBBC,20110321,4.99,4.99,4.95,4.99,900
NBIX,20110321,6.76,6.85,6.7,6.76,125600
NBN,20110321,14.56,14.56,14.56,14.56,200
NBTB,20110321,22.19,22.45,22.19,22.42,60700
NBTF,20110321,21.2,21.2,21.2,21.2,500
NCBC,20110321,4.87,4.87,4.74,4.74,200
NCIT,20110321,22.27,23.14,22.27,23.05,34300
NCMI,20110321,17.34,17.75,17.26,17.49,161000
NCTY,20110321,6.22,6.66,6.2,6.49,30700
NDAQ,20110321,25.04,25.53,25.03,25.36,1912800
NDSN,20110321,52.965,54.895,52.405,54.535,154200
NECB,20110321,5.99,5.99,5.99,5.99,0
NEOG,20110321,39.73,39.99,39.24,39.98,72700
NEPT,20110321,2.31,2.36,2.27,2.27,22300
NETC,20110321,9.46,9.5,9.17,9.2,27400
NEWL,20110321,2.3,2.3,2.3,2.3,0
NEWP,20110321,16.16,16.45,16.11,16.33,191600
NEWS,20110321,10.76,10.92,10.73,10.81,71800
NEWT,20110321,1.64,1.71,1.63,1.68,4300
NFBK,20110321,13.37,13.7,13.35,13.69,26600
NFEC,20110321,3.2,3.2,3.01,3.09,2300
NFLX,20110321,211.75,216.68,207.55,212.84,4652600
NFSB,20110321,13.84,14.05,13.83,13.83,11300
NGPC,20110321,9.45,9.6,9.26,9.6,85700
NHTB,20110321,13.05,13.09,13.05,13.07,700
NICE,20110321,35.63,35.92,35.52,35.63,419500
NICK,20110321,12.11,12.25,12.11,12.25,1800
NIHD,20110321,38.76,39.13,38.46,38.47,1510200
NILE,20110321,52.54,54.48,51.69,53.16,304800
NINE,20110321,1.38,1.38,1.36,1.38,1100
NKSH,20110321,27.88,28.08,27.66,28.08,6400
NKTR,20110321,8.61,8.92,8.51,8.58,954400
NLST,20110321,2.3,2.35,2.26,2.3,166600
NMRX,20110321,8.54,8.8,8.46,8.48,21700
NNBR,20110321,15.19,15.78,15.12,15.53,456700
NOVB,20110321,10.45,10.47,10.45,10.45,300
NPBC,20110321,7.6,7.69,7.54,7.66,319600
NPSP,20110321,8,8.09,7.63,7.83,969100
NRCI,20110321,29.73,31.9,29.73,31.85,9900
NRIM,20110321,18.76,19.28,18.55,19.17,21300
NSEC,20110321,12.64,12.67,12.56,12.65,1000
NSIT,20110321,16.62,17.1,16.58,17.1,142300
NSPH,20110321,3.16,3.16,3.06,3.12,36600
NSSC,20110321,2.15,2.23,2.14,2.18,5000
NSYS,20110321,3.9,4.34,3.9,4.2,14300
NTAP,20110321,48.93,49.29,48.45,48.57,5465100
NTCT,20110321,26.29,26.75,26.21,26.7,314100
NTES,20110321,44.59,46.38,44.56,45.75,1649800
NTGR,20110321,31.15,32.1,31.14,32,342900
NTIC,20110321,13.18,14.56,13.18,14.18,3500
NTLS,20110321,18.49,18.69,18.35,18.69,173300
NTRI,20110321,13.66,13.7,13.49,13.58,282900
NTRS,20110321,50.56,50.84,50.29,50.43,1303800
NTSC,20110321,7.17,7.25,6.98,7.19,6700
NTSP,20110321,10.2,10.57,9.69,9.88,690700
NTWK,20110321,16.5,16.9,16.5,16.8,305500
NUAN,20110321,17.52,17.8,17.52,17.8,1775000
NUCL,20110321,41.21,41.98,41,41.8,8200
NURO,20110321,2.94,2.94,2.76,2.94,181600
NUTR,20110321,14.55,14.9,14.54,14.85,31600
NUVA,20110321,24.9,25.73,24.76,25.51,771700
NVAX,20110321,2.57,2.59,2.53,2.59,761500
NVDA,20110321,18,18.18,17.58,17.76,18801700
NVEC,20110321,53.88,54.78,53.26,54.48,92400
NVGN,20110321,0.69,0.75,0.69,0.75,6400
NVMI,20110321,9.57,9.8,9.36,9.67,228300
NVSL,20110321,8.64,8.64,7.91,8.21,4000
NVTL,20110321,5.41,5.46,5.25,5.36,559900
NWBI,20110321,12.32,12.39,12.26,12.35,547100
NWFL,20110321,26.6,27.06,26.6,26.6,7400
NWLI,20110321,162.97,163.13,159.46,160.32,5200
NWPX,20110321,22.55,22.93,22.24,22.51,23500
NWS,20110321,17.35,17.76,17.32,17.69,3228700
NWSA,20110321,16.5,16.99,16.43,16.91,12204800
NXPI,20110321,27.67,28.33,27.61,27.85,1071800
NXST,20110321,7.27,7.45,7.17,7.45,60200
NXTM,20110321,20.09,21.11,20.09,21.11,353400
NYMT,20110321,6.88,7.16,6.88,7,50900
NYMX,20110321,6.62,6.76,6.44,6.76,104800
NYNY,20110321,0.64,0.64,0.59,0.62,41500
OABC,20110321,15.62,15.84,15.5,15.82,20700
OBAF,20110321,14.09,14.25,14.05,14.24,28400
OBAS,20110321,8.65,8.65,8.65,8.65,0
OBCI,20110321,2.09,2.18,2.09,2.13,7700
OCFC,20110321,13.32,13.67,13.32,13.64,24000
OCLR,20110321,10.89,11.09,10.62,10.71,2245900
OCLS,20110321,14,14.21,13.65,13.79,24100
OCZ,20110321,7.93,8.01,7.75,7.9,339200
ODFL,20110321,22.86,23.0067,22.7467,22.9333,317400
OFED,20110321,11.56,11.56,11.56,11.56,0
OFIX,20110321,31.48,32.44,31.48,32.44,50900
OFLX,20110321,12.58,14.18,12.58,14.08,1600
OGXI,20110321,15.33,15.62,15.33,15.6,15500
OIIM,20110321,7.59,7.87,7.56,7.78,244300
OINK,20110321,4.42,4.76,4.4,4.41,24100
OKSB,20110321,13.3,13.79,13.22,13.74,48100
OKSBP,20110321,27.68,27.68,27.68,27.68,0
OLBK,20110321,9.4,9.4,9.34,9.34,600
OMAB,20110321,14.6,14.63,14.36,14.56,19200
OMCL,20110321,13.63,13.9,13.58,13.9,107300
OMER,20110321,6.14,6.19,5.97,6.06,53700
OMEX,20110321,2.44,2.48,2.4,2.45,210400
OMPI,20110321,12.16,12.59,12.15,12.4,109600
ONCY,20110321,5.7,5.82,5.69,5.73,133800
ONEQ,20110321,105.6,106.5,105.56,105.95,23400
ONFC,20110321,8.86,8.87,8.54,8.7,1600
ONNN,20110321,9.75,9.93,9.73,9.89,6976400
ONTY,20110321,3.55,3.56,3.46,3.56,95500
ONVI,20110321,4.09,4.09,4.09,4.09,0
ONXX,20110321,36.41,36.66,36.06,36.45,490100
OPEN,20110321,90.5,92.86,88.91,92.15,870900
OPHC,20110321,2.52,2.52,2.52,2.52,0
OPLK,20110321,19.61,20.3,19.29,20.3,369000
OPOF,20110321,11.61,11.61,11.61,11.61,0
OPTR,20110321,12.12,12.24,11.86,12,369400
OPTT,20110321,5.07,5.28,5.07,5.18,31000
OPXA,20110321,7.08,7.6,7.08,7.6,228600
ORBC,20110321,3.15,3.35,3.09,3.25,48300
ORBK,20110321,12.94,13.2,12.91,13.17,76900
ORBT,20110321,3.02,3.17,3,3.17,22300
ORCL,20110321,31.41,31.85,31.3,31.42,23199400
OREX,20110321,2.82,2.87,2.76,2.8,678400
ORIT,20110321,12.51,12.7,12.44,12.65,150700
ORLY,20110321,56.11,57.29,56.03,56.45,980900
ORRF,20110321,25.75,27.25,25.75,27.24,23100
OSBC,20110321,0.89,0.96,0.89,0.94,96100
OSBCP,20110321,2.83,2.9,2.25,2.86,3300
OSHC,20110321,12.46,12.5,12.13,12.5,18700
OSIR,20110321,6.37,6.66,6.37,6.61,75300
OSIS,20110321,37.04,37.18,36.54,36.78,59700
OSN,20110321,3.72,3.72,3.36,3.42,19000
OSTK,20110321,14.5,14.76,14.5,14.6,98000
OSUR,20110321,6.83,7.05,6.82,6.99,168700
OTEX,20110321,57,57.78,56.67,57.56,167400
OTIV,20110321,2.37,2.48,2.36,2.45,85600
OTT,20110321,18.79,19.14,18.79,19.1,24900
OTTR,20110321,21.87,22.1,21.78,22.1,89100
OUTD,20110321,7.23,7.44,7.21,7.43,20100
OVBC,20110321,22.76,22.76,22,22,1200
OVLY,20110321,5.93,6.25,5.91,5.91,500
OVRL,20110321,1.91,2.01,1.9,2,150700
OVTI,20110321,30.39,32.17,30.02,31.66,2839700
OXBT,20110321,2.09,2.15,2.02,2.02,20800
OXGN,20110321,0.14,0.14,0.14,0.14,0
OXLC,20110321,17.27,17.75,17.27,17.73,5300
OZRK,20110321,21.68,21.845,21.585,21.725,31700
PAAS,20110321,35.79,36.17,35.31,35.97,1213300
PACB,20110321,13.56,13.92,13.56,13.89,63900
PACR,20110321,4.74,4.93,4.74,4.87,370400
PACW,20110321,20.92,21.4,20.83,21.4,160900
PAGG,20110321,31.92,32.04,31.82,32.04,29400
PANL,20110321,44.51,46.76,44.08,46.73,953100
PATH,20110321,8.03,8.25,7.95,8.25,5200
PATK,20110321,2.28,2.28,2.28,2.28,0
PATR,20110321,24,25.43,24,25.15,8600
PAYX,20110321,31.96,32.24,31.93,32.17,2140700
PBCT,20110321,12.53,12.53,12.24,12.36,5640200
PBHC,20110321,10.15,10.15,10.15,10.15,0
PBIB,20110321,8,8.19,7.95,8.19,2600
PBIP,20110321,6.5,7.29,6.49,7.29,4800
PCAR,20110321,49.9,50.79,49.85,50.56,3406600
PCBK,20110321,9.73,9.93,9.5,9.91,30900
PCCC,20110321,8.03,8.17,7.95,8.17,17800
PCH,20110321,38.1,38.55,37.76,38.22,296100
PCLN,20110321,452.73,458.47,443.12,456.93,1033000
PCOM,20110321,9.46,9.46,9.07,9.3,20900
PCRX,20110321,7.2,7.2,7,7,9200
PCTI,20110321,6.87,7.11,6.82,7.1,42300
PCYC,20110321,5.37,5.37,5.24,5.28,326300
PCYO,20110321,3.89,4.08,3.85,3.98,4900
PDCO,20110321,31.79,32.27,31.72,31.75,510200
PDEX,20110321,2.28,2.43,2.2,2.43,7600
PDFS,20110321,5.96,6.6,5.96,6.52,152200
PDII,20110321,8.41,8.84,8.28,8.8,24800
PDLI,20110321,5.57,5.59,5.46,5.53,1955400
PEBK,20110321,6.81,6.81,6.58,6.63,1200
PEBO,20110321,12.25,12.37,12.05,12.12,16800
PEGA,20110321,33.52,34.16,33.08,33.99,171200
PEIX,20110321,0.69,0.7,0.65,0.69,896900
PENN,20110321,35.22,35.4,34.85,35,673500
PENX,20110321,5.92,5.92,5.87,5.9,52700
PEOP,20110321,13.66,13.73,13.58,13.59,21000
PERF,20110321,10.23,10.46,9.66,10.1,4800
PERY,20110321,25.67,26.05,25.15,25.35,252100
PESI,20110321,1.44,1.69,1.39,1.67,2014700
PETM,20110321,40.56,40.87,40.05,40.75,1343300
PETS,20110321,14.79,14.86,14.54,14.55,234600
PFBC,20110321,1.53,1.53,1.43,1.48,116300
PFBI,20110321,7.33,7.33,7.05,7.1,6400
PFBX,20110321,16.06,16.06,15.96,15.96,600
PFIN,20110321,3.36,3.37,3.24,3.25,16500
PFSW,20110321,3.15,3.3,3.1,3.14,70500
PGC,20110321,12.93,13.3,12.92,13.3,7400
PGNX,20110321,5.96,6.13,5.94,6.06,276900
PGTI,20110321,2.28,2.37,2.28,2.37,21000
PHII,20110321,23,23.43,22.82,23.1,7800
PHIIK,20110321,21.97,22.14,21.88,22.11,55300
PHMD,20110321,5.85,5.85,5.66,5.67,6400
PICO,20110321,28.49,28.93,28.48,28.93,47000
PKBK,20110321,9.34,9.4,9.34,9.4,3300
PKOH,20110321,19.71,20.23,19.65,20.22,48900
PLAB,20110321,8.35,8.57,8.33,8.48,874900
PLBC,20110321,3.06,3.06,2.69,2.77,3100
PLCC,20110321,1.23,1.23,1.23,1.23,0
PLCE,20110321,48.31,48.34,47.42,47.59,424800
PLCM,20110321,24.38,25.145,24.24,25.095,676700
PLNR,20110321,2.52,2.6,2.52,2.52,29100
PLPC,20110321,61.43,62.81,61.25,62.81,7900
PLTM,20110321,31.6,31.98,31.6,31.77,12400
PLUG,20110321,0.63,0.68,0.63,0.64,511800
PLUS,20110321,25.67,26.46,25.65,26.28,47600
PLXS,20110321,29.66,30,29.51,29.96,468000
PLXT,20110321,3.74,3.74,3.56,3.64,132800
PMBC,20110321,4.33,4.33,4.3,4.33,1300
PMCS,20110321,7.73,7.75,7.54,7.55,2901300
PMD,20110321,9.2,9.32,9.19,9.32,4400
PMFG,20110321,17.38,18.24,17.38,18.19,37000
PMNA,20110321,12.3,12.34,11.89,11.89,42700
PMTC,20110321,21.36,21.87,21.31,21.86,1095200
PMTI,20110321,13.51,13.79,13.43,13.65,112400
PNBK,20110321,2.24,2.24,2.24,2.24,0
PNFP,20110321,15.72,15.94,15.66,15.86,211800
PNNT,20110321,11.65,11.76,11.61,11.75,240100
PNQI,20110321,36.25,36.55,36.22,36.37,4300
PNRA,20110321,120.06,120.8,118.3,118.85,417700
PNRG,20110321,26.4,26.4,25.55,25.6,2700
PNTR,20110321,5.2,5.2,5.2,5.2,0
PODD,20110321,18.79,18.96,18.62,18.92,386900
POOL,20110321,23.98,24.24,23.88,24,324000
POPE,20110321,42.61,44.62,42.61,44,6100
POWI,20110321,37.87,37.94,37.25,37.65,202000
POWL,20110321,35.55,36.47,35.43,36.3,74000
POWR,20110321,6.85,7.14,6.77,6.92,133300
POZN,20110321,4.7,4.85,4.62,4.67,65100
PPBI,20110321,6.9,6.9,6.8,6.8,3700
PPHM,20110321,2.22,2.27,2.19,2.24,341800
PRAA,20110321,82.58,83,82.05,83,66500
PRAN,20110321,1.56,2.96,1.55,2.7,9679300
PRCP,20110321,6.5,6.57,6.13,6.29,94700
PRFT,20110321,11.66,11.88,11.3,11.48,86500
PRFZ,20110321,66.36,66.88,66.21,66.76,15400
PRGO,20110321,76.55,76.7,75.85,75.89,375300
PRGS,20110321,26.54,27.29,26.54,27.22,215800
PRGX,20110321,6.15,6.5,6.14,6.4,86600
PRIM,20110321,9.13,9.23,9.05,9.2,90800
PRKR,20110321,0.83,0.92,0.82,0.92,346800
PRLS,20110321,3.34,3.35,3.23,3.32,1700
PRMW,20110321,13.71,13.85,12.66,13.38,238400
PROV,20110321,8.43,8.43,8.25,8.26,11100
PRPH,20110321,1.19,1.27,1.11,1.23,13300
PRSC,20110321,15.44,15.8,15.39,15.55,28100
PRTS,20110321,7.57,7.81,7.5,7.81,30900
PRXI,20110321,1.68,1.77,1.67,1.77,41400
PRXL,20110321,23.68,24.38,23.68,23.99,243300
PSAU,20110321,46.3,46.98,46.3,46.66,5000
PSBH,20110321,5.1,5.31,5.1,5.27,1200
PSDV,20110321,3.91,3.97,3.88,3.91,35200
PSEC,20110321,11.97,12.15,11.97,12.12,1029300
PSEM,20110321,9.54,9.72,9.48,9.59,45200
PSMT,20110321,33.37,33.42,32.52,33.22,369200
PSTB,20110321,4.94,5.02,4.76,4.89,33800
PSTI,20110321,2.45,2.54,2.41,2.45,263100
PSTR,20110321,5.05,5.13,5.05,5.07,100700
PSUN,20110321,3.71,3.75,3.59,3.62,1378900
PTEK,20110321,0.62,0.62,0.62,0.62,0
PTEN,20110321,27.3,27.91,27.25,27.88,2427900
PTIE,20110321,8.67,8.85,8.64,8.73,270700
PTIX,20110321,1.97,1.99,1.92,1.99,7700
PTNR,20110321,18.7,18.83,18.65,18.78,328500
PTRY,20110321,14.06,14.06,13.67,13.92,132700
PTSI,20110321,11.42,11.74,11.42,11.64,12600
PTSX,20110321,0.59,0.67,0.59,0.64,5500
PULB,20110321,7.28,7.39,7.16,7.39,4700
PURE,20110321,1.54,1.66,1.45,1.51,200500
PVFC,20110321,1.95,1.98,1.92,1.92,23600
PVTB,20110321,15.1,15.46,15.03,15.46,319800
PVTBP,20110321,26.18,26.35,26.17,26.18,1200
PWER,20110321,8.5,8.57,8.34,8.38,3458100
PWOD,20110321,35.88,36.79,35.88,36.71,4000
PWRD,20110321,22.06,22.06,21.25,21.36,300400
PWX,20110321,15.38,15.55,15.06,15.55,5800
PXLW,20110321,3.36,3.41,3.29,3.34,13400
PZZA,20110321,30.29,30.78,30.2,30.47,91800
PZZI,20110321,2,2,2,2,400
QABA,20110321,24.81,24.86,24.8,24.8,1300
QADA,20110321,10.04,10.33,9.78,10.29,25500
QADB,20110321,10.19,10.25,10.08,10.19,1900
QBAK,20110321,1.78,1.78,1.78,1.78,7600
QCCO,20110321,4.15,4.23,4.1,4.16,23700
QCLN,20110321,16.3,16.32,16.18,16.26,4000
QCOM,20110321,53.34,54.11,53.03,53.63,17212000
QCOR,20110321,12.98,13.21,12.88,13.17,351800
QCRH,20110321,7.6,8.54,7.56,8.33,12500
QDEL,20110321,12.21,12.21,11.7,11.79,321600
QGEN,20110321,19.72,19.8,19.58,19.6,1269200
QKLS,20110321,75.6,75.6,69.84,70.8,49900
QLGC,20110321,17.13,17.36,17.06,17.1,1455800
QLIK,20110321,23.63,23.97,23.26,23.33,793300
QLTI,20110321,6.78,6.91,6.7,6.82,55500
QLTY,20110321,11.31,12.14,11.29,12.11,296300
QNST,20110321,22.95,23.75,22.5,23.46,151900
QQEW,20110321,24.17,24.37,24.17,24.22,8900
QQQ,20110321,55.27,55.78,54.5,55.5,57419900
QQQX,20110321,14.23,14.37,14.17,14.32,43000
QQXT,20110321,21.7,21.77,21.62,21.62,2600
QSII,20110321,40.22,40.615,39.88,40.055,238600
QTEC,20110321,25.91,26.23,25.87,26.08,253800
QTWW,20110321,4.38,4.55,4.28,4.35,152800
QUIK,20110321,4.8,4.85,4.46,4.76,225400
RADA,20110321,3.18,3.18,3.04,3.15,5700
RAIL,20110321,29.76,31.24,29.76,31.24,179100
RAND,20110321,3.19,3.21,2.85,3.01,15500
RAVN,20110321,27.43,28.275,27.38,28.27,56700
RBCAA,20110321,19.39,19.62,19.32,19.4,31000
RBCN,20110321,27.37,27.37,26.35,26.49,805200
RBNF,20110321,3.04,3.08,3.03,3.08,1000
RBPAA,20110321,1.76,1.79,1.76,1.79,5300
RCII,20110321,33.27,34.04,33.13,33.94,425000
RCKB,20110321,16.34,16.34,16.34,16.34,0
RCKY,20110321,13.98,14.75,13.83,14.55,62700
RCMT,20110321,5.11,5.17,5.1,5.17,25500
RCON,20110321,3.61,3.7,3.6,3.7,2300
RDA,20110321,12.8,12.8,12.79,12.79,11000
RDCM,20110321,10.37,10.8,10,10.53,29500
RDEN,20110321,28.08,29.06,27.56,28.66,98000
RDI,20110321,4.9,4.99,4.82,4.94,13300
RDIB,20110321,6.04,6.04,6.04,6.04,0
RDNT,20110321,3.52,3.58,3.43,3.52,270400
RDWR,20110321,17.905,18.355,17.905,18.305,241600
RECN,20110321,18.64,19.62,18.6,19.36,362300
REDF,20110321,5.55,5.84,5.38,5.78,560600
REFR,20110321,6.36,6.95,6.36,6.74,145200
REGN,20110321,38.96,40.25,38.96,39.92,400100
REIS,20110321,7.56,7.61,7.55,7.61,600
RELL,20110321,13.04,13.2,12.92,13,68200
RELV,20110321,2.03,2.15,2.02,2.02,2500
RENT,20110321,23.01,25.49,23.01,25.28,119500
REXI,20110321,6.23,6.52,6.23,6.4,12300
REXX,20110321,11.46,11.88,11.23,11.48,798000
RFIL,20110321,3.92,4.19,3.91,4,12300
RFMD,20110321,6.17,6.29,6.12,6.17,4530900
RGCO,20110321,15.625,15.625,15.625,15.625,0
RGDX,20110321,2.07,2.14,2.07,2.14,2000
RGEN,20110321,3.76,3.79,3.71,3.75,64600
RGLD,20110321,50.99,50.99,50.09,50.33,580400
RICK,20110321,10.25,10.39,10.11,10.27,39400
RIGL,20110321,6.99,6.99,6.76,6.82,207300
RIMG,20110321,15.19,15.3,15.04,15.29,23500
RITT,20110321,4.37,4.71,4.27,4.45,19200
RIVR,20110321,14.53,14.87,14.53,14.87,500
RJET,20110321,6.05,6.2,5.97,6.07,602500
RLOC,20110321,20.76,22.11,20.59,21.59,247100
RLOG,20110321,7.81,7.91,7.69,7.69,3000
RMBS,20110321,19.43,19.5,19.24,19.32,651700
RMCF,20110321,10.28,10.41,10.28,10.29,4800
RMKR,20110321,1.19,1.27,1.19,1.26,1800
RMTI,20110321,8.99,9.14,8.97,9.09,21600
RNET,20110321,18.14,18.49,18.14,18.25,42900
RNIN,20110321,6.45,6.5,6,6.15,258700
RNST,20110321,15.63,15.92,15.63,15.92,34400
RNWK,20110321,3.94,4.04,3.92,3.99,429800
ROCK,20110321,10.74,10.94,10.68,10.87,58700
ROCM,20110321,10.56,10.69,10.37,10.63,18500
ROIA,20110321,1.76,1.81,1.71,1.71,6000
ROIAK,20110321,1.66,1.77,1.66,1.75,316400
ROIC,20110321,11.23,11.3,11.09,11.16,433300
ROICW,20110321,1.1,1.2,1.08,1.1,144100
ROLL,20110321,34.43,34.92,34.31,34.81,179900
ROMA,20110321,10.66,10.81,10.6,10.81,18500
ROSE,20110321,45.63,46.39,45.16,45.64,718700
ROSG,20110321,7.65,8.25,7.65,7.65,75500
ROST,20110321,34.895,35.02,34.135,34.305,1884900
ROVI,20110321,54.13,55,54.13,54.68,1607600
ROYL,20110321,5.23,5.23,4.9,5,1675300
RP,20110321,24.71,25.38,23.78,25.38,353500
RPRX,20110321,5.46,5.46,5.24,5.29,202100
RPTP,20110321,3.55,3.55,3.45,3.46,95700
RRD,20110321,17.99,18.21,17.92,18.07,1429800
RRGB,20110321,24.73,25.8,24.47,25.44,462600
RRST,20110321,7.54,7.61,7.4,7.53,4500
RSOL,20110321,2.36,2.5,2.36,2.41,21600
RSTI,20110321,37.19,37.97,37.06,37.53,174800
RSYS,20110321,8.22,8.58,8.18,8.52,47200
RTEC,20110321,10.1,10.36,10.04,10.35,206500
RTIX,20110321,2.72,2.76,2.69,2.76,92400
RUE,20110321,29.1,29.13,27.65,28.31,757300
RUSHA,20110321,19.03,19.29,18.97,19.29,197300
RUSHB,20110321,16.55,16.66,16.49,16.66,3000
RUTH,20110321,4.76,4.86,4.76,4.86,156900
RVBD,20110321,37.82,39.05,37.38,38.73,3793500
RVSB,20110321,3.07,3.07,3.01,3.06,29000
RYAAY,20110321,27.17,27.51,27.05,27.48,481200
SAAS,20110321,3.08,3.17,3.05,3.1,42400
SAFM,20110321,47.93,48.12,46.76,47.38,493400
SAFT,20110321,44.13,45.1,44.13,45.08,84300
SAIA,20110321,15.16,16.02,15.15,15.76,146000
SALM,20110321,3.8,3.97,3.8,3.85,2600
SANM,20110321,10.63,10.82,9.95,10.22,3598700
SANW,20110321,4,4.05,4,4.05,2600
SANWW,20110321,0.4,0.4,0.4,0.4,0
SANWZ,20110321,0.15,0.15,0.15,0.15,100
SAPE,20110321,10.89,11.17,10.88,11.02,453300
SASR,20110321,17,18.25,16.96,18.04,107400
SATS,20110321,35.37,35.97,34.66,35.06,369500
SBAC,20110321,38.12,38.4,36.36,37.03,9386000
SBBX,20110321,5.71,5.87,5.7,5.87,1900
SBCF,20110321,1.61,1.61,1.52,1.54,108300
SBGI,20110321,11.57,12.32,11.54,12.2,811600
SBLK,20110321,37.35,37.65,36.6,36.9,146300
SBNY,20110321,54.54,55.03,54.21,54.6,137300
SBNYW,20110321,33.47,33.47,33.47,33.47,0
SBRA,20110321,17.98,18.39,17.94,18.12,196300
SBSA,20110321,0.98,1.01,0.94,0.97,45300
SBSI,20110321,21.48,21.8,21.27,21.77,25100
SBUX,20110321,35.4,35.56,35.15,35.31,5085700
SCBT,20110321,32.54,32.61,31.89,32.51,35200
SCHL,20110321,30.89,31.7,30.36,31.63,135100
SCHN,20110321,63.78,63.82,61.93,63.75,217300
SCLN,20110321,3.71,3.92,3.55,3.92,621700
SCMP,20110321,3.95,4.01,3.95,4,19700
SCOK,20110321,10.32,10.55,10.05,10.36,169100
SCON,20110321,30.84,34.56,30.6,32.76,710800
SCOR,20110321,27.7,28.11,27.21,27.78,96200
SCSC,20110321,35.02,36.38,35.02,36.21,54600
SCSS,20110321,11.89,11.94,11.11,11.62,749500
SCVL,20110321,18.04,18.1467,17.8933,18.0267,77000
SDBT,20110321,2.61,2.72,2.6,2.6,19200
SDIX,20110321,2.27,2.27,2.14,2.17,27000
SEAC,20110321,8.95,9.34,8.93,9.31,161700
SEED,20110321,7.84,7.84,7.77,7.79,91800
SEIC,20110321,22.49,22.75,22.44,22.63,423800
SENEA,20110321,27.76,28.33,27.68,28.19,34500
SENEB,20110321,27.5,27.5,27.5,27.5,0
SFLY,20110321,42.78,43.17,41.99,43.03,595200
SFNC,20110321,27.51,27.65,27.21,27.5,37100
SFST,20110321,7.88,8.2,7.88,7.88,400
SGC,20110321,11.65,11.74,11.07,11.23,3900
SGEN,20110321,14.57,14.88,14.38,14.55,859200
SGI,20110321,17.65,18.09,17.61,17.96,398000
SGMA,20110321,5.24,5.64,5.24,5.63,15600
SGMO,20110321,7.32,7.64,7.25,7.52,406300
SGMS,20110321,8.77,9.08,8.72,9.01,424400
SGOC,20110321,4.18,4.26,4.18,4.26,1800
SGRP,20110321,1.64,1.9,1.51,1.7,22100
SHBI,20110321,9.85,9.96,9.79,9.96,4700
SHEN,20110321,16.93,17.57,16.93,17.5,41300
SHFL,20110321,10.56,10.91,10.56,10.78,388000
SHIP,20110321,0.63,0.66,0.62,0.65,163700
SHLD,20110321,82.01,82.46,79.67,79.76,715400
SHLM,20110321,22.77,23.26,22.77,22.97,153300
SHLO,20110321,10.78,11.13,10.78,11.13,7900
SHOO,20110321,28.66,29.54,28.66,29.2467,155300
SHOR,20110321,7.69,7.8,7.53,7.63,241000
SIAL,20110321,62.45,63.47,62.17,63.46,1006400
SIEB,20110321,1.8,1.81,1.8,1.81,200
SIFI,20110321,9.68,9.75,9.63,9.63,11400
SIFY,20110321,3.27,3.4,3.23,3.34,1056800
SIGA,20110321,12.41,12.41,11.91,12.11,431300
SIGI,20110321,16.59,16.77,16.55,16.77,85300
SIGM,20110321,12.36,12.8,12.36,12.52,351200
SILC,20110321,17.38,17.67,17.05,17.57,41200
SIMG,20110321,8.75,8.93,8.66,8.83,628600
SIMO,20110321,7.65,7.83,7.64,7.83,202100
SINA,20110321,90.1,93.25,89.79,93.05,2787900
SINO,20110321,2.08,2.1,2.08,2.1,2300
SIRI,20110321,1.71,1.73,1.7,1.72,34178200
SIRO,20110321,49.38,49.76,48.69,49,358600
SIVB,20110321,54.35,54.73,53.67,54.5,1017900
SIVBO,20110321,24.26,24.52,24.26,24.36,1300
SKBI,20110321,5.53,5.59,5.32,5.36,40900
SKYW,20110321,16.4,16.69,16.35,16.48,260400
SLAB,20110321,42.29,42.54,41.95,42.3,715400
SLGN,20110321,36.48,37.71,36.17,37.42,189300
SLMAP,20110321,42.55,42.94,42.51,42.64,7500
SLP,20110321,3.06,3.11,3.04,3.06,48100
SLRC,20110321,23.54,23.69,23.4,23.53,99600
SLTC,20110321,5.53,5.8,5.5,5.68,2700
SLTM,20110321,3.11,3.22,3.01,3.22,181300
SLXP,20110321,33.51,33.81,33.03,33.41,691500
SMBC,20110321,23.9,23.91,23.9,23.91,200
SMCI,20110321,14.99,15.24,14.87,15.21,151200
SMED,20110321,4.61,4.75,4.59,4.72,49400
SMIT,20110321,4,4,4,4,4000
SMMF,20110321,4.06,4.09,4.06,4.06,200
SMRT,20110321,9.77,9.98,9.71,9.97,151800
SMSI,20110321,8.71,8.92,8.45,8.6,670800
SMT,20110321,9.36,9.45,9.31,9.33,607300
SMTC,20110321,23.53,23.86,23.35,23.71,342700
SMTX,20110321,2.7,2.73,2.65,2.72,222100
SNAK,20110321,3.87,3.95,3.76,3.93,71500
SNBC,20110321,3.17,3.35,3.15,3.33,500100
SNCR,20110321,32.05,33.34,31.56,33.25,579800
SNDK,20110321,44.42,44.44,43.56,44.14,9649900
SNFCA,20110321,1.7,1.7,1.7,1.7,0
SNHY,20110321,26.9533,27.56,26.8267,27.1733,86900
SNMX,20110321,5.88,6.01,5.66,5.83,171400
SNPS,20110321,26.82,27.29,26.78,27.2,800900
SNSS,20110321,1.81,1.88,1.8,1.84,232400
SNTA,20110321,4.75,5.03,4.75,5.03,159600
SNTS,20110321,3.34,3.39,3.21,3.3,296300
SOCB,20110321,3.52,3.55,3.39,3.45,1900
SODA,20110321,41.74,42.9,41.27,41.58,241500
SOFO,20110321,14.29,14.63,14.29,14.63,2900
SOHU,20110321,78.81,81.33,78.49,79.78,917900
SOMH,20110321,8.76,8.76,8.76,8.76,0
SONA,20110321,7.21,7.21,7.21,7.21,300
SONC,20110321,8.95,9.2,8.9,9.2,1101500
SONS,20110321,3.49,3.54,3.39,3.44,2888200
SORL,20110321,6.63,6.68,6.54,6.65,33300
SOXX,20110321,57.42,58.1,57.42,57.78,251400
SPAN,20110321,15.6,15.7,15.6,15.7,600
SPAR,20110321,6.23,6.46,6.23,6.46,173400
SPBC,20110321,11.08,11.09,10.98,11.02,800
SPCHA,20110321,2.09,2.09,2,2.02,700
SPCHB,20110321,2.24,2.24,2.24,2.24,100
SPEX,20110321,8.6,8.6,8,8.4,20800
SPIL,20110321,6.21,6.27,6.17,6.2,1039300
SPIR,20110321,4.51,4.85,4.5,4.66,11600
SPLS,20110321,20.07,20.2,19.93,19.99,13146900
SPMD,20110321,6.7,7.11,6.55,6.74,393100
SPNC,20110321,4.56,4.6,4.47,4.52,96400
SPNS,20110321,3.86,3.94,3.74,3.89,31600
SPPI,20110321,7.92,7.99,7.81,7.91,606300
SPPR,20110321,1.7,1.79,1.65,1.77,73600
SPPRO,20110321,27,27.1,26.42,26.42,2100
SPPRP,20110321,9.61,9.61,9.4,9.45,1700
SPRD,20110321,18.78,19.52,18.5,19.29,1234900
SPRO,20110321,2.19,2.23,2.19,2.23,2300
SPRT,20110321,5.59,5.77,5.53,5.62,186200
SPSC,20110321,14.74,14.74,13.68,14.48,16900
SPTN,20110321,14.88,14.94,14.68,14.94,66900
SPU,20110321,4.31,4.55,4.3,4.35,107700
SQI,20110321,12.54,13.4,12.45,13.16,6400
SQNM,20110321,5.98,5.99,5.86,5.93,1231400
SQQQ,20110321,114.32,114.96,111.2,113.16,1210100
SRCE,20110321,18.09,18.61,18.09,18.61,23600
SRCL,20110321,86.24,86.5,85.27,86.02,757800
SRDX,20110321,12.52,12.79,12.25,12.64,71400
SSBI,20110321,6.93,6.93,6.93,6.93,200
SSFN,20110321,5.91,5.91,5.91,5.91,0
SSNC,20110321,19.05,19.5,19.02,19.5,103000
SSRI,20110321,28.2,28.89,27.94,28.65,1044700
SSRX,20110321,16.47,17,16.11,16.23,111800
SSYS,20110321,46.26,48.91,46.07,48.82,469700
STAA,20110321,5.47,5.5,5.43,5.5,79600
STAN,20110321,17.53,18.03,17.52,17.9,45500
STBA,20110321,21.27,21.39,21.1,21.3,69700
STEC,20110321,19.05,19.64,18.83,19.43,1500500
STEI,20110321,7.35,7.52,7.29,7.52,248600
STEL,20110321,13.75,14.26,13.75,14.26,44900
STEM,20110321,0.83,0.85,0.83,0.85,397000
STFC,20110321,16.76,17.19,16.68,17.18,40500
STKL,20110321,6.49,6.64,6.46,6.62,201500
STLD,20110321,18.37,18.39,18.04,18.19,3136400
STLY,20110321,5,5.5,5,5.38,51500
STMP,20110321,12.88,12.98,12.8,12.85,37700
STND,20110321,14.85,14.85,14.81,14.85,5100
STNR,20110321,44.71,46.18,43.09,45.79,45500
STRA,20110321,130.85,133.72,130.03,130.98,182300
STRL,20110321,14.96,15.37,14.83,15,97100
STRM,20110321,1.89,1.89,1.8,1.8,8700
STRN,20110321,7.72,7.91,7.51,7.71,30300
STRS,20110321,11.35,13,11.32,12.51,3200
STRT,20110321,33.5,33.5,32.19,32.85,2100
STSA,20110321,16.92,17.34,16.92,17.25,62800
STX,20110321,13.26,13.54,13.2,13.5,10080600
STXS,20110321,35.7,36.7,35.3,36.2,304400
SUBK,20110321,20.86,20.98,20.58,20.91,24700
SUMR,20110321,7.04,7.13,6.99,7.1,79200
SUNS,20110321,18.73,18.99,18.71,18.99,58000
SUPX,20110321,21.06,21.4,21.05,21.21,24400
SURG,20110321,5.48,5.84,5.47,5.79,417300
SUSQ,20110321,9.06,9.19,8.95,9.18,962500
SUTR,20110321,1.67,1.8,1.62,1.71,153500
SVA,20110321,4.52,4.54,4.43,4.48,77900
SVBI,20110321,4.62,4.96,4.62,4.62,600
SVNT,20110321,9.33,9.48,9.25,9.34,1826500
SWHC,20110321,3.49,3.51,3.44,3.5,515600
SWIR,20110321,10.92,10.97,10.66,10.74,159800
SWKS,20110321,30.52,31.3,30.21,31.18,2957800
SWSH,20110321,6.12,6.16,6.02,6.16,234000
SYBT,20110321,24.65,24.82,24.39,24.75,19500
SYBTP,20110321,11.67,11.7,11.67,11.7,1000
SYKE,20110321,18.81,19.02,18.52,18.82,267800
SYMC,20110321,17.4,17.78,17.38,17.67,7232600
SYMM,20110321,5.86,6.02,5.74,5.9,98800
SYMX,20110321,1.67,1.7,1.51,1.57,309100
SYNA,20110321,26.96,27.49,26.87,27.06,373800
SYNL,20110321,13.55,13.74,13.43,13.43,1800
SYNM,20110321,22.1,22.5,21.5,22.1,383000
SYNT,20110321,49.62,50.54,49.3,50.13,125200
SYPR,20110321,4,4.43,3.97,4.43,7200
SYUT,20110321,11.39,11.69,11.26,11.62,86900
TACT,20110321,10.62,11.16,10.56,11,59300
TAIT,20110321,1.46,1.46,1.46,1.46,0
TASR,20110321,3.84,3.92,3.79,3.83,488500
TAST,20110321,9.1,9.31,9.05,9.31,65800
TATT,20110321,5.39,5.4,5.3,5.4,1900
TAXI,20110321,8.23,8.43,8.23,8.4,48800
TAYC,20110321,9.93,10.13,9.84,10.13,17500
TAYCP,20110321,25.06,25.28,24.84,25.28,6300
TAYD,20110321,5.8,5.8,5.5,5.6,49600
TBAC,20110321,2.79,2.79,2.61,2.61,6900
TBBK,20110321,9.7,9.72,9.17,9.55,140200
TBNK,20110321,19.41,19.74,19.41,19.74,19600
TBOW,20110321,4.94,4.95,4.84,4.94,15000
TCBI,20110321,26,26.48,25.92,26.29,216500
TCBIW,20110321,15.6,15.6,15.6,15.6,0
TCBK,20110321,14.96,14.96,14.75,14.96,17100
TCCO,20110321,10,10.1,9.9,10.1,3800
TCRD,20110321,13.43,13.53,13.41,13.53,13700
TEAR,20110321,1.73,1.89,1.71,1.8,81100
TECD,20110321,48.78,49.74,48.76,49.17,380700
TECH,20110321,71.6,72.25,70.68,71.34,87000
TECUA,20110321,8.8,9.55,8.76,9.48,462600
TECUB,20110321,8.54,9.14,8.41,8.91,6000
TELK,20110321,28.5,29.7,25.2,25.5,155500
TESO,20110321,19.96,21.79,19.96,21.55,415300
TESS,20110321,12.12,12.3,11.76,12.3,24000
TFCO,20110321,3.27,3.28,3.27,3.27,1300
TFM,20110321,40.75,41.94,39.61,40.33,148500
TFSL,20110321,10.71,10.75,10.6,10.68,343800
TGA,20110321,13.66,14.39,13.63,14.1,326600
TGE,20110321,7.64,7.89,7.57,7.73,1423000
THFF,20110321,30.52,30.84,30.27,30.84,23700
THLD,20110321,1.69,1.77,1.67,1.7,416500
THOR,20110321,26.36,26.7,26.15,26.34,554500
THRD,20110321,20.97,21.75,20.97,21.56,1600
THRX,20110321,22.33,22.87,22,22.82,523300
THTI,20110321,3.75,3.8,3.75,3.8,3300
TIBX,20110321,24.23,24.61,24.21,24.58,1309000
TICC,20110321,10,10.13,9.99,10.1,275500
TIGR,20110321,4.38,4.4,4.35,4.4,2000
TINY,20110321,5.1,5.15,5,5.15,207900
TISA,20110321,1.25,1.3,1.25,1.3,4800
TITN,20110321,25.81,28.07,25.81,27.2,297500
TIVO,20110321,8.51,8.73,8.5,8.65,4448500
TKMR,20110321,3.62,3.76,3.58,3.63,39200
TLAB,20110321,5.03,5.04,4.88,4.92,11832300
TLF,20110321,4.81,4.85,4.81,4.85,700
TMNG,20110321,2.35,2.46,2.35,2.35,300
TNAV,20110321,10.88,10.88,10.6,10.85,96200
TOFC,20110321,8.76,8.9,8.76,8.84,4700
TOPS,20110321,0.87,0.88,0.8,0.8,47600
TORM,20110321,17.69,17.8,17.19,17.73,31900
TOWN,20110321,14.21,14.89,14.21,14.88,35000
TPGI,20110321,3.06,3.09,2.97,3.02,50500
TQNT,20110321,12.21,12.52,12.16,12.5,3088400
TQQQ,20110321,37.97,39,37.81,38.405,497300
TRAK,20110321,21.05,21.88,21.05,21.85,192000
TREE,20110321,6,6.13,5.85,5.88,11400
TRGT,20110321,25.15,25.32,24.86,25.3,143800
TRIB,20110321,9.45,9.47,9.4,9.44,14300
TRIT,20110321,11.26,11.32,10.62,10.67,60300
TRLG,20110321,22.18,22.3,21.76,21.95,466300
TRMB,20110321,23.37,23.595,23.235,23.505,620200
TRMD,20110321,58.8,59.2,58.3,59,14900
TRMK,20110321,22.56,22.97,22.28,22.85,315300
TRNS,20110321,8,8,8,8,0
TRNX,20110321,20.03,20.28,19.05,19.2,197700
TROW,20110321,63.05,63.8,62.87,63.68,1531300
TRS,20110321,18.13,19.09,18.07,19.02,214100
TRST,20110321,5.64,5.75,5.57,5.65,233000
TSBK,20110321,5.61,5.62,5.6,5.6,2400
TSCO,20110321,54.73,55.2,54.1,54.96,570500
TSEM,20110321,19.95,20.1,19.5,19.95,1124200
TSLA,20110321,23.01,23.05,22.54,22.73,411600
TSON,20110321,3.19,3.25,3.05,3.14,46900
TSPT,20110321,7.84,8.37,7.7,8.37,13600
TSRA,20110321,16.91,17.25,16.86,17.2,322900
TSRI,20110321,4.87,4.87,4.87,4.87,0
TSRX,20110321,5.44,5.67,5.44,5.5,22900
TST,20110321,3.04,3.14,3.03,3.14,127500
TSTC,20110321,6.65,6.82,6.6,6.82,192200
TSYS,20110321,4.13,4.21,4.05,4.07,390200
TTEC,20110321,18.9,19,18.22,18.67,319500
TTEK,20110321,23.42,23.8,23.3,23.79,152500
TTGT,20110321,7.58,8.16,7.57,8.13,71400
TTHI,20110321,4.69,5.04,4.21,4.61,221500
TTMI,20110321,16.25,16.77,16.15,16.68,758100
TTWO,20110321,15.15,15.46,15.12,15.18,922600
TUES,20110321,4.79,4.92,4.6,4.74,123700
TWER,20110321,4.6,4.69,4.25,4.26,508800
TWGP,20110321,23.83,24.12,23.82,24.02,386000
TWIN,20110321,29.47,30.7,29.47,30.5,84400
TWMC,20110321,1.6,1.65,1.56,1.63,23300
TWTC,20110321,18.66,18.95,18.49,18.81,932600
TXCC,20110321,2.6,2.64,2.52,2.58,42700
TXN,20110321,33.58,34.12,33.41,33.68,7153500
TXRH,20110321,16.24,16.4,16.22,16.26,372500
TYPE,20110321,13.6,13.69,13.38,13.57,199000
TZOO,20110321,47.53,49.92,47.31,49.87,310400
UACL,20110321,15.2,16.43,15.2,16.43,19400
UBCP,20110321,8.29,8.3,8.27,8.3,2500
UBFO,20110321,3.33,3.35,3.33,3.33,2300
UBNK,20110321,15.96,15.96,15.65,15.85,14500
UBOH,20110321,9.01,9.06,9.01,9.06,900
UBSH,20110321,11.33,11.53,11.2,11.53,36800
UBSI,20110321,26.66,26.97,26.62,26.87,113500
UCBA,20110321,7.26,7.26,7.09,7.09,10200
UCBI,20110321,1.97,2.02,1.96,1.98,1205400
UCFC,20110321,1.4,1.4,1.34,1.38,4700
UCTT,20110321,9.07,9.36,9.03,9.25,102700
UEIC,20110321,27.53,28.23,27.53,27.98,37900
UEPS,20110321,9.12,9.32,8.94,8.97,166600
UFCS,20110321,18.74,19.11,18.66,19.03,92200
UFPI,20110321,36.86,37.57,36.64,37.11,94500
UFPT,20110321,17.11,17.22,16.25,16.52,110900
UG,20110321,14.74,14.74,14.16,14.38,1100
UHAL,20110321,90.29,94.51,89.51,92.61,71600
ULBI,20110321,5.11,5.25,5.03,5.07,79800
ULGX,20110321,0.6,0.6,0.55,0.6,10100
ULTA,20110321,47.18,47.93,46.19,47.25,578100
ULTI,20110321,53.29,55.55,53.29,55.55,132900
ULTR,20110321,5.04,5.06,4.93,5.01,104700
UMBF,20110321,38.31,38.69,38.12,38.67,110300
UMPQ,20110321,10.85,11,10.81,10.98,460500
UNAM,20110321,9.36,9.87,8.89,9.85,4000
UNB,20110321,19.01,19.14,19,19.14,1200
UNFI,20110321,42.19,43.01,42.19,42.97,291500
UNIS,20110321,5.5,5.7,5.4,5.61,336900
UNTD,20110321,6.04,6.09,5.88,5.92,781600
UNTK,20110321,9.14,9.14,8.75,8.81,88800
UNTY,20110321,6.95,6.95,6.95,6.95,600
UNXL,20110321,7.94,8.44,7.85,7.85,52500
UPI,20110321,5.58,6,5.56,5.91,301400
URBN,20110321,31.42,31.82,31.29,31.79,1984200
URRE,20110321,23,23.4,19.6,21.3,14286100
USAK,20110321,12.31,12.7,12.25,12.7,13300
USAP,20110321,32.25,32.5,32.2,32.47,24300
USAT,20110321,2.2,2.25,2,2.03,402100
USATP,20110321,18.37,18.37,18.37,18.37,0
USATZ,20110321,1.14,1.14,1.1,1.1,12700
USBI,20110321,8,8.04,8,8,2600
USCR,20110321,9.93,9.93,9.7,9.7,176600
USEG,20110321,5.85,5.91,5.62,5.83,319600
USLM,20110321,38.47,39.18,38.18,39.18,7500
USMO,20110321,13.73,13.76,13.56,13.67,262500
USTR,20110321,34.22,34.555,33.875,34.18,93300
UTEK,20110321,24.37,24.63,24.08,24.47,172400
UTHR,20110321,66.36,67.57,65.65,65.8,584000
UTIW,20110321,18.99,19.19,18.88,19.13,153300
UTMD,20110321,26.7,26.7,26.28,26.48,2200
UTSI,20110321,7.05,7.17,6.9,7.11,723200
UVSP,20110321,17.39,17.45,17.05,17.22,20200
VALU,20110321,14.07,14.21,14.03,14.07,12100
VALV,20110321,5.03,5.1,4.9,5.03,48400
VASC,20110321,11.04,11.2,11.04,11.18,24400
VBFC,20110321,3.06,3.06,3,3,2000
VCBI,20110321,5.7,5.78,5.65,5.76,62700
VCIT,20110321,80.05,80.37,79.64,79.96,89200
VCLK,20110321,14.4,14.52,14.2,14.42,759300
VCLT,20110321,77.9,78.13,77.3,77.82,10400
VCSH,20110321,78.1,78.2,77.93,78,270700
VDSI,20110321,11.61,11.92,10.78,11.12,549200
VECO,20110321,48.9,51,48.53,50.84,1650100
VELT,20110321,12.13,12.3,11.66,11.84,389000
VGIT,20110321,61.23,61.33,61.1,61.23,2200
VGLT,20110321,59.98,60.13,59.87,60.07,4500
VGSH,20110321,60.63,60.65,60.58,60.64,3600
VIA,20110321,50.77,51.19,50.63,50.99,17000
VIAB,20110321,44.51,44.87,44.31,44.68,2700700
VIAS,20110321,27.92,28.27,27.92,28.13,63200
VICL,20110321,2.55,2.63,2.49,2.51,625700
VICR,20110321,15.18,15.5,15.01,15.3,130600
VIDE,20110321,3.94,3.94,3.94,3.94,0
VIFL,20110321,4.4,4.5,4.35,4.5,6000
VIMC,20110321,2.89,2.92,2.78,2.89,69900
VIRC,20110321,3.5,3.5,3.3,3.31,2400
VISN,20110321,81.8,84,78.8,81.6,357400
VIVO,20110321,21.34,21.65,21.33,21.54,132400
VLCCF,20110321,23.75,25.12,23.75,25.09,217700
VLGEA,20110321,27.7,28.89,27.64,28.89,26700
VLTR,20110321,22.1,23.05,22.1,22.82,158600
VLYWW,20110321,2.01,2.1,2,2.1,1000
VMBS,20110321,50.5,50.65,50.4,50.62,10400
VMED,20110321,27.43,27.55,27.15,27.33,2349200
VNDA,20110321,7.16,7.37,7.11,7.2,93300
VNQI,20110321,49.61,49.97,49.32,49.92,49000
VOCS,20110321,23.66,24.31,23.42,23.81,67500
VOD,20110321,28.94,28.94,28.65,28.8,8681200
VOLC,20110321,24.62,25.97,24.62,25.95,841900
VONE,20110321,59.62,59.68,59.56,59.6,5500
VONG,20110321,60.56,60.56,60.41,60.51,2900
VONV,20110321,58.82,59,58.64,58.87,6300
VOXX,20110321,7.74,8.03,7.74,8.01,72600
VPFG,20110321,13.25,13.29,13.1,13.19,55700
VPHM,20110321,19.4,19.56,19.15,19.41,1082100
VPRT,20110321,49.29,49.83,48.71,49.26,247600
VRA,20110321,39.28,39.85,38.56,39.36,188700
VRML,20110321,4.17,4.27,4.02,4.13,98100
VRNM,20110321,3.29,3.33,3.26,3.31,46500
VRNT,20110321,33.18,34.17,33.18,34.04,36200
VRSK,20110321,31.6,32.15,31.6,31.91,431600
VRSN,20110321,35.37,35.81,35.14,35.5,1512700
VRTA,20110321,1.36,1.36,1.36,1.36,0
VRTB,20110321,1.59,1.59,1.54,1.54,5800
VRTS,20110321,53.6,55.19,53.03,55.18,64400
VRTU,20110321,17.05,17.6,17.04,17.6,45200
VRTX,20110321,44.9,45.61,44.88,45.29,1804600
VSAT,20110321,38.35,39.17,38.35,39.17,148700
VSBN,20110321,11.72,11.72,11.72,11.72,100
VSCI,20110321,1.97,2.04,1.95,2.03,47900
VSCP,20110321,1.55,1.75,1.55,1.7,160100
VSEC,20110321,29.6,30.19,29.52,29.98,12200
VTHR,20110321,59.71,59.96,59.7,59.87,13300
VTNC,20110321,14.28,14.4,14.1,14.19,42800
VTSS,20110321,5.14,5.19,4.85,4.99,90700
VTUS,20110321,10.3,10.89,9.49,9.74,45600
VTWG,20110321,65.2,65.6,65.11,65.5,18500
VTWO,20110321,63.5,64.16,63.48,64.16,30800
VTWV,20110321,62.14,62.33,62.12,62.24,9700
VVTV,20110321,6.73,6.87,6.61,6.85,299400
VVUS,20110321,6.34,6.56,6.29,6.49,1386000
VXUS,20110321,49.56,49.9,49.56,49.85,63500
VYFC,20110321,4.86,4.86,4.86,4.86,500
WABC,20110321,51.1,51.68,50.95,51.37,132100
WAFD,20110321,17.25,17.34,17.12,17.21,364700
WASH,20110321,22.61,23.48,22.61,23.48,22000
WAVX,20110321,3.21,3.28,2.92,2.99,735300
WAYN,20110321,8.35,8.35,8.35,8.35,500
WBCO,20110321,13.89,14.1,13.82,14.1,32000
WBKC,20110321,13.59,13.6,13.57,13.57,300
WBMD,20110321,54.23,54.39,52.82,53.42,751000
WBSN,20110321,22.58,23.38,22.41,23.23,390800
WCRX,20110321,22.89,22.9,22.53,22.65,2051200
WDC,20110321,34.29,34.9,34.1,34.38,3568100
WDFC,20110321,40.93,41.75,40.93,41.75,37300
WEBM,20110321,8.68,9.1,8.33,8.82,157400
WERN,20110321,25.38,25.57,25.29,25.47,969600
WEYS,20110321,23.69,24.02,23.53,24.02,4100
WFD,20110321,8.75,8.75,8.59,8.65,39400
WFM,20110321,61.05,62.14,60.78,61.73,1822600
WIBC,20110321,4.91,4.96,4.8,4.87,617300
WILC,20110321,7.65,7.78,7.51,7.78,104200
WIN,20110321,13.01,13.03,12.8,12.81,8905800
WINA,20110321,39,39.75,38.06,38.92,15300
WIRE,20110321,22.54,23.12,22.54,23.04,69000
WLDN,20110321,3.99,4,3.78,3.86,3900
WLFC,20110321,13.1,13.21,13,13.05,18700
WMAR,20110321,9.94,10.45,9.94,10.44,19700
WMGI,20110321,16.69,17.55,16.69,17.41,678500
WOOD,20110321,48.39,48.66,48.19,48.36,56100
WOOF,20110321,24.67,24.81,24.4,24.45,254700
WPCS,20110321,2.52,2.55,2.35,2.36,101700
WPPGY,20110321,62.65,63.02,62.4,62.66,66300
WPRT,20110321,18.34,18.98,18.22,18.66,743800
WRES,20110321,4.35,4.53,4.33,4.51,802500
WRLD,20110321,61.07,64,60.62,63.76,171700
WRLS,20110321,6.55,6.63,6.49,6.59,33500
WSB,20110321,3.35,3.35,3.35,3.35,300
WSBC,20110321,20.12,20.47,20.07,20.47,38000
WSBF,20110321,2.67,3.01,2.67,3.01,11600
WSCI,20110321,5.04,5.27,5.01,5.1,16400
WSFS,20110321,43.53,46.27,43.53,45.73,78700
WSTG,20110321,13.22,14.15,13.18,14.11,16700
WSTL,20110321,3.45,3.58,3.4,3.51,487900
WTBA,20110321,7.21,7.45,7.21,7.45,16800
WTFC,20110321,35.15,35.45,34.85,35.16,169600
WTFCW,20110321,17.35,17.35,17.35,17.35,2500
WVFC,20110321,8.89,8.89,8.89,8.89,0
WVVI,20110321,3.19,3.19,3.05,3.11,2900
WWD,20110321,32.32,33.47,32.32,33.11,177200
WWWW,20110321,13.28,13.59,13.14,13.54,268000
WYNN,20110321,117.5,122.64,117.38,121.76,2526400
XBKS,20110321,4.76,5.41,4.76,4.97,2200
XIDE,20110321,10.7,11.01,10.57,10.96,690200
XLNX,20110321,32.03,32.81,32.02,32.3,3347800
XNPT,20110321,5.83,6.3,5.79,6.26,6438900
XOMA,20110321,4.61,4.77,4.57,4.74,460000
XRAY,20110321,35.55,36.07,35.48,35.73,748700
XRTX,20110321,11.09,11.39,11.09,11.38,350900
XTEX,20110321,17,17.2,16.86,16.96,100600
XTXI,20110321,10.2,10.53,10.03,10.52,501900
XWES,20110321,3.68,3.85,3.68,3.73,7500
XXIA,20110321,14.78,15.57,14.78,15.53,656800
YAVY,20110321,2.36,2.4,2.27,2.34,16500
YHOO,20110321,16.18,16.5,16.16,16.29,20617000
YORW,20110321,16.44,16.89,16.44,16.89,25400
YRCW,20110321,1.84,2.2,1.6,1.86,7516400
ZAGG,20110321,6.75,6.93,6.39,6.62,1223200
ZBRA,20110321,36.38,37.25,36.23,37.1,318000
ZEUS,20110321,29.99,30.46,29.71,30.26,46900
ZGNX,20110321,5.34,5.4,4.91,5.01,96500
ZHNE,20110321,2.3,2.3,2.22,2.29,38800
ZIGO,20110321,13.36,13.91,13.31,13.91,41300
ZINC,20110321,16.32,16.59,16.12,16.44,509300
ZION,20110321,23.1,23.22,22.91,23.03,3082900
ZIONW,20110321,6.7,6.7,6.7,6.7,0
ZIOP,20110321,5.85,5.85,5.68,5.74,534200
ZIPR,20110321,2.84,2.84,2.84,2.84,0
ZIXI,20110321,3.4,3.55,3.36,3.53,960800
ZLCS,20110321,2.07,2.08,2.05,2.08,511100
ZN,20110321,4.85,4.88,4.66,4.68,78500
ZOLT,20110321,13.55,13.75,13.47,13.75,126200
ZOOM,20110321,3.42,3.49,3.4,3.42,119600
ZUMZ,20110321,23.46,24.7,23.46,24.07,606400
