<ticker>,<date>,<open>,<high>,<low>,<close>,<vol>
AACC,20120206,4.67,4.67,4.6,4.6,1700
AAME,20120206,2.05,2.05,2.05,2.05,0
AAON,20120206,21.8,21.84,21.25,21.43,33700
AAPL,20120206,458.38,464.98,458.2,463.97,8917200
AAWW,20120206,50.31,51.47,50.01,51.34,180300
AAXJ,20120206,56.45,56.66,56.32,56.6,256200
ABAX,20120206,28.34,28.8,28.28,28.8,44900
ABCB,20120206,11.37,11.42,11.21,11.27,23300
ABCD,20120206,3.26,3.3,3.23,3.29,13300
ABCO,20120206,37.7,37.98,36.595,36.99,110700
ABFS,20120206,18.72,19.04,18.72,18.9,306100
ABIO,20120206,6.06,6.48,6,6.12,434500
ABMD,20120206,21.04,23.23,21.04,22.75,982900
ABTL,20120206,4.5,4.75,4.5,4.6,195600
ACAD,20120206,1.79,1.84,1.76,1.83,546300
ACAS,20120206,8.47,8.52,8.41,8.48,1901600
ACAT,20120206,34.37,34.39,33.01,33.82,227800
ACCL,20120206,7.73,7.87,7.7,7.77,123200
ACET,20120206,7.67,7.73,7.49,7.57,104400
ACFC,20120206,2.38,2.5,2.31,2.41,2600
ACFN,20120206,7.2,7.2,6.88,6.94,47800
ACGL,20120206,36.96,37.29,36.84,37.27,461400
ACHC,20120206,12.47,13,12.45,12.77,96300
ACHN,20120206,11.5,11.82,11.45,11.57,613400
ACIW,20120206,35.04,36.53,34.52,35.56,929100
ACLS,20120206,1.79,1.85,1.75,1.82,798200
ACNB,20120206,14.15,14.15,14,14,3900
ACOR,20120206,26.37,27.61,26.17,27.25,1017700
ACPW,20120206,4.8,4.85,4.6,4.7,203800
ACRX,20120206,3.52,3.52,3.18,3.25,14600
ACTG,20120206,43.28,43.56,42.24,43.17,238200
ACTS,20120206,1.82,1.83,1.8,1.81,16000
ACUR,20120206,3.55,3.55,3.28,3.41,28700
ACWI,20120206,45.56,45.71,45.46,45.71,629900
ACWX,20120206,40.05,40.28,40,40.21,199600
ACXM,20120206,13.69,13.83,13.63,13.68,204300
ADAT,20120206,1.58,1.58,1.4,1.44,65400
ADBE,20120206,31.61,32.35,31.52,31.85,4536200
ADEP,20120206,2.59,2.6,2.57,2.6,32000
ADES,20120206,21.12,21.36,20.9,21.08,39200
ADI,20120206,39.85,39.86,39.45,39.57,3152800
ADP,20120206,55.15,55.33,54.91,55.13,2251200
ADRA,20120206,25.35,25.54,25.24,25.5,2200
ADRD,20120206,20.08,20.23,20.04,20.2,8600
ADRE,20120206,43.35,43.7,43.32,43.64,46100
ADRU,20120206,19.78,19.95,19.78,19.95,700
ADSK,20120206,37.51,37.8,37.2,37.76,2239000
ADTN,20120206,36.63,36.92,36.43,36.73,657600
ADUS,20120206,3.56,3.73,3.51,3.58,5600
ADVS,20120206,27.83,27.85,27.15,27.22,120200
AEGN,20120206,18.59,18.87,18.37,18.5,154800
AEGR,20120206,17.18,17.44,17.16,17.39,29600
AEHR,20120206,0.77,0.92,0.77,0.92,23700
AEIS,20120206,10.86,10.93,10.6,10.76,249900
AEPI,20120206,33.48,33.48,32.92,33.35,8600
AERL,20120206,6.05,6.08,5.89,6,69300
AETI,20120206,4.39,4.46,4.25,4.4,17200
AEY,20120206,2.2,2.25,2.2,2.21,8700
AEZS,20120206,11.1,11.16,10.86,10.98,747700
AFAM,20120206,20.22,20.5,20.09,20.38,88900
AFCB,20120206,12.65,12.65,12.65,12.65,300
AFCE,20120206,17.19,17.23,16.93,17.06,54400
AFFX,20120206,5.1,5.22,4.86,5.18,395800
AFFY,20120206,10.27,10.79,10.09,10.56,1970600
AFOP,20120206,8.47,9.11,8.46,9.06,68700
AFSI,20120206,26.5,26.77,26.19,26.23,138400
AGEN,20120206,2.86,2.93,2.83,2.9,163400
AGII,20120206,30.03,30.37,30.02,30.31,51200
AGNC,20120206,29.76,29.8,29.43,29.48,4784500
AGYS,20120206,8.68,8.88,8.6,8.74,58300
AHGP,20120206,53.56,53.89,53.06,53.51,52300
AHPI,20120206,3.49,3.49,3.31,3.47,2300
AIMC,20120206,21.58,21.73,21.33,21.56,126500
AINV,20120206,7.98,8,7.88,7.96,1108000
AIRM,20120206,29.8667,29.9567,29.3933,29.64,58200
AIRT,20120206,8.8,8.82,8.8,8.82,2200
AIXG,20120206,14.83,14.88,14.64,14.78,188000
AKAM,20120206,33.78,34.25,33.25,33.37,4160400
AKRX,20120206,12.09,12.25,11.9,11.98,831100
ALCO,20120206,24.6,24.77,24.17,24.76,10100
ALGN,20120206,25.12,25.92,25.08,25.86,701700
ALGT,20120206,55.62,55.63,53.39,55.15,309400
ALIM,20120206,1.71,1.79,1.71,1.76,110400
ALKS,20120206,18.99,19.57,18.81,19.5,1045600
ALLB,20120206,11.2,11.22,11.2,11.22,2500
ALLT,20120206,16.99,18.36,16.74,17.96,658900
ALNY,20120206,13,13.25,12.93,13.13,313600
ALOG,20120206,59.1,59.46,58,58.41,25600
ALOT,20120206,8.1,8.1,8.1,8.1,0
ALSK,20120206,2.85,2.89,2.83,2.86,320200
ALTE,20120206,25,25.03,24.81,24.93,234000
ALTI,20120206,0.68,0.73,0.66,0.69,105500
ALTR,20120206,40.57,40.62,40.06,40.32,1956900
ALVR,20120206,11.8,12.3,11.8,12,230300
ALXA,20120206,7.9,7.9,7.5,7.5,195000
ALXN,20120206,78.75,80.08,78.2,79.75,897200
AMAG,20120206,17.16,17.75,16.96,17.25,147000
AMAP,20120206,11,11.03,10.5,10.74,66900
AMAT,20120206,12.74,12.74,12.45,12.61,14349500
AMBT,20120206,5.37,5.49,4.99,5.15,9400
AMCC,20120206,7.66,7.66,7.38,7.56,454400
AMCF,20120206,3.44,3.58,3.43,3.58,24500
AMCN,20120206,3.32,3.32,3.18,3.2,450000
AMCX,20120206,41.66,42.26,41.26,42.14,340300
AMED,20120206,11.53,11.8,11.46,11.64,297200
AMGN,20120206,68.48,69.15,67.28,69.12,11863200
AMIC,20120206,4.75,4.75,4.75,4.75,0
AMKR,20120206,6.03,6.06,5.9,5.98,1394600
AMNB,20120206,21.2,21.2,20.9,21.08,4900
AMOT,20120206,6.08,6.09,6,6.09,9300
AMOV,20120206,24.25,24.44,24.13,24.16,3400
AMPE,20120206,4.21,4.35,4.21,4.28,26100
AMRB,20120206,5.88,5.88,5.88,5.88,300
AMRI,20120206,3.03,3.1,2.98,3.09,137400
AMRN,20120206,8.7,9.32,8.7,9.24,2629400
AMRS,20120206,10.29,10.55,10.13,10.44,207300
AMSC,20120206,5.5,5.67,5.4,5.48,901700
AMSF,20120206,24.92,25.05,24.6,24.92,21500
AMSG,20120206,27.52,27.62,27.07,27.4,113500
AMSWA,20120206,9.1,9.15,8.94,9.01,69900
AMWD,20120206,14.17,14.4,14.01,14.13,56300
AMZN,20120206,186.5,186.56,182.92,183.14,5311600
ANAC,20120206,6.69,7.2,6.43,7.18,355800
ANAD,20120206,3.06,3.2,3.05,3.17,804000
ANAT,20120206,74.3,78.08,73.85,74.52,30700
ANCB,20120206,8.25,9.44,8.25,9.25,500
ANCI,20120206,1.44,1.5,1.41,1.5,17500
ANCX,20120206,9.88,9.98,9.88,9.95,4900
ANDE,20120206,43.02,44.01,42.77,44,88700
ANEN,20120206,18,18.12,17.84,18.01,133700
ANGI,20120206,14.75,14.9,14.41,14.73,92400
ANGO,20120206,13.15,13.34,13.1,13.25,206300
ANIK,20120206,10.5,11.05,10.39,11,263100
ANLY,20120206,6.68,6.68,6.33,6.56,10300
ANSS,20120206,63.76,63.95,63.23,63.48,177700
ANTH,20120206,8.19,8.24,8.14,8.23,55100
ANTP,20120206,2.57,2.6,2.4,2.4,25300
AOSL,20120206,10.11,10.27,10.02,10.23,66300
APAGF,20120206,78.37,79.11,76.73,77.66,22100
APEI,20120206,41.03,41.25,40.25,40.56,95300
APFC,20120206,8.28,8.29,8,8,3600
APOG,20120206,14.59,14.78,14.35,14.72,86800
APOL,20120206,52.41,52.64,51.64,52.53,1285500
APPY,20120206,4.92,4.92,4.8,4.8,6600
APRI,20120206,5.02,5.06,4.92,4.98,172300
APSA,20120206,16.62,16.65,16.21,16.52,2900
APWC,20120206,3.16,3.28,3.16,3.2,7400
ARAY,20120206,6.17,6.3,6.11,6.25,459300
ARCC,20120206,16.15,16.24,16.03,16.22,1661500
ARCI,20120206,5.49,5.49,5.39,5.49,6600
ARCP,20120206,10.97,11.49,10.8,11.17,27000
ARCW,20120206,3.52,3.52,3.51,3.51,700
ARDNA,20120206,86.47,90.01,86.47,90.01,400
AREX,20120206,35.3,36.31,34.86,36.19,433900
ARIA,20120206,15.35,15.98,15.33,15.94,2125700
ARII,20120206,27.64,28.07,27.3,27.81,113500
ARKR,20120206,14.48,14.5,14.44,14.5,1700
ARLP,20120206,77.2,78,76.76,77.78,48300
ARMH,20120206,27.42,27.55,26.76,26.89,4705100
ARNA,20120206,1.87,2.05,1.86,2.04,6254900
AROW,20120206,26.95,27.07,25.99,26.2,31200
ARQL,20120206,8,8.06,7.85,7.99,323600
ARRS,20120206,12.16,12.16,11.98,12.03,425500
ARRY,20120206,3,3.08,2.96,3.05,548100
ARTC,20120206,32.01,32.47,31.98,32.4,85500
ARTNA,20120206,19.58,19.72,18.81,19.29,19800
ARTW,20120206,9.16,9.5,9.16,9.43,10500
ARTX,20120206,1.33,1.35,1.29,1.29,13300
ARUN,20120206,23.43,24.2,23.37,23.8,1836000
ARWR,20120206,5.05,5.16,5.03,5.06,7000
ASBB,20120206,11.6,11.63,11.55,11.63,1000
ASBC,20120206,12.89,13.08,12.89,12.95,1369500
ASBCW,20120206,1.7,1.7,1.7,1.7,0
ASBI,20120206,4.28,4.4,4.06,4.29,4800
ASCA,20120206,20.25,20.53,20.25,20.47,270800
ASCMA,20120206,52.41,52.76,50.49,50.96,25600
ASEI,20120206,70.73,70.75,69.34,69.8,52300
ASFI,20120206,7.35,7.52,7.25,7.43,16600
ASIA,20120206,11.5,11.8,11.48,11.64,205300
ASMI,20120206,35.41,35.64,35.27,35.43,16700
ASML,20120206,45.3,45.31,44.67,44.94,1886900
ASNA,20120206,17.91,18.02,17.75,17.975,278700
ASPS,20120206,52.84,53.07,52.44,52.93,43500
ASRV,20120206,2.33,2.33,2.24,2.24,143200
ASRVP,20120206,25.5,25.5,25.5,25.5,0
ASTC,20120206,0.67,0.73,0.64,0.7,230200
ASTE,20120206,36.81,37.32,36.33,36.93,149500
ASTI,20120206,0.81,0.84,0.79,0.79,130900
ASTM,20120206,2,2.02,1.96,1.98,238000
ASTX,20120206,2.85,2.87,2.79,2.79,488700
ASUR,20120206,4.6133,4.7,4.4533,4.5267,6300
ASYS,20120206,11.42,11.42,11.12,11.23,106400
ATAI,20120206,6.93,7.15,6.93,7.15,8000
ATAX,20120206,5.37,5.37,5.3,5.32,47100
ATEA,20120206,4.53,4.53,4,4.3,17600
ATEC,20120206,1.98,1.98,1.86,1.94,435500
ATHN,20120206,62.02,63.37,61.44,62.32,344600
ATHX,20120206,1.97,2,1.92,1.93,196100
ATLO,20120206,21.4,21.89,21.4,21.82,11500
ATMI,20120206,24.51,24.65,24.1,24.26,179100
ATML,20120206,10.25,10.36,10.1,10.19,5659200
ATNI,20120206,39.36,40.2,39.36,39.71,13000
ATNY,20120206,3.65,3.73,3.65,3.73,16700
ATRC,20120206,11.94,11.95,11.56,11.76,42900
ATRI,20120206,257.75,260.98,257.75,260.9,1800
ATRM,20120206,0.89,0.9,0.85,0.85,1600
ATRO,20120206,36,36.69,34.61,35.07,92400
ATSG,20120206,6.55,6.72,6.54,6.69,114800
ATVI,20120206,12.29,12.4,12.17,12.32,7099800
ATX,20120206,9.85,9.98,9.52,9.85,31400
AUBN,20120206,20,20.14,20,20,700
AUDC,20120206,4,4.01,3.9,3.97,98700
AUXL,20120206,19.99,20.57,19.88,20.18,212200
AVAV,20120206,30.19,31.76,29.33,30.3,781900
AVEO,20120206,13.53,13.77,13.39,13.7,388400
AVGO,20120206,35.04,35.05,34.14,34.3,1885300
AVID,20120206,10.5,10.72,10.25,10.71,286800
AVNR,20120206,3.3,3.3,3.01,3.09,5496000
AVNW,20120206,2.46,2.49,2.35,2.41,180800
AWAY,20120206,26.74,27.32,26.66,27.11,410500
AWRE,20120206,3.25,3.26,3.06,3.15,4600
AXAS,20120206,3.87,4.05,3.84,3.99,1569500
AXFN,20120206,20.3,20.3,20.3,20.3,0
AXJS,20120206,57.61,57.61,57.61,57.61,0
AXTI,20120206,5.36,5.57,5.32,5.51,137900
AZPN,20120206,20.4,20.6,20.33,20.57,612000
BABY,20120206,11.43,11.52,11.32,11.5,116200
BAGL,20120206,15.02,15.19,14.8,15.01,29800
BAMM,20120206,2.37,2.37,2.31,2.36,15400
BANC,20120206,13.22,13.22,12.7,12.93,14800
BANF,20120206,42.54,42.54,41.67,41.71,7100
BANFP,20120206,27.66,28.21,27.66,27.66,500
BANR,20120206,20,20.1,19.84,19.96,91000
BASI,20120206,1.24,1.32,1.2,1.31,17400
BBBY,20120206,62.92,62.99,61.85,61.99,1702900
BBCN,20120206,10.94,10.94,10.41,10.51,360400
BBEP,20120206,19.01,19.31,18.89,19.2,1201900
BBGI,20120206,3.26,3.34,3.26,3.26,2500
BBNK,20120206,11.54,11.9,11.54,11.7,47100
BBOX,20120206,29.57,29.83,29.06,29.52,66100
BBRG,20120206,19.68,19.99,19.4,19.88,78600
BBRY,20120206,16.75,16.78,16.35,16.58,12777800
BBSI,20120206,19.08,19.08,18.67,18.82,14800
BCBP,20120206,10.11,10.11,10.11,10.11,100
BCOM,20120206,12.7,12.7,12.7,12.7,500
BCPC,20120206,37.99,37.99,37.08,37.31,103200
BCRX,20120206,3.98,4.04,3.89,3.93,241500
BCSB,20120206,13,13,12.78,12.78,300
BDE,20120206,8.12,8.25,8.11,8.19,30200
BDGE,20120206,20.6,20.74,20.38,20.41,5700
BDMS,20120206,17.75,17.78,17.75,17.75,1700
BDSI,20120206,2.09,2.1,2.03,2.06,146700
BEAT,20120206,3.04,3.11,2.91,2.97,63900
BEAV,20120206,45.55,46.12,45.55,45.83,1027600
BEBE,20120206,8.94,8.95,8.79,8.82,308600
BECN,20120206,24.24,24.59,23.11,23.5,338100
BELFA,20120206,21.89,21.89,21.89,21.89,0
BELFB,20120206,20.72,20.8,20.03,20.54,39200
BERK,20120206,6.93,6.95,6.6,6.72,6600
BFIN,20120206,5.58,5.67,5.55,5.65,22400
BFLY,20120206,1.95,2.15,1.95,2,3000
BGCP,20120206,6.7,6.73,6.55,6.59,442000
BGFV,20120206,8.63,8.76,8.43,8.56,59600
BGMD,20120206,7,7.15,6.33,6.83,5000
BIB,20120206,45.695,47.76,45.49,47.05,21300
BICK,20120206,27.54,27.65,27.43,27.52,17300
BIDU,20120206,130.81,132.78,129.72,131.37,6011700
BIIB,20120206,121.03,122.28,120.32,122.09,1263200
BIOD,20120206,2.52,2.52,2.36,2.4,360700
BIOF,20120206,12.8,13.4,12.4,13,548900
BIOS,20120206,6.61,6.69,6.22,6.26,407800
BIRT,20120206,6.05,6.26,6.05,6.18,151300
BIS,20120206,24.6,24.81,23.8,23.8,4000
BJRI,20120206,53.82,54.11,52.68,52.88,692800
BKCC,20120206,9.55,9.68,9.46,9.49,283900
BKEP,20120206,6.85,6.95,6.76,6.79,16800
BKEPP,20120206,8.26,9.03,8.26,8.9,7500
BKMU,20120206,4.24,4.42,4.21,4.39,47700
BKOR,20120206,3.05,3.09,2.54,2.95,2300
BKSC,20120206,11,11.31,10.96,11.14,1000
BKYF,20120206,24.5,24.5,24.1,24.32,9200
BLDP,20120206,1.3,1.31,1.26,1.28,259500
BLDR,20120206,2.97,3.07,2.9,3.04,229100
BLIN,20120206,0.7,0.7,0.7,0.7,11000
BLKB,20120206,32.38,32.6,32.12,32.3,91500
BLMT,20120206,11.02,11.1,11,11.1,20400
BLRX,20120206,5.16,5.86,4.38,4.44,2895300
BMC,20120206,38.11,38.28,37.78,38.01,1784900
BMRC,20120206,39.48,39.81,38.75,38.97,9500
BMRN,20120206,37.5,38.66,37.32,38.27,767800
BMTC,20120206,21.25,21.32,21.13,21.24,20100
BNCL,20120206,9.19,9.26,9.04,9.14,33100
BNCN,20120206,7.5,7.5,7.4,7.5,8100
BNSO,20120206,1.22,1.22,1.22,1.22,0
BOBE,20120206,37.36,37.42,36.99,37.21,84100
BOCH,20120206,3.85,3.92,3.85,3.85,7400
BODY,20120206,25.32,25.47,24.96,25,94900
BOFI,20120206,17.19,17.48,16.81,16.93,46700
BOKF,20120206,54.02,54.44,53.39,53.67,98100
BOLT,20120206,12.29,13.35,12.13,13.02,66400
BONA,20120206,4.14,4.15,4.01,4.05,31500
BONT,20120206,5,5.15,4.84,5.06,452900
BOOM,20120206,23.73,23.91,23.05,23.44,38500
BOSC,20120206,3,3.2,3,3,900
BOTJ,20120206,4.97,5,4.92,5,1700
BPAX,20120206,4.56,6.36,3.78,6.3,28802600
BPFH,20120206,9.04,9.19,8.94,9.02,297800
BPFHW,20120206,3.6,3.7,3.6,3.7,4500
BPHX,20120206,2.51,2.58,2.39,2.39,2500
BPOP,20120206,17,17.8,17,17.4,6290400
BPOPM,20120206,17.78,17.78,17.78,17.78,0
BPOPN,20120206,19.5,19.5,19.1,19.1,2800
BRCD,20120206,5.86,5.94,5.83,5.93,4441200
BRCM,20120206,37.23,37.25,36.75,37.14,7290300
BRID,20120206,10,10,10,10,0
BRKL,20120206,9.66,9.75,9.5,9.53,307400
BRKR,20120206,15.07,15.19,14.93,15.04,190900
BRKS,20120206,10.95,11.1,10.82,11.07,302900
BRLI,20120206,20.54,20.8,20.09,20.34,181100
BSDM,20120206,2.17,2.2,2.09,2.16,59900
BSET,20120206,8.02,8.09,8,8.02,11800
BSFT,20120206,32.18,33.28,31.47,32.91,471500
BSPM,20120206,2.43,2.7,2.43,2.64,97400
BSQR,20120206,4.13,4.13,4.05,4.06,6700
BSRR,20120206,9.57,9.78,9.57,9.77,10300
BSTC,20120206,20.07,20.9,19.88,20.89,7500
BTUI,20120206,3.04,3.14,2.92,3.08,8400
BUR,20120206,6.45,6.45,6.45,6.45,200
BUSE,20120206,5.26,5.26,5.18,5.21,72400
BVSN,20120206,34.5,39.72,34.31,39.45,1070100
BWEN,20120206,8,8.4,7.2,7.3,2092100
BWINA,20120206,22.8,22.8,22.8,22.8,100
BWINB,20120206,22.99,23.06,22.74,23.03,6700
BWLD,20120206,68.75,69.48,68.36,68.88,1214900
BYFC,20120206,1.49,1.49,1.49,1.49,1300
CA,20120206,26.57,26.72,26.38,26.42,4064400
CAAS,20120206,5.15,5.15,5.05,5.09,34700
CAC,20120206,37.11,37.11,36.24,36.54,11900
CACB,20120206,5.68,6.3,5.68,6.16,17700
CACC,20120206,90.73,92.49,89.34,91.42,28700
CACH,20120206,6.69,6.75,6.6,6.6,5900
CADC,20120206,2.4,2.43,2.38,2.39,43700
CADX,20120206,4.26,4.37,4.25,4.26,269200
CAFI,20120206,1.51,1.74,1.51,1.72,5200
CAKE,20120206,30.61,31.19,30.43,30.58,557500
CALD,20120206,7,7.14,6.84,6.95,171000
CALI,20120206,6.54,6.54,6.36,6.48,3100
CALL,20120206,17.51,17.76,16.96,17.1,189900
CALM,20120206,39.04,39.59,39.02,39.48,72900
CAMP,20120206,4.56,4.63,4.48,4.48,49500
CAMT,20120206,2.45,2.5,2.38,2.45,32400
CAR,20120206,14.77,15.09,14.71,15.05,1368400
CARB,20120206,10.3,10.3,10.11,10.22,36400
CART,20120206,2.62,2.64,2.35,2.64,1300
CARV,20120206,9.1,9.1,8.63,8.63,2000
CARZ,20120206,27.11,27.21,27.11,27.14,800
CASH,20120206,18.28,18.28,18.28,18.28,0
CASM,20120206,1.7,1.81,1.7,1.81,1000
CASS,20120206,41.42,41.7,41.39,41.5,13200
CASY,20120206,53.44,53.52,52.78,53.2,119000
CATM,20120206,24.65,26.31,24.25,26.27,628400
CATY,20120206,17.14,17.4,17,17.05,240800
CAVM,20120206,32.82,32.84,31.46,31.85,1476700
CBAK,20120206,3.55,3.65,3.45,3.65,59800
CBAN,20120206,3,3.42,2.97,3.22,13700
CBEY,20120206,9.07,9.08,8.63,8.88,141100
CBIN,20120206,10.75,10.75,10.75,10.75,0
CBLI,20120206,3.31,3.32,3.17,3.25,95200
CBMX,20120206,17.7,17.7,17.7,17.7,0
CBMXW,20120206,1.1,1.6,0.8,1.6,8100
CBNJ,20120206,8.91,8.91,8.63,8.79,7200
CBNK,20120206,14.48,14.48,14.46,14.48,1100
CBOE,20120206,26.47,26.65,26.37,26.6,400000
CBPO,20120206,10.61,10.79,10.05,10.16,8400
CBRL,20120206,53.32,54.14,52.76,53.14,347900
CBRX,20120206,0.81,0.84,0.8,0.82,673900
CBSH,20120206,39.71,39.73,38.99,39.14,451400
CBST,20120206,41.21,42.21,41.08,42.13,786400
CCBG,20120206,9.3,9.35,9.18,9.28,6000
CCCL,20120206,3.26,3.38,3.26,3.29,30700
CCIH,20120206,7.19,7.3,7.03,7.27,91900
CCIX,20120206,10.88,11.31,10.8,11.19,63900
CCMP,20120206,52.38,52.59,51.72,51.86,91100
CCNE,20120206,16.78,16.78,16.33,16.45,7400
CCOI,20120206,16.02,16.83,15.99,16.78,499500
CCRN,20120206,6.64,6.72,6.48,6.53,51400
CCUR,20120206,3.62,3.67,3.6,3.6,8300
CDNS,20120206,11.6,11.75,11.59,11.62,2903800
CDTI,20120206,3.51,3.52,3.37,3.4,129500
CDXS,20120206,6,6.1,5.94,6.01,138000
CDZI,20120206,10.31,10.76,10.31,10.51,9000
CECE,20120206,6.43,6.55,6.4,6.46,8900
CECO,20120206,11.65,11.65,11.26,11.52,893900
CEDU,20120206,5.81,5.89,5.81,5.89,500
CELG,20120206,72.84,73.85,72.81,73.53,2060700
CELGZ,20120206,1.8,2,1.76,1.76,14900
CEMP,20120206,6.2,6.27,6.1,6.24,109500
CENT,20120206,9.14,9.24,8.96,9,81300
CENTA,20120206,9.81,9.88,9.66,9.74,98400
CENX,20120206,10.8,11.08,10.8,10.97,680400
CERN,20120206,63.11,63.74,62.6,62.78,1383700
CERS,20120206,3.15,3.21,3.06,3.19,337800
CETV,20120206,8.26,8.51,8.18,8.35,308000
CEVA,20120206,28.01,28.41,26.53,27,266500
CFBK,20120206,3.5,3.5,3.5,3.5,0
CFFI,20120206,27.78,28.16,27.55,27.7,5700
CFFN,20120206,11.49,11.68,11.49,11.6,1017600
CFNB,20120206,16.28,16.28,15.92,16.19,1500
CFNL,20120206,11.77,11.77,11.51,11.57,39500
CGEN,20120206,5.92,6.22,5.89,6.04,345700
CGNX,20120206,43.83,44.2,43.06,43.38,183600
CHCI,20120206,1.64,1.68,1.52,1.56,30100
CHCO,20120206,36.8,36.8,36.24,36.48,34200
CHDN,20120206,57.31,58.1,57.03,57.27,22500
CHDX,20120206,10.24,10.24,9.52,9.81,53800
CHEF,20120206,18.92,20.6,18.92,20.33,78900
CHEV,20120206,7.15,7.15,7.15,7.15,0
CHFC,20120206,24.15,24.2,23.7,23.81,33300
CHFN,20120206,9.98,9.98,9.82,9.94,5000
CHKE,20120206,11.18,11.48,11.18,11.44,48200
CHKP,20120206,58.74,58.87,57.95,58.05,1600300
CHLN,20120206,1.25,1.28,1.23,1.23,36400
CHNR,20120206,7.71,7.8,7.71,7.8,200
CHOP,20120206,4.04,4.19,4.03,4.17,54100
CHRM,20120206,8.59,8.63,8.51,8.59,7700
CHRW,20120206,64.07,64.28,63.88,64.04,1242800
CHSCP,20120206,29.91,29.95,29.91,29.94,5700
CHTP,20120206,4.5,4.75,4.45,4.71,1448100
CHTR,20120206,57.95,58.61,57.78,58.31,94800
CHYR,20120206,1.55,1.58,1.55,1.57,10300
CIDM,20120206,2,2.1,1.85,2,94300
CIEN,20120206,15.35,15.99,15.25,15.9,3357400
CIMT,20120206,3.42,3.45,3.37,3.42,14000
CINF,20120206,33.12,33.28,32.99,33.1,1125800
CISG,20120206,8.09,8.37,7.89,8.3,193700
CITZ,20120206,4.75,4.99,4.73,4.95,9900
CIZN,20120206,17.61,19.23,17.61,19.23,3600
CJJD,20120206,1.33,1.37,1.26,1.26,20800
CKEC,20120206,7.22,7.39,7.08,7.18,30800
CKSW,20120206,10.71,10.77,10.44,10.46,110400
CLBH,20120206,3.9,3.9,3.71,3.77,2900
CLCT,20120206,15.57,15.6,15.14,15.47,26600
CLDX,20120206,4.99,5.34,4.87,5.21,730800
CLFD,20120206,5.86,5.9,5.79,5.86,46300
CLMS,20120206,13.01,13.2,12.77,12.98,119900
CLMT,20120206,21.09,21.55,20.83,21.4,247500
CLNE,20120206,15.98,16.08,15.8,16.08,907900
CLNT,20120206,0.26,0.27,0.25,0.26,81200
CLRO,20120206,4.8,4.85,4.72,4.72,14900
CLSN,20120206,1.94,2.09,1.94,2.02,477400
CLUB,20120206,9.19,9.25,8.93,8.95,27400
CLVS,20120206,23.39,24.49,22.94,24.26,32200
CLWR,20120206,1.82,1.86,1.8,1.81,4241800
CLWT,20120206,4.07,4.07,4.07,4.07,0
CMCO,20120206,16.28,16.69,16.21,16.5,113800
CMCSA,20120206,27.1,27.18,26.94,27.09,12939700
CMCSK,20120206,25.92,25.98,25.78,25.91,2820100
CME,20120206,273.07,275.5,271.28,275.32,913500
CMLS,20120206,3.69,3.85,3.56,3.78,641700
CMSB,20120206,7.5,7.5,7.5,7.5,0
CMTL,20120206,32.78,33,32.6,32.7,134600
CNBC,20120206,10.11,10.13,10.05,10.1,10200
CNBKA,20120206,29,29,28.11,28.96,1500
CNDO,20120206,6.27,6.38,6.2,6.37,28800
CNET,20120206,1.06,1.1,1.05,1.06,7100
CNIT,20120206,0.9,0.99,0.9,0.91,274500
CNMD,20120206,30.33,30.6,30,30.42,51600
CNQR,20120206,56.55,57.1,56.04,56.38,776600
CNSL,20120206,19.23,19.25,18.75,18.98,257000
CNTF,20120206,2.12,2.19,2.1,2.19,109400
CNTY,20120206,2.58,2.58,2.49,2.5,22700
CNYD,20120206,2.18,2.2,2.02,2.12,17000
COBK,20120206,12.45,12.45,12.45,12.45,100
COBR,20120206,4.69,4.93,4.64,4.89,38000
COBZ,20120206,6.32,6.35,6.14,6.22,108000
COCO,20120206,4.51,4.8,4.51,4.76,5140100
COGO,20120206,2.19,2.22,2.17,2.19,52100
COHR,20120206,55.76,57.86,54.82,57.38,76700
COHU,20120206,12.62,12.69,12.36,12.46,37300
COKE,20120206,63.6,63.93,62.55,63.09,16000
COLB,20120206,21.29,21.56,21.12,21.37,240500
COLM,20120206,49.75,50.83,49.75,50.09,146800
CONN,20120206,11.17,11.76,11,11.71,152700
COOL,20120206,2.65,2.65,2.57,2.6,515000
CORE,20120206,41.14,41.16,39.46,40.82,52700
CORT,20120206,3.28,3.39,3.26,3.33,379700
COSI,20120206,0.94,1.06,0.92,1.05,587300
COST,20120206,84.68,85.2,84.65,85.04,1378900
COWN,20120206,2.95,2.96,2.84,2.9,109300
CPBC,20120206,5.15,5.15,4.9,4.95,7500
CPGI,20120206,0.99,0.99,0.96,0.96,2000
CPHC,20120206,12.05,12.53,12.03,12.53,3500
CPHD,20120206,43.13,45,43.13,44.91,680500
CPIX,20120206,6.11,6.14,6.05,6.06,16600
CPLA,20120206,44.77,45.19,43.92,44.62,79300
CPLP,20120206,7.75,7.84,7.61,7.78,200000
CPNO,20120206,34.3,34.68,33.99,34.63,171100
CPRT,20120206,23.51,23.71,23.38,23.455,165900
CPRX,20120206,1.09,1.16,1.09,1.12,128100
CPSI,20120206,60.14,62.38,60.14,61.76,64700
CPSL,20120206,6.72,6.96,6.72,6.96,90700
CPSS,20120206,0.95,1.1,0.95,1.07,5200
CPST,20120206,1.33,1.46,1.33,1.44,4912900
CPTS,20120206,13.47,13.69,13.32,13.58,154800
CPWR,20120206,8.25,8.44,8.24,8.35,1340500
CRAI,20120206,22.66,23.37,21.93,22.27,21200
CRAY,20120206,7.73,7.97,7.7,7.88,128900
CRDC,20120206,2.13,2.13,2.02,2.08,39600
CRDS,20120206,4.94,5,4.94,5,1900
CREE,20120206,28.45,28.47,27.77,28.18,2725900
CREG,20120206,1.13,1.13,1.12,1.13,6600
CRESW,20120206,0.07,0.08,0.07,0.07,103800
CRESY,20120206,13.35,13.57,13.3,13.34,49400
CRFN,20120206,3.23,3.25,3.15,3.25,5200
CRIS,20120206,4.99,5.22,4.98,5.15,1096200
CRMB,20120206,4,4.1,3.98,4.1,1600
CRMBU,20120206,3.85,3.85,3.85,3.85,0
CRMBW,20120206,0.19,0.19,0.19,0.19,0
CRME,20120206,11.85,12.85,11.8,12.8,78800
CRMT,20120206,39.04,39.66,37.02,38.8,18100
CRNT,20120206,8.66,8.68,8.47,8.51,69500
CROX,20120206,20.01,20.48,20,20.3,1497100
CRRB,20120206,3.15,3.15,3.1,3.1,300
CRRC,20120206,12.79,13.2,12.75,13.05,43600
CRTX,20120206,6.64,6.82,6.62,6.79,16500
CRUS,20120206,20.82,20.97,20.43,20.59,1486100
CRVL,20120206,50.64,50.93,49.49,49.72,11000
CRWN,20120206,1.25,1.27,1.22,1.23,78000
CRWS,20120206,3.99,3.99,3.57,3.89,15200
CRZO,20120206,23.52,23.65,23.01,23.6,1273700
CSBK,20120206,10.69,10.85,10.6,10.84,4400
CSCD,20120206,3.59,3.6,3.59,3.6,2000
CSCO,20120206,20.04,20.2,19.92,20.19,37141800
CSFL,20120206,7.6,7.65,7.48,7.49,147500
CSGP,20120206,58.62,58.96,57.89,57.95,190300
CSGS,20120206,16.84,17.05,16.74,17.03,95500
CSII,20120206,10,10.04,9.84,10,36200
CSIQ,20120206,3.73,3.83,3.62,3.69,1257400
CSOD,20120206,18.24,18.38,17.53,17.8,150300
CSPI,20120206,3.74,3.85,3.58,3.85,15300
CSRE,20120206,14.63,14.75,14.63,14.63,500
CSTR,20120206,52.95,52.95,48.66,50.56,7713200
CSUN,20120206,2.43,2.43,2.3,2.34,52300
CSWC,20120206,89.37,91.89,89.37,91.05,700
CTAS,20120206,37.78,38.17,37.69,37.94,531100
CTBI,20120206,32.3,32.3,31.09,31.44,60800
CTCH,20120206,3.39,3.4,3.36,3.36,5500
CTCM,20120206,10.96,11.06,10.32,10.36,689600
CTCT,20120206,30.05,31.2,29.71,30.98,907300
CTGX,20120206,15.12,15.32,15.07,15.22,25900
CTHR,20120206,3.16,3.16,3.13,3.16,9400
CTIB,20120206,4.72,4.72,4.72,4.72,100
CTIC,20120206,5.5,5.55,5.45,5.55,1437000
CTRN,20120206,10.08,10.19,10.01,10.05,85500
CTRP,20120206,25.2,25.33,24.56,24.66,1379400
CTRX,20120206,31.81,31.835,30.365,30.56,811200
CTSH,20120206,72.77,73.1,72.06,72.37,2458100
CTWS,20120206,31.46,31.62,30.6,31.21,30900
CTXS,20120206,68.55,69.53,68.31,69.44,1860300
CU,20120206,35,35.34,34.98,35.34,24100
CUBA,20120206,6.9,6.91,6.84,6.85,26100
CUTR,20120206,8.04,8.31,8.04,8.24,22900
CVBF,20120206,11.07,11.14,10.99,11.05,319000
CVCO,20120206,52.82,54.1,51.68,52.84,29900
CVCY,20120206,6.61,6.76,6.6,6.76,25500
CVGI,20120206,12.73,13.1,12.68,12.75,139700
CVGW,20120206,27.79,28.11,27.73,27.84,75700
CVLT,20120206,51.21,51.42,50.34,50.81,674600
CVLY,20120206,10.28,10.3,10.1,10.3,2400
CVTI,20120206,3.57,3.7,3.54,3.7,14400
CVV,20120206,14.86,14.95,14.54,14.9,129300
CWBC,20120206,1.44,1.5,1.39,1.49,89100
CWCO,20120206,8.18,8.23,8.02,8.1,38000
CWEI,20120206,83.45,87.01,82.94,86.87,32200
CWST,20120206,6.94,7.15,6.87,7.06,77400
CWTR,20120206,3.84,4.28,3.8,4.04,1713300
CXDC,20120206,5,5.2,5,5.19,164800
CXPO,20120206,2.97,3,2.91,2.98,54500
CY,20120206,17.73,17.95,17.58,17.89,1679000
CYAN,20120206,6.62,6.65,6.19,6.6,31600
CYBE,20120206,8.78,8.89,8.7,8.7,8500
CYBX,20120206,33.56,34.02,33.54,33.79,113500
CYCC,20120206,4.13,4.69,4.06,4.62,960300
CYCCP,20120206,2.7,2.75,2.46,2.75,6700
CYMI,20120206,52.39,52.39,51.39,51.57,210300
CYNO,20120206,13.46,13.74,13.3,13.66,27000
CYOU,20120206,27.26,27.27,25.03,25.31,1886400
CYTK,20120206,1.09,1.09,1.05,1.09,247200
CYTR,20120206,2.03,2.31,2.03,2.24,2163600
CYTX,20120206,4.25,4.5,4.21,4.32,1213500
CYTXW,20120206,2.42,2.44,2.42,2.44,300
CZFC,20120206,7.25,7.25,7.25,7.25,0
CZNC,20120206,21.95,21.99,21.66,21.91,11500
CZWI,20120206,5.61,5.62,5,5.6,6900
DAEG,20120206,1.61,1.78,1.61,1.68,2900
DAIO,20120206,4.12,4.12,4.12,4.12,200
DAKT,20120206,11.55,11.78,11.49,11.66,67600
DARA,20120206,1.45,1.65,1.45,1.6,93600
DATE,20120206,7.47,7.47,7.3,7.36,99500
DAVE,20120206,10.52,10.74,10.5,10.74,5000
DBLE,20120206,6.63,6.69,6.55,6.57,51100
DBLEP,20120206,26.3,26.3,26.05,26.05,2600
DCIX,20120206,6.72,7,6.65,6.8,290800
DCOM,20120206,14.25,14.3,13.7,14.23,97200
DCTH,20120206,4.33,4.67,4.31,4.49,957500
DECK,20120206,85.94,87.88,85.32,87.4,1278000
DELL,20120206,17.66,17.77,17.61,17.65,14870100
DENN,20120206,4.44,4.46,4.39,4.44,280200
DEPO,20120206,6.87,7.15,6.84,7.06,1137700
DEST,20120206,16.55,16.56,16.03,16.11,50600
DFZ,20120206,12.69,13.18,12.57,13.07,38800
DGAS,20120206,17.04,17.04,17,17,900
DGICA,20120206,15.67,15.67,15.06,15.18,16000
DGICB,20120206,17.24,17.24,17.24,17.24,0
DGII,20120206,11.83,11.96,11.68,11.81,43100
DGIT,20120206,14.64,15.14,14.62,15.13,152200
DGLY,20120206,0.59,0.63,0.58,0.6,5000
DHIL,20120206,79.05,79.6,78.25,79.37,3300
DHRM,20120206,1.93,1.93,1.7,1.75,3300
DIOD,20120206,27.13,27.13,26.27,26.38,277200
DISCA,20120206,44.42,44.88,44.3,44.63,884300
DISCB,20120206,47.3,49.54,47.3,49.54,7400
DISCK,20120206,39.14,39.81,39.04,39.78,673300
DISH,20120206,28.91,29.16,28.51,28.58,2006000
DJCO,20120206,72,72,72,72,0
DLGC,20120206,4.55,4.7,4.4,4.4,28000
DLIA,20120206,1.07,1.1,1.05,1.09,24300
DLLR,20120206,19.61,19.73,19.38,19.64,112500
DLTR,20120206,42.745,43.015,42.51,42.915,524300
DMLP,20120206,22.17,22.5,22.15,22.49,77600
DMND,20120206,37.68,38.24,37.35,37.8,830400
DMRC,20120206,31.73,31.73,28.75,31.18,7500
DNBF,20120206,12.5,12.5,12.5,12.5,0
DNDN,20120206,14.04,16.93,13.88,16.53,30136600
DNKN,20120206,28.88,28.95,28.59,28.76,695900
DORM,20120206,23.565,23.79,23.5,23.735,24900
DOVR,20120206,4.49,4.6,4.46,4.52,17600
DRAD,20120206,1.98,1.98,1.9,1.9,10000
DRAM,20120206,4.62,4.92,4.5,4.92,3900
DRCO,20120206,11.69,11.74,11.5,11.69,23600
DRIV,20120206,17.88,18.2,17.76,17.78,524500
DRRX,20120206,0.78,0.8,0.77,0.79,81800
DRWI,20120206,4.43,4.52,4.4,4.51,102800
DRYS,20120206,2.38,2.85,2.37,2.81,27804800
DSCI,20120206,8.35,9.24,8.29,8.92,320700
DSCO,20120206,2.46,2.66,2.46,2.65,379900
DSGX,20120206,8.1,8.1,8.04,8.05,9300
DSPG,20120206,6.5,6.74,6.42,6.45,71800
DSWL,20120206,2.16,2.16,2.11,2.15,4700
DTLK,20120206,9.19,9.45,9.15,9.43,86300
DTSI,20120206,30.15,30.6,29.94,30.55,85100
DTV,20120206,45.66,45.86,45.31,45.44,3810000
DVAX,20120206,4.3,4.48,4.19,4.27,1927600
DVOX,20120206,3.89,4.08,3.86,4.03,164600
DWA,20120206,18.71,18.87,18.69,18.86,546500
DWCH,20120206,9.23,9.49,8.81,9.18,51700
DWSN,20120206,35.05,35.9,34.78,35.79,76800
DXCM,20120206,11.58,11.82,11.4,11.76,488800
DXPE,20120206,38.3,38.48,37.08,37.5,64100
DXYN,20120206,3.88,3.95,3.78,3.89,12900
DYAX,20120206,1.63,1.65,1.58,1.61,91400
DYNT,20120206,4.25,4.25,4.1,4.25,3600
DYSL,20120206,2.34,2.42,2.28,2.29,6000
EA,20120206,19.11,19.31,18.92,19,9443800
EBAY,20120206,32.7,32.75,32.39,32.64,8794100
EBIX,20120206,25.74,26.25,24.89,25.83,374200
EBMT,20120206,9.9,9.9,9.8,9.88,2000
EBSB,20120206,13.49,13.5,13.36,13.49,3700
EBTC,20120206,17.5,17.69,16.58,17.2,10100
ECHO,20120206,17.19,17.48,17.14,17.32,75000
ECOL,20120206,19.73,19.91,19.56,19.74,71600
ECPG,20120206,24.14,24.36,23.75,24.19,120700
ECTE,20120206,1.98,1.99,1.8,1.9,237000
ECTY,20120206,1.16,1.17,1.13,1.16,22200
ECYT,20120206,3.58,3.67,3.53,3.59,332100
EDAC,20120206,9.37,9.61,9.23,9.4,36700
EDAP,20120206,2.2,2.36,2.18,2.36,71800
EDGW,20120206,3.43,3.48,3.35,3.39,21800
EDMC,20120206,21.07,21.3,20.87,20.87,164300
EDS,20120206,4.25,4.26,4.21,4.26,1000
EDUC,20120206,4.85,4.85,4.85,4.85,300
EEFT,20120206,19.25,19.33,19.02,19.12,168700
EEI,20120206,16.56,17,16.5,16.61,2400
EEME,20120206,76.64,76.64,56.6,56.6,300
EEML,20120206,57.55,57.55,57.55,57.55,400
EFII,20120206,17.26,17.7,17.26,17.53,194900
EFSC,20120206,12.59,12.72,12.46,12.54,30300
EFUT,20120206,4.53,4.55,4.4,4.55,2100
EGAN,20120206,5.61,5.81,5.53,5.72,29100
EGBN,20120206,17,17.05,16.77,16.8,42700
EGHT,20120206,4.49,4.52,4.43,4.48,403600
EGLE,20120206,5.48,6.28,5.48,6.04,1206000
EGOV,20120206,11.89,12.15,11.78,12.01,321800
EHTH,20120206,16.33,16.45,16.13,16.23,82300
EIHI,20120206,14.51,14.51,14.25,14.25,5400
ELGX,20120206,13.39,13.46,13.09,13.16,269100
ELNK,20120206,7.79,7.89,7.78,7.8,766400
ELON,20120206,5.88,5.91,5.71,5.74,65900
ELOS,20120206,11.04,11.07,10.9,10.94,237600
ELRC,20120206,18.73,18.76,18.16,18.32,26100
ELSE,20120206,3.89,4.05,3.82,3.92,2700
ELTK,20120206,1.5,1.5,1.46,1.49,23600
EMCF,20120206,15.98,15.98,15.98,15.98,0
EMCI,20120206,23.97,24.1,23.83,24.1,2400
EMFN,20120206,24.56,24.56,24.55,24.55,800
EMIF,20120206,33.28,33.37,33.02,33.37,21600
EMITF,20120206,2.94,2.96,2.85,2.85,8100
EMKR,20120206,5.4,5.44,5.16,5.32,388700
EML,20120206,19.82,20,19.24,19.35,11200
EMMS,20120206,0.77,0.79,0.75,0.75,98600
EMMSP,20120206,21.5,21.5,21.5,21.5,800
EMMT,20120206,23.07,23.08,23.07,23.08,700
ENDP,20120206,36.59,36.87,36.48,36.57,1053600
ENG,20120206,2.2,2.21,2.14,2.21,7900
ENMD,20120206,2.43,2.98,2.4,2.83,285800
ENOC,20120206,9.59,9.61,9.38,9.55,154800
ENSG,20120206,27.75,28.1,27.42,27.48,55400
ENTG,20120206,9.79,9.97,9.76,9.82,607800
ENTR,20120206,6.42,6.81,6.36,6.73,1994500
ENZN,20120206,7.74,7.82,7.6,7.82,101200
EONC,20120206,1.38,1.45,1.31,1.33,55000
EPAX,20120206,5.16,5.17,5,5.05,28800
EPAY,20120206,27.76,28.59,27.7,28.19,188600
EPIQ,20120206,12.46,12.57,12.41,12.5,37800
EQIX,20120206,122.7,125.14,122.7,123.9,758800
ERIC,20120206,9.33,9.42,9.33,9.37,2648000
ERIE,20120206,78.79,78.79,78.22,78.38,31400
ERII,20120206,2.51,2.56,2.44,2.52,111300
EROC,20120206,11.29,11.29,11,11.07,786700
ESBF,20120206,14.5,14.5,14.13,14.38,11900
ESBK,20120206,16.59,16.59,16.59,16.59,200
ESCA,20120206,4.88,4.88,4.83,4.88,800
ESEA,20120206,2.8,2.95,2.78,2.87,42500
ESGR,20120206,99.47,99.98,98.75,99.01,5900
ESIO,20120206,16.11,16.13,15.64,15.78,59100
ESLT,20120206,41,41,39.22,39.79,22800
ESMC,20120206,0.87,0.9,0.84,0.84,7100
ESRX,20120206,51.91,52.5,45.93,49.67,33526700
ESSA,20120206,10.65,10.65,10.3,10.42,13900
ESSX,20120206,3.38,3.51,3.26,3.33,18900
ESYS,20120206,4.26,4.26,4.26,4.26,0
ETFC,20120206,9.11,9.33,9.05,9.22,5334100
ETRM,20120206,2.3,2.4,2.27,2.31,95400
EUFN,20120206,17.77,17.89,17.73,17.82,18600
EVBS,20120206,3.01,3.16,2.97,3.05,2300
EVEP,20120206,69.49,69.49,68.5,68.85,206100
EVOL,20120206,5.22,5.3,5.22,5.3,7700
EWBC,20120206,22.39,22.48,22.17,22.22,894000
EXAC,20120206,17.25,17.4,17.09,17.39,4300
EXAR,20120206,6.84,6.99,6.79,6.81,155500
EXAS,20120206,9.42,9.6,9.13,9.52,230100
EXEL,20120206,6.35,6.5,6.2,6.47,1948100
EXFO,20120206,7.68,7.74,7.41,7.48,20400
EXLP,20120206,23.54,23.56,23.28,23.51,174800
EXLS,20120206,24.78,24.93,24.61,24.85,63200
EXPD,20120206,44.22,44.36,43.38,43.47,1269700
EXPE,20120206,34.06,34.11,33.42,33.57,3421400
EXPO,20120206,52.31,53.3,50.93,51.77,50700
EXTR,20120206,3.22,3.3,3.22,3.25,1105100
EXXI,20120206,35.2,37.84,35.01,37.73,2381600
EZCH,20120206,34.25,34.28,32.95,33.07,196100
EZPW,20120206,29.7,29.99,29.15,29.95,483900
FABK,20120206,12.69,12.75,12.69,12.75,31000
FALC,20120206,2.65,2.68,2.61,2.67,44000
FARM,20120206,10.84,10.95,10.3,10.55,52500
FARO,20120206,55.35,56.22,54.99,55.95,64400
FAST,20120206,48.24,48.56,47.84,48.06,1447500
FBIZ,20120206,17.89,18.9,17.89,18.65,3600
FBMI,20120206,6.43,6.7,6.35,6.57,23300
FBMS,20120206,8.15,8.15,8.11,8.15,1000
FBNC,20120206,11.25,11.28,11.22,11.24,8400
FBNK,20120206,13.56,13.63,13.34,13.49,36300
FBRC,20120206,9.6,9.8,9.28,9.56,50500
FBSS,20120206,12.07,12.07,12.01,12.07,600
FCAL,20120206,4.89,4.9,4.76,4.86,434700
FCAP,20120206,20.29,21.3,19.61,21.3,3100
FCBC,20120206,13.03,13.09,12.91,12.93,40000
FCCO,20120206,7.28,7.28,7.2,7.2,200
FCCY,20120206,8.5,8.5,8.16,8.16,8400
FCEL,20120206,1.01,1.03,1.01,1.02,704200
FCFC,20120206,8.18,8.18,7.89,7.98,37000
FCFS,20120206,43.84,43.95,43.19,43.81,240700
FCHI,20120206,46.96,47.29,46.95,47,6100
FCLF,20120206,6,6,6,6,0
FCNCA,20120206,182.93,184.94,176.89,184.42,6400
FCTY,20120206,3.76,3.76,3.74,3.75,1200
FCVA,20120206,3.8,4,2.75,3.1,35200
FCZA,20120206,4.83,5.02,4.83,4.85,7000
FDEF,20120206,17.2,17.76,17.16,17.4,39200
FDML,20120206,17.6,17.77,17.54,17.57,97300
FDUS,20120206,13.71,13.75,13.6,13.71,9500
FEFN,20120206,23.23,23.23,23.23,23.23,0
FEIC,20120206,46.08,46.3,45.51,45.83,174500
FEIM,20120206,8.05,8.1,7.91,7.98,37700
FELE,20120206,26.695,26.8,26.435,26.53,58800
FES,20120206,5.42,5.77,5.12,5.36,14400
FFBC,20120206,18.14,18.19,17.58,17.74,574900
FFBCW,20120206,5.91,5.91,5.91,5.91,100
FFBH,20120206,5.45,5.61,5.4,5.43,2800
FFCH,20120206,10.26,10.31,9.87,9.9,39600
FFCO,20120206,14,14,14,14,0
FFEX,20120206,1.27,1.29,1.16,1.24,45100
FFHL,20120206,1.56,1.63,1.56,1.62,5900
FFIC,20120206,13.44,13.52,13.29,13.36,114200
FFIN,20120206,36.56,36.79,36.08,36.24,79300
FFIV,20120206,124.75,125,123.55,125,1038200
FFKT,20120206,5.23,5.46,4.87,5.27,13000
FFKY,20120206,2.38,2.56,2.04,2.56,14500
FFN,20120206,1.26,1.28,1.12,1.24,893300
FFNM,20120206,3.02,3.38,2.93,3.34,1300
FFNW,20120206,6.51,6.56,6.5,6.51,3100
FHCO,20120206,5.32,5.43,5.27,5.36,23800
FIBK,20120206,14.28,14.32,14,14.06,33900
FINL,20120206,21.97,22.62,21.97,22.54,694000
FIRE,20120206,34.02,34.87,34.02,34.36,440700
FISI,20120206,17.68,17.8,17.36,17.57,11700
FISV,20120206,65.21,65.51,64.89,65.21,779400
FITB,20120206,13.53,13.58,13.41,13.49,4891600
FITBP,20120206,143.91,144,143.28,143.28,1400
FIZZ,20120206,16.82,16.9,16.61,16.72,20700
FLDM,20120206,14.84,15.14,14.81,15.02,88300
FLEX,20120206,7.14,7.19,7.07,7.12,3357300
FLIC,20120206,27.75,27.75,27.21,27.21,14600
FLIR,20120206,26.39,26.42,25.98,26.05,865300
FLML,20120206,6.57,6.83,6.43,6.53,193600
FLOW,20120206,3.84,3.87,3.69,3.71,331500
FLWS,20120206,2.92,2.95,2.85,2.89,185600
FLXS,20120206,14.6,14.89,14.43,14.7,10300
FMBI,20120206,11.58,11.79,11.49,11.64,351200
FMCN,20120206,23.12,23.74,23.03,23.58,3082800
FMER,20120206,16.63,16.77,16.53,16.61,446900
FMFC,20120206,3.55,3.81,3.5,3.5,23800
FMNB,20120206,5.5,5.6,5.5,5.5,9200
FNBN,20120206,15.75,16,14.8,14.8,1100
FNFG,20120206,9.77,9.88,9.74,9.85,4073900
FNGN,20120206,24.82,24.82,24.42,24.6,112800
FNLC,20120206,16.28,16.32,16.03,16.11,11200
FNSR,20120206,21.47,22.48,21.36,22.2,2548900
FOLD,20120206,6.75,6.97,6.61,6.86,61300
FONE,20120206,26.82,26.83,26.77,26.83,600
FONR,20120206,1.77,1.79,1.69,1.74,61500
FORD,20120206,1.98,2.14,1.95,2.06,33800
FORM,20120206,5.26,5.29,5.13,5.27,323800
FORR,20120206,35.86,36.05,35.5,35.99,51600
FORTY,20120206,16.72,16.75,16.36,16.36,2200
FOSL,20120206,99.47,100.99,98.31,100.49,479500
FRAN,20120206,22.54,22.84,22.25,22.5,119100
FRBK,20120206,1.81,1.88,1.76,1.8,21900
FRED,20120206,15.05,15.12,14.85,14.92,166400
FREE,20120206,4.5,7.1,4.2,6.8,313100
FRME,20120206,10.22,10.3,10.16,10.27,62100
FRNK,20120206,12.78,13.48,12.78,13.33,11000
FRP,20120206,3.86,3.88,3.78,3.84,98400
FSBK,20120206,3.65,3.65,3.51,3.63,9200
FSC,20120206,10.39,10.39,10.23,10.26,674300
FSCI,20120206,30.11,30.42,30.11,30.35,12400
FSFG,20120206,16.7,16.7,16.7,16.7,0
FSGI,20120206,3.36,3.67,3.36,3.64,800
FSLR,20120206,45.2,47.28,44.54,46.49,4110900
FSRV,20120206,30.16,31.04,30.07,31.04,15800
FSTR,20120206,31,32.12,30.98,31.8,26700
FSYS,20120206,23.7,24,23.42,23.47,244400
FTEK,20120206,6.38,6.49,6.2,6.26,39600
FTNT,20120206,25.42,25.42,24.87,25.13,2607100
FTR,20120206,4.52,4.53,4.31,4.34,21587100
FUBC,20120206,6.2,6.26,6.05,6.2,41700
FULL,20120206,7.95,8,7.95,7.97,15800
FULT,20120206,9.74,9.95,9.53,9.59,1377600
FUNC,20120206,3.51,3.51,3.51,3.51,0
FUND,20120206,7.33,7.35,7.27,7.32,16000
FURX,20120206,17.31,17.77,16.9,17.62,66200
FWLT,20120206,23.63,23.99,23.52,23.85,702500
FWRD,20120206,35.54,36.93,35.54,36.9,125200
FXCB,20120206,12.75,12.81,12.73,12.79,42200
FXEN,20120206,6.26,6.48,6.09,6.12,332200
GABC,20120206,21.3,21.61,21.25,21.6,12900
GAGA,20120206,4.13,4.17,4,4.08,14400
GAI,20120206,4.35,4.45,4.27,4.27,3300
GAIA,20120206,3.59,3.64,3.57,3.6,55600
GAIN,20120206,8.47,8.47,8.21,8.24,100400
GALE,20120206,1.06,1.39,1.04,1.26,5662900
GAME,20120206,3.91,3.96,3.83,3.91,383700
GASS,20120206,4.23,4.32,4.16,4.28,29200
GBCI,20120206,14.73,14.81,14.36,14.71,459600
GBDC,20120206,15.29,15.36,15.2,15.35,257400
GBLI,20120206,21.27,21.48,21.26,21.34,15500
GBNK,20120206,1.67,1.7,1.64,1.68,43800
GCBC,20120206,17.57,17.9,17.45,17.45,400
GCFB,20120206,2.19,2.29,2.19,2.29,10100
GCOM,20120206,15.76,15.76,15.24,15.41,60100
GCVRZ,20120206,1.24,1.28,1.22,1.28,196300
GENC,20120206,7.15,7.2,7.11,7.2,16400
GENE,20120206,4.39,4.6,4.23,4.59,172400
GENT,20120206,8.88,8.99,8.56,8.81,34100
GERN,20120206,1.88,2.08,1.82,2.03,1441700
GEVA,20120206,34.96,35.9,34.26,35.77,28500
GEVO,20120206,9.81,10,9.71,9.99,177600
GFED,20120206,7.24,7.25,7.24,7.25,1200
GFN,20120206,2.5,2.55,2.49,2.53,4100
GFNCL,20120206,3.3,3.3,3.3,3.3,0
GGAL,20120206,7.61,7.68,7.48,7.6,189900
GHDX,20120206,29.2,29.24,28.41,28.85,121900
GIFI,20120206,32.48,33.1,32.17,32.73,34900
GIGA,20120206,1.3,1.5,1.29,1.5,34100
GIGM,20120206,1.49,1.49,1.36,1.4,256700
GIII,20120206,23.8,24,23.58,23.88,88900
GILD,20120206,27.15,28.25,27.12,28.015,18912400
GILT,20120206,4.13,4.2,4.13,4.18,16500
GIVN,20120206,18.19,18.44,17.92,18.19,44500
GKNT,20120206,18.64,18.64,17.7,18.57,15200
GLAD,20120206,9.24,9.27,9.1,9.11,90300
GLBS,20120206,4.2,4.48,4.07,4.34,8700
GLBZ,20120206,9.68,9.71,9.68,9.71,400
GLCH,20120206,1.82,1.82,1.76,1.78,124400
GLDC,20120206,3.35,3.35,3.33,3.33,2100
GLDD,20120206,6.7,6.79,6.64,6.71,180200
GLNG,20120206,41.12,42.25,40.9,41.87,391100
GLPW,20120206,25.2,26.32,25.2,25.97,25500
GLRE,20120206,26.27,26.3,25.78,25.98,58700
GLUU,20120206,3.95,4.01,3.8,3.85,2104000
GMAN,20120206,15.28,15.37,14.66,15.01,55400
GMCR,20120206,65.37,69.69,65,69.01,7459900
GMETP,20120206,8.9,8.9,8.9,8.9,100
GMLP,20120206,34.07,34.52,34,34.2,49800
GNCMA,20120206,11.24,11.34,11.01,11.2,98200
GNMK,20120206,4.52,4.6,4.49,4.49,33900
GNTX,20120206,26.57,26.87,26.57,26.73,1043600
GNVC,20120206,2.39,2.5,2.36,2.46,29600
GOLD,20120206,119.49,119.73,117.53,118.01,1048500
GOOD,20120206,18.56,18.92,18.17,18.28,50600
GOODO,20120206,25.1,25.1,25.1,25.1,100
GOODP,20120206,25,25,25,25,100
GOOG,20120206,595.01,610.83,594.01,609.09,3679700
GPIC,20120206,6.7,6.9,6.7,6.86,8300
GPOR,20120206,34.75,35.87,34.52,35.84,406500
GPRC,20120206,1.74,1.82,1.64,1.8,44500
GPRE,20120206,11.49,11.67,11.34,11.65,127900
GRFS,20120206,13.8,13.8,13.56,13.72,623600
GRID,20120206,28.37,28.45,28.37,28.41,700
GRIF,20120206,26.92,28,26.85,27.41,6200
GRMN,20120206,43.88,43.99,43.51,43.72,474300
GROW,20120206,6.93,7.05,6.85,6.9,32700
GRPN,20120206,24.15,24.9,23.37,23.51,2493700
GRVY,20120206,1.91,2.48,1.85,2.15,689200
GSBC,20120206,25.03,25.03,24.68,24.92,7900
GSIG,20120206,11.9,12,11.71,11.81,58800
GSIT,20120206,4.9,4.9,4.86,4.87,34700
GSJK,20120206,15.58,15.85,15.51,15.65,6400
GSM,20120206,15.01,15.27,14.36,15,816800
GSOL,20120206,7.18,7.18,6.9,6.96,41400
GSVC,20120206,20.29,20.89,18.5,18.63,1365300
GTAT,20120206,9.46,9.6,9.3,9.41,1410100
GTIM,20120206,1.18,1.22,1.18,1.18,1900
GTIV,20120206,7.63,7.79,7.47,7.69,633700
GTLS,20120206,60.92,61.72,59.67,59.98,728600
GTXI,20120206,6.11,6.2,6.06,6.14,458600
GUID,20120206,7.92,7.93,7.8,7.91,19600
GULF,20120206,14.95,14.95,14.9,14.9,500
GURE,20120206,2.8,2.96,2.75,2.89,281300
GYRO,20120206,99,99,99,99,0
HA,20120206,6.59,6.59,6.25,6.35,608800
HAFC,20120206,8.81,8.99,8.8,8.96,113900
HAIN,20120206,41.4,42.33,41.29,41.9,495200
HALL,20120206,7.71,7.71,6.87,7.11,195500
HALO,20120206,11.46,11.58,11.33,11.35,665100
HAS,20120206,35.2,36.91,34.54,36.66,4066200
HAST,20120206,1.68,1.68,1.67,1.68,4100
HAUP,20120206,1.06,1.06,1.02,1.06,12000
HAYN,20120206,64,66.64,63.07,64.55,87400
HBAN,20120206,5.88,5.94,5.84,5.84,7174000
HBANP,20120206,1120,1135,1120,1130,300
HBCP,20120206,15.88,15.88,15.88,15.88,400
HBHC,20120206,34.38,34.43,33.92,34.19,218700
HBIO,20120206,4.2,4.32,4.2,4.3,22000
HBNC,20120206,12.06,12.06,12,12.0333,10700
HBNK,20120206,12.2,12.47,12.2,12.47,1900
HBOS,20120206,12.31,12.37,11.64,11.64,1700
HCBK,20120206,7.13,7.17,7.02,7.09,3421500
HCCI,20120206,21.23,21.24,21,21.09,9700
HCIIP,20120206,9.99,10.6,9.98,10,24600
HCKT,20120206,4,4.05,3.88,3.97,73200
HCOM,20120206,13.43,14.85,13.38,14.43,117600
HCSG,20120206,19.11,19.4,18.98,19.13,449500
HDNG,20120206,10.97,11.2,10.9,10.95,25000
HDSN,20120206,3.1,3.23,3.08,3.15,87100
HEES,20120206,17.84,18.05,17.36,17.47,97300
HELE,20120206,34.04,34.18,33.69,33.99,51400
HEOP,20120206,4.06,4.1,4.05,4.05,31300
HERO,20120206,4.7,5.04,4.68,5.03,5564500
HFBC,20120206,7.75,7.9,7.75,7.75,16600
HFBL,20120206,14.75,14.75,14.75,14.75,0
HFFC,20120206,11.63,11.63,11.25,11.27,2200
HFWA,20120206,14.14,14.41,14.05,14.39,11100
HGSH,20120206,0.69,0.69,0.69,0.69,0
HIBB,20120206,48.41,48.88,48.36,48.82,313700
HIFS,20120206,52.59,53.83,52.05,53.83,1000
HIHO,20120206,2.79,2.83,2.77,2.83,800
HILL,20120206,1.56,1.62,1.56,1.61,206700
HIMX,20120206,1.51,1.6,1.51,1.58,773500
HITK,20120206,39.88,40.66,39.78,40.54,97100
HITT,20120206,56.31,56.47,55.48,55.97,254700
HLIT,20120206,6.33,6.43,6.27,6.34,480700
HMIN,20120206,29.5,30.03,29.43,29.55,342800
HMNF,20120206,2.09,2.09,1.61,1.95,21900
HMNY,20120206,1.97,1.97,1.97,1.97,0
HMPR,20120206,3.1,3.23,3.06,3.23,30200
HMSY,20120206,34.45,34.72,34.22,34.34,347500
HNH,20120206,12.76,12.85,12.55,12.6,6900
HNRG,20120206,10.02,10.12,9.99,10.06,17600
HNSN,20120206,3.91,4.03,3.66,3.72,1154000
HOFT,20120206,12.79,13.25,12.79,12.99,16400
HOGS,20120206,11.8,11.86,11.22,11.36,186600
HOLI,20120206,8.9,9.24,8.85,8.96,208300
HOLL,20120206,1.33,1.34,1.25,1.31,16100
HOLX,20120206,21.06,21.09,20.63,20.79,1433000
HOMB,20120206,26.75,26.91,26.5,26.54,57100
HOME,20120206,10.73,10.85,10.62,10.76,13200
HOTT,20120206,8.11,8.3,8.01,8.04,339400
HOVNP,20120206,2.94,3.11,2.94,3.1,33600
HPCCP,20120206,26.51,26.51,26.51,26.51,700
HPJ,20120206,1.06,1.07,1.06,1.07,7100
HPOL,20120206,0.92,0.93,0.9,0.93,99100
HRZN,20120206,16.51,16.62,16.16,16.6,32800
HSIC,20120206,72.9,73.42,72.69,72.99,641700
HSII,20120206,23.12,23.33,22.73,23.23,54600
HSKA,20120206,7.8,7.99,7.79,7.93,9000
HSNI,20120206,35.96,36.24,35.72,35.78,203100
HSOL,20120206,1.85,1.9,1.76,1.85,721400
HSTM,20120206,17.78,17.85,16.28,16.48,399700
HTBK,20120206,5.73,5.82,5.64,5.71,39200
HTCH,20120206,2.13,2.27,2.07,2.21,355700
HTCO,20120206,11.87,11.99,11.66,11.98,11300
HTHT,20120206,15.37,15.43,14.22,14.75,411100
HTLD,20120206,15.14,15.32,15.14,15.19,195200
HTLF,20120206,16.99,17.19,16.87,17.1,8000
HTWR,20120206,71.2,71.32,69.72,69.97,41600
HUBG,20120206,35.11,35.56,34.97,35.37,89200
HURC,20120206,26.09,26.43,26,26.25,29400
HURN,20120206,39.83,40.1,38.96,39.2,77800
HWAY,20120206,8.36,8.47,8.05,8.17,110600
HWBK,20120206,7.34,7.34,7.34,7.34,400
HWCC,20120206,14.65,14.81,14.54,14.71,65700
HWKN,20120206,41.92,42.67,40.92,41.07,12900
HYGS,20120206,5.87,5.95,5.85,5.85,1900
HZNP,20120206,3.75,4.06,3.75,3.95,22300
IACI,20120206,45.35,45.65,45.12,45.37,921000
IART,20120206,30.77,31.22,30.61,31.01,201500
IBB,20120206,120.25,122.07,119.74,121.89,625800
IBCA,20120206,2.98,3.05,2.96,2.99,14300
IBCP,20120206,1.62,1.66,1.52,1.61,41600
IBCPO,20120206,15,15,15,15,0
IBKC,20120206,54.31,54.71,53.92,54.2,97000
IBKR,20120206,15.24,15.28,15.1,15.22,211000
IBOC,20120206,19.88,20.05,19.75,19.9,134400
ICAD,20120206,0.57,0.58,0.55,0.56,37700
ICCC,20120206,5,5,5,5,0
ICFI,20120206,28.2,28.64,28.09,28.31,50900
ICGE,20120206,9.98,10.07,9.84,9.89,60800
ICLN,20120206,9.68,9.79,9.64,9.73,13000
ICLR,20120206,20.63,21.02,20.56,20.73,164600
ICON,20120206,20.01,20.27,19.75,20.12,609800
ICUI,20120206,46.57,47.2,46.57,46.81,48500
IDCC,20120206,39.73,40.8,39.15,40.67,898800
IDIX,20120206,11.39,12.1,11.31,12.05,2994000
IDRA,20120206,1.05,1.15,1.05,1.12,57400
IDSA,20120206,6,6.49,6,6.44,31400
IDSY,20120206,5.72,5.86,5.5,5.59,87500
IDTI,20120206,6.64,6.69,6.55,6.58,1322500
IDXX,20120206,86.06,86.32,85.27,85.73,217400
IEP,20120206,39.26,39.28,38.64,39.07,8500
IESC,20120206,2.63,2.63,2.35,2.35,4400
IFAS,20120206,27.65,27.73,27.5,27.73,6200
IFEU,20120206,27.03,27.24,27.03,27.16,1700
IFGL,20120206,28.14,28.23,28.06,28.23,24900
IFNA,20120206,46.14,46.25,45.77,45.77,1900
IFON,20120206,0.78,0.79,0.78,0.78,11000
IFSM,20120206,34.6,34.72,34.6,34.67,8000
IGLD,20120206,10.02,10.02,10.02,10.02,0
IGOI,20120206,9.36,9.48,9,9.24,21500
IGOV,20120206,99.39,100.17,99.31,99.64,17100
IGTE,20120206,17.96,18.14,17.85,18,111100
III,20120206,1.35,1.41,1.34,1.34,20100
IIIN,20120206,13.28,13.47,13.2,13.45,112600
IIJI,20120206,8.57,8.7,8.57,8.59,6600
IILG,20120206,14.09,14.3,14.03,14.2,60600
IIN,20120206,7,7,6.81,6.9,4900
IIVI,20120206,23.93,24.08,23.84,23.95,329400
IKAN,20120206,0.83,0.92,0.82,0.86,162300
IKNX,20120206,7.26,7.26,7.26,7.26,800
ILMN,20120206,51.84,52.2,51.72,51.97,1565600
IMGN,20120206,14.59,14.66,14.27,14.51,376200
IMI,20120206,9.01,9.25,8.76,9.12,69300
IMKTA,20120206,18.02,18.12,17.74,18.02,35300
IMMR,20120206,5.88,5.98,5.75,5.95,139700
IMMU,20120206,3.88,3.88,3.8,3.82,249900
IMMY,20120206,0.45,0.45,0.45,0.45,1000
IMOS,20120206,8.16,8.29,7.72,7.9,129400
IMRS,20120206,2.96,3,2.73,2.73,29800
INAP,20120206,7.14,7.14,6.92,7,174700
INCY,20120206,17.96,18.12,17.21,18,1647300
INDB,20120206,28.49,29.23,28.49,28.97,38600
INDY,20120206,25.05,25.23,25.05,25.14,116600
INFA,20120206,45.12,45.65,45.05,45.33,1317900
INFI,20120206,6.93,6.93,6.49,6.83,127100
INFN,20120206,8.21,8.25,7.83,8,2042400
ININ,20120206,27.52,28.15,27.12,28.12,228000
INOC,20120206,1.33,1.33,1.27,1.3,5400
INOD,20120206,4.1,4.25,4.06,4.11,49000
INPH,20120206,5.23,5.32,5.19,5.2,7600
INSM,20120206,5.35,5.39,5.21,5.26,60000
INTC,20120206,26.54,26.73,26.36,26.72,36777800
INTG,20120206,19.21,19.21,17.99,18.83,1600
INTL,20120206,26.54,27.34,26.54,27.26,98700
INTT,20120206,3.44,3.75,3.4,3.51,27800
INTU,20120206,57.86,58.45,57.82,57.9,2157000
INTX,20120206,12.7,13.29,12.49,13.25,68900
INVE,20120206,2.36,2.41,2.15,2.38,187600
INWK,20120206,11.53,11.66,11.36,11.6,191400
IOSP,20120206,32.03,32.26,31.86,32.16,36100
IPAR,20120206,17.67,17.76,17.29,17.49,74600
IPAS,20120206,1.66,1.7,1.65,1.7,35800
IPCC,20120206,61.21,62.03,60.47,61,21900
IPCI,20120206,3.4,3.62,3.4,3.6,159100
IPCM,20120206,33.63,34.49,33.61,33.99,327600
IPGP,20120206,54.06,56.58,52.98,54.77,882700
IPHS,20120206,50.43,51.14,50.17,50.45,59500
IPXL,20120206,22.33,22.4,22.03,22.36,545400
IRBT,20120206,36.74,37.24,36.3,36.76,276500
IRDM,20120206,8.11,8.29,8.1,8.22,238200
IRDMZ,20120206,1.38,1.38,1.38,1.38,0
IRIX,20120206,3.85,4.15,3.85,4.15,13400
IROQ,20120206,11.4,11.4,11.4,11.4,0
IRWD,20120206,14.87,14.95,14.62,14.85,152100
ISBC,20120206,15.49,15.49,15.24,15.27,159100
ISCA,20120206,27.24,27.5,27.09,27.27,62200
ISHG,20120206,99.05,99.81,98.57,99.6,16400
ISIG,20120206,2.2,2.2,2.14,2.2,6700
ISIL,20120206,11.25,11.28,11.01,11.14,1249900
ISIS,20120206,8.76,8.82,8.68,8.79,393900
ISLE,20120206,5.32,5.37,5.28,5.34,62000
ISM,20120206,21.95,21.95,21.92,21.92,1300
ISNS,20120206,6.19,6.23,6.1,6.15,4000
ISRG,20120206,489.66,494.26,483.13,491.39,357800
ISRL,20120206,94.01,97.84,94.01,97.82,400
ISSC,20120206,3.91,4.1,3.89,4.01,11300
ISSI,20120206,10.22,10.29,10.07,10.15,42800
ITIC,20120206,40.84,42.72,40.75,42.72,11900
ITMN,20120206,15.99,16.48,15.82,15.99,1834300
ITRI,20120206,39.71,41.13,39.22,41.04,403500
ITRN,20120206,13.61,13.86,13.6,13.8,3500
IVAC,20120206,8.96,9.25,8.9,9.11,88800
IVAN,20120206,0.99,1.01,0.98,1,327800
IXYS,20120206,12.01,12.15,11.94,12.06,81100
JACK,20120206,23.17,23.2,22.95,23.15,128100
JADE,20120206,2.28,2.34,2.26,2.33,28700
JAKK,20120206,15.79,15.97,15.64,15.82,95100
JASO,20120206,8.6,8.95,8.4,8.8,3979100
JAXB,20120206,3.1,3.13,3.09,3.1,3800
JAZZ,20120206,48.01,51,47.83,50.37,1893900
JBHT,20120206,51.18,52,51.04,51.91,1074400
JBLU,20120206,6.23,6.3,6.1,6.14,4859100
JBSS,20120206,10.12,10.3,9.85,9.94,39100
JCOM,20120206,28.71,29.29,28.71,29.18,166800
JCS,20120206,15.3,15.44,15.2,15.39,15700
JCTCF,20120206,9,9,9,9,0
JDSU,20120206,12.31,12.73,12.19,12.66,7378100
JFBI,20120206,2.6,2.6,2.6,2.6,0
JIVE,20120206,17.04,17.75,16.24,17.02,451000
JJSF,20120206,52.36,52.77,52.03,52.37,36500
JKHY,20120206,34.77,35.29,34.77,34.99,293700
JMBA,20120206,1.67,1.72,1.64,1.71,362800
JOBS,20120206,45,46.42,44.35,44.88,25300
JOEZ,20120206,0.7,0.74,0.7,0.73,235700
JOSB,20120206,49.12,49.12,48.78,48.87,283800
JOUT,20120206,18.54,18.54,18.21,18.43,4700
JRCC,20120206,6.81,7.52,6.81,7.48,4016200
JRJC,20120206,2.2,2.2,1.79,2.02,168200
JSM,20120206,21.68,21.68,21.3,21.41,7000
JST,20120206,8.55,8.74,8.55,8.65,25300
JVA,20120206,8.81,9.2,8.8,8.91,297200
JXSB,20120206,14.27,14.3,14.27,14.3,300
KALU,20120206,52,52.81,51.91,52,89600
KBALB,20120206,6.51,6.54,6.28,6.33,66400
KCAP,20120206,7.17,7.3,7.14,7.18,51000
KCLI,20120206,33.75,34.41,33.36,34.32,10600
KELYA,20120206,15.47,16.07,15.15,15.93,530400
KELYB,20120206,17.4,17.4,17.4,17.4,0
KEQU,20120206,9.37,9.5,9.37,9.5,1200
KERX,20120206,3.67,3.74,3.62,3.65,1742100
KEYN,20120206,19.53,19.87,19.41,19.69,108600
KEYW,20120206,7.28,7.51,7.18,7.44,110800
KFFB,20120206,9.05,9.05,9.05,9.05,0
KFRC,20120206,13.45,13.49,13.07,13.37,138800
KGJI,20120206,1.69,1.69,1.6,1.61,17300
KINS,20120206,3.32,3.32,3.3,3.3,800
KIOR,20120206,12.5,12.71,12.3,12.51,109000
KIPO,20120206,9.22,9.25,9.03,9.03,7400
KIPS,20120206,1.45,1.48,1.45,1.45,4800
KIRK,20120206,17.02,17.02,16.67,16.78,85700
KLAC,20120206,51.65,51.69,50.78,50.83,2622900
KLIC,20120206,11.41,11.63,11.35,11.53,856200
KNDI,20120206,3.26,3.46,3.22,3.37,17900
KONA,20120206,5.33,5.4,5.12,5.27,305800
KONE,20120206,0.45,0.45,0.38,0.38,6000
KONG,20120206,4.1,4.32,4.09,4.22,51300
KOOL,20120206,1.07,1.16,1.07,1.15,125100
KOPN,20120206,3.98,3.99,3.91,3.97,91500
KOSS,20120206,5.52,5.55,5.5,5.55,3100
KRNY,20120206,9.9,10.06,9.9,9.98,10300
KSWS,20120206,3.84,4.02,3.8,3.91,414900
KTCC,20120206,9,9.31,8.8,9.2,267200
KTEC,20120206,13,13.78,12.91,13.26,12200
KTOS,20120206,7.66,7.79,7.32,7.41,278000
KUTV,20120206,1.96,2,1.88,1.94,210700
KVHI,20120206,9.91,9.97,9.7,9.93,36900
LABC,20120206,15.96,15.96,15.96,15.96,0
LABL,20120206,23,23.19,22.51,23.05,33800
LACO,20120206,2.1,2.1,2.03,2.06,17200
LAKE,20120206,10.2,10.32,9.63,10.16,14500
LAMR,20120206,29.79,30.38,29.19,30.38,502800
LANC,20120206,69.68,69.96,69.37,69.6,46900
LARK,20120206,18.8,18.98,18.03,18.03,2500
LAWS,20120206,17.6,17.71,17.55,17.68,4500
LAYN,20120206,25.46,25.6,25.16,25.31,61300
LBAI,20120206,10.19,10.4,10.06,10.14,43700
LBIX,20120206,3.45,3.45,3.45,3.45,200
LBTYA,20120206,47.13,48.09,46.96,47.97,764100
LBTYB,20120206,45.88,45.88,45.88,45.88,0
LBTYK,20120206,45.28,46.2,45.21,46.01,179800
LCAV,20120206,5.42,5.46,5.3,5.4,57500
LCNB,20120206,12.65,12.65,12.56,12.56,1600
LCUT,20120206,12.6,12.63,12.34,12.61,10800
LEAP,20120206,9.41,9.69,9.4,9.61,1538100
LECO,20120206,45.19,45.6,45.01,45.35,239100
LEDR,20120206,3,3.21,2.96,3.12,15200
LEDS,20120206,3.24,3.3,3.15,3.27,62200
LFUS,20120206,53.61,54.2,53.51,53.68,80600
LGCY,20120206,28.32,28.85,28.2,28.82,101600
LGND,20120206,13.77,14.16,13.53,14.02,73200
LHCG,20120206,16.17,16.33,15.86,16.05,190200
LIFE,20120206,49.36,49.66,49.09,49.24,1045800
LIME,20120206,3.38,3.48,3.33,3.48,29700
LINC,20120206,9.5,9.58,9.32,9.53,62800
LINE,20120206,36.55,36.6,36.36,36.56,945800
LINTA,20120206,18.11,18.21,17.98,18.17,3100100
LINTB,20120206,18.18,18.18,18.16,18.16,200
LION,20120206,6.79,6.79,6.67,6.78,900
LIOX,20120206,2.74,2.83,2.72,2.79,156000
LIVE,20120206,4.85,6.37,4.85,5.7,434800
LIWA,20120206,6.63,6.67,6.49,6.61,52600
LKFN,20120206,26.61,26.66,25.75,25.82,67400
LKQ,20120206,16.28,16.47,16.225,16.395,392200
LLEN,20120206,3.2,3.25,3,3.03,255300
LLNW,20120206,3.47,3.76,3.45,3.71,2298200
LLTC,20120206,34.29,34.3,33.83,34.13,1631900
LMAT,20120206,5.68,5.82,5.68,5.82,4200
LMCA,20120206,84.1,85,83.85,84.03,518100
LMCB,20120206,83.73,83.73,83.73,83.73,0
LMIA,20120206,20.27,20.31,19.74,19.93,31200
LMNR,20120206,19.35,19.4,18.82,18.98,5800
LMNX,20120206,20.5,21.13,20.5,20.92,250300
LMOS,20120206,16.06,16.71,15.82,16.21,76600
LNBB,20120206,5.37,5.41,5.37,5.41,1000
LNCE,20120206,23.44,23.57,23.33,23.49,104600
LNDC,20120206,6.04,6.55,6.04,6.47,54800
LOAN,20120206,1.15,1.2,1.09,1.1,7000
LOCM,20120206,2.76,2.85,2.73,2.81,110500
LOGI,20120206,8.32,8.42,8.32,8.39,368700
LOGM,20120206,41.76,42.62,41.01,41.44,211900
LOJN,20120206,3.34,3.4,3.29,3.34,53500
LONG,20120206,16.66,16.66,16.22,16.35,1500
LOOK,20120206,1.38,1.41,1.37,1.4,7700
LOPE,20120206,17.06,17.24,16.91,17.12,177400
LORL,20120206,69.33,70.37,69.33,69.98,29900
LPHI,20120206,4.9,4.94,4.83,4.9,67000
LPLA,20120206,34.99,35.37,34.89,35.05,278900
LPNT,20120206,41.4,42.08,40.53,40.87,295600
LPSB,20120206,8.01,8.01,8.01,8.01,0
LPSN,20120206,12.66,12.86,12.5,12.56,127400
LPTH,20120206,1.58,1.64,1.42,1.55,36100
LQDT,20120206,39.99,40.96,39.41,39.88,512100
LRAD,20120206,1.45,1.51,1.45,1.51,22100
LRCX,20120206,43.86,43.96,42.93,43.23,3242600
LSBI,20120206,16.75,16.75,16.5,16.75,5700
LSBK,20120206,9.74,9.74,9.74,9.74,0
LSCC,20120206,6.9,7.02,6.88,6.88,1107500
LSTR,20120206,52.45,52.56,51.36,52.09,281600
LTBR,20120206,2.46,2.5,2.41,2.5,31800
LTON,20120206,1.31,1.33,1.3,1.31,69100
LTRE,20120206,6.28,6.44,6.17,6.31,7700
LTRX,20120206,3,3.05,2.98,3,18200
LTXC,20120206,7.53,7.59,7.47,7.56,207600
LUFK,20120206,76.68,77.8,76.46,77.09,377300
LULU,20120206,64.15,65.27,63.7,64.94,1325300
LUNA,20120206,1.79,1.8,1.67,1.75,16700
LWAY,20120206,9.5,9.58,9.38,9.54,8500
LXRX,20120206,1.69,1.74,1.6,1.71,666500
LYTS,20120206,7.21,7.31,7.2,7.24,82200
MAG,20120206,13,13.31,12.97,13.1,6100
MAGS,20120206,3.9,4.15,3.89,4.08,50400
MAKO,20120206,35.31,37.21,35.31,36.21,926500
MANH,20120206,45.82,46.56,45.82,46.17,152700
MANT,20120206,36.56,36.75,36.1,36.16,85300
MARK,20120206,6.88,6.94,5.81,6,36700
MARPS,20120206,25.05,25.28,25.05,25.11,1400
MASC,20120206,8.1,8.31,8.05,8.23,45300
MASI,20120206,22.57,22.89,22.35,22.7,247200
MAT,20120206,31.5,31.76,31.18,31.75,2731800
MATR,20120206,5.88,5.88,5.88,5.88,100
MATW,20120206,33.66,33.83,33.18,33.22,207800
MAXY,20120206,5.73,5.75,5.69,5.69,71900
MAYS,20120206,17,17,16.4,17,3600
MBFI,20120206,19.62,19.78,19.3,19.73,225800
MBLX,20120206,2.74,3.03,2.65,2.9,1161800
MBND,20120206,3.68,3.68,3.5,3.65,48800
MBRG,20120206,15.09,15.3,15.09,15.3,1400
MBTF,20120206,1.39,1.43,1.3,1.32,9000
MBVT,20120206,29.83,29.85,29.69,29.78,2600
MBWM,20120206,12.3,12.49,12.06,12.45,9200
MCBC,20120206,2.99,3.05,2.94,3.04,40800
MCBI,20120206,7.41,7.55,7.26,7.55,9200
MCEP,20120206,22.27,22.79,21.81,22.61,167500
MCGC,20120206,4.52,4.78,3.89,4.75,591400
MCHP,20120206,38.06,38.26,37.79,38.02,1722200
MCHX,20120206,4.5,4.59,4.36,4.4,85000
MCOX,20120206,7,7.3,6.85,6.9,47000
MCRI,20120206,11.24,11.32,10.93,11,23800
MCRL,20120206,11.82,11.99,11.67,11.72,269900
MCRS,20120206,51.77,52.1,51.53,51.89,205700
MDAS,20120206,12.09,12.22,11.96,12.14,286600
MDCA,20120206,14.37,14.46,14.1,14.27,40600
MDCI,20120206,6.02,6.02,5.86,5.9,33500
MDCO,20120206,21.87,22.21,21.87,21.99,636300
MDH,20120206,2.4,2.44,2.4,2.4,1800
MDRX,20120206,19.99,20.44,19.72,20.33,1112900
MDSO,20120206,21.56,21.56,19.94,20.05,413400
MDVN,20120206,72.73,76.65,72.73,74.41,879000
MEAD,20120206,3.4,3.4,3.4,3.4,0
MEAS,20120206,34.29,34.45,33.41,33.53,62000
MELA,20120206,4.53,4.68,4.45,4.45,364900
MELI,20120206,96.65,98.75,94.84,95.69,853400
MEMP,20120206,17.94,18.34,17.85,18.3,49900
MEMS,20120206,3.34,3.35,3.27,3.29,14500
MENT,20120206,14.51,14.78,14.4,14.52,422700
MEOH,20120206,28.86,29.74,28.7,29.64,405400
MERC,20120206,8.46,8.73,8.31,8.68,173300
MERU,20120206,3.95,4.05,3.7,3.72,508100
METR,20120206,11.6,11.6,11.34,11.45,26100
MFI,20120206,7.1,7.11,7.03,7.05,35100
MFLR,20120206,8.25,8.25,7.86,8.25,600
MFLX,20120206,27.01,27.15,26.66,27.02,44500
MFNC,20120206,5.45,5.45,5.45,5.45,1100
MFRI,20120206,7.69,7.74,7.66,7.72,1600
MFRM,20120206,31.03,31.46,30.85,31.21,214000
MFSF,20120206,9.4,9.52,9.05,9.15,16200
MGAM,20120206,10.4,10.48,9.75,9.86,421600
MGEE,20120206,45.89,46.27,45.6,45.87,32700
MGIC,20120206,6.75,7,6.75,6.88,403900
MGLN,20120206,48.63,48.74,47.84,48.13,180300
MGPI,20120206,6.62,6.63,6.32,6.47,27900
MGRC,20120206,33.09,33.09,32.29,32.46,60800
MGYR,20120206,4.28,4.4,4.28,4.4,600
MHGC,20120206,5.97,6.01,5.95,5.99,133600
MHLD,20120206,9.52,9.7,9.49,9.53,109800
MIDD,20120206,97.68,97.99,96.73,96.93,100500
MIND,20120206,22.97,23.54,22.75,23.52,173600
MINI,20120206,22.27,22.47,22.03,22.09,200900
MITK,20120206,8.72,9.07,8.64,8.7,550300
MITL,20120206,3.17,3.19,2.89,2.9,31800
MKSI,20120206,32.02,32.16,31.59,31.96,494800
MKTAY,20120206,38.46,38.74,38.41,38.6,10700
MKTG,20120206,10.43,11.47,10.43,11.2,204600
MKTX,20120206,34.06,34.13,32.74,32.91,167700
MLAB,20120206,45.83,45.83,45.35,45.79,3900
MLHR,20120206,22.54,22.65,22.08,22.37,298000
MLNK,20120206,5.92,5.96,5.81,5.87,90800
MLNX,20120206,37.38,37.47,36.88,37.36,190600
MLVF,20120206,7.6,7.6,7.6,7.6,0
MMLP,20120206,35.24,35.8,34.93,35.15,57500
MMSI,20120206,14.31,14.52,14.3,14.38,166400
MMUS,20120206,4.36,4.42,4.36,4.36,1000
MMYT,20120206,24.23,24.48,23.12,23.16,49000
MNDO,20120206,2.47,2.5,2.43,2.48,39700
MNGLU,20120206,10.08,10.32,10.08,10.32,800
MNGLW,20120206,0.69,0.69,0.69,0.69,0
MNKD,20120206,2.19,2.36,2.18,2.34,6549500
MNOV,20120206,2.22,2.23,2.14,2.15,21500
MNRK,20120206,7.0833,7.125,6.85,7.1083,1800
MNRO,20120206,44.2,44.77,44.05,44.59,175200
MNST,20120206,52.75,53.305,52.52,52.695,489000
MNTA,20120206,16.48,16.54,16.15,16.38,671000
MNTG,20120206,2.63,2.65,2.6,2.65,8600
MNTX,20120206,6.15,6.29,6.08,6.15,114900
MOBI,20120206,3.94,3.97,3.78,3.84,145000
MOCO,20120206,16.27,16.65,16.08,16.2,7000
MOFG,20120206,16.7,16.78,16.7,16.75,3500
MOLX,20120206,27.3,27.47,27.17,27.31,418000
MOLXA,20120206,22.89,22.89,22.66,22.75,134500
MORN,20120206,60.45,61.24,59.76,60.95,61300
MOSY,20120206,4.38,4.45,4.18,4.26,71800
MOVE,20120206,7.79,7.88,7.78,7.84,395300
MPAA,20120206,6.75,7.03,6.74,6.81,154700
MPAC,20120206,6.33,6.56,6.32,6.45,4300
MPB,20120206,8.5,8.56,8.43,8.5,5900
MPEL,20120206,12.04,12.07,11.56,11.66,6231100
MPET,20120206,0.98,1,0.98,1,188600
MPWR,20120206,17.02,17.02,16.42,16.46,97700
MRCY,20120206,14.39,14.46,14.06,14.35,141600
MRGE,20120206,6,6,5.88,5.89,272900
MRLN,20120206,14.33,14.7,14.2,14.37,12000
MRTN,20120206,22.15,22.24,21.86,22.17,38200
MRVL,20120206,16.55,16.56,16.21,16.34,8077900
MSBF,20120206,5.33,5.33,5.33,5.33,0
MSCC,20120206,21.06,21.42,20.98,21.08,360400
MSEX,20120206,19.24,19.3,18.9,19.04,57500
MSFG,20120206,9.97,9.99,9.76,9.94,63300
MSFT,20120206,30.07,30.22,29.97,30.2,28040300
MSG,20120206,29.35,29.58,29,29.49,101300
MSLI,20120206,2.08,2.08,2.08,2.08,0
MSON,20120206,1.68,2,1.65,1.81,79700
MSPD,20120206,6.82,6.91,6.48,6.51,382100
MSTR,20120206,126,126.01,123,125.05,224400
MTEX,20120206,4.39,4.39,4.39,4.39,100
MTGE,20120206,19.78,19.84,19.52,19.67,101000
MTRX,20120206,12.46,12.5,11.98,12.35,76000
MTSC,20120206,48.49,49.58,48.48,48.99,126400
MTSL,20120206,1.85,1.85,1.85,1.85,100
MTSN,20120206,2.82,2.89,2.76,2.79,960800
MU,20120206,7.7,7.88,7.68,7.72,32643900
MVIS,20120206,3.76,4.4,3.6,4.32,3423300
MVISW,20120206,0.21,0.24,0.21,0.24,5200
MWIV,20120206,82.63,86.94,82.62,84.83,85400
MXIM,20120206,27.56,27.62,27.15,27.27,2113000
MXWL,20120206,20.64,20.75,20.28,20.39,136700
MYGN,20120206,23.99,24.01,23.59,24,596800
MYL,20120206,22.31,22.43,22.2,22.33,5262400
MYRG,20120206,21.76,22.1,21.76,22.06,77700
NAFC,20120206,29.4,29.95,29.24,29.87,44400
NAII,20120206,9.2,9.21,9.1,9.21,11400
NANO,20120206,20.55,20.72,20.17,20.24,210000
NASB,20120206,12.5,12.5,12.4,12.4,400
NATH,20120206,20.89,21.94,20.65,20.65,1400
NATI,20120206,27.04,27.49,27.03,27.23,227200
NATL,20120206,26.8,27.11,26.66,26.98,19300
NATR,20120206,15.79,15.89,15.51,15.85,51900
NAUH,20120206,7.32,7.47,7.3,7.35,32400
NAVG,20120206,51.41,51.44,50.26,50.68,15600
NAVR,20120206,1.55,1.76,1.54,1.68,226100
NBBC,20120206,4,4.07,3.86,4.03,6000
NBIX,20120206,9.38,9.74,9.36,9.65,395300
NBN,20120206,12.9,12.9,12.9,12.9,0
NBTB,20120206,23.23,23.37,22.9,23.06,92500
NBTF,20120206,20.37,20.37,20.37,20.37,400
NCBC,20120206,2.4,2.4,2.23,2.39,500
NCIT,20120206,7.44,7.49,7.32,7.47,34700
NCMI,20120206,14.28,14.5,14.18,14.35,276400
NCTY,20120206,7.7,7.87,7.56,7.59,18300
NDAQ,20120206,24.97,25.36,24.91,25.35,2080100
NDSN,20120206,47.4,48.53,47.25,48.51,335800
NECB,20120206,6.41,6.57,6.4,6.5,1600
NEOG,20120206,34.01,34.95,33.65,34.36,99200
NEPT,20120206,2.51,2.55,2.49,2.51,21000
NETC,20120206,12.46,12.46,12.02,12.16,9100
NEWL,20120206,0.5,0.51,0.4,0.49,12400
NEWP,20120206,19.29,19.49,19.03,19.42,277300
NEWS,20120206,10.12,10.62,10.08,10.59,62300
NEWT,20120206,1.2,1.24,1.2,1.24,11300
NFBK,20120206,15.41,16.49,14.94,15.08,21900
NFEC,20120206,0.57,0.65,0.57,0.64,15500
NFLX,20120206,123.22,130.6,121.85,129.25,11664100
NFSB,20120206,12.61,12.65,12.6,12.65,900
NGPC,20120206,7.78,7.79,7.67,7.75,62000
NHTB,20120206,12,12.29,12,12,1700
NICE,20120206,36.33,36.37,35.75,35.81,183200
NICK,20120206,14,14,13.61,13.7,17300
NIHD,20120206,22.85,23.03,22.59,22.99,1956200
NILE,20120206,39.93,41.31,39.93,41.16,135700
NINE,20120206,1.29,1.34,1.29,1.34,3200
NKSH,20120206,30.65,30.87,30.31,30.74,8800
NKTR,20120206,7.15,7.4,7.07,7.36,1236900
NLNK,20120206,7,7.26,7,7.17,9700
NLST,20120206,3.45,3.8,3.41,3.76,848700
NMRX,20120206,8.87,9.09,8.87,9.08,7600
NNBR,20120206,8.93,9.32,8.92,9.08,150800
NOVB,20120206,10.15,10.15,10.15,10.15,0
NPBC,20120206,9.14,9.23,9.02,9.1,566100
NPSP,20120206,7.98,8.2,7.98,8.04,559800
NRCI,20120206,39.85,41.31,39.85,40.54,1800
NRIM,20120206,20.06,20.07,19.9,19.9,1700
NSEC,20120206,8.99,9.15,8.99,9.15,600
NSIT,20120206,19.45,19.45,18.91,19.08,74900
NSPH,20120206,2,2.02,1.91,1.94,257600
NSSC,20120206,2.85,2.87,2.7,2.75,18800
NSYS,20120206,3.74,3.74,3.74,3.74,100
NTAP,20120206,40.23,40.38,39.67,39.93,4686800
NTCT,20120206,20.76,21.43,20.68,21.3,229300
NTES,20120206,49.04,49.73,48.4,48.74,508800
NTGR,20120206,42.78,42.91,41.66,42.28,583400
NTIC,20120206,14.64,14.89,14.59,14.67,1900
NTK,20120206,28.01,28.01,28.01,28.01,0
NTLS,20120206,23.74,23.93,23.61,23.82,41100
NTRI,20120206,11.47,11.53,11.17,11.52,949000
NTRS,20120206,43.92,44.29,43.75,44.15,1790000
NTSC,20120206,5.05,5.07,4.81,5.03,13100
NTSP,20120206,8.81,9.01,8.67,8.85,238000
NTWK,20120206,6.2,6.5,5.6,6.1,286400
NUAN,20120206,29.79,29.89,29.18,29.31,4810100
NUCL,20120206,34.69,34.69,34.39,34.39,5400
NURO,20120206,8.04,8.28,7.44,7.44,57200
NUTR,20120206,14.2,14.21,13.95,14.19,25700
NUVA,20120206,17,17.38,16.82,17,635700
NVAX,20120206,1.5,1.51,1.47,1.49,345600
NVDA,20120206,15.74,15.76,15.56,15.69,6972600
NVEC,20120206,57.6,58.46,57.5,57.87,8900
NVMI,20120206,8.87,8.87,8.5,8.56,108300
NVSL,20120206,7.2,7.2,7.17,7.17,600
NVTL,20120206,3.28,3.49,3.28,3.4,220100
NWBI,20120206,12.8,12.8,12.59,12.62,270600
NWFL,20120206,27,27,26.11,26.5,600
NWLI,20120206,152.93,153.28,149.91,152.66,1200
NWPX,20120206,23.76,25.06,23.65,24.99,53500
NWS,20120206,19.92,20.2,19.9,20.2,2264100
NWSA,20120206,19.22,19.57,19.22,19.56,15579100
NXPI,20120206,22.53,22.68,21.68,21.74,1433500
NXST,20120206,8.37,8.51,8.37,8.49,14600
NXTM,20120206,19.08,19.61,18.86,19.46,373000
NYMT,20120206,7.1,7.14,7.01,7.01,126100
NYMX,20120206,8.71,8.83,8.61,8.77,41700
NYNY,20120206,2.17,2.19,2.1,2.19,17100
OABC,20120206,16.99,16.99,16.85,16.95,6600
OBAF,20120206,14.15,14.25,14.15,14.25,1000
OBAS,20120206,5.5,5.5,5.5,5.5,1000
OBCI,20120206,2.27,2.32,2.14,2.23,34800
OCC,20120206,3.4,3.57,3.26,3.41,5900
OCFC,20120206,14.07,14.35,13.95,14.03,32700
OCLR,20120206,4.79,4.86,4.75,4.79,1008600
OCLS,20120206,7.42,7.42,7.21,7.35,51000
OCZ,20120206,9.25,9.25,8.9,9.04,2478100
ODFL,20120206,29.6067,29.7867,29.3867,29.5933,169500
OFED,20120206,11.55,11.55,11.55,11.55,0
OFIX,20120206,40.85,41.24,40.57,41.06,41700
OFLX,20120206,16.92,17.47,16.17,16.66,6200
OGXI,20120206,14.23,15.33,14.2,15.05,224800
OIIM,20120206,5.06,5.17,4.95,5.11,89600
OINK,20120206,1.6,1.64,1.55,1.64,14400
OKSB,20120206,8.46,8.8,8.45,8.77,64700
OKSBP,20120206,24.01,24.01,24.01,24.01,400
OLBK,20120206,8.89,8.89,8.89,8.89,0
OMAB,20120206,15.32,15.5,15.3,15.49,1100
OMCL,20120206,16.39,16.64,16.29,16.55,553300
OMER,20120206,5.85,5.97,5.85,5.94,53800
OMEX,20120206,3.44,3.5,3.31,3.46,576400
OMPI,20120206,10.73,10.86,10.73,10.84,27600
ONCY,20120206,5.41,5.52,5.33,5.39,85100
ONEQ,20120206,114.17,114.42,113.66,114.32,7400
ONFC,20120206,9.59,9.6,9.55,9.55,6700
ONNN,20120206,9.1,9.2,9.02,9.15,5260100
ONTY,20120206,7.87,8.1,7.71,7.98,781600
ONVI,20120206,3.07,3.12,3.04,3.04,2300
ONXX,20120206,42.4,43.63,42.19,43.29,754400
OPAY,20120206,4.4,4.99,4.37,4.8,44100
OPEN,20120206,51.67,52.64,49.68,50.14,1050400
OPHC,20120206,0.68,0.71,0.64,0.71,1300
OPLK,20120206,18.64,18.99,18.52,18.71,93900
OPOF,20120206,10.1,10.1,10.1,10.1,100
OPTR,20120206,13.22,13.98,13.22,13.79,670500
OPTT,20120206,3.28,3.46,3.21,3.4,88600
OPXA,20120206,3.96,3.96,3.8,3.88,34400
ORBC,20120206,3.5,3.65,3.4,3.54,183700
ORBK,20120206,10.9,10.9,10.74,10.81,83700
ORBT,20120206,3.85,3.92,3.85,3.92,600
ORCL,20120206,29,29.07,28.81,29,16582600
OREX,20120206,2.85,3.25,2.82,3.21,1771600
ORIG,20120206,15.68,16,15.48,15.78,134800
ORIT,20120206,13.46,13.49,13.27,13.38,118800
ORLY,20120206,82.5,83.38,82.06,82.36,796400
ORRF,20120206,7.71,7.71,7.6,7.66,13300
OSBC,20120206,1.26,1.3,1.17,1.25,12500
OSBCP,20120206,3.95,3.95,3.88,3.95,7900
OSH,20120206,18.59,21.8,18.59,21.23,53900
OSHC,20120206,10.63,10.74,10.5,10.6,3300
OSIR,20120206,5.87,6.09,5.86,6.06,80900
OSIS,20120206,56.49,56.9,55.35,55.56,61300
OSM,20120206,22.7,23,22.62,22.92,32000
OSN,20120206,1.16,1.18,1.12,1.12,14000
OSTK,20120206,7.05,7.07,6.9,6.95,80400
OSUR,20120206,11.1,11.78,11.1,11.56,449500
OTEX,20120206,60.41,60.72,59.5,60.59,623600
OTIV,20120206,1.33,1.42,1.28,1.39,178200
OTT,20120206,12.4,12.49,12.15,12.2,94600
OTTR,20120206,22.39,22.43,22.18,22.28,109000
OUTD,20120206,7.25,7.4,7.09,7.39,13300
OVBC,20120206,18.44,18.83,18.36,18.36,2900
OVLY,20120206,6.99,6.99,6.99,6.99,0
OVRL,20120206,2.03,2.13,2,2.05,35500
OVTI,20120206,15.84,16.42,15.5,16.05,3203100
OXBT,20120206,2.07,2.25,2.06,2.21,34700
OXGN,20120206,1.09,1.23,1.09,1.17,1506800
OXLC,20120206,15.4,15.55,15.4,15.55,5000
OZRK,20120206,28.93,29.27,28.9,29.23,277300
PAAS,20120206,23.72,24.01,23.55,23.8,977100
PACB,20120206,4.78,4.93,4.76,4.93,314300
PACQ,20120206,9.7,9.7,9.7,9.7,0
PACQW,20120206,0.34,0.34,0.34,0.34,1000
PACR,20120206,6.13,6.19,6.02,6.13,163900
PACW,20120206,22.04,22.1,21.75,22.01,141600
PAGG,20120206,29.91,30.04,29.82,29.95,13100
PANL,20120206,47.59,47.8,46.78,47,585800
PATH,20120206,2.23,2.45,2.23,2.39,129000
PATK,20120206,6,6.22,5.85,5.96,46200
PATR,20120206,24.6,24.6,22.75,23.18,9500
PAYX,20120206,31.81,31.89,31.63,31.73,2076600
PBCT,20120206,12.52,12.58,12.44,12.5,3913800
PBHC,20120206,9.22,9.22,9.22,9.22,0
PBIB,20120206,2.07,2.07,2.05,2.05,10200
PBIP,20120206,5.27,5.44,5.27,5.3,500
PBSK,20120206,11.6,11.6,11.6,11.6,600
PCAR,20120206,44.29,44.32,43.65,43.81,2245200
PCBK,20120206,9.08,9.08,8.93,8.94,40500
PCCC,20120206,10.31,10.31,9.75,9.86,241800
PCH,20120206,30.85,31.23,30.81,31.15,276400
PCLN,20120206,544.8,547.6,536.61,536.73,717000
PCO,20120206,2.69,2.75,2.69,2.69,175400
PCOM,20120206,8.75,8.8,8.55,8.72,42400
PCRX,20120206,10.88,10.88,10.27,10.41,83600
PCTI,20120206,7.56,7.65,7.42,7.59,11700
PCYC,20120206,19.24,19.86,19.15,19.46,451200
PCYO,20120206,2.71,2.75,2.46,2.56,31600
PDCO,20120206,32.46,32.5,32.27,32.36,458500
PDEX,20120206,2.9,2.9,2.75,2.84,21700
PDFS,20120206,6.56,6.7,6.56,6.67,40800
PDII,20120206,6.63,6.64,6.5,6.6,8700
PDLI,20120206,6.48,6.5,6.33,6.42,1446500
PEBK,20120206,6.53,6.64,6.5,6.61,6100
PEBO,20120206,16.55,17.15,16.55,17.02,27700
PEGA,20120206,28.99,29.41,28.7,28.91,287300
PEIX,20120206,1.09,1.1,1.08,1.1,1509700
PENN,20120206,40.52,41.86,40.52,41.81,487400
PENX,20120206,5.52,5.7,5.52,5.53,2700
PEOP,20120206,15.01,15.12,15.01,15.12,8400
PERF,20120206,10.1,10.81,10,10.43,33300
PERI,20120206,5.38,5.38,5.22,5.25,23900
PERY,20120206,16.57,16.92,16.48,16.85,139200
PESI,20120206,1.61,1.68,1.59,1.65,74800
PETM,20120206,53.81,53.85,52.84,53.01,882200
PETS,20120206,12.62,12.67,12.33,12.36,170400
PFBC,20120206,9.32,9.32,9.16,9.16,2800
PFBI,20120206,5.95,6.32,5.69,6.15,3500
PFBX,20120206,11.01,11.01,11.01,11.01,0
PFIN,20120206,4,4.06,4,4,6000
PFLT,20120206,11.51,11.55,11.34,11.34,8200
PFSW,20120206,2.89,3.04,2.81,2.93,38300
PGC,20120206,11.87,12.09,11.87,12.09,6900
PGNX,20120206,10.03,10.22,9.92,10.17,75100
PGTI,20120206,1.48,1.56,1.48,1.56,52500
PHII,20120206,24.33,24.33,24.19,24.33,600
PHIIK,20120206,25.69,25.76,25.6,25.64,6800
PHMD,20120206,13.03,14,13.03,13.35,8500
PICO,20120206,24.16,24.43,23.64,23.9,53200
PKBK,20120206,6.2,6.28,5.9,6.21,10000
PKOH,20120206,20.12,20.2,19.77,20.03,28100
PKT,20120206,17.56,18.55,17.55,18.34,186300
PLAB,20120206,7.4,7.41,7.18,7.32,458500
PLBC,20120206,2.35,2.35,2.2,2.28,6700
PLCC,20120206,0.66,0.66,0.66,0.66,2000
PLCE,20120206,50.24,50.77,49.18,49.67,665800
PLCM,20120206,20.55,20.89,20.29,20.73,2264200
PLMT,20120206,5.5,5.65,5.5,5.6,2300
PLNR,20120206,2.22,2.31,2.2,2.27,9800
PLPC,20120206,66.86,69.73,66.68,68.61,6100
PLTM,20120206,20.99,21.08,20.95,21.05,9500
PLUG,20120206,2.03,2.09,2.02,2.04,172900
PLUS,20120206,31.72,32.57,31.58,32.54,11200
PLXS,20120206,37.62,38.21,37.36,37.4,236000
PLXT,20120206,3.21,3.23,3.13,3.22,41400
PMBC,20120206,3.99,4.05,3.8,3.8,5600
PMCS,20120206,6.78,6.85,6.72,6.74,3200300
PMD,20120206,9.65,9.7,9.62,9.62,7600
PMFG,20120206,27.35,27.35,26.74,27.01,34300
PMNA,20120206,10.82,10.87,10.82,10.83,600
PMTC,20120206,25.62,26.17,25.6,26.1,1849900
PMTI,20120206,9.09,9.22,9.03,9.19,75200
PNBK,20120206,1.88,1.88,1.88,1.88,0
PNFP,20120206,17.39,17.39,17.14,17.25,111400
PNNT,20120206,10.57,10.63,10.51,10.55,347500
PNQI,20120206,38.18,38.52,38.18,38.3,31700
PNRA,20120206,156.75,158.78,156.18,157.18,636000
PNRG,20120206,22.81,24.23,22.81,23.95,2400
PNTR,20120206,3.05,3.05,3,3.05,2900
PODD,20120206,19.95,19.95,19.51,19.7,377100
POOL,20120206,35,35.1,34.53,35.05,172700
POPE,20120206,44.02,45.67,44.02,45.67,1500
POWI,20120206,38.52,39.38,38.15,38.61,204500
POWL,20120206,37.13,37.82,37.13,37.6,41700
POWR,20120206,6.2,6.29,6.19,6.25,45000
POZN,20120206,4.71,4.78,4.68,4.73,172700
PPBI,20120206,7.59,7.6,7.5,7.6,1500
PPHM,20120206,0.99,1.04,0.99,1.01,3415900
PRAA,20120206,69.75,70.13,69.2,70.09,61800
PRAN,20120206,1.76,1.95,1.76,1.9,298900
PRCP,20120206,5.41,5.48,5.23,5.46,13700
PRFT,20120206,11.97,12.04,11.82,12,72400
PRFZ,20120206,67.25,67.58,67.2,67.44,18600
PRGO,20120206,92.09,95.07,92.09,94.01,1638100
PRGS,20120206,23.58,23.63,23.25,23.62,276400
PRGX,20120206,6.15,6.15,5.9,6.08,55800
PRIM,20120206,16.55,16.64,16.28,16.34,179900
PRKR,20120206,0.79,0.89,0.78,0.82,188000
PRLS,20120206,3.92,3.95,3.91,3.94,600
PRMW,20120206,3.06,3.55,3.06,3.45,911500
PROV,20120206,9.41,9.66,9.41,9.66,3300
PRPH,20120206,1.16,1.16,1.11,1.11,20100
PRSC,20120206,15.47,15.5,15.3,15.39,80700
PRTS,20120206,5.03,5.03,4.94,4.98,28500
PRXI,20120206,2.45,2.45,2.41,2.43,77300
PRXL,20120206,24.73,25.23,24.19,24.91,603700
PSAU,20120206,44.5,44.69,44.45,44.48,11900
PSBH,20120206,4.5,4.5,4.5,4.5,300
PSCC,20120206,33.2,33.2,32.9,33,31400
PSCD,20120206,31.35,31.35,30.9,31.03,18600
PSCE,20120206,37.49,38.28,37.46,38.23,8700
PSCF,20120206,29.47,29.48,29.36,29.39,2400
PSCH,20120206,34.04,34.27,34,34.04,22100
PSCI,20120206,30.92,30.92,30.71,30.71,10300
PSCM,20120206,30.21,30.22,30.15,30.15,1500
PSCT,20120206,31.8,31.8,31.59,31.64,53200
PSCU,20120206,31.5,31.5,31.38,31.38,800
PSDV,20120206,1.27,1.34,1.26,1.3,72100
PSEC,20120206,10.64,10.69,10.6,10.64,711200
PSEM,20120206,8.48,8.49,8.12,8.19,35800
PSMT,20120206,65.98,66.57,64.35,66.36,397900
PSTB,20120206,4.71,4.88,4.68,4.82,253900
PSTI,20120206,2.6,2.62,2.55,2.56,57900
PSTR,20120206,3.44,3.47,3.32,3.41,12900
PSUN,20120206,1.83,1.88,1.81,1.87,384200
PTEK,20120206,0.62,0.64,0.62,0.63,3500
PTEN,20120206,18.36,18.55,18.15,18.5,2791400
PTIE,20120206,4.24,4.3,4.2,4.22,63900
PTIX,20120206,1.8,2.06,1.8,1.98,1300
PTNR,20120206,8.65,8.75,8.51,8.72,198300
PTNT,20120206,8.23,8.24,8.09,8.15,32300
PTRY,20120206,12.13,12.21,11.94,11.99,128800
PTSI,20120206,10.67,10.68,10.5,10.58,500
PTSX,20120206,1.15,1.15,1.12,1.12,1100
PULB,20120206,7.44,7.52,7.26,7.52,14300
PURE,20120206,0.42,0.43,0.38,0.39,223100
PVFC,20120206,1.6,1.61,1.59,1.61,11500
PVTB,20120206,14.94,14.95,14.68,14.86,519400
PVTBP,20120206,26.64,26.7,26.25,26.6,2300
PWER,20120206,5.31,5.44,5.12,5.42,3028600
PWOD,20120206,40.96,41,40.33,40.71,3300
PWRD,20120206,12.07,13.05,12,12.9,1593100
PWX,20120206,11.74,12.25,11.74,12.24,11800
PXLW,20120206,2.39,2.4,2.3,2.35,33900
PZZA,20120206,40.37,40.42,39.74,40.32,95200
PZZI,20120206,5.52,5.55,5.4,5.46,74900
QABA,20120206,24.92,24.92,24.71,24.71,1500
QADA,20120206,14.09,14.09,13.85,13.93,3000
QADB,20120206,13.6,14,13.6,13.85,2300
QBAK,20120206,1.83,1.83,1.83,1.83,800
QCCO,20120206,3.53,3.65,3.43,3.56,4200
QCLN,20120206,11.49,11.55,11.49,11.55,3900
QCOM,20120206,60.87,61.12,60.54,61.07,11061100
QCOR,20120206,36.19,38.55,36.17,38.08,3326900
QCRH,20120206,9.44,9.8,9.34,9.79,3100
QDEL,20120206,14.76,14.91,14.35,14.44,287400
QGEN,20120206,15.7,15.94,15.69,15.86,783900
QKLS,20120206,20.16,20.64,19.2,19.2,82000
QLGC,20120206,17.52,17.55,17.31,17.48,650000
QLIK,20120206,29.39,29.39,28.79,28.99,487100
QLTI,20120206,7.15,7.69,7.13,7.65,241400
QLTY,20120206,11.88,11.9,11.61,11.67,319600
QNST,20120206,10.14,10.74,9.97,10.58,245900
QQEW,20120206,25.87,25.96,25.82,25.91,20600
QQQ,20120206,61.82,62.02,61.66,62,28541000
QQQC,20120206,15.34,15.34,15.04,15.04,1900
QQQX,20120206,14.7,14.74,14.63,14.65,69000
QQXT,20120206,23.31,23.42,23.31,23.4,6600
QSII,20120206,42.49,43.16,42.23,42.4,342200
QTEC,20120206,27.45,27.45,27.27,27.35,70700
QTWW,20120206,1.09,1.23,0.99,1.2,1577600
QUIK,20120206,3.01,3.01,2.88,2.92,90700
RADA,20120206,1.94,2.13,1.92,1.92,1100
RAIL,20120206,23.24,23.56,22.9,23.31,26600
RAND,20120206,3.34,3.34,3.34,3.34,0
RAVN,20120206,34.45,34.855,33.77,33.985,19700
RBCAA,20120206,26,26.49,25.75,25.99,30000
RBCN,20120206,12.09,12.13,11.64,11.7,196900
RBNF,20120206,3.6,3.62,3.6,3.62,4000
RBPAA,20120206,1.34,1.35,1.29,1.29,3700
RCII,20120206,34.03,34.95,34.03,34.7,492400
RCKB,20120206,11.25,11.25,11.03,11.08,23100
RCKY,20120206,11.81,11.81,11.63,11.77,25700
RCMT,20120206,5.57,5.68,5.5,5.6,9100
RCON,20120206,0.46,0.47,0.35,0.43,13200
RDA,20120206,13.52,13.66,13.37,13.57,58500
RDCM,20120206,4.34,4.47,4.3,4.34,3500
RDEN,20120206,37.32,39.32,36.72,38.17,238800
RDI,20120206,4.28,4.33,4.25,4.33,16300
RDNT,20120206,2.62,2.65,2.51,2.6,60300
RDWR,20120206,16.49,16.5,16.2,16.35,121500
RECN,20120206,13.13,13.33,13.13,13.25,171100
RECV,20120206,2.65,2.7,2.65,2.7,10800
REDF,20120206,7.59,7.7,7.5,7.54,141000
REFR,20120206,3.99,4.02,3.97,4.01,34300
REGI,20120206,9.29,9.29,8.96,9.28,19000
REGN,20120206,94.78,101.72,94.73,101.14,1706600
REIS,20120206,12.49,12.49,10,10.38,3400
RELL,20120206,12.64,12.71,12.24,12.44,131800
RELV,20120206,1.28,1.31,1.25,1.31,7200
RENT,20120206,19.6,19.6,19,19.16,34600
REXI,20120206,5.57,5.95,5.57,5.81,8100
REXX,20120206,10.14,10.33,10,10.32,513000
RFIL,20120206,3.84,3.88,3.84,3.84,5500
RFMD,20120206,5.35,5.38,5.2,5.23,4507100
RGCO,20120206,18.03,18.03,18,18,2200
RGDX,20120206,1.6,1.79,1.6,1.75,49800
RGEN,20120206,4.14,4.15,4.03,4.13,18500
RGLD,20120206,73.29,73.9,72.5,73.02,624300
RICK,20120206,10.32,10.4,10.21,10.34,53200
RIGL,20120206,10.39,10.57,10.15,10.34,358800
RIMG,20120206,12.99,13.19,12.64,12.76,32000
RITT,20120206,3.85,4.23,3.85,4,18400
RIVR,20120206,15.2,15.2,15.2,15.2,0
RJET,20120206,6.24,6.27,6.13,6.17,310700
RLOC,20120206,9,9.19,8.81,8.98,108700
RLOG,20120206,6.84,6.96,6.84,6.9,900
RMBS,20120206,7.56,7.6,7.44,7.54,830100
RMCF,20120206,8.64,8.7,8.63,8.7,7800
RMKR,20120206,0.86,0.86,0.79,0.85,9400
RMTI,20120206,10.93,11.14,10.91,11.04,61100
RNET,20120206,17.4,17.46,17.35,17.45,16700
RNIN,20120206,4.3,4.5,4.25,4.3,26000
RNST,20120206,16.41,16.46,15.81,15.93,48200
RNWK,20120206,11.19,11.25,10.97,11.16,250100
ROCK,20120206,17.19,17.44,16.67,16.89,83700
ROCM,20120206,7.93,8.06,7.59,7.62,17700
ROIA,20120206,1.12,1.12,1.12,1.12,0
ROIAK,20120206,1.05,1.07,1.02,1.06,39200
ROIC,20120206,11.99,12,11.94,11.96,373200
ROICW,20120206,0.9,0.9,0.88,0.89,22500
ROLL,20120206,47.01,47.12,46.65,46.99,46900
ROMA,20120206,10.95,11.01,10.94,11,4400
ROSE,20120206,49.43,51.36,49.17,51.29,483400
ROSG,20120206,4.65,6,4.65,5.1,560600
ROST,20120206,51.65,51.66,50.91,51.32,2151200
ROVI,20120206,34.55,34.86,33.44,34.02,1302200
ROYL,20120206,4.84,4.84,4.62,4.66,173700
RP,20120206,28.61,28.91,28.17,28.53,75400
RPRX,20120206,4.6,4.65,4.54,4.6,53100
RPTP,20120206,7.38,7.59,7.32,7.52,255900
RPXC,20120206,17.31,17.43,17.26,17.38,44900
RRD,20120206,11.92,12.33,11.9,12.31,5456500
RRGB,20120206,32.65,32.76,32.1,32.2,63900
RRST,20120206,4.45,4.45,4.45,4.45,0
RSOL,20120206,1.48,1.6,1.46,1.51,15000
RSTI,20120206,26.02,26.39,25.55,26.38,166500
RSYS,20120206,7.3,7.7,7.16,7.47,136200
RTEC,20120206,10.77,10.84,10.6,10.72,279000
RTIX,20120206,4.02,4.02,3.85,3.85,309100
RUE,20120206,25.38,25.94,25.25,25.93,166700
RUSHA,20120206,23.67,23.76,23.24,23.39,124100
RUSHB,20120206,19.37,19.37,19.37,19.37,1300
RUTH,20120206,6.39,6.4,6.22,6.25,141800
RVBD,20120206,26.44,27.78,25.91,27.55,6691500
RVSB,20120206,2.13,2.15,2.12,2.15,2700
RYAAY,20120206,34.1,34.9,34.03,34.27,174400
SAAS,20120206,5.22,5.32,5.19,5.21,366300
SAFM,20120206,48.98,49.49,48.56,49.48,144800
SAFT,20120206,45.02,45.07,44.45,44.72,20600
SAIA,20120206,16.69,16.97,16.44,16.67,78800
SALM,20120206,2.92,2.92,2.52,2.73,63100
SANM,20120206,11.96,12.1,11.81,12.03,482100
SANW,20120206,4.62,4.62,4.36,4.48,32000
SANWW,20120206,0.75,0.75,0.75,0.75,0
SANWZ,20120206,0.23,0.23,0.23,0.23,0
SAPE,20120206,13.6,13.72,13.24,13.38,710500
SASR,20120206,19.35,19.48,18.82,18.92,28100
SATS,20120206,28.72,29.51,28.51,29.42,192000
SAVE,20120206,19.4,19.49,18.62,18.99,660200
SBAC,20120206,45.35,45.6,45.01,45.45,876500
SBBX,20120206,5,5,5,5,0
SBCF,20120206,1.78,1.79,1.72,1.76,221500
SBGI,20120206,12.64,12.73,12.46,12.49,258100
SBLK,20120206,17.55,17.7,16.95,17.55,1053400
SBNY,20120206,59.24,59.26,58.26,58.46,240800
SBNYW,20120206,34.2,34.2,34.2,34.2,200
SBRA,20120206,14.45,14.61,14.35,14.45,140300
SBSA,20120206,5.46,5.74,5.41,5.54,70700
SBSI,20120206,22.1,22.1,21.75,21.83,35300
SBUX,20120206,48.12,48.5,47.99,48.29,3707600
SCBT,20120206,33.01,33.38,32.52,32.7,34200
SCHL,20120206,31.18,31.71,30.4,31.43,100500
SCHN,20120206,45.26,45.57,44.87,45.12,191100
SCLN,20120206,4.97,5.17,4.96,5.07,136800
SCMP,20120206,6.02,6.22,6,6.08,73400
SCOK,20120206,2.86,3,2.85,3,23200
SCON,20120206,18.12,18.84,17.76,17.76,174700
SCOR,20120206,23.43,23.67,22.82,23,236600
SCSC,20120206,38.92,39.14,38.64,38.73,53100
SCSS,20120206,27.01,28.05,26.78,27.63,1272000
SCVL,20120206,17.1933,17.22,16.9933,17.0733,40200
SDBT,20120206,2.68,2.8,2.68,2.76,24700
SDIX,20120206,1.91,2,1.85,2,180500
SEAC,20120206,7.19,7.2,7.07,7.12,133600
SEED,20120206,2.51,2.55,2.5,2.55,18300
SEIC,20120206,19.33,19.52,19.33,19.47,732500
SENEA,20120206,28.92,29,28.51,28.61,12800
SENEB,20120206,28.75,28.75,28.56,28.56,1500
SEV,20120206,6.14,6.14,6,6.1,16300
SFLY,20120206,27.83,28.83,27.08,28.35,1380900
SFNC,20120206,28.33,28.4,27.94,28.16,37100
SFST,20120206,6.9,6.9,6.9,6.9,200
SGC,20120206,13.11,13.16,12.89,12.89,12300
SGEN,20120206,19.48,20,19.43,19.85,1688400
SGI,20120206,14.46,14.87,14.38,14.76,324500
SGMA,20120206,3.74,3.74,3.74,3.74,0
SGMO,20120206,4.55,4.62,4.45,4.54,506800
SGMS,20120206,12.97,13.05,12.64,12.99,754000
SGNT,20120206,22.31,23.48,22.02,23.46,151700
SGOC,20120206,0.98,0.99,0.85,0.9,8300
SGRP,20120206,1.17,1.17,1.16,1.16,500
SGYP,20120206,3.5,4.08,3.5,4.08,118300
SGYPU,20120206,8.7,9,8.7,9,10000
SGYPW,20120206,1.3,1.37,1.25,1.28,20000
SHBI,20120206,5.9,5.9,5.66,5.74,1000
SHEN,20120206,10.39,10.44,10.15,10.34,44400
SHFL,20120206,13.94,14.12,13.75,13.98,298700
SHIP,20120206,2.24,2.6,2.23,2.6,84100
SHLD,20120206,44.11,44.79,43.2,44.55,698600
SHLM,20120206,25.6,25.98,25.6,25.89,110700
SHLO,20120206,10.55,10.77,10.33,10.49,17300
SHOO,20120206,40.9,41.41,40.6,41.33,305100
SHOR,20120206,5.36,5.64,5.35,5.57,1067700
SIAL,20120206,70.38,71.21,70.38,70.97,460000
SIBC,20120206,11.5,11.5,11.5,11.5,0
SIEB,20120206,1.6,1.6,1.6,1.6,0
SIFI,20120206,10.41,10.5,10.4,10.42,5800
SIFY,20120206,4.4,4.47,4.31,4.35,367900
SIGA,20120206,3.71,3.78,3.65,3.72,674800
SIGI,20120206,18.6,18.78,18.59,18.7,406300
SIGM,20120206,6.05,6.14,6.02,6.11,101400
SILC,20120206,16.99,17.33,16.57,16.92,46300
SIMG,20120206,5.75,5.8,5.51,5.67,1366100
SIMO,20120206,23.1,23.2,21.22,21.5,1392600
SINA,20120206,70.66,72.25,69.6,70.08,5447500
SINO,20120206,2.84,3.2,2.84,3.12,35600
SIRI,20120206,2.14,2.16,2.13,2.15,27694700
SIRO,20120206,47.79,48.97,47.36,48.37,578600
SIVB,20120206,57.75,58.77,57.75,58.31,267100
SIVBO,20120206,25.31,25.31,25.3,25.3,1500
SKBI,20120206,3,3.09,2.91,3.09,15400
SKUL,20120206,14.49,15.15,14.38,14.96,760600
SKYW,20120206,13.97,13.99,13.55,13.61,150700
SKYY,20120206,19.98,19.98,19.81,19.97,37700
SLAB,20120206,45.28,45.46,44.85,45.02,156600
SLGN,20120206,42.83,43.36,42.65,43.2,192200
SLM,20120206,15.85,15.99,15.67,15.88,2383600
SLMAP,20120206,44.22,44.22,44,44,12000
SLMBP,20120206,46.86,46.86,46.86,46.86,100
SLP,20120206,3.28,3.37,3.14,3.28,10400
SLRC,20120206,23.35,23.49,23.17,23.36,239700
SLTC,20120206,3.15,3.68,3.15,3.41,3600
SLTM,20120206,3,3.05,2.94,2.99,127800
SLXP,20120206,49.25,49.56,48.08,48.55,627600
SMBC,20120206,22.8,22.8,22.6,22.6,2100
SMCI,20120206,17.24,17.41,17.22,17.41,116400
SMED,20120206,3.78,3.88,3.77,3.84,7200
SMIT,20120206,3.27,3.27,3.27,3.27,0
SMMF,20120206,3.33,3.33,3.33,3.33,100
SMRT,20120206,7.37,7.46,7.28,7.44,58600
SMSI,20120206,1.91,2.39,1.9,2.19,2211800
SMT,20120206,3.69,3.78,3.63,3.73,605100
SMTC,20120206,30.07,30.07,29.65,29.74,225200
SMTX,20120206,2.88,3.07,2.84,3.06,168100
SNAK,20120206,4,4.05,3.98,4.05,17700
SNBC,20120206,2.97,3.04,2.91,3.01,84400
SNCR,20120206,35.04,35.17,33.83,34.01,656600
SNDK,20120206,47.49,47.61,46.91,47.56,3161100
SNFCA,20120206,1.65,1.65,1.36,1.4,8000
SNHY,20120206,30.33,30.81,30,30.5,63800
SNMX,20120206,3.28,3.47,3.28,3.42,95800
SNPS,20120206,29.51,30.08,29.5,29.74,1118100
SNSS,20120206,1.55,1.55,1.47,1.52,138600
SNTA,20120206,4.96,5.2,4.96,5.12,526900
SNTS,20120206,4.91,5.04,4.75,5,673500
SOCB,20120206,1.34,1.45,1.34,1.35,3200
SOCL,20120206,15.25,15.25,14.84,14.95,141900
SODA,20120206,40.25,42.74,40.08,42.31,1347000
SOFO,20120206,7.32,8.15,7.32,7.89,9800
SOHU,20120206,54.47,55.25,52.17,53.41,7406700
SOMH,20120206,7.82,7.88,7.8,7.88,700
SONA,20120206,6.25,6.25,6.23,6.23,1600
SONC,20120206,7.52,7.84,7.44,7.81,875900
SONS,20120206,2.7,2.72,2.68,2.72,937300
SORL,20120206,3.25,3.4,3.17,3.35,111000
SOXX,20120206,57.77,57.77,56.98,57.29,149400
SPAN,20120206,16.25,16.73,15.9,16.27,11800
SPAR,20120206,6.52,6.56,6.29,6.47,86200
SPBC,20120206,10.72,10.72,10.72,10.72,0
SPCHA,20120206,1.71,1.75,1.7,1.75,900
SPCHB,20120206,2.25,2.25,2.21,2.24,2000
SPEX,20120206,21,21.2,20.4,21,60200
SPIL,20120206,5.34,5.37,5.25,5.27,2895200
SPIR,20120206,1.09,1.09,0.99,1.05,11600
SPLS,20120206,14.78,14.93,14.7,14.88,4743000
SPMD,20120206,3,3.04,2.84,2.89,56100
SPNC,20120206,8.64,8.77,8.5,8.54,93100
SPNS,20120206,3.97,3.97,3.89,3.9,4200
SPPI,20120206,14.27,14.49,14.15,14.21,1452000
SPPR,20120206,1.12,1.18,1.1,1.14,186400
SPPRO,20120206,23.12,23.4,23.12,23.37,600
SPPRP,20120206,8.25,8.25,8.25,8.25,9600
SPRD,20120206,17.76,18.2,17.16,17.33,1893900
SPRO,20120206,1.86,1.86,1.86,1.86,8100
SPRT,20120206,2.59,2.59,2.45,2.51,147600
SPSC,20120206,27.64,27.94,27.56,27.89,29700
SPTN,20120206,18.82,18.86,18.55,18.68,48000
SPU,20120206,1.7,1.7,1.65,1.67,20000
SPWR,20120206,7.94,8.39,7.91,8.17,757500
SQI,20120206,14.46,14.46,14.24,14.28,75100
SQNM,20120206,4.91,5.26,4.9,5.25,3289400
SQQQ,20120206,57.44,57.92,56.88,56.92,1192900
SRCE,20120206,26.38,26.51,25.56,25.79,38400
SRCL,20120206,87.16,87.16,85.97,86.14,425300
SRDX,20120206,14.04,14.31,13.79,13.86,58600
SREV,20120206,17.35,17.98,17.35,17.71,832600
SSBI,20120206,5.74,5.98,5.74,5.82,1500
SSFN,20120206,6.2,6.3,5.75,5.75,2200
SSNC,20120206,18.9,19.07,18.9,19.05,114300
SSRI,20120206,17.26,17.54,17.2,17.35,758300
SSRX,20120206,11.16,11.18,10.5,10.72,68200
SSYS,20120206,40.09,41.18,39.71,40.57,261500
STAA,20120206,11.29,11.37,11.05,11.08,86600
STAN,20120206,18.88,18.88,18.29,18.34,35900
STB,20120206,6.89,6.99,6.87,6.99,144700
STBA,20120206,23.03,23.18,22.67,22.89,57900
STBZ,20120206,16.27,16.39,15.5,16.02,169600
STEC,20120206,10.31,10.45,10.17,10.33,919100
STEI,20120206,6.33,6.71,6.27,6.67,805000
STEL,20120206,13.43,13.52,13.25,13.4,31400
STEM,20120206,1.11,1.12,1.07,1.07,845700
STFC,20120206,12.75,12.94,12.73,12.78,24200
STKL,20120206,5.07,5.22,5.03,5.2,344100
STLD,20120206,16.34,16.48,16.02,16.31,2661000
STLY,20120206,3.93,3.97,3.71,3.76,32200
STMP,20120206,31.02,32,30.32,31.65,235400
STND,20120206,15.4,15.4,15.32,15.32,13800
STNR,20120206,49.44,49.46,48.77,48.98,26100
STRA,20120206,118.27,119.29,116.33,118.52,46500
STRL,20120206,10.82,10.98,10.63,10.69,48600
STRM,20120206,1.75,1.79,1.73,1.79,5400
STRN,20120206,5.15,5.17,5.14,5.16,5300
STRS,20120206,9.21,9.21,9.15,9.21,400
STRT,20120206,21.5,21.51,21.25,21.39,3700
STSA,20120206,19.41,19.7,19.41,19.7,88200
STX,20120206,26.38,26.63,25.92,26.4,12273400
STXS,20120206,8.3,8.4,7.8,8.2,191200
SUBK,20120206,13.1,13.1,12.17,12.71,32200
SUMR,20120206,5.39,5.43,5.31,5.37,29900
SUNS,20120206,16.9,16.9,16.65,16.85,14300
SUPX,20120206,18.19,18.41,18.15,18.39,11600
SURG,20120206,6.89,7,6.8,6.89,92400
SUSQ,20120206,9.6,9.63,9.45,9.52,1161600
SUTR,20120206,1.24,1.28,1.24,1.26,15500
SVA,20120206,2.17,2.21,2.17,2.2,45400
SVBI,20120206,3.22,3.22,3.2,3.2,1300
SVNT,20120206,2.26,2.38,2.25,2.3,1866600
SVVC,20120206,26.5,28.9,25.48,26.27,90500
SWHC,20120206,5.31,5.35,5.27,5.31,385200
SWIR,20120206,7.52,7.62,7.34,7.4,58800
SWKS,20120206,23.43,23.62,23.21,23.44,3401000
SWSH,20120206,3.74,3.8,3.57,3.63,409000
SYBT,20120206,22.58,22.59,22.33,22.47,7800
SYBTP,20120206,11.12,11.12,11.02,11.07,1000
SYKE,20120206,17.95,18.26,17.9,18,122400
SYMC,20120206,17.58,17.6,17.41,17.53,3403000
SYMM,20120206,6.41,6.44,6.31,6.36,61900
SYMX,20120206,1.54,1.55,1.52,1.54,36500
SYNA,20120206,37.56,38.29,37.55,38.03,616700
SYNL,20120206,10.95,11.29,10.85,10.89,16200
SYNM,20120206,10.8,11,10.2,10.5,456500
SYNT,20120206,47.79,48.02,47.4,47.81,37500
SYPR,20120206,3.97,4.12,3.95,4,33300
SYUT,20120206,6.22,6.3,6.01,6.29,21700
SZYM,20120206,11.91,12,11.57,11.81,129200
TACT,20120206,7.44,7.58,7.28,7.53,6100
TAIT,20120206,1.01,1.09,1.01,1.08,3600
TASR,20120206,4.94,4.97,4.8,4.91,189400
TAST,20120206,11.47,11.6,11.36,11.45,59400
TATT,20120206,4.43,4.5,4.43,4.5,2500
TAXI,20120206,11.08,11.15,11,11.09,44800
TAYC,20120206,12.79,13,12.62,12.92,53900
TAYCP,20120206,24.69,24.7,24.35,24.35,1300
TAYD,20120206,9.4,9.78,9.3,9.6,22700
TBAC,20120206,1.13,1.13,1.01,1.03,43200
TBBK,20120206,8.6,8.93,8.6,8.69,115400
TBNK,20120206,21.91,21.96,21.78,21.92,14200
TBOW,20120206,2.1,2.1,2,2,17900
TCBI,20120206,33.22,33.44,32.91,33.09,192800
TCBIW,20120206,21,21.29,21,21.29,200
TCBK,20120206,16.19,16.32,15.99,16.29,41500
TCCO,20120206,7.75,9.66,7.55,9.01,293300
TCRD,20120206,13.34,13.35,13.09,13.21,13500
TEAR,20120206,1.78,1.85,1.74,1.85,30100
TECD,20120206,53.75,53.88,53.32,53.57,250500
TECH,20120206,66.01,66.24,65.81,66.13,71600
TECUA,20120206,5.37,5.47,5.2,5.26,54100
TECUB,20120206,4.83,4.83,4.83,4.83,0
TELK,20120206,5.7,5.7,5.1,5.1,905100
TESO,20120206,14.67,14.71,14.42,14.69,128100
TESS,20120206,18.02,18.23,18.02,18.15,16800
TFCO,20120206,3.2,3.2,3.2,3.2,1000
TFM,20120206,43.69,44.67,43.69,44.45,109300
TFSL,20120206,9.38,9.49,9.37,9.43,219500
TGA,20120206,10.07,10.19,9.91,10.18,86000
TGE,20120206,7.7,8.03,7.7,8,138100
THFF,20120206,36.46,36.46,35.46,35.61,13400
THLD,20120206,3.49,4.08,3.28,3.38,19764100
THOR,20120206,30.71,30.98,30.25,30.75,845400
THRD,20120206,23.14,23.72,23.14,23.67,3600
THRX,20120206,18.46,18.72,18.22,18.31,308700
THTI,20120206,1.61,1.82,1.61,1.65,6200
TIBX,20120206,27.72,28.38,27.59,27.77,2094500
TICC,20120206,9.83,9.91,9.75,9.85,125800
TIGR,20120206,2.33,2.33,2.15,2.2,11600
TINY,20120206,4.6,4.6,4.51,4.57,44600
TISA,20120206,2.65,2.75,2.63,2.71,84900
TITN,20120206,25.33,25.85,25.12,25.73,84400
TIVO,20120206,11.74,11.86,11.5,11.54,6582800
TKMR,20120206,1.97,2.08,1.96,2.08,11300
TLAB,20120206,3.86,3.86,3.79,3.86,3016400
TLF,20120206,4.87,5.07,4.76,4.9,900
TMNG,20120206,2.64,2.65,2.3,2.39,21600
TNAV,20120206,7.73,7.81,7.67,7.73,66200
TNGO,20120206,15.26,15.42,15.26,15.4,148900
TOFC,20120206,9.99,9.99,9.96,9.99,600
TOPS,20120206,1.53,1.68,1.36,1.68,4800
TORM,20120206,15.92,16.4,15.75,16.32,1600
TOWN,20120206,14.28,14.49,14.13,14.34,45400
TPGI,20120206,3.55,3.55,3.46,3.47,35800
TQNT,20120206,6.66,6.76,6.51,6.55,5023700
TQQQ,20120206,45.91,46.375,45.57,46.37,681600
TRAK,20120206,30.54,30.95,29.95,29.99,287900
TREE,20120206,6.06,6.25,6.05,6.18,8100
TRGT,20120206,6.29,6.65,6.23,6.62,182200
TRIB,20120206,10.33,10.4,10.25,10.39,11900
TRIP,20120206,35.34,35.75,35.06,35.15,1967900
TRIT,20120206,7.15,7.3,7.05,7.16,16200
TRLG,20120206,36.03,37.04,35.89,36.7,346100
TRMB,20120206,25.115,25.65,25.115,25.53,744700
TRMD,20120206,8.1,9.2,7.9,9.2,27100
TRMK,20120206,24.32,24.47,24.02,24.13,144300
TRNS,20120206,10.95,11.5,10.95,11.25,7300
TRNX,20120206,20.72,20.74,19.96,20.08,109300
TROW,20120206,58.82,59.38,58.52,58.76,1316400
TRS,20120206,23.06,23.49,22.89,23.41,112200
TRST,20120206,5.87,5.9,5.77,5.86,149500
TSBK,20120206,4.4,4.55,4.31,4.35,11900
TSCO,20120206,80.5,82.07,80.5,82.05,1165600
TSEM,20120206,11.55,12,11.4,11.7,837300
TSLA,20120206,31.1,31.9,31.05,31.8,652100
TSON,20120206,2.71,2.71,2.58,2.6,62200
TSPT,20120206,7.99,8.19,7.95,8.11,79400
TSRA,20120206,20.03,20.2,19.45,19.68,315900
TSRI,20120206,4.46,4.47,4.45,4.45,600
TSRX,20120206,5.57,5.62,5.52,5.59,384500
TST,20120206,1.9,1.91,1.85,1.87,36600
TSTC,20120206,3.41,3.56,3.4,3.51,61500
TSYS,20120206,2.87,2.94,2.81,2.89,461500
TTEC,20120206,17.86,17.88,17.67,17.7,82500
TTEK,20120206,24.74,24.88,24.37,24.55,261100
TTGT,20120206,7.72,7.83,7.53,7.63,25000
TTHI,20120206,1.53,1.57,1.52,1.57,31500
TTMI,20120206,13.5,13.66,13.29,13.39,579200
TTWO,20120206,16.17,16.35,16.01,16.27,1469500
TUES,20120206,3.73,3.83,3.69,3.81,73500
TWER,20120206,2.84,2.91,2.72,2.85,280600
TWGP,20120206,22.27,22.84,22.27,22.82,184500
TWIN,20120206,31.99,33.21,31.76,32.71,212200
TWMC,20120206,2.32,2.39,2.32,2.39,2000
TWTC,20120206,20.77,20.79,20.33,20.5,510500
TXCC,20120206,2.77,3.03,2.76,2.96,141300
TXN,20120206,33.74,33.78,33.3,33.61,8693900
TXRH,20120206,15.96,16.11,15.88,15.94,722900
TYPE,20120206,15.79,15.92,15.62,15.79,80100
TZOO,20120206,27.93,28.9,27.63,28.66,811300
TZYM,20120206,4.01,4.01,4.01,4.01,0
UACL,20120206,18.65,18.65,18.15,18.29,19300
UBCP,20120206,8.51,8.59,8.5,8.5,1900
UBFO,20120206,2.36,2.49,2.32,2.33,3600
UBNK,20120206,16.83,16.9,16.72,16.74,13900
UBNT,20120206,25.11,25.45,23.75,23.76,314600
UBOH,20120206,8.04,8.48,8,8.11,3200
UBPS,20120206,5.84,5.84,5.84,5.84,0
UBSH,20120206,14.3,14.5,14.25,14.49,48200
UBSI,20120206,29.23,29.39,28.83,28.96,188900
UCBA,20120206,5.9,5.9,5.9,5.9,0
UCBI,20120206,9.1,9.16,8.75,9.14,131000
UCFC,20120206,1.29,1.32,1.29,1.29,8300
UCTT,20120206,8.05,8.1,7.87,7.92,165000
UEIC,20120206,20.34,20.78,20.11,20.23,57400
UEPS,20120206,11.01,11.15,11.01,11.07,67200
UFCS,20120206,19.86,20.12,19.56,19.95,51500
UFPI,20120206,34.66,34.86,33.03,34.02,144600
UFPT,20120206,15.07,15.42,15.07,15.39,52400
UG,20120206,16.04,16.04,15.7,15.7,5500
UHAL,20120206,101.69,102.98,100.23,101.7,17800
ULBI,20120206,4.55,4.7,4.46,4.7,29900
ULGX,20120206,1.21,1.29,1.18,1.28,80100
ULTA,20120206,77.81,78.88,77.74,78.68,492200
ULTI,20120206,69.23,69.23,67.55,67.79,117500
ULTR,20120206,2.79,2.83,2.72,2.8,96500
UMBF,20120206,41.57,41.99,41.28,41.72,138800
UMPQ,20120206,12.71,12.99,12.55,12.98,459900
UNAM,20120206,11.59,11.65,11.59,11.65,700
UNB,20120206,19.05,19.25,19.05,19.25,1200
UNFI,20120206,46.86,47.28,46.72,47.05,322700
UNIS,20120206,3.87,3.88,3.83,3.87,95300
UNTD,20120206,5.86,5.89,5.79,5.83,427500
UNTK,20120206,3.7,3.82,3.46,3.8,63200
UNTY,20120206,6.15,6.15,6.02,6.02,6500
UNXL,20120206,5.25,5.4,5.1,5.2,22000
UPI,20120206,3.62,3.81,3.61,3.78,40200
URBN,20120206,27.45,27.79,27.03,27.48,1646300
URRE,20120206,9.5,9.5,9,9.1,772800
USAK,20120206,8.99,9.23,8.9,8.94,1100
USAP,20120206,42.4,42.55,40.95,41.53,49200
USAT,20120206,1.1,1.1,1.05,1.07,244800
USATP,20120206,15.1,15.35,15.01,15.12,1000
USATZ,20120206,0.55,0.55,0.55,0.55,0
USBI,20120206,6.12,6.12,5.6,6.08,800
USCR,20120206,4.55,4.74,4.52,4.71,65200
USEG,20120206,3.58,3.68,3.57,3.67,87700
USLM,20120206,65.75,66.89,64.13,65.75,6700
USMO,20120206,14.84,14.95,14.66,14.88,115500
USTR,20120206,34.5,34.6,34.24,34.59,71700
UTEK,20120206,29.5,29.9,29.11,29.27,153800
UTHR,20120206,49.93,51.12,49.77,50.99,385200
UTIW,20120206,15.11,15.26,15.06,15.15,349800
UTMD,20120206,28.62,29.18,28.62,28.91,600
UTSI,20120206,3.87,4.02,3.84,3.87,177000
UVSP,20120206,16.31,16.31,15.9,16.03,29600
VALU,20120206,11.53,11.59,11.26,11.31,4700
VALV,20120206,0.93,1.08,0.92,1,481500
VASC,20120206,10.92,11.25,10.9,11.09,44400
VBFC,20120206,1.83,1.83,1.62,1.66,2500
VCBI,20120206,9.46,9.47,9.24,9.29,77700
VCIT,20120206,84.17,84.54,84.02,84.49,5260900
VCLK,20120206,18.34,18.36,17.98,18,838000
VCLT,20120206,87,87.95,86.69,87.91,2619000
VCSH,20120206,78.87,79.04,78.8,79.04,1353200
VDSI,20120206,8.97,9.4,8.94,9.24,196500
VECO,20120206,27.24,27.47,26.46,27.14,2003300
VELT,20120206,10.3,10.57,10.06,10.23,582700
VGIT,20120206,65.7,65.83,65.62,65.82,15700
VGLT,20120206,73.07,73.6,72.94,73.54,16600
VGSH,20120206,61.01,61.02,60.94,60.97,18400
VIA,20120206,53.38,54.28,53.38,54.16,57500
VIAB,20120206,48.17,48.82,48.1,48.72,4581000
VIAS,20120206,18.88,18.93,18.34,18.42,15300
VICL,20120206,3.64,3.82,3.62,3.77,1894200
VICR,20120206,10.25,10.42,9.76,9.9,67100
VIDE,20120206,6.27,6.27,5.98,6.02,9400
VIFL,20120206,6.28,6.28,5.7,5.7,19900
VIMC,20120206,1.58,1.58,1.5,1.51,4800
VIRC,20120206,1.78,1.78,1.64,1.66,17500
VISN,20120206,32.2,34,31.4,32.6,226400
VITC,20120206,6.8,6.84,6.71,6.82,69500
VIVO,20120206,18.63,18.67,18.23,18.3,192800
VLCCF,20120206,14.94,15.18,14.89,14.99,220400
VLGEA,20120206,32.98,33.4,32.43,33.2,6800
VLTR,20120206,30.89,30.92,30.1,30.22,168600
VLYWW,20120206,1.67,1.67,1.67,1.67,100
VMBS,20120206,52.08,52.1,51.89,52.09,27000
VMED,20120206,24.19,24.53,23.95,24.49,4220700
VNDA,20120206,5.25,5.47,5.25,5.46,216400
VNET,20120206,11.82,12.2,11.53,12.07,254300
VNQI,20120206,45.5,45.65,45.46,45.65,23800
VOCS,20120206,23.71,23.77,22.92,22.98,151600
VOD,20120206,28.04,28.28,28,28.24,9319000
VOLC,20120206,28.5,29.24,28.49,28.81,535900
VONE,20120206,61.41,61.59,61.3,61.59,124400
VONG,20120206,63.99,64.37,63.99,64.3,18200
VONV,20120206,58.85,58.99,58.81,58.98,4300
VOXX,20120206,12.73,12.82,12.5,12.73,250100
VPFG,20120206,14.4,14.44,14.17,14.33,51500
VPHM,20120206,30.28,30.94,29.9,30.5,883200
VPRT,20120206,39.3,39.96,38.5,39.39,372000
VRA,20120206,37.2,37.2,36.37,36.67,328200
VRML,20120206,1.58,1.66,1.51,1.64,294100
VRNM,20120206,2.81,2.93,2.72,2.73,82900
VRNT,20120206,28.18,28.33,28.16,28.19,130600
VRSK,20120206,39.97,41.18,39.94,41.1,978400
VRSN,20120206,36.85,36.92,36.3,36.6,1235700
VRTA,20120206,1.1,1.1,1.1,1.1,0
VRTB,20120206,1.23,1.25,1.22,1.22,7200
VRTS,20120206,82.65,83.44,81.59,82.03,15400
VRTU,20120206,16.15,16.24,15.86,16.06,20100
VRTX,20120206,35.99,38.41,35.64,38.24,4799700
VSAT,20120206,49.49,49.58,48.69,49.5,276300
VSBN,20120206,10.45,10.45,10.45,10.45,0
VSCI,20120206,1.76,1.87,1.76,1.8,20200
VSCP,20120206,1.09,1.24,1.07,1.21,82700
VSEC,20120206,26.91,26.91,26.49,26.71,1800
VSTM,20120206,11.15,11.18,10.66,10.94,46700
VTHR,20120206,61.62,61.71,61.62,61.71,300
VTNC,20120206,7.38,7.38,6.88,7.01,38300
VTSS,20120206,3.2,3.28,3.16,3.2,74600
VTUS,20120206,8.79,9.05,8.79,9,112000
VTWG,20120206,68.53,68.69,68.4,68.56,4100
VTWO,20120206,65.42,65.66,65.28,65.52,36200
VTWV,20120206,62.57,62.57,62.38,62.38,600
VVTV,20120206,1.6,1.62,1.59,1.61,287300
VVUS,20120206,12.45,12.78,12.35,12.77,2214600
VXUS,20120206,44.9,45.13,44.87,45.1,101400
VYFC,20120206,7.3,7.52,7.25,7.25,3000
WABC,20120206,47.8,47.96,47.17,47.32,105400
WAFD,20120206,16.06,16.2,16,16.13,369200
WASH,20120206,26.16,26.25,25.04,25.27,28200
WAVX,20120206,2.24,2.25,2.2,2.23,112000
WAYN,20120206,8.03,8.03,7.9,8,6000
WBCO,20120206,14.17,14.19,13.96,14.03,12600
WBKC,20120206,14.69,14.7,14.61,14.65,3900
WBMD,20120206,28.17,28.62,28.01,28.14,541700
WBSN,20120206,17.58,17.78,17.35,17.41,232100
WCRX,20120206,16.44,16.83,16.41,16.78,1243100
WDC,20120206,38.46,38.75,37.89,38.72,2389600
WDFC,20120206,42.83,43.6,42.8,43.44,65500
WEBK,20120206,12.14,12.23,12.07,12.07,13800
WEBM,20120206,5.67,5.74,5.32,5.74,35100
WEN,20120206,4.9,4.99,4.85,4.94,7589300
WERN,20120206,25.49,25.63,24.95,25.06,685200
WETF,20120206,6,6.33,5.95,6.24,913500
WEYS,20120206,27,27,26.59,26.8,4900
WFD,20120206,8.71,8.71,8.16,8.26,45400
WFM,20120206,76.13,77.01,75.85,76.41,1296500
WIBC,20120206,3.81,3.86,3.76,3.79,285900
WIFI,20120206,8.64,9.11,8.64,9.03,237700
WILC,20120206,4.74,4.8,4.67,4.7,21900
WILN,20120206,5.74,5.78,5.67,5.74,12900
WIN,20120206,12.29,12.36,12.21,12.28,3552000
WINA,20120206,67.48,67.48,64.74,65.83,18800
WIRE,20120206,28.74,28.9,28.63,28.74,73900
WLB,20120206,12.27,12.5,12.2,12.39,19800
WLBPZ,20120206,25,25,25,25,0
WLDN,20120206,3.79,3.8,3.79,3.79,5400
WLFC,20120206,13.46,13.57,13.35,13.5,30900
WMAR,20120206,13.03,13.19,13,13.12,25500
WMGI,20120206,17.45,17.45,17.1,17.2,143300
WOOD,20120206,40.79,40.9,40.66,40.66,6100
WOOF,20120206,22.8,23.09,22.7,22.72,522700
WPCS,20120206,1.67,1.72,1.64,1.64,92700
WPPGY,20120206,61.07,65.33,60.94,63.2,746000
WPRT,20120206,39.85,39.93,39.27,39.67,880200
WRES,20120206,3.9,3.98,3.85,3.94,156600
WRLD,20120206,67.54,68.06,67.11,67.63,105200
WRLS,20120206,8.75,8.75,8.5,8.63,45400
WSB,20120206,3.5,3.5,3.14,3.25,500
WSBC,20120206,21.23,21.46,20.8,21,44800
WSBF,20120206,2.49,2.49,2,2.11,21000
WSCI,20120206,5.18,5.25,5.16,5.25,1900
WSFS,20120206,43.04,43.94,43,43.64,22100
WSTG,20120206,12.69,12.73,12.25,12.44,28900
WSTL,20120206,2.31,2.32,2.29,2.31,155000
WTBA,20120206,10.16,10.34,9.97,10.14,10300
WTFC,20120206,31.86,32.05,31.55,31.9,156300
WTFCW,20120206,15.55,15.55,15.55,15.55,0
WVFC,20120206,8.97,8.97,8.97,8.97,0
WVVI,20120206,3.05,3.25,3.05,3.18,1000
WWD,20120206,45.08,45.3,44.38,44.54,188400
WWWW,20120206,13.66,13.71,13.05,13.29,226900
WYNN,20120206,114.3,114.87,112.05,112.83,3308700
XBKS,20120206,3.9,3.92,3.77,3.77,5200
XIDE,20120206,3.82,3.84,3.69,3.77,1130500
XLNX,20120206,36.49,36.5,35.9,36.31,1944900
XNPT,20120206,4.7,4.88,4.62,4.7,242900
XOMA,20120206,1.37,1.69,1.35,1.63,1890500
XRAY,20120206,38.03,38.19,37.9,38.17,804900
XRTX,20120206,17,17.18,16.77,17.11,151600
XTEX,20120206,16.73,16.93,16.61,16.65,200000
XTXI,20120206,13.24,13.25,12.88,13.22,131200
XWES,20120206,4.31,4.63,4.09,4.49,67300
XXIA,20120206,14.32,14.55,14.02,14.48,293700
YAVY,20120206,2.25,2.25,2.18,2.2,38300
YHOO,20120206,15.92,15.95,15.76,15.82,11291200
YNDX,20120206,21.69,21.7,21,21.5,534700
YORW,20120206,18.13,18.36,18.11,18.27,11300
YRCW,20120206,13.16,13.3,12.6,12.71,57700
Z,20120206,31.89,32.24,31.42,31.84,257600
ZAGG,20120206,10.27,10.31,10,10.12,575000
ZBRA,20120206,38.96,39.43,38.87,39.41,55000
ZEUS,20120206,27.05,27.5,26.66,26.83,45900
ZGNX,20120206,2.6,2.65,2.5,2.51,678600
ZHNE,20120206,1.35,1.39,1.35,1.36,16500
ZIGO,20120206,18,19.23,17.91,18.82,94300
ZINC,20120206,11.16,11.6,11.16,11.4,179200
ZION,20120206,17.95,18.19,17.88,18.07,2834600
ZIONW,20120206,3.48,3.64,3.48,3.64,400
ZIOP,20120206,5.69,5.77,5.55,5.69,671000
ZIPR,20120206,1.18,1.18,1.09,1.12,20200
ZIXI,20120206,3.33,3.41,3.25,3.4,256900
ZLCS,20120206,1.1,1.25,1.1,1.19,2884000
ZLTQ,20120206,11.25,11.65,11.25,11.34,122700
ZN,20120206,2.5,2.5,2.4,2.48,51800
ZNGA,20120206,13.54,14,12.49,12.77,29648000
ZOLT,20120206,13.01,15.01,12.91,14.58,2952900
ZOOM,20120206,1.37,1.42,1.28,1.38,282000
ZUMZ,20120206,29.96,29.96,29.01,29.71,323000
