<ticker>,<date>,<open>,<high>,<low>,<close>,<vol>
AACC,20110114,6.42,6.51,6.42,6.47,11500
AAME,20110114,1.84,2.24,1.84,2.19,1400
AAON,20110114,18.4733,18.56,18.3,18.54,59400
AAPL,20110114,345.89,348.48,344.44,348.48,11029900
AAWW,20110114,51.3,51.92,50.92,51.52,410200
AAXJ,20110114,63.94,64.2,63.73,64.11,1636300
ABAX,20110114,25.58,26.24,25.36,26.24,66300
ABCB,20110114,10.99,11.07,10.91,10.98,31200
ABCD,20110114,3.41,3.49,3.33,3.4,37000
ABCO,20110114,23.735,24.475,23.735,24.335,68700
ABFS,20110114,25.45,26.24,25.35,26.16,154000
ABIO,20110114,19.8,19.8,19.5,19.74,26300
ABMD,20110114,10.3,10.45,10.16,10.23,511700
ABTL,20110114,5.2,5.35,4.9,5.05,106900
ACAD,20110114,1.68,1.71,1.61,1.63,525800
ACAS,20110114,8.4,8.45,8.3,8.41,4307700
ACAT,20110114,14.74,14.77,14.54,14.7,74400
ACCL,20110114,8.44,8.8,8.42,8.77,106600
ACET,20110114,9.22,9.42,9.04,9.38,286100
ACFC,20110114,1.6,1.75,1.59,1.63,17900
ACFN,20110114,4.15,4.15,4.01,4.03,29300
ACGL,20110114,29.2,29.3433,29.1033,29.34,225800
ACHN,20110114,5.04,5.15,4.79,4.95,203400
ACIW,20110114,26.38,26.63,26.11,26.57,114000
ACLS,20110114,3.69,3.69,3.53,3.67,2626700
ACNB,20110114,15.01,15.01,15,15,500
ACOR,20110114,27.56,27.72,26.36,26.42,1952700
ACPW,20110114,13.25,13.4,13.05,13.3,311900
ACTG,20110114,27.88,28.98,27.83,28.87,468200
ACTS,20110114,2.27,2.33,2.27,2.32,96800
ACUR,20110114,3.47,3.48,3.42,3.45,63900
ACWI,20110114,47.28,47.77,47.28,47.77,1684500
ACWX,20110114,44.44,44.79,44.41,44.76,41900
ACXM,20110114,17.73,18.16,17.65,18.16,321300
ADAT,20110114,0.96,1.02,0.92,0.94,105900
ADBE,20110114,33.41,33.92,33.32,33.79,5767500
ADEP,20110114,5.06,5.17,5.04,5.11,7700
ADES,20110114,12.87,13,12.32,12.42,31600
ADI,20110114,37.8,38.7,37.71,38.6,3651200
ADP,20110114,48.53,48.94,48.42,48.75,1752700
ADRA,20110114,29,29.1,29,29.09,1800
ADRD,20110114,21.96,22.24,21.96,22.24,8400
ADRE,20110114,47.92,48.22,47.92,48.2,37000
ADRU,20110114,21.45,21.59,21.43,21.59,5100
ADSK,20110114,40.9,41.62,40.8,41.44,1959900
ADTN,20110114,39.34,39.62,39.16,39.4,1247900
ADUS,20110114,4.74,4.76,4.51,4.76,55600
ADVS,20110114,29.905,30.385,29.69,30.145,138300
AEGR,20110114,13.45,14.46,13.45,14.22,15200
AEHR,20110114,1.39,1.52,1.38,1.38,48200
AEIS,20110114,14.91,15.37,14.73,15.2,1133400
AEPI,20110114,24.65,26.25,24.65,26.2,6900
AERL,20110114,11.32,12.06,11,11.1,515500
AETI,20110114,2.2,2.2,2.18,2.18,2100
AEY,20110114,3.1,3.16,3.05,3.16,13400
AEZS,20110114,9.66,10.02,9.66,9.78,1148200
AFAM,20110114,38.23,38.23,37.23,37.88,235900
AFCB,20110114,12.5,12.52,12.35,12.35,600
AFCE,20110114,15.5,15.69,15.2,15.67,155900
AFFX,20110114,5.3,5.47,5.22,5.27,639100
AFFY,20110114,6.96,7.25,6.94,7.21,607500
AFOP,20110114,19.17,19.7,18.76,19.23,166400
AFSI,20110114,17.73,17.77,17.67,17.74,164500
AGEN,20110114,1.01,1.04,1.01,1.01,472700
AGII,20110114,36.41,36.68,35.93,36.62,87800
AGNC,20110114,28.4,29.2,28.36,29,29124300
AGYS,20110114,5.37,5.62,5.37,5.48,180900
AHGP,20110114,50.97,53.5,50.05,50.35,50600
AHPI,20110114,4.11,4.34,4.11,4.34,1300
AIMC,20110114,21.24,21.41,20.71,20.81,137300
AINV,20110114,11.87,12.09,11.85,12.04,1501600
AIRM,20110114,19.0333,19.5567,19.0333,19.5367,119900
AIRT,20110114,10.3,10.5,10.3,10.35,3800
AIXG,20110114,42.34,43.22,42.2,43.22,147600
AKAM,20110114,50.34,52.05,50.3,51.75,5312800
AKRX,20110114,5.83,5.83,5.69,5.74,275000
ALCO,20110114,26.23,26.68,26.06,26.64,4900
ALGN,20110114,20.5,20.57,20.35,20.5,617200
ALGT,20110114,48.15,48.63,47.82,48.45,112200
ALIM,20110114,10,10.02,9.91,9.94,23700
ALKS,20110114,12.65,12.78,12.57,12.77,533000
ALLB,20110114,9,9.1,8.99,9.05,15400
ALLT,20110114,13.42,13.87,13.25,13.68,316100
ALNY,20110114,10.38,10.62,10.25,10.62,290100
ALOG,20110114,52.36,52.36,51.87,52.19,34700
ALOT,20110114,8.12,8.15,7.66,7.97,8000
ALSK,20110114,9.58,9.58,8.78,9.39,1653700
ALTE,20110114,21.4,22.06,21.27,21.95,501000
ALTI,20110114,2.74,3.1,2.74,2.89,536200
ALTR,20110114,37.2,39.43,37.15,39.33,10144200
ALVR,20110114,23.5,23.5,22.9,23.3,189300
ALXA,20110114,13.1,16.8,13,16.7,6565000
ALXN,20110114,42,42,40.67,41.185,1024900
AMAG,20110114,17.85,18.21,17.77,17.98,261400
AMAP,20110114,19.21,19.21,18.86,19.12,80400
AMAT,20110114,14.64,15.32,14.57,15.31,36692700
AMCC,20110114,10.43,10.8,10.43,10.8,384100
AMCF,20110114,5.15,5.25,5.15,5.21,12600
AMCN,20110114,6.94,7.11,6.73,7,176600
AMED,20110114,32.9,33.56,32.5,33.24,273100
AMGN,20110114,56.05,57.28,56.05,56.5,5893700
AMIC,20110114,5,5,4.99,5,3100
AMKR,20110114,7.94,8.03,7.82,8,1515100
AMNB,20110114,22.67,22.97,22.59,22.93,5700
AMOT,20110114,7.59,8.15,7.5,8.15,91700
AMOV,20110114,28.95,29.03,28.95,29.03,1200
AMRB,20110114,6.5,6.5,6.5,6.5,5000
AMRI,20110114,5.67,5.77,5.63,5.72,75600
AMRN,20110114,9.14,9.14,8.65,8.86,2381600
AMRS,20110114,31.96,33.16,31.76,32.1,240600
AMSC,20110114,28.95,29.25,28.56,28.73,725300
AMSF,20110114,18.33,18.37,18.17,18.31,95800
AMSG,20110114,21.82,21.88,21.74,21.84,60700
AMSWA,20110114,6.6,6.65,6.53,6.61,41300
AMWD,20110114,22.5,22.54,21.37,22.52,21300
AMZN,20110114,185.5,188.94,184.92,188.75,3664900
ANAC,20110114,9,9.14,7.55,9,211600
ANAD,20110114,7.6,8.03,7.51,8,1098100
ANAT,20110114,85.55,86.17,84.98,85.6,13800
ANCI,20110114,4.62,4.62,4.44,4.44,24600
ANCX,20110114,6.55,6.6,6.5,6.51,7400
ANDE,20110114,40.49,40.63,39.82,40.38,156100
ANEN,20110114,22.4,22.5,22,22.09,44300
ANGO,20110114,17.25,17.29,16.99,17,99500
ANIK,20110114,7.01,7.05,6.96,7.05,17700
ANLY,20110114,2.95,3,2.9,3,9200
ANSS,20110114,53.76,54.96,53.67,54.96,248100
ANTH,20110114,4.87,5.02,4.84,5.01,26200
ANTP,20110114,4.71,4.75,4.5,4.5,13600
AOSL,20110114,14.2,14.3,14.1,14.24,82600
APAGF,20110114,63.04,66.29,61.75,66.19,16000
APEI,20110114,36.21,36.5,36,36.47,85400
APFC,20110114,6.17,6.18,6.11,6.18,2400
APOG,20110114,14.09,14.4,13.97,14.27,162000
APOL,20110114,42.35,42.9,42.24,42.31,2850100
APPY,20110114,3.54,4.02,3.48,3.9,486100
APRI,20110114,3.8,4.11,3.74,3.95,1272000
APSA,20110114,16.5,16.5,16.5,16.5,0
ARAY,20110114,7.5,7.55,7.09,7.13,402400
ARCC,20110114,16.72,16.9,16.63,16.88,1037600
ARCI,20110114,3.36,3.61,3.35,3.4,19400
ARCW,20110114,2.81,3.06,2.8,3.06,37400
ARDNA,20110114,83.79,84.03,83.39,84.03,900
AREX,20110114,25.51,25.65,25.18,25.29,132200
ARIA,20110114,5.08,5.25,5.07,5.25,940700
ARII,20110114,21.94,21.95,21.46,21.52,56800
ARKR,20110114,14.5,14.5,14.38,14.45,700
ARLP,20110114,70.4,70.58,70.01,70.38,67300
ARMH,20110114,25.75,27.19,25.5,25.97,21795800
ARNA,20110114,2.06,2.1,2.05,2.08,1907500
AROW,20110114,26.39,27.01,26.2,26.91,26100
ARQL,20110114,6.75,6.83,6.58,6.82,128400
ARRS,20110114,12.4,12.52,12.32,12.5,1312200
ARRY,20110114,3.24,3.25,3.18,3.24,187900
ARTC,20110114,28.45,28.45,28.06,28.08,124600
ARTNA,20110114,19.24,19.6,19.24,19.58,9600
ARTW,20110114,12.22,12.3,12.15,12.28,7500
ARTX,20110114,1.64,1.64,1.63,1.64,6500
ARUN,20110114,25.4,25.86,24.77,25.68,2490000
ARWR,20110114,0.94,0.94,0.92,0.93,48500
ASBC,20110114,14.66,15.05,14.62,15.03,2338700
ASBI,20110114,4.58,5.68,4.58,5.68,7000
ASCA,20110114,15.59,15.77,15.49,15.6,284100
ASCMA,20110114,38.48,39.26,37.96,39.15,60100
ASEI,20110114,86.82,87.13,86.1,86.79,34800
ASFI,20110114,8.61,8.81,8.61,8.8,37600
ASIA,20110114,19.19,19.36,19,19.29,760700
ASMI,20110114,38.68,39.47,38.67,39.43,186000
ASML,20110114,38.67,41.09,38.64,40.83,12564300
ASNA,20110114,13.285,13.335,13.14,13.305,434800
ASPS,20110114,29.19,29.42,28.95,29,66500
ASRV,20110114,1.89,1.9,1.71,1.86,17600
ASRVP,20110114,23.95,23.95,23.95,23.95,0
ASTC,20110114,1.28,1.35,1.26,1.29,94200
ASTE,20110114,32.86,32.86,32.4,32.67,83200
ASTI,20110114,3.73,3.74,3.66,3.69,145700
ASTM,20110114,3.13,3.17,3,3.08,2423000
ASUR,20110114,1.9,1.9,1.8067,1.8533,4900
ASYS,20110114,28.2,28.29,27.05,27.3,352500
ATAI,20110114,3.96,3.98,3.96,3.98,2700
ATAX,20110114,5.34,5.4,5.32,5.36,66400
ATEA,20110114,3.19,3.2,3.06,3.06,1200
ATEC,20110114,2.64,2.7,2.64,2.68,199000
ATHN,20110114,42.34,44.59,42.34,44.46,593600
ATHX,20110114,2.64,2.64,2.57,2.58,57400
ATLO,20110114,21,21.21,20.9,21.2,8300
ATMI,20110114,18.79,19.82,18.65,19.5,297100
ATML,20110114,13.79,13.95,13.69,13.91,5892200
ATNI,20110114,39.37,39.37,39.06,39.3,68100
ATRC,20110114,11.18,11.21,11.11,11.13,25400
ATRI,20110114,184.74,185.5,180.05,184.51,1900
ATRM,20110114,2.06,2.1,1.99,2.09,13100
ATRO,20110114,23.02,23.23,22.65,23.18,34500
ATSG,20110114,7.83,7.95,7.8,7.93,397200
ATVI,20110114,12,12.05,11.67,11.76,14825000
ATX,20110114,9.56,9.7,9.41,9.65,54700
AUBN,20110114,20.03,20.03,20.03,20.03,100
AUDC,20110114,7.44,7.53,7.32,7.37,192600
AUXL,20110114,23.42,23.91,23.25,23.79,552700
AVAV,20110114,27.95,28.49,27.88,28.48,181500
AVEO,20110114,14.5,14.71,14.44,14.6,24400
AVGO,20110114,28.34,29.06,28,29.01,977500
AVID,20110114,17.86,18.06,17.81,18,96200
AVNR,20110114,4.46,4.5,4.39,4.45,1683000
AVNW,20110114,5.44,5.49,5.38,5.43,234600
AWRE,20110114,3.9,3.92,3.65,3.83,27600
AXAS,20110114,4.48,4.67,4.39,4.67,821500
AXFN,20110114,25.03,25.21,25,25.21,1100
AXTI,20110114,10.99,11.72,10.8,11.7,553800
AZPN,20110114,13.95,14.01,13.75,13.97,799300
BABY,20110114,15.11,15.41,15.11,15.24,165200
BAGL,20110114,14.44,14.44,14.21,14.25,25700
BAMM,20110114,5.54,5.74,5.54,5.64,22200
BANC,20110114,13.6,13.8,13.51,13.56,7000
BANF,20110114,43.3,44.67,42.96,44.18,22400
BANFP,20110114,26.75,26.75,26.75,26.75,0
BANR,20110114,15.4,15.89,15.12,15.54,1844200
BASI,20110114,2.45,2.49,2.37,2.37,11500
BBBY,20110114,49.14,49.65,49.12,49.51,1448300
BBEP,20110114,22.04,22.2,21.85,22.03,280600
BBGI,20110114,5.45,5.6,5.45,5.6,10800
BBNK,20110114,8.88,8.88,8.64,8.79,600
BBOX,20110114,38.68,39.19,38.08,38.32,72800
BBRG,20110114,18.43,18.44,17.92,18.22,65500
BBRY,20110114,64.61,65.34,64.07,64.77,10194200
BBSI,20110114,15,15.3,15,15.27,23000
BCBP,20110114,10.32,10.5,10.3,10.4,3900
BCOM,20110114,36.7,36.7,36.7,36.7,0
BCPC,20110114,35.72,36.34,35.45,36.34,89600
BCRX,20110114,4.8,4.85,4.68,4.71,470000
BCSB,20110114,11.32,11.34,11.32,11.34,600
BDE,20110114,7.35,7.43,7.32,7.34,72500
BDGE,20110114,23.43,23.7,23.21,23.48,12500
BDMS,20110114,18.81,19.25,18.8,19.25,2300
BDSI,20110114,3.71,3.93,3.6,3.82,497400
BEAT,20110114,4.92,4.97,4.86,4.94,66600
BEAV,20110114,38.99,39.58,38.86,39.41,492500
BEBE,20110114,5.96,6.08,5.9,6.05,418500
BECN,20110114,18.27,18.53,18.15,18.52,146700
BELFA,20110114,27.75,27.75,27.75,27.75,300
BELFB,20110114,24.67,25.85,24.63,25.75,34300
BERK,20110114,6.03,6.06,6.01,6.01,3000
BFIN,20110114,9.54,9.6,9.45,9.59,30500
BFLY,20110114,3.45,3.49,3.13,3.43,20200
BGCP,20110114,9.03,9.17,8.9,9,670800
BGFV,20110114,14.26,14.52,14.26,14.45,47900
BIB,20110114,32.3,32.3,31.715,31.79,1500
BICK,20110114,32.86,33.03,32.86,32.99,23100
BIDU,20110114,106.37,107.8,105.84,107.73,4868100
BIIB,20110114,67.31,67.5,66.46,66.57,1626800
BIOD,20110114,10.2,11.88,10.08,11,6611000
BIOF,20110114,27,28,27,27.6,400500
BIOS,20110114,5.19,5.25,5.06,5.1,159000
BIRT,20110114,5.61,5.72,5.56,5.61,143000
BIS,20110114,48.17,48.17,47.94,47.94,500
BJRI,20110114,34.42,35.04,34.26,35.02,359900
BKCC,20110114,11.75,11.76,11.66,11.76,379600
BKMU,20110114,5.05,5.1,4.91,5.08,83100
BKOR,20110114,4.55,4.55,4.55,4.55,5600
BKSC,20110114,12.5,12.5,12.42,12.42,200
BKYF,20110114,20.01,20.5,20,20.3,3900
BLDP,20110114,1.62,1.66,1.62,1.63,174400
BLDR,20110114,2.1,2.3,2.1,2.21,186500
BLIN,20110114,1.32,1.34,1.3,1.34,17500
BLKB,20110114,26.34,26.75,26.12,26.74,113000
BMC,20110114,47.66,47.99,47.56,47.97,1822800
BMRC,20110114,35,35,34.33,34.98,6900
BMRN,20110114,26.47,26.65,26.39,26.59,350700
BMTC,20110114,17.5,17.84,17.5,17.8,17000
BNCL,20110114,9.16,9.27,9.11,9.21,139700
BNCN,20110114,8.82,8.83,8.75,8.82,6700
BNSO,20110114,1.62,1.76,1.62,1.64,4200
BOBE,20110114,32.96,33.15,32.73,33.04,80000
BOCH,20110114,4.28,4.36,4.25,4.35,3800
BODY,20110114,20.25,20.25,18,18.35,236800
BOFI,20110114,15.3,15.75,15.3,15.64,20900
BOKF,20110114,53.89,56,53.54,55.94,87200
BOLT,20110114,13.79,14.13,13.69,14.1,10600
BONA,20110114,6.05,6.19,6.05,6.14,25000
BONT,20110114,11.52,11.6,11.38,11.54,64600
BOOM,20110114,21.59,22.25,21.45,22.17,100700
BOSC,20110114,6.68,6.68,6.68,6.68,100
BPAX,20110114,10.32,11.16,10.14,10.56,3390400
BPFH,20110114,6.27,6.68,6.24,6.64,1165000
BPHX,20110114,2.5,2.5,2.44,2.5,106800
BPOP,20110114,32,33.8,31.9,33,13852900
BPOPM,20110114,19.4,19.4,19.35,19.4,1200
BPOPN,20110114,20.67,20.67,20.5,20.66,1100
BRCD,20110114,5.89,6.01,5.87,5.98,13347100
BRCM,20110114,46.2,47.35,45.95,47.34,6416000
BRID,20110114,12.44,13.6,12.4,12.8,2800
BRKL,20110114,10.64,11.24,10.64,11.2,436800
BRKR,20110114,17.34,17.47,16.83,16.97,693400
BRKS,20110114,10.5,11.94,10.45,11.85,1946400
BRLI,20110114,23.69,23.8,23.58,23.75,135100
BSDM,20110114,5,5.04,4.75,4.81,726800
BSET,20110114,4.35,4.38,4.2,4.3,15900
BSFT,20110114,28.56,28.56,27.48,27.98,149900
BSPM,20110114,8.07,8.19,7.92,8.04,119500
BSQR,20110114,11.53,11.53,10.49,10.64,357200
BSRR,20110114,10.9,10.9,10.81,10.85,133500
BSTC,20110114,25.49,25.5,25.17,25.44,4000
BTUI,20110114,10.44,11.7,10.43,11.7,30200
BUSE,20110114,4.77,4.88,4.75,4.87,64300
BVSN,20110114,12,12.3,12,12.3,1600
BWEN,20110114,22.6,22.6,22.1,22.5,358500
BWINA,20110114,21.47,22.39,21.47,22.39,800
BWINB,20110114,23.73,23.74,23.45,23.52,13400
BWLD,20110114,46.48,46.57,45.64,45.8,287400
BYFC,20110114,2.51,2.51,2.51,2.51,0
CA,20110114,25.07,25.25,24.94,25.24,2665600
CAAS,20110114,14.14,14.18,13.83,13.87,196500
CAC,20110114,34.75,35.87,34.75,35.76,6000
CACB,20110114,9.7,9.99,9.69,9.99,3600
CACC,20110114,58.87,58.98,58.21,58.37,24100
CACH,20110114,4.4,4.47,4.35,4.37,11700
CADC,20110114,4.74,4.99,4.56,4.69,67700
CADX,20110114,7.19,7.32,7.15,7.3,171300
CAFI,20110114,1.89,1.95,1.89,1.95,4300
CAKE,20110114,30.22,30.73,29.79,30.62,972100
CALD,20110114,6.41,6.45,6.33,6.35,205700
CALI,20110114,18,18.36,16.26,16.56,39000
CALL,20110114,11.35,11.375,10.685,11.075,66800
CALM,20110114,29,29.05,28.77,28.97,119900
CAMP,20110114,3.35,3.35,3.31,3.32,191100
CAMT,20110114,3.25,3.55,3.25,3.54,187300
CAR,20110114,14.57,14.67,14.23,14.54,970000
CART,20110114,3.35,3.37,3.25,3.35,2000
CARV,20110114,2.61,2.7,2.6,2.6,15000
CASH,20110114,14.51,15.47,14.51,15.25,5600
CASM,20110114,3.02,3.2,3.02,3.2,6700
CASS,20110114,38.73,38.73,37.5,38.37,34600
CASY,20110114,41.95,42.5,41.95,42.34,168200
CATM,20110114,17.48,18,17.48,17.91,359800
CATY,20110114,16.38,17.38,16.37,17.31,1043300
CAVM,20110114,44.5,46,44.44,46,794800
CBAK,20110114,10.05,10.4,9.95,10.15,494000
CBAN,20110114,4.2,4.2,4.2,4.2,0
CBEY,20110114,16.26,16.26,15.83,16,201800
CBIN,20110114,10,10.2,9.99,10.12,6500
CBLI,20110114,7,7.3,6.99,7.12,252200
CBMX,20110114,24.5,26.7,23.2,26.7,60300
CBMXW,20110114,1.7,1.7,1.7,1.7,0
CBNJ,20110114,9.53,9.53,9.2,9.31,6200
CBNK,20110114,12.6,12.62,12.4,12.6,3800
CBOE,20110114,23.43,23.89,23.36,23.8,299300
CBPO,20110114,15.94,16,15.65,15.68,64900
CBRL,20110114,53.89,54.03,53.51,53.88,300500
CBRX,20110114,2.61,2.7,2.58,2.67,934400
CBSH,20110114,40.88,42.48,40.56,41.97,662100
CBST,20110114,22.57,22.57,22.21,22.45,530600
CCBG,20110114,13,13.26,12.95,13.2,9400
CCCL,20110114,8.27,8.27,7.96,7.96,16600
CCIH,20110114,20.93,20.93,20.5,20.83,172400
CCIX,20110114,6.63,6.74,6.5,6.72,14000
CCMP,20110114,43.5,45.1,43.5,45.06,173400
CCNE,20110114,14.9,15.06,14.9,14.95,24200
CCOI,20110114,14.8,15.24,14.64,15.17,441900
CCRN,20110114,8.32,8.44,8.17,8.39,36300
CCUR,20110114,4.89,4.94,4.89,4.94,9200
CDNS,20110114,8.59,8.88,8.58,8.82,3549800
CDTI,20110114,9.35,9.9,9.08,9.35,61900
CDXS,20110114,10.65,10.94,10.58,10.74,180000
CDZI,20110114,12.62,12.91,12.44,12.89,21800
CECE,20110114,6.31,6.4,6.22,6.32,3900
CECO,20110114,21.46,21.85,21.21,21.57,1120300
CEDU,20110114,7.77,7.89,7.75,7.85,27600
CELG,20110114,57.25,57.69,57.19,57.45,2312100
CELGZ,20110114,3.04,3.04,2.9,2.98,31300
CENT,20110114,10.01,10.16,9.95,10.14,24900
CENTA,20110114,10.02,10.19,9.93,10.17,231600
CENX,20110114,16.1,16.22,15.69,15.72,2599200
CERN,20110114,47.56,48.445,47.425,48.445,401900
CERS,20110114,3.14,3.44,3.1,3.42,2154400
CETV,20110114,19.63,19.75,19.3,19.74,338400
CEVA,20110114,24.6,25.18,24.6,25.02,158500
CFBK,20110114,5.4,5.75,5.4,5.75,2100
CFFI,20110114,23,25.75,22.75,23.2,2900
CFFN,20110114,11.72,11.78,11.67,11.75,2453900
CFNB,20110114,14,14.37,14,14.37,900
CFNL,20110114,11.86,12.12,11.86,12.05,64100
CGEN,20110114,5.1,5.77,5.09,5.56,747700
CGNX,20110114,29.75,29.93,29.55,29.93,149200
CHCI,20110114,1.39,1.48,1.37,1.46,156800
CHCO,20110114,34.39,36.86,34.39,36.62,109100
CHDN,20110114,41.95,42.22,41.47,42.22,22200
CHDX,20110114,16.54,16.68,16.32,16.48,33600
CHEV,20110114,9.22,9.22,9.16,9.2,2300
CHFC,20110114,22.77,23.04,22.42,23.02,67700
CHFN,20110114,8.8218,8.9109,8.8119,8.8416,10800
CHKE,20110114,18.48,18.79,18.36,18.75,37400
CHKP,20110114,45.15,46.26,45.15,46.2,2416300
CHLN,20110114,3.36,3.41,3.23,3.26,105900
CHNR,20110114,15.51,15.51,14.79,14.79,19300
CHOP,20110114,6,6.05,5.91,5.97,341900
CHRM,20110114,10.18,10.31,10.15,10.2,8700
CHRW,20110114,79.32,79.66,78.82,78.88,1479000
CHSCP,20110114,28.88,28.96,28.75,28.82,14900
CHTP,20110114,6.82,6.98,6.75,6.93,313000
CHTR,20110114,40.05,41.26,40.05,40.93,243800
CHYR,20110114,2.57,2.9,2.5,2.82,55000
CIDM,20110114,1.59,1.59,1.55,1.55,7700
CIEN,20110114,25,25.39,24.58,25.33,4493200
CIMT,20110114,3.3,3.9,3.2,3.75,255700
CINF,20110114,31.67,32.15,31.67,32.15,571600
CISG,20110114,19.47,20,18.66,18.99,639300
CITZ,20110114,5.48,5.5,5.48,5.5,800
CIZN,20110114,20.57,21,20.57,21,500
CJJD,20110114,4.76,4.9,4.75,4.87,31100
CKEC,20110114,7.58,7.78,7.58,7.7,41200
CKSW,20110114,8.43,8.43,8.19,8.25,205600
CLBH,20110114,3.82,3.82,3.44,3.44,6400
CLCT,20110114,13.64,13.9,13.62,13.89,29400
CLDX,20110114,3.94,3.98,3.86,3.9,241400
CLFD,20110114,4.07,4.2,4.07,4.15,42800
CLMS,20110114,15.43,15.91,15.41,15.69,151700
CLMT,20110114,23.29,24.18,23.2,24.09,306800
CLNE,20110114,14.14,14.14,13.92,14.09,500300
CLRO,20110114,4.92,4.92,4.6,4.85,22000
CLSN,20110114,2.9,2.93,2.73,2.93,101100
CLUB,20110114,4.47,4.52,4.35,4.42,35500
CLWR,20110114,5.8,5.86,5.56,5.69,4479300
CLWT,20110114,6.435,6.545,6.325,6.49,14800
CMCO,20110114,21.55,21.82,21.55,21.71,27200
CMCSA,20110114,22.42,22.73,22.41,22.72,9710600
CMCSK,20110114,21.08,21.38,21.08,21.34,2404500
CME,20110114,313.61,317.72,313.01,316.96,436200
CMLS,20110114,4.15,4.25,4.07,4.18,27300
CMSB,20110114,9.32,9.32,9.32,9.32,0
CMTL,20110114,28.32,28.38,28.02,28.21,159200
CNBC,20110114,8.5,8.72,8.5,8.7,6800
CNBKA,20110114,26.61,27,26.6,26.98,2500
CNET,20110114,4.65,4.66,4.4,4.51,51400
CNIT,20110114,5.06,5.18,5,5.08,488000
CNMD,20110114,25.94,26.09,25.83,25.91,97200
CNQR,20110114,54.66,56.27,54.62,56.27,386700
CNSL,20110114,18.6,18.67,18.5,18.58,141000
CNTF,20110114,4.36,4.39,4.32,4.33,64100
CNTY,20110114,2.61,2.66,2.55,2.59,19700
CNYD,20110114,10.1,10.1,9.8,9.81,7500
COBK,20110114,12.4,12.4,12.11,12.27,6900
COBR,20110114,3.5,3.5,3.39,3.39,5900
COBZ,20110114,6.08,6.25,6.08,6.22,76300
COCO,20110114,5.03,5.23,4.99,5.06,13430000
COGO,20110114,8.92,8.97,8.75,8.9,155800
COHR,20110114,48.83,49.19,48.05,49.11,150300
COHU,20110114,16.37,16.89,16.26,16.8,135800
COKE,20110114,56.08,56.26,55.69,56.04,28600
COLB,20110114,20.49,21.15,20.44,21.09,228700
COLM,20110114,59.13,60.78,59.08,60.71,78500
CONN,20110114,4.5,4.57,4.46,4.52,60100
COOL,20110114,1.2,1.35,1.19,1.3,2621500
CORE,20110114,35.19,35.51,35.1,35.19,60400
CORT,20110114,4.36,4.37,4.25,4.33,200600
COSI,20110114,1.5,1.54,1.43,1.48,254600
COST,20110114,71.35,72.52,71.21,72.51,2454700
COWN,20110114,4.66,4.9,4.66,4.9,94600
CPBC,20110114,4.63,4.7,4.6,4.7,1300
CPGI,20110114,3.87,3.91,3.86,3.9,30500
CPHC,20110114,11.5,11.5,11.3,11.3,1500
CPHD,20110114,23.73,24.6,23.46,24.54,746900
CPIX,20110114,6.87,7.49,6.55,6.72,1987900
CPLA,20110114,54.16,56.4,53.99,56.29,206600
CPLP,20110114,10.05,10.08,10,10.03,287900
CPNO,20110114,34.65,34.72,34.37,34.56,151500
CPRT,20110114,18.755,18.82,18.755,18.78,2686500
CPRX,20110114,1.25,1.25,1.14,1.16,64900
CPSI,20110114,46.98,48.52,46.98,48.32,36400
CPSL,20110114,22.56,22.56,21.84,22.44,386100
CPSS,20110114,1.23,1.29,1.22,1.23,12000
CPST,20110114,1.2,1.21,1.16,1.18,1614800
CPTS,20110114,14.19,14.27,14.07,14.07,202800
CPWR,20110114,11.82,12,11.78,12,1738200
CRAI,20110114,25.07,26.06,25.07,25.64,36400
CRAY,20110114,7.68,7.76,7.4,7.76,200900
CRDC,20110114,4.74,4.97,4.72,4.95,61100
CREE,20110114,65.55,65.89,63.08,63.77,6756200
CREG,20110114,3.25,3.25,3.13,3.15,22100
CRESW,20110114,0.27,0.27,0.27,0.27,29700
CRESY,20110114,19.01,19.27,18.85,18.92,216500
CRFN,20110114,2.59,2.6,2.22,2.43,38800
CRIS,20110114,3.05,3.25,2.98,3.24,2441400
CRME,20110114,34,34.15,32.35,32.55,258200
CRMT,20110114,27.76,28,27.66,27.98,16200
CRNT,20110114,13.7,13.8,13.27,13.47,361900
CROX,20110114,16.97,17.17,16.81,17.02,1923600
CRRB,20110114,4.5,4.5,4.5,4.5,0
CRRC,20110114,14.94,15.1,14.65,14.87,55200
CRTX,20110114,5.9,5.96,5.86,5.91,75400
CRUS,20110114,18.68,18.95,18.61,18.93,2728000
CRVL,20110114,49.53,49.99,49.41,49.85,47500
CRWN,20110114,2.52,2.54,2.5,2.52,54800
CRWS,20110114,4.76,4.76,4.65,4.65,1200
CRZO,20110114,34.21,34.69,33.64,33.99,506800
CSBK,20110114,10.81,10.93,10.8,10.91,9200
CSCD,20110114,6.25,6.53,6.24,6.5,156300
CSCO,20110114,21.13,21.24,21.06,21.21,35176300
CSFL,20110114,8.01,8.13,7.95,8.09,48100
CSGP,20110114,58.36,59.97,58.13,59.75,119400
CSGS,20110114,19.26,19.51,19.18,19.45,118100
CSII,20110114,12.68,12.79,12.61,12.69,30200
CSIQ,20110114,14.2,14.2,13.55,13.7,1201900
CSPI,20110114,3.99,3.99,3.99,3.99,1100
CSTR,20110114,43.03,44.25,41.44,41.5,19369500
CSUN,20110114,4.71,4.71,4.6,4.69,121000
CSWC,20110114,99.11,103.09,99,100,18000
CTAS,20110114,28.36,29.06,28.34,29,866200
CTBI,20110114,29.1,29.89,28.96,29.78,16600
CTCH,20110114,3.8,3.89,3.8,3.88,13200
CTCM,20110114,23.61,23.71,23.34,23.67,63800
CTCT,20110114,30.74,30.89,30.47,30.87,228000
CTGX,20110114,11.45,11.74,11.38,11.7,19500
CTHR,20110114,2.65,2.69,2.65,2.67,9500
CTIB,20110114,6.02,6.02,5.79,6,20700
CTIC,20110114,1.9,1.9,1.85,1.9,7303400
CTRN,20110114,24.27,25,24.12,24.96,77100
CTRP,20110114,43.09,43.22,41.95,42.09,3583500
CTSH,20110114,74.5,75.13,74.35,75.01,2384700
CTWS,20110114,26.25,26.52,26.15,26.52,10100
CTXS,20110114,67.71,68.21,67.46,68.05,2570000
CU,20110114,44.15,44.31,43.5,44.31,60100
CUBA,20110114,7.31,8.34,7.28,7.85,175500
CUTR,20110114,8.62,8.88,8.62,8.83,16300
CVBF,20110114,8.37,8.88,8.36,8.78,1084200
CVCO,20110114,45.23,47.16,45.1,46.23,39800
CVCY,20110114,5.99,5.99,5.9,5.94,2500
CVGI,20110114,18.83,19.24,18.03,18.12,241200
CVGW,20110114,23.68,23.74,23.11,23.5,32500
CVLT,20110114,30.25,30.99,30.01,30.95,241000
CVLY,20110114,9.99,10.25,9.99,10.21,9100
CVTI,20110114,9.4,9.61,9.4,9.5,9900
CVV,20110114,8,8,7.81,7.9,5200
CWBC,20110114,4.2,4.23,4.2,4.23,900
CWCO,20110114,10.35,10.55,10.35,10.51,31800
CWEI,20110114,87.05,87.79,86.2,87.39,49000
CWST,20110114,6.88,7.16,6.88,7.16,87200
CWTR,20110114,11.8,11.84,11.64,11.68,791000
CXDC,20110114,5.58,5.75,5.47,5.52,85100
CXPO,20110114,4.62,4.68,4.56,4.67,92500
CY,20110114,21.08,21.71,20.98,21.34,3871500
CYAN,20110114,3.11,3.2,3.1,3.15,9700
CYBE,20110114,8.9,9.38,8.8,9.29,13300
CYBX,20110114,34.77,34.78,34.38,34.68,138100
CYCC,20110114,10.85,10.99,10.64,10.71,438000
CYCCP,20110114,3.75,3.76,3.75,3.76,600
CYMI,20110114,46.12,51.42,45.78,51.02,1597300
CYNO,20110114,10.79,11.17,10.79,11.05,28600
CYOU,20110114,30.7,30.99,30.51,30.89,46800
CYTK,20110114,2.04,2.07,2.03,2.07,571200
CYTR,20110114,6.3,6.58,6.3,6.51,286400
CYTX,20110114,5.56,5.68,5.54,5.65,288900
CYTXW,20110114,3.5,3.96,3.5,3.96,300
CZFC,20110114,7.27,7.35,7.25,7.35,800
CZNC,20110114,16,16.5,15.83,16.32,45200
CZWI,20110114,4.57,4.66,4.5,4.5,4000
DAIO,20110114,5.62,5.89,5.62,5.78,19900
DAKT,20110114,16.37,16.65,16.16,16.5,191700
DARA,20110114,4.29,4.29,3.88,4.13,103800
DAVE,20110114,11.17,11.23,11.02,11.09,11300
DBLE,20110114,5.79,5.98,5.75,5.92,39900
DBLEP,20110114,25.65,25.65,25.62,25.62,1800
DCOM,20110114,14.92,15.15,14.92,15.12,46100
DCTH,20110114,9.62,9.85,9.49,9.74,627100
DECK,20110114,80.13,82.4,79.6,81.73,1532900
DELL,20110114,14.16,14.23,14.01,14.05,17787500
DENN,20110114,3.72,3.76,3.68,3.73,490200
DEPO,20110114,7.08,7.17,7.07,7.12,612600
DEST,20110114,20.335,20.35,19.695,19.985,24200
DFZ,20110114,11.35,11.42,11.26,11.31,24500
DGAS,20110114,16.075,16.48,15.585,15.745,11400
DGICA,20110114,14.12,14.28,13.81,13.99,16800
DGICB,20110114,17.6,17.6,17.6,17.6,0
DGII,20110114,12.14,12.25,11.94,12,80800
DGIT,20110114,29.5,29.82,29.14,29.46,294800
DGLY,20110114,1.65,1.67,1.63,1.67,33100
DHIL,20110114,74.8,75.25,74.26,74.49,18600
DHRM,20110114,5.97,6.47,5.9,6.06,17600
DIOD,20110114,27.26,27.99,27.1,27.84,337900
DISCA,20110114,38.8,38.81,37.7,38.56,3877600
DISCB,20110114,38.4,38.79,38.4,38.78,400
DISCK,20110114,33.55,33.58,32.81,33.28,1480700
DISH,20110114,21.45,21.47,21.3,21.41,2367400
DJCO,20110114,71.61,71.61,71.61,71.61,100
DLGC,20110114,24.15,25.6,24.15,25.05,33200
DLIA,20110114,1.95,2,1.95,1.98,45500
DLLR,20110114,20.6467,20.7333,20.4267,20.6667,201100
DLTR,20110114,25.235,25.445,25.085,25.195,1449200
DMLP,20110114,27.5,28.22,27.5,27.67,53100
DMND,20110114,53.83,53.83,53.13,53.55,141900
DMRC,20110114,30.14,30.75,30,30.49,19600
DNBF,20110114,10.86,10.86,10.86,10.86,100
DNDN,20110114,35.9,37.5,35.9,37.16,9671100
DORM,20110114,18.165,18.48,17.8,18.335,62800
DOVR,20110114,2.99,3,2.77,2.9,1400
DRAD,20110114,2.18,2.27,2.17,2.27,67300
DRAM,20110114,11.82,11.82,11.1,11.64,23000
DRCO,20110114,13.59,13.79,13.5,13.5,12800
DRIV,20110114,35.6,36.3,35.3,36.29,809900
DRRX,20110114,3.59,3.63,3.36,3.61,240500
DRWI,20110114,7.32,7.78,7.25,7.63,1472200
DRYS,20110114,5.42,5.5,5.36,5.41,8324600
DSCI,20110114,4.68,4.78,4.65,4.65,5200
DSGX,20110114,6.89,6.92,6.86,6.87,11000
DSPG,20110114,8.38,8.41,8.18,8.24,125600
DSWL,20110114,3.53,3.53,3.45,3.46,10200
DTLK,20110114,4.5,4.55,4.46,4.54,21600
DTSI,20110114,49.26,49.51,48.97,49.09,95600
DTV,20110114,42.2,42.59,42.12,42.51,5162200
DVAX,20110114,3.33,3.34,3.26,3.3,588600
DVOX,20110114,5.33,5.48,5.27,5.4,95000
DWA,20110114,29.02,29.09,28.68,28.76,634200
DWCH,20110114,3.22,3.22,3.2,3.2,1100
DWSN,20110114,34.47,34.7,34,34.62,42200
DXCM,20110114,15.47,15.61,15.22,15.39,787100
DXPE,20110114,24.66,24.87,24.11,24.25,47500
DXYN,20110114,4.44,4.5,4.13,4.3,35400
DYAX,20110114,2.18,2.21,2.15,2.2,628900
DYNT,20110114,3.9,4,3.7,4,23400
DYSL,20110114,4.72,4.72,4.4,4.65,3600
EBAY,20110114,28.68,29.2,28.41,29.18,8363900
EBIX,20110114,24.59,24.95,24.32,24.94,239300
EBMT,20110114,11.66,11.66,11.35,11.49,300
EBSB,20110114,12.31,12.32,12.26,12.28,10700
EBTC,20110114,13.8,14.5,13.8,14.42,5600
ECHO,20110114,12.4,12.42,12.21,12.38,63100
ECOL,20110114,18.07,18.13,17.92,18.02,70000
ECPG,20110114,24.07,24.37,23.9,24.3,51800
ECTY,20110114,3.8,3.8,3.6,3.74,64300
EDAC,20110114,3.79,3.79,3.76,3.76,1400
EDAP,20110114,4.65,4.69,4.45,4.49,270800
EDGW,20110114,2.37,2.43,2.37,2.43,2400
EDMC,20110114,14.3,15.05,14.11,14.78,220000
EDS,20110114,8.26,8.26,8.1,8.15,22200
EDUC,20110114,6.67,6.67,6.67,6.67,0
EEFT,20110114,18.99,19.09,18.95,19.04,157700
EEI,20110114,15.06,15.06,14.87,14.87,700
EFII,20110114,14.5,14.98,14.44,14.97,101500
EFSC,20110114,12,12.01,11.66,12.01,22200
EFUT,20110114,5.56,5.76,5.51,5.76,7800
EGBN,20110114,14.56,15.09,14.56,15.08,24800
EGHT,20110114,2.81,2.82,2.75,2.78,359900
EGLE,20110114,19.88,19.88,19.52,19.64,1831900
EGOV,20110114,10.23,10.34,10.18,10.33,270600
EHTH,20110114,12.42,12.42,12.13,12.25,706700
EIHI,20110114,12.58,12.69,12.5,12.69,23300
ELGX,20110114,7.09,7.1,6.89,7.03,255600
ELNK,20110114,8.89,8.94,8.85,8.94,1851800
ELON,20110114,10.34,10.46,10.2,10.46,167500
ELOS,20110114,10.6,10.98,10.43,10.76,848300
ELRC,20110114,16.06,16.97,16.02,16.83,46400
ELSE,20110114,4.45,4.6,4.45,4.6,700
ELTK,20110114,1.43,1.43,1.36,1.39,32100
EMCF,20110114,17,17,17,17,100
EMCI,20110114,23,23.15,23,23.13,4100
EMFN,20110114,29.15,29.15,29.15,29.15,100
EMIF,20110114,34.85,35,34.84,34.96,115100
EMITF,20110114,13.97,13.97,13.97,13.97,0
EMKR,20110114,5.84,6,5.72,5.88,936000
EMMS,20110114,1.35,1.39,1.13,1.18,982400
EMMSP,20110114,15.97,18.04,15.97,17,7300
EMMT,20110114,28.72,28.75,28.5,28.75,15700
ENDP,20110114,34.78,34.97,34.51,34.88,839900
ENG,20110114,4.3,4.3,4.08,4.18,113900
ENMD,20110114,6.03,6.03,5.61,5.75,81300
ENOC,20110114,24.91,24.91,24.35,24.48,190500
ENSG,20110114,25.05,25.16,24.6,24.85,79700
ENTG,20110114,7.51,7.97,7.51,7.91,1675700
ENTR,20110114,13.26,13.35,13.1,13.26,1947400
ENZN,20110114,12.14,12.2,12.05,12.15,232000
EONC,20110114,1.95,1.98,1.91,1.91,3100
EPAX,20110114,11.64,11.66,11.5,11.53,36200
EPAY,20110114,21.1,21.42,21.07,21.41,108800
EPIQ,20110114,13.25,13.29,13.18,13.26,97900
EQIX,20110114,87.07,87.86,86.71,87.71,372000
ERIC,20110114,11.41,11.58,11.41,11.58,1576900
ERIE,20110114,65.86,65.89,65.62,65.79,34100
ERII,20110114,4.05,4.14,4.03,4.1,366300
EROC,20110114,9.29,9.44,9.23,9.39,289000
ESBF,20110114,12.275,12.475,12.275,12.425,6600
ESBK,20110114,18.45,18.45,18.3,18.3,400
ESCA,20110114,6.85,6.85,6.77,6.77,1000
ESEA,20110114,3.62,3.8,3.62,3.8,32900
ESGR,20110114,84.34,84.72,83.3,83.73,19300
ESIO,20110114,15.78,16.03,15.7,16.01,95500
ESLT,20110114,53.65,54,53.65,54,2300
ESMC,20110114,1.4,1.4,1.4,1.4,5000
ESRX,20110114,57.6,57.9,57.32,57.59,1958500
ESSA,20110114,12.64,12.78,12.59,12.73,15400
ESSX,20110114,5.6,5.6,5.6,5.6,3800
ESYS,20110114,4.72,4.72,4.53,4.53,500
ETFC,20110114,16.5,16.7,16.48,16.7,3458900
ETRM,20110114,3,3.01,2.94,2.99,65500
EUFN,20110114,22.45,22.69,22.45,22.69,296000
EVBS,20110114,4.24,4.44,4.24,4.34,14300
EVEP,20110114,42.62,43.75,42.62,43.56,161800
EVOL,20110114,8.09,8.24,8.09,8.23,16900
EWBC,20110114,20.64,21.48,20.5,21.31,2730800
EXAC,20110114,17.81,17.91,17.68,17.84,22300
EXAR,20110114,7.2,7.24,7.16,7.18,108000
EXAS,20110114,6.31,6.43,6.25,6.27,544500
EXEL,20110114,7.36,7.7,7.29,7.66,1205200
EXFO,20110114,8.89,9.75,8.88,9.56,829900
EXLP,20110114,27.5,27.67,27.01,27.47,100700
EXLS,20110114,22.04,22.22,21.98,22.11,44000
EXPD,20110114,53.97,54.6,53.9,54.42,790500
EXPE,20110114,26.95,27.31,26.65,27.3,5436100
EXPO,20110114,36.87,37.63,36.68,37.39,74600
EXTR,20110114,3.4,3.43,3.31,3.38,319100
EXXI,20110114,28.58,28.6,27.82,28.06,816300
EZCH,20110114,31.63,32.24,31.61,32.1,338000
EZPW,20110114,28.63,29.94,28.56,29.63,840200
FABK,20110114,12.6,12.6,12.4,12.4,1300
FALC,20110114,3.45,3.6,3.42,3.53,294300
FARM,20110114,15.1,15.89,14.96,15.59,20200
FARO,20110114,31.61,32.28,31.52,32.05,61900
FAST,20110114,29.315,29.965,29.315,29.945,835800
FBIZ,20110114,12.24,12.24,12.24,12.24,200
FBMI,20110114,6.94,7.05,6.7,6.75,6300
FBMS,20110114,9.47,9.47,9.47,9.47,0
FBNC,20110114,16.1,16.29,16.1,16.27,23000
FBSS,20110114,13.04,13.05,13.04,13.05,6500
FCAL,20110114,3.02,3.02,2.99,2.99,19500
FCAP,20110114,16.65,16.65,16.45,16.45,200
FCBC,20110114,14.39,14.9,14.29,14.8,25100
FCCO,20110114,5.65,5.65,5.65,5.65,0
FCCY,20110114,9.06,9.06,9.06,9.06,0
FCEL,20110114,2,2,1.97,1.99,1096500
FCFC,20110114,7.61,7.8,7.61,7.74,4100
FCFS,20110114,31.21,31.75,31.21,31.66,102800
FCHI,20110114,53.01,53.18,52.99,53.18,29700
FCLF,20110114,6.86,6.86,6.86,6.86,0
FCNCA,20110114,190.11,195.69,190.11,195.5,18700
FCTY,20110114,4.19,4.19,4.07,4.1,6500
FCVA,20110114,3.81,3.81,3.81,3.81,200
FCZA,20110114,4,4,4,4,0
FDEF,20110114,12.94,13.16,12.84,13.12,6900
FDML,20110114,23.2,23.56,23.05,23.21,99000
FEFN,20110114,27.45,27.6,27.45,27.6,700
FEIC,20110114,26.6,27.27,26.5,27.07,660300
FEIM,20110114,7.01,7.07,6.72,6.88,10400
FELE,20110114,21.055,21.295,21,21.165,71800
FFBC,20110114,17.41,18.6,17.41,18.59,381100
FFBCW,20110114,7.39,7.39,7.39,7.39,100
FFBH,20110114,1.93,2,1.85,1.98,6900
FFCH,20110114,11.98,12.02,11.79,11.97,38100
FFCO,20110114,13.9,13.9,13.9,13.9,500
FFEX,20110114,4.59,4.59,4.45,4.53,11700
FFHL,20110114,4.65,4.85,4.55,4.62,147100
FFIC,20110114,14.64,14.91,14.55,14.65,118500
FFIN,20110114,34.3067,35.2933,34.2667,35.1533,60600
FFIV,20110114,144.47,145,141.45,144.17,1771800
FFKT,20110114,5.1,5.1,4.97,5,7400
FFKY,20110114,4.49,4.6,4.13,4.19,5100
FFNM,20110114,3.9,3.93,3.88,3.88,400
FFNW,20110114,4.3,4.3,4.2,4.22,22200
FHCO,20110114,5.73,5.75,5.65,5.73,56000
FIBK,20110114,14.84,15.25,14.6,15.04,50700
FINL,20110114,16.85,16.96,16.45,16.65,564100
FIRE,20110114,24.12,24.49,23.65,24.3,320900
FISI,20110114,19.55,19.88,19.15,19.63,74800
FISV,20110114,60.7,62,60.52,61.92,878500
FITB,20110114,14.62,15,14.59,14.95,9752000
FITBP,20110114,146.26,146.26,146.26,146.26,0
FIZZ,20110114,13.71,13.71,13.59,13.67,16400
FLEX,20110114,8.29,8.39,8.22,8.39,2748300
FLIC,20110114,28.2,28.99,28.2,28.88,6800
FLIR,20110114,29.03,29.49,29.01,29.49,795900
FLML,20110114,6.64,6.66,6.55,6.6,9300
FLOW,20110114,3.99,4.09,3.92,4.08,185600
FLWS,20110114,2.59,2.59,2.5,2.55,127400
FLXS,20110114,18.39,18.39,18.24,18.24,3200
FMBI,20110114,12.37,12.89,12.33,12.87,960800
FMCN,20110114,24.01,24.01,23.15,23.5,1208500
FMER,20110114,19.25,20.04,19.21,19.96,842100
FMFC,20110114,3.65,3.7,3.65,3.65,2200
FNBN,20110114,0.46,0.53,0.46,0.5,40200
FNFG,20110114,14.15,14.49,14.15,14.45,1397000
FNGN,20110114,22.92,23.98,22.4,23.77,667000
FNLC,20110114,15.71,15.88,15.71,15.86,8900
FNSR,20110114,34.44,35.01,33.82,34.62,4620800
FOLD,20110114,5.24,6.37,5,5.88,169300
FONR,20110114,1.33,1.38,1.33,1.38,11500
FORD,20110114,3.64,3.73,3.63,3.68,35800
FORM,20110114,9.58,10.32,9.41,10.25,1094300
FORR,20110114,34.98,35.89,34.98,35.85,90600
FORTY,20110114,19.45,19.73,19.45,19.68,4800
FOSL,20110114,68.84,70.3,68.76,70.29,537200
FRBK,20110114,2.84,3.06,2.82,3,68900
FRED,20110114,13.47,13.63,13.3,13.52,319400
FREE,20110114,35.5,36.4,35.5,36.2,19200
FRME,20110114,9.18,9.29,9.1,9.26,47300
FSBK,20110114,6.21,6.28,6.21,6.26,13100
FSCI,20110114,24.48,24.51,24.34,24.49,7100
FSFG,20110114,15.1,15.1,15.1,15.1,400
FSGI,20110114,1.12,1.2,1.12,1.19,39600
FSLR,20110114,140.77,141.49,139.21,140.84,979700
FSRV,20110114,30.61,30.61,30.26,30.31,21800
FSTR,20110114,40.01,41.27,39.96,40.98,79000
FSYS,20110114,30.17,30.36,29.85,30,114100
FTEK,20110114,9.53,9.71,9.48,9.57,110100
FTNT,20110114,18.495,18.735,17.925,18.685,904100
FUBC,20110114,6.95,7.03,6.94,7.03,16900
FULL,20110114,8.69,8.69,8.25,8.67,13800
FULT,20110114,10.16,10.65,10.12,10.65,1210700
FUNC,20110114,4.33,4.45,4.23,4.33,1700
FUND,20110114,7.68,7.75,7.67,7.75,21000
FURX,20110114,14.99,15.38,14.5,15.31,144600
FWLT,20110114,36.99,37.45,36.85,37.32,1514100
FWRD,20110114,29.4,29.76,29.21,29.61,74300
FXCB,20110114,11.5,11.51,11.38,11.5,142600
FXEN,20110114,7.6,7.79,7.4,7.7,419500
GABC,20110114,17.99,18.05,17.79,17.97,16400
GAGA,20110114,8.5,8.5,8.02,8.06,4600
GAI,20110114,8.5,8.5,8.5,8.5,100
GAIA,20110114,7.6,7.81,7.6,7.79,62200
GAIN,20110114,7.89,7.97,7.83,7.96,59300
GAME,20110114,6.54,6.63,6.45,6.51,697700
GASS,20110114,7.1,7.38,7,7.32,66900
GBCI,20110114,14.6,15.7,14.6,15.58,611400
GBDC,20110114,17.51,17.6,17.27,17.36,26100
GBLI,20110114,20.47,20.68,20.03,20.05,15300
GBNK,20110114,1.56,1.62,1.49,1.5,84600
GCBC,20110114,19.82,19.82,18.84,19.16,2500
GCFB,20110114,3.99,3.99,3.59,3.81,49700
GCOM,20110114,9.77,9.88,9.77,9.85,23900
GENC,20110114,7.35,7.44,7.35,7.36,2800
GENE,20110114,2.9,3.43,2.71,3.14,139300
GENT,20110114,8.7,8.7,7.95,8.1,31000
GERN,20110114,5.25,5.25,5.17,5.23,871000
GFED,20110114,4.97,4.97,4.73,4.9,1700
GFN,20110114,2.42,2.69,2.42,2.65,9600
GFNCL,20110114,2.51,2.51,2.51,2.51,0
GGAL,20110114,15.03,15.3,15.01,15.05,563000
GHDX,20110114,21.01,21.41,21.01,21.4,59700
GIFI,20110114,28.52,28.59,28.01,28.29,68200
GIGA,20110114,2.84,2.94,2.84,2.85,600
GIGM,20110114,1.46,1.48,1.43,1.44,392700
GIII,20110114,35.22,36.2,35.13,36.19,124000
GILD,20110114,19.015,19.24,18.935,19.11,6073000
GILT,20110114,5.71,5.76,5.57,5.76,25200
GIVN,20110114,17.29,17.41,17.14,17.21,19100
GKNT,20110114,21.67,22.13,21.46,21.46,21300
GLAD,20110114,11.87,12,11.87,11.98,44600
GLBS,20110114,9.85,10.5,9.81,9.85,1200
GLBZ,20110114,8.04,8.99,8.04,8.88,1300
GLCH,20110114,2.38,2.43,2.38,2.4,342800
GLDC,20110114,3.2,3.2,3.15,3.15,5200
GLDD,20110114,8.38,8.51,8.31,8.5,466100
GLNG,20110114,16.2,16.5,16.08,16.45,166500
GLPW,20110114,23.85,23.86,23.82,23.85,16500
GLRE,20110114,27.7,28.1,27.64,28.02,106800
GLUU,20110114,2.23,2.33,2.12,2.28,1160700
GMAN,20110114,15.68,16.16,15.65,16.15,153200
GMCR,20110114,35.36,35.45,34.84,35.33,1139800
GMETP,20110114,11.5,11.75,11.5,11.75,2300
GNCMA,20110114,13.06,13.18,12.8,13.17,86900
GNMK,20110114,4.5,4.55,4.41,4.55,6500
GNTX,20110114,31.55,32.49,31.47,32.38,1263600
GNVC,20110114,0.56,0.58,0.56,0.56,586900
GOLD,20110114,80.4,81.73,80.25,81.31,858200
GOOD,20110114,19.19,19.51,19.18,19.48,32200
GOODO,20110114,24.9,24.9,24.75,24.75,1600
GOODP,20110114,24.94,25.11,24.67,24.67,1000
GOOG,20110114,617.4,624.27,617.08,624.18,2370300
GPIC,20110114,6.4,6.62,6.35,6.62,9000
GPOR,20110114,21.4,21.76,20.88,21.51,257800
GPRC,20110114,6.9,6.9,6.08,6.3,231200
GPRE,20110114,11.7,11.78,11.63,11.76,111100
GRID,20110114,32.67,32.88,32.65,32.88,4700
GRIF,20110114,31.38,31.92,31.38,31.7,2700
GRMN,20110114,30.75,30.91,30.69,30.85,1074800
GROW,20110114,7.56,7.65,7.55,7.64,79800
GRVY,20110114,1.82,1.97,1.82,1.95,110500
GSBC,20110114,24.18,24.29,23.95,24.29,16000
GSIT,20110114,9.7,9.96,9.65,9.96,359100
GSM,20110114,18.9,19.19,18.81,19.19,471700
GSOL,20110114,9.6,9.99,9.58,9.94,56000
GTIV,20110114,25.04,25.79,24.96,25.76,113700
GTLS,20110114,38.32,38.63,37.73,38.56,537500
GTXI,20110114,2.89,2.92,2.87,2.89,134600
GUID,20110114,7,7.02,6.97,7.02,18300
GULF,20110114,17.42,17.52,17.4,17.52,24300
GYRO,20110114,78.75,78.75,77.52,78,3300
HA,20110114,7.81,7.97,7.77,7.95,302000
HAFC,20110114,1.15,1.17,1.13,1.16,1145600
HAIN,20110114,27,27,26.63,26.77,176200
HALL,20110114,8.92,9.04,8.9,8.98,180700
HALO,20110114,7.65,7.71,7.47,7.53,389600
HAS,20110114,42.86,45.33,42.54,44.49,6680600
HAST,20110114,6.08,6.08,6.02,6.04,10800
HAUP,20110114,2.84,2.88,2.77,2.77,184200
HAWK,20110114,7.59,8.13,7.55,7.92,223800
HAYN,20110114,42.54,43.17,42.37,42.99,55700
HBAN,20110114,7.1,7.3,7.1,7.25,22715400
HBANP,20110114,1110,1124.96,1104.5,1124.95,3600
HBCP,20110114,13.95,14.1,13.95,14.06,10200
HBHC,20110114,33.31,33.7,32.98,33.66,379000
HBIO,20110114,4.31,4.32,4.26,4.3,7300
HBNC,20110114,11.9245,11.9245,11.7911,11.92,400
HBNK,20110114,11,11.52,11,11.49,15100
HBOS,20110114,12,12.01,11.98,12.01,10300
HCBK,20110114,12.96,13.2,12.94,13.19,3014200
HCCI,20110114,10.66,10.66,10.52,10.59,4400
HCKT,20110114,3.76,3.76,3.67,3.72,46600
HCSG,20110114,16.31,16.33,16.19,16.3,242600
HDNG,20110114,9.59,9.7,9.56,9.64,15100
HDSN,20110114,1.71,1.73,1.68,1.7,72300
HEES,20110114,12.47,12.51,12.43,12.5,86400
HELE,20110114,29.1,29.61,28.88,29.45,159200
HEOP,20110114,3.66,3.66,3.66,3.66,800
HERO,20110114,3.4,3.47,3.36,3.41,1780700
HFBC,20110114,9.42,9.59,9.42,9.57,17200
HFFC,20110114,10.71,10.71,10.71,10.71,400
HFWA,20110114,14.33,14.47,14.23,14.43,12900
HGSH,20110114,3.3,3.4,3.3,3.35,3300
HIBB,20110114,34.35,34.85,34.35,34.67,259400
HIFS,20110114,45.5,45.5,45.5,45.5,0
HIHO,20110114,3.8,3.8,3.74,3.75,2000
HILL,20110114,2.79,2.98,2.7,2.79,879300
HIMX,20110114,2.62,2.66,2.6,2.65,270800
HITK,20110114,25.02,25.09,24.59,24.69,59800
HITT,20110114,61.7,63.16,61.57,63.07,107200
HLIT,20110114,8.33,8.45,8.21,8.41,717600
HMIN,20110114,38.67,38.68,37.15,37.35,1345500
HMNF,20110114,3,3,2.96,3,5100
HMPR,20110114,20,20,19,19.75,151800
HMSY,20110114,21.7667,22.22,21.63,22.22,250000
HNH,20110114,12.39,12.39,11.52,11.76,37100
HNRG,20110114,10.93,11.08,10.93,11.05,3400
HNSN,20110114,1.7,1.74,1.64,1.74,235200
HOFT,20110114,13.44,13.62,13.25,13.59,22800
HOGS,20110114,19.07,19.11,18.49,18.85,187900
HOLI,20110114,16.98,16.99,16.3,16.71,382900
HOLL,20110114,1.85,1.85,1.8,1.81,7400
HOLX,20110114,18.81,19.18,18.72,19.17,1737500
HOMB,20110114,20.58,20.8,20.5,20.66,91900
HOME,20110114,12.26,12.46,12.26,12.43,48000
HOTT,20110114,6.11,6.14,5.97,6.07,324000
HOVNP,20110114,6.73,6.84,6.64,6.84,5100
HPCCP,20110114,25.97,25.97,25.92,25.96,2200
HPJ,20110114,3.11,3.19,3.11,3.19,37900
HPOL,20110114,1.2,1.21,1.18,1.18,67400
HRZN,20110114,15.65,15.8,15.61,15.75,63100
HSIC,20110114,63.95,64.21,63.42,64.2,287300
HSII,20110114,29.44,29.72,29.21,29.62,41500
HSNI,20110114,28.55,28.73,27.79,27.97,658800
HSTM,20110114,6.8,7.2,6.8,7.18,65700
HTBK,20110114,4.68,4.68,4.34,4.35,13800
HTCH,20110114,3.75,4.14,3.71,4.04,379200
HTCO,20110114,9.75,10.1,9.7,9.77,38300
HTHT,20110114,23.48,23.84,22.64,23.46,393100
HTLD,20110114,16.37,16.49,16.23,16.25,605200
HTLF,20110114,17.77,18.5,17.76,18.38,11500
HTWR,20110114,95.08,96.22,94.31,94.77,100800
HUBG,20110114,36.6,36.86,36.14,36.38,122700
HURC,20110114,24.52,25.69,24.35,25.59,31300
HURN,20110114,26.59,26.89,26.47,26.7,59300
HWAY,20110114,10.51,10.98,10.38,10.96,217800
HWBK,20110114,8.79,8.89,8.58,8.7,3600
HWCC,20110114,13.4,13.73,12.8,13.65,40000
HWKN,20110114,45.47,46.65,44.75,46.54,47100
HYGS,20110114,4.18,4.45,4.16,4.43,58600
IACI,20110114,29.33,29.52,29.05,29.38,1772100
IART,20110114,47.87,48.39,47.5,48.34,118100
IBB,20110114,95.95,96.36,95.68,96.21,176500
IBCA,20110114,2.94,2.94,2.72,2.83,30600
IBCP,20110114,3.15,3.84,3.08,3.8,1353000
IBCPO,20110114,14.01,14.01,14.01,14.01,0
IBKC,20110114,58.33,60.9,56.25,60.38,167700
IBKR,20110114,18.03,18.17,18.01,18.03,225100
IBOC,20110114,19.99,20.5,19.89,20.48,203600
ICAD,20110114,1.44,1.45,1.42,1.42,52900
ICCC,20110114,3.22,3.22,3.22,3.22,0
ICFI,20110114,25.31,25.84,25.31,25.79,35900
ICGE,20110114,13.32,13.55,13.25,13.34,205200
ICLN,20110114,16.36,16.53,16.36,16.47,14100
ICLR,20110114,23.5,23.64,22.82,22.95,356900
ICON,20110114,20.51,21.23,20.32,21.15,495100
ICUI,20110114,35.83,35.94,35.57,35.92,40100
IDCC,20110114,49.16,49.89,47.01,47.81,1867600
IDIX,20110114,5.17,5.2,5.08,5.13,122600
IDRA,20110114,3.32,3.32,3.07,3.07,33100
IDSA,20110114,13.68,13.69,13.37,13.42,39600
IDSY,20110114,3.54,3.54,3.41,3.41,10200
IDTI,20110114,6.85,6.99,6.83,6.88,2579400
IDXX,20110114,68.49,69.55,68.33,69.33,264400
IESC,20110114,3.62,3.68,3.62,3.64,600
IFAS,20110114,32.49,32.74,32.46,32.7,65600
IFEU,20110114,29.92,30.25,29.9,30.25,3600
IFGL,20110114,31.52,31.92,31.51,31.92,21400
IFNA,20110114,39.04,40.15,39.04,40.15,1400
IFON,20110114,0.86,0.99,0.86,0.98,112300
IFSM,20110114,39.49,39.55,39.34,39.54,3500
IGLD,20110114,33.6,33.85,33.49,33.62,4200
IGOI,20110114,60.48,61.68,49.44,51.6,1841300
IGOV,20110114,101.89,102.14,101.32,101.88,16000
IGTE,20110114,16.25,16.39,16.07,16.25,501300
III,20110114,2.04,2.18,2.04,2.16,81100
IIIN,20110114,12.04,12.04,11.76,11.9,51900
IIJI,20110114,7.54,7.65,7.54,7.59,47800
IILG,20110114,16.5,16.75,16.3,16.7,75200
IIN,20110114,3.92,4,3.92,4,3900
IIVI,20110114,24,24.56,24,24.475,171700
IKAN,20110114,1.46,1.48,1.41,1.46,215900
IKNX,20110114,7.15,7.3,7.13,7.28,1900
ILMN,20110114,68.55,69.42,68,69.05,2188000
IMGN,20110114,9.47,9.66,9.46,9.63,441300
IMKTA,20110114,19.88,19.89,19.36,19.48,49100
IMMR,20110114,6.44,6.69,6.44,6.53,138600
IMMU,20110114,3.32,3.42,3.32,3.4,336200
IMOS,20110114,1.75,1.78,1.67,1.77,211300
IMRS,20110114,7.49,7.5,7.1,7.25,191600
INAP,20110114,7.01,7.06,6.97,7.05,454800
INCY,20110114,15.93,16.11,15.88,16.09,1139900
INDB,20110114,27.03,27.75,27.03,27.73,34200
INDY,20110114,28.68,28.68,28.3,28.5,215100
INFA,20110114,44.3,44.78,43.98,44.65,1301800
INFI,20110114,5.96,6,5.92,5.95,41900
INFN,20110114,10.24,10.62,10.16,10.62,1266000
ININ,20110114,36,36.35,34.14,34.71,254400
INOC,20110114,1.38,1.38,1.38,1.38,0
INOD,20110114,2.95,3,2.92,2.94,14500
INPH,20110114,1.81,1.81,1.81,1.81,100
INSM,20110114,0.63,0.65,0.63,0.65,309100
INTC,20110114,21.35,21.42,20.97,21.08,154888700
INTG,20110114,20.25,21.79,20.25,21.75,600
INTL,20110114,25,25.49,24,24.12,99700
INTT,20110114,3.18,3.19,3.12,3.14,59600
INTU,20110114,46.18,47,45.9,46.98,2512500
INTX,20110114,10.02,10.02,9.91,9.98,3800
INVE,20110114,2.32,2.35,2.3,2.35,8100
INWK,20110114,6.73,6.73,6.51,6.54,102600
IOSP,20110114,20.66,20.66,20.3,20.36,67500
IPAR,20110114,18.52,18.85,18.44,18.83,34900
IPAS,20110114,1.53,1.65,1.52,1.59,1239700
IPCC,20110114,61.56,62.25,61.56,62.2,18100
IPCI,20110114,4.3,5.14,4.16,4.96,231800
IPCM,20110114,40.54,40.54,39.85,40.33,143000
IPGP,20110114,35.95,35.95,34.39,34.83,390700
IPHS,20110114,34.35,34.77,34.19,34.63,94900
IPXL,20110114,21.26,22.37,21.22,22.28,1065800
IRBT,20110114,25.9,26.25,25.81,26.13,156700
IRDM,20110114,8.47,8.6,8.35,8.51,196700
IRDMZ,20110114,1.45,1.45,1.45,1.45,0
IRIX,20110114,3.98,3.98,3.97,3.98,3500
IRWD,20110114,10.81,11.36,10.81,11.33,203000
ISBC,20110114,13.76,13.89,13.76,13.84,168700
ISCA,20110114,26.89,27.72,26.89,27.62,134300
ISHG,20110114,103.64,104.06,103.64,103.81,3300
ISIG,20110114,6.4,6.5,6.35,6.44,5800
ISIL,20110114,14.82,15.17,14.69,15.11,2727300
ISIS,20110114,9.94,10.06,9.86,10.04,414600
ISLE,20110114,11.1,11.18,10.83,11.15,138200
ISNS,20110114,12.91,13.48,12.91,13.48,1200
ISRG,20110114,279.54,288.95,279.1,288.28,758900
ISRL,20110114,81.53,81.53,80.86,81.29,800
ISSC,20110114,5.78,5.99,5.78,5.91,21700
ISSI,20110114,9.71,9.89,9.58,9.76,455000
ITIC,20110114,31.92,31.99,31.92,31.98,700
ITMN,20110114,35.91,38.92,35.8,38.78,1781900
ITRI,20110114,58.13,59.36,57.84,59.2,393700
ITRN,20110114,18.21,18.35,18,18.08,32100
IVAC,20110114,14.95,15.3,14.21,15.26,91700
IVAN,20110114,3.16,3.17,3.08,3.15,1048300
IXYS,20110114,12,12.7,11.95,12.67,107300
JACK,20110114,22.6,22.85,22.39,22.68,720700
JADE,20110114,3.94,3.95,3.85,3.86,137200
JAKK,20110114,16.83,17.18,16.63,17.1,128300
JASO,20110114,36.65,37.1,35.8,35.85,16621000
JAXB,20110114,7.46,7.46,7.33,7.33,900
JAZZ,20110114,22.63,22.87,22.03,22.35,390200
JBHT,20110114,42.01,42.28,41.99,42.22,643200
JBLU,20110114,6.86,6.89,6.78,6.8,4067100
JBSS,20110114,12.15,12.28,12.15,12.25,13300
JCOM,20110114,29.3,29.4,29.04,29.32,185800
JCS,20110114,15.52,15.75,15,15.7,27000
JCTCF,20110114,9.25,9.25,8.85,9.09,17900
JDSU,20110114,17.35,17.84,17.32,17.77,4194400
JFBI,20110114,3.05,3.05,3.05,3.05,21600
JJSF,20110114,48.76,49.22,48.15,48.82,70500
JKHY,20110114,29.48,30.64,29.46,30.6,763700
JMBA,20110114,2.53,2.61,2.45,2.55,1280400
JOBS,20110114,57.99,58.54,57.51,57.93,105300
JOEZ,20110114,1.67,1.73,1.6,1.64,1132600
JOSB,20110114,40.81,41.17,40.7,40.92,451800
JOUT,20110114,14.63,15.04,14.36,15,29900
JRCC,20110114,25.56,25.59,23.86,24.49,1711900
JRJC,20110114,6.2,6.3,6.2,6.28,95200
JST,20110114,10.82,10.89,10.75,10.76,35400
JVA,20110114,3.96,4.05,3.96,4,5800
JXSB,20110114,10.84,10.84,10.84,10.84,0
KALU,20110114,48.15,48.68,47.61,48.04,106900
KBALB,20110114,7.06,7.18,7.02,7.14,43600
KCAP,20110114,6.85,6.85,6.75,6.79,138400
KCLI,20110114,33.26,33.26,32.49,32.87,8200
KELYA,20110114,19.13,19.18,18.86,18.99,131500
KEQU,20110114,13.74,13.74,13.74,13.74,0
KERX,20110114,4.35,4.37,4.19,4.21,988600
KEYN,20110114,15.51,15.83,15.45,15.68,66300
KEYW,20110114,13.8,13.93,13.7,13.93,43100
KFFB,20110114,9.45,9.45,9.45,9.45,0
KFRC,20110114,18.1,18.38,17.95,18.33,144900
KGJI,20110114,3.21,3.24,3.09,3.14,4169000
KINS,20110114,3.64,3.64,3.4,3.64,1800
KIRK,20110114,14.68,14.75,14.45,14.68,197300
KLAC,20110114,41.84,42.75,41.28,42.11,7351900
KLIC,20110114,9.38,9.91,9.38,9.79,2815900
KNDI,20110114,5.15,5.22,4.81,4.98,966000
KONA,20110114,4.79,5.19,4.79,5.03,119000
KONE,20110114,3.21,3.21,3.15,3.17,51500
KONG,20110114,6.63,6.95,6.62,6.89,116000
KOOL,20110114,3.7,3.7,3.5,3.61,120700
KOPN,20110114,4.02,4.14,4,4.13,370100
KOSS,20110114,5.5,5.59,5.48,5.59,14500
KRNY,20110114,9.02,9.05,8.98,9,35700
KSWS,20110114,12.35,12.58,12.24,12.49,83000
KTCC,20110114,5.87,6.11,5.87,6.01,72600
KTEC,20110114,17.27,17.27,16.73,16.96,12000
KTOS,20110114,13.67,13.72,13.54,13.7,56300
KUTV,20110114,4.87,4.99,4.68,4.75,83600
KVHI,20110114,12.5,12.79,12.5,12.78,34800
LABC,20110114,14.7,14.74,14.7,14.7,3100
LABL,20110114,18.32,18.65,18.32,18.49,24800
LACO,20110114,3.5,3.53,3.45,3.51,75700
LAKE,20110114,8.42,8.5,8.4,8.42,8000
LAMR,20110114,38.31,38.54,37.9,38.03,462600
LANC,20110114,53.84,54.45,53.54,54.28,65400
LARK,20110114,16.65,17,16.05,17,300
LAWS,20110114,23.73,23.81,23.27,23.81,4200
LAYN,20110114,32.34,32.5,31.97,32.23,83600
LBAI,20110114,10.71,10.97,10.51,10.96,39200
LBIX,20110114,3.43,3.45,3.08,3.18,18000
LBTYA,20110114,37.22,37.63,37.21,37.53,464700
LBTYB,20110114,37.69,37.69,37.69,37.69,0
LBTYK,20110114,35.31,35.62,35.27,35.53,148500
LCAV,20110114,7.36,7.52,7.2,7.48,64500
LCUT,20110114,13.95,14.6,13.77,14.51,41700
LEAP,20110114,13.65,13.9,13.5,13.58,665800
LECO,20110114,34.335,34.465,34.215,34.41,85800
LEDR,20110114,2.49,2.62,2.4,2.62,46000
LEDS,20110114,18.7,18.7,17.56,17.72,1860400
LFUS,20110114,52.19,53.26,51.81,53.04,78200
LGCY,20110114,30.05,30.33,29.75,30.06,135800
LGND,20110114,9.05,9.14,9,9.14,65700
LHCG,20110114,28.52,28.89,28.33,28.73,208700
LIFE,20110114,55.05,55.57,54.23,55.25,2695000
LIME,20110114,5.04,5.45,4.91,5.43,182600
LINC,20110114,14.73,14.86,14.64,14.7,186700
LINE,20110114,38.77,38.79,38.57,38.64,529600
LINTA,20110114,16.06,16.21,16.02,16.14,1188100
LINTB,20110114,15.72,15.72,15.72,15.72,0
LION,20110114,7.9,7.9,7.62,7.79,7300
LIOX,20110114,3.66,3.77,3.63,3.76,630600
LIVE,20110114,6.73,6.73,6.4,6.64,7600
LIWA,20110114,11,11,10.52,10.64,211900
LKFN,20110114,22.67,23.25,22.66,23.22,37500
LLEN,20110114,9.26,9.53,9.21,9.39,577600
LLNW,20110114,6.25,6.31,6.16,6.25,450800
LLTC,20110114,34.76,35.87,34.7,35.87,3446200
LMAT,20110114,7.04,7.17,6.98,7.17,14100
LMCA,20110114,64,64.31,63.43,64.25,233900
LMIA,20110114,18.29,18.37,18.1,18.28,25500
LMNR,20110114,27.07,28.9,27.07,28.58,18500
LMNX,20110114,18.02,18.33,17.97,18.31,102700
LNBB,20110114,5.15,5.15,5.15,5.15,1300
LNCE,20110114,23.82,24.09,23.81,24.01,108400
LNDC,20110114,6.66,6.76,6.64,6.73,78500
LOAN,20110114,1.34,1.34,1.31,1.31,2300
LOCM,20110114,4.5,4.55,4.34,4.45,5500600
LOGI,20110114,18.37,18.66,18.37,18.62,1083400
LOGM,20110114,44.92,45.26,44.52,45.25,87700
LOJN,20110114,7.19,7.19,7,7.09,39500
LONG,20110114,18.05,18.11,18,18.11,8000
LOOK,20110114,1.67,1.72,1.65,1.69,117900
LOPE,20110114,18.3,19.01,18.3,18.74,330700
LORL,20110114,78.49,79.32,78.43,78.93,28000
LPHI,20110114,14.8,14.96,14.61,14.9,104000
LPLA,20110114,33.53,34.01,33,33.36,503000
LPNT,20110114,37.12,37.49,36.99,37.37,236300
LPSB,20110114,8.98,8.98,8.98,8.98,2300
LPSN,20110114,11.34,12.12,11.3,12.09,1161400
LPTH,20110114,1.8,1.86,1.79,1.85,24200
LQDT,20110114,13.18,13.75,13.18,13.61,129900
LRAD,20110114,2.51,2.51,2.35,2.38,117200
LRCX,20110114,50.66,52.82,50.02,52.69,3794200
LSBI,20110114,14.74,14.74,14.74,14.74,0
LSBK,20110114,9.15,9.15,9.15,9.15,800
LSCC,20110114,6.08,6.17,5.91,6.16,797000
LSTR,20110114,42.14,42.54,42.07,42.16,328600
LTBR,20110114,6.13,6.45,5.76,6.02,226700
LTON,20110114,1.68,1.69,1.64,1.65,20900
LTRE,20110114,9.8,9.83,9.72,9.76,12300
LTRX,20110114,3.55,3.65,3.54,3.59,1900
LTXC,20110114,8.16,8.76,8.11,8.59,969100
LUFK,20110114,62.3,62.67,61.08,61.61,315300
LULU,20110114,35.82,36.29,35.39,35.905,1289500
LUNA,20110114,1.84,1.84,1.63,1.72,32400
LWAY,20110114,9.49,9.53,9.32,9.4,12600
LXRX,20110114,2.1,2.17,2.06,2.12,1587300
LYTS,20110114,8.24,8.36,8.14,8.26,56200
MAGS,20110114,3.08,3.1,3.08,3.1,11400
MAKO,20110114,16.92,17,16.39,16.79,398600
MANH,20110114,30.43,30.59,30.13,30.3,85800
MANT,20110114,40,40.64,39.74,40.59,184200
MARPS,20110114,23.03,23.68,23.03,23.46,900
MASC,20110114,5.38,6.28,4.18,5.84,536700
MASI,20110114,28.01,28.55,28,28.05,554300
MAT,20110114,23.7,24.06,23.42,23.95,6533700
MATW,20110114,34.1,34.61,34.1,34.59,111100
MAXY,20110114,4.14,4.26,4.14,4.25,89900
MAYS,20110114,17.25,17.25,17.25,17.25,0
MBFI,20110114,18.23,19.34,18.23,19.25,402600
MBLX,20110114,10.18,10.31,10.07,10.28,178200
MBND,20110114,3.1,3.15,2.92,3.15,6700
MBRG,20110114,15.5,15.51,15.02,15.02,2400
MBTF,20110114,1.92,2,1.85,1.88,22000
MBVT,20110114,28.14,28.5,27.84,28.41,11800
MBWM,20110114,8.51,8.99,8.51,8.81,13200
MCBC,20110114,4.75,4.82,4.52,4.73,88800
MCBI,20110114,3.8,3.89,3.79,3.79,1700
MCGC,20110114,7.07,7.18,7.03,7.17,445600
MCHP,20110114,36.03,37.07,35.93,37.03,2867200
MCHX,20110114,9.57,9.96,9.42,9.85,62700
MCOX,20110114,36.1,36.6,34.9,34.9,113800
MCRI,20110114,12.4,12.57,12.31,12.53,12200
MCRL,20110114,13.41,13.82,13.39,13.8,256900
MCRS,20110114,45.5,45.55,45.2,45.52,369900
MDAS,20110114,20.58,20.84,20.32,20.36,382500
MDCA,20110114,18.34,18.72,18.29,18.56,229500
MDCI,20110114,8.65,8.8,8.44,8.64,120700
MDCO,20110114,15.37,15.99,15.29,15.92,407600
MDH,20110114,2.41,2.73,2.4,2.69,65600
MDRX,20110114,20.57,20.84,20.56,20.82,1908900
MDSO,20110114,25.6,25.79,25.26,25.38,95600
MDVN,20110114,16.34,16.43,15.81,15.92,239100
MEAD,20110114,3.75,3.75,3.65,3.75,2400
MEAS,20110114,27.08,27.74,26.96,27.4,84900
MELA,20110114,3.27,3.35,3.26,3.27,347100
MELI,20110114,73.53,75.57,72.14,75.2,461700
MEMS,20110114,3.48,3.69,3.39,3.69,270100
MENT,20110114,12.05,12.23,12.05,12.22,966000
MEOH,20110114,29.65,29.8,29.3,29.6,175700
MERC,20110114,8.46,8.55,8.38,8.5,125600
MERU,20110114,19.35,19.88,19.08,19.26,53200
METR,20110114,11.92,12.42,11.92,12.4,40300
MFI,20110114,4.15,4.15,4.05,4.1,4600
MFLR,20110114,9,9,8.58,8.65,500
MFLX,20110114,27.46,28.5,27.46,27.99,115800
MFNC,20110114,4.9,5,4.9,5,5900
MFRI,20110114,10.45,10.49,10.24,10.49,5700
MFSF,20110114,9.5,9.58,9.5,9.58,3400
MGAM,20110114,5.88,6,5.87,5.92,141200
MGEE,20110114,43.09,43.21,42.67,42.85,99900
MGIC,20110114,7.39,8.08,7.31,7.84,2811400
MGLN,20110114,50.62,51.48,50.36,51.42,164000
MGPI,20110114,10.4,10.89,10.07,10.41,175900
MGRC,20110114,26.09,26.32,25.74,26.17,72300
MGYR,20110114,4.01,4.01,4.01,4.01,0
MHGC,20110114,10.41,10.41,10.08,10.21,97700
MHLD,20110114,8.4,8.4,8.27,8.37,198500
MIDD,20110114,86.5,87.8,85.22,87.5,77800
MIND,20110114,11.22,11.27,11.02,11.15,18500
MINI,20110114,19.88,20.35,19.88,20.2,106500
MITL,20110114,5.29,5.34,5.15,5.33,59100
MKSI,20110114,25.63,27.33,25.54,27.32,846300
MKTAY,20110114,41.51,42.14,41.51,42.09,11800
MKTX,20110114,21.19,21.61,21.16,21.59,136500
MLAB,20110114,29.97,29.99,29.42,29.71,600
MLHR,20110114,25.85,26.15,25.65,26.12,190000
MLNK,20110114,6.94,7.02,6.84,6.98,95600
MLNX,20110114,27.01,27.82,27.01,27.74,143700
MLVF,20110114,8.25,8.25,8.25,8.25,0
MMLP,20110114,42.3,42.4,41.92,41.95,46700
MMSI,20110114,11.968,12.096,11.888,12,134600
MMUS,20110114,4.81,4.9,4.8,4.82,1800
MMYT,20110114,29.9,31.73,29.34,30.65,140600
MNDO,20110114,2.6,2.61,2.55,2.61,35700
MNKD,20110114,9.67,9.78,9.45,9.64,5296200
MNOV,20110114,5.49,5.49,5.15,5.29,1900
MNRK,20110114,6.825,6.825,6.5833,6.8,600
MNRO,20110114,32.04,32.49,31.95,32.38,273600
MNST,20110114,26.485,27.245,26.39,27.245,602200
MNTA,20110114,16.52,16.72,16.3,16.56,506000
MNTG,20110114,2.46,2.7,2.3,2.58,67900
MNTX,20110114,5,5.1,4.93,4.99,92700
MOBI,20110114,5.08,5.18,4.98,5.05,203700
MOCO,20110114,12.5,12.5,12.5,12.5,2200
MOFG,20110114,14.9,15,14.55,14.8,7000
MOLX,20110114,24.6,24.85,24.51,24.79,899800
MOLXA,20110114,20.52,20.91,20.52,20.81,586300
MORN,20110114,53.58,54.75,53.58,54.6,67200
MOSY,20110114,6.42,6.57,6.34,6.46,60600
MOVE,20110114,10.92,11.04,10.4,10.56,490600
MPAA,20110114,14.27,14.91,14.17,14.68,211400
MPAC,20110114,5.11,5.36,5.05,5.36,6500
MPB,20110114,7.5,7.5,7.5,7.5,300
MPEL,20110114,7.32,7.56,7.26,7.55,5766400
MPET,20110114,3.06,3.1,3.03,3.04,102400
MPWR,20110114,15.94,16.1,15.84,15.98,530300
MRCY,20110114,19.03,19.27,18.62,19.27,139100
MRGE,20110114,4.45,4.48,4.33,4.44,577800
MRLN,20110114,12.25,12.53,12.25,12.38,18100
MRTN,20110114,20.51,20.66,20.36,20.6,123100
MRVL,20110114,21.48,21.88,21.29,21.87,12481100
MSBF,20110114,5.75,5.75,5.75,5.75,0
MSCC,20110114,24.7,24.8,24.5,24.77,433500
MSEX,20110114,18.81,18.89,18.69,18.84,63100
MSFG,20110114,10.29,10.5,10.28,10.45,39100
MSFT,20110114,28.08,28.38,27.91,28.3,62691100
MSG,20110114,24.11,24.41,23.95,24.26,124200
MSON,20110114,2.35,2.39,2.35,2.39,1000
MSPD,20110114,7.59,7.67,7.5,7.53,666100
MSTR,20110114,91,92.04,90.75,91.39,86900
MTEX,20110114,18.3,19.8,18.3,18.7,59400
MTRX,20110114,11.28,11.34,11.15,11.3,88400
MTSC,20110114,37.73,37.99,37.23,37.67,50100
MTSL,20110114,1.94,1.99,1.86,1.92,30700
MTSN,20110114,2.49,2.67,2.47,2.67,1249100
MU,20110114,9.73,9.86,9.65,9.71,40679400
MVIS,20110114,18.24,18.8,17.76,18.72,976500
MVISW,20110114,0.72,0.72,0.72,0.72,0
MWIV,20110114,65.07,66.42,64.28,65.93,61700
MXIM,20110114,25.64,26.09,25.6,25.99,3162200
MXWL,20110114,19.05,19.41,19.05,19.34,91700
MYGN,20110114,21.59,21.7,21.28,21.47,1032600
MYL,20110114,22.63,22.8,22.6,22.8,2259200
MYRG,20110114,19.95,20.76,19.74,20.54,202500
NAFC,20110114,38.47,38.6,37.85,38.05,39300
NAII,20110114,5.5,5.67,5.5,5.64,13400
NANO,20110114,13.79,17.96,13.75,17.32,5747500
NASB,20110114,16.95,17.29,16.83,17.23,2000
NATH,20110114,16.92,17.04,16.18,16.84,8800
NATI,20110114,25.9267,26.2,25.78,26.2,146300
NATL,20110114,21.5,21.7,21.46,21.66,5000
NATR,20110114,8.71,8.88,8.52,8.87,8000
NAUH,20110114,7.19,7.71,7.19,7.65,14200
NAVG,20110114,50.97,51.4,50.58,50.96,40400
NAVR,20110114,2.15,2.21,2.1,2.19,38900
NBBC,20110114,4.9,5.1,4.9,5.1,23900
NBIX,20110114,7.65,7.75,7.44,7.55,297500
NBN,20110114,15.5,16.09,15.32,15.4,6300
NBTB,20110114,24.22,24.9,24.03,24.84,59900
NBTF,20110114,23.67,24.51,23.25,23.25,2100
NCBC,20110114,5.26,5.26,5.25,5.25,1500
NCIT,20110114,22.24,22.34,21.96,22.31,14800
NCMI,20110114,18.32,18.58,18.31,18.49,188700
NCTY,20110114,8.34,8.49,7.86,7.95,123400
NDAQ,20110114,24.05,24.37,23.97,24.37,1442700
NDSN,20110114,46.805,47.135,46.4,46.775,170100
NECB,20110114,6,6.1,6,6.1,3100
NEOG,20110114,39.24,40.28,39.19,39.97,78800
NEPT,20110114,2.31,2.38,2.31,2.32,17500
NETC,20110114,13.38,13.5,13.17,13.33,37200
NEWL,20110114,2.75,2.75,2.68,2.69,6400
NEWP,20110114,17.88,18.29,17.88,18.14,389100
NEWS,20110114,10.84,10.93,10.77,10.8,72000
NEWT,20110114,1.9,1.93,1.87,1.88,34700
NFBK,20110114,13.7,13.7,13.56,13.66,16100
NFEC,20110114,4.42,4.64,4.42,4.56,10400
NFLX,20110114,190.81,193.25,188.79,191.48,2799100
NFSB,20110114,12.25,12.3,12.25,12.3,7900
NGPC,20110114,10.02,10.07,9.82,9.86,91600
NHTB,20110114,12.81,12.81,12.81,12.81,2000
NICE,20110114,35.54,35.62,35.3,35.41,142400
NICK,20110114,11.5,11.72,11.5,11.66,13500
NIHD,20110114,42.12,43.16,42.12,42.2,2003900
NILE,20110114,58.22,60.25,58.15,60.25,241700
NINE,20110114,1.44,1.44,1.44,1.44,0
NKSH,20110114,29.79,29.8,29.55,29.79,5800
NKTR,20110114,12.28,12.31,12.11,12.18,553200
NLST,20110114,2.38,2.5,2.35,2.48,263300
NMRX,20110114,9.74,10.3,9.74,10.25,70500
NNBR,20110114,14.92,15.04,14.37,14.92,128300
NPBC,20110114,8.19,8.74,8.12,8.73,1613100
NPSP,20110114,8.24,8.38,8.16,8.28,391500
NRCI,20110114,31.1,32.39,31.1,32.3,2000
NRIM,20110114,18.72,18.79,18.6,18.78,40300
NSEC,20110114,12.55,12.55,12.55,12.55,0
NSIT,20110114,14.56,15.06,14.53,15,238000
NSPH,20110114,4.51,4.61,4.44,4.51,207600
NSSC,20110114,1.75,1.76,1.65,1.72,25500
NSYS,20110114,4.12,4.27,4.12,4.27,1800
NTAP,20110114,58.57,59.65,58.52,59.48,2862200
NTCT,20110114,25.52,25.64,25.3,25.34,278500
NTES,20110114,38.7,39.03,38.11,38.73,596400
NTGR,20110114,37.45,37.64,37.01,37.61,241600
NTIC,20110114,14.9,14.95,14.9,14.95,800
NTLS,20110114,19.6,19.75,19.48,19.73,84600
NTRI,20110114,19.61,19.81,19.38,19.59,171600
NTRS,20110114,55.39,56.14,55.36,55.88,2056000
NTSC,20110114,7.8,7.96,7.8,7.96,3600
NTSP,20110114,13.94,14.55,13.39,14.46,229800
NTWK,20110114,18.5,19,18.2,18.9,385500
NUAN,20110114,20.44,20.79,20.35,20.76,1483300
NUCL,20110114,44.49,44.89,44.49,44.86,1900
NURO,20110114,3.36,3.48,3.36,3.48,92400
NUTR,20110114,14.22,14.42,14.15,14.23,13200
NUVA,20110114,28.01,28.15,27.63,27.97,454700
NVAX,20110114,2.5,2.58,2.5,2.51,317100
NVDA,20110114,22.99,23.98,22.85,23.59,39883700
NVEC,20110114,63.49,63.49,60.54,62.06,52800
NVGN,20110114,0.56,0.65,0.56,0.6,62500
NVMI,20110114,8.89,9.65,8.79,9.6,1193300
NVSL,20110114,7.51,7.6,7.21,7.55,3900
NVTL,20110114,8.21,8.3,7.76,7.81,1496700
NWBI,20110114,11.95,12.08,11.81,12.04,805300
NWFL,20110114,26.51,26.8,26.51,26.8,1300
NWLI,20110114,169.71,174,169.71,173.84,2300
NWPX,20110114,23.03,23.05,22.59,22.73,36800
NWS,20110114,15.97,15.97,15.76,15.94,1524100
NWSA,20110114,14.11,14.2,13.94,14.17,24034500
NXPI,20110114,23.33,23.43,22.85,23.39,183200
NXST,20110114,5.83,5.86,5.75,5.79,11000
NXTM,20110114,26.09,26.55,26.09,26.37,324200
NYMT,20110114,7.34,7.45,7.29,7.43,21900
NYMX,20110114,8.26,8.5,8.26,8.44,84300
NYNY,20110114,0.95,0.97,0.93,0.96,58800
OABC,20110114,13.76,14.19,13.71,14.06,48500
OBAF,20110114,14,14,14,14,200
OBAS,20110114,7.5,7.5,7.5,7.5,3000
OBCI,20110114,1.91,2.03,1.9,2.03,37100
OCFC,20110114,13.59,13.65,13.19,13.59,57800
OCLR,20110114,14.46,14.9,14.35,14.7,860900
OCLS,20110114,14.07,14.77,13.65,14.7,80700
OCZ,20110114,7.39,7.5,6.89,6.98,986800
ODFL,20110114,21.96,22.2133,21.6867,22.14,354800
OFED,20110114,11.03,12.3,11,11.96,169500
OFIX,20110114,31.37,31.41,30.87,31.39,90000
OFLX,20110114,14.39,14.5,14.39,14.5,2800
OGXI,20110114,17.04,17.07,16.83,16.95,11300
OIIM,20110114,6.37,6.48,6.37,6.45,110100
OINK,20110114,5.85,5.97,5.75,5.83,70400
OKSB,20110114,12.41,12.58,12.18,12.33,62800
OKSBP,20110114,27.16,27.16,27.16,27.16,300
OLBK,20110114,8.15,8.15,8.15,8.15,0
OMAB,20110114,15.98,15.98,15.74,15.92,10500
OMCL,20110114,13.94,14,13.79,13.93,223700
OMER,20110114,7.97,8.06,7.84,7.9,59600
OMEX,20110114,3.1,3.32,3.06,3.25,438000
OMPI,20110114,11.46,11.53,11.26,11.46,99900
ONCY,20110114,6.42,6.42,6.26,6.3,86400
ONEQ,20110114,108.14,108.53,107.6,108.5,10500
ONFC,20110114,8.2,8.23,8.15,8.23,11000
ONNN,20110114,11.37,11.95,11.3,11.64,20635600
ONTY,20110114,3.18,3.29,3.14,3.26,300600
ONVI,20110114,4.46,4.47,4.45,4.45,5500
ONXX,20110114,35.5,35.72,35.06,35.62,310200
OPEN,20110114,79.3,80.73,79.3,80.1,455400
OPHC,20110114,4.2,4.2,4.15,4.15,400
OPLK,20110114,21.59,21.7,21.42,21.67,160400
OPOF,20110114,12,12,12,12,0
OPTR,20110114,11.78,11.99,11.63,11.95,150200
OPTT,20110114,5.58,5.64,5.5,5.56,70200
OPXA,20110114,8.92,9.16,8.6,8.64,193500
ORBC,20110114,3,3.03,2.97,2.98,68600
ORBK,20110114,14.96,15.13,14.9,14.97,455400
ORBT,20110114,3.8,3.8,3.8,3.8,0
ORCL,20110114,31.02,31.34,30.94,31.25,37934100
OREX,20110114,9.67,9.68,9.35,9.54,1104400
ORIT,20110114,12.27,12.43,12.26,12.41,173600
ORLY,20110114,56.67,57.31,56.45,57.31,852200
ORRF,20110114,27.34,27.62,26.9,27.6,11200
OSBC,20110114,1.7,1.76,1.6,1.76,105600
OSBCP,20110114,3.99,4.12,3.98,4.12,2700
OSHC,20110114,11.5,12.1,11.5,12.1,2000
OSIR,20110114,7.28,7.53,7.1,7.42,108900
OSIS,20110114,35.1,35.12,34.58,34.91,109000
OSN,20110114,4.38,4.57,4.3,4.54,131900
OSTK,20110114,16.5,16.95,16.41,16.93,81500
OSUR,20110114,6.7,6.8,6.69,6.77,154500
OTEX,20110114,47,48.17,46.96,48.1,398900
OTIV,20110114,3.5,3.9,3.43,3.9,449700
OTT,20110114,20.2,20.47,20,20.01,57600
OTTR,20110114,22.68,22.98,22.68,22.95,75500
OUTD,20110114,7.62,7.67,7.45,7.54,47100
OVBC,20110114,19.44,19.51,19.28,19.41,2200
OVLY,20110114,5.86,5.97,5.8,5.8,2700
OVRL,20110114,1.66,1.79,1.5,1.79,28300
OVTI,20110114,29.84,31.06,29.5,31,2876100
OXBT,20110114,2.75,2.75,2.25,2.26,163400
OXGN,20110114,0.23,0.24,0.22,0.23,915100
OZRK,20110114,21.11,21.745,21.11,21.55,56100
PAAS,20110114,35.82,36.09,35.01,35.07,2014200
PACB,20110114,15.69,15.91,15.69,15.76,84100
PACR,20110114,7.25,7.26,7.03,7.08,371600
PACW,20110114,21.07,22.44,21.07,22.37,258400
PAGG,20110114,33.6,33.7,33.39,33.7,127100
PANL,20110114,37.29,37.75,36.28,37.45,363100
PATH,20110114,9.04,9.29,8.53,9.07,28100
PATK,20110114,1.98,2.04,1.98,2.02,2200
PATR,20110114,31.09,31.3333,31.09,31.3333,1300
PAYX,20110114,31.78,32.34,31.75,32.31,2065900
PBCT,20110114,14.25,14.44,14.21,14.42,2567700
PBHC,20110114,8.49,8.49,8.49,8.49,100
PBIB,20110114,10.44,10.49,10.33,10.38,13600
PBIP,20110114,6.39,6.43,6.39,6.43,2900
PCAR,20110114,56.11,56.52,56.07,56.38,1802900
PCBK,20110114,9.8,10.03,9.71,9.99,29900
PCCC,20110114,9.35,9.58,9.35,9.51,23300
PCH,20110114,33.9,34.32,33.63,34.1,279300
PCLN,20110114,438.13,439.48,435,437.99,789900
PCTI,20110114,6.47,6.66,6.46,6.6,24600
PCYC,20110114,5.87,5.94,5.85,5.9,322900
PCYO,20110114,3.66,3.8,3.66,3.75,20600
PDCO,20110114,31.39,31.51,31.27,31.4,724600
PDEX,20110114,2.11,2.13,2.09,2.1,1800
PDFS,20110114,5.54,5.79,5.4,5.79,104600
PDII,20110114,11.03,11.27,10.99,11.08,37200
PDLI,20110114,5.6,5.63,5.46,5.48,1858300
PEBK,20110114,5.95,6,5.54,5.7,10200
PEBO,20110114,14.59,15.42,14.5,15.15,26000
PEGA,20110114,35.92,37.12,35.92,36.57,132000
PEIX,20110114,0.9,0.9,0.85,0.86,1742600
PENN,20110114,34.61,35.19,34.5,34.94,462300
PENX,20110114,6.48,6.51,6.36,6.42,26100
PEOP,20110114,13.05,13.95,13.05,13.8,93100
PERF,20110114,9.16,9.71,9.16,9.39,5200
PERY,20110114,28.35,29.44,28.34,29.41,91800
PESI,20110114,1.62,1.63,1.56,1.56,54500
PETM,20110114,39.43,40.02,39.13,40.02,749600
PETS,20110114,15.62,15.85,15.58,15.8,260300
PFBC,20110114,1.94,2.1,1.94,2,110100
PFBI,20110114,6.45,6.5,6.45,6.46,2200
PFBX,20110114,14.06,14.61,14.06,14.29,2500
PFIN,20110114,3.45,3.49,3.45,3.45,2200
PFSW,20110114,4.6,4.6,4.3,4.35,58700
PGC,20110114,13.5,14.19,13.45,14.15,9200
PGNX,20110114,6.15,6.27,6,6.24,124300
PGTI,20110114,2.49,2.59,2.49,2.58,21600
PHII,20110114,21.52,21.96,20.88,21.87,2700
PHIIK,20110114,19.71,19.8,19.26,19.52,19600
PHMD,20110114,5.95,6,5.68,5.84,5300
PICO,20110114,32,32.4,31.5,31.96,126500
PKBK,20110114,10.2,10.2,10.2,10.2,700
PKOH,20110114,23.6,24.2,23.4,24.13,28800
PLAB,20110114,6.01,6.44,6.01,6.33,891200
PLBC,20110114,2.6,2.94,2.6,2.86,8800
PLCC,20110114,1.15,1.15,1.15,1.15,0
PLCE,20110114,45.06,45.42,44.5,44.84,479800
PLCM,20110114,20.61,20.92,20.61,20.905,677300
PLNR,20110114,2.49,2.49,2.31,2.34,118800
PLPC,20110114,64,64,63.36,63.75,2900
PLTM,20110114,34.53,35.44,34.53,35.42,4900
PLUG,20110114,0.66,0.77,0.65,0.72,6710200
PLUS,20110114,25.08,25.54,25.08,25.54,18500
PLXS,20110114,29.6,30.69,29.38,30.64,197800
PLXT,20110114,4.15,4.22,4.01,4.13,133400
PMBC,20110114,4.24,4.38,4.15,4.16,14100
PMCS,20110114,9.1,9.18,9.08,9.14,2591600
PMD,20110114,8.59,8.89,8.59,8.79,5000
PMFG,20110114,17.04,17.6,17.04,17.6,19300
PMNA,20110114,14.15,14.17,14,14.06,9400
PMTC,20110114,23.48,23.97,23.41,23.96,1014200
PMTI,20110114,14.94,15.06,14.67,14.88,209300
PNBK,20110114,2.45,2.45,2.35,2.35,25300
PNFP,20110114,13.55,14.5,13.3,14.5,500300
PNNT,20110114,12.43,12.59,12.35,12.57,192000
PNQI,20110114,36.45,36.77,36.41,36.77,3500
PNRA,20110114,101.63,102.3,101.45,102.18,283300
PNRG,20110114,19.36,20.22,19.04,19.4,6300
PNTR,20110114,6.19,6.19,6.19,6.19,100
PODD,20110114,17.29,17.47,17.15,17.37,281600
POOL,20110114,23.36,23.56,23.3,23.52,130600
POPE,20110114,36.54,36.54,36.52,36.52,500
POWI,20110114,40.11,41.26,39.93,41.16,180100
POWL,20110114,37.93,38.7,37.58,38.46,99500
POWR,20110114,7.94,8.32,7.94,8.13,128900
POZN,20110114,6.77,6.8,6.69,6.79,64200
PPBI,20110114,6.38,6.4,6.25,6.4,6400
PPHM,20110114,3,3.02,2.9,3.01,821900
PRAA,20110114,75.5,75.92,75.24,75.5,62300
PRAN,20110114,1.28,1.38,1.27,1.3,59700
PRCP,20110114,5.18,5.23,5.11,5.23,17000
PRFT,20110114,12.71,13.1,12.52,13.01,103500
PRFZ,20110114,65.86,66.47,65.75,66.38,30700
PRGO,20110114,66.07,67.47,65.59,67.06,625300
PRGS,20110114,28.88,29.0933,28.8467,29.0667,514200
PRGX,20110114,6.09,6.12,6.05,6.05,51100
PRIM,20110114,9.27,9.35,8.82,9.15,79600
PRKR,20110114,0.62,0.64,0.55,0.58,706700
PRLS,20110114,3.5,3.5,3.45,3.5,4700
PRMW,20110114,13.44,13.56,13.17,13.5,57800
PROV,20110114,7.16,7.29,7.16,7.25,9400
PRPH,20110114,1.3,1.48,1.3,1.32,8300
PRSC,20110114,17.32,17.76,17.07,17.35,62400
PRTS,20110114,9.15,9.2,9.1,9.19,55800
PRXI,20110114,1.62,1.64,1.56,1.6,174800
PRXL,20110114,20,20.28,19.66,20.13,462600
PSAU,20110114,46.4,47,45.61,45.97,18600
PSBH,20110114,4.5,4.98,4.5,4.98,1800
PSDV,20110114,5.02,5.02,4.95,5,42100
PSEC,20110114,11.81,11.81,11.55,11.67,1515700
PSEM,20110114,11.39,11.47,11.26,11.36,50100
PSMT,20110114,39.76,40.29,39.7,40.25,132700
PSTB,20110114,6.12,6.2,6,6.03,264900
PSTI,20110114,2.88,2.88,2.52,2.72,704500
PSTR,20110114,4.8,4.92,4.63,4.85,121300
PSUN,20110114,4.91,5.19,4.85,5.07,1772200
PTEK,20110114,0.66,0.68,0.66,0.67,22500
PTEN,20110114,20.06,20.51,20.01,20.51,1864500
PTIE,20110114,6.44,6.55,6.4,6.53,112500
PTIX,20110114,1.76,1.8,1.71,1.8,17600
PTNR,20110114,20.07,20.11,20.01,20.1,117300
PTRY,20110114,18.02,18.15,17.37,17.43,198000
PTSI,20110114,11.42,11.52,11.42,11.49,6500
PTSX,20110114,0.93,0.93,0.82,0.9,3400
PULB,20110114,7.45,7.64,7.45,7.64,22500
PURE,20110114,2.15,2.24,2.11,2.21,204600
PVFC,20110114,1.92,1.92,1.85,1.9,8900
PVTB,20110114,14.24,15.12,14.16,14.97,510500
PVTBP,20110114,26.42,26.44,26.4,26.42,1100
PWER,20110114,11.06,11.1,10.58,10.71,4322900
PWOD,20110114,39.97,40,39.49,39.83,3900
PWRD,20110114,21.4,21.5,20.68,21.24,1137800
PWX,20110114,16.1,16.32,15.75,15.87,1800
PXLW,20110114,3.47,3.51,3.43,3.43,13900
PZZA,20110114,28.42,28.74,28.26,28.71,75400
PZZI,20110114,1.93,1.95,1.92,1.92,37100
QABA,20110114,25.2,25.77,25.2,25.7,9100
QADA,20110114,9.33,9.87,9.33,9.78,12200
QADB,20110114,10.19,11,10.19,10.19,6700
QBAK,20110114,1.8,1.84,1.79,1.79,2300
QCCO,20110114,3.96,4.01,3.82,4,16700
QCLN,20110114,17.32,17.4,17.32,17.4,9200
QCOM,20110114,51.93,52.13,51.43,52.04,11540400
QCOR,20110114,15.16,15.31,15.14,15.28,424000
QCRH,20110114,7.81,8.26,7.52,8.14,3100
QDEL,20110114,13.96,13.96,13.5,13.64,177300
QGEN,20110114,18.78,19.35,18.74,19.27,2007000
QKLS,20110114,84.96,86.4,83.04,83.28,70800
QLGC,20110114,17.45,18.07,17.41,18.03,24904100
QLIK,20110114,25.5,25.65,25.01,25.33,642100
QLTI,20110114,8.43,8.43,8.17,8.25,165700
QLTY,20110114,9.91,10.43,9.91,10.41,88200
QNST,20110114,23,23,22.58,22.73,396300
QQEW,20110114,24.47,24.7,24.47,24.69,16100
QQQ,20110114,56.59,57.02,56.46,57,43867300
QQQX,20110114,14.55,14.67,14.54,14.63,49400
QQXT,20110114,21.49,21.58,21.45,21.57,5600
QSII,20110114,36.91,37.235,36.895,37.23,99600
QTEC,20110114,27.02,27.43,27.02,27.43,259900
QTWW,20110114,0.46,0.48,0.46,0.48,842800
QUIK,20110114,5.9,5.95,5.56,5.66,768000
RADA,20110114,2.75,2.75,2.75,2.75,5000
RAIL,20110114,29.76,30.35,29.76,30.27,38700
RAND,20110114,3.11,3.11,3.11,3.11,0
RAVN,20110114,23.975,24.585,23.705,24.52,96300
RBCAA,20110114,21.41,21.78,21.36,21.65,27400
RBCN,20110114,22.81,23.41,22.4,22.62,449200
RBNF,20110114,3.95,4,3.95,4,4800
RBPAA,20110114,1.96,1.96,1.73,1.88,6600
RCII,20110114,30.59,30.63,30.06,30.21,469800
RCKB,20110114,14.13,14.8,14.05,14.61,101900
RCKY,20110114,11.24,11.48,11.19,11.29,26900
RCMT,20110114,4.43,4.5,4.43,4.5,19700
RCON,20110114,4.37,4.37,4.28,4.35,2200
RDA,20110114,14.01,14.53,14.01,14.45,15800
RDCM,20110114,12.97,13.75,12.93,13.5,60300
RDEN,20110114,24.61,24.61,24.14,24.5,186200
RDI,20110114,5.01,5.09,5,5.09,48700
RDIB,20110114,9,9,9,9,0
RDNT,20110114,4,4,3.61,3.7,1280700
RDWR,20110114,19.81,20.15,19.695,19.815,306300
RECN,20110114,21.52,21.52,20.94,21.02,399000
REDF,20110114,7.1,8.39,7.1,8.12,2705700
REFR,20110114,6.99,6.99,6.75,6.79,47000
REGN,20110114,32.98,34.5,32.81,34.5,604400
REIS,20110114,6.73,6.73,6.73,6.73,0
RELL,20110114,12.69,12.95,12.6,12.93,166500
RELV,20110114,2.45,2.48,2.38,2.46,9200
RENT,20110114,28.6,28.6,28.32,28.45,18700
REXI,20110114,7.1,7.17,7.07,7.1,25000
REXX,20110114,12.24,12.5,11.98,12.38,732900
RFIL,20110114,3.495,3.505,3.49,3.49,7000
RFMD,20110114,8.11,8.33,8.11,8.28,2692200
RGCO,20110114,14.64,15.585,14.64,15.55,500
RGDX,20110114,2.4,2.4,2.4,2.4,11700
RGEN,20110114,4.69,4.69,4.47,4.52,60700
RGLD,20110114,48.95,49.4,47.6,47.73,898100
RICK,20110114,8.53,8.53,8.41,8.48,40200
RIGL,20110114,7.7,7.73,7.6,7.67,153000
RIMG,20110114,14.66,14.99,14.66,14.96,13000
RITT,20110114,6.87,6.88,6.28,6.43,28500
RIVR,20110114,14.66,14.66,14.66,14.66,0
RJET,20110114,6.83,6.87,6.64,6.71,1191800
RLOC,20110114,27.63,27.63,25.88,26,257000
RLOG,20110114,4.76,4.76,4.76,4.76,200
RMBS,20110114,21.1,21.82,21.02,21.42,1550600
RMCF,20110114,10.15,10.18,10.03,10.07,11700
RMKR,20110114,1.46,1.5,1.35,1.41,21800
RMTI,20110114,8.91,9.3,8.91,9.3,52500
RNET,20110114,14.5,14.6,14.14,14.46,79000
RNIN,20110114,7,7.05,6.95,6.95,20100
RNST,20110114,16.5,16.99,16.5,16.97,38200
RNWK,20110114,4.01,4.06,4,4.05,220600
ROCK,20110114,12.44,12.73,12.24,12.68,100100
ROCM,20110114,10.51,10.6,10.5,10.52,29100
ROIA,20110114,1.6,1.63,1.5,1.53,16700
ROIAK,20110114,1.49,1.55,1.42,1.48,302900
ROIC,20110114,10,10.06,9.96,10,91900
ROICW,20110114,0.72,0.72,0.7,0.72,10700
ROLL,20110114,37.85,38.44,37.5,38.44,91400
ROMA,20110114,10.35,10.55,10.33,10.52,20200
ROSE,20110114,36.82,37.13,36.4,37.02,394600
ROSG,20110114,14.7,14.7,13.65,13.8,97500
ROST,20110114,31.81,31.965,31.68,31.925,865000
ROVI,20110114,67.25,69.5,67.16,68.58,3224800
ROYL,20110114,2.44,2.52,2.43,2.49,92500
RP,20110114,28.07,28.96,27.1,27.67,134400
RPRX,20110114,2.82,2.82,2.74,2.76,196600
RPTP,20110114,3.59,3.85,3.37,3.63,211400
RRD,20110114,17.59,17.83,17.51,17.63,2432000
RRGB,20110114,21.92,22.02,21.75,21.9,115600
RRST,20110114,7.83,7.85,7.56,7.85,14000
RSOL,20110114,2.75,2.75,2.6,2.61,14600
RSTI,20110114,38.85,38.86,37.77,38,270800
RSYS,20110114,8.88,9.07,8.71,9.03,68000
RTEC,20110114,9.55,9.83,9.3,9.78,483600
RTIX,20110114,2.79,2.84,2.72,2.74,140300
RUE,20110114,32.45,33.48,32.16,33.14,174100
RUSHA,20110114,19.24,19.43,19.12,19.27,85400
RUSHB,20110114,16.99,16.99,16.99,16.99,0
RUTH,20110114,5.31,5.31,5.2,5.25,160200
RVBD,20110114,39.94,39.94,38.18,39.44,3360200
RVSB,20110114,2.7,2.73,2.7,2.72,30100
RYAAY,20110114,31.62,31.99,31.5,31.9,322600
SAAS,20110114,3.27,3.27,3.14,3.2,205600
SAFM,20110114,39.27,40.06,39.24,40.03,411800
SAFT,20110114,49.18,49.26,48.92,49.14,17700
SAIA,20110114,16,16.4,15.85,16.2,99700
SALM,20110114,3.31,3.53,3.31,3.42,12000
SANM,20110114,13.33,15.18,13.24,15.1,4073200
SANW,20110114,3.55,3.65,3.45,3.52,17100
SANWW,20110114,0.35,0.35,0.35,0.35,4000
SANWZ,20110114,0.16,0.16,0.16,0.16,4000
SAPE,20110114,13,13.04,12.8,13.04,720800
SASR,20110114,18,18.73,17.99,18.69,43000
SATS,20110114,26.54,26.9,26.51,26.83,111000
SBAC,20110114,39.74,40.1,39.11,39.25,1278700
SBBX,20110114,5.76,6,5.76,6,1100
SBCF,20110114,1.62,1.81,1.61,1.74,643800
SBGI,20110114,8.13,8.16,8.01,8.05,296100
SBLK,20110114,41.25,41.55,40.5,41.4,139800
SBNY,20110114,48.62,50.44,48.62,50.42,320500
SBNYW,20110114,26.97,27,26.97,27,200
SBRA,20110114,18.96,18.96,18.49,18.6,229300
SBSA,20110114,1.06,1.14,1.04,1.06,298000
SBSI,20110114,20.56,21,20.54,20.95,37600
SBUX,20110114,32.2,32.73,32.18,32.7,5632800
SCBT,20110114,32.02,33.21,32.02,33.03,26400
SCHL,20110114,30.64,30.84,30.41,30.82,114200
SCHN,20110114,64.18,64.78,62.91,62.95,516200
SCLN,20110114,4.35,4.38,4.28,4.37,206700
SCMP,20110114,4.53,4.66,4.47,4.64,33800
SCOK,20110114,13.9,13.9,12.9,13.05,734900
SCON,20110114,19.08,19.44,18.84,19.44,26300
SCOR,20110114,23.78,24.43,23.78,24.4,217500
SCSC,20110114,33.54,33.61,33.06,33.49,96400
SCSS,20110114,10.32,10.46,10.26,10.37,279900
SCVL,20110114,16.9333,16.9333,16.46,16.78,90400
SDBT,20110114,2.92,2.95,2.85,2.85,37000
SDIX,20110114,2.35,2.55,2.18,2.31,791100
SEAC,20110114,8.66,8.96,8.66,8.94,157200
SEED,20110114,11.46,11.46,10.9,11.27,805600
SEIC,20110114,24.37,24.61,24.3,24.61,329900
SENEA,20110114,26.95,27.35,25.94,26.08,23900
SENEB,20110114,26.88,26.88,26.32,26.32,400
SFLY,20110114,36.33,36.55,35.99,36.51,367400
SFNC,20110114,28.9,29.34,28.9,29.25,31300
SFST,20110114,7.51,7.51,7.51,7.51,0
SGC,20110114,11,11,11,11,0
SGEN,20110114,17.32,17.34,16.95,17.15,550600
SGI,20110114,9.6,10.8,9.6,10.8,827100
SGMA,20110114,6.49,6.61,6.45,6.6,9500
SGMO,20110114,7.6,8.08,7.55,7.98,1069500
SGMS,20110114,10.02,10.41,10.02,10.39,475700
SGOC,20110114,5.01,5.05,5.01,5.05,2400
SGRP,20110114,0.99,0.99,0.99,0.99,0
SHBI,20110114,10.44,10.84,10.44,10.75,8900
SHEN,20110114,18.38,19.25,18.17,19.19,83700
SHFL,20110114,11.08,11.7,10.83,11.5,876600
SHIP,20110114,0.96,0.96,0.91,0.94,98000
SHLD,20110114,72.62,73.91,72.33,73.23,824500
SHLM,20110114,21.04,21.22,21.01,21.16,143300
SHLO,20110114,13.2,13.67,13.2,13.64,20100
SHOO,20110114,27.66,28.1,27.4733,28.0533,332600
SHOR,20110114,8.85,8.92,8.78,8.81,535700
SIAL,20110114,63.94,64.41,63.59,64.41,865600
SIEB,20110114,1.78,1.78,1.77,1.78,20000
SIFY,20110114,2.58,2.89,2.52,2.88,2667400
SIGA,20110114,13.44,13.75,13.24,13.69,320800
SIGI,20110114,18.27,18.52,18.25,18.51,76700
SIGM,20110114,14.76,14.9,14.7,14.87,234200
SILC,20110114,18.7,18.94,18.41,18.76,37900
SIMG,20110114,6.71,6.78,6.63,6.67,1535800
SIMO,20110114,4.67,4.99,4.67,4.95,393100
SINA,20110114,86.82,88.67,85.25,88.17,3000600
SINO,20110114,2.47,2.47,2.47,2.47,400
SIRI,20110114,1.53,1.58,1.53,1.56,50229600
SIRO,20110114,43.18,43.34,42.6,43.09,219600
SIVB,20110114,54.83,55.87,54.36,55.63,683300
SIVBO,20110114,24.25,24.42,24.08,24.12,1900
SKBI,20110114,9.12,9.17,8.98,9.1,33500
SKYW,20110114,16.59,16.64,16.33,16.51,124000
SLAB,20110114,49.67,50.27,49.67,49.87,493000
SLGN,20110114,35.45,35.94,35.25,35.86,1183900
SLMAP,20110114,43.4,44.06,42.5,42.5,6500
SLP,20110114,2.87,2.99,2.85,2.94,63700
SLRC,20110114,24.71,24.81,24.22,24.4,182900
SLTC,20110114,4.59,4.66,4.52,4.66,12500
SLTM,20110114,2.98,3.04,2.82,2.87,262900
SLXP,20110114,44.57,44.59,42.36,42.68,1978700
SMBC,20110114,18.2,18.22,18.19,18.22,1300
SMCI,20110114,12.49,13.19,12.35,13.19,173600
SMED,20110114,4.04,4.12,4,4.06,112900
SMIT,20110114,3.25,3.27,3.2,3.25,5100
SMMF,20110114,3.99,4.22,3.99,4.21,4200
SMRT,20110114,8.86,8.86,8.76,8.84,91000
SMSI,20110114,13.5,13.79,13.34,13.59,962900
SMT,20110114,9.6,10.09,9.58,9.68,768100
SMTC,20110114,23.26,23.52,23.22,23.44,665700
SMTX,20110114,3.45,3.55,3.44,3.54,243300
SNAK,20110114,4.49,4.5,4.42,4.44,16000
SNBC,20110114,4.7,4.77,4.65,4.73,74000
SNCR,20110114,31.05,31.36,30.13,30.54,322900
SNDK,20110114,51.18,52.8,51.1,52.77,4618300
SNFCA,20110114,1.82,1.83,1.76,1.82,7100
SNHY,20110114,24.3933,24.5933,23.7067,24.5533,89600
SNMX,20110114,6.66,6.86,6.61,6.79,74700
SNPS,20110114,26.44,26.84,26.26,26.81,768900
SNSS,20110114,0.48,0.49,0.47,0.48,2970900
SNTA,20110114,6.57,6.7,6.4,6.7,74600
SNTS,20110114,3.46,3.54,3.44,3.54,273500
SOCB,20110114,3.3,3.38,3.3,3.38,2000
SODA,20110114,38.52,40.96,35.9,38.02,2275300
SOFO,20110114,14.3,14.58,14.3,14.55,4400
SOHU,20110114,69.27,69.98,69.09,69.75,608000
SOMH,20110114,9,9.75,9,9.49,15900
SONA,20110114,7.64,7.74,7.6,7.6,12900
SONC,20110114,10.83,10.96,10.5,10.57,1107800
SONS,20110114,3,3.17,3,3.16,3463300
SORL,20110114,8.08,8.15,7.8,7.87,505100
SOXX,20110114,59.6,61.03,59.6,61.02,550700
SPAN,20110114,14.87,14.95,14.71,14.86,1300
SPAR,20110114,5.77,5.85,5.76,5.83,112300
SPBC,20110114,9.9,9.99,9.9,9.99,6000
SPCHA,20110114,2.7,2.75,2.59,2.65,2700
SPCHB,20110114,3.69,3.69,3.69,3.69,100
SPEX,20110114,19.8,21.8,18,18.2,1506600
SPIL,20110114,6.17,6.19,6.14,6.17,1202200
SPIR,20110114,4.76,4.93,4.75,4.91,18700
SPLS,20110114,23.25,23.43,23.11,23.39,4180800
SPMD,20110114,9.52,10.29,9.52,9.91,625400
SPNC,20110114,4.98,5.03,4.93,4.99,96500
SPNS,20110114,2.97,2.99,2.97,2.99,4300
SPPI,20110114,6.55,6.66,6.32,6.65,448800
SPPR,20110114,1.61,1.68,1.61,1.66,28300
SPPRO,20110114,27.68,27.68,27.68,27.68,0
SPPRP,20110114,9.4,9.4,9.4,9.4,0
SPRD,20110114,19.75,20.09,19.61,20,1182400
SPRO,20110114,2.5,2.5,2.5,2.5,5800
SPRT,20110114,6.78,6.79,6.7,6.75,81400
SPSC,20110114,15.6,15.94,15.11,15.82,36000
SPTN,20110114,16.02,16.05,15.54,15.69,146800
SPU,20110114,4.94,4.98,4.82,4.94,123500
SQI,20110114,13.35,14.26,13.2,14.22,23300
SQNM,20110114,7.33,7.58,7.3,7.47,1612200
SQQQ,20110114,111.04,111.6,108.4,108.48,404200
SRCE,20110114,19.34,20,19.24,19.88,38300
SRCL,20110114,77.03,78.16,76.9,78.13,365000
SRDX,20110114,11.7,12.16,11.54,12.07,66400
SSBI,20110114,6.5,6.55,6.5,6.55,12000
SSFN,20110114,6,6,6,6,1000
SSNC,20110114,19.5,19.55,18.77,19,57800
SSRI,20110114,23.26,23.6,22.92,23.44,1397200
SSRX,20110114,16.2,16.2,15.86,16.08,27200
SSYS,20110114,35.72,36.36,35.13,35.43,123200
STAA,20110114,6.37,6.37,6.17,6.24,89700
STAN,20110114,18.8,18.8,18.21,18.65,63500
STBA,20110114,21.82,23.6,21.82,23.58,135300
STEC,20110114,22.33,22.52,21.85,22.32,1886900
STEI,20110114,6.57,6.61,6.52,6.59,334000
STEL,20110114,14.44,14.97,14.25,14.92,39200
STEM,20110114,1,1.02,1,1.02,1235700
STFC,20110114,16.06,16.17,15.91,16.12,35400
STKL,20110114,8.43,8.5,8.29,8.42,177000
STLD,20110114,18.65,18.82,18.11,18.24,4783100
STLY,20110114,4.27,4.39,4.25,4.28,40400
STMP,20110114,11.96,12.24,11.92,12.04,50700
STND,20110114,14.09,14.1,13.95,13.95,9500
STNR,20110114,47.74,48.72,47.57,48.38,63800
STRA,20110114,124.46,124.82,119.2,123.5,428800
STRL,20110114,13.84,13.9,13.66,13.88,35700
STRM,20110114,1.77,1.85,1.77,1.81,32600
STRN,20110114,6.85,6.9,6.8,6.89,10400
STRS,20110114,9.13,9.4,9.13,9.4,600
STRT,20110114,35.11,37.64,35.11,36.81,14900
STSA,20110114,21.21,22.5,21.21,21.93,51200
STX,20110114,14.11,14.41,14.05,14.26,8282900
STXS,20110114,36.8,36.9,35.1,35.5,326900
SUBK,20110114,25.06,25.41,25.06,25.25,53000
SUMR,20110114,7.55,7.61,7.4,7.44,392400
SUPX,20110114,23.82,24.45,23.7,24.31,14600
SURG,20110114,4.56,4.73,4.47,4.7,156600
SUSQ,20110114,9.22,10.13,9.22,10.11,1905500
SUTR,20110114,2.24,2.25,2.17,2.23,78100
SVA,20110114,4.76,4.92,4.7,4.82,327200
SVBI,20110114,3.42,3.44,3.32,3.33,3000
SVNT,20110114,10.63,10.77,10.55,10.69,833300
SWHC,20110114,3.76,3.77,3.76,3.77,278400
SWIR,20110114,15.7,15.77,15.07,15.57,602400
SWKS,20110114,31.84,32.57,31.55,32.51,3474100
SYBT,20110114,24.67,25,24.67,24.98,14300
SYBTP,20110114,11.54,11.54,11.54,11.54,0
SYKE,20110114,19.38,19.81,19.26,19.77,159600
SYMC,20110114,17.33,17.52,17.32,17.52,8489500
SYMM,20110114,6.8,6.81,6.66,6.76,147600
SYMX,20110114,1.09,1.09,1.05,1.07,18700
SYNA,20110114,31.06,31.73,30.96,31.73,631800
SYNL,20110114,11.96,11.96,11.86,11.93,400
SYNM,20110114,17.6,18,17.4,18,269700
SYNT,20110114,55.38,56.1,55.09,56.01,203900
SYPR,20110114,5.53,5.53,5.26,5.3,18700
SYUT,20110114,12.98,13.2,12.79,13.1,60300
TACT,20110114,10.05,10.05,9.47,9.68,9600
TAIT,20110114,1.35,1.35,1.3,1.33,6100
TASR,20110114,4.73,4.81,4.7,4.81,303400
TAST,20110114,7.66,7.66,7.55,7.65,69800
TATT,20110114,5.44,5.45,5.41,5.45,3000
TAXI,20110114,8.51,8.51,8.28,8.31,40500
TAYC,20110114,12.43,12.7,12.33,12.57,16800
TAYCP,20110114,25,25.05,25,25.01,1400
TAYD,20110114,5.02,5.02,5.02,5.02,400
TBAC,20110114,2.99,2.99,2.98,2.98,700
TBBK,20110114,9.42,9.79,9.25,9.75,33000
TBNK,20110114,20.05,20.17,19.86,20.12,19100
TCBI,20110114,21.43,22.77,21.38,22.73,348900
TCBIW,20110114,11.5,11.5,11.5,11.5,0
TCBK,20110114,15.65,15.86,15.65,15.8,16800
TCCO,20110114,13.28,13.28,12.66,13.1,12500
TCRD,20110114,13.3,13.4,13.15,13.35,14000
TEAR,20110114,2.26,2.26,2.16,2.21,14900
TECD,20110114,46.35,46.69,46.21,46.68,376300
TECH,20110114,65.71,66.89,65.46,66.76,134900
TECUA,20110114,13.13,13.13,13.05,13.1,25500
TECUB,20110114,12.7,12.82,12.7,12.72,9400
TELK,20110114,27,28.5,26.4,28.2,353600
TESO,20110114,15.83,15.86,15.48,15.6,203100
TESS,20110114,16.26,16.85,16.15,16.34,15700
TFCO,20110114,3.15,3.15,3.15,3.15,0
TFM,20110114,39.8,41.25,39.8,40.85,219500
TFSL,20110114,9.62,9.98,9.62,9.97,1399600
TGA,20110114,15.4,15.47,15.13,15.18,174600
TGE,20110114,4.55,4.88,4.55,4.8,166400
THFF,20110114,32.72,33.18,32.72,33.12,11000
THLD,20110114,1.98,2.2,1.92,2.05,734400
THOR,20110114,28.25,28.63,27.38,27.5,2057000
THRD,20110114,23,23.62,22.87,23.5,4800
THRX,20110114,25.3,26.07,24.87,25,319900
THTI,20110114,3.54,3.96,3.54,3.68,7800
TIBX,20110114,21.1,21.14,20.86,21.02,3208000
TICC,20110114,11.87,11.97,11.84,11.88,201000
TIGR,20110114,4.7,4.7,4.6,4.65,5000
TINY,20110114,4.87,5.09,4.8,4.99,139700
TISA,20110114,1.22,1.23,1.21,1.22,20600
TITN,20110114,21.83,21.97,21.61,21.97,128600
TIVO,20110114,9.79,9.87,9.66,9.77,1335300
TKMR,20110114,5.99,6.15,5.85,6.01,32200
TLAB,20110114,7.15,7.27,7.15,7.21,4110600
TLF,20110114,4.79,4.79,4.78,4.79,1600
TMNG,20110114,2.51,2.51,2.51,2.51,0
TNAV,20110114,7.24,7.31,7.2,7.31,84900
TOFC,20110114,8.12,8.19,8.12,8.19,1400
TOPS,20110114,1.1,1.1,1.03,1.06,46900
TORM,20110114,9.61,9.61,9.3,9.51,9000
TOWN,20110114,16.76,16.95,16.6,16.92,66400
TPGI,20110114,4.18,4.2,4.07,4.19,166600
TQNT,20110114,13.89,14.31,13.69,14.31,3652800
TQQQ,20110114,41.365,42.295,41.095,42.2825,159500
TRAK,20110114,21.72,22.69,20.48,22.67,207600
TREE,20110114,8.61,8.61,8.45,8.49,4000
TRGT,20110114,27.29,27.97,27.2,27.85,73900
TRIB,20110114,8.74,8.83,8.69,8.78,34900
TRIT,20110114,13.63,14.09,13.55,13.96,81700
TRLG,20110114,21.74,21.98,21.21,21.43,360300
TRMB,20110114,20.67,21.775,20.67,21.69,1069000
TRMD,20110114,71.4,72.7,71.4,72.7,9500
TRMK,20110114,24.67,25.87,24.56,25.83,320100
TRNS,20110114,8.49,8.49,8.49,8.49,0
TROW,20110114,66.51,67.76,66.09,67.7,1883900
TRS,20110114,20.72,21,20.72,21,228400
TRST,20110114,6.21,6.32,6.16,6.3,255400
TSBK,20110114,4,4,4,4,1100
TSCO,20110114,46.25,46.75,46.05,46.65,689400
TSEM,20110114,22.5,23.1,22.35,23.1,1402800
TSLA,20110114,26.15,26.58,25.61,25.75,1192100
TSON,20110114,3.3,3.47,2.99,3.46,1251700
TSPT,20110114,9.12,9.12,8.97,9.07,10300
TSRA,20110114,22.54,23.14,22.49,23.12,538500
TSRI,20110114,5,5,5,5,1300
TSRX,20110114,4.58,4.59,4.43,4.45,55500
TSTC,20110114,8.24,8.47,8.05,8.24,990100
TSYS,20110114,4.95,4.95,4.86,4.93,291000
TTEC,20110114,21.12,21.37,21.11,21.15,121500
TTEK,20110114,24.63,25,24.56,24.88,238600
TTGT,20110114,7.5,7.53,7.4,7.53,58000
TTHI,20110114,1.98,2.13,1.96,2.08,18400
TTMI,20110114,17.7,18.13,17.41,18.08,2300800
TTWO,20110114,13,13.12,12.86,13.03,1461400
TUES,20110114,4.39,4.43,4.27,4.27,388900
TWER,20110114,4.54,4.54,4.24,4.4,589600
TWGP,20110114,26.21,26.68,26.03,26.59,256200
TWIN,20110114,29.27,29.3,28.52,29.01,88000
TWMC,20110114,1.73,1.77,1.68,1.74,8400
TWTC,20110114,17.37,17.43,17.04,17.07,742500
TXCC,20110114,2.27,2.32,2.24,2.27,34400
TXN,20110114,33.57,34.05,33.43,34.04,9006900
TXRH,20110114,17.89,18.52,17.73,18.45,866200
TYPE,20110114,12.13,12.27,12.07,12.23,116500
TZOO,20110114,47.64,49.43,47.51,48.8,204000
UACL,20110114,16.45,16.53,16.13,16.45,16400
UBCP,20110114,7.96,7.99,7.8,7.84,1800
UBFO,20110114,3.59,3.59,3.59,3.59,600
UBNK,20110114,14.29,14.4,14.18,14.25,33700
UBOH,20110114,10.3,10.3,10,10,1200
UBSH,20110114,15.06,15.15,14.14,14.53,73500
UBSI,20110114,28.9,30.5,28.9,30.48,251900
UCBA,20110114,7.24,7.24,7.24,7.24,0
UCBI,20110114,1.71,1.91,1.68,1.88,1124700
UCFC,20110114,1.5,1.6,1.49,1.59,22500
UCTT,20110114,11.9,12.67,11.76,12.42,704100
UEIC,20110114,26.88,27.25,25.53,26.07,84400
UEPS,20110114,11.92,12.01,11.68,11.9,198100
UFCS,20110114,21.68,22.17,21.68,21.9,43200
UFPI,20110114,39.09,39.84,38.72,39.7,80200
UFPT,20110114,15.67,15.67,15.25,15.3,47600
UG,20110114,14.56,14.56,14.25,14.46,4100
UHAL,20110114,90.62,92.35,90.42,91.9,40100
ULBI,20110114,7.41,7.41,7.15,7.15,86100
ULGX,20110114,0.77,0.77,0.75,0.75,11200
ULTA,20110114,37.17,37.49,36.81,37.06,577400
ULTI,20110114,51.2,51.35,50.66,50.89,116100
ULTR,20110114,6.27,6.37,6.25,6.29,69600
UMBF,20110114,42.63,43.87,42.28,43.82,129900
UMPQ,20110114,12.41,12.54,12.36,12.54,1607500
UNAM,20110114,9.25,9.25,9.25,9.25,0
UNB,20110114,18.1,18.19,18.1,18.19,1400
UNFI,20110114,36.68,38.44,36.31,38.42,1175200
UNIS,20110114,5.2,5.25,5.18,5.21,125800
UNTD,20110114,7.28,7.48,7.28,7.46,583900
UNTY,20110114,6.46,6.46,6.46,6.46,200
UNXL,20110114,7,7.29,7,7.18,5400
UPI,20110114,5.13,5.21,5.03,5.11,92600
URBN,20110114,36.29,36.45,35.89,35.94,1580300
URRE,20110114,31.4,31.5,30.7,31,1176200
USAK,20110114,13.3,13.4,13.24,13.31,19600
USAP,20110114,29.12,29.92,28.9,29.83,13100
USAT,20110114,1.32,1.36,1.32,1.32,246200
USATP,20110114,15.55,15.6,15.55,15.6,600
USATZ,20110114,0.5,0.5,0.5,0.5,0
USBI,20110114,11.78,12.13,10.4,10.4,5600
USEG,20110114,6.17,6.22,6.08,6.14,111100
USLM,20110114,41.04,43.89,41.01,43.89,10100
USMO,20110114,18.52,18.6,18.25,18.56,62900
USTR,20110114,32.28,32.98,32.28,32.935,101300
UTEK,20110114,20.29,23.34,20.29,23.26,645900
UTHR,20110114,66.76,67.34,65.9,67.34,278200
UTIW,20110114,21.79,21.98,21.65,21.86,386200
UTMD,20110114,27.04,27.16,26.75,26.84,1200
UTSI,20110114,6.93,7.11,6.87,6.96,466100
UVSP,20110114,18.78,19.26,18.78,19.23,19900
VALU,20110114,14.15,14.24,14.02,14.13,4600
VALV,20110114,5.95,5.95,5.81,5.84,10300
VASC,20110114,11.06,11.21,11.04,11.1,53500
VBFC,20110114,2.3,2.38,2.2,2.2,10800
VCBI,20110114,6.11,6.34,6.11,6.32,25400
VCIT,20110114,79.54,79.54,79.23,79.36,91200
VCLK,20110114,15.45,15.6,15.08,15.23,1514500
VCLT,20110114,77.12,77.59,77.01,77.21,3700
VCSH,20110114,77.56,77.78,77.56,77.78,169500
VDSI,20110114,8.37,8.5,8.31,8.49,53600
VECO,20110114,47.08,47.98,46.7,47.93,1760400
VGIT,20110114,61.31,61.43,61.14,61.14,7800
VGLT,20110114,59.93,59.93,59.31,59.5,8400
VGSH,20110114,60.59,60.65,60.56,60.63,8000
VIA,20110114,47.27,47.85,47.12,47.85,12300
VIAB,20110114,41.44,41.83,41.07,41.79,4158500
VIAS,20110114,18.67,18.84,18.63,18.72,12600
VICL,20110114,2.19,2.25,2.16,2.24,382000
VICR,20110114,15.37,15.37,15.03,15.15,91400
VIDE,20110114,3.99,4,3.95,4,7700
VIFL,20110114,3.88,3.89,3.72,3.79,8000
VIMC,20110114,3.71,3.71,3.58,3.62,68100
VIRC,20110114,2.73,3,2.73,2.91,2700
VISN,20110114,90,93.6,88.2,93,576300
VIVO,20110114,22.68,23.27,22.68,23.25,148900
VLCCF,20110114,23.51,23.94,23.5,23.84,223200
VLGEA,20110114,33.13,33.13,32.92,33.05,7300
VLTR,20110114,25.55,26.49,25.48,26.36,158300
VLYWW,20110114,3,3,3,3,0
VMBS,20110114,50.47,50.47,50.3,50.4,7100
VMED,20110114,25.12,25.27,24.9,25.2,1831200
VNDA,20110114,9.03,9.14,9.02,9.1,108400
VNQI,20110114,51.25,51.5,51.14,51.45,24900
VOCS,20110114,27.89,28.35,27.71,28.33,45000
VOD,20110114,27.39,27.63,27.34,27.51,5806200
VOLC,20110114,28.09,28.27,27.84,27.99,413400
VONE,20110114,58.59,58.73,58.59,58.69,700
VONG,20110114,60.02,60.02,60.02,60.02,100
VONV,20110114,57.69,57.69,57.69,57.69,100
VOXX,20110114,7.61,7.7,7.5,7.65,76200
VPFG,20110114,11.74,12.19,11.66,12.1,351000
VPHM,20110114,18.58,18.65,18.15,18.41,647300
VPRT,20110114,47.26,47.84,46.51,46.65,506400
VRA,20110114,38.06,38.06,36.32,36.9,235800
VRML,20110114,7.86,8.46,7.7,8.4,212700
VRNM,20110114,3.2,3.2,3.06,3.12,82900
VRNT,20110114,35.26,35.26,34.66,35.13,325900
VRSK,20110114,33.91,34.15,33.68,33.73,818900
VRSN,20110114,32.61,33.21,32.48,33.15,2320100
VRTA,20110114,1.18,1.23,1.14,1.14,5000
VRTB,20110114,1.4,1.58,1.4,1.5,25900
VRTS,20110114,47.67,48.15,46.82,47.87,29900
VRTU,20110114,17.65,17.65,16.91,17.55,97300
VRTX,20110114,38.56,39.42,38.32,39.42,3006500
VSAT,20110114,42.93,43.14,41.72,42.7,309200
VSBN,20110114,11.52,11.78,11.5,11.7,12100
VSCI,20110114,1.49,1.53,1.33,1.49,39700
VSCP,20110114,2.32,2.36,2.32,2.35,173200
VSEC,20110114,31.95,32.25,31.5,31.56,48200
VTHR,20110114,58.84,59.26,58.84,59.26,15700
VTNC,20110114,13.2,13.79,13.2,13.79,89100
VTUS,20110114,6.59,6.6,6.4,6.4,2800
VTWG,20110114,64.5,65.12,64.48,65.06,12000
VTWO,20110114,63.07,63.61,62.98,63.61,25900
VTWV,20110114,61.39,61.39,61.39,61.39,0
VVTV,20110114,7.06,7.24,6.93,7.21,406000
VVUS,20110114,11.06,11.31,10.81,11.2,2348200
VYFC,20110114,3.45,3.57,3.45,3.57,800
WABC,20110114,54.38,55.98,54.37,55.9,197100
WAFD,20110114,17.31,17.79,17.31,17.79,723500
WASH,20110114,21.51,21.63,21.09,21.47,36800
WAVX,20110114,4.59,4.65,4.42,4.59,1322200
WAYN,20110114,8.8,9,8.8,8.82,600
WBCO,20110114,13.37,14.06,13.28,14.04,31000
WBMD,20110114,53.52,53.91,52.8,53.85,581800
WBSN,20110114,20.06,20.64,19.85,19.98,466700
WCRX,20110114,23.94,24.04,23.64,23.87,1479000
WDC,20110114,32.85,33.49,32.57,33.44,3207300
WDFC,20110114,37.4,37.8,37.4,37.8,107900
WEBM,20110114,11.48,11.55,10.5,10.71,372700
WERN,20110114,23.62,24,23.3,23.97,1274600
WEYS,20110114,24.47,24.47,24.29,24.44,5300
WFD,20110114,9.13,9.2,9.06,9.08,35000
WFM,20110114,52.22,53.06,52.07,53.03,2385000
WIBC,20110114,7.6,7.7,7.6,7.63,50300
WILC,20110114,6.99,7.1,6.83,6.9,43700
WIN,20110114,13.12,13.15,13.04,13.09,4587600
WINA,20110114,33.31,33.87,32.9,33.31,11800
WIRE,20110114,23.38,23.63,23.37,23.58,54900
WLDN,20110114,3.97,4.04,3.97,4.04,1400
WLFC,20110114,14.06,14.06,13.71,13.73,8000
WMAR,20110114,11.24,11.51,11.16,11.44,224600
WMGI,20110114,16.4,16.52,16.25,16.51,235000
WOOD,20110114,47.27,47.41,47.14,47.35,12600
WOOF,20110114,24.57,24.72,24.46,24.72,319200
WPCS,20110114,2.72,2.78,2.72,2.76,11400
WPPGY,20110114,60.92,61.78,60.85,61.71,55700
WPRT,20110114,18.16,18.23,17.66,17.67,676200
WRES,20110114,5.3,5.45,5.26,5.42,430200
WRLD,20110114,55.27,57.98,55.01,57.96,325000
WRLS,20110114,7.36,7.36,7.28,7.33,75300
WSB,20110114,2.44,2.45,2.4,2.45,2100
WSBC,20110114,18.87,19.36,18.87,19.23,28700
WSBF,20110114,2.8,2.94,2.8,2.88,5300
WSCI,20110114,5.17,5.17,4.87,4.94,28100
WSFS,20110114,47.99,49.45,47.99,49.41,17900
WSTG,20110114,11.31,11.99,11.3,11.67,49100
WSTL,20110114,3.59,3.59,3.48,3.54,192900
WTBA,20110114,7.86,7.93,7.83,7.92,14400
WTFC,20110114,31.61,32.93,31.61,32.81,491100
WVFC,20110114,9.15,9.15,9.15,9.15,300
WVVI,20110114,3.41,3.5,3.4,3.4,2500
WWWW,20110114,9.7,10.35,9.66,10.06,997300
WYNN,20110114,116.39,118.82,116.25,118.82,1681100
XBKS,20110114,5.5,5.5,5.5,5.5,0
XIDE,20110114,10.41,10.58,10.37,10.55,660500
XLNX,20110114,30.92,31.72,30.91,31.69,4234800
XNPT,20110114,9.14,9.2,9.01,9.17,247000
XOMA,20110114,5.78,5.83,5.72,5.79,1022400
XRAY,20110114,36.21,36.33,36.13,36.29,356500
XRTX,20110114,13.96,14.02,13.8,13.84,415200
XTEX,20110114,14.6,14.77,14.6,14.75,80800
XTXI,20110114,8.96,8.99,8.86,8.96,156900
XWES,20110114,2.56,2.59,2.41,2.42,32700
XXIA,20110114,16.44,17.01,16.36,16.95,679200
YAVY,20110114,2.84,2.89,2.75,2.89,10000
YHOO,20110114,16.67,16.83,16.6,16.81,13593400
YORW,20110114,16.8,17,16.67,16.8,29200
YRCW,20110114,3.42,3.5,3.42,3.5,655700
ZAGG,20110114,10.49,10.56,9.54,9.86,1403400
ZBRA,20110114,38.68,38.82,38.52,38.67,132900
ZEUS,20110114,27.99,28.47,27.74,28.18,96700
ZGNX,20110114,5.99,6,5.65,5.7,159800
ZHNE,20110114,2.6,2.75,2.59,2.7,122500
ZIGO,20110114,11.98,12.17,11.92,12.1,32200
ZINC,20110114,12.8,13.03,12.57,12.7,347600
ZION,20110114,23.75,24.59,23.72,24.59,3528600
ZIONW,20110114,7.26,7.67,7.24,7.67,27500
ZIOP,20110114,5.71,5.8,5.53,5.65,592200
ZIPR,20110114,2.73,2.88,2.7,2.86,8100
ZIXI,20110114,4.75,4.76,4.64,4.71,442600
ZLCS,20110114,2.1,2.21,2.08,2.15,1965800
ZN,20110114,4.35,4.42,4.25,4.37,104400
ZOLT,20110114,12.46,12.75,12.36,12.66,194300
ZOOM,20110114,4.26,4.26,4.19,4.23,171100
ZUMZ,20110114,23.98,24.47,23.75,24.26,367200
