<ticker>,<date>,<open>,<high>,<low>,<close>,<vol>
AACC,20110331,5.33,5.39,5.33,5.37,20900
AAME,20110331,2.17,2.17,2.17,2.17,100
AAON,20110331,21.6733,21.98,21.5333,21.9333,33900
AAPL,20110331,346.3,349.8,346.06,348.51,9798800
AAWW,20110331,69.05,69.88,68.62,69.72,168000
AAXJ,20110331,62.91,63.28,62.85,62.98,635800
ABAX,20110331,28.61,29.05,28.6,28.84,97400
ABCB,20110331,10.2,10.2,10,10.16,27700
ABCD,20110331,3.32,3.42,3.3,3.4,40300
ABCO,20110331,25.66,25.775,25.535,25.75,36300
ABFS,20110331,25.74,26.15,25.62,25.92,231300
ABIO,20110331,14.58,15.36,14.52,15.3,32300
ABMD,20110331,14.93,15.05,14.51,14.53,178600
ABTL,20110331,7.25,7.35,7.05,7.05,145900
ACAD,20110331,1.56,1.64,1.54,1.62,166700
ACAS,20110331,9.77,9.93,9.72,9.91,3231700
ACAT,20110331,15.48,15.61,15.15,15.55,66300
ACCL,20110331,7.88,8.12,7.85,8,468700
ACET,20110331,7.94,7.99,7.88,7.97,50600
ACFC,20110331,9.95,9.95,9.95,9.95,300
ACFN,20110331,3.54,3.6,3.52,3.59,17900
ACGL,20110331,32.64,33.1833,32.64,33.0633,346600
ACHN,20110331,7.17,7.48,7.08,7.15,2445600
ACIW,20110331,32.68,33.01,32.54,32.8,194900
ACLS,20110331,2.63,2.65,2.6,2.65,1039000
ACNB,20110331,16,16.45,15.97,16,8800
ACOR,20110331,22.76,23.36,22.76,23.2,513900
ACPW,20110331,14.3,15.05,14.05,14.65,1279700
ACRX,20110331,3.42,3.59,3.33,3.43,14400
ACTG,20110331,32.85,34.37,32.74,34.35,771500
ACTS,20110331,2.53,2.54,2.47,2.49,67400
ACUR,20110331,3.09,3.17,3.08,3.16,84700
ACWI,20110331,48.35,48.5,48.24,48.36,987800
ACWX,20110331,45.31,45.55,45.25,45.45,49500
ACXM,20110331,14.13,14.74,13.84,14.35,4396700
ADAT,20110331,1.18,1.2,1.16,1.2,29600
ADBE,20110331,32.88,33.3,32.8,33.16,7720000
ADEP,20110331,4.52,4.64,4.52,4.6,1000
ADES,20110331,22.02,22.36,21.34,21.85,68100
ADI,20110331,39.45,39.66,39.19,39.38,1724300
ADP,20110331,51.14,51.5,51.09,51.31,2487300
ADRA,20110331,28.02,28.12,28.02,28.08,2200
ADRD,20110331,22.38,22.42,22.29,22.35,3600
ADRE,20110331,48.35,48.57,48.32,48.52,201400
ADRU,20110331,22.18,22.24,22.13,22.23,14500
ADSK,20110331,43.6,44.43,43.54,44.11,3407500
ADTN,20110331,42.71,43.11,42.23,42.46,627500
ADUS,20110331,4.99,5.1,4.99,5.01,9100
ADVS,20110331,28.35,28.74,28.31,28.69,114200
AEGR,20110331,17.1,17.1,16.4,16.57,38800
AEHR,20110331,2.15,2.19,2.1,2.1,15500
AEIS,20110331,16.27,16.45,16.13,16.35,453400
AEPI,20110331,30.17,30.17,29.55,29.72,14500
AERL,20110331,9.51,9.81,9.49,9.6,146800
AETI,20110331,2.63,2.74,2.61,2.73,9000
AEY,20110331,3.07,3.11,3.07,3.09,25800
AEZS,20110331,11.94,11.94,11.52,11.64,4280400
AFAM,20110331,37.2,37.79,37.04,37.64,58800
AFCB,20110331,13.55,13.55,13.55,13.55,0
AFCE,20110331,15.09,15.25,15.07,15.13,60400
AFFX,20110331,5.04,5.22,5,5.21,926300
AFFY,20110331,6.05,6.12,5.87,5.87,688100
AFOP,20110331,11.08,11.42,11.05,11.16,55800
AFSI,20110331,18.78,19.2,18.7,19.07,199900
AGEN,20110331,0.9,0.92,0.88,0.91,158200
AGII,20110331,32.95,33.29,32.81,33.04,379100
AGNC,20110331,28.7,29.14,28.65,29.14,7031400
AGYS,20110331,5.74,5.79,5.59,5.74,58000
AHGP,20110331,52.71,52.76,52.24,52.54,264900
AHPI,20110331,4.24,4.46,4.24,4.41,6000
AIMC,20110331,23.43,23.78,23.43,23.62,149200
AINV,20110331,11.96,12.11,11.96,12.06,1418900
AIRM,20110331,21.4833,22.49,21.4833,22.4167,115000
AIRT,20110331,9.5,9.5,9.4,9.4,3600
AIXG,20110331,43.74,44.08,43.5,43.88,248900
AKAM,20110331,38.09,38.27,37.5,38,2348800
AKRX,20110331,5.81,5.84,5.74,5.77,211000
ALCO,20110331,26.66,26.96,26.17,26.77,18200
ALGN,20110331,20.1,20.62,20.1,20.48,671000
ALGT,20110331,43.77,44.04,43.64,43.81,252700
ALIM,20110331,7.98,8,7.68,7.8,132100
ALKS,20110331,12.84,13,12.74,12.95,312500
ALLB,20110331,10.8,10.8,10.7,10.7,6300
ALLT,20110331,15.09,15.95,15.01,15.66,238100
ALNY,20110331,9.8,9.93,9.43,9.56,205500
ALOG,20110331,56.44,57.05,56.24,56.55,69500
ALOT,20110331,7.65,8,7.65,7.8,4200
ALSK,20110331,10.63,10.73,10.62,10.63,238800
ALTE,20110331,21.93,22.5,21.86,22.26,1672100
ALTI,20110331,1.61,1.61,1.55,1.58,755400
ALTR,20110331,43.66,44.08,42.98,44.02,6720400
ALVR,20110331,19.2,19.4,18.8,19,71400
ALXA,20110331,16.7,17,16.3,17,539000
ALXN,20110331,49.415,49.96,49.05,49.34,751200
AMAG,20110331,16.36,17.38,16.36,16.7,742700
AMAP,20110331,17.27,17.8,17.27,17.71,120400
AMAT,20110331,15.75,15.86,15.59,15.62,11448500
AMCC,20110331,10.3,10.38,10.14,10.38,735500
AMCF,20110331,4.57,4.59,3.9,4.1,150200
AMCN,20110331,5.18,5.29,5.13,5.21,87300
AMED,20110331,35,36.24,34.71,35,1118800
AMGN,20110331,53.8,54.05,53.45,53.45,4503900
AMIC,20110331,4.87,4.87,4.87,4.87,0
AMKR,20110331,6.88,6.89,6.61,6.74,2041200
AMNB,20110331,22.25,22.51,22.15,22.51,5400
AMOT,20110331,7.12,7.21,6.78,7.05,5200
AMOV,20110331,28.66,28.825,28.55,28.825,2700
AMRB,20110331,6.64,6.65,6.55,6.6,4000
AMRI,20110331,4.31,4.35,4.11,4.26,51400
AMRN,20110331,7.27,7.38,7.18,7.3,1292600
AMRS,20110331,28.17,28.99,28.11,28.54,289700
AMSC,20110331,25.12,25.13,24.65,24.87,668500
AMSF,20110331,22.66,22.66,22.01,22.11,63500
AMSG,20110331,25.36,25.47,25.3,25.44,146100
AMSWA,20110331,7.25,7.45,7.02,7.38,94500
AMWD,20110331,20.6,20.89,20.57,20.88,9200
AMZN,20110331,179.4,181.57,178.5,180.13,4828300
ANAC,20110331,6.87,6.96,6.8,6.92,30000
ANAD,20110331,4.5,4.55,4.35,4.47,892800
ANAT,20110331,78.41,79.5,78.41,79.17,10000
ANCB,20110331,10.65,11,10.38,10.7,3900
ANCI,20110331,4.95,5.04,4.95,5.04,5900
ANCX,20110331,7.05,7.11,7.05,7.1,3900
ANDE,20110331,47.92,48.81,47.56,48.72,153200
ANEN,20110331,20.06,20.25,19.91,20.1,25500
ANGO,20110331,15.14,15.18,15,15.12,61200
ANIK,20110331,8.9,8.98,8.81,8.96,124700
ANLY,20110331,4.47,4.47,4.42,4.45,19100
ANSS,20110331,53.99,54.21,53.68,54.19,845200
ANTH,20110331,6.66,6.8,6.65,6.75,75700
ANTP,20110331,3.91,3.91,3.71,3.71,5400
AOSL,20110331,12.84,12.9,12.63,12.69,24600
APAGF,20110331,85.54,86.55,85.1,85.76,19100
APEI,20110331,40.09,40.77,39.94,40.45,88800
APFC,20110331,6.04,6.1,5.97,6.06,5500
APOG,20110331,13.2,13.29,13.15,13.19,151800
APOL,20110331,41.12,41.74,40.61,41.71,2974500
APPY,20110331,4.74,5.82,4.08,5.1,822600
APRI,20110331,4.25,4.25,4.12,4.19,543100
APSA,20110331,14.12,14.45,13.5,13.75,6300
ARAY,20110331,9.17,9.25,8.88,9.02,435400
ARCC,20110331,16.85,17.06,16.8,16.95,2787700
ARCI,20110331,3.92,3.94,3.91,3.91,900
ARCW,20110331,2.86,2.86,2.85,2.85,2200
ARDNA,20110331,76.45,76.64,75.68,76.31,3000
AREX,20110331,32.72,33.84,32.39,33.57,214100
ARIA,20110331,7.54,7.69,7.39,7.52,2690300
ARII,20110331,25,25.05,24.67,24.96,71800
ARKR,20110331,14.21,14.27,14,14.2,15200
ARLP,20110331,81.6,81.98,81.19,81.43,98700
ARMH,20110331,28.17,28.59,27.88,28.17,5995000
ARNA,20110331,1.4,1.41,1.37,1.39,1664300
AROW,20110331,24.64,24.79,24.51,24.74,12500
ARQL,20110331,6.92,7.17,6.87,7.14,276600
ARRS,20110331,12.66,12.89,12.62,12.74,876700
ARRY,20110331,3.06,3.1,3,3.06,606900
ARTC,20110331,33.05,33.52,33.05,33.34,127300
ARTNA,20110331,19.66,19.75,19.43,19.49,10100
ARTW,20110331,10,10.24,9.75,10.12,15300
ARTX,20110331,1.38,1.4,1.38,1.4,10200
ARUN,20110331,33.8,34.29,33.52,33.84,1279800
ARWR,20110331,0.78,0.78,0.73,0.75,310700
ASBC,20110331,14.75,14.91,14.67,14.85,2670800
ASBI,20110331,4.36,4.6,4.35,4.35,2700
ASCA,20110331,17.66,17.91,17.4,17.75,490400
ASCMA,20110331,49.85,49.85,48.66,48.85,64700
ASEI,20110331,91.29,92.6,91.15,92.36,30200
ASFI,20110331,8.56,8.63,8.42,8.56,24400
ASIA,20110331,20.38,21.72,20.36,21.65,1056400
ASMI,20110331,39.2,39.61,39.13,39.59,94500
ASML,20110331,44.52,44.72,44.06,44.5,2226000
ASNA,20110331,16.2,16.25,16.02,16.205,643100
ASPS,20110331,30.44,30.68,30.44,30.68,25400
ASRV,20110331,2.25,2.37,2.24,2.37,54200
ASRVP,20110331,25.8,25.8,25.45,25.45,500
ASTC,20110331,1.11,1.11,1.07,1.07,80700
ASTE,20110331,36.49,37.41,36.43,37.29,139300
ASTI,20110331,3,3.01,2.82,2.87,198100
ASTM,20110331,2.58,2.6,2.45,2.5,703800
ASUR,20110331,1.8,1.8,1.8,1.8,0
ASYS,20110331,25.55,25.69,25,25.24,143200
ATAI,20110331,7.99,8.07,7.96,8,10200
ATAX,20110331,5.65,5.72,5.6,5.66,42600
ATEA,20110331,5.31,5.52,5.26,5.39,77900
ATEC,20110331,2.65,2.74,2.62,2.7,206800
ATHN,20110331,45.55,46.44,44.89,45.13,604700
ATHX,20110331,2.71,2.85,2.65,2.84,295000
ATLO,20110331,19.48,19.48,18.97,19.1,31100
ATMI,20110331,18.41,18.91,18.29,18.89,100300
ATML,20110331,13.43,13.66,13.37,13.63,7172000
ATNI,20110331,36.47,37.21,36.24,37.19,48600
ATRC,20110331,11.15,11.48,10.56,11.38,108100
ATRI,20110331,174.33,174.47,172.21,174.47,1200
ATRM,20110331,1.71,1.72,1.7,1.72,6900
ATRO,20110331,25.23,25.29,24.68,25.17,32500
ATSG,20110331,8.14,8.49,8.09,8.45,365000
ATVI,20110331,10.98,11.09,10.93,10.97,7539700
ATX,20110331,10.62,10.68,10.51,10.66,8900
AUBN,20110331,19.56,19.56,19.56,19.56,0
AUDC,20110331,5.98,6.16,5.9,5.95,179600
AUXL,20110331,22.08,22.16,21.45,21.47,733000
AVAV,20110331,34.53,35.05,34.22,34.97,259400
AVEO,20110331,13.57,13.66,13.3,13.32,216400
AVGO,20110331,31.59,31.8,30.81,31.1,1580200
AVID,20110331,22.25,22.47,22.23,22.3,104000
AVNR,20110331,3.99,4.18,3.9,4.08,5595000
AVNW,20110331,5.21,5.21,5.14,5.17,256300
AWRE,20110331,3.39,3.6,3.39,3.6,8100
AXAS,20110331,5.54,5.85,5.46,5.84,2939700
AXFN,20110331,25.63,25.63,25.63,25.63,100
AXTI,20110331,7.07,7.28,7.07,7.17,460200
AZPN,20110331,15.17,15.19,14.79,14.99,797100
BABY,20110331,16.59,16.97,16.5,16.8,179500
BAGL,20110331,16.06,16.3,16.01,16.28,17500
BAMM,20110331,4.12,4.22,4.05,4.13,89200
BANC,20110331,16.09,16.1,15.89,15.91,7300
BANF,20110331,42.16,42.86,42.16,42.68,31200
BANFP,20110331,26.3,26.3,26.3,26.3,0
BANR,20110331,16.66,16.73,16.38,16.52,805200
BASI,20110331,2.39,2.41,2.18,2.29,12700
BBBY,20110331,48.5,49.09,48.18,48.27,2346600
BBEP,20110331,21.58,21.77,21.46,21.73,337400
BBGI,20110331,7.29,7.34,7.29,7.34,4200
BBNK,20110331,9.34,9.44,9.3,9.34,4200
BBOX,20110331,34.57,35.21,34.57,35.15,61500
BBRG,20110331,17.38,18.04,17.37,17.69,202500
BBRY,20110331,57.1,57.16,55.84,56.54,12859100
BBSI,20110331,15.77,16.09,15.72,16.06,16700
BCBP,20110331,10.3,10.3,10.3,10.3,0
BCOM,20110331,34.59,34.59,34.59,34.59,600
BCPC,20110331,36.68,37.52,36.44,37.52,118300
BCRX,20110331,3.64,3.82,3.57,3.79,315000
BCSB,20110331,13.25,13.25,13.25,13.25,200
BDE,20110331,6.65,6.92,6.65,6.88,69300
BDGE,20110331,22.08,22.5,22.02,22.37,14000
BDMS,20110331,19.56,19.85,19.56,19.85,1200
BDSI,20110331,3.32,3.54,3.3,3.53,163900
BEAT,20110331,4.81,4.83,4.71,4.79,83800
BEAV,20110331,35.09,35.72,35.09,35.53,957500
BEBE,20110331,5.83,5.92,5.77,5.85,352400
BECN,20110331,20.6,20.64,20.4,20.47,164000
BELFA,20110331,23.98,23.99,23.98,23.98,400
BELFB,20110331,22.06,22.14,21.82,22.01,15200
BERK,20110331,6.12,6.19,6.12,6.19,1300
BFIN,20110331,9.15,9.27,9.15,9.19,41300
BFLY,20110331,2.93,2.99,2.93,2.98,800
BGCP,20110331,9.45,9.46,9.27,9.28,618500
BGFV,20110331,11.64,12,11.64,11.92,73200
BGMD,20110331,7.58,8.1,7.58,7.71,352300
BIB,20110331,34.115,34.115,34,34.005,1300
BICK,20110331,33.51,33.64,33.38,33.56,11600
BIDU,20110331,136.5,137.89,135.5,137.81,4953600
BIIB,20110331,71.9,73.53,71.9,73.47,2512700
BIOD,20110331,8.4,8.52,8.2,8.4,366100
BIOF,20110331,16.8,17.2,16.4,16.4,529100
BIOS,20110331,4.57,4.71,4.5,4.67,301900
BIRT,20110331,4.98,5.2,4.96,5.2,518300
BIS,20110331,43.84,43.84,43.4,43.4,500
BJRI,20110331,39.02,39.55,38.92,39.33,177700
BKCC,20110331,9.97,10.14,9.97,10.12,826900
BKMU,20110331,4.17,4.25,4.14,4.23,114000
BKOR,20110331,4.6,4.6,4.6,4.6,200
BKSC,20110331,11.41,11.41,11.41,11.41,0
BKYF,20110331,20.4,20.88,20.4,20.5,12200
BLDP,20110331,2.4,2.4,2.26,2.33,428000
BLDR,20110331,2.81,2.85,2.74,2.84,170800
BLIN,20110331,1.1,1.14,1.09,1.1,30200
BLKB,20110331,26.96,27.24,26.82,27.24,156700
BMC,20110331,49.64,49.88,49.56,49.74,882500
BMRC,20110331,36.39,37.35,36.39,37.32,15400
BMRN,20110331,24.98,25.34,24.87,25.13,572200
BMTC,20110331,20.33,20.57,20.2,20.57,54400
BNCL,20110331,8.69,8.71,8.59,8.62,95200
BNCN,20110331,7.98,8.14,7.88,8.14,4900
BNSO,20110331,2.26,2.26,2.24,2.24,600
BOBE,20110331,31.91,32.72,31.91,32.6,177800
BOCH,20110331,4.25,4.25,4.1,4.21,10500
BODY,20110331,22.51,23.39,22.51,23.23,156700
BOFI,20110331,15.53,15.55,15.25,15.52,24900
BOKF,20110331,51.39,51.8,51.39,51.68,29600
BOLT,20110331,13.22,13.65,13.15,13.54,37100
BONA,20110331,6.41,6.72,6.33,6.4,63700
BONT,20110331,15.59,15.74,15.05,15.5,124000
BOOM,20110331,25.86,27.99,25.75,27.96,280200
BOSC,20110331,9.52,10.72,9.4,10.72,48300
BPAX,20110331,11.7,11.94,11.58,11.88,1473700
BPFH,20110331,7.02,7.15,6.94,7.07,365500
BPFHW,20110331,2.59,2.65,2.59,2.65,5000
BPHX,20110331,1.92,1.95,1.91,1.92,18900
BPOP,20110331,29.6,29.8,28.9,29.2,8135900
BPOPM,20110331,18.58,18.6,18.5,18.55,1700
BPOPN,20110331,20.11,20.7,20.08,20.35,11200
BRCD,20110331,6.13,6.19,6.08,6.15,8086600
BRCM,20110331,40.25,40.29,39.24,39.38,10471800
BRID,20110331,11.49,11.93,11.12,11.21,4400
BRKL,20110331,10.41,10.56,10.38,10.53,474100
BRKR,20110331,20.6,20.9,20.53,20.85,387800
BRKS,20110331,13.18,13.76,13.1,13.73,605300
BRLI,20110331,22.26,22.46,22.18,22.44,117000
BSDM,20110331,4.75,4.75,4.32,4.48,266600
BSET,20110331,8.28,8.3,7.63,7.81,11400
BSFT,20110331,44.62,48.15,44.13,47.62,1900100
BSPM,20110331,7.08,7.08,6.45,6.45,573400
BSQR,20110331,7.3,7.39,7.06,7.14,39000
BSRR,20110331,10.91,11.18,10.91,11.18,42800
BSTC,20110331,24.78,25.7,24.66,25.5,5100
BTUI,20110331,11,11,10.63,10.96,20200
BUSE,20110331,4.94,5.12,4.91,5.08,845600
BVSN,20110331,14.48,14.48,13.75,14.48,1200
BWEN,20110331,13.7,14.1,13.1,13.1,1625600
BWINA,20110331,22.02,22.05,22.02,22.05,500
BWINB,20110331,23.29,23.45,23.26,23.42,5600
BWLD,20110331,55.4,55.4,54.16,54.43,358500
BYFC,20110331,2.1,2.36,2.1,2.35,500
CA,20110331,23.92,24.19,23.84,24.18,5404300
CAAS,20110331,9.08,9.19,8.7,8.9,225700
CAC,20110331,33.6,34.42,33.6,34.24,8100
CACB,20110331,6.65,6.71,6.31,6.6,11400
CACC,20110331,69.38,71.93,69.25,70.96,59900
CACH,20110331,4.59,4.6,4.55,4.59,9400
CADC,20110331,3.65,3.69,3.46,3.48,75600
CADX,20110331,9.09,9.21,9.04,9.18,467600
CAFI,20110331,1.91,1.91,1.9,1.91,400
CAKE,20110331,29.8,30.25,29.64,30.09,884100
CALD,20110331,6.83,6.96,6.75,6.87,119400
CALI,20110331,14.7,16.2,14.1,14.52,29300
CALL,20110331,10.71,10.875,10.59,10.8,25300
CALM,20110331,29.01,29.51,28.89,29.5,106000
CAMP,20110331,3.34,3.38,3.3,3.35,21300
CAMT,20110331,3.89,4,3.87,3.99,47300
CAR,20110331,18.09,18.2,17.62,17.91,2175500
CART,20110331,3.1,3.19,2.95,3.19,1900
CARV,20110331,0.9,0.9,0.9,0.9,0
CASH,20110331,15.77,16.49,15.76,16.49,8900
CASM,20110331,3.12,3.19,3.12,3.15,5200
CASS,20110331,39.02,39.29,38.31,39.29,20900
CASY,20110331,38.87,39.12,38.75,39,443500
CATM,20110331,20.29,20.36,19.81,20.35,187300
CATY,20110331,16.83,17.1,16.71,17.05,316100
CAVM,20110331,44.5,45.29,43.75,44.93,1780700
CBAK,20110331,9.15,9.15,8.9,9.05,95100
CBAN,20110331,4.05,4.15,4.05,4.15,2600
CBEY,20110331,11.75,11.76,11.65,11.67,165600
CBIN,20110331,11,11,10.77,11,300
CBLI,20110331,7.49,7.54,7.26,7.5,219400
CBMX,20110331,21.5,22.9,21.5,21.5,12300
CBMXW,20110331,3,3,3,3,0
CBNJ,20110331,9.69,9.85,9.61,9.85,14300
CBNK,20110331,14.02,14.02,13.91,14,6200
CBOE,20110331,29.03,29.1,28.81,28.97,254200
CBPO,20110331,15.58,15.96,15.55,15.96,28400
CBRL,20110331,48.7,49.35,48.64,49.14,169200
CBRX,20110331,3.73,3.8,3.65,3.77,572700
CBSH,20110331,39.96,40.58,39.8,40.44,361000
CBST,20110331,24.9,25.25,24.74,25.24,1045200
CCBG,20110331,12.74,12.75,12.52,12.68,32900
CCCL,20110331,6.16,6.25,6.1,6.17,44700
CCIH,20110331,18.03,18.4,18.03,18.23,183700
CCIX,20110331,8.99,9,8.76,8.86,32200
CCMP,20110331,51.43,52.37,51.35,52.25,123100
CCNE,20110331,14.01,14.52,14.01,14.51,34000
CCOI,20110331,13.65,14.29,13.65,14.25,382200
CCRN,20110331,7.8,7.86,7.76,7.83,123600
CCUR,20110331,6.23,6.34,6.23,6.34,5200
CDNS,20110331,9.75,9.88,9.68,9.75,1566500
CDTI,20110331,6.7,8.87,6.7,8.6,594100
CDXS,20110331,11.54,11.99,11.47,11.82,292500
CDZI,20110331,11.82,12.2,11.82,12.19,27200
CECE,20110331,5.86,5.91,5.82,5.9,36500
CECO,20110331,22.69,22.84,22.57,22.72,673700
CEDU,20110331,7.5,7.5,7.4,7.47,1800
CELG,20110331,56.82,57.74,56.73,57.58,3579000
CELGZ,20110331,2.4,2.46,2.4,2.46,1700
CENT,20110331,8.79,8.94,8.78,8.81,167500
CENTA,20110331,9.11,9.29,9.07,9.21,196100
CENX,20110331,18.57,18.92,18.55,18.68,1093200
CERN,20110331,55.215,55.855,55.065,55.6,398400
CERS,20110331,2.89,2.93,2.84,2.91,479800
CETV,20110331,21.1,21.59,20.88,21.06,244500
CEVA,20110331,26.63,26.9,26.36,26.73,178200
CFBK,20110331,6.45,6.5,6.45,6.5,1500
CFFI,20110331,22.98,22.98,22.98,22.98,0
CFFN,20110331,11.28,11.32,11.24,11.27,424600
CFNB,20110331,15.01,15.27,14.86,15.27,3000
CFNL,20110331,11.31,11.69,11.31,11.66,40800
CGEN,20110331,5.15,5.18,5.03,5.14,28900
CGNX,20110331,28.27,28.45,27.96,28.25,273200
CHCI,20110331,1.35,1.35,1.31,1.31,17000
CHCO,20110331,35.12,35.47,34.88,35.36,43300
CHDN,20110331,40.69,41.98,40.69,41.5,38100
CHDX,20110331,15.93,16.14,15.58,16.05,69100
CHEV,20110331,8.54,8.65,8.5,8.53,1200
CHFC,20110331,19.84,19.96,19.65,19.93,88900
CHFN,20110331,10.5986,10.9967,10.5986,10.9967,9900
CHKE,20110331,17.2,17.3,17.07,17.26,36900
CHKP,20110331,50.84,51.48,50.72,51.05,2162800
CHLN,20110331,2.03,2.05,1.9,1.96,548400
CHNR,20110331,13.48,13.65,13.42,13.65,3200
CHOP,20110331,5.3,5.3,4.55,4.7,1627800
CHRM,20110331,9.91,10.11,9.87,9.93,4500
CHRW,20110331,73,74.2,72.82,74.13,1121100
CHSCP,20110331,29.56,29.83,29.5,29.8,27000
CHTP,20110331,3.96,3.96,3.84,3.88,647000
CHTR,20110331,49.69,50.69,49.65,50.63,345700
CHYR,20110331,2.31,2.37,2.22,2.22,12400
CIDM,20110331,1.87,1.87,1.75,1.77,51100
CIEN,20110331,25.55,26.78,25.51,25.94,9274700
CIMT,20110331,3.86,3.91,3.65,3.7,37100
CINF,20110331,32.94,33.06,32.76,32.79,877000
CISG,20110331,13.54,13.55,12.57,12.96,1281800
CITZ,20110331,5.58,5.58,5.52,5.58,2300
CIZN,20110331,20.4,20.49,20.37,20.4,3600
CJJD,20110331,2.57,2.65,2.51,2.61,120000
CKEC,20110331,7.15,7.31,7.12,7.15,29200
CKSW,20110331,8.49,8.67,8.48,8.59,186000
CLBH,20110331,3.85,3.85,3.85,3.85,0
CLCT,20110331,14.17,14.2,14.08,14.14,19600
CLDX,20110331,4.01,4.12,3.98,4.02,347900
CLFD,20110331,5.18,5.18,5.09,5.09,28900
CLMS,20110331,16.56,16.62,16.24,16.59,74300
CLMT,20110331,21.35,21.4,21.13,21.25,117100
CLNE,20110331,16.76,16.95,15.71,16.38,5398500
CLRO,20110331,6.83,6.83,6.58,6.74,9800
CLSN,20110331,2.32,2.4,2.3,2.31,68300
CLUB,20110331,4.83,5.19,4.81,5.06,57800
CLWR,20110331,5.52,5.61,5.48,5.59,2195600
CLWT,20110331,7.425,7.81,7.425,7.81,1200
CMCO,20110331,17.74,18.46,17.59,18.46,57700
CMCSA,20110331,24.7,24.83,24.5,24.72,11281300
CMCSK,20110331,23.17,23.31,22.98,23.22,3134200
CME,20110331,302.88,303,298.83,301.55,451300
CMLS,20110331,4.41,4.41,4.23,4.34,165700
CMSB,20110331,9.05,9.05,9.05,9.05,0
CMTL,20110331,27.3,27.33,27.06,27.22,387000
CNBC,20110331,9.55,9.61,9.55,9.59,4600
CNBKA,20110331,27,27.02,26.77,26.77,4400
CNET,20110331,3.52,3.85,3.52,3.64,17200
CNIT,20110331,2.76,2.8,2.65,2.7,503700
CNMD,20110331,25.33,26.45,25.33,26.28,78900
CNQR,20110331,55.32,55.66,54.4,55.45,571400
CNSL,20110331,18.58,18.79,18.58,18.7,154000
CNTF,20110331,4.49,4.51,4.39,4.4,104900
CNTY,20110331,3.11,3.13,2.82,2.98,98100
CNYD,20110331,7.58,7.62,7.58,7.6,500
COBK,20110331,12.43,12.95,12.4,12.95,3700
COBR,20110331,3.82,3.9,3.72,3.78,12600
COBZ,20110331,6.93,6.98,6.88,6.95,91400
COCO,20110331,4.48,4.49,4.41,4.42,1175000
COGO,20110331,7.74,8.21,7.74,8.07,133100
COHR,20110331,57.87,58.3,57.65,58.11,136000
COHU,20110331,15.19,15.55,15.19,15.36,58800
COKE,20110331,65.71,67,65.31,66.84,17500
COLB,20110331,18.58,19.21,18.47,19.17,118300
COLM,20110331,58.5,59.55,58.35,59.42,193900
CONN,20110331,4.59,4.62,4.31,4.48,227500
COOL,20110331,3.27,3.33,3.11,3.16,957100
CORE,20110331,33.27,33.36,32.85,33.05,70400
CORT,20110331,4.18,4.25,4.17,4.25,161400
COSI,20110331,1.19,1.25,1.17,1.23,295000
COST,20110331,72.67,73.46,72.08,73.32,2323400
COWN,20110331,4.05,4.09,3.95,4.01,228500
CPBC,20110331,4.97,4.97,4.97,4.97,0
CPGI,20110331,2.99,3.21,2.99,2.99,45000
CPHC,20110331,12.25,12.25,12.25,12.25,100
CPHD,20110331,27.78,28.35,27.6,28.02,346500
CPIX,20110331,5.52,5.55,5.46,5.53,30000
CPLA,20110331,49.24,50.73,49.07,49.79,226500
CPLP,20110331,10.5,10.81,10.35,10.61,139700
CPNO,20110331,35.44,35.76,35.37,35.6,170300
CPRT,20110331,21.395,21.73,21.32,21.665,331500
CPRX,20110331,1.12,1.17,1.11,1.12,16900
CPSI,20110331,63.01,64.39,63,64.28,64000
CPSL,20110331,19.92,20.64,19.8,20.4,187300
CPSS,20110331,1.05,1.15,1.04,1.14,4400
CPST,20110331,1.91,1.92,1.76,1.81,6178100
CPTS,20110331,14.25,14.48,14.25,14.47,202700
CPWR,20110331,11.47,11.57,11.41,11.55,1297700
CRAI,20110331,29.05,29.29,28.21,28.83,33400
CRAY,20110331,6.49,6.6,6.39,6.45,121800
CRDC,20110331,3.5,3.56,3.45,3.56,25600
CREE,20110331,46.81,47.25,45.71,46.16,2931800
CREG,20110331,2.73,2.73,2.65,2.69,11200
CRESW,20110331,0.23,0.23,0.23,0.23,0
CRESY,20110331,18.09,18.34,18.01,18.1,44400
CRFN,20110331,4.07,4.07,4.05,4.05,4000
CRIS,20110331,3.23,3.31,3.13,3.25,633500
CRME,20110331,21.7,21.8,21.1,21.4,359300
CRMT,20110331,26.06,26.06,25.71,25.78,42900
CRNT,20110331,11.99,12.29,11.79,12.08,707000
CROX,20110331,18.13,18.15,17.7,17.84,1686900
CRRB,20110331,4.5,4.5,4.5,4.5,600
CRRC,20110331,13.88,14.07,13.83,13.96,14600
CRTX,20110331,6.82,6.99,6.59,6.62,73500
CRUS,20110331,21.23,21.44,20.9,21.03,1339200
CRVL,20110331,52.13,53.28,52.13,53.18,31700
CRWN,20110331,2.33,2.35,2.26,2.32,170600
CRWS,20110331,4.89,4.89,4.77,4.84,4400
CRZO,20110331,37.14,37.59,36.83,36.93,303700
CSBK,20110331,11.73,11.89,11.35,11.87,24100
CSCD,20110331,6.15,6.18,5.99,6.18,10100
CSCO,20110331,17.33,17.45,17.15,17.15,65036500
CSFL,20110331,7,7.01,6.94,7,56200
CSGP,20110331,62.69,63.25,62.47,62.68,126400
CSGS,20110331,19.8,19.99,19.8,19.94,170300
CSII,20110331,10.3,10.89,10.22,10.83,83300
CSIQ,20110331,11.54,11.6,11.25,11.28,1235800
CSOD,20110331,19,19.08,17.5,18.23,203000
CSPI,20110331,4.59,4.59,4.51,4.58,2900
CSTR,20110331,46.65,46.76,45.45,45.92,726200
CSUN,20110331,4.18,4.19,4.11,4.12,198900
CSWC,20110331,90.25,91.53,89.15,91.53,20000
CTAS,20110331,29.77,30.48,29.72,30.28,1266800
CTBI,20110331,27.69,27.78,27.62,27.67,46100
CTCH,20110331,3.52,3.58,3.49,3.58,47400
CTCM,20110331,24.01,24.03,23.54,23.57,188800
CTCT,20110331,34.79,35.01,34.12,34.9,553400
CTGX,20110331,13.25,13.4,13.05,13.29,48400
CTHR,20110331,3.7,3.76,3.65,3.76,11900
CTIB,20110331,5.09,5.12,4.76,4.98,10100
CTIC,20110331,1.9,1.95,1.85,1.85,5430600
CTRN,20110331,22.43,22.43,21.64,22.29,103700
CTRP,20110331,40.88,41.69,40.74,41.49,1659800
CTSH,20110331,81.59,81.85,81.22,81.4,1602500
CTWS,20110331,26.42,26.48,25.82,26.35,27000
CTXS,20110331,72.47,73.71,71.95,73.46,1903400
CU,20110331,43.42,43.72,43.33,43.59,286600
CUBA,20110331,7.4,7.4,7.39,7.4,19800
CUTR,20110331,8.6,8.72,8.48,8.57,19400
CVBF,20110331,9.18,9.32,9.1,9.31,1161900
CVCO,20110331,44.57,45.16,44.55,45.16,16100
CVCY,20110331,6.1,6.15,6.05,6.15,2200
CVGI,20110331,18.45,18.48,17.81,17.84,250100
CVGW,20110331,22.21,22.4,21.6,21.85,85900
CVLT,20110331,40.71,41.05,39.54,39.88,680100
CVLY,20110331,10.6,10.9,10.6,10.83,1100
CVTI,20110331,9.21,9.31,9.16,9.25,29300
CVV,20110331,10.8,11,10.62,10.81,11600
CWBC,20110331,4.67,4.67,4.67,4.67,0
CWCO,20110331,10.86,10.99,10.84,10.9,56900
CWEI,20110331,104.61,106.6,104.01,105.7,38000
CWST,20110331,7.18,7.18,7.06,7.17,64300
CWTR,20110331,10.28,10.56,10.2,10.56,418000
CXDC,20110331,5.31,5.38,5.12,5.21,319700
CXPO,20110331,3.98,4.09,3.98,4.08,108200
CY,20110331,19.65,19.79,19.33,19.38,3519700
CYAN,20110331,3.42,3.44,3.36,3.42,4700
CYBE,20110331,8.3,8.81,8.21,8.67,7200
CYBX,20110331,32.08,32.08,31.64,31.81,106100
CYCC,20110331,9.73,10.22,9.73,10.01,404500
CYCCP,20110331,4.3,4.3,4.3,4.3,400
CYMI,20110331,56.86,57.6,56.16,56.58,375200
CYNO,20110331,13.56,13.93,13.56,13.89,23400
CYOU,20110331,32.16,32.41,31.26,32.13,104600
CYTK,20110331,1.51,1.53,1.45,1.49,315400
CYTR,20110331,6.09,6.23,5.88,6.16,279600
CYTX,20110331,7.79,7.94,7.64,7.82,306600
CYTXW,20110331,5.4,5.57,5.4,5.57,1000
CZFC,20110331,8.27,8.27,8.27,8.27,0
CZNC,20110331,16.6,16.89,16.6,16.81,19000
CZWI,20110331,5,5,4.82,4.99,1900
DAIO,20110331,5.92,6.04,5.86,6.04,3700
DAKT,20110331,10.89,10.9,10.71,10.75,185300
DARA,20110331,3.07,3.14,3.07,3.08,8400
DAVE,20110331,9.78,9.8,9.72,9.75,4200
DBLE,20110331,9.02,9.25,9,9.1,89300
DBLEP,20110331,26,26.15,26,26.09,2400
DCIX,20110331,12.1,12.15,12.09,12.13,38900
DCOM,20110331,14.14,14.84,14.08,14.76,177800
DCTH,20110331,7.47,7.53,7.25,7.36,568400
DECK,20110331,87,87.6,85.38,86.15,640800
DELL,20110331,14.6,14.65,14.44,14.51,17476100
DENN,20110331,4.19,4.19,4.06,4.06,719100
DEPO,20110331,10.04,10.08,9.74,10.04,820800
DEST,20110331,23.12,23.32,22.88,23.07,54700
DFZ,20110331,12.75,13.33,12.65,13.09,80100
DGAS,20110331,15.9,15.95,15.64,15.825,2300
DGICA,20110331,13.14,13.4,13.01,13.37,12900
DGICB,20110331,16.9,16.9,16.5,16.75,2200
DGII,20110331,10.5,10.65,10.4,10.56,55200
DGIT,20110331,31.12,32.22,31.1,32.19,210600
DGLY,20110331,1.22,1.37,1.2,1.3,263800
DHIL,20110331,79.79,80,78.78,80,7000
DHRM,20110331,5.09,5.69,5.04,5.23,10100
DIOD,20110331,33.28,34.5,33.1,34.06,465800
DISCA,20110331,39.87,40.16,39.8,39.9,1679700
DISCB,20110331,39.37,39.37,39.37,39.37,0
DISCK,20110331,35.31,35.39,35.07,35.21,463900
DISH,20110331,24.38,24.52,24.25,24.36,3171200
DJCO,20110331,72.22,73.9,72.22,73.9,2100
DLGC,20110331,22.4,23.45,22.4,23.45,7400
DLIA,20110331,1.77,1.82,1.74,1.8,201000
DLLR,20110331,21.09,21.11,20.61,20.75,96900
DLTR,20110331,28.075,28.12,27.455,27.76,1268700
DMLP,20110331,28.86,29.24,28.6,29.24,29500
DMND,20110331,55.56,55.94,55.46,55.8,81900
DMRC,20110331,29,29.42,28.71,28.9,41600
DNBF,20110331,9.71,9.75,9.7,9.7,700
DNDN,20110331,37,37.58,35.92,37.43,11027900
DORM,20110331,20.52,21.095,20.375,21.045,58100
DOVR,20110331,4.25,4.27,4.25,4.26,3200
DRAD,20110331,2.46,2.51,2.42,2.5,38600
DRAM,20110331,13.44,13.8,13.32,13.8,14900
DRCO,20110331,15.86,16.53,15.73,16.35,23000
DRIV,20110331,37.3,37.77,37.12,37.43,504500
DRRX,20110331,3.63,3.65,3.57,3.6,240000
DRWI,20110331,8.16,8.4,8.08,8.33,476000
DRYS,20110331,5.08,5.12,4.88,4.95,23487100
DSCI,20110331,10.1,10.2,9.45,9.7,36200
DSCO,20110331,1.94,1.94,1.83,1.85,169000
DSGX,20110331,6.65,6.69,6.54,6.66,4500
DSPG,20110331,7.7,7.74,7.66,7.7,38800
DSWL,20110331,2.99,3.01,2.98,3,17900
DTLK,20110331,6.25,6.42,6.25,6.4,164400
DTSI,20110331,46.01,46.73,45.74,46.63,87300
DTV,20110331,46.49,47.01,46.31,46.8,5826900
DVAX,20110331,2.75,2.81,2.75,2.76,717500
DVOX,20110331,5.52,5.53,5.46,5.52,16600
DWA,20110331,27.69,28.36,27.69,27.93,900300
DWCH,20110331,5.4,5.4,5.21,5.25,18200
DWSN,20110331,44.16,44.31,43.71,43.88,69000
DXCM,20110331,15.84,15.89,15.51,15.52,256100
DXPE,20110331,22.4,23.12,22.35,23.08,49700
DXYN,20110331,4.53,4.66,4.51,4.66,6300
DYAX,20110331,1.58,1.64,1.54,1.61,1060100
DYNT,20110331,5.2,5.9,5.2,5.85,167900
DYSL,20110331,4.48,4.48,3.85,4.25,111900
EBAY,20110331,31.6,31.7,31.01,31.04,10721200
EBIX,20110331,23,23.94,22.88,23.65,2159400
EBMT,20110331,11.65,11.65,11.65,11.65,900
EBSB,20110331,14.03,14.05,13.99,14.05,8800
EBTC,20110331,14.95,14.99,14.79,14.9,4400
ECHO,20110331,12.74,13.19,12.59,13.13,192200
ECOL,20110331,17.38,17.45,17.2,17.43,48100
ECPG,20110331,23.73,23.82,23.51,23.67,162800
ECTY,20110331,3.04,3.48,3.03,3.16,186400
ECYT,20110331,8.39,9.33,8.03,8.57,1222700
EDAC,20110331,3.4,3.4,3.33,3.36,4500
EDAP,20110331,3.55,3.65,3.48,3.49,77900
EDGW,20110331,3.35,3.35,3.14,3.16,74000
EDMC,20110331,20.38,21.41,20.35,20.94,167900
EDS,20110331,7.4,7.45,7.36,7.41,12700
EDUC,20110331,5.98,6,5.98,6,8000
EEFT,20110331,19.2,19.38,19.14,19.33,112400
EEI,20110331,18.88,19.2,18.55,19.2,7800
EFII,20110331,14.72,14.75,14.6,14.71,118900
EFSC,20110331,14,14.1,13.94,14.07,50500
EFUT,20110331,5.51,5.63,5.51,5.6,2800
EGBN,20110331,14.07,14.11,13.93,14.05,17100
EGHT,20110331,2.83,2.83,2.76,2.81,196300
EGLE,20110331,15.28,15.32,14.8,14.88,1099100
EGOV,20110331,12.38,12.47,12.35,12.46,275200
EHTH,20110331,13.12,13.52,13.12,13.29,127700
EIHI,20110331,12.87,12.94,12.87,12.94,7400
ELGX,20110331,6.8,6.84,6.75,6.78,90400
ELNK,20110331,7.8,7.88,7.79,7.83,2280600
ELON,20110331,10.18,10.28,10.1,10.13,583900
ELOS,20110331,13.1,13.12,12.86,13.04,92300
ELRC,20110331,17.1,17.32,16.99,17.18,31400
ELSE,20110331,4.31,4.45,4.13,4.45,1800
ELTK,20110331,1.14,1.2,1.14,1.15,1700
EMCF,20110331,17.69,17.69,17.25,17.25,1100
EMCI,20110331,24.64,24.95,24.64,24.83,11400
EMFN,20110331,29.25,29.25,28.89,29.25,500
EMIF,20110331,35.87,36.11,35.87,35.98,18000
EMITF,20110331,11.8,11.8,11.79,11.79,400
EMKR,20110331,10.44,10.92,10.2,10.28,2995900
EMMS,20110331,1.04,1.04,0.97,1.01,105800
EMMSP,20110331,16,16.5,16,16.5,400
EMMT,20110331,28.04,28.1,28.01,28.1,600
ENDP,20110331,37.94,38.36,37.82,38.16,1862500
ENG,20110331,4.69,4.71,4.53,4.53,30900
ENMD,20110331,5.19,5.19,5.06,5.14,16300
ENOC,20110331,19.61,19.83,18.32,19.11,961100
ENSG,20110331,32.43,32.49,31.66,31.93,111400
ENTG,20110331,8.79,8.86,8.69,8.78,1592800
ENTR,20110331,8.31,8.45,8.25,8.45,1559700
ENZN,20110331,10.5,10.92,10.5,10.9,635700
EONC,20110331,1.59,1.59,1.5,1.54,8300
EPAX,20110331,10.66,11.11,10.6,10.95,96600
EPAY,20110331,25.1,25.24,24.5,25.11,198500
EPIQ,20110331,14.06,14.39,14.01,14.36,89100
EQIX,20110331,90.75,91.14,89.6,91.1,745500
ERIC,20110331,12.94,13.03,12.86,12.86,9100200
ERIE,20110331,70.72,71.19,70.62,71.11,73500
ERII,20110331,3.39,3.4,3.14,3.18,430400
EROC,20110331,10.29,10.29,10.16,10.25,155100
ESBF,20110331,12.0083,12.4833,11.7417,12.3083,11900
ESBK,20110331,17.25,17.25,17.25,17.25,0
ESCA,20110331,5.65,5.65,5.5,5.55,12500
ESEA,20110331,4.69,4.93,4.69,4.83,128500
ESGR,20110331,100.69,100.69,98.97,99.88,20700
ESIO,20110331,17,17.46,17,17.36,52900
ESLT,20110331,55.69,55.88,55.17,55.17,19000
ESMC,20110331,1.22,1.22,1.22,1.22,0
ESRX,20110331,55.2,55.81,55,55.61,3086400
ESSA,20110331,13.19,13.24,13.03,13.2,25700
ESSX,20110331,6.78,7.15,6.77,7.05,15200
ESYS,20110331,4.97,4.97,4.75,4.91,2300
ETFC,20110331,15.45,15.64,15.37,15.63,2403600
ETRM,20110331,2.74,2.78,2.71,2.76,29600
EUFN,20110331,23.11,23.2,23.08,23.19,2000
EVBS,20110331,3.6,3.62,3.6,3.6,4700
EVEP,20110331,54,55.58,52.59,53.84,952500
EVOL,20110331,7.11,7.25,7.07,7.24,7200
EWBC,20110331,22.19,22.21,21.85,21.96,1229600
EXAC,20110331,17.7,17.8,17.51,17.55,18900
EXAR,20110331,6.06,6.07,5.98,6.01,130700
EXAS,20110331,7.24,7.37,6.96,7.34,1099900
EXEL,20110331,11.3,11.36,11.08,11.33,3267200
EXFO,20110331,10.95,11.08,10.86,10.93,230700
EXLP,20110331,28.2,28.44,27.78,28.07,99900
EXLS,20110331,20.39,21.42,20.15,21.15,63400
EXPD,20110331,49.6,50.28,49.56,50.15,1280600
EXPE,20110331,22.68,22.83,22.43,22.66,5260500
EXPO,20110331,44.74,44.8,44.23,44.61,49800
EXTR,20110331,3.45,3.5,3.42,3.5,330900
EXXI,20110331,33.87,34.34,33.29,34.1,1026600
EZCH,20110331,29.49,29.78,29.43,29.65,93600
EZPW,20110331,31.42,31.6,31.22,31.39,252100
FABK,20110331,13.82,13.82,13.82,13.82,3000
FALC,20110331,4.57,4.66,4.54,4.55,138400
FARM,20110331,11.95,12.3,11.85,12.12,14100
FARO,20110331,40.01,40.68,39.7,40,207200
FAST,20110331,32.145,32.44,32.08,32.415,615300
FBIZ,20110331,11.8,11.8,11.51,11.7,22300
FBMI,20110331,6.44,6.44,6.25,6.3,5500
FBMS,20110331,8.17,8.7,8.16,8.6,6100
FBNC,20110331,13.18,13.31,13.11,13.26,18300
FBSS,20110331,13.84,13.84,13.84,13.84,100
FCAL,20110331,3.74,3.77,3.74,3.75,30300
FCAP,20110331,16.47,16.47,16.27,16.27,300
FCBC,20110331,14.58,14.58,14.13,14.18,44400
FCCO,20110331,6.7,6.73,6.65,6.73,1300
FCCY,20110331,8.5,8.5,8.5,8.5,0
FCEL,20110331,2.21,2.23,2.12,2.14,3053300
FCFC,20110331,6.56,6.78,6.25,6.45,16300
FCFS,20110331,38.36,39.22,38.27,38.6,218000
FCHI,20110331,53.05,53.26,52.9,53.03,24200
FCLF,20110331,7.06,7.06,7.06,7.06,0
FCNCA,20110331,199.74,201.47,199.67,200.58,9000
FCTY,20110331,4,4.1,3.99,4.1,3200
FCVA,20110331,3.83,3.83,3.83,3.83,0
FCZA,20110331,4.11,4.2,4.1,4.18,5100
FDEF,20110331,14.1,14.39,14.1,14.34,4900
FDML,20110331,25.03,25.21,24.8,24.9,210600
FEFN,20110331,24.99,24.99,24.99,24.99,100
FEIC,20110331,34,34.1,33.54,33.72,173200
FEIM,20110331,9.78,10.38,9.77,10.26,55000
FELE,20110331,22.915,23.265,22.77,23.1,81400
FFBC,20110331,16.36,16.73,16.32,16.69,242300
FFBCW,20110331,5.75,5.75,5.75,5.75,0
FFBH,20110331,2.93,2.98,2.72,2.72,31500
FFCH,20110331,11.22,11.33,11.15,11.31,31400
FFCO,20110331,13.8,13.8,13.8,13.8,0
FFEX,20110331,3.39,3.63,3.39,3.43,46400
FFHL,20110331,4.08,4.29,3.94,4.08,28700
FFIC,20110331,14.87,15.06,14.87,14.9,46100
FFIN,20110331,33.9667,34.3333,33.8133,34.2467,43000
FFIV,20110331,100.88,103,100.02,102.57,5069500
FFKT,20110331,7.45,7.58,7.31,7.51,2500
FFKY,20110331,3.67,3.68,3.61,3.61,9900
FFNM,20110331,3.64,3.65,3.41,3.59,400
FFNW,20110331,5.54,5.88,5.54,5.68,21200
FHCO,20110331,5.07,5.08,4.97,4.99,55100
FIBK,20110331,13.6,13.68,13.5,13.6,44000
FINL,20110331,19.71,19.91,19.46,19.85,721300
FIRE,20110331,27.57,27.57,27.1,27.51,212100
FISI,20110331,17.84,18.01,17.46,17.52,207000
FISV,20110331,62.65,63,62.51,62.72,723700
FITB,20110331,13.86,14.01,13.75,13.89,8615200
FITBP,20110331,148,148,148,148,100
FIZZ,20110331,13.68,13.84,13.65,13.73,28700
FLDM,20110331,14.25,14.88,14.23,14.31,651700
FLEX,20110331,7.55,7.59,7.44,7.47,4507100
FLIC,20110331,27.7,27.75,26.76,27.75,28600
FLIR,20110331,34.43,34.64,34.27,34.61,822100
FLML,20110331,6.22,6.35,6.01,6.01,83900
FLOW,20110331,4.34,4.4,4.27,4.39,169200
FLWS,20110331,3.3,3.34,3.3,3.3,272500
FLXS,20110331,15.14,15.49,14.61,15.06,9000
FMBI,20110331,11.58,11.83,11.58,11.79,251000
FMCN,20110331,30.49,30.73,30.21,30.67,1121800
FMER,20110331,17.15,17.28,17.06,17.07,927400
FMFC,20110331,4.15,4.15,4.07,4.08,4800
FNBN,20110331,0.31,0.35,0.31,0.31,3400
FNFG,20110331,13.69,13.73,13.54,13.58,4596400
FNGN,20110331,27.52,27.94,27.18,27.56,175000
FNLC,20110331,15.3,15.31,15.15,15.25,22700
FNSR,20110331,22.9,24.74,22.85,24.6,7131400
FOLD,20110331,6.99,7.17,6.78,7.09,96800
FONE,20110331,28.4,28.45,28.35,28.39,10400
FONR,20110331,1.77,1.95,1.66,1.68,22200
FORD,20110331,3.88,3.91,3.81,3.91,8400
FORM,20110331,10.34,10.4,10.21,10.29,379500
FORR,20110331,38.7,38.7,37.17,38.29,60300
FORTY,20110331,19.05,19.15,19,19.09,3600
FOSL,20110331,90.9,93.65,90.4,93.65,1065900
FRBK,20110331,2.65,2.79,2.55,2.79,52400
FRED,20110331,13.34,13.39,13.13,13.32,216100
FREE,20110331,27.6,27.8,27.2,27.8,1800
FRME,20110331,8.28,8.3,8.15,8.26,72800
FRP,20110331,16.87,17.45,16.5,16.87,404200
FSBK,20110331,4.97,5.06,4.96,4.99,19500
FSCI,20110331,31.16,31.24,31,31.08,15300
FSFG,20110331,15.25,15.25,15.25,15.25,0
FSGI,20110331,0.88,0.94,0.85,0.89,13800
FSLR,20110331,155.89,161.01,155.43,160.84,1729100
FSRV,20110331,37.34,38.31,37.2,38.03,20700
FSTR,20110331,43.17,43.43,43.1,43.11,24500
FSYS,20110331,28.45,30.59,28.3,30.18,1315600
FTEK,20110331,8.84,8.94,8.83,8.9,154700
FTNT,20110331,21.455,22.175,21.45,22.075,974500
FUBC,20110331,7.04,7.1,6.97,7.02,336900
FULL,20110331,8,8,7.99,8,1600
FULT,20110331,11.01,11.15,10.99,11.11,603700
FUNC,20110331,3.1,3.15,3.01,3.09,5500
FUND,20110331,8.31,8.36,8.24,8.36,92500
FURX,20110331,16.72,16.93,16.24,16.88,48200
FWLT,20110331,37.24,37.79,37.23,37.62,1077400
FWRD,20110331,29.29,30.76,29.27,30.63,254700
FXCB,20110331,14.01,14.03,13.8,13.92,41200
FXEN,20110331,8.25,8.5,8.04,8.36,916300
GABC,20110331,17,17.25,16.84,17.19,28200
GAGA,20110331,9,9.14,8.91,9.14,20300
GAI,20110331,7.68,7.69,6.78,6.78,8700
GAIA,20110331,6.6,6.6,6.52,6.6,11400
GAIN,20110331,7.76,7.76,7.71,7.76,55200
GAME,20110331,6.4,6.47,6.33,6.36,308000
GASS,20110331,6.17,6.31,6.17,6.29,25700
GBCI,20110331,15.06,15.2,14.99,15.05,447400
GBDC,20110331,16.08,16.5,15.65,15.78,153200
GBLI,20110331,21.71,22,21.69,21.98,21100
GBNK,20110331,1.27,1.3,1.25,1.29,7000
GCBC,20110331,18,18.2,18,18,800
GCFB,20110331,3.84,3.86,3.75,3.8,8800
GCOM,20110331,12.09,12.34,11.98,12.33,52800
GENC,20110331,7.82,7.82,7.82,7.82,300
GENE,20110331,2.7,2.87,2.6,2.6,78000
GENT,20110331,10.2,10.41,9.25,9.55,585700
GERN,20110331,5.01,5.08,4.98,5.05,2051100
GEVO,20110331,20.16,20.39,19.23,19.7,593800
GFED,20110331,6.01,6.01,6.01,6.01,0
GFN,20110331,3.38,3.38,3.38,3.38,500
GFNCL,20110331,3.51,3.51,3.51,3.51,0
GGAL,20110331,12.82,12.82,12.29,12.43,498500
GHDX,20110331,24.47,24.68,24.38,24.6,118300
GIFI,20110331,32.61,32.65,32.01,32.17,73400
GIGA,20110331,2.75,2.85,2.65,2.85,15600
GIGM,20110331,1.41,1.42,1.31,1.34,733600
GIII,20110331,35.96,37.59,35.85,37.57,158300
GILD,20110331,21.205,21.44,21.105,21.235,11141200
GILT,20110331,5.3,5.33,5.27,5.3,10600
GIVN,20110331,19.33,19.85,19.29,19.71,58300
GKNT,20110331,23.87,27.45,23.87,26.6,114700
GLAD,20110331,11.4,11.44,11.25,11.31,198500
GLBS,20110331,8.95,9,8.5,8.99,14700
GLBZ,20110331,7.45,7.65,7.45,7.65,5300
GLCH,20110331,1.74,1.77,1.74,1.74,358000
GLDC,20110331,3.15,3.2,3.15,3.2,8900
GLDD,20110331,7.65,7.73,7.59,7.63,325400
GLNG,20110331,24.93,25.96,24.75,25.58,1198500
GLPW,20110331,27.61,27.85,26.86,27.5,49900
GLRE,20110331,28.07,28.29,27.98,28.21,101800
GLUU,20110331,4.25,4.36,4.15,4.32,1365300
GMAN,20110331,17.51,17.9,16.84,17.73,64600
GMCR,20110331,63.73,65,63.44,64.61,2330900
GMETP,20110331,14,14,14,14,0
GNCMA,20110331,10.87,11,10.87,10.94,108200
GNMK,20110331,3.93,4.1,3.93,3.99,21400
GNTX,20110331,29.8,30.28,29.77,30.25,692200
GNVC,20110331,0.39,0.4,0.39,0.4,495200
GOLD,20110331,77.08,81.95,77,81.54,1849900
GOOD,20110331,18.26,18.3,18,18.24,50200
GOODO,20110331,24.59,24.59,24.52,24.57,500
GOODP,20110331,24.86,27.54,24.86,25.44,10200
GOOG,20110331,583.69,588.16,581.74,586.76,2031300
GPIC,20110331,6.89,6.9,6.89,6.9,600
GPOR,20110331,35.62,36.38,35.4,36.13,979800
GPRC,20110331,5,5.02,4.76,4.86,51400
GPRE,20110331,11.95,12.15,11.86,12.02,153700
GRID,20110331,35.06,35.06,35,35,1900
GRIF,20110331,32.21,32.48,32.05,32.18,4700
GRMN,20110331,33.99,34.25,33.85,33.86,1048200
GROW,20110331,8.05,8.23,8.04,8.11,42200
GRVY,20110331,1.91,1.92,1.9,1.92,20800
GSBC,20110331,20.95,21.5,20.95,21.45,26900
GSIG,20110331,10.59,10.6,9.76,10.3,445000
GSIT,20110331,9.22,9.22,9,9.09,73600
GSM,20110331,22.24,23.02,22.24,22.76,572700
GSOL,20110331,11.2,11.73,11.14,11.63,135200
GTIM,20110331,2.32,2.39,2.05,2.25,4300
GTIV,20110331,27.93,28.24,27.31,28.03,280400
GTLS,20110331,54.95,55.39,54.72,55.04,409900
GTXI,20110331,2.53,2.73,2.45,2.57,127400
GUID,20110331,8.37,8.46,8.3,8.38,26600
GULF,20110331,16.55,16.77,16.51,16.68,64300
GYRO,20110331,73.5,75,73.5,75,200
HA,20110331,5.98,6.11,5.95,6.01,1198500
HAFC,20110331,1.26,1.27,1.22,1.24,589500
HAIN,20110331,32.31,32.69,32,32.28,361000
HALL,20110331,8.2,8.42,8.16,8.38,49500
HALO,20110331,6.67,6.83,6.59,6.7,433200
HAS,20110331,47.21,47.42,46.82,46.84,1067500
HAST,20110331,4.87,4.98,4.67,4.76,39400
HAUP,20110331,1.96,2.03,1.93,1.98,62100
HAYN,20110331,53.92,56.8,53.65,55.45,160400
HBAN,20110331,6.74,6.76,6.63,6.64,9344300
HBANP,20110331,1155,1155,1155,1155,0
HBCP,20110331,14.83,15.41,14.83,15.32,15700
HBHC,20110331,32.9,33.1,32.61,32.84,440600
HBIO,20110331,5.77,5.97,5.51,5.68,162300
HBNC,20110331,12.2355,12.3733,12.0045,12.1333,1700
HBNK,20110331,12.9,13.32,12.9,13.32,2800
HBOS,20110331,12.75,12.75,12.62,12.73,3500
HCBK,20110331,9.69,9.8,9.61,9.68,6155900
HCCI,20110331,14,14.25,13.85,14.25,5900
HCIIP,20110331,10,10,10,10,2000
HCKT,20110331,3.89,3.9,3.81,3.84,79700
HCSG,20110331,17.47,17.58,17.38,17.57,267600
HDNG,20110331,13.48,13.73,13.48,13.7,35600
HDSN,20110331,1.9,1.95,1.9,1.95,26600
HEES,20110331,19.69,19.69,19.25,19.53,94600
HELE,20110331,28.78,29.45,28.68,29.4,155200
HEOP,20110331,3.49,3.51,3.46,3.49,1000
HERO,20110331,6.38,6.72,6.31,6.61,9638200
HFBC,20110331,9.19,9.2,9.19,9.2,2800
HFBL,20110331,13.09,13.1,13.09,13.1,1400
HFFC,20110331,11.15,11.16,11.15,11.16,1000
HFWA,20110331,14.47,14.47,14.06,14.17,44100
HGSH,20110331,2.6,2.6,2.51,2.56,4100
HIBB,20110331,35.6,36.15,35.45,35.81,498700
HIFS,20110331,50.28,51.51,50.28,51.51,500
HIHO,20110331,3.2,3.27,3.2,3.25,10600
HILL,20110331,2.85,2.86,2.74,2.83,162100
HIMX,20110331,2.36,2.37,2.35,2.37,113300
HITK,20110331,20.32,20.78,20.09,20.13,121600
HITT,20110331,64.25,64.45,63.39,63.77,174400
HLIT,20110331,9.19,9.4,9.19,9.38,520800
HMIN,20110331,38.01,39.68,38.01,39.57,689800
HMNF,20110331,2.8,2.8,2.75,2.75,8200
HMPR,20110331,21.5,22.25,20.25,21,227300
HMSY,20110331,27.4633,27.6233,27.1833,27.2833,201000
HNH,20110331,12.28,12.3,11.01,12.02,59600
HNRG,20110331,11.45,11.6,11.32,11.6,12200
HNSN,20110331,2.08,2.22,2.06,2.21,1127500
HOFT,20110331,11.82,12,11.79,11.96,42700
HOGS,20110331,15.34,15.43,15.15,15.15,299300
HOLI,20110331,13.22,13.3,13.01,13.3,90900
HOLL,20110331,1.77,1.78,1.77,1.78,1600
HOLX,20110331,22.31,22.4,22.11,22.2,1505500
HOMB,20110331,22.45,22.76,22.45,22.75,43900
HOME,20110331,11.51,11.79,11.5,11.78,30100
HOTT,20110331,5.73,5.75,5.66,5.69,454200
HOVNP,20110331,6.71,6.83,6.71,6.83,11200
HPCCP,20110331,25.3,25.67,25.16,25.67,10700
HPJ,20110331,3.15,3.15,3,3.05,85300
HPOL,20110331,0.97,1,0.97,0.99,3400
HRZN,20110331,16.05,16.1,15.76,16.07,25100
HSIC,20110331,69.41,70.24,69.23,70.17,366800
HSII,20110331,27.41,27.95,27.25,27.83,43300
HSKA,20110331,6.6,6.6,6.22,6.54,3600
HSNI,20110331,32.19,32.37,31.54,32.03,184700
HSOL,20110331,7.66,7.69,7.44,7.58,534200
HSTM,20110331,7.78,7.79,7.65,7.73,63300
HTBK,20110331,4.65,4.65,4.65,4.65,1400
HTCH,20110331,2.8,2.84,2.78,2.83,88700
HTCO,20110331,9,9.12,9,9.05,10900
HTHT,20110331,17.11,17.65,17.05,17.44,166000
HTLD,20110331,17.23,17.56,17.23,17.54,486500
HTLF,20110331,16.47,17,16.47,17,16800
HTWR,20110331,88.18,89,84.09,85.52,155000
HUBG,20110331,35.34,36.32,35.33,36.19,119700
HURC,20110331,30.28,30.5,29.98,30.5,29600
HURN,20110331,27.67,27.8,26.55,27.69,71400
HWAY,20110331,15.23,15.45,15.11,15.37,162600
HWBK,20110331,9.03,9.03,9.03,9.03,1000
HWCC,20110331,14.68,14.86,14.56,14.62,64400
HWKN,20110331,41.44,41.56,40.77,41.08,45400
HYGS,20110331,5.76,8.25,5.55,6.99,510900
IACI,20110331,31.09,31.09,30.89,30.91,351200
IART,20110331,47.18,47.55,47.13,47.42,90300
IBB,20110331,99.81,100.22,99.53,100.16,213900
IBCA,20110331,2.55,2.55,2.52,2.55,15200
IBCP,20110331,3.2,3.28,3.2,3.2,81200
IBCPO,20110331,12.77,15,12.7,14.75,1000
IBKC,20110331,59.73,60.27,58.93,60.13,112500
IBKR,20110331,15.77,16,15.72,15.89,389100
IBOC,20110331,18.15,18.4,18.01,18.34,145200
ICAD,20110331,1.2,1.35,1.2,1.35,294000
ICCC,20110331,3.43,3.43,3.43,3.43,8000
ICFI,20110331,20.27,20.82,20.27,20.54,130000
ICGE,20110331,14.2,14.27,13.98,14.2,93400
ICLN,20110331,18.87,18.88,18.75,18.85,73000
ICLR,20110331,22,22.37,21.59,21.59,784500
ICON,20110331,20.86,21.5,20.54,21.48,787700
ICUI,20110331,43.17,43.84,43.17,43.78,58100
IDCC,20110331,47.42,48.13,46.68,47.71,1137000
IDIX,20110331,3.26,3.35,3.22,3.32,140200
IDRA,20110331,2.69,2.72,2.6,2.64,36200
IDSA,20110331,11.25,11.38,11.03,11.33,43800
IDSY,20110331,4.54,4.6,4.51,4.6,6700
IDTI,20110331,7.51,7.56,7.35,7.38,1984400
IDXX,20110331,76.75,77.48,76.53,77.22,277900
IESC,20110331,3.45,3.5,3.41,3.41,12800
IFAS,20110331,30.76,30.79,30.66,30.66,1700
IFEU,20110331,32.76,32.77,32.69,32.69,80300
IFGL,20110331,31.29,31.4,31.25,31.36,341200
IFNA,20110331,42.77,42.77,41.99,42.77,3300
IFON,20110331,0.9,0.92,0.9,0.92,14300
IFSM,20110331,39.87,39.87,39.58,39.58,9900
IGLD,20110331,30,30.25,29.93,30.25,3400
IGOI,20110331,34.56,35.4,33.36,33.84,148500
IGOV,20110331,104.5,104.7,104.35,104.5,20600
IGTE,20110331,18.95,19,18.49,18.77,356000
III,20110331,2.16,2.2,2.09,2.19,164600
IIIN,20110331,14.35,14.39,14.08,14.14,57700
IIJI,20110331,7.45,7.47,7.37,7.38,10700
IILG,20110331,16.27,16.38,16.19,16.35,82500
IIN,20110331,3.9,4,3.9,4,2000
IIVI,20110331,24.805,25.025,24.72,24.875,124100
IKAN,20110331,1.18,1.19,1.14,1.14,111600
IKNX,20110331,8.51,8.51,8.5,8.51,700
ILMN,20110331,69.94,70.24,69.35,70.07,1572700
IMGN,20110331,8.94,9.12,8.79,9.07,339400
IMKTA,20110331,19.86,19.86,19.6,19.81,18400
IMMR,20110331,7.67,7.81,7.62,7.62,149500
IMMU,20110331,3.69,3.85,3.66,3.82,555300
IMOS,20110331,8.77,8.82,8.71,8.8,25900
IMRS,20110331,7.33,7.4,7.25,7.26,40700
INAP,20110331,6.57,6.66,6.5,6.57,623400
INCY,20110331,15.29,15.85,15.17,15.85,2041400
INDB,20110331,26.37,27.12,26.25,27.01,80800
INDY,20110331,29.95,30.04,29.83,29.99,472200
INFA,20110331,51.43,52.37,51.15,52.19,961000
INFI,20110331,5.79,5.88,5.64,5.88,16000
INFN,20110331,8.33,8.47,8.27,8.39,816500
ININ,20110331,38.44,39,38.33,38.71,87700
INOC,20110331,1.43,1.43,1.43,1.43,0
INOD,20110331,2.44,2.46,2.3,2.4,118200
INPH,20110331,6.78,6.78,6.32,6.56,176700
INSM,20110331,6.89,6.89,6.6,6.75,53200
INTC,20110331,20.34,20.37,19.94,20.18,87544100
INTG,20110331,21.5,21.51,21,21.24,2100
INTL,20110331,25.46,25.67,25.05,25.42,50100
INTT,20110331,3.7,3.71,3.63,3.68,24800
INTU,20110331,52.06,53.13,52.05,53.11,3419600
INTX,20110331,12.35,12.4,12.22,12.4,33600
INVE,20110331,2.56,2.65,2.56,2.61,20500
INWK,20110331,7.41,7.46,7.3,7.38,140500
IOSP,20110331,31.6,32.17,31.27,31.94,88300
IPAR,20110331,18.32,18.57,18.28,18.51,41800
IPAS,20110331,1.57,1.58,1.54,1.56,116500
IPCC,20110331,58.79,59.99,58.79,59.49,49400
IPCI,20110331,3.5,3.5,2.88,3.01,281200
IPCM,20110331,45,45.43,44.37,45.41,57900
IPGP,20110331,57.5,58.1,57,57.68,170400
IPHS,20110331,45.19,46.54,45.19,46.11,120800
IPXL,20110331,25.5,25.69,25.26,25.45,720000
IRBT,20110331,32.8,33,32.47,32.89,268100
IRDM,20110331,8.18,8.2,7.88,7.98,1708600
IRDMZ,20110331,1.52,1.62,1.4,1.4,9700
IRIX,20110331,4.5,4.55,4.45,4.55,23600
IRWD,20110331,14.01,14.07,13.7,13.98,219200
ISBC,20110331,14.53,14.92,14.53,14.91,195300
ISCA,20110331,29.97,30.03,29.59,29.8,101900
ISHG,20110331,107.21,107.35,107.04,107.24,2000
ISIG,20110331,6.99,7.2,6.98,7.11,156500
ISIL,20110331,12.34,12.5,12.29,12.45,1383000
ISIS,20110331,8.91,9.07,8.69,9.04,954400
ISLE,20110331,9.33,9.5,9.33,9.5,49000
ISNS,20110331,13.55,13.73,13.55,13.73,1700
ISRG,20110331,338.27,339.56,333.46,333.46,258200
ISRL,20110331,64.99,65,64.99,65,400
ISSC,20110331,5.83,5.87,5.81,5.85,3700
ISSI,20110331,9.39,9.46,9.25,9.27,266100
ITIC,20110331,31.25,31.8,30.5,31.8,1600
ITMN,20110331,47,47.44,46.43,47.19,1128800
ITRI,20110331,55.68,56.44,55.44,56.44,495200
ITRN,20110331,15.1,15.2,14.95,15,13900
IVAC,20110331,12.1,12.45,12.1,12.41,36400
IVAN,20110331,2.81,2.92,2.79,2.82,1267700
IXYS,20110331,13.13,13.48,13.09,13.43,135400
JACK,20110331,22.74,22.81,22.47,22.68,370000
JADE,20110331,3.99,4.04,3.85,3.94,314500
JAKK,20110331,19.13,19.36,19.06,19.35,124200
JASO,20110331,35.6,35.75,34.15,35.05,8594400
JAXB,20110331,6.83,6.99,6.83,6.99,2400
JAZZ,20110331,33.12,33.72,31.77,31.85,787900
JBHT,20110331,44.14,45.74,44.13,45.42,1002400
JBLU,20110331,6.27,6.35,6.2,6.27,3973500
JBSS,20110331,11.51,11.72,11.5,11.7,7500
JCOM,20110331,29.52,29.59,29.36,29.51,236500
JCS,20110331,15.49,15.64,15.19,15.39,14000
JCTCF,20110331,10.38,10.38,10.38,10.38,0
JDSU,20110331,19.81,21.19,19.79,20.84,19762400
JFBI,20110331,3.45,3.55,3.45,3.45,3800
JJSF,20110331,46.8,47.2,46.46,47.07,33300
JKHY,20110331,33.47,33.94,33.44,33.89,389100
JMBA,20110331,2.19,2.25,2.14,2.2,500800
JOBS,20110331,63.24,64.45,62.57,63.93,57700
JOEZ,20110331,0.95,1.06,0.93,1.05,961900
JOSB,20110331,50,51.33,49.08,50.88,607900
JOUT,20110331,14.82,15.42,14.82,15.19,15400
JRCC,20110331,24.09,24.31,23.73,24.17,2415300
JRJC,20110331,4.37,4.55,4.32,4.55,150000
JST,20110331,11.65,11.81,11.65,11.68,57600
JVA,20110331,5.98,6.16,5.81,5.84,130000
JXSB,20110331,12.7,12.7,12.7,12.7,100
KALU,20110331,49.1,49.34,48.88,49.25,177200
KBALB,20110331,7.31,7.32,6.9,7,99700
KCAP,20110331,8.17,8.33,8.06,8.26,195500
KCLI,20110331,32.45,32.7,31.88,31.98,23800
KELYA,20110331,21.15,21.72,21.11,21.71,84200
KELYB,20110331,21.3,21.3,21.3,21.3,0
KEQU,20110331,11.5,11.5,11.5,11.5,1000
KERX,20110331,5.11,5.11,4.96,5,1732100
KEYN,20110331,18.33,18.63,18.33,18.55,84000
KEYW,20110331,12.46,12.58,12.24,12.28,101500
KFFB,20110331,8.6,8.6,8.51,8.51,300
KFRC,20110331,18.03,18.32,17.95,18.3,96100
KGJI,20110331,2.61,2.66,2.41,2.45,335600
KINS,20110331,3.09,3.09,3.09,3.09,0
KIPS,20110331,6.13,6.39,6.12,6.3,4000
KIRK,20110331,15.3,15.48,15.17,15.44,65200
KLAC,20110331,47.75,47.81,46.67,47.32,2154000
KLIC,20110331,9.29,9.4,9.22,9.35,1196200
KNDI,20110331,3.48,3.61,2.86,3.07,1395200
KONA,20110331,5.04,5.25,4.99,5.25,13800
KONE,20110331,2.08,2.09,2.05,2.06,26200
KONG,20110331,10.06,10.1,10.02,10.07,48200
KOOL,20110331,2.13,2.15,2.03,2.09,300700
KOPN,20110331,4.5,4.59,4.46,4.58,217600
KOSS,20110331,7.53,7.53,7.36,7.41,500
KRNY,20110331,9.76,10.05,9.76,10.03,23100
KSWS,20110331,11.04,11.32,11.04,11.27,219500
KTCC,20110331,5.02,5.06,5,5.01,32400
KTEC,20110331,19.69,20.64,19.69,20.21,12600
KTOS,20110331,14.24,14.29,14.08,14.22,68100
KUTV,20110331,3.76,3.97,3.61,3.92,97600
KVHI,20110331,14.99,15.15,14.93,15.12,83800
LABC,20110331,15,15,15,15,3800
LABL,20110331,18.84,20.43,18.84,20.21,27700
LACO,20110331,2.73,2.75,2.55,2.7,191600
LAKE,20110331,8.7,8.92,8.7,8.9,7600
LAMR,20110331,36.53,37.05,36.5,36.94,313000
LANC,20110331,60.29,60.8,59.89,60.6,90200
LARK,20110331,16.63,16.63,16.25,16.25,300
LAWS,20110331,22.75,23.32,22.52,23.04,6500
LAYN,20110331,34.42,34.64,34.37,34.5,87700
LBAI,20110331,10.31,10.38,10.1,10.38,34000
LBIX,20110331,3.22,3.38,3.22,3.32,1500
LBTYA,20110331,41.95,41.99,41,41.41,2319700
LBTYB,20110331,42.65,42.65,42.65,42.65,0
LBTYK,20110331,40,40.08,39.5,39.99,575600
LCAV,20110331,6.79,6.82,6.7,6.75,49100
LCUT,20110331,14.2,15.17,14.2,15,123700
LEAP,20110331,15.3,15.66,14.97,15.47,2296900
LECO,20110331,37.375,38.025,36.925,37.96,210300
LEDR,20110331,2.47,2.5,2.46,2.5,5900
LEDS,20110331,15.3,15.74,14.99,15.61,258000
LFUS,20110331,57.04,57.29,56.87,57.1,76200
LGCY,20110331,31.35,31.6,31.1,31.34,102300
LGND,20110331,9.96,10.02,9.95,10,108300
LHCG,20110331,29.15,30.04,29.06,30,235900
LIFE,20110331,52.11,52.47,51.85,52.42,2250400
LIME,20110331,4.91,4.94,4.85,4.85,53300
LINC,20110331,15.67,15.97,15.67,15.89,84600
LINE,20110331,39.13,39.39,38.82,38.93,951100
LINTA,20110331,16.22,16.25,15.95,16.04,3873700
LINTB,20110331,15.94,15.94,15.94,15.94,0
LION,20110331,7.71,8,7.71,8,5200
LIOX,20110331,3.22,3.44,3.22,3.43,184900
LIVE,20110331,3.74,3.74,3.74,3.74,0
LIWA,20110331,8.8,8.85,8.75,8.78,150300
LKFN,20110331,22.53,22.75,22.4,22.68,34400
LLEN,20110331,7.02,7.05,6.76,6.94,370500
LLNW,20110331,6.88,7.21,6.88,7.16,3343900
LLTC,20110331,33.89,34.06,33.52,33.63,1750500
LMAT,20110331,6.82,6.82,6.73,6.81,3800
LMCA,20110331,74.46,74.52,72.89,73.67,672100
LMIA,20110331,19.73,20.24,19.73,20.21,24100
LMNR,20110331,23.94,23.94,23.51,23.7,6900
LMNX,20110331,18.36,18.84,18.16,18.76,64700
LNBB,20110331,5.53,5.7,5.53,5.69,4000
LNCE,20110331,20.3,20.33,19.71,19.85,188400
LNDC,20110331,6.48,6.5,6.36,6.5,61200
LOAN,20110331,1.54,1.63,1.53,1.6,15000
LOCM,20110331,3.8,3.89,3.71,3.89,382500
LOGI,20110331,18.07,18.2,17.98,18.13,750800
LOGM,20110331,42.68,42.77,41.62,42.16,247200
LOJN,20110331,4.63,4.7,4.54,4.69,100900
LONG,20110331,14.04,14.4,13.92,14.14,7100
LOOK,20110331,1.63,1.64,1.61,1.64,27800
LOPE,20110331,14.16,14.52,14.16,14.5,203500
LORL,20110331,76.86,78.29,76.79,77.55,88400
LPHI,20110331,8.21,8.21,7.91,8.04,194700
LPLA,20110331,36,36.04,35.53,35.81,108200
LPNT,20110331,39.79,40.48,39.65,40.2,363600
LPSB,20110331,9.45,9.45,9.45,9.45,0
LPSN,20110331,12.68,12.91,12.52,12.64,709000
LPTH,20110331,1.97,2.27,1.95,2.1,188800
LQDT,20110331,17.4,17.87,17.4,17.86,132000
LRAD,20110331,2.67,2.82,2.63,2.79,123500
LRCX,20110331,56.84,57.21,56.13,56.66,923100
LSBI,20110331,15.3,15.3,15.3,15.3,0
LSBK,20110331,10.14,10.21,10.13,10.21,1800
LSCC,20110331,6,6.07,5.84,5.9,1541400
LSTR,20110331,44.79,45.84,44.73,45.68,310800
LTBR,20110331,5.49,5.77,5.46,5.77,80700
LTON,20110331,1.37,1.44,1.36,1.37,262700
LTRE,20110331,8.77,8.88,8.77,8.79,7300
LTRX,20110331,3.78,3.8,3.66,3.79,5900
LTXC,20110331,9.14,9.18,9.09,9.13,535800
LUFK,20110331,91.81,94.29,91.6,93.47,435800
LULU,20110331,44.85,44.855,44.08,44.525,2044200
LUNA,20110331,1.79,3.6,1.78,2.47,3025300
LWAY,20110331,9.75,10.48,9.74,10.42,74700
LXRX,20110331,1.76,1.77,1.66,1.68,1564600
LYTS,20110331,7.31,7.32,7.24,7.24,97200
MAGS,20110331,3.07,3.07,3.07,3.07,1500
MAKO,20110331,22.99,24.47,22.66,24.12,2289800
MANH,20110331,32.4,32.74,32.21,32.74,120600
MANT,20110331,42.02,42.47,41.73,42.4,88000
MARPS,20110331,22.38,23,22.15,23,3100
MASC,20110331,7.05,7.22,7.05,7.21,64600
MASI,20110331,33.12,33.49,32.98,33.1,367400
MAT,20110331,24.99,25.08,24.87,24.93,3227800
MATW,20110331,37.98,38.65,37.89,38.55,66400
MAXY,20110331,5.01,5.2,5,5.2,811700
MAYS,20110331,18.51,18.51,18.51,18.51,200
MBFI,20110331,20.51,20.99,20.43,20.96,152500
MBLX,20110331,10.43,10.59,10.27,10.51,212200
MBND,20110331,6.35,6.72,4.29,4.66,1357600
MBRG,20110331,15.37,19,15.29,17.75,442600
MBTF,20110331,1.5,1.52,1.49,1.52,26400
MBVT,20110331,26.41,26.48,26.07,26.48,5900
MBWM,20110331,9.76,9.85,9.69,9.74,61800
MCBC,20110331,2.42,2.57,2.33,2.48,130100
MCBI,20110331,6.32,6.68,6.32,6.65,6400
MCGC,20110331,6.6,6.62,6.5,6.52,288400
MCHP,20110331,38.15,38.35,37.92,38.01,1320600
MCHX,20110331,7.92,7.99,7.84,7.87,116500
MCOX,20110331,30.7,30.75,29.15,29.4,169000
MCRI,20110331,10.32,10.4,10.21,10.4,26900
MCRL,20110331,13.43,13.49,13.23,13.48,229400
MCRS,20110331,48.93,49.54,48.91,49.43,316200
MDAS,20110331,14.85,15.4,14.78,15.24,491600
MDCA,20110331,16.39,16.87,16.33,16.77,53000
MDCI,20110331,8.42,8.43,8.34,8.4,47300
MDCO,20110331,16.58,16.59,16.23,16.29,186100
MDH,20110331,2.56,2.57,2.54,2.54,12700
MDRX,20110331,20.94,21.12,20.85,20.99,3847400
MDSO,20110331,26.33,26.39,25.28,25.57,307200
MDVN,20110331,18.57,18.73,18.3,18.64,212800
MEAD,20110331,3.66,3.66,3.66,3.66,0
MEAS,20110331,33.7,34.23,33,34.02,59600
MELA,20110331,3.66,3.76,3.42,3.52,1073100
MELI,20110331,80.64,82.03,79.41,81.63,797900
MEMS,20110331,3.66,3.69,3.59,3.65,16600
MENT,20110331,14.7,14.91,14.59,14.63,3068000
MEOH,20110331,31.53,31.58,31.09,31.23,225300
MERC,20110331,13.38,13.61,13.38,13.55,218800
MERU,20110331,20.25,20.84,19.98,20.31,95200
METR,20110331,12.21,12.36,12.09,12.35,8300
MFI,20110331,4.46,4.46,4.35,4.43,42300
MFLR,20110331,7.99,8.1,7.99,8.1,2700
MFLX,20110331,28.17,28.77,28.02,28.22,60000
MFNC,20110331,5.83,6.52,5.81,6.02,900
MFRI,20110331,10.58,11.43,10.57,11.16,7100
MFSF,20110331,8.95,9.3,8.84,9.2,7700
MGAM,20110331,5.7,5.79,5.68,5.73,59100
MGEE,20110331,40.49,40.72,40.38,40.49,105000
MGIC,20110331,7.5,7.8,7.06,7.55,1506700
MGLN,20110331,48.31,49.08,48.3,49.08,264200
MGPI,20110331,8.38,8.8,8.18,8.72,70900
MGRC,20110331,26.5,27.33,26.5,27.27,54600
MGYR,20110331,4.3,4.3,4.3,4.3,400
MHGC,20110331,9.17,9.89,9.16,9.8,229700
MHLD,20110331,7.4,7.51,7.4,7.49,114200
MIDD,20110331,91.97,93.22,91.9,93.12,183300
MIND,20110331,13.6,13.99,13.6,13.65,191100
MINI,20110331,23.72,24.28,23.72,24.02,278800
MITL,20110331,4.75,4.78,4.57,4.71,26500
MKSI,20110331,33.32,33.66,32.96,33.3,379400
MKTAY,20110331,46.52,46.95,46.2,46.88,7500
MKTX,20110331,23.89,24.4,23.65,24.19,95400
MLAB,20110331,28.8,28.8,28.8,28.8,0
MLHR,20110331,26.53,27.67,26.53,27.49,526500
MLNK,20110331,5.42,5.48,5.38,5.47,225500
MLNX,20110331,25.27,25.37,25.03,25.23,153600
MLVF,20110331,8.72,8.72,8.72,8.72,100
MMLP,20110331,39.91,40.26,39.7,40.04,77700
MMSI,20110331,15.672,15.832,15.536,15.696,159500
MMUS,20110331,4.9,4.9,4.9,4.9,5100
MMYT,20110331,29.21,29.5,28.3,29.31,177000
MNDO,20110331,3.33,3.35,3.3,3.32,86400
MNKD,20110331,3.69,3.71,3.63,3.64,570800
MNOV,20110331,2.63,2.68,2.56,2.58,121400
MNRK,20110331,7,7,6.8833,6.9917,1600
MNRO,20110331,32.87,33.28,32.55,32.98,180900
MNST,20110331,30.235,30.26,29.91,30.115,561500
MNTA,20110331,15.48,15.88,15.32,15.85,699100
MNTG,20110331,2.65,2.7,2.58,2.62,12000
MNTX,20110331,5.7,5.73,5.44,5.5,52000
MOBI,20110331,12.69,12.71,12.21,12.3,419300
MOCO,20110331,14.28,14.35,14.22,14.25,2200
MOFG,20110331,14.43,14.98,13.82,14.84,21500
MOLX,20110331,25.07,25.3,25.02,25.12,662800
MOLXA,20110331,20.58,20.83,20.55,20.69,111700
MORN,20110331,58.38,58.67,56.98,58.38,100700
MOSY,20110331,5.88,6.01,5.87,6.01,79300
MOVE,20110331,9.4,9.64,9.16,9.52,1230700
MPAA,20110331,13.97,14.14,13.89,13.98,36100
MPAC,20110331,6.1,6.23,6.05,6.16,12600
MPB,20110331,9,9,8.51,8.89,1100
MPEL,20110331,7.66,7.71,7.53,7.6,5089900
MPET,20110331,2.45,2.61,2.41,2.42,404100
MPWR,20110331,14.36,14.44,14.01,14.19,487800
MRCY,20110331,21.16,21.19,20.89,21.16,157700
MRGE,20110331,4.73,4.91,4.64,4.87,400000
MRLN,20110331,11.91,12.36,11.88,12.34,19800
MRTN,20110331,21.85,22.34,21.65,22.3,40300
MRVL,20110331,16,16,15.53,15.55,15945400
MSBF,20110331,5.47,5.47,5.47,5.47,0
MSCC,20110331,20.21,20.75,20.11,20.71,948000
MSEX,20110331,18.11,18.2,18.07,18.19,14600
MSFG,20110331,9.96,10.04,9.85,10.01,35400
MSFT,20110331,25.64,25.68,25.34,25.39,63281700
MSG,20110331,27.02,27.21,26.86,26.99,666000
MSON,20110331,2.31,2.39,2.31,2.39,12800
MSPD,20110331,8.59,8.7,8.4,8.46,637500
MSTR,20110331,135,136.25,132,134.48,138900
MTEX,20110331,16.5,16.5,16.2,16.2,2200
MTRX,20110331,13.89,14.16,13.74,13.9,105400
MTSC,20110331,45.09,45.58,45.04,45.55,51100
MTSL,20110331,1.9,1.95,1.7,1.8,35900
MTSN,20110331,2.4,2.44,2.35,2.44,266600
MU,20110331,11.59,11.68,11.39,11.47,31676200
MVIS,20110331,10.88,11.04,10.56,10.56,848000
MVISW,20110331,0.53,0.53,0.53,0.53,0
MWIV,20110331,78.09,80.86,78.09,80.68,101200
MXIM,20110331,25.48,25.67,25.31,25.6,1915300
MXWL,20110331,17.18,17.4,17.06,17.29,134000
MYGN,20110331,19.87,20.25,19.83,20.15,1095300
MYL,20110331,22.8,22.86,22.49,22.66,3993700
MYRG,20110331,23.72,24,23.62,23.92,45100
NAFC,20110331,38.82,38.82,37.87,37.94,65900
NAII,20110331,5.54,5.67,5.5,5.63,6000
NANO,20110331,17.31,18.1,17.29,18.09,198900
NASB,20110331,15.78,16.2,15.65,16.18,3200
NATH,20110331,17.1,17.52,17.05,17.13,26500
NATI,20110331,32.53,32.87,32.44,32.77,237800
NATL,20110331,20.9,21.15,20.79,20.85,20900
NATR,20110331,9.01,9.02,8.82,8.96,10800
NAUH,20110331,6.74,7.13,6.74,7.09,21100
NAVG,20110331,51.27,51.83,51.27,51.5,44700
NAVR,20110331,1.87,1.9,1.84,1.9,34000
NBBC,20110331,4.93,4.96,4.9,4.96,6200
NBIX,20110331,7.5,7.68,7.46,7.59,304200
NBN,20110331,14.69,14.73,14.5,14.5,700
NBTB,20110331,22.54,22.8,22.48,22.79,84700
NBTF,20110331,20.15,20.15,19.7,20,4100
NCBC,20110331,4.65,4.65,4.65,4.65,0
NCIT,20110331,23.47,24.48,23.44,24.37,91300
NCMI,20110331,17.83,18.71,17.81,18.67,814500
NCTY,20110331,6.91,6.97,6.53,6.55,31200
NDAQ,20110331,25.76,25.84,25.42,25.84,1715100
NDSN,20110331,57.21,57.62,56.98,57.53,114700
NECB,20110331,5.8,5.8,5.8,5.8,0
NEOG,20110331,39.28,41.91,39.28,41.38,351800
NEPT,20110331,2.32,2.32,2.2,2.24,38700
NETC,20110331,8.38,8.71,8.38,8.56,36400
NEWL,20110331,2.23,2.23,2.23,2.23,0
NEWP,20110331,17.72,18.2,17.66,17.84,358800
NEWS,20110331,10.68,10.94,10.59,10.92,74900
NEWT,20110331,1.64,1.68,1.61,1.64,14300
NFBK,20110331,13.81,13.86,13.75,13.8,21700
NFEC,20110331,3.27,3.45,3.26,3.26,1800
NFLX,20110331,237.23,239.7,235.04,237.78,3548400
NFSB,20110331,13.76,13.84,13.75,13.75,1600
NGPC,20110331,9.49,9.65,9.48,9.64,104600
NHTB,20110331,13.21,13.48,13.21,13.21,3500
NICE,20110331,36.98,37.35,36.75,36.94,144200
NICK,20110331,12.2,12.2,12.2,12.2,0
NIHD,20110331,41.61,42.4,41.49,41.67,2111000
NILE,20110331,55.41,55.74,53.11,54.01,173400
NINE,20110331,1.4,1.4,1.37,1.37,9200
NKSH,20110331,28.69,28.91,28.17,28.91,14800
NKTR,20110331,9.6,9.67,9.44,9.47,1265200
NLST,20110331,2.68,2.68,2.45,2.5,764200
NMRX,20110331,9.69,10.08,9.69,9.86,4800
NNBR,20110331,18.75,18.97,17.95,18.26,277300
NOVB,20110331,10.86,10.86,10.85,10.85,500
NPBC,20110331,7.65,7.74,7.55,7.74,578100
NPSP,20110331,9.21,9.62,8.94,9.58,1523900
NRCI,20110331,33.54,34.25,33.54,33.94,2400
NRIM,20110331,18.85,19,18.85,18.96,5500
NSEC,20110331,13.05,13.07,13.05,13.07,600
NSIT,20110331,17.27,17.34,16.78,17.03,281300
NSPH,20110331,3.21,3.35,3.2,3.25,210800
NSSC,20110331,2.25,2.31,2.16,2.27,4000
NSYS,20110331,4.1,4.26,3.98,4.08,7700
NTAP,20110331,48.04,48.85,47.56,48.15,7751200
NTCT,20110331,27.01,27.33,26.98,27.32,202100
NTES,20110331,49.03,49.56,48,49.51,902500
NTGR,20110331,32.52,32.87,31.72,32.44,484800
NTIC,20110331,14.78,15.14,14.78,15.13,1000
NTLS,20110331,18.68,18.68,18.3,18.4,200300
NTRI,20110331,14.37,14.57,14.03,14.49,453600
NTRS,20110331,51.03,51.11,50.51,50.75,1204300
NTSC,20110331,7.07,7.15,7.05,7.15,9600
NTSP,20110331,11.15,11.23,10.15,10.52,772800
NTWK,20110331,18.9,18.9,18.5,18.8,225000
NUAN,20110331,19.63,19.74,19.37,19.55,2919600
NUCL,20110331,41.05,41.5,41.01,41.24,4100
NURO,20110331,3.18,3.18,3,3.12,58500
NUTR,20110331,14.93,15,14.86,14.98,13400
NUVA,20110331,25.55,25.62,25.25,25.32,636800
NVAX,20110331,2.53,2.67,2.51,2.59,2061600
NVDA,20110331,18.48,18.68,18.12,18.46,16383600
NVEC,20110331,56.79,56.96,55.78,56.34,35400
NVGN,20110331,1.51,1.55,1.41,1.53,330600
NVMI,20110331,9.4,9.8,9.36,9.78,107600
NVSL,20110331,8.45,8.45,8.45,8.45,0
NVTL,20110331,5.61,5.61,5.44,5.46,428100
NWBI,20110331,12.35,12.59,12.33,12.54,575100
NWFL,20110331,27,27.71,27,27.25,2900
NWLI,20110331,162.34,162.34,162.07,162.25,2200
NWPX,20110331,23.02,23.62,22.35,22.93,57900
NWS,20110331,18.48,18.77,18.37,18.62,2197200
NWSA,20110331,17.48,17.71,17.3,17.58,16445900
NXPI,20110331,30.7,31.11,29.82,29.97,15714800
NXST,20110331,8.52,8.69,8.51,8.67,19600
NXTM,20110331,22.06,22.13,21.76,21.98,146200
NYMT,20110331,7.09,7.13,7.05,7.07,8800
NYMX,20110331,7.3,7.91,7.25,7.89,125900
NYNY,20110331,0.55,0.65,0.52,0.62,191700
OABC,20110331,15.6,15.84,15.58,15.84,37300
OBAF,20110331,14.55,14.55,14.45,14.52,19500
OBAS,20110331,8.25,8.65,8.25,8.65,12000
OBCI,20110331,2.6,2.66,2.44,2.5,75800
OCC,20110331,4.32,5.05,4.32,4.9,10100
OCFC,20110331,13.59,13.99,13.44,13.95,31300
OCLR,20110331,11.17,11.74,11.16,11.5,2141700
OCLS,20110331,14.21,14.42,13.72,14.07,55100
OCZ,20110331,7.46,8.13,7.25,8.1,1385800
ODFL,20110331,23.3667,23.54,23.2733,23.3933,459900
OFED,20110331,11.8,11.8,11.49,11.49,5700
OFIX,20110331,32.06,32.48,32.06,32.46,71500
OFLX,20110331,13.31,13.45,13.01,13.45,7200
OGXI,20110331,15.6,15.62,15.3,15.3,36600
OIIM,20110331,7.63,7.65,7.46,7.6,176100
OINK,20110331,4.13,4.25,4.04,4.15,42600
OKSB,20110331,14.04,14.2,13.9,14.19,53000
OKSBP,20110331,27.18,27.18,27.18,27.18,0
OLBK,20110331,9.49,9.49,9.37,9.37,1000
OMAB,20110331,14.96,15.12,14.88,15.06,12000
OMCL,20110331,15.16,15.4,15.09,15.24,172800
OMER,20110331,7.93,8,7.71,8,272400
OMEX,20110331,3.09,3.12,3.03,3.08,242200
OMPI,20110331,12.63,12.74,12.53,12.64,197200
ONCY,20110331,5.84,5.9,5.67,5.83,97500
ONEQ,20110331,109.52,109.73,109.26,109.64,6900
ONFC,20110331,8.92,8.94,8.8,8.8,12200
ONNN,20110331,9.85,9.92,9.69,9.86,2697700
ONTY,20110331,3.97,3.97,3.85,3.87,197100
ONVI,20110331,4.2,4.2,4.2,4.2,400
ONXX,20110331,35.1,35.38,34.93,35.18,231900
OPEN,20110331,102.71,106.94,102.5,106.35,1496200
OPHC,20110331,2.1,2.1,2.1,2.1,100
OPLK,20110331,19.87,19.95,19.48,19.49,513100
OPOF,20110331,11.65,12.1,11.52,11.52,3600
OPTR,20110331,11.9,11.96,11.42,11.83,2363300
OPTT,20110331,5.65,5.65,5.43,5.51,29800
OPXA,20110331,6.8,7.08,6.68,6.68,104400
ORBC,20110331,3.32,3.36,3.27,3.3,34900
ORBK,20110331,12.84,12.95,12.75,12.83,183600
ORBT,20110331,3.16,3.45,3.15,3.45,1000
ORCL,20110331,32.98,33.63,32.95,33.43,38234200
OREX,20110331,2.8,2.92,2.77,2.84,1261400
ORIT,20110331,12.48,12.71,12.48,12.68,190000
ORLY,20110331,57.84,57.98,56.82,57.46,1093600
ORRF,20110331,27.85,28,27.58,28,13700
OSBC,20110331,1,1,0.98,1,75200
OSBCP,20110331,2.66,3.15,2.63,3,34500
OSHC,20110331,13,13,12.97,13,8300
OSIR,20110331,7.28,7.32,7.11,7.26,69500
OSIS,20110331,36.7,37.63,36.4,37.53,69300
OSN,20110331,3.52,3.66,3.39,3.59,46200
OSTK,20110331,15.57,15.84,15.57,15.72,75200
OSUR,20110331,7.63,7.87,7.63,7.86,111300
OTEX,20110331,62.18,62.47,61.5,62.32,498600
OTIV,20110331,2.25,2.25,2.08,2.14,343000
OTT,20110331,19.02,19.48,19.02,19.38,68800
OTTR,20110331,22.64,22.78,22.58,22.73,93600
OUTD,20110331,7.24,7.48,7.22,7.46,13700
OVBC,20110331,21.12,21.12,21.12,21.12,0
OVLY,20110331,5.99,5.99,5.99,5.99,0
OVRL,20110331,2.15,2.3,2.13,2.28,68100
OVTI,20110331,36.1,36.4,35.1,35.53,1874100
OXBT,20110331,1.87,1.9,1.84,1.84,45200
OXGN,20110331,1.85,1.86,1.69,1.76,214300
OXLC,20110331,18.5,18.75,18.5,18.75,4900
OZRK,20110331,21.7,21.98,21.65,21.855,60700
PAAS,20110331,37.3,37.67,36.83,37.13,1506800
PACB,20110331,13.94,14.13,13.7,14.05,64300
PACR,20110331,5.1,5.29,5.05,5.25,697900
PACW,20110331,21.15,21.84,21.15,21.75,167500
PAGG,20110331,33,33.17,32.93,33,56200
PANL,20110331,52.78,55.15,52.21,55.04,1471200
PATH,20110331,7.88,7.91,7.78,7.81,10800
PATK,20110331,2.53,2.89,2.5,2.73,30700
PATR,20110331,26.31,26.75,25.89,26.75,6700
PAYX,20110331,31.32,31.54,31.27,31.39,2263500
PBCT,20110331,12.58,12.7,12.56,12.58,4878500
PBHC,20110331,10.1,10.15,9.25,10.15,1100
PBIB,20110331,8,8.25,7.89,7.89,6800
PBIP,20110331,7.45,7.46,6.61,6.99,11300
PCAR,20110331,52.05,52.63,51.86,52.36,2536900
PCBK,20110331,10.11,10.19,10.02,10.19,40400
PCCC,20110331,8.61,8.98,8.59,8.86,50700
PCH,20110331,39.81,40.36,39.78,40.2,372800
PCLN,20110331,503.89,509,500.6,506.44,1087700
PCOM,20110331,9.1,9.1,8.84,8.97,41500
PCRX,20110331,7.59,7.59,7.05,7.1,71300
PCTI,20110331,7.89,7.89,7.46,7.67,29900
PCYC,20110331,5.87,5.94,5.85,5.89,206200
PCYO,20110331,3.9,3.99,3.81,3.89,7200
PDCO,20110331,32.16,32.28,32.08,32.19,687300
PDEX,20110331,2.3,2.3,2.3,2.3,2000
PDFS,20110331,6.6,6.67,6.57,6.65,139500
PDII,20110331,8.05,8.16,7.89,8.11,21000
PDLI,20110331,5.61,5.8,5.6,5.8,2895900
PEBK,20110331,6.68,6.68,6.61,6.68,700
PEBO,20110331,11.85,12.22,11.85,12.02,33200
PEGA,20110331,35.84,38.48,34.8,37.97,205400
PEIX,20110331,0.63,0.65,0.61,0.63,1694500
PENN,20110331,36.62,37.29,36.45,37.06,571800
PENX,20110331,6.12,6.24,6.12,6.23,6700
PEOP,20110331,14.07,14.08,14.02,14.08,9200
PERF,20110331,9.66,9.66,9.66,9.66,0
PERY,20110331,27.3,27.77,26.91,27.52,304600
PESI,20110331,1.53,1.53,1.46,1.51,190200
PETM,20110331,40.85,41.07,40.43,40.95,1075900
PETS,20110331,15.72,16.16,15.6,15.86,393500
PFBC,20110331,1.5,1.51,1.46,1.47,53900
PFBI,20110331,7.1,7.2,7.1,7.1,5700
PFBX,20110331,15.15,15.95,14.99,15.95,2200
PFIN,20110331,3.24,3.65,3.23,3.59,1100
PFSW,20110331,5.06,5.07,4.9,4.99,87600
PGC,20110331,13.03,13.3,13.03,13.26,15100
PGNX,20110331,6.24,6.31,6,6.18,78600
PGTI,20110331,2.34,2.36,2.29,2.35,48700
PHII,20110331,22.65,22.65,22.65,22.65,200
PHIIK,20110331,22.06,22.19,22,22.12,42800
PHMD,20110331,7.43,7.78,7.02,7.37,12400
PICO,20110331,29.29,30.15,29.07,30.06,96000
PKBK,20110331,9.13,9.17,9.06,9.17,2700
PKOH,20110331,20.61,20.87,20.48,20.66,34600
PLAB,20110331,8.85,8.97,8.66,8.97,1372200
PLBC,20110331,1.9,2.34,1.9,2.15,20600
PLCC,20110331,1.25,1.25,1.25,1.25,0
PLCE,20110331,50.9,51,49.42,49.83,445200
PLCM,20110331,25.68,26.08,25.67,25.925,634900
PLNR,20110331,2.73,2.75,2.66,2.74,8500
PLPC,20110331,66.74,69.29,66.74,69.17,17100
PLTM,20110331,32.98,33.09,32.8,32.81,20400
PLUG,20110331,0.77,0.8,0.7,0.76,795300
PLUS,20110331,27.11,27.11,26.6,26.61,29100
PLXS,20110331,35.04,35.1,34.9,35.06,342300
PLXT,20110331,3.75,3.77,3.64,3.65,296100
PMBC,20110331,4.36,4.36,4.18,4.22,13900
PMCS,20110331,7.5,7.71,7.46,7.51,3436800
PMD,20110331,10.85,11.09,10.84,11.05,21900
PMFG,20110331,20.69,21.36,20.69,21.34,55400
PMNA,20110331,12.42,12.6,12.23,12.6,29400
PMTC,20110331,22.28,22.63,22.14,22.49,1130700
PMTI,20110331,14.3,14.89,14.16,14.85,58800
PNBK,20110331,2.05,2.2,2.05,2.2,1500
PNFP,20110331,16.29,16.6,16.25,16.54,159500
PNNT,20110331,11.94,11.98,11.82,11.92,194000
PNQI,20110331,39.23,39.25,39.04,39.24,26200
PNRA,20110331,126.69,127.41,125.41,127,349300
PNRG,20110331,26.15,26.44,26.15,26.16,4100
PNTR,20110331,5.94,5.94,5.94,5.94,0
PODD,20110331,21.01,21.22,20.55,20.62,338600
POOL,20110331,24.15,24.19,22.8,24.11,303000
POPE,20110331,47.75,48,46,46.75,3600
POWI,20110331,38.5,38.56,38.08,38.33,129500
POWL,20110331,39.54,39.7,39.28,39.44,34600
POWR,20110331,8.51,8.8,8.5,8.6,437200
POZN,20110331,5.15,5.44,5.11,5.37,187300
PPBI,20110331,6.84,6.84,6.82,6.82,1900
PPHM,20110331,2.36,2.38,2.29,2.36,647200
PRAA,20110331,84.39,85.18,83.83,85.13,102300
PRAN,20110331,2.62,3.14,2.6,2.81,3775900
PRCP,20110331,6.44,6.44,6.34,6.35,7400
PRFT,20110331,11.66,12.02,11.66,12.01,105500
PRFZ,20110331,68.96,69.27,68.81,69.2,17200
PRGO,20110331,79.06,79.57,78.8,79.52,543700
PRGS,20110331,28.88,29.1,28.7,29.09,425100
PRGX,20110331,6.09,6.1,5.98,6.07,32800
PRIM,20110331,9.82,10.26,9.68,10.14,224100
PRKR,20110331,0.64,0.69,0.61,0.68,124400
PRLS,20110331,3.11,3.16,3.07,3.16,2900
PRMW,20110331,12.46,12.52,12.08,12.32,67300
PROV,20110331,8.19,8.29,8.15,8.29,13100
PRPH,20110331,1.26,1.31,1.2,1.2,78200
PRSC,20110331,14.89,15.04,14.74,14.98,30400
PRTS,20110331,8.5,8.75,8.35,8.7,80400
PRXI,20110331,1.87,1.96,1.8,1.9,197100
PRXL,20110331,24.55,25,24.55,24.9,319200
PSAU,20110331,48.63,49.17,48.63,49.06,5100
PSBH,20110331,5.01,5.01,5.01,5.01,0
PSCC,20110331,31.05,31.16,31.05,31.16,33600
PSCD,20110331,28.24,28.41,28.17,28.38,13400
PSCE,20110331,41.98,42.15,41.87,41.94,56500
PSCF,20110331,28,28.13,27.96,28.13,6300
PSCH,20110331,31.51,31.64,31.39,31.64,24800
PSCI,20110331,30.86,30.97,30.82,30.97,1200
PSCM,20110331,30.35,30.35,30.34,30.34,500
PSCT,20110331,31.92,32.11,31.9,32.05,19300
PSCU,20110331,28.52,28.66,28.52,28.63,2500
PSDV,20110331,3.89,3.93,3.86,3.92,8000
PSEC,20110331,12.12,12.23,12.09,12.21,758100
PSEM,20110331,10.05,10.37,10.05,10.37,54800
PSMT,20110331,36.11,36.77,36.11,36.64,159000
PSTB,20110331,4.9,4.97,4.79,4.85,491900
PSTI,20110331,2.62,2.65,2.55,2.59,114000
PSTR,20110331,6.36,6.4,6.32,6.39,57600
PSUN,20110331,3.58,3.74,3.57,3.62,2745500
PTEK,20110331,1.36,1.42,1.35,1.37,10500
PTEN,20110331,28.87,29.49,28.75,29.39,3171600
PTIE,20110331,9.62,9.7,9.36,9.56,519200
PTIX,20110331,2.02,2.17,2.01,2.11,40300
PTNR,20110331,19.07,19.24,18.94,19.01,186300
PTRY,20110331,14.73,14.89,14.67,14.83,100000
PTSI,20110331,12.44,12.44,12.12,12.15,10500
PTSX,20110331,0.64,0.64,0.64,0.64,700
PULB,20110331,7.4,7.54,7.4,7.5,43800
PURE,20110331,1.55,1.61,1.51,1.56,116000
PVFC,20110331,2,2.15,1.98,2.14,12500
PVTB,20110331,15.2,15.35,15.11,15.29,415100
PVTBP,20110331,26.2,26.27,26.12,26.27,5100
PWER,20110331,8.92,8.93,8.37,8.75,5497400
PWOD,20110331,38.64,38.93,38.39,38.93,3000
PWRD,20110331,21.11,21.25,21.08,21.2,279100
PWX,20110331,16.99,17.34,16.69,16.69,1300
PXLW,20110331,3.51,3.6,3.49,3.6,12600
PZZA,20110331,30.68,31.94,30.68,31.67,137300
PZZI,20110331,1.98,2.05,1.96,2.01,8800
QABA,20110331,24.97,25.18,24.97,25.16,2300
QADA,20110331,11.21,11.21,10.5,10.77,16800
QADB,20110331,10.17,10.3,10.13,10.21,4000
QBAK,20110331,1.79,1.82,1.74,1.79,5700
QCCO,20110331,4.29,4.33,4.22,4.33,27400
QCLN,20110331,16.9,16.9,16.74,16.85,6900
QCOM,20110331,54.61,54.95,54.34,54.83,13257900
QCOR,20110331,14.62,14.89,14.32,14.41,661200
QCRH,20110331,8.13,8.4,8.13,8.4,200
QDEL,20110331,11.93,12,11.84,11.96,166100
QGEN,20110331,20.11,20.26,19.98,20.05,1139000
QKLS,20110331,70.8,70.8,60.48,63.36,141300
QLGC,20110331,18.21,18.57,18.15,18.55,1826600
QLIK,20110331,25.42,26.11,25.33,26,1923200
QLTI,20110331,6.89,6.95,6.86,6.95,24000
QLTY,20110331,11.57,11.94,11.55,11.85,118400
QNST,20110331,22.87,23.35,22.45,22.73,239500
QQEW,20110331,25.23,25.23,25.12,25.22,388100
QQQ,20110331,57.27,57.48,57.15,57.43,50143300
QQQX,20110331,14.62,14.75,14.62,14.65,66300
QQXT,20110331,22.56,22.57,22.46,22.57,6900
QSII,20110331,41.565,41.84,41.45,41.67,112200
QTEC,20110331,27,27.1,26.87,27.02,236200
QTWW,20110331,4.48,4.55,4.32,4.35,115900
QUIK,20110331,5.05,5.14,4.78,4.9,356700
RADA,20110331,3.5,3.5,3.45,3.47,7100
RAIL,20110331,32.05,32.61,32.05,32.51,141100
RAND,20110331,2.95,2.95,2.95,2.95,0
RAVN,20110331,30.495,30.96,30.255,30.71,55100
RBCAA,20110331,19.64,19.64,19.3,19.48,24300
RBCN,20110331,27.78,27.83,27.02,27.68,614200
RBNF,20110331,3.14,3.14,3,3.03,2500
RBPAA,20110331,1.79,1.8,1.79,1.8,3000
RCII,20110331,35.02,35.16,34.67,34.91,391800
RCKB,20110331,16.34,16.34,16.34,16.34,0
RCKY,20110331,15.08,15.46,15.08,15.28,35700
RCMT,20110331,5.1,5.13,5.07,5.09,17100
RCON,20110331,3.86,3.86,3.81,3.81,300
RDA,20110331,14.01,14.86,14,14.32,8300
RDCM,20110331,10.01,10.16,9.55,9.92,32400
RDEN,20110331,29.95,30.11,29.65,30.01,79800
RDI,20110331,5.03,5.05,4.99,5.05,16800
RDIB,20110331,6.75,6.75,6.75,6.75,0
RDNT,20110331,3.45,3.51,3.37,3.5,142000
RDWR,20110331,17.72,18.43,17.6,17.72,565800
RECN,20110331,19.19,19.44,18.89,19.39,219200
REDF,20110331,7.61,7.84,7.25,7.5,465800
REFR,20110331,6.84,6.88,6.7,6.82,28600
REGN,20110331,44.38,45,44.11,44.94,427100
REIS,20110331,7.9,7.9,7.8,7.89,14900
RELL,20110331,13.06,13.19,13.01,13.18,61500
RELV,20110331,2.06,2.15,2.05,2.1,3800
RENT,20110331,26.84,26.97,26.58,26.92,12200
REXI,20110331,6.35,6.41,6.33,6.41,15800
REXX,20110331,11.6,11.7,11.46,11.64,537900
RFIL,20110331,4,4,3.98,3.98,4400
RFMD,20110331,6.5,6.54,6.38,6.41,5456300
RGCO,20110331,17.11,17.15,17.075,17.075,600
RGDX,20110331,2.21,2.3,2.12,2.3,6600
RGEN,20110331,3.69,3.75,3.64,3.74,52600
RGLD,20110331,52.39,53,52.08,52.4,407200
RICK,20110331,10.89,11,10.84,10.9,47500
RIGL,20110331,7.18,7.21,7.06,7.11,135800
RIMG,20110331,15.71,16.18,15.48,16.15,23000
RITT,20110331,6.07,6.5,6.03,6.45,15300
RIVR,20110331,15.55,15.55,14.3,14.3,700
RJET,20110331,6.24,6.49,6.23,6.43,466300
RLOC,20110331,20.68,20.74,19.9,20,361400
RLOG,20110331,7.24,7.34,7.24,7.31,4100
RMBS,20110331,19.77,19.81,19.45,19.75,719800
RMCF,20110331,10.31,10.4,10.31,10.39,6300
RMKR,20110331,1.22,1.29,1.22,1.29,11600
RMTI,20110331,8.95,9.01,8.94,8.98,30700
RNET,20110331,17.79,18.82,17.38,18.18,497900
RNIN,20110331,6.2,6.5,6.1,6.45,88200
RNST,20110331,16.53,17,16.36,16.98,56800
RNWK,20110331,3.67,3.72,3.62,3.72,272700
ROCK,20110331,11.33,11.96,11.33,11.93,157600
ROCM,20110331,10.78,11.5,10.71,11.48,64400
ROIA,20110331,1.98,2.08,1.98,2.08,3100
ROIAK,20110331,1.97,1.97,1.93,1.95,405900
ROIC,20110331,10.83,10.94,10.7,10.94,413800
ROICW,20110331,0.98,1,0.92,1,15700
ROLL,20110331,37.76,38.49,37.76,38.23,65900
ROMA,20110331,11.14,11.15,10.94,11.07,15800
ROSE,20110331,48.37,48.7,47.47,47.6,511400
ROSG,20110331,8.25,8.4,7.8,7.95,67800
ROST,20110331,35.83,35.95,35.22,35.56,1347000
ROVI,20110331,54.61,54.86,53.36,53.65,2420800
ROYL,20110331,5.26,5.51,5.11,5.24,2797300
RP,20110331,27.95,28.29,27.42,27.73,97800
RPRX,20110331,5.49,5.61,5.45,5.53,101100
RPTP,20110331,3.45,3.46,3.4,3.45,66000
RRD,20110331,18.88,18.98,18.75,18.92,1080700
RRGB,20110331,26.75,27.02,26.6,26.89,123900
RRST,20110331,7.29,7.49,7.15,7.2,8300
RSOL,20110331,2.51,2.7,2.51,2.65,80500
RSTI,20110331,39.51,39.8,39.45,39.5,129900
RSYS,20110331,8.43,8.66,8.34,8.66,62400
RTEC,20110331,10.7,10.99,10.7,10.94,154400
RTIX,20110331,2.88,2.88,2.77,2.86,134800
RUE,20110331,29.37,29.6,28.2,28.75,219400
RUSHA,20110331,19.5,19.9,19.43,19.8,154100
RUSHB,20110331,16.86,17.4,16.82,17.4,5100
RUTH,20110331,5.02,5.18,5.01,5.16,168400
RVBD,20110331,37.89,38.66,37.45,37.65,3208000
RVSB,20110331,3.03,3.05,3.01,3.04,11600
RYAAY,20110331,28.3,28.33,27.75,27.8,354400
SAAS,20110331,3.3,3.34,3.26,3.29,43400
SAFM,20110331,46.82,47.12,45.11,45.92,774800
SAFT,20110331,46.05,46.29,45.98,46.11,31700
SAIA,20110331,16.42,16.45,16.19,16.39,39800
SALM,20110331,3.77,3.78,3.7,3.75,2600
SANM,20110331,10.92,11.22,10.85,11.21,974500
SANW,20110331,3.7,3.7,3.6,3.68,16700
SANWW,20110331,0.38,0.38,0.38,0.38,500
SANWZ,20110331,0.2,0.22,0.17,0.17,3500
SAPE,20110331,11.16,11.53,11.15,11.45,1128800
SASR,20110331,18.34,18.89,18.25,18.46,192500
SATS,20110331,37.4,37.95,37.06,37.85,473700
SBAC,20110331,39.53,39.8,39.42,39.68,1945400
SBBX,20110331,6,6,6,6,1000
SBCF,20110331,1.62,1.62,1.58,1.58,72600
SBGI,20110331,12.57,12.79,12.48,12.54,528100
SBLK,20110331,36.75,36.75,35.7,36,96500
SBNY,20110331,56.01,56.99,55.9,56.4,174500
SBNYW,20110331,33.1,33.1,33.1,33.1,0
SBRA,20110331,17.75,17.76,17.44,17.61,490900
SBSA,20110331,0.93,0.94,0.9,0.93,41800
SBSI,20110331,21.4,21.48,21.04,21.4,73400
SBUX,20110331,36.61,37.02,36.5,36.95,6378900
SCBT,20110331,33.77,34,33.06,33.28,96300
SCHL,20110331,26.83,27.2,26.83,27.04,160500
SCHN,20110331,66.05,66.7,65.01,65.01,274700
SCLN,20110331,3.88,4.07,3.88,4.04,194100
SCMP,20110331,4.23,4.23,4.18,4.2,20100
SCOK,20110331,9.12,9.28,8.15,8.21,604200
SCON,20110331,36.36,37.2,35.4,35.88,345300
SCOR,20110331,29.54,29.59,28.98,29.5,153300
SCSC,20110331,37.53,38.09,37.53,37.99,121700
SCSS,20110331,12.13,12.21,11.9,12.06,254800
SCVL,20110331,18.6667,18.88,18.5867,18.7,66000
SDBT,20110331,2.65,2.65,2.6,2.65,5200
SDIX,20110331,2.29,2.29,2.2,2.25,16600
SEAC,20110331,9.4,9.5,9.32,9.5,79200
SEED,20110331,7.89,7.94,7.67,7.7,174700
SEIC,20110331,23.48,23.94,23.47,23.88,661300
SENEA,20110331,29.67,29.96,29.31,29.87,24900
SENEB,20110331,29.64,29.64,29.64,29.64,0
SFLY,20110331,52.38,52.44,51,52.36,813100
SFNC,20110331,27.04,27.13,26.94,27.09,53600
SFST,20110331,7.99,7.99,7.99,7.99,100
SGC,20110331,11.35,11.7,11.29,11.35,4300
SGEN,20110331,15.21,15.58,15.03,15.57,984500
SGI,20110331,20,21.72,19.86,21.4,1322900
SGMA,20110331,5.41,5.54,5.41,5.42,8300
SGMO,20110331,7.98,8.33,7.91,8.33,864900
SGMS,20110331,8.81,8.86,8.71,8.74,1125300
SGOC,20110331,3.69,3.69,3.69,3.69,0
SGRP,20110331,1.88,1.88,1.73,1.73,1400
SHBI,20110331,9.82,10.03,9.75,9.75,32000
SHEN,20110331,17.91,18.08,17.81,18.06,32100
SHFL,20110331,10.89,11.03,10.57,10.68,264100
SHIP,20110331,0.65,0.65,0.6,0.61,87700
SHLD,20110331,83.11,84.21,81.74,82.65,383400
SHLM,20110331,24.23,24.76,24.23,24.72,122600
SHLO,20110331,11.49,11.71,11.14,11.68,7800
SHOO,20110331,30.8667,31.3733,30.8,31.2867,167400
SHOR,20110331,8.12,8.24,8.02,8.23,220400
SIAL,20110331,63.9,64.36,63.58,63.64,698700
SIEB,20110331,1.8,1.8,1.8,1.8,0
SIFI,20110331,9.99,10,9.85,9.88,12600
SIFY,20110331,3.68,3.73,3.45,3.59,493000
SIGA,20110331,12.36,12.36,11.97,12.1,331400
SIGI,20110331,17.13,17.37,17.12,17.3,153500
SIGM,20110331,12.85,12.95,12.68,12.95,258400
SILC,20110331,18.17,18.72,18.08,18.39,18800
SIMG,20110331,8.71,9.08,8.7,8.96,1316200
SIMO,20110331,8.2,8.2,8.06,8.08,86000
SINA,20110331,107.23,108.86,105.51,107.04,2615700
SINO,20110331,2.25,2.25,2.25,2.25,2800
SIRI,20110331,1.7,1.7,1.62,1.65,100225900
SIRO,20110331,49.99,50.52,49.59,50.16,208600
SIVB,20110331,57.36,57.76,56.84,56.93,833600
SIVBO,20110331,24.31,24.31,24.31,24.31,500
SKBI,20110331,5.62,5.86,5.3,5.75,120600
SKYW,20110331,16.9,17.1,16.87,16.92,180100
SLAB,20110331,43.38,43.72,43.04,43.21,292900
SLGN,20110331,37.56,38.5,37.56,38.14,680300
SLMAP,20110331,43.25,43.43,42.75,43.35,7400
SLP,20110331,3.17,3.19,3.15,3.16,5200
SLRC,20110331,24.25,24.28,23.8,23.88,124100
SLTC,20110331,5.66,5.8,5.66,5.8,200
SLTM,20110331,3.3,3.32,3.27,3.3,182400
SLXP,20110331,34.22,35.03,34.22,35.03,949400
SMBC,20110331,24,24.1,22.11,22.32,5100
SMCI,20110331,15.38,16.19,15.32,16.04,280600
SMED,20110331,4.58,4.74,4.52,4.72,61900
SMIT,20110331,4.19,4.2,4.15,4.2,2100
SMMF,20110331,3.89,3.89,3.89,3.89,0
SMRT,20110331,9.88,10.15,9.88,10.13,147900
SMSI,20110331,9.32,9.62,9.21,9.36,274000
SMT,20110331,10.69,10.92,10.11,10.21,1055100
SMTC,20110331,24.96,25.17,24.84,25.02,481500
SMTX,20110331,2.89,2.94,2.84,2.92,176000
SNAK,20110331,3.82,3.92,3.75,3.85,104100
SNBC,20110331,3.5,3.61,3.4,3.48,247300
SNCR,20110331,34.27,35,34.18,34.75,346400
SNDK,20110331,45.5,46.43,45.41,46.09,5554000
SNFCA,20110331,1.68,1.68,1.68,1.68,0
SNHY,20110331,28.58,28.8333,28.1667,28.7333,36200
SNMX,20110331,5.97,6.15,5.94,6.04,125100
SNPS,20110331,27.49,27.75,27.4,27.65,1083100
SNSS,20110331,1.93,1.97,1.88,1.94,235900
SNTA,20110331,5.23,5.26,5,5.26,78600
SNTS,20110331,3.37,3.45,3.31,3.42,259500
SOCB,20110331,3.4,3.45,3.35,3.45,7800
SODA,20110331,43.57,44.25,42.9,43.81,291800
SOFO,20110331,15.24,15.24,15,15,500
SOHU,20110331,86.6,92.27,86.22,89.36,1887300
SOMH,20110331,8.78,8.8,8.76,8.8,2100
SONA,20110331,7.24,7.24,7.16,7.16,500
SONC,20110331,8.95,9.05,8.92,9.05,521000
SONS,20110331,3.82,3.84,3.73,3.76,1956000
SORL,20110331,6.32,6.36,6.06,6.06,85600
SOXX,20110331,59.68,59.72,58.92,59.09,61100
SPAN,20110331,15.05,15.5,15.05,15.5,500
SPAR,20110331,6.7,6.89,6.65,6.86,109300
SPBC,20110331,11.25,11.3,11.2,11.3,500
SPCHA,20110331,1.82,2.04,1.81,2.04,7500
SPCHB,20110331,2,2.07,1.96,2.07,2000
SPEX,20110331,8.8,9.2,8.6,8.8,32100
SPIL,20110331,6.19,6.19,6.04,6.04,3382400
SPIR,20110331,4.81,4.81,4.39,4.73,35700
SPLS,20110331,19.68,19.7,19.41,19.42,9448200
SPMD,20110331,6.61,6.64,6.06,6.24,283400
SPNC,20110331,4.59,4.73,4.53,4.71,129200
SPNS,20110331,3.96,4,3.91,3.99,8600
SPPI,20110331,8.81,8.96,8.76,8.89,831300
SPPR,20110331,1.58,1.63,1.56,1.6,81100
SPPRO,20110331,26.78,26.78,26.78,26.78,0
SPPRP,20110331,9.49,9.49,9.37,9.39,4200
SPRD,20110331,19.6,19.76,18.35,18.55,2168100
SPRO,20110331,2.25,2.27,2.2,2.27,3200
SPRT,20110331,5.19,5.23,5.14,5.19,409200
SPSC,20110331,14.99,15.59,14.81,15.51,15900
SPTN,20110331,14.68,14.86,14.5,14.79,61500
SPU,20110331,4.35,4.43,4.15,4.41,230000
SQI,20110331,14.3,14.55,14.26,14.52,1298100
SQNM,20110331,6.43,6.43,6.28,6.34,1124900
SQQQ,20110331,102.48,103.04,101.28,101.6,634500
SRCE,20110331,19.63,20.05,19.5,20.04,26100
SRCL,20110331,88.46,88.97,87.72,88.67,439100
SRDX,20110331,12.58,12.65,12.31,12.5,43800
SREV,20110331,12.44,12.5,12,12.18,614700
SSBI,20110331,6.98,6.98,6.98,6.98,100
SSFN,20110331,6.37,6.42,5.94,5.94,1800
SSNC,20110331,20.1,20.44,19.97,20.42,81000
SSRI,20110331,30.8,31.68,30.8,31.38,1527800
SSRX,20110331,17.23,17.3,17.2,17.29,79300
SSYS,20110331,47.6,47.94,46.67,47,395600
STAA,20110331,5.6,5.6,5.32,5.57,98400
STAN,20110331,17.54,17.81,17.4,17.76,46100
STBA,20110331,21.32,21.6,21.28,21.57,48700
STEC,20110331,19.78,20.18,19.68,20.09,979800
STEI,20110331,7.69,7.73,7.63,7.64,362100
STEL,20110331,14.18,14.36,13.97,14.15,49800
STEM,20110331,0.91,0.91,0.89,0.91,640300
STFC,20110331,17.65,18.35,17.26,18.22,54400
STKL,20110331,7.27,7.44,7.25,7.43,366800
STLD,20110331,19.16,19.23,18.75,18.77,3120100
STLY,20110331,5.48,5.53,5.32,5.51,31000
STMP,20110331,13.26,13.35,13.22,13.35,39700
STND,20110331,15.49,15.8,15.49,15.7,1300
STNR,20110331,45.84,46.92,45.17,46.26,39400
STRA,20110331,127.64,130.53,127.64,130.49,190200
STRL,20110331,16.81,16.93,16.6,16.88,55500
STRM,20110331,1.79,1.8,1.78,1.79,13900
STRN,20110331,7.48,7.69,7.48,7.6,3000
STRS,20110331,12.85,13.15,12.85,13.15,2000
STRT,20110331,33.58,33.58,33.58,33.58,300
STSA,20110331,16.94,17,16.72,16.75,57100
STX,20110331,14.7,14.71,14.29,14.4,9796500
STXS,20110331,38,38.7,37.5,38.7,151600
SUBK,20110331,20.44,21,20.42,20.98,25600
SUMR,20110331,7.58,8.15,7.55,8,102500
SUNS,20110331,18.6,18.98,18.6,18.63,873200
SUPX,20110331,22.07,22.4,22.06,22.28,26200
SURG,20110331,5.94,5.94,5.85,5.89,313300
SUSQ,20110331,9.2,9.39,9.17,9.35,623500
SUTR,20110331,1.66,1.69,1.61,1.63,47300
SVA,20110331,4.18,4.53,4.15,4.53,564200
SVBI,20110331,4.59,4.59,4.45,4.45,200
SVNT,20110331,10.55,10.65,10.4,10.6,1208100
SWHC,20110331,3.51,3.57,3.5,3.55,405400
SWIR,20110331,10.89,11,10.81,10.93,152100
SWKS,20110331,32.62,32.79,32.11,32.4,1651200
SWSH,20110331,6.13,6.41,6.06,6.14,778900
SYBT,20110331,24.95,25.24,24.86,25.16,30900
SYBTP,20110331,11.42,11.42,11.42,11.42,600
SYKE,20110331,19.98,19.98,19.55,19.77,154000
SYMC,20110331,18.08,18.55,18.05,18.54,9287600
SYMM,20110331,5.97,6.14,5.95,6.13,110300
SYMX,20110331,2.85,3.12,2.7,2.83,8471400
SYNA,20110331,27.51,27.51,26.96,27.02,266400
SYNL,20110331,12.63,12.96,12.62,12.87,4900
SYNM,20110331,22.7,23.2,21.8,22.6,1231200
SYNT,20110331,52.41,52.41,51.92,52.23,63900
SYPR,20110331,4.28,4.28,4.24,4.24,8700
SYUT,20110331,11.64,11.74,11.31,11.5,97000
TACT,20110331,11.99,11.99,11.77,11.89,26500
TAIT,20110331,1.55,1.55,1.55,1.55,1900
TASR,20110331,4.03,4.1,4.02,4.06,170800
TAST,20110331,9.44,9.46,9.09,9.27,54400
TATT,20110331,5.25,5.44,5.25,5.35,2000
TAXI,20110331,8.7,8.84,8.68,8.79,59700
TAYC,20110331,10.44,10.55,10.27,10.51,30200
TAYCP,20110331,24.95,25,24.95,25,3500
TAYD,20110331,5.7,5.9,5.7,5.73,11600
TBAC,20110331,2.85,2.89,2.81,2.89,2400
TBBK,20110331,9.37,9.38,9.19,9.23,522600
TBNK,20110331,19.84,19.92,19.82,19.92,37300
TBOW,20110331,4.96,5,3.9,4.07,192500
TCBI,20110331,25.93,26,25.58,25.99,126600
TCBIW,20110331,15.6,15.6,15.6,15.6,0
TCBK,20110331,16.32,16.4,16.24,16.31,45500
TCCO,20110331,9.99,10,9.85,9.89,1600
TCRD,20110331,13.61,13.7,13.57,13.66,27400
TEAR,20110331,2.14,2.15,2.01,2.14,25200
TECD,20110331,50.45,51,50.44,50.86,518300
TECH,20110331,71.51,71.72,71.21,71.59,127300
TECUA,20110331,9.96,10.07,9.57,10.02,149800
TECUB,20110331,9.44,9.54,9.32,9.54,1900
TELK,20110331,24.9,27,24.9,27,56700
TESO,20110331,22,22.36,21.8,21.93,116200
TESS,20110331,11.53,11.66,11.47,11.5,10900
TFCO,20110331,3.9,3.9,3.9,3.9,100
TFM,20110331,37.7,38,37.51,37.74,83800
TFSL,20110331,10.59,10.67,10.57,10.62,259400
TGA,20110331,15.28,15.42,15.17,15.2,174200
TGE,20110331,7.79,7.85,7.7,7.77,162200
THFF,20110331,32.44,33.29,32.44,33.24,21400
THLD,20110331,1.6,1.62,1.54,1.54,406000
THOR,20110331,25.69,26.01,25.32,25.93,1469300
THRD,20110331,21.4,21.4,20.81,20.83,1500
THRX,20110331,24.38,24.8,24.1,24.22,291400
THTI,20110331,3.6,3.7,3.53,3.63,5800
TIBX,20110331,26.73,27.36,26.65,27.25,3227100
TICC,20110331,10.77,10.98,10.72,10.87,300100
TIGR,20110331,4.42,4.5,4.4,4.5,13700
TINY,20110331,5.25,5.4,5.2,5.38,75900
TISA,20110331,1.24,1.27,1.24,1.27,9500
TITN,20110331,25.18,25.89,25.14,25.25,294800
TIVO,20110331,8.88,8.95,8.67,8.75,3277300
TKMR,20110331,3.18,3.25,3.06,3.15,10200
TLAB,20110331,5.32,5.34,5.23,5.24,5342100
TLF,20110331,4.84,5,4.75,4.97,9900
TMNG,20110331,2.42,2.42,2.33,2.42,2400
TNAV,20110331,11.49,11.92,11.4,11.87,92600
TOFC,20110331,8.18,8.18,8.18,8.18,0
TOPS,20110331,0.71,0.73,0.7,0.73,68800
TORM,20110331,20.45,21.37,19.11,19.35,78900
TOWN,20110331,15.51,15.7,15.5,15.66,42800
TPGI,20110331,3.45,3.46,3.32,3.35,54700
TQNT,20110331,13.03,13.07,12.81,12.91,2013700
TQQQ,20110331,42.235,42.66,41.95,42.555,297200
TRAK,20110331,22.44,22.96,22.38,22.92,241300
TREE,20110331,5.91,5.91,5.74,5.89,18100
TRGT,20110331,26.59,27.01,26.37,26.59,106600
TRIB,20110331,9.38,9.4,9.33,9.38,31700
TRIT,20110331,11.48,11.87,11.48,11.65,51100
TRLG,20110331,23.71,23.75,23.17,23.47,169500
TRMB,20110331,24.805,25.28,24.76,25.27,421400
TRMD,20110331,57,57.6,56.7,56.7,3000
TRMK,20110331,23.14,23.48,23.05,23.42,293400
TRNS,20110331,8.28,8.35,8.28,8.35,1200
TRNX,20110331,18.3,18.58,18.25,18.5,79800
TROW,20110331,65.9,66.49,65.61,66.42,1117300
TRS,20110331,21.9,21.93,21.46,21.5,163400
TRST,20110331,5.86,5.93,5.85,5.93,163300
TSBK,20110331,5.96,5.98,5.61,5.61,7500
TSCO,20110331,59.49,59.99,58.78,59.86,1111200
TSEM,20110331,20.1,20.55,19.8,19.95,1037400
TSLA,20110331,26.5,28.71,26.5,27.75,11522300
TSON,20110331,4.3,4.45,4.12,4.32,400400
TSPT,20110331,8.18,8.28,8.09,8.19,39600
TSRA,20110331,17.93,18.28,17.93,18.26,355000
TSRI,20110331,5.1,5.1,5.1,5.1,0
TSRX,20110331,5.72,5.82,5.63,5.7,44900
TST,20110331,3.31,3.38,3.31,3.35,140600
TSTC,20110331,6.7,6.83,6.55,6.68,440500
TSYS,20110331,4.21,4.22,4.12,4.14,224000
TTEC,20110331,19.4,19.4,19.12,19.38,251000
TTEK,20110331,24.37,24.74,24.3,24.69,257700
TTGT,20110331,8.91,8.98,8.75,8.91,62600
TTHI,20110331,4.34,4.4,4.33,4.34,38400
TTMI,20110331,18.45,18.46,17.9,18.16,835100
TTWO,20110331,15.46,15.49,15.11,15.36,1802800
TUES,20110331,4.84,4.9,4.77,4.9,88300
TWER,20110331,4.09,4.09,3.87,3.91,252100
TWGP,20110331,23.92,24.1,23.92,24.03,615800
TWIN,20110331,32.41,32.6,32.19,32.22,33700
TWMC,20110331,1.7,1.7,1.62,1.65,9400
TWTC,20110331,19.32,19.92,19.15,19.2,1747300
TXCC,20110331,4.54,4.61,4.33,4.52,503700
TXN,20110331,34.71,34.86,34.38,34.56,6213200
TXRH,20110331,16.76,17.07,16.7,16.99,955000
TYPE,20110331,14.07,14.57,14.06,14.5,145700
TZOO,20110331,67.99,69,65.89,66.59,625100
UACL,20110331,16.69,17.25,16.69,17.25,2100
UBCP,20110331,8.5,8.64,8.4,8.4,1800
UBFO,20110331,3.62,3.65,3.61,3.65,1300
UBNK,20110331,16.19,16.51,16.17,16.51,110900
UBOH,20110331,9.19,9.19,9.19,9.19,100
UBSH,20110331,11.4,11.46,11.22,11.25,74600
UBSI,20110331,26.45,26.55,26.18,26.52,92300
UCBA,20110331,7.1,7.29,7.1,7.25,500
UCBI,20110331,2.04,2.37,2.01,2.33,2761200
UCFC,20110331,1.3,1.33,1.26,1.33,8100
UCTT,20110331,10.05,10.4,9.98,10.34,78700
UEIC,20110331,28.49,29.57,28.49,29.56,27700
UEPS,20110331,8.63,8.69,8.54,8.6,221500
UFCS,20110331,19.76,20.33,19.72,20.21,58000
UFPI,20110331,36.76,36.84,36.53,36.65,50900
UFPT,20110331,16.85,17.47,16.72,17.21,47300
UG,20110331,14.54,15.1,14.54,15.1,600
UHAL,20110331,96.35,98.34,96.35,97,24700
ULBI,20110331,4.98,5.07,4.95,5.07,131900
ULGX,20110331,0.64,0.64,0.63,0.63,11500
ULTA,20110331,48.67,48.84,47.95,48.13,266800
ULTI,20110331,59.73,60.4,58.54,58.75,270100
ULTR,20110331,5.07,5.14,5.01,5.08,40800
UMBF,20110331,37.02,37.49,37.01,37.37,119600
UMPQ,20110331,11.17,11.44,11.15,11.44,648900
UNAM,20110331,9.87,9.87,9.75,9.75,300
UNB,20110331,19.11,19.2,19.04,19.04,1600
UNFI,20110331,44.23,44.85,44.12,44.82,233200
UNIS,20110331,5.8,5.82,5.52,5.67,259700
UNTD,20110331,6.3,6.34,6.26,6.3,649200
UNTK,20110331,9,9.08,8.56,8.9,153700
UNTY,20110331,6.95,6.95,6.95,6.95,800
UNXL,20110331,6.9,7.31,6.9,7.15,4500
UPI,20110331,6.58,6.75,6.46,6.61,104500
URBN,20110331,30.35,30.43,29.7,29.83,4206100
URRE,20110331,21.5,21.7,20.3,20.7,2140100
USAK,20110331,12.91,13.05,12.91,13,214000
USAP,20110331,32.49,33.82,32.4,33.73,55900
USAT,20110331,2.5,2.52,2.38,2.48,670000
USATP,20110331,19,20,19,20,300
USATZ,20110331,1.34,1.45,1.21,1.39,12000
USBI,20110331,8.9,8.9,8.48,8.65,8100
USCR,20110331,9.5,9.59,9.07,9.51,35900
USEG,20110331,6.28,6.34,6.21,6.26,168900
USLM,20110331,40.5,40.51,40.5,40.51,700
USMO,20110331,14.91,14.93,14.45,14.48,197700
USTR,20110331,35.54,35.635,35.135,35.525,76000
UTEK,20110331,25.56,29.66,25.5,29.4,1274400
UTHR,20110331,66.29,67.23,66.26,67.02,515800
UTIW,20110331,19.73,20.38,19.66,20.17,561200
UTMD,20110331,28.38,29,28.38,28.9,5100
UTSI,20110331,6.99,7.08,6.93,7.05,492500
UVSP,20110331,17.64,17.74,17.3,17.72,43900
VALU,20110331,14.6,14.8,14.6,14.8,1000
VALV,20110331,3.8,4.07,3.8,3.93,32700
VASC,20110331,11.04,11.04,10.76,10.91,52200
VBFC,20110331,3.19,3.19,2.95,2.95,1300
VCBI,20110331,5.59,5.75,5.55,5.74,75000
VCIT,20110331,79,79.44,78.88,78.92,37800
VCLK,20110331,14.41,14.65,14.41,14.45,714000
VCLT,20110331,77.01,77.12,76.56,76.66,8100
VCSH,20110331,77.61,77.64,77.38,77.43,426800
VDSI,20110331,13.53,13.9,13,13.73,352900
VECO,20110331,51.32,51.58,50.35,50.84,645300
VELT,20110331,11,12.89,10.98,12.59,957800
VGIT,20110331,60.79,60.82,60.5,60.5,17000
VGLT,20110331,59.27,59.42,59.18,59.18,4100
VGSH,20110331,60.51,60.52,60.45,60.5,26300
VIA,20110331,53.22,53.5,53,53.29,27600
VIAB,20110331,46.9,47.05,46.49,46.52,4052100
VIAS,20110331,27.75,27.76,27.18,27.29,16500
VICL,20110331,2.77,3,2.77,2.96,1390600
VICR,20110331,16.44,16.5,16.28,16.49,64800
VIDE,20110331,3.92,3.92,3.92,3.92,0
VIFL,20110331,4.43,4.68,4.23,4.45,7400
VIMC,20110331,3.05,3.05,2.97,3,12900
VIRC,20110331,3.15,3.22,3.15,3.2,1200
VISN,20110331,85.4,87,85,86.6,87500
VIVO,20110331,23.52,24,23.52,23.99,163500
VLCCF,20110331,25.15,25.38,25,25.04,122400
VLGEA,20110331,29.07,29.15,28.9,29.1,8300
VLTR,20110331,24.51,24.9,24.45,24.83,120700
VLYWW,20110331,2.59,2.59,2.59,2.59,100
VMBS,20110331,50.43,50.43,50.11,50.15,14400
VMED,20110331,27.58,27.79,27.46,27.79,2335100
VNDA,20110331,7.31,7.37,7.18,7.29,101200
VNQI,20110331,50.55,50.67,50.48,50.59,93100
VOCS,20110331,25.66,26,25.52,25.86,67200
VOD,20110331,28.72,28.83,28.51,28.75,8138200
VOLC,20110331,25.55,25.76,25.31,25.6,273800
VONE,20110331,60.91,60.91,60.75,60.91,500
VONG,20110331,61.98,62.1,61.98,62.03,800
VONV,20110331,59.85,59.88,59.85,59.85,900
VOXX,20110331,8.16,8.16,7.93,8,36300
VPFG,20110331,13.14,13.14,12.96,13,129300
VPHM,20110331,20.21,20.28,19.79,19.9,824000
VPRT,20110331,51.96,52.51,51.31,51.9,269300
VRA,20110331,42.76,42.87,41.22,42.21,226700
VRML,20110331,4.49,4.63,4.34,4.6,84800
VRNM,20110331,3.1,3.1,3.02,3.04,47600
VRNT,20110331,35.31,35.93,35.26,35.84,89200
VRSK,20110331,32.65,32.77,32.47,32.76,649300
VRSN,20110331,36.41,36.54,36.19,36.21,1592200
VRTA,20110331,1.35,1.35,1.35,1.35,2000
VRTB,20110331,1.59,1.59,1.59,1.59,0
VRTS,20110331,59.27,59.27,58.54,58.92,15000
VRTU,20110331,18.53,18.79,18.47,18.73,29100
VRTX,20110331,48.43,48.83,47.25,47.93,2659100
VSAT,20110331,39.54,39.87,39.28,39.84,126200
VSBN,20110331,12.74,12.74,12.74,12.74,0
VSCI,20110331,2.39,2.42,2.18,2.34,64000
VSCP,20110331,2.07,2.08,2.01,2.06,83100
VSEC,20110331,29.7,29.93,29.62,29.71,6900
VTHR,20110331,61.23,61.28,61.23,61.28,1600
VTNC,20110331,14.4,14.4,14.09,14.09,54000
VTSS,20110331,4.95,4.95,4.76,4.83,112100
VTUS,20110331,10.69,11.98,10.5,11.85,110600
VTWG,20110331,68.61,68.78,68.61,68.78,1400
VTWO,20110331,66.29,66.6,66.23,66.6,23100
VTWV,20110331,64.23,64.24,64.22,64.24,1500
VVTV,20110331,6.14,6.41,6.1,6.36,1022400
VVUS,20110331,6.23,6.39,6.11,6.19,1676300
VXUS,20110331,50.85,51.03,50.79,50.91,26800
VYFC,20110331,4.87,4.87,4.87,4.87,400
WABC,20110331,50.73,51.57,50.69,51.37,88400
WAFD,20110331,17.06,17.45,17.06,17.34,421600
WASH,20110331,23.68,23.75,23.63,23.74,22000
WAVX,20110331,3.16,3.23,3.04,3.13,748700
WAYN,20110331,8.56,8.56,8.56,8.56,0
WBCO,20110331,14,14.1,13.92,14.1,19400
WBKC,20110331,14.28,14.44,14.28,14.44,4900
WBMD,20110331,53,53.57,52.86,53.42,444100
WBSN,20110331,23,23.35,22.94,22.97,211200
WCRX,20110331,23.68,23.77,23.25,23.26,2101800
WDC,20110331,37.63,37.8,37.26,37.29,3466700
WDFC,20110331,42.18,42.85,41.86,42.34,107700
WEBM,20110331,9.94,10.01,9.45,9.8,74000
WERN,20110331,25.96,26.6,25.94,26.47,662100
WEYS,20110331,24.54,24.76,24.25,24.46,18100
WFD,20110331,8.98,9.09,8.89,9.06,44600
WFM,20110331,65.81,66.2,65.53,65.9,1235400
WIBC,20110331,4.86,4.94,4.81,4.9,296400
WILC,20110331,7.7,7.84,7.58,7.84,18800
WIN,20110331,12.84,12.93,12.8,12.88,5290000
WINA,20110331,45.55,46.13,45.33,46.13,9200
WIRE,20110331,24.09,24.35,24.03,24.34,42200
WLDN,20110331,4.14,4.15,4.02,4.03,14600
WLFC,20110331,12.71,12.71,12.34,12.64,14500
WMAR,20110331,10.32,10.53,10,10.43,43700
WMGI,20110331,16.77,17.13,16.55,17.01,304700
WOOD,20110331,50.53,50.9,50.2,50.82,62200
WOOF,20110331,24.92,25.27,24.91,25.17,338400
WPCS,20110331,2.34,2.4,2.31,2.38,20500
WPPGY,20110331,61.95,62.04,61.7,61.76,54900
WPRT,20110331,22,22.39,21.27,21.98,1454400
WRES,20110331,5.12,5.18,4.98,5.11,582200
WRLD,20110331,65.09,65.3,64.85,65.2,120700
WRLS,20110331,7.57,7.58,7.15,7.26,70000
WSB,20110331,3.15,3.15,3.15,3.15,0
WSBC,20110331,20.53,20.88,20.38,20.71,42500
WSBF,20110331,2.99,3.07,2.97,3.07,8700
WSCI,20110331,4.6,4.74,4.6,4.7,1800
WSFS,20110331,45.64,47.36,45.64,47.1,16400
WSTG,20110331,13.73,13.73,13.55,13.73,8800
WSTL,20110331,3.51,3.51,3.42,3.5,86000
WTBA,20110331,7.82,7.98,7.81,7.98,20700
WTFC,20110331,36.65,36.97,36.55,36.75,173000
WTFCW,20110331,19.24,19.24,19.24,19.24,100
WVFC,20110331,8.72,8.72,8.72,8.72,3000
WVVI,20110331,3.15,3.2,3.15,3.2,3500
WWD,20110331,33.95,34.74,33.95,34.56,259600
WWWW,20110331,14.22,14.64,14.1,14.57,311100
WYNN,20110331,126.98,127.97,125.09,127.16,1428600
XBKS,20110331,4.28,4.35,4.17,4.29,78500
XIDE,20110331,10.79,11.31,10.72,11.17,461400
XLNX,20110331,32.85,33.11,32.5,32.8,3262500
XNPT,20110331,6.03,6.18,5.86,5.93,1490700
XOMA,20110331,2.92,2.93,2.78,2.79,953100
XRAY,20110331,36.66,37.15,36.56,36.99,892200
XRTX,20110331,11.19,11.35,10.96,11.16,761300
XTEX,20110331,16.98,17.1,16.8,16.92,134900
XTXI,20110331,9.96,10.15,9.91,9.94,172900
XWES,20110331,4.11,4.44,3.99,4.15,12500
XXIA,20110331,15.69,16.05,15.67,15.88,381900
YAVY,20110331,2.3,2.3,2.2,2.24,8900
YHOO,20110331,16.73,16.88,16.65,16.68,15343600
YORW,20110331,17.16,17.41,17.16,17.41,16700
YRCW,20110331,1.8,1.81,1.72,1.74,1141500
ZAGG,20110331,7.52,7.52,7.31,7.51,593600
ZBRA,20110331,38.77,39.36,38.75,39.24,147300
ZEUS,20110331,32.5,33.21,32.5,32.81,33000
ZGNX,20110331,4.89,5,4.82,5,37400
ZHNE,20110331,2.26,2.33,2.24,2.3,84300
ZIGO,20110331,14.28,14.67,14.15,14.62,23400
ZINC,20110331,17.13,17.54,16.79,17.05,266700
ZION,20110331,22.98,23.17,22.9,23.06,1792900
ZIONW,20110331,7.02,7.02,7.02,7.02,0
ZIOP,20110331,6.16,6.26,6.13,6.25,458800
ZIPR,20110331,2.88,2.91,2.88,2.9,600
ZIXI,20110331,3.61,3.78,3.51,3.7,1046500
ZLCS,20110331,2.3,2.45,2.3,2.43,1507700
ZN,20110331,4.78,4.84,4.68,4.8,59700
ZOLT,20110331,13.64,13.78,13.4,13.43,121600
ZOOM,20110331,3.31,3.41,3.28,3.31,137500
ZUMZ,20110331,25.73,26.69,25.41,26.43,697900
