<ticker>,<date>,<open>,<high>,<low>,<close>,<vol>
AACC,20110902,4,4.14,3.83,4.14,39600
AAME,20110902,1.97,1.97,1.63,1.7,1400
AAON,20110902,17.18,17.18,16,16.02,72300
AAPL,20110902,374.89,378,371.83,374.05,15684500
AAWW,20110902,48.41,48.41,46.21,46.56,292700
AAXJ,20110902,55.12,55.32,54.56,54.71,172300
ABAX,20110902,24.55,25.23,24.23,24.9,167400
ABCB,20110902,8.64,8.76,8.45,8.47,93700
ABCD,20110902,3,3.01,2.91,2.91,34500
ABCO,20110902,29.45,30.285,28.835,29.78,88300
ABFS,20110902,19.12,19.59,18.97,19.05,203200
ABIO,20110902,6.72,6.9,6.54,6.9,19300
ABMD,20110902,12,12.36,11.65,11.74,164700
ABTL,20110902,4.6,4.7,4.5,4.65,21100
ACAD,20110902,1.34,1.34,1.27,1.3,95300
ACAS,20110902,8.18,8.28,7.99,8.02,3120800
ACAT,20110902,15.17,15.65,14.43,14.44,94700
ACCL,20110902,6.16,6.46,6.12,6.17,210800
ACET,20110902,5.02,5.18,4.96,5.01,123000
ACFC,20110902,2.95,2.95,2.6,2.69,13200
ACFN,20110902,4.68,4.86,4.68,4.77,18200
ACGL,20110902,33.49,33.7,33.02,33.03,507000
ACHN,20110902,5.88,6.01,5.52,5.56,532300
ACIW,20110902,28.37,28.94,27.85,28,207900
ACLS,20110902,1.3,1.36,1.3,1.31,765200
ACNB,20110902,14.41,14.49,14.41,14.49,400
ACOR,20110902,24.6,25.23,24.15,24.3,218800
ACPW,20110902,7.5,7.75,6.8,6.9,542500
ACRX,20110902,3.1,3.1,3.1,3.1,0
ACTG,20110902,41.71,42.25,41.17,41.79,512800
ACTS,20110902,1.96,1.96,1.91,1.91,9600
ACUR,20110902,2.91,3.04,2.78,2.83,78300
ACWI,20110902,42.62,42.71,42.19,42.35,385100
ACWX,20110902,38.99,39.2,38.7,38.81,114700
ACXM,20110902,10.43,10.6,10.07,10.14,623900
ADAT,20110902,1.72,1.74,1.6,1.62,67700
ADBE,20110902,24.29,24.32,23.77,24.15,6477000
ADEP,20110902,3.77,3.86,3.77,3.86,1600
ADES,20110902,15,15.19,14.55,14.65,51500
ADI,20110902,32.25,32.34,31.8,32.01,3540600
ADP,20110902,49,49.1,48.37,48.51,2881000
ADRA,20110902,24.34,24.5,24.25,24.28,2000
ADRD,20110902,19.23,19.28,19.2,19.2,7600
ADRE,20110902,41.47,41.57,40.84,41.18,66300
ADRU,20110902,18.87,18.87,18.8,18.8,800
ADSK,20110902,26.58,26.88,26.02,26.38,4488900
ADTN,20110902,29.81,30.1,28.65,28.89,882000
ADUS,20110902,4.95,5,4.94,4.95,13300
ADVS,20110902,22.08,22.34,21.38,21.52,212900
AEGR,20110902,14.34,14.55,14.03,14.05,48100
AEHR,20110902,1.22,1.23,1.11,1.12,2100
AEIS,20110902,9.33,9.46,9.15,9.24,438200
AEPI,20110902,26.03,26.67,25.03,25.78,28800
AERL,20110902,7.72,7.78,7.61,7.75,104600
AETI,20110902,3.63,3.65,3.55,3.65,1800
AEY,20110902,2.29,2.39,2.19,2.34,20100
AEZS,20110902,11.52,11.7,11.22,11.58,726700
AFAM,20110902,18.9,18.98,18.17,18.18,58000
AFCB,20110902,12.7,12.7,12.6,12.7,1900
AFCE,20110902,12.68,12.78,12.25,12.26,106200
AFFX,20110902,5.19,5.36,5.15,5.18,797500
AFFY,20110902,4.42,4.43,4.29,4.35,189800
AFOP,20110902,7.9,8.28,7.84,8.05,68800
AFSI,20110902,23.09,23.59,23.04,23.05,243900
AGEN,20110902,0.5,0.55,0.48,0.49,2115100
AGII,20110902,25.94,26.7,25.64,25.93,105200
AGNC,20110902,27,27.88,26.7,27.27,8698200
AGYS,20110902,8.5,8.66,8.08,8.11,96400
AHGP,20110902,47.75,48.57,47.29,47.72,73700
AHPI,20110902,3.42,3.6,3.36,3.42,4000
AIMC,20110902,14.2,14.44,13.5,13.64,228800
AINV,20110902,8.82,8.9,8.51,8.52,2256400
AIRM,20110902,21.5033,21.92,20.9933,21.02,103900
AIRT,20110902,7.92,7.98,7.91,7.98,5300
AIXG,20110902,20.41,20.71,20.11,20.38,245400
AKAM,20110902,21.04,21.08,20.42,20.5,2948300
AKRX,20110902,8.04,8.22,7.91,7.99,765000
ALCO,20110902,20.28,20.63,20.14,20.2,22200
ALGN,20110902,18.39,18.79,17.57,17.82,421600
ALGT,20110902,45.26,46.17,44.95,45.32,107500
ALIM,20110902,6.94,7.09,6.79,6.86,59800
ALKS,20110902,16.72,17.08,16.52,16.56,542900
ALLB,20110902,10.16,10.31,10.16,10.16,500
ALLT,20110902,11.91,12.07,11.53,11.73,108400
ALNY,20110902,6.68,6.8,6.49,6.52,310700
ALOG,20110902,47.28,47.41,45.25,45.82,73000
ALOT,20110902,7.35,7.35,7.35,7.35,100
ALSK,20110902,7.45,7.54,7.31,7.31,678400
ALTE,20110902,19.68,20.03,19.51,19.51,453400
ALTI,20110902,1.15,1.25,1.1,1.17,152800
ALTR,20110902,35.34,35.53,34.43,34.75,5345600
ALVR,20110902,12.2,12.4,12.1,12.3,101500
ALXA,20110902,13,13.3,12.3,12.3,808100
ALXN,20110902,56.22,58.07,55.24,56.89,1117200
AMAG,20110902,13.72,13.84,13.39,13.58,164500
AMAP,20110902,14.83,15.13,14.62,14.62,96000
AMAT,20110902,10.89,10.96,10.8,10.84,11991000
AMBT,20110902,7.17,7.73,7.17,7.52,1600
AMCC,20110902,5.26,5.35,5.13,5.19,1078100
AMCF,20110902,1.6,1.69,1.6,1.68,26500
AMCN,20110902,2.6,2.73,2.6,2.64,200600
AMCX,20110902,34.5,35.52,33.99,34.02,153400
AMED,20110902,16.14,16.14,15.36,15.37,382500
AMGN,20110902,54.42,55.2,54.07,54.1,6219100
AMIC,20110902,5.87,5.87,5.27,5.28,9500
AMKR,20110902,4.16,4.23,4.12,4.16,3136900
AMNB,20110902,18.11,18.32,17.84,18.11,11300
AMOT,20110902,5.28,5.29,5.25,5.28,3300
AMOV,20110902,25,25.01,24.36,24.7,5600
AMPE,20110902,6.71,7.26,6.7,7.02,43700
AMRB,20110902,5.05,5.05,5.05,5.05,0
AMRI,20110902,3.36,3.39,3.27,3.27,85800
AMRN,20110902,10.71,11.1,10.2,10.83,1340200
AMRS,20110902,19.45,19.57,18.82,18.89,106700
AMSC,20110902,6.42,6.46,6,6.09,871600
AMSF,20110902,19.21,19.21,18.8,18.95,78400
AMSG,20110902,21.83,22.08,21.08,21.09,126400
AMSWA,20110902,7.58,7.88,7.25,7.38,93300
AMWD,20110902,14.27,14.3,12.86,12.86,30900
AMZN,20110902,208.94,210.69,207,210,4237200
ANAC,20110902,4.8,4.84,4.8,4.8,51300
ANAD,20110902,2.54,2.6,2.5,2.51,254600
ANAT,20110902,72.19,72.91,71.4,71.41,19300
ANCB,20110902,7.95,7.95,7.95,7.95,0
ANCI,20110902,2.25,2.25,2.16,2.22,1900
ANCX,20110902,8.25,8.25,8.1,8.1,7900
ANDE,20110902,37.75,38.57,37.25,37.5,118200
ANEN,20110902,19.59,21,19.12,19.78,95000
ANGO,20110902,14.05,14.24,13.45,13.53,89400
ANIK,20110902,5.88,5.88,5.8,5.81,8300
ANLY,20110902,3.49,3.55,3.4,3.41,30100
ANSS,20110902,52.26,52.45,50.91,51.21,575400
ANTH,20110902,5.34,5.34,4.77,5,115200
ANTP,20110902,2.39,2.4,2.35,2.35,6800
AOSL,20110902,8.25,8.35,7.86,7.86,61600
APAGF,20110902,72.75,76.5,72.5,74.42,31100
APEI,20110902,39.18,39.76,38.28,38.73,129000
APFC,20110902,7.35,7.5,7.35,7.4,4100
APOG,20110902,8.97,8.97,8.41,8.49,102700
APOL,20110902,45.27,45.29,44.05,44.55,1858200
APPY,20110902,19.8,22.08,17.58,21.96,11400
APRI,20110902,5.02,5.02,4.51,4.7,346300
APSA,20110902,18.74,19.3,18.72,19,3100
APWC,20110902,3.53,3.59,3.25,3.58,11200
ARAY,20110902,4.61,4.77,4.45,4.46,463600
ARCC,20110902,14.45,14.65,14.34,14.4,1409900
ARCI,20110902,4.2,4.25,4.18,4.25,8000
ARCW,20110902,3.01,3.02,3,3,400
ARDNA,20110902,80.5,83,80.24,80.66,2300
AREX,20110902,17.98,18.66,17.62,18.14,473100
ARIA,20110902,9.11,9.69,8.9,9.32,2790900
ARII,20110902,16.53,17.01,15.93,16.09,61600
ARKR,20110902,13.78,13.79,13.59,13.69,1500
ARLP,20110902,72.01,73.03,70.61,72.95,96000
ARMH,20110902,26.56,26.93,26.25,26.79,2512200
ARNA,20110902,1.28,1.28,1.24,1.26,1518400
AROW,20110902,22.78,23.43,22.51,22.53,43200
ARQL,20110902,4.27,4.3,4.1,4.11,369100
ARRS,20110902,10.6,10.77,10.31,10.38,1265500
ARRY,20110902,2.04,2.18,2.02,2.16,350700
ARTC,20110902,31.79,31.94,30.66,31.15,166900
ARTNA,20110902,17.75,18.18,17.75,17.86,22200
ARTW,20110902,6.64,6.86,6.6,6.66,1900
ARTX,20110902,1.59,1.66,1.57,1.57,19900
ARUN,20110902,19.73,20.37,19.31,19.69,3907700
ARWR,20110902,0.55,0.56,0.5,0.51,53200
ASBC,20110902,10.38,10.59,10.15,10.21,1512300
ASBI,20110902,3.71,4.2,3.71,4.19,5800
ASCA,20110902,18.13,18.43,17.72,17.87,433700
ASCMA,20110902,45.58,46.24,43,43.96,56900
ASEI,20110902,65.24,65.24,63.04,63.07,51700
ASFI,20110902,8.33,8.33,8.06,8.06,6500
ASIA,20110902,10.31,11.14,10.15,11,1222400
ASMI,20110902,25.02,25.17,24.48,24.55,58300
ASML,20110902,33.71,34.31,33.66,33.92,1888400
ASNA,20110902,13.465,13.67,13.23,13.265,582300
ASPS,20110902,35.12,35.21,34.63,34.83,37300
ASRV,20110902,2.13,2.2,2.06,2.06,3100
ASRVP,20110902,25.4,25.4,25.4,25.4,0
ASTC,20110902,0.73,0.77,0.73,0.74,9800
ASTE,20110902,32.41,32.77,31.37,31.66,82600
ASTI,20110902,0.99,0.99,0.94,0.94,115100
ASTM,20110902,2.61,2.65,2.55,2.58,142500
ASUR,20110902,2.3467,2.3867,2.2667,2.3733,1900
ASYS,20110902,10.2,10.52,9.92,10.05,238000
ATAI,20110902,9.29,9.53,9.22,9.47,2500
ATAX,20110902,5.35,5.55,5.35,5.43,52400
ATEA,20110902,2.61,2.62,2.45,2.45,2000
ATEC,20110902,2.54,2.56,2.37,2.4,246700
ATHN,20110902,56.63,57.79,55.92,56.25,468700
ATHX,20110902,2.05,2.1,1.98,1.99,64200
ATLO,20110902,15.99,16.17,15.75,15.75,16400
ATMI,20110902,16.3,16.51,16.17,16.26,185400
ATML,20110902,8.6,8.78,8.5,8.56,7404300
ATNI,20110902,32.61,32.92,31.18,31.48,36800
ATNY,20110902,4.56,4.87,4.45,4.75,21100
ATRC,20110902,9.6,9.86,9.41,9.41,43400
ATRI,20110902,209.57,209.57,202.43,204.25,1600
ATRM,20110902,1.52,1.52,1.52,1.52,0
ATRO,20110902,28.24,28.85,28.1,28.34,64000
ATSG,20110902,5.2,5.31,5.16,5.18,407400
ATVI,20110902,11.4,11.5,11.25,11.33,5629200
ATX,20110902,9.78,10.12,9.76,9.81,99400
AUBN,20110902,19.18,19.18,19.18,19.18,200
AUDC,20110902,3.97,4.02,3.91,3.95,50500
AUXL,20110902,16.5,16.62,16.13,16.4,617900
AVAV,20110902,28.73,29.3,27.78,28.43,235900
AVEO,20110902,16.57,16.84,15.82,15.91,217100
AVGO,20110902,30.84,31.54,30.51,31.13,1686100
AVID,20110902,9.3,9.5,9.11,9.3,188300
AVNR,20110902,2.7,2.77,2.65,2.68,3718000
AVNW,20110902,2.43,2.49,2.36,2.38,467300
AWAY,20110902,40.64,41.01,39.08,40.56,109000
AWRE,20110902,3.12,3.2,2.95,3,3100
AXAS,20110902,3.42,3.45,3.21,3.3,1932900
AXFN,20110902,20.87,20.87,20.87,20.87,0
AXTI,20110902,7.57,7.75,7.29,7.32,351700
AZPN,20110902,16.18,16.32,15.88,15.97,599100
BABY,20110902,9.8,10.02,9.66,9.69,262300
BAGL,20110902,14.33,14.42,13.73,13.87,41200
BAMM,20110902,2.73,2.76,2.65,2.68,26300
BANC,20110902,11.93,12.21,11.3,11.37,52600
BANF,20110902,34.07,34.66,33.51,33.72,51400
BANFP,20110902,27,27,27,27,0
BANR,20110902,14.83,15,14.14,14.2,139900
BASI,20110902,1.58,1.58,1.53,1.55,800
BBBY,20110902,56.49,57.1,55.87,56.44,3146900
BBEP,20110902,18,18.42,17.95,18.09,196700
BBGI,20110902,3.89,3.89,3.82,3.84,7000
BBNK,20110902,10.2,10.42,9.63,9.72,16300
BBOX,20110902,23.3,23.38,22.56,22.89,93000
BBRG,20110902,19.66,20.03,18.76,18.82,164100
BBRY,20110902,31.21,31.29,29.68,30.12,24090900
BBSI,20110902,13.56,14.08,13.29,13.82,35000
BCBP,20110902,10.02,10.05,9.92,9.92,1300
BCOM,20110902,19.75,19.75,19.75,19.75,500
BCPC,20110902,40.21,40.87,39.42,39.5,158100
BCRX,20110902,2.96,3.08,2.85,2.91,334500
BCSB,20110902,12.4,12.4,12.4,12.4,0
BDE,20110902,7.12,7.2,7,7.01,54000
BDGE,20110902,19,19.25,17.85,18.23,33900
BDMS,20110902,17.98,18.5,17.98,18.5,1400
BDSI,20110902,3.35,3.37,3.25,3.33,76800
BEAT,20110902,3.16,3.21,3.11,3.14,103300
BEAV,20110902,33.26,33.42,31.87,32.08,1675400
BEBE,20110902,6.64,6.64,6.3,6.33,369500
BECN,20110902,17.47,17.67,16.94,17.08,444900
BELFA,20110902,18.28,18.29,17.75,17.75,1100
BELFB,20110902,16.24,16.6,16.04,16.09,26700
BERK,20110902,6.6,6.6,6.53,6.55,1800
BFIN,20110902,7.29,7.52,7.18,7.24,64400
BFLY,20110902,1.75,1.75,1.75,1.75,200
BGCP,20110902,6.33,6.34,6.03,6.07,892900
BGFV,20110902,7,7.08,6.58,6.63,113000
BGMD,20110902,5.15,5.29,4.75,4.8,46800
BIB,20110902,28.155,29.435,27.9,27.91,7700
BICK,20110902,26.92,27.06,26.67,26.67,19000
BIDU,20110902,140,141.84,137.73,140.45,5831400
BIIB,20110902,92.35,93.61,91.35,91.58,975700
BIOD,20110902,4.8,4.88,4.64,4.72,241400
BIOF,20110902,5.6,6.2,5.6,5.6,103900
BIOS,20110902,5.95,6.35,5.7,5.78,215700
BIRT,20110902,6.15,6.25,6.03,6.04,272400
BIS,20110902,44.35,44.65,43.92,44.49,5100
BJRI,20110902,44.41,45.08,44.07,44.38,261100
BKCC,20110902,8.44,8.57,8.21,8.28,517900
BKEP,20110902,7.3,7.49,7.25,7.47,2200
BKMU,20110902,2.97,3.04,2.86,2.89,169900
BKOR,20110902,3.99,3.99,3.99,3.99,0
BKSC,20110902,9.4,9.4,9.4,9.4,300
BKYF,20110902,20.65,21.16,20.05,20.82,32800
BLDP,20110902,1.31,1.33,1.28,1.31,69400
BLDR,20110902,1.75,1.84,1.65,1.68,151300
BLIN,20110902,0.81,0.81,0.81,0.81,200
BLKB,20110902,24.2,24.5,23.51,23.66,199400
BLRX,20110902,4,4,4,4,100
BMC,20110902,39.17,39.35,38.64,38.92,1903600
BMRC,20110902,34.55,34.55,33.26,33.27,27200
BMRN,20110902,28.37,28.9,28.17,28.57,1143700
BMTC,20110902,18.07,18.18,17.52,17.55,39600
BNCL,20110902,7.4,7.45,7.21,7.26,123200
BNCN,20110902,6.89,6.9,6.89,6.9,300
BNSO,20110902,1.65,1.66,1.46,1.46,12200
BOBE,20110902,30.12,30.53,29.67,29.77,199300
BOCH,20110902,3.57,3.67,3.57,3.67,4300
BODY,20110902,18.18,18.18,17.06,17.26,111600
BOFI,20110902,14.29,14.59,14.02,14.08,34500
BOKF,20110902,46.36,47.39,45.58,45.58,138400
BOLT,20110902,10.89,11.19,10.72,11.12,14600
BONA,20110902,4.73,4.75,4.7,4.7,13000
BONT,20110902,6.14,6.5,6.01,6.48,203500
BOOM,20110902,18.54,19.06,18.02,18.15,57300
BOSC,20110902,5.6,6.04,5.44,5.44,3200
BPAX,20110902,14.7,15.48,14.52,15.12,1870100
BPFH,20110902,5.57,5.72,5.46,5.47,806500
BPFHW,20110902,2,2,2,2,0
BPHX,20110902,0.88,0.92,0.75,0.82,38700
BPOP,20110902,20.1,20.2,19.2,19.2,5466500
BPOPM,20110902,17.38,17.48,17.38,17.48,400
BPOPN,20110902,19.75,19.75,19.68,19.75,1900
BRCD,20110902,3.65,3.74,3.62,3.64,10541200
BRCM,20110902,34.48,34.76,34.21,34.57,5564000
BRID,20110902,9.55,9.73,9.48,9.73,2900
BRKL,20110902,8.12,8.2,7.78,7.82,729200
BRKR,20110902,13.51,13.51,13.15,13.26,514700
BRKS,20110902,8.7,8.9,8.46,8.53,413000
BRLI,20110902,20.01,20.19,19.78,19.88,206100
BSDM,20110902,2.84,2.92,2.82,2.89,13500
BSET,20110902,7.29,7.48,7.12,7.36,8200
BSFT,20110902,30.18,30.31,28.5,29.36,556300
BSPM,20110902,3.18,3.18,2.76,2.85,110700
BSQR,20110902,4.59,4.74,4.56,4.71,23700
BSRR,20110902,9.91,9.99,9.71,9.73,30900
BSTC,20110902,16.97,17.15,16.46,17,12000
BTUI,20110902,5.53,5.85,5.32,5.32,3900
BUSE,20110902,4.55,4.71,4.36,4.36,313300
BVSN,20110902,9,9,8.63,8.85,6500
BWEN,20110902,6.8,6.8,5.6,5.6,1741200
BWINA,20110902,24.33,24.33,24.33,24.33,0
BWINB,20110902,22.46,22.77,21.79,21.79,27100
BWLD,20110902,60.37,62.2,59.86,60.69,272600
BYFC,20110902,1.48,1.48,1.48,1.48,200
CA,20110902,20.33,20.51,20.05,20.15,2853600
CAAS,20110902,4.98,4.98,4.74,4.79,102600
CAC,20110902,27.62,27.62,26.7,26.7,36400
CACB,20110902,9,9.25,8.55,8.55,12900
CACC,20110902,67.15,67.35,64.73,65.22,64400
CACH,20110902,5.23,5.43,5.15,5.25,15900
CADC,20110902,1.8,1.83,1.7,1.71,25400
CADX,20110902,6.3,6.65,6.1,6.13,199100
CAFI,20110902,1.44,1.44,1.44,1.44,1100
CAKE,20110902,26.63,27.01,26.26,26.37,674100
CALD,20110902,4.39,4.52,4.23,4.27,248500
CALI,20110902,8.46,9.3,8.1,8.94,11600
CALL,20110902,10.005,10.3,9.87,10.045,25200
CALM,20110902,31.49,32.99,31.49,32.23,170400
CAMP,20110902,2.96,2.99,2.91,2.97,46100
CAMT,20110902,2.28,2.38,2.26,2.35,23000
CAR,20110902,12.62,12.82,12.19,12.35,1552700
CARB,20110902,13.84,13.92,13.16,13.16,65200
CART,20110902,2.75,2.75,2.75,2.75,100
CARV,20110902,0.69,0.69,0.69,0.69,100
CARZ,20110902,25.58,25.58,25.58,25.58,0
CASH,20110902,18.28,18.32,18.21,18.32,300
CASM,20110902,2.68,2.78,2.68,2.72,2300
CASS,20110902,34.91,35.52,34.33,34.51,43700
CASY,20110902,43.75,44.42,43.53,43.76,283700
CATM,20110902,24,24.92,24,24.25,326700
CATY,20110902,11.82,12.15,11.54,11.58,754300
CAVM,20110902,30.62,31.18,29.97,30.22,792200
CBAK,20110902,5.25,5.4,5.15,5.25,142200
CBAN,20110902,2.97,2.98,2.97,2.98,200
CBEY,20110902,9.18,9.33,8.84,9.07,246400
CBIN,20110902,9.99,9.99,9.99,9.99,300
CBLI,20110902,2.33,2.37,2.22,2.24,107700
CBMX,20110902,25.4,26.5,25.1,26.5,3100
CBMXW,20110902,1.8,1.8,1.8,1.8,0
CBNJ,20110902,7.83,8,7.55,7.6,42400
CBNK,20110902,14,14.01,14,14,3900
CBOE,20110902,24.49,24.49,23.88,24.03,698000
CBPO,20110902,7.55,8,7.51,7.63,4900
CBRL,20110902,40.5,40.86,39.81,40.58,345300
CBRX,20110902,2.23,2.25,2.07,2.09,471300
CBSH,20110902,37.69,38.13,37.1,37.15,544200
CBST,20110902,32.68,33.83,32.5,32.9,812400
CCBG,20110902,9.99,10.14,9.97,10.06,61500
CCCL,20110902,3.7,3.7,3.59,3.67,48300
CCIH,20110902,6.68,6.9,6.6,6.6,62300
CCIX,20110902,11.51,11.6,10.73,10.87,139800
CCMP,20110902,37.96,38.08,36.79,37.09,136200
CCNE,20110902,12.75,13.18,12.37,12.6,49500
CCOI,20110902,13.46,13.82,13.08,13.17,194700
CCRN,20110902,4.56,4.69,4.29,4.33,155400
CCUR,20110902,5.61,5.75,5.3,5.45,11600
CDNS,20110902,9.07,9.24,8.8,8.88,2143800
CDTI,20110902,3.8,4.07,3.75,3.89,73000
CDXS,20110902,6.07,6.16,5.58,5.6,225000
CDZI,20110902,10.07,10.4,8.96,8.98,28500
CECE,20110902,5.65,6.31,5.65,5.7,8200
CECO,20110902,15.71,15.79,15.11,15.36,810700
CEDU,20110902,6.04,6.04,5.74,6,1100
CELG,20110902,58.58,59.62,58.26,58.34,2369200
CELGZ,20110902,1.59,1.6,1.59,1.6,1500
CENT,20110902,7.4,7.63,7.35,7.37,80500
CENTA,20110902,7.4,7.7,7.37,7.37,283500
CENX,20110902,11.08,11.29,10.92,11.09,1445200
CERN,20110902,64.15,64.82,63.06,64,1169100
CERS,20110902,2.02,2.06,1.98,2.02,168600
CETV,20110902,12.03,12.25,11.4,11.48,310100
CEVA,20110902,25,25.98,24.3,24.7,219200
CFBK,20110902,3.75,3.75,3.75,3.75,0
CFFI,20110902,23.13,23.75,23.11,23.49,1100
CFFN,20110902,10.51,10.58,10.47,10.48,1093100
CFNB,20110902,16.4,16.7,16,16.01,3100
CFNL,20110902,9.33,9.63,9.17,9.23,134100
CGEN,20110902,3.6,3.69,3.6,3.64,45800
CGNX,20110902,30.43,30.95,29.41,29.62,359600
CHCI,20110902,1.11,1.11,1.03,1.05,9500
CHCO,20110902,28.5,29.15,27.49,27.62,73400
CHDN,20110902,42.4,42.4,40.47,40.55,41900
CHDX,20110902,10.5,10.7,9.74,9.87,48200
CHEF,20110902,13.78,13.78,13.13,13.56,54500
CHEV,20110902,8.62,8.62,8.62,8.62,0
CHFC,20110902,16.43,16.51,15.76,15.78,190300
CHFN,20110902,8.97,8.99,8.45,8.46,13900
CHKE,20110902,12.96,13.25,12.96,12.99,51600
CHKP,20110902,53.03,53.49,52.5,53.06,1587100
CHLN,20110902,1.01,1.02,1,1,58300
CHNR,20110902,12.19,12.19,11.7,11.78,1800
CHOP,20110902,3.68,3.89,3.65,3.87,52400
CHRM,20110902,11.49,11.5,11.13,11.13,21900
CHRW,20110902,68,68.35,66.51,66.99,1257000
CHSCP,20110902,28.36,28.48,28.05,28.05,13900
CHTP,20110902,4.31,4.37,4.08,4.09,569500
CHTR,20110902,49.13,49.6,48.48,48.88,233900
CHYR,20110902,2.03,2.08,1.96,1.96,21100
CIDM,20110902,1.45,1.47,1.37,1.43,33900
CIEN,20110902,14.46,14.54,13.52,13.78,14355700
CIMT,20110902,3.99,3.99,3.72,3.88,6500
CINF,20110902,26.87,27.35,26.83,26.88,1222700
CISG,20110902,10.11,10.4,9.8,9.8,502100
CITZ,20110902,5.44,5.44,5.23,5.23,4300
CIZN,20110902,18.76,18.9,18.5,18.5,2200
CJJD,20110902,1.74,1.76,1.72,1.73,33900
CKEC,20110902,6.72,6.96,6.64,6.9,52200
CKSW,20110902,8.25,8.43,8.19,8.27,40000
CLBH,20110902,2.49,2.49,2.47,2.47,200
CLCT,20110902,16.74,16.83,16.5,16.6,15800
CLDX,20110902,2.88,2.93,2.72,2.76,248500
CLFD,20110902,7,7.51,7,7.1,80900
CLMS,20110902,11.05,11.17,10.72,10.74,110800
CLMT,20110902,19.78,20,19.78,19.98,55400
CLNE,20110902,12.5,12.75,12.28,12.42,1283700
CLNT,20110902,0.68,0.68,0.65,0.65,38800
CLRO,20110902,6.41,6.43,6.31,6.31,2100
CLSN,20110902,3.46,3.63,3.4,3.6,440300
CLUB,20110902,7.2,7.2,6.84,6.84,135800
CLWR,20110902,3.06,3.12,2.96,3.1,5361100
CLWT,20110902,5.225,5.225,5.225,5.225,0
CMCO,20110902,12.97,13.12,12.2,12.46,128300
CMCSA,20110902,21.19,21.35,20.84,21,16466500
CMCSK,20110902,21.07,21.11,20.64,20.8,3579200
CME,20110902,260.75,263.67,255.11,258.7,582600
CMLS,20110902,2.6,2.6,2.47,2.52,260700
CMSB,20110902,8.1,8.1,8.1,8.1,0
CMTL,20110902,27.3,27.82,27.12,27.34,241000
CNBC,20110902,9.15,9.45,9,9.01,41700
CNBKA,20110902,25.33,25.33,23.55,24.31,7200
CNET,20110902,1.22,1.82,1.22,1.6,128600
CNIT,20110902,1.23,1.27,1.21,1.26,137900
CNMD,20110902,24.76,24.76,22.4,22.4,162200
CNQR,20110902,40.33,40.58,38.79,39.03,520200
CNSL,20110902,18.46,18.76,18.37,18.39,158400
CNTF,20110902,2.75,2.79,2.55,2.56,248100
CNTY,20110902,2.74,2.8,2.7,2.77,8300
CNYD,20110902,3.25,3.25,3.2,3.25,3300
COBK,20110902,12.05,12.05,12.04,12.05,10800
COBR,20110902,3.34,3.54,3.34,3.54,2200
COBZ,20110902,5.2,5.24,4.88,4.89,135900
COCO,20110902,1.95,1.96,1.85,1.91,2033800
COGO,20110902,2.43,2.65,2.41,2.57,256000
COHR,20110902,42.67,42.96,40.55,40.92,148400
COHU,20110902,11.02,11.14,10.43,10.58,126800
COKE,20110902,55.58,55.98,54.49,55.01,41200
COLB,20110902,15.26,15.8,14.96,14.98,226900
COLM,20110902,50.57,50.82,49.23,49.58,98300
CONN,20110902,5.4,5.4,5.16,5.24,179300
COOL,20110902,2.41,2.45,2.35,2.38,696400
CORE,20110902,33.99,34.7,33.99,34.04,58200
CORT,20110902,2.69,2.79,2.6,2.6,195800
COSI,20110902,0.66,0.69,0.62,0.69,89900
COST,20110902,78.23,79.68,78.08,78.56,2459200
COWN,20110902,3.3,3.36,3.15,3.21,540500
CPBC,20110902,4.85,4.85,4.85,4.85,0
CPGI,20110902,1.17,1.17,1.11,1.13,12100
CPHC,20110902,8.76,9.5,8.76,9.5,600
CPHD,20110902,34.57,35.3,33.7,34.01,472100
CPIX,20110902,6.12,6.13,5.87,5.98,57400
CPLA,20110902,30.06,30.88,30.03,30.42,392600
CPLP,20110902,6.4,6.4,5.99,6.06,200900
CPNO,20110902,31.51,31.83,31.25,31.77,193700
CPRT,20110902,20.8,21.055,20.6,20.665,167700
CPRX,20110902,1.28,1.31,1.21,1.3,18700
CPSI,20110902,67.61,68.73,66.38,66.5,56500
CPSL,20110902,10.56,10.56,9.84,9.96,188900
CPSS,20110902,1,1.06,1,1.02,22800
CPST,20110902,1.11,1.13,1.09,1.1,1731200
CPTS,20110902,10.11,10.28,9.98,10.05,146400
CPWR,20110902,8.02,8.1,7.79,7.86,1125500
CRAI,20110902,22.9,23.33,22.02,22.09,57800
CRAY,20110902,5.39,5.43,5.29,5.34,148000
CRDC,20110902,2.19,2.3,2.19,2.22,60000
CRDS,20110902,6.79,6.92,6,6.7,23600
CREE,20110902,30.14,31.1,29.91,30.23,2634400
CREG,20110902,1.37,1.39,1.28,1.39,11200
CRESW,20110902,0.14,0.14,0.14,0.14,0
CRESY,20110902,13.97,14.12,13.86,14.01,127500
CRFN,20110902,3.78,3.89,3.72,3.87,800
CRIS,20110902,2.95,3.02,2.85,2.88,463700
CRMB,20110902,6.06,6.06,5.51,5.71,35500
CRMBW,20110902,0.55,0.55,0.54,0.55,10900
CRME,20110902,18.3,18.55,17.9,18.05,110800
CRMT,20110902,28.62,29.05,28.05,28.44,92700
CRNT,20110902,9.6,9.68,9.45,9.65,201300
CROX,20110902,26.5,26.5,25.07,25.4,3093400
CRRC,20110902,6.84,6.99,6.44,6.61,42900
CRTX,20110902,7.55,7.74,7.5,7.5,31500
CRUS,20110902,14.18,14.55,14.08,14.2,1319200
CRVL,20110902,44.53,45.18,43.52,43.9,85900
CRWN,20110902,1.22,1.27,1.16,1.17,112500
CRWS,20110902,4.13,4.15,4.13,4.15,700
CRZO,20110902,28.28,28.46,27.01,27.54,1042200
CSBK,20110902,9.6,9.6,9.38,9.5,22600
CSCD,20110902,3.83,4.17,3.83,3.93,2700
CSCO,20110902,15.51,15.72,15.3,15.41,55499600
CSFL,20110902,5.6,5.8,5.55,5.63,130300
CSGP,20110902,48.57,49.84,48.31,48.36,195900
CSGS,20110902,13.09,13.09,12.71,12.74,570800
CSII,20110902,13,13.17,12.55,12.56,81000
CSIQ,20110902,6.31,6.43,5.91,6.04,579300
CSOD,20110902,15.06,15.18,14.29,14.34,62600
CSPI,20110902,3.44,3.44,3.41,3.42,2900
CSTR,20110902,45.97,46.57,44.63,45.22,777100
CSUN,20110902,1.19,1.19,1.13,1.15,150600
CSWC,20110902,81.82,83.78,80.56,81,9400
CTAS,20110902,30.94,31.3,30.63,30.83,680300
CTBI,20110902,24.52,24.82,23.96,24,91700
CTCH,20110902,3.3,3.33,3.23,3.23,6800
CTCM,20110902,15.2,15.36,14.53,14.63,368600
CTCT,20110902,17.88,18.11,17.2,17.41,290900
CTGX,20110902,10.26,10.82,9.87,10.07,51400
CTHR,20110902,2.45,2.45,2.45,2.45,6300
CTIB,20110902,4.27,4.27,4.19,4.19,1200
CTIC,20110902,5.85,6.05,5.7,5.95,1571200
CTRN,20110902,11.19,11.37,11.04,11.25,216100
CTRP,20110902,40.21,40.29,39.09,39.67,1198000
CTRX,20110902,26.065,26.775,25.705,26.2,270900
CTSH,20110902,61.65,62.48,60.9,61.1,2410100
CTWS,20110902,25.85,25.98,25.28,25.38,22800
CTXS,20110902,57.95,58.5,56.92,57.35,2440100
CU,20110902,35.92,36.26,35.77,35.81,23300
CUBA,20110902,6.47,6.52,6.4,6.47,12100
CUTR,20110902,7.47,7.55,7.31,7.47,20400
CVBF,20110902,8.12,8.24,7.9,7.97,808700
CVCO,20110902,34.17,34.66,33.44,33.95,35300
CVCY,20110902,6.2,6.2,6.19,6.19,2000
CVGI,20110902,6.6,6.74,6.29,6.35,282600
CVGW,20110902,18.93,19.38,18.93,19.06,47000
CVLT,20110902,33.61,33.95,32.18,32.38,431100
CVLY,20110902,9.75,9.75,9.75,9.75,100
CVTI,20110902,4.6,4.6,4.08,4.19,42800
CVV,20110902,17,18.71,16.1,18.62,234000
CWBC,20110902,2.57,2.57,2.57,2.57,0
CWCO,20110902,7.88,7.92,7.66,7.66,56400
CWEI,20110902,54.21,55.03,51.66,53.22,79900
CWST,20110902,5.88,5.99,5.56,5.6,113800
CWTR,20110902,3.4,3.48,3.2,3.28,834400
CXDC,20110902,5.25,5.33,5.2,5.2,139300
CXPO,20110902,2.8,2.9,2.68,2.7,174000
CY,20110902,15.12,15.49,15.1,15.24,2776300
CYAN,20110902,3.75,3.75,3.65,3.66,1700
CYBE,20110902,8.1,8.1,7.81,7.81,700
CYBX,20110902,27.18,27.88,27.08,27.41,191400
CYCC,20110902,5.88,5.88,5.25,5.39,173800
CYCCP,20110902,3.33,3.33,3.33,3.33,0
CYMI,20110902,38.21,38.81,37.51,37.68,214700
CYNO,20110902,9.4,9.75,9.1,9.18,37500
CYOU,20110902,37.71,37.71,36.06,36.13,394100
CYTK,20110902,1.07,1.13,1.04,1.11,136300
CYTR,20110902,2.52,2.59,2.45,2.45,613200
CYTX,20110902,3.03,3.18,3.02,3.15,377400
CYTXW,20110902,2.15,2.15,2.15,2.15,0
CZFC,20110902,6.4,6.4,6.4,6.4,0
CZNC,20110902,15.68,15.79,14.53,14.53,42800
CZWI,20110902,5.44,5.44,5.44,5.44,200
DAEG,20110902,2.13,2.25,2.05,2.05,800
DAIO,20110902,5.41,5.56,5.31,5.48,13000
DAKT,20110902,9.17,9.44,8.99,9.2,249400
DARA,20110902,2.02,2.07,1.99,1.99,5500
DATE,20110902,12.5,12.86,12.36,12.73,167900
DAVE,20110902,9.27,9.48,9.25,9.39,9000
DBLE,20110902,9,9.21,8.44,8.62,75600
DBLEP,20110902,25.25,25.25,24.88,25,2800
DCIX,20110902,5.15,5.18,5,5.01,60900
DCOM,20110902,11.32,11.47,10.99,11,156500
DCTH,20110902,3.58,3.91,3.5,3.81,683300
DECK,20110902,88,88.04,85.35,85.9,1190600
DELL,20110902,14.39,14.56,14.18,14.24,12658400
DENN,20110902,3.58,3.69,3.48,3.48,536100
DEPO,20110902,6,6.06,5.87,5.88,575700
DEST,20110902,13.76,13.85,13.49,13.64,213500
DFZ,20110902,9.51,9.65,9.5,9.55,25900
DGAS,20110902,16.94,16.94,16.265,16.375,1200
DGICA,20110902,11.55,11.98,11.55,11.61,36000
DGICB,20110902,15.65,15.65,15.65,15.65,200
DGII,20110902,12.54,12.58,12.22,12.35,140600
DGIT,20110902,20.56,21.17,20.05,20.2,364200
DGLY,20110902,0.92,0.95,0.8,0.86,25900
DHIL,20110902,71.12,72.32,69.67,70.05,30400
DHRM,20110902,2.6,2.87,2.54,2.55,3800
DIOD,20110902,19.02,19.24,18.38,18.52,293700
DISCA,20110902,40.66,41.11,40.33,40.34,1709400
DISCB,20110902,41.79,41.79,41.79,41.79,0
DISCK,20110902,38.48,39.02,38.31,38.77,596000
DISH,20110902,24.5,24.53,23.76,24.3,3158600
DJCO,20110902,69.04,69.04,68.85,68.85,400
DLGC,20110902,13.55,14.95,12.65,12.8,67000
DLIA,20110902,1.58,1.64,1.58,1.61,18900
DLLR,20110902,20.75,21.49,20.75,21.29,420800
DLTR,20110902,35.285,35.905,35.14,35.605,1094400
DMLP,20110902,24.19,24.31,24.02,24.06,37200
DMND,20110902,76.04,78.02,75,76.28,132200
DMRC,20110902,32.74,33.29,31.72,31.72,51600
DNBF,20110902,10.2,10.2,10.2,10.2,6000
DNDN,20110902,11.58,11.68,10.7,10.96,6495300
DNKN,20110902,26.98,27.68,26.5,27,975700
DORM,20110902,15.015,15.015,14.28,14.455,81300
DOVR,20110902,3.7,3.7,3.7,3.7,0
DRAD,20110902,2.42,2.47,2.38,2.39,8400
DRAM,20110902,6.84,7.02,6.84,7.02,200
DRCO,20110902,9.39,9.53,9.22,9.25,31200
DRIV,20110902,18.95,18.95,18.49,18.58,487800
DRRX,20110902,1.44,1.54,1.44,1.44,486800
DRWI,20110902,4.39,4.4,4.3,4.36,210900
DRYS,20110902,2.93,3.04,2.9,2.95,5216300
DSCI,20110902,8.05,8.27,8.05,8.19,51600
DSCO,20110902,2.06,2.09,2.02,2.09,70700
DSGX,20110902,6.43,6.43,6.17,6.17,8800
DSPG,20110902,6.27,6.37,6.22,6.29,114000
DSWL,20110902,3.14,3.29,3.14,3.24,22300
DTLK,20110902,9.25,9.58,9.15,9.28,281600
DTSI,20110902,29.57,30.3,28.46,28.79,216200
DTV,20110902,42.77,43.09,41.93,42.22,6094500
DVAX,20110902,2.29,2.31,2.17,2.19,690400
DVOX,20110902,5.93,6.11,5.84,5.94,39300
DWA,20110902,20.09,20.23,19.68,19.79,623700
DWCH,20110902,5.38,5.38,5.33,5.38,1900
DWSN,20110902,32.85,33.05,31.4,32,45100
DXCM,20110902,11.66,12.02,11.41,11.52,388500
DXPE,20110902,22.54,22.94,21.18,21.52,31900
DXYN,20110902,3.89,3.89,3.89,3.89,100
DYAX,20110902,1.45,1.47,1.4,1.42,435200
DYNT,20110902,5.25,5.45,5.1,5.35,61700
DYSL,20110902,2.85,2.91,2.85,2.87,2500
EBAY,20110902,29.97,30.03,29.16,29.41,7975800
EBIX,20110902,16.11,16.11,15.02,15.33,542200
EBMT,20110902,10.46,10.46,10.46,10.46,300
EBSB,20110902,12,12.18,11.85,11.88,24400
EBTC,20110902,13.29,13.79,12.82,12.86,12600
ECHO,20110902,13.19,13.52,13.15,13.24,141100
ECOL,20110902,17.43,17.59,16.78,16.84,128700
ECPG,20110902,22.31,22.35,21.89,22.25,182400
ECTE,20110902,3.76,3.99,3.65,3.89,150800
ECTY,20110902,2.02,2.05,1.97,2.05,64200
ECYT,20110902,10.78,11.45,10.53,10.72,98000
EDAC,20110902,8.33,8.48,8.11,8.29,49100
EDAP,20110902,2.06,2.12,2.02,2.1,19300
EDGW,20110902,3,3,2.84,2.85,900
EDMC,20110902,16.1,16.58,15.51,15.9,673900
EDS,20110902,4.17,4.17,3.82,4.15,20000
EDUC,20110902,5.35,5.35,5.26,5.35,300
EEFT,20110902,15.65,16.08,15.37,15.71,343000
EEI,20110902,16.48,16.48,16.28,16.47,300
EFII,20110902,13.64,13.9,13.21,13.31,217700
EFSC,20110902,13.8,14.78,13.3,13.4,51700
EFUT,20110902,4.27,4.27,4.27,4.27,100
EGBN,20110902,11.58,12.1,11.31,11.33,82400
EGHT,20110902,3.94,4.3,3.82,4.11,1147300
EGLE,20110902,7.28,7.76,7.08,7.16,383800
EGOV,20110902,11.25,11.51,11,11.17,271900
EHTH,20110902,12.32,12.64,12.32,12.37,113700
EIHI,20110902,13.11,13.18,12.97,13.15,3200
ELGX,20110902,9.02,9.36,8.9,8.9,377900
ELNK,20110902,7.08,7.13,6.99,7.02,1346900
ELON,20110902,7.94,8.1,7.8,7.83,238000
ELOS,20110902,9.89,10.18,9.65,10.04,94400
ELRC,20110902,13.89,14.04,13.53,13.65,85100
ELSE,20110902,4.28,4.28,4.04,4.04,1300
ELTK,20110902,1.18,1.19,1.18,1.19,800
EMCF,20110902,16.6,16.6,16.6,16.6,1000
EMCI,20110902,17.92,18.1,17.85,18,18400
EMFN,20110902,24.89,24.89,24.89,24.89,100
EMIF,20110902,30.27,30.5,30.01,30.12,13400
EMITF,20110902,2.82,2.97,2.82,2.97,6300
EMKR,20110902,6.04,6.36,6,6.04,593200
EMMS,20110902,0.75,0.75,0.68,0.68,72500
EMMSP,20110902,14.49,17,14.49,17,400
EMMT,20110902,24.19,24.19,23.91,23.91,400
ENDP,20110902,31.24,31.36,30.57,30.71,917700
ENG,20110902,3.03,3.18,3.03,3.15,18000
ENMD,20110902,1.5,1.68,1.48,1.66,27800
ENOC,20110902,12.21,12.44,11.52,11.88,262500
ENSG,20110902,21.89,22.03,21.07,21.65,145500
ENTG,20110902,7.01,7.2,6.8,6.87,1023500
ENTR,20110902,4.06,4.22,4,4.08,1542900
ENZN,20110902,8.1,8.37,8.1,8.22,292000
EONC,20110902,1.69,1.69,1.59,1.59,1600
EPAX,20110902,7.25,7.33,6.79,6.95,73100
EPAY,20110902,21.98,22.56,21.73,21.91,198600
EPIQ,20110902,12.38,12.46,11.87,11.88,157100
EQIX,20110902,90.8,91.71,89.95,90.89,599400
ERIC,20110902,11.12,11.2,10.89,10.96,6596200
ERIE,20110902,71.54,73.11,71.27,71.32,61600
ERII,20110902,2.59,2.59,2.35,2.48,259200
EROC,20110902,10.3,10.44,10.19,10.21,294200
ESBF,20110902,11.16,11.7,10.75,10.77,31800
ESBK,20110902,15.85,15.85,15.85,15.85,0
ESCA,20110902,5.13,5.19,4.96,5,28100
ESEA,20110902,3.62,3.8,3.58,3.75,12800
ESGR,20110902,96.15,99.9,95.52,95.66,26800
ESIO,20110902,14.47,15.41,14,14.02,93500
ESLT,20110902,39.4,39.4,38.54,39.09,9900
ESMC,20110902,1.15,1.15,1.15,1.15,0
ESRX,20110902,45.83,46.34,45.15,45.34,4690200
ESSA,20110902,10.76,10.91,10.71,10.76,39900
ESSX,20110902,3.8,4.18,3.71,3.95,55000
ESYS,20110902,5.37,5.37,4.83,5.08,4100
ETFC,20110902,11.67,11.78,11.24,11.4,7529600
ETRM,20110902,2.5,2.5,2.26,2.36,11300
EUFN,20110902,17,17.06,16.74,16.86,12400
EVBS,20110902,2.59,2.6,2.56,2.6,400
EVEP,20110902,68,72.38,67.15,68.25,409500
EVOL,20110902,6.6,6.76,6.41,6.6,9900
EWBC,20110902,15.63,15.72,15.3,15.36,1363200
EXAC,20110902,14.31,14.57,14.11,14.11,41100
EXAR,20110902,5.86,5.86,5.75,5.82,171400
EXAS,20110902,7.52,7.75,7.46,7.61,634500
EXEL,20110902,6.92,7.17,6.67,6.81,1037100
EXFO,20110902,6.76,7.02,6.69,6.75,106800
EXLP,20110902,22.25,22.63,21.92,22.25,110300
EXLS,20110902,25.56,26.05,25.23,25.55,93600
EXPD,20110902,44.1,44.2,42.83,43.08,1527600
EXPE,20110902,29.2,29.85,29,29.24,8218600
EXPO,20110902,41.43,41.84,40.54,40.58,63200
EXTR,20110902,2.75,2.75,2.59,2.6,523300
EXXI,20110902,25.34,25.6,24.54,25.2,783200
EZCH,20110902,30.33,30.68,29.4,29.9,197500
EZPW,20110902,31.81,32.51,31.5,31.65,362600
FABK,20110902,12.7,12.7,12.7,12.7,400
FALC,20110902,2.95,3.08,2.95,3.01,102800
FARM,20110902,5.54,5.54,5.29,5.29,48100
FARO,20110902,35.05,36.77,35.03,35.64,109200
FAST,20110902,32.18,32.6,31.89,32.06,1596400
FBIZ,20110902,16.12,16.12,16.12,16.12,0
FBMI,20110902,5.2,5.44,5.2,5.44,800
FBMS,20110902,8.5,8.53,8.4,8.4,3700
FBNC,20110902,9.2,9.31,8.65,8.76,64300
FBNK,20110902,10.46,10.51,10.4,10.47,27200
FBRC,20110902,10.16,10.48,9.84,9.84,206200
FBSS,20110902,11.78,11.78,11.75,11.78,400
FCAL,20110902,3.24,3.28,3.23,3.25,4700
FCAP,20110902,18.41,18.41,18.41,18.41,0
FCBC,20110902,11.1,11.41,10.58,10.78,62200
FCCO,20110902,6.64,6.64,6.64,6.64,200
FCCY,20110902,6.91,6.98,6.91,6.94,1900
FCEL,20110902,1.09,1.13,1.03,1.04,2057200
FCFC,20110902,6.65,6.65,6.65,6.65,0
FCFS,20110902,45.45,47.17,45.19,46.15,353800
FCHI,20110902,44.07,44.46,43.89,43.89,4100
FCLF,20110902,6.42,6.42,6.4,6.4,800
FCNCA,20110902,161,161,147.22,149.21,13800
FCTY,20110902,3.7,3.7,3.7,3.7,0
FCVA,20110902,3.18,3.18,3.18,3.18,0
FCZA,20110902,3.61,3.61,3.51,3.51,600
FDEF,20110902,13.18,13.2,12.76,12.96,52000
FDML,20110902,16.35,16.39,15.74,16.15,100400
FDUS,20110902,13.4,13.81,12.8,13.12,8500
FEFN,20110902,23.2,23.2,23.2,23.2,0
FEIC,20110902,30.26,31.12,29.75,29.8,299700
FEIM,20110902,10.11,10.15,9.82,9.95,16400
FELE,20110902,19.915,20.385,19.58,19.635,122800
FES,20110902,8.05,8.88,8.05,8.88,8300
FFBC,20110902,14.92,15.28,14.64,14.71,449700
FFBCW,20110902,4.24,4.24,4.1,4.12,15100
FFBH,20110902,5.99,6,5.97,6,17600
FFCH,20110902,5.75,5.99,5.71,5.82,75900
FFCO,20110902,14.06,14.06,13.3,13.49,800
FFEX,20110902,3.25,3.25,3.09,3.09,5000
FFHL,20110902,2.48,2.48,2.16,2.34,40100
FFIC,20110902,10.93,11.09,10.58,10.61,151800
FFIN,20110902,28.03,28.61,27.26,27.36,134600
FFIV,20110902,77.1,78.49,75.55,76.31,1782800
FFKT,20110902,4.44,4.44,4.37,4.37,3000
FFKY,20110902,1.75,1.75,1.75,1.75,500
FFN,20110902,2.94,2.94,2.88,2.9,63000
FFNM,20110902,3.74,3.75,3.74,3.75,200
FFNW,20110902,4.51,4.66,4.5,4.63,38400
FHCO,20110902,4.16,4.3,4.1,4.1,66700
FIBK,20110902,11.47,11.59,11.08,11.1,82000
FINL,20110902,19.5,19.86,18.88,18.98,642500
FIRE,20110902,26.68,27.34,26.49,27,396100
FISI,20110902,14.69,15.07,14.25,14.33,52500
FISV,20110902,54.2,54.46,53.45,53.49,836700
FITB,20110902,10,10.07,9.58,9.62,12322500
FITBP,20110902,125,125.31,124.75,125.31,2700
FIZZ,20110902,15.8,16.02,15.5,15.66,46300
FLDM,20110902,12.6,13.15,12.6,12.99,79600
FLEX,20110902,5.55,5.6,5.4,5.42,2474100
FLIC,20110902,23.04,23.1,22.29,22.54,24600
FLIR,20110902,24.61,25.08,24.4,24.76,1914900
FLML,20110902,4.49,4.51,4.4,4.49,28100
FLOW,20110902,2.21,2.46,2.21,2.3,524500
FLWS,20110902,2.25,2.39,2.2,2.22,246100
FLXS,20110902,14.71,15.03,14.71,14.95,4700
FMBI,20110902,8.2,8.31,7.77,7.85,705800
FMCN,20110902,30.5,31.43,30.04,30.58,1288700
FMER,20110902,12.04,12.15,11.45,11.46,1214600
FMFC,20110902,3.25,3.32,3.25,3.3,3800
FNBN,20110902,0.39,0.42,0.39,0.42,2300
FNFG,20110902,10.17,10.43,10.07,10.07,2916700
FNGN,20110902,21.17,21.56,20.52,20.83,506100
FNLC,20110902,12.71,13.01,12.35,12.35,33400
FNSR,20110902,20.33,22.32,19.64,20.21,22434500
FOLD,20110902,4.24,4.29,3.8,3.8,55900
FONE,20110902,23.59,23.76,23.48,23.52,800
FONR,20110902,1.89,1.93,1.85,1.89,17000
FORD,20110902,2.65,2.7,2.55,2.7,15200
FORM,20110902,7.48,7.64,7.36,7.37,455200
FORR,20110902,32.38,32.91,31.94,32.36,84300
FORTY,20110902,15.74,15.74,15.74,15.74,100
FOSL,20110902,93.42,96.49,91,93.76,1075400
FRAN,20110902,22.58,22.72,22.06,22.26,98700
FRBK,20110902,1.94,1.94,1.83,1.85,9200
FRED,20110902,10.95,11.09,10.74,10.94,496600
FREE,20110902,12,12.3,12,12,4900
FRME,20110902,7.12,7.2,6.8,6.92,129700
FRNK,20110902,11.32,11.45,11.1,11.14,35400
FRP,20110902,6.52,6.94,5.97,6.2,107100
FSBK,20110902,4.09,4.09,3.92,4,1700
FSCI,20110902,25.38,25.76,25.26,25.31,33600
FSFG,20110902,15.4,15.4,15.4,15.4,100
FSGI,20110902,0.3,0.31,0.29,0.3,26500
FSLR,20110902,94.86,95.33,88.82,90.1,2992300
FSRV,20110902,30.22,30.22,29.53,29.56,19400
FSTR,20110902,22.94,23.44,22.06,22.42,123500
FSYS,20110902,20.47,20.47,19.93,20.23,160600
FTEK,20110902,5.7,5.95,5.7,5.85,187500
FTNT,20110902,18.76,19,18.23,18.4,1531800
FUBC,20110902,5.07,5.07,4.65,4.68,91500
FULL,20110902,6.94,6.95,6.78,6.81,1900
FULT,20110902,8.56,8.68,8.33,8.33,906200
FUNC,20110902,4.19,4.19,3.63,3.8,2100
FUND,20110902,6.87,6.89,6.77,6.81,43300
FURX,20110902,14.92,15.71,14.39,14.44,30500
FWLT,20110902,22.78,22.84,22.1,22.31,1718400
FWRD,20110902,27.34,27.97,26.64,27.01,186600
FXCB,20110902,12.49,12.59,12.2,12.2,50700
FXEN,20110902,5.55,5.66,5.41,5.52,693100
GABC,20110902,15.44,15.7,14.91,14.93,51000
GAGA,20110902,6,6,6,6,0
GAI,20110902,3.51,3.51,3.37,3.37,4700
GAIA,20110902,3.67,3.72,3.6,3.7,39600
GAIN,20110902,6.51,6.62,6.41,6.43,88800
GAME,20110902,5.31,5.49,5.3,5.4,501000
GASS,20110902,4.2,4.32,4.2,4.25,35900
GBCI,20110902,10.75,10.91,10.49,10.49,504300
GBDC,20110902,14.55,14.78,14.3,14.44,35700
GBLI,20110902,17.67,18.47,17.39,17.5,49800
GBNK,20110902,1.2,1.2,1.1,1.14,26300
GCBC,20110902,18.84,18.84,18.57,18.84,400
GCFB,20110902,2.46,2.64,2.35,2.55,14500
GCOM,20110902,12,12.26,11.75,11.77,79800
GCVRZ,20110902,1.04,1.07,1.03,1.05,153000
GENC,20110902,7.41,7.48,7.33,7.33,6100
GENE,20110902,6.5,6.79,6.29,6.52,158400
GENT,20110902,6.55,6.7,6.41,6.51,22200
GERN,20110902,2.83,2.91,2.61,2.64,2401200
GEVO,20110902,10.07,10.17,9.57,9.64,61900
GFED,20110902,4.95,4.95,4.83,4.95,1400
GFN,20110902,3.17,3.17,3.17,3.17,300
GGAL,20110902,11.5,11.78,11.1,11.2,291000
GHDX,20110902,22.84,23.61,22.33,22.63,124900
GIFI,20110902,22.86,23.3,22.39,22.44,114500
GIGA,20110902,1.5,1.5,1.43,1.49,10100
GIGM,20110902,0.85,0.88,0.81,0.88,235300
GIII,20110902,27.65,28.21,26.3,26.7,208700
GILD,20110902,19.505,19.75,19.4,19.41,4996800
GILT,20110902,3.9,4.01,3.81,3.86,41800
GIVN,20110902,15.3,15.3,14.95,15.04,45000
GKNT,20110902,19.19,19.63,18.51,18.56,22800
GLAD,20110902,7.71,7.85,7.6,7.6,102300
GLBS,20110902,6.41,7.14,6.31,7,21800
GLBZ,20110902,8.14,8.14,8.14,8.14,0
GLCH,20110902,1.16,1.2,1.1,1.11,228400
GLDC,20110902,3.39,3.41,3.3,3.31,2100
GLDD,20110902,4.65,4.75,4.59,4.61,513700
GLNG,20110902,31.77,33.21,31.57,31.82,547300
GLPW,20110902,24.13,24.87,24.13,24.25,69500
GLRE,20110902,21.96,22.75,21.66,21.93,208700
GLUU,20110902,3.26,3.5,3.17,3.31,2973800
GMAN,20110902,14.29,14.62,13.49,13.65,39500
GMCR,20110902,102.03,105.26,100.5,103.56,1926700
GMETP,20110902,11.5,11.5,11.5,11.5,0
GMLP,20110902,25.53,25.85,25.26,25.6,56800
GNCMA,20110902,8.95,9.01,8.61,8.62,400200
GNMK,20110902,6.06,6.2,5.5,6.15,118700
GNTX,20110902,24.81,25.29,24.48,24.8,1078400
GNVC,20110902,2.7,2.77,2.7,2.76,18800
GOLD,20110902,105.83,108.48,105.7,108,1141400
GOOD,20110902,16.01,16.19,15.44,15.56,46500
GOODO,20110902,23.75,23.75,23.75,23.75,0
GOODP,20110902,24.77,24.88,24.77,24.88,600
GOOG,20110902,524.98,527.92,520.73,524.84,2402000
GPIC,20110902,7.39,7.57,7.39,7.4,600
GPOR,20110902,28.09,28.81,27.16,28.06,1072900
GPRC,20110902,3,3,2.7,2.7,1200
GPRE,20110902,9.97,10.26,9.75,9.76,147200
GRFS,20110902,13.58,13.72,13.42,13.6,29300
GRID,20110902,27.43,27.57,27.24,27.24,3400
GRIF,20110902,25.55,26.38,25.55,25.93,8200
GRMN,20110902,32.05,32.49,31.83,32,797900
GROW,20110902,7.1,7.19,6.76,6.82,101500
GRVY,20110902,1.47,1.47,1.45,1.45,18600
GSBC,20110902,16.56,16.8,16.02,16.02,30600
GSIG,20110902,9.07,9.22,8.82,8.88,131700
GSIT,20110902,4.87,4.98,4.78,4.78,63700
GSJK,20110902,15.05,15.74,15.03,15.03,5800
GSM,20110902,16.04,16.12,15.61,15.79,701900
GSOL,20110902,7.53,7.62,7.27,7.36,51800
GSVC,20110902,15.27,15.98,15.2,15.5,38400
GTAT,20110902,11.32,11.61,11.03,11.43,2093400
GTIM,20110902,1.76,1.76,1.7,1.7,200
GTIV,20110902,7.13,7.14,6.6,6.64,453000
GTLS,20110902,44.61,46.19,44.51,45.43,446500
GTXI,20110902,3.32,3.48,3.3,3.35,139400
GUID,20110902,5.91,6.04,5.86,5.95,58000
GULF,20110902,14.69,14.84,14.69,14.79,2300
GURE,20110902,1.8,1.85,1.77,1.79,194500
GYRO,20110902,56.75,56.75,56.75,56.75,0
HA,20110902,3.91,4.02,3.87,3.89,556000
HAFC,20110902,0.91,0.94,0.89,0.9,678900
HAIN,20110902,30.79,31.35,30.25,30.37,242300
HALL,20110902,6.62,6.9,6.62,6.67,60000
HALO,20110902,6.37,6.6,6.22,6.26,357100
HAS,20110902,37.19,37.25,36.43,36.49,952900
HAST,20110902,3.13,3.13,3.07,3.13,6400
HAUP,20110902,1.34,1.39,1.34,1.36,4200
HAYN,20110902,55.2,56.42,52.68,53.02,87600
HBAN,20110902,4.79,4.8,4.61,4.65,11629100
HBANP,20110902,1070,1070,1070,1070,0
HBCP,20110902,14.36,14.36,14.06,14.11,2300
HBHC,20110902,28.85,29.14,27.92,28.1,481700
HBIO,20110902,4.16,4.19,3.95,4.04,120400
HBNC,20110902,12.1778,12.1778,11.76,12.1778,400
HBNK,20110902,12.58,12.58,12.58,12.58,0
HBOS,20110902,11,11.07,10.89,10.89,30200
HCBK,20110902,5.89,5.91,5.71,5.77,4858600
HCCI,20110902,16.85,16.95,16.42,16.56,18800
HCIIP,20110902,9.11,9.13,9.11,9.13,600
HCKT,20110902,3.54,3.56,3.42,3.44,133000
HCOM,20110902,20.25,20.25,20.25,20.25,0
HCSG,20110902,15.38,15.41,15.12,15.2,778500
HDNG,20110902,9.15,9.15,9.02,9.05,22300
HDSN,20110902,1.42,1.45,1.35,1.41,16400
HEES,20110902,9.18,9.71,9.18,9.44,207100
HELE,20110902,28.91,29.06,27.68,27.83,201900
HEOP,20110902,3.65,3.65,3.6,3.64,19900
HERO,20110902,3.9,4.06,3.78,3.94,2708200
HFBC,20110902,7.45,7.45,7.4,7.4,1900
HFBL,20110902,13.3,13.3,13.3,13.3,300
HFFC,20110902,8.33,8.76,8.27,8.27,3100
HFWA,20110902,11.21,11.9,11.03,11.74,66100
HGSH,20110902,1.61,1.67,1.61,1.67,2600
HIBB,20110902,35.14,35.92,34.55,34.63,250500
HIFS,20110902,48.5,48.5,46.7,46.94,2900
HIHO,20110902,2.99,2.99,2.99,2.99,0
HILL,20110902,1.61,1.64,1.53,1.53,191800
HIMX,20110902,1.32,1.36,1.28,1.29,387900
HITK,20110902,28.2,29,28.2,28.53,142300
HITT,20110902,51.94,52.81,51.05,51.35,127600
HLIT,20110902,4.61,4.75,4.58,4.59,1145900
HMIN,20110902,36.69,37.51,36.05,36.21,220700
HMNF,20110902,2,2.12,1.93,2,1100
HMNY,20110902,1.7,1.7,1.7,1.7,0
HMPR,20110902,6.09,6.48,6,6,93700
HMSY,20110902,25.43,25.78,25.2,25.35,570800
HNH,20110902,13.57,14.22,13.52,13.56,27100
HNRG,20110902,8.48,8.64,8.21,8.49,30200
HNSN,20110902,3.73,3.96,3.57,3.92,1251900
HOFT,20110902,8.77,8.95,8.77,8.88,12900
HOGS,20110902,9.28,9.48,9.15,9.31,228400
HOLI,20110902,5.67,5.99,5.39,5.92,551700
HOLL,20110902,1.54,1.6,1.51,1.57,32100
HOLX,20110902,16.29,16.38,15.87,15.88,1040000
HOMB,20110902,22.74,23.07,22.22,22.24,79300
HOME,20110902,9.6,9.7,9.4,9.42,52300
HOTT,20110902,7.78,8.07,7.77,7.85,602800
HOVNP,20110902,3.2,3.2,3.2,3.2,100
HPCCP,20110902,26.38,26.38,26.38,26.38,200
HPJ,20110902,1.59,1.63,1.52,1.54,15100
HPOL,20110902,0.62,0.62,0.62,0.62,600
HRZN,20110902,15.47,15.6,15.33,15.44,5800
HSIC,20110902,64.62,64.62,63.4,63.47,390500
HSII,20110902,19.71,20,18.77,18.92,102900
HSKA,20110902,9.16,9.16,9.06,9.06,900
HSNI,20110902,30.67,31.14,30.25,30.97,319200
HSOL,20110902,3.51,3.51,3.32,3.33,782200
HSTM,20110902,12.07,12.51,11.28,11.31,82500
HTBK,20110902,4.32,4.5,4.26,4.33,85200
HTCH,20110902,2.13,2.18,2.09,2.17,160200
HTCO,20110902,9.09,9.28,8.4,8.67,66800
HTHT,20110902,16.5,16.98,16.22,16.66,99200
HTLD,20110902,14.28,14.36,13.95,14.01,651000
HTLF,20110902,13.91,14.08,13.3,13.36,46700
HTWR,20110902,62.96,63.84,61.83,63.01,124300
HUBG,20110902,30.22,30.46,29.62,29.84,266600
HURC,20110902,25.97,25.97,23.97,24.19,28300
HURN,20110902,29.83,30.57,29.35,30.26,227100
HWAY,20110902,12.04,12.31,11.67,11.72,249200
HWBK,20110902,7.69,7.9,7.69,7.69,700
HWCC,20110902,13.71,13.92,13,13.1,84500
HWKN,20110902,34.19,34.56,32.84,32.94,39200
HYGS,20110902,6.44,6.5,6.01,6.21,7100
HZNP,20110902,8.01,8.51,8.01,8.3,7000
IACI,20110902,38.8,39.18,38.17,38.59,650900
IART,20110902,38.46,38.54,37.41,37.6,146000
IBB,20110902,93.56,95.17,92.51,92.85,619100
IBCA,20110902,2.91,2.92,2.88,2.88,11300
IBCP,20110902,1.96,2.01,1.93,1.96,9000
IBCPO,20110902,16.99,16.99,16.99,16.99,0
IBKC,20110902,45.92,46.4,44.77,44.83,237400
IBKR,20110902,14.3,14.58,14.3,14.4,531000
IBOC,20110902,14.41,14.59,13.96,13.98,304500
ICAD,20110902,0.59,0.59,0.52,0.52,40200
ICCC,20110902,6.35,6.44,6.35,6.44,1600
ICFI,20110902,20.55,20.89,19.98,20.01,185200
ICGE,20110902,9.73,10.05,9.39,9.49,148700
ICLN,20110902,12.62,12.62,12.34,12.36,47700
ICLR,20110902,20.62,21.17,20.22,20.32,317600
ICON,20110902,18.07,18.5,17.39,17.5,952500
ICUI,20110902,39.81,40.47,39.33,39.48,51200
IDCC,20110902,68.55,69.86,66.05,68.39,2168200
IDIX,20110902,5.46,5.55,5.22,5.23,322700
IDRA,20110902,1.7,1.71,1.7,1.71,200
IDSA,20110902,7.35,7.36,7.18,7.2,10800
IDSY,20110902,5.26,5.5,5.26,5.4,58600
IDTI,20110902,5.49,5.54,5.37,5.4,1458900
IDXX,20110902,76.42,77.73,75.31,75.53,211400
IESC,20110902,2.71,2.83,2.55,2.8,11500
IFAS,20110902,27.64,27.64,27.5,27.5,200
IFEU,20110902,29.97,29.98,29.56,29.81,2500
IFGL,20110902,28.34,28.68,28.34,28.49,14300
IFNA,20110902,40.27,40.27,40.27,40.27,100
IFON,20110902,0.65,0.65,0.63,0.63,3900
IFSM,20110902,34.27,34.39,34.25,34.25,2900
IGLD,20110902,14.36,14.36,14.36,14.36,0
IGOI,20110902,16.32,16.8,16.2,16.2,100800
IGOV,20110902,108.57,109.51,108.12,108.4,7700
IGTE,20110902,10.87,11.39,10.87,11.06,689200
III,20110902,1.28,1.4,1.18,1.24,50700
IIIN,20110902,9.7,9.88,9.62,9.8,87700
IIJI,20110902,10.98,10.99,10.9,10.96,8400
IILG,20110902,11.94,11.99,11.44,11.47,171700
IIN,20110902,3.56,3.63,3.32,3.32,5100
IIVI,20110902,19,19.53,18.85,18.96,594100
IKAN,20110902,1.08,1.08,1.03,1.04,73000
IKNX,20110902,7.3,7.3,7.3,7.3,0
ILMN,20110902,49.8,50.47,49.23,49.77,1160500
IMGN,20110902,10.69,11.14,10.43,10.49,533700
IMKTA,20110902,14.48,14.74,14.28,14.36,47200
IMMR,20110902,6.64,6.84,6.61,6.7,145100
IMMU,20110902,3.85,4.06,3.83,3.92,542000
IMMY,20110902,0.28,0.3,0.15,0.3,40900
IMOS,20110902,6.02,6.23,6.02,6.1,24500
IMRS,20110902,4.06,4.21,3.99,4.15,36200
INAP,20110902,4.73,4.83,4.53,4.54,276600
INCY,20110902,14.75,15.19,14.6,14.64,972800
INDB,20110902,22.46,23,22.23,22.26,141100
INDY,20110902,25,25,24.71,24.83,114700
INFA,20110902,39.97,40.58,37.81,38.43,2498200
INFI,20110902,6.89,7.27,6.78,6.89,54400
INFN,20110902,7.06,7.24,6.9,6.99,1186600
ININ,20110902,30.41,31.3,29.54,29.7,79000
INOC,20110902,1.27,1.27,1.27,1.27,1300
INOD,20110902,2.74,2.86,2.67,2.8,35800
INPH,20110902,4.64,4.99,4.5,4.53,9200
INSM,20110902,4.37,4.45,4.22,4.25,153700
INTC,20110902,19.8,19.93,19.57,19.64,42807500
INTG,20110902,22.02,22.48,21.45,22.48,1000
INTL,20110902,21.81,22.24,21.07,21.1,62100
INTT,20110902,2.85,2.91,2.85,2.9,2000
INTU,20110902,47.7,48.2,47.06,47.35,2693300
INTX,20110902,14.64,14.83,14.15,14.4,45600
INVE,20110902,1.83,1.88,1.77,1.83,281400
INWK,20110902,7.32,7.44,7.19,7.38,173500
IOSP,20110902,25.14,25.64,24.79,25.05,138200
IPAR,20110902,15.45,15.56,14.87,14.9,95400
IPAS,20110902,1.5,1.5,1.36,1.36,132400
IPCC,20110902,48.48,50.39,47.36,47.62,84900
IPCI,20110902,3.22,3.34,3.21,3.34,6700
IPCM,20110902,38.35,39.06,37.29,37.46,97600
IPGP,20110902,55.72,56.55,53.37,54.02,407500
IPHS,20110902,39.36,40.07,39,39.55,137200
IPXL,20110902,18.74,19.25,18.43,18.81,631200
IRBT,20110902,27.37,27.9,25.9,26.16,322400
IRDM,20110902,7.24,7.33,7.17,7.28,389500
IRDMZ,20110902,1.26,1.26,1.26,1.26,0
IRIX,20110902,3.9,3.9,3.9,3.9,0
IROQ,20110902,10.8,11,10.8,10.81,15900
IRWD,20110902,12,12.27,11.64,11.7,257100
ISBC,20110902,13.5,13.7,13.19,13.2,312200
ISCA,20110902,23.65,23.93,22.64,22.68,214100
ISHG,20110902,108.1,108.16,107.4,107.96,5000
ISIG,20110902,3.3,3.4,3.3,3.4,9500
ISIL,20110902,10.86,10.98,10.54,10.61,1545400
ISIS,20110902,7.17,7.24,6.9,6.95,671000
ISLE,20110902,6.59,6.66,6.12,6.27,124700
ISNS,20110902,7.34,7.34,7.25,7.25,1100
ISRG,20110902,371.4,377.7,368.31,370.63,399100
ISRL,20110902,61.1,62.51,61.1,61.16,1200
ISSC,20110902,4.7,4.73,4.6,4.73,3700
ISSI,20110902,7.95,8.05,7.62,7.71,221200
ITIC,20110902,34.9,35.3,34.9,35.24,1100
ITMN,20110902,25.35,26.08,24.67,25.01,648100
ITRI,20110902,37.05,37.62,36.24,36.67,344800
ITRN,20110902,13.07,13.35,12.91,13,19000
IVAC,20110902,7.38,7.58,7.08,7.18,65600
IVAN,20110902,1.57,1.63,1.51,1.53,498800
IXYS,20110902,11.62,11.62,10.95,11,137900
JACK,20110902,19.86,20.06,19.67,19.9,467000
JADE,20110902,2.75,2.77,2.63,2.69,81500
JAKK,20110902,16.19,16.89,16.09,16.2,202100
JASO,20110902,17,17.3,16.45,16.7,3518200
JAXB,20110902,5.3,5.3,5.3,5.3,0
JAZZ,20110902,40.87,43.21,40.21,41.8,956600
JBHT,20110902,39.11,39.49,38.24,38.46,1015300
JBLU,20110902,4.13,4.22,4.05,4.08,2710000
JBSS,20110902,8.21,8.27,8.11,8.22,8000
JCOM,20110902,31.11,31.57,30.89,31.02,516400
JCS,20110902,14.07,14.84,13.92,13.98,25100
JCTCF,20110902,9.12,9.12,9.12,9.12,200
JDSU,20110902,12.94,13.56,12.6,12.78,15338400
JFBI,20110902,2.83,2.83,2.83,2.83,400
JJSF,20110902,48.07,49.22,47.46,47.82,49500
JKHY,20110902,28.4,28.87,28.08,28.36,913900
JMBA,20110902,1.73,1.78,1.68,1.71,442700
JOBS,20110902,55,55.66,53.62,54.66,61100
JOEZ,20110902,0.68,0.69,0.64,0.65,417700
JOSB,20110902,50.38,50.8,49.33,50.17,434800
JOUT,20110902,15.43,15.43,14.9,14.9,10200
JRCC,20110902,10.29,10.34,9.8,10.01,1619400
JRJC,20110902,2.72,2.78,2.66,2.67,9100
JST,20110902,9.77,10.07,9.54,9.62,61900
JVA,20110902,17.51,18.84,17.44,17.99,594900
JXSB,20110902,13.68,13.7,13.68,13.7,200
KALU,20110902,49.35,50.39,48.32,48.68,119900
KBALB,20110902,5.2,5.3,4.96,4.98,161300
KCAP,20110902,6.11,6.29,6.01,6.1,116200
KCLI,20110902,30.5,30.98,30.03,30.45,43600
KELYA,20110902,14.06,14.26,13.62,13.96,171000
KELYB,20110902,14.29,14.29,13.9,13.9,200
KEQU,20110902,9.25,9.25,9.1,9.15,2700
KERX,20110902,3.85,4.04,3.75,3.85,876200
KEYN,20110902,23.04,23.58,22.54,23.01,98400
KEYW,20110902,11.47,11.61,10.95,11,112200
KFFB,20110902,8.06,8.09,8.06,8.09,200
KFRC,20110902,9.49,9.78,9.49,9.62,454800
KGJI,20110902,1.48,1.49,1.42,1.43,43300
KINS,20110902,3.1,3.1,3.1,3.1,0
KIOR,20110902,14.35,14.35,13.68,14.01,53600
KIPS,20110902,2.93,3.1,2.92,2.93,1400
KIRK,20110902,8.54,9.13,8.54,8.91,149400
KLAC,20110902,35.46,35.77,34.73,34.82,2387600
KLIC,20110902,8.14,8.31,7.93,7.98,1416000
KNDI,20110902,2.77,2.82,2.6,2.65,78700
KONA,20110902,5.46,5.46,5.27,5.28,28900
KONE,20110902,1.21,1.21,1.21,1.21,0
KONG,20110902,4.09,4.17,4.01,4.15,55300
KOOL,20110902,1.62,1.65,1.62,1.65,27500
KOPN,20110902,3.57,3.64,3.45,3.46,247100
KOSS,20110902,5.99,5.99,5.85,5.85,400
KRNY,20110902,8.42,8.55,8.18,8.2,39900
KSWS,20110902,5.05,5.23,5,5.1,273000
KTCC,20110902,3.9,3.99,3.87,3.95,21000
KTEC,20110902,14.95,15.4,13.56,13.96,14500
KTOS,20110902,9.1,9.15,8.86,8.87,257800
KUTV,20110902,2.02,2.03,1.98,1.98,19000
KVHI,20110902,8.58,8.73,8.28,8.4,60900
LABC,20110902,16.03,16.03,16,16.03,400
LABL,20110902,24.48,24.69,23.72,23.95,69000
LACO,20110902,2.37,2.38,2.37,2.37,700
LAKE,20110902,7.68,7.79,7.68,7.77,700
LAMR,20110902,20.45,20.8,19.69,19.97,750300
LANC,20110902,58.94,59.88,58.19,58.29,95400
LARK,20110902,15.7,15.7,15.7,15.7,0
LAWS,20110902,16.72,16.72,15.75,15.92,10300
LAYN,20110902,26.32,26.65,25.47,25.61,91200
LBAI,20110902,7.8,7.89,7.35,7.35,78800
LBIX,20110902,3.84,3.91,3.73,3.86,7200
LBTYA,20110902,39.37,39.64,37.99,38.24,1761900
LBTYB,20110902,44.63,44.63,44.63,44.63,0
LBTYK,20110902,37.51,37.99,36.36,36.68,323700
LCAV,20110902,2.6,2.65,2.37,2.41,166800
LCUT,20110902,10.26,10.45,9.82,10.06,43800
LEAP,20110902,8.52,8.59,7.93,8.1,1802700
LECO,20110902,32.67,32.67,31.26,31.56,256800
LEDR,20110902,2.1,2.2,2.1,2.2,2800
LEDS,20110902,5,5.15,5,5.13,38400
LFUS,20110902,44.41,45.33,44.14,44.38,201800
LGCY,20110902,26.79,27.3,26.7,26.94,66500
LGND,20110902,14.75,15.08,14.17,14.27,194300
LHCG,20110902,18.64,18.89,18.16,18.32,143100
LIFE,20110902,40.81,41.24,39.99,40.29,3150800
LIME,20110902,3.56,3.56,3.45,3.45,14200
LINC,20110902,9.08,9.26,8.75,8.93,571100
LINE,20110902,36.76,37.15,36.4,36.63,720700
LINTA,20110902,15.63,15.63,15.23,15.55,3177500
LINTB,20110902,14.5,14.5,14.5,14.5,0
LION,20110902,6.37,6.37,6.35,6.35,1100
LIOX,20110902,2.92,2.92,2.7,2.71,284100
LIVE,20110902,1.69,1.69,1.69,1.69,200
LIWA,20110902,6.21,6.22,5.86,5.93,143700
LKFN,20110902,20.52,21.13,20.3,20.37,66800
LKQ,20110902,12.485,12.585,12.16,12.26,467000
LLEN,20110902,3.45,3.5,3.34,3.37,216100
LLNW,20110902,2.26,2.32,2.19,2.22,1965700
LLTC,20110902,27.59,27.7,27.18,27.46,3181600
LMAT,20110902,6.71,7.1,6.71,7.1,3400
LMCA,20110902,67.22,68.42,66.37,67.88,619800
LMIA,20110902,19.01,19.39,17.89,17.93,34500
LMNR,20110902,16.5,17.64,15.57,16.19,18300
LMNX,20110902,21.92,22.54,21.28,21.62,190300
LNBB,20110902,4.15,4.17,4.04,4.12,5000
LNCE,20110902,20.8,21.1,20.26,20.45,274000
LNDC,20110902,5.75,5.85,5.71,5.76,112600
LOAN,20110902,1.09,1.15,1.09,1.14,17800
LOCM,20110902,2.68,2.71,2.6,2.63,157100
LOGI,20110902,10.95,11,10.46,10.59,1149900
LOGM,20110902,29.63,29.71,28.48,28.86,203500
LOJN,20110902,3.17,3.21,3.11,3.16,12300
LONG,20110902,18,18,17.19,17.19,6300
LOOK,20110902,1.43,1.47,1.41,1.42,7400
LOPE,20110902,14.81,14.99,14.49,14.63,360600
LORL,20110902,55.4,57.3,53.65,53.83,89900
LPHI,20110902,6.46,6.65,6.05,6.06,277000
LPLA,20110902,28.15,28.5,27.28,27.3,119400
LPNT,20110902,34.85,35.33,33.98,34.19,506700
LPSB,20110902,9,9,9,9,500
LPSN,20110902,11.04,11.2,10.86,10.98,325900
LPTH,20110902,1.71,1.71,1.6,1.68,2300
LQDT,20110902,31,31.26,29.51,30.05,878700
LRAD,20110902,2.21,2.35,2.15,2.16,86900
LRCX,20110902,36.29,36.8,35.96,36.22,2056700
LSBI,20110902,13.3,13.3,13.3,13.3,0
LSCC,20110902,5.22,5.55,5.13,5.15,1249800
LSTR,20110902,39.47,40.13,39.07,39.46,569300
LTBR,20110902,2.55,2.56,2.41,2.5,52300
LTON,20110902,0.91,0.92,0.9,0.92,9400
LTRE,20110902,9,9.01,9,9,1900
LTRX,20110902,1.71,1.94,1.71,1.78,2400
LTXC,20110902,5.53,5.74,5.46,5.53,820700
LUFK,20110902,60.54,60.93,58.59,58.83,335200
LULU,20110902,53.02,54.48,52.06,53.15,2555300
LUNA,20110902,1.54,1.55,1.45,1.49,7000
LWAY,20110902,10.2,10.67,10.15,10.17,11300
LXRX,20110902,1.27,1.3,1.22,1.23,904700
LYTS,20110902,6.96,7.14,6.57,6.6,88700
MAGS,20110902,2.98,2.98,2.88,2.88,7300
MAKO,20110902,35.29,37.75,35.06,36.9,1084900
MANH,20110902,34.58,35.27,33.9,33.97,99600
MANT,20110902,35.09,35.45,33.97,34.09,211100
MARPS,20110902,21.16,21.45,21.16,21.16,700
MASC,20110902,6.79,7,6.79,6.9,75600
MASI,20110902,23.62,23.9,22.99,23.01,297100
MAT,20110902,26.29,26.52,26.1,26.23,3069200
MATR,20110902,5.32,5.45,5.08,5.11,13400
MATW,20110902,31.74,32.16,30.9,30.99,150700
MAXY,20110902,5.37,5.52,5.32,5.35,149300
MAYS,20110902,14.9,14.9,13.77,13.77,2200
MBFI,20110902,15.15,15.45,14.89,14.9,411900
MBLX,20110902,5,5.23,4.87,4.93,299000
MBND,20110902,3.17,3.17,3.03,3.07,53700
MBRG,20110902,14.95,15.28,14.8,14.95,4800
MBTF,20110902,1.26,1.36,1.26,1.36,2400
MBVT,20110902,25.85,26.49,25.57,26.21,34200
MBWM,20110902,8.28,8.3,8.15,8.29,2500
MCBC,20110902,2.78,2.94,2.78,2.88,15300
MCBI,20110902,5.47,5.47,5.47,5.47,0
MCGC,20110902,4.41,4.54,4.32,4.34,611300
MCHP,20110902,31.87,32.06,31.13,31.36,2846100
MCHX,20110902,9.11,9.86,8.86,8.91,119700
MCOX,20110902,10.05,12,9.75,12,751200
MCRI,20110902,9.54,9.87,9.37,9.56,41700
MCRL,20110902,9.9,9.98,9.61,9.74,448400
MCRS,20110902,45.66,46.36,44.84,45.12,730900
MDAS,20110902,10.48,10.66,10.08,10.17,379600
MDCA,20110902,15.79,15.79,14.67,14.7,85900
MDCI,20110902,5.94,6.19,5.88,5.91,64200
MDCO,20110902,13.75,14.19,13.75,13.99,483700
MDH,20110902,2.04,2.07,2,2.02,14800
MDRX,20110902,17.22,17.43,17,17.11,1308700
MDSO,20110902,15.92,15.92,15.39,15.75,294300
MDVN,20110902,15.63,16.86,15.49,16.18,383600
MEAD,20110902,4.24,4.4,4.04,4.19,2600
MEAS,20110902,30.49,30.49,27.75,28.28,73600
MELA,20110902,2.09,2.16,1.88,2.16,198200
MELI,20110902,66.6,68.69,66.09,67.8,397300
MEMS,20110902,2.81,2.81,2.77,2.8,600
MENT,20110902,10.89,11.07,10.75,10.77,779600
MEOH,20110902,25.18,25.33,24.68,24.97,167700
MERC,20110902,8.35,8.6,8.25,8.53,236000
MERU,20110902,8.17,8.25,7.85,7.94,95400
METR,20110902,9.4,9.5,9.11,9.29,81000
MFI,20110902,5.75,6.06,5.51,5.55,11200
MFLR,20110902,8.35,8.35,8.35,8.35,800
MFLX,20110902,18.48,18.48,17.55,17.84,47000
MFNC,20110902,5.5,5.5,5.5,5.5,0
MFRI,20110902,8.62,8.8,7.97,8.16,6300
MFSF,20110902,7.55,7.55,7.52,7.52,400
MGAM,20110902,4.76,4.84,4.58,4.61,108000
MGEE,20110902,40.42,41.51,40.42,40.81,70800
MGIC,20110902,4.2,4.27,4.12,4.21,94800
MGLN,20110902,47.29,48.21,46.56,46.65,335400
MGPI,20110902,6.71,7.03,6.63,6.67,48400
MGRC,20110902,23,23.49,22.62,22.64,162200
MGYR,20110902,3.56,3.56,3.56,3.56,0
MHGC,20110902,6.34,6.5,6.25,6.33,141700
MHLD,20110902,8.16,8.34,8.08,8.13,412300
MIDD,20110902,76.35,77.35,73.64,74.43,75000
MIND,20110902,15.42,16.01,15.27,15.31,68500
MINI,20110902,18.67,18.67,17.27,17.46,202000
MITK,20110902,11.39,12.2,11.13,11.93,847100
MITL,20110902,3.99,3.99,3.24,3.52,41800
MKSI,20110902,22.32,22.68,21.63,22.1,474600
MKTAY,20110902,40.19,40.53,39.97,40.24,8800
MKTG,20110902,14.25,14.58,13.56,14.15,28700
MKTX,20110902,28.78,29.37,28.76,28.92,174000
MLAB,20110902,34.19,34.19,34.19,34.19,0
MLHR,20110902,18.73,18.86,18,18.33,447100
MLNK,20110902,4.05,4.2,3.84,3.84,196800
MLNX,20110902,28.89,29.6,28,28.99,216000
MLVF,20110902,7.45,7.45,7.45,7.45,600
MMLP,20110902,35.17,35.69,35.02,35.18,44700
MMSI,20110902,14.13,14.5,14.05,14.08,328400
MMUS,20110902,5.09,5.19,5.09,5.1,1400
MMYT,20110902,18.92,19.61,18.66,19.33,27900
MNDO,20110902,2.09,2.11,2.09,2.11,18300
MNGLU,20110902,10.3,10.3,10.3,10.3,500
MNGLW,20110902,0.85,0.85,0.85,0.85,0
MNKD,20110902,2.88,2.95,2.8,2.93,706300
MNOV,20110902,2.25,2.26,2.15,2.26,2100
MNRK,20110902,5.725,5.725,5.725,5.725,200
MNRO,20110902,37.95,38.52,37.18,37.24,356500
MNST,20110902,40.91,42.71,39.5,41.815,1389600
MNTA,20110902,16.38,16.68,16.04,16.13,672300
MNTG,20110902,2.37,2.52,2.37,2.42,2200
MNTX,20110902,4.06,4.22,4.06,4.2,9000
MOBI,20110902,5.6,5.6,5.35,5.48,142200
MOCO,20110902,14.35,14.35,13.72,13.98,6400
MOFG,20110902,14.5,14.69,14.2,14.43,4900
MOLX,20110902,20.79,20.98,20.07,20.23,1933900
MOLXA,20110902,17.62,17.63,16.89,17,194000
MORN,20110902,56.39,57.62,56.06,56.48,107100
MOSY,20110902,3.74,3.87,3.53,3.58,86400
MOVE,20110902,6.88,6.88,6.16,6.36,1297200
MPAA,20110902,9.79,9.94,9.57,9.75,62000
MPAC,20110902,5.81,5.9,5.72,5.76,500
MPB,20110902,8.69,8.69,8.52,8.69,600
MPEL,20110902,12.4,12.8,12.25,12.34,6885200
MPET,20110902,1.53,1.54,1.5,1.54,44800
MPWR,20110902,11.73,11.85,11.36,11.44,177400
MRCY,20110902,13.49,13.67,13.02,13.06,210600
MRGE,20110902,5.76,5.86,5.6,5.78,618600
MRLN,20110902,11.23,11.84,11.07,11.12,27800
MRTN,20110902,17.83,17.98,17.48,17.95,111800
MRVL,20110902,12.75,12.94,12.56,12.89,8173000
MSBF,20110902,5.19,5.19,5.19,5.19,0
MSCC,20110902,15.13,15.56,15.03,15.07,586800
MSEX,20110902,17.62,17.89,17.31,17.34,62700
MSFG,20110902,8.3,8.85,8.22,8.26,104600
MSFT,20110902,25.78,26,25.66,25.8,43897000
MSG,20110902,23.51,23.51,22.58,22.65,401400
MSON,20110902,2.29,2.29,2.29,2.29,0
MSPD,20110902,5.41,5.56,5.25,5.28,207900
MSTR,20110902,115.91,116.32,110.25,111.01,87500
MTEX,20110902,5.5,5.8,5.2,5.6,9500
MTGE,20110902,17.85,17.97,17.06,17.51,161900
MTRX,20110902,10.57,10.91,10.38,10.49,165000
MTSC,20110902,35.04,35.58,34.28,34.64,81600
MTSL,20110902,1.3,1.3,1.3,1.3,1000
MTSN,20110902,1.32,1.34,1.27,1.29,212800
MU,20110902,5.6,5.62,5.45,5.5,22735300
MVIS,20110902,7.04,7.2,6.8,6.88,486400
MVISW,20110902,0.31,0.34,0.31,0.34,200
MWIV,20110902,71.88,73.93,71.05,71.12,73100
MXIM,20110902,22.46,22.5,21.99,22.03,2503200
MXWL,20110902,16.07,16.4,15.59,15.76,166900
MYGN,20110902,19.03,19.23,18.55,18.62,441800
MYL,20110902,19.96,19.96,19.34,19.4,4868100
MYRG,20110902,21.58,21.58,18.98,19.08,75500
NAFC,20110902,30.76,30.76,29.36,29.43,46500
NAII,20110902,4.96,4.96,4.75,4.89,6800
NANO,20110902,14.82,15.09,14.37,14.49,169900
NASB,20110902,10.2,10.41,10.06,10.21,1000
NATH,20110902,18.79,19.02,18.79,18.8,600
NATI,20110902,24.31,24.56,23.71,23.94,222100
NATL,20110902,21.71,22.04,21.5,21.76,41200
NATR,20110902,17.51,18.25,17.33,17.77,60300
NAUH,20110902,8.44,8.55,8.25,8.25,23000
NAVG,20110902,43.16,43.45,42.54,42.61,68200
NAVR,20110902,1.79,1.81,1.72,1.72,62200
NBBC,20110902,4.45,4.5,4.45,4.48,3500
NBIX,20110902,5.69,6,5.69,5.81,221000
NBN,20110902,13.02,13.02,13.02,13.02,0
NBTB,20110902,19.04,19.43,18.53,18.54,136200
NBTF,20110902,18.68,18.9,18.68,18.9,400
NCBC,20110902,3.13,3.13,3.13,3.13,0
NCIT,20110902,15.8,16.23,15.77,15.79,31400
NCMI,20110902,13.88,13.88,13.5,13.73,374800
NCTY,20110902,4.65,4.88,4.65,4.78,25500
NDAQ,20110902,22.57,22.93,22.19,22.56,1891700
NDSN,20110902,42.04,42.89,41.23,41.45,622300
NECB,20110902,6.62,6.62,6.62,6.62,0
NEOG,20110902,34.22,34.71,33.69,33.7,136300
NEPT,20110902,3.46,3.64,3.4,3.51,29200
NETC,20110902,9.37,9.37,9.3,9.3,900
NEWL,20110902,0.71,0.88,0.71,0.86,2700
NEWP,20110902,12.17,12.86,11.75,11.81,231900
NEWS,20110902,9.43,9.76,9.29,9.31,123600
NEWT,20110902,1.32,1.33,1.27,1.33,2400
NFBK,20110902,12.47,12.61,12.11,12.15,49500
NFEC,20110902,1.18,1.21,1.18,1.18,24600
NFLX,20110902,208.71,214.89,207.62,213.11,7948900
NFSB,20110902,13.05,13.05,13.05,13.05,0
NGPC,20110902,6.73,6.99,6.57,6.65,92500
NHTB,20110902,12.75,12.97,12.75,12.81,3400
NICE,20110902,30,30.45,29.75,29.79,247100
NICK,20110902,10.45,10.71,10.23,10.25,32700
NIHD,20110902,37.74,37.84,36.99,37.23,927200
NILE,20110902,35.05,35.64,34.27,34.99,281600
NINE,20110902,1.38,1.38,1.35,1.35,3300
NKSH,20110902,24.98,25.54,24.12,24.23,12300
NKTR,20110902,5.45,5.53,5.27,5.31,670100
NLST,20110902,1.75,1.76,1.72,1.73,18200
NMRX,20110902,5.95,5.98,5.66,5.75,49600
NNBR,20110902,7.1,7.21,6.81,6.92,183700
NOVB,20110902,10,10,10,10,0
NPBC,20110902,6.79,6.87,6.49,6.57,1111600
NPSP,20110902,6.95,7.2,6.91,6.93,615400
NRCI,20110902,32.84,32.84,31.82,32.17,4500
NRIM,20110902,19.4,19.4,19.35,19.35,700
NSEC,20110902,10.83,10.83,10.83,10.83,100
NSIT,20110902,18.31,18.65,17.67,17.69,383100
NSPH,20110902,1.36,1.4,1.25,1.31,319500
NSSC,20110902,2.5,2.68,2.45,2.6,6400
NSYS,20110902,3.64,3.64,3.64,3.64,0
NTAP,20110902,36.5,36.85,35.38,35.81,6191400
NTCT,20110902,12.89,13.76,12.38,12.49,421400
NTES,20110902,49.95,51,49.01,49.5,886700
NTGR,20110902,27,27.17,25.84,26.1,340500
NTIC,20110902,16,16.27,16,16.02,2600
NTLS,20110902,18.97,19.28,18.66,18.68,121500
NTRI,20110902,12.14,12.31,11.76,11.76,352400
NTRS,20110902,37.21,37.33,36.47,36.53,1839400
NTSC,20110902,5,5,4.84,4.98,4100
NTSP,20110902,5.62,5.75,5.04,5.19,340000
NTWK,20110902,8.5,8.6,8,8.4,278900
NUAN,20110902,17.83,18.06,17.45,17.61,747500
NUCL,20110902,34.63,34.63,34.16,34.16,2000
NUTR,20110902,13.31,13.87,13.23,13.47,34300
NUVA,20110902,22.1,22.46,21.69,21.82,549300
NVAX,20110902,1.65,1.87,1.6,1.74,1701800
NVDA,20110902,12.98,13.16,12.82,12.92,11783800
NVEC,20110902,65.64,67.51,65.61,67.3,60300
NVGN,20110902,0.79,0.8,0.79,0.8,4900
NVMI,20110902,6.5,6.5,6.29,6.38,63500
NVSL,20110902,7.68,7.68,7.54,7.57,2000
NVTL,20110902,3.32,3.35,3.24,3.3,458200
NWBI,20110902,11.41,11.62,11.23,11.23,1004000
NWFL,20110902,24.51,24.51,24.49,24.49,1600
NWLI,20110902,141.05,143.99,141,141.61,13100
NWPX,20110902,25.19,27.48,24.51,24.91,38400
NWS,20110902,16.79,16.89,16.42,16.56,3358700
NWSA,20110902,16.54,16.73,16.22,16.27,27752500
NXPI,20110902,16.04,16.56,15.9,16.41,811400
NXST,20110902,5.93,6,5.73,5.84,105200
NXTM,20110902,17.42,17.88,17.28,17.82,398100
NYMT,20110902,7.39,7.45,7.36,7.39,58300
NYMX,20110902,7.83,8.07,7.6,7.6,47200
NYNY,20110902,0.75,0.8,0.72,0.77,13300
OABC,20110902,14.02,14.09,13.77,13.83,59300
OBAF,20110902,14.3,14.3,14.05,14.3,10600
OBAS,20110902,6.75,6.75,6.75,6.75,500
OBCI,20110902,2.31,2.4,2.3,2.33,2800
OCC,20110902,3.7,3.8,3.7,3.8,3200
OCFC,20110902,11.4,11.55,11.24,11.25,89800
OCLR,20110902,4.39,4.8,4.15,4.55,3853600
OCLS,20110902,9.87,10.08,9.52,9.73,8100
OCZ,20110902,5.41,5.5,5.11,5.16,654600
ODFL,20110902,20.7067,20.9933,20.3267,20.46,471900
OFED,20110902,10.95,10.97,10.95,10.95,3700
OFIX,20110902,36.35,36.83,35.95,36.15,140200
OFLX,20110902,13.09,14.69,13.09,13.68,18900
OGXI,20110902,11,11.13,10.67,10.72,28800
OIIM,20110902,4.66,4.78,4.63,4.73,64800
OINK,20110902,2.19,2.35,2.17,2.25,44700
OKSB,20110902,4.68,4.73,4.41,4.43,273800
OKSBP,20110902,19.7,19.98,19.7,19.98,2200
OLBK,20110902,7.33,7.35,7.33,7.35,1400
OMAB,20110902,14.31,15.05,13.16,13.39,39000
OMCL,20110902,14.63,14.83,14.24,14.32,134400
OMER,20110902,3.89,3.96,3.82,3.89,31300
OMEX,20110902,2.72,2.84,2.7,2.72,468400
OMPI,20110902,9.86,10.27,9.54,9.63,82700
ONCY,20110902,3.71,3.81,3.65,3.7,66900
ONEQ,20110902,98.02,99.06,97.55,97.68,9600
ONFC,20110902,8.77,8.77,8.75,8.77,1200
ONNN,20110902,7.1,7.1,6.81,6.92,3754400
ONTY,20110902,6.91,7.66,6.75,7.15,526000
ONVI,20110902,3.9,3.9,3.9,3.9,0
ONXX,20110902,32.01,32.67,31.25,31.3,584900
OPEN,20110902,57.03,58.78,56.51,57.52,615700
OPHC,20110902,0.85,0.85,0.85,0.85,0
OPLK,20110902,16.22,16.51,15.88,15.93,209500
OPOF,20110902,11.3,11.3,10.55,10.55,3400
OPTR,20110902,9.43,10.07,9.16,9.89,1001200
OPTT,20110902,3.52,3.56,3.5,3.5,63600
OPXA,20110902,5.24,5.36,5.16,5.2,59800
ORBC,20110902,2.22,2.26,2.08,2.08,126800
ORBK,20110902,10.63,10.73,10.37,10.39,74000
ORBT,20110902,3.84,3.85,3.68,3.83,400
ORCL,20110902,27.23,27.45,26.78,26.97,30297500
OREX,20110902,1.36,1.42,1.3,1.41,362500
ORIT,20110902,12.41,12.41,12,12.01,565200
ORLY,20110902,64.73,66.37,64.56,65.75,2072800
ORRF,20110902,13.81,14,13.38,13.56,68900
OSBC,20110902,1.29,1.39,1.26,1.3,6600
OSBCP,20110902,4.1,4.1,4.1,4.1,200
OSHC,20110902,11,11.46,11,11.05,1200
OSIR,20110902,5.01,5.21,5,5.01,77400
OSIS,20110902,37.91,38.51,36.42,36.43,105600
OSN,20110902,2.4,2.43,2.33,2.39,11900
OSTK,20110902,9.96,9.99,9.46,9.82,168100
OSUR,20110902,6.75,6.98,6.72,6.86,204700
OTEX,20110902,57.73,58.5,56.49,56.77,386300
OTIV,20110902,1.64,1.71,1.64,1.66,43100
OTT,20110902,16.76,17.17,16.75,16.88,16500
OTTR,20110902,19.91,20.08,19.64,19.75,176400
OUTD,20110902,6.86,6.86,6.44,6.48,54700
OVBC,20110902,17,17.26,17,17.01,2200
OVLY,20110902,5.18,5.18,5.18,5.18,300
OVRL,20110902,2.63,2.69,2.6,2.6,12300
OVTI,20110902,17.13,17.61,16.82,17.35,3777300
OXBT,20110902,2.35,2.36,2.3,2.31,20900
OXGN,20110902,1.25,1.25,1.13,1.21,938200
OXLC,20110902,15.67,15.95,15.66,15.95,900
OZRK,20110902,21.93,22.43,21.5,21.53,250200
PAAS,20110902,32.82,34.06,32.82,33.58,1322500
PACB,20110902,6.26,6.26,5.85,5.95,453800
PACQ,20110902,9.45,9.45,9.45,9.45,0
PACQW,20110902,0.59,0.59,0.59,0.59,0
PACR,20110902,4.25,4.34,4.1,4.14,224300
PACW,20110902,14.99,15.29,14.81,14.89,336100
PAGG,20110902,31,31.34,31,31.16,15100
PANL,20110902,48.14,50.95,46.88,49.85,2478700
PATH,20110902,2.55,2.56,2.26,2.53,414400
PATK,20110902,1.91,2.09,1.91,2.08,4900
PATR,20110902,20.73,21.25,19.89,19.9,12200
PAYX,20110902,26.48,26.48,26,26.07,2971400
PBCT,20110902,11.35,11.52,11.31,11.4,6884800
PBHC,20110902,9.1,9.1,9.1,9.1,0
PBIB,20110902,4.24,4.27,4.2,4.2,2600
PBIP,20110902,5.18,5.18,5.18,5.18,0
PCAR,20110902,36.21,36.28,35.29,35.67,3130200
PCBK,20110902,7.91,8.02,7.5,7.54,55400
PCCC,20110902,8.74,8.83,8.59,8.62,52500
PCH,20110902,31.94,32.62,31.36,31.4,305900
PCLN,20110902,519.96,530.49,518.1,528.19,788200
PCO,20110902,2.16,2.3,2.09,2.14,1222900
PCOM,20110902,8.25,8.49,8.01,8.25,42600
PCRX,20110902,7.21,7.6,7.06,7.33,65500
PCTI,20110902,6.39,6.52,6.28,6.43,24500
PCYC,20110902,10.91,11.38,10.74,11.03,427800
PCYO,20110902,2.89,2.9,2.56,2.9,38300
PDCO,20110902,28.37,28.69,28,28.12,1520500
PDEX,20110902,1.71,1.71,1.71,1.71,0
PDFS,20110902,4.87,5.02,4.68,4.84,109500
PDII,20110902,7.17,7.23,7.03,7.04,15100
PDLI,20110902,5.82,5.89,5.75,5.8,1952100
PEBK,20110902,4.44,4.44,4.44,4.44,0
PEBO,20110902,9.88,10,9.75,9.85,39200
PEGA,20110902,37.66,38.14,35.5,36.26,280300
PEIX,20110902,0.44,0.51,0.44,0.47,6035100
PENN,20110902,38.34,38.57,37.62,37.81,582000
PENX,20110902,5.45,5.47,5.35,5.47,3100
PEOP,20110902,13.66,14,13.65,14,4200
PERF,20110902,15.96,16.49,15.96,16.49,1300
PERY,20110902,22.04,22.04,20.25,20.4,288300
PESI,20110902,1.4,1.46,1.39,1.39,41200
PETM,20110902,40.86,41.3,40.36,40.66,574000
PETS,20110902,9.83,9.88,9.63,9.7,271800
PFBC,20110902,8,8.17,8,8.01,1700
PFBI,20110902,5.98,6.02,5.98,6.02,1600
PFBX,20110902,11.3,11.41,11.02,11.41,2300
PFIN,20110902,4.89,4.9,4.8,4.89,6600
PFLT,20110902,11.95,11.96,11.57,11.8,24700
PFSW,20110902,5.27,5.34,5.01,5.25,53700
PGC,20110902,10.75,10.75,10.48,10.48,700
PGNX,20110902,5.83,5.89,5.49,5.52,120100
PGTI,20110902,1.7,1.79,1.7,1.72,11100
PHII,20110902,21.94,21.94,21.94,21.94,0
PHIIK,20110902,21.33,22.53,20.96,21.23,46700
PHMD,20110902,14.09,14.09,13.7,14.09,3900
PICO,20110902,22.18,22.73,21.54,21.55,124000
PKBK,20110902,7.12,7.34,7.12,7.2,900
PKOH,20110902,15.29,15.29,13.78,14,57100
PLAB,20110902,6.09,6.23,6,6.04,546400
PLBC,20110902,2.72,2.72,2.72,2.72,200
PLCC,20110902,0.95,0.95,0.95,0.95,0
PLCE,20110902,40.29,41.24,40.13,40.79,615500
PLCM,20110902,21.9,22.38,21.41,21.64,2077400
PLMT,20110902,10.05,10.05,10.05,10.05,0
PLNR,20110902,2.01,2.07,2,2.05,8700
PLPC,20110902,52.82,52.82,50.9,50.9,5900
PLTM,20110902,23.54,23.95,23.47,23.84,10800
PLUG,20110902,1.76,1.8,1.72,1.77,134500
PLUS,20110902,23.54,23.54,22.77,22.82,16100
PLXS,20110902,25.57,25.89,24.55,24.88,256600
PLXT,20110902,2.92,2.98,2.85,2.89,147600
PMBC,20110902,4.2,4.24,4.1,4.15,14600
PMCS,20110902,5.84,5.86,5.64,5.73,1753900
PMD,20110902,8.27,8.49,8.01,8.49,13500
PMFG,20110902,16.14,16.89,15.65,15.87,69800
PMNA,20110902,11.3,11.4,11.3,11.38,17300
PMTC,20110902,17.4,17.4,16.69,16.78,1060900
PMTI,20110902,7.93,8.21,7.82,8.04,105400
PNBK,20110902,1.95,2,1.95,1.95,4600
PNFP,20110902,11.72,13.23,11.19,11.27,243300
PNNT,20110902,9.86,10.01,9.59,9.65,347400
PNQI,20110902,35.15,35.63,35.13,35.36,11900
PNRA,20110902,111.35,113.25,110.1,110.52,517600
PNRG,20110902,20.73,20.73,20.73,20.73,0
PNTR,20110902,4.38,4.38,4.38,4.38,0
PODD,20110902,17.05,17.35,16.21,16.95,346300
POOL,20110902,24.98,25.21,24.76,24.93,377700
POPE,20110902,41.08,42.03,41,42.03,2500
POWI,20110902,29.71,30.75,29.54,29.84,426500
POWL,20110902,35.88,36.56,34.84,35,52000
POWR,20110902,4.45,4.48,4.05,4.1,147800
POZN,20110902,2.87,3.01,2.85,2.9,134700
PPBI,20110902,6.45,6.45,6.3,6.3,1200
PPHM,20110902,1.27,1.37,1.16,1.27,1012200
PRAA,20110902,68.87,70.67,68.71,69.2,138000
PRAN,20110902,1.73,1.78,1.65,1.71,38900
PRCP,20110902,6.08,6.15,5.96,6.15,10300
PRFT,20110902,8.55,8.75,8.37,8.39,136200
PRFZ,20110902,56.8,57,55.54,55.81,26300
PRGO,20110902,92.45,92.65,89.1,89.87,1070900
PRGS,20110902,19.79,20.1,19.15,19.3,389500
PRGX,20110902,5.58,5.64,5.45,5.47,113500
PRIM,20110902,10.62,10.94,10.17,10.26,187700
PRKR,20110902,0.87,0.88,0.85,0.87,73400
PRLS,20110902,3.68,3.8,3.68,3.8,5800
PRMW,20110902,6.49,7.08,6.25,6.61,542700
PROV,20110902,8.28,8.39,8.25,8.25,17100
PRPH,20110902,0.86,0.9,0.86,0.9,8500
PRSC,20110902,10.42,10.52,10.14,10.21,44300
PRTS,20110902,5.78,5.94,5.69,5.71,54900
PRXI,20110902,1.62,1.65,1.59,1.61,89100
PRXL,20110902,19.89,20.11,19.09,19.39,501700
PSAU,20110902,50.1,51.17,50.1,50.81,9000
PSBH,20110902,5.06,5.06,5.06,5.06,0
PSCC,20110902,29.67,29.8,29.46,29.46,600
PSCD,20110902,24.89,25.09,24.5,24.65,12100
PSCE,20110902,31.4,31.6,30.67,31.03,22700
PSCF,20110902,24.25,24.59,24.04,24.05,7300
PSCH,20110902,28.4,29.25,28.4,28.52,20700
PSCI,20110902,25.45,25.45,24.84,24.84,3400
PSCM,20110902,24.84,24.84,24.84,24.84,1500
PSCT,20110902,25.19,25.19,24.5,24.55,14400
PSCU,20110902,28.92,29.34,28.92,28.99,5800
PSDV,20110902,4.37,4.45,4.33,4.44,11000
PSEC,20110902,8.35,8.48,8.25,8.25,1690900
PSEM,20110902,7.25,7.43,6.95,7.01,92600
PSMT,20110902,62.53,63.81,61.43,62.81,359500
PSTB,20110902,3.92,3.97,3.8,3.81,73800
PSTI,20110902,2.61,2.65,2.56,2.6,45900
PSTR,20110902,4.41,4.45,4.27,4.31,16100
PSUN,20110902,1.41,1.44,1.35,1.35,657300
PTEK,20110902,1.11,1.11,1.11,1.11,100
PTEN,20110902,23.2,23.82,22.95,23.36,2758400
PTIE,20110902,4.55,4.7,4.46,4.48,237300
PTIX,20110902,2.07,2.08,1.87,1.91,9100
PTNR,20110902,10.52,10.69,10.4,10.51,253200
PTRY,20110902,11.88,12.1,11.56,11.79,505000
PTSI,20110902,10.46,10.96,10.46,10.57,4300
PTSX,20110902,0.7,0.7,0.7,0.7,0
PULB,20110902,6.42,6.53,6.42,6.5,1500
PURE,20110902,0.85,0.92,0.81,0.85,127400
PVFC,20110902,1.53,1.58,1.53,1.55,3300
PVTB,20110902,8.04,8.11,7.7,7.71,653400
PVTBP,20110902,25.86,26,25.55,26,5800
PWER,20110902,7.04,7.22,6.83,6.88,1537100
PWOD,20110902,33.66,33.99,33.1,33.15,8600
PWRD,20110902,20.59,20.66,20.07,20.28,493800
PWX,20110902,12.97,12.97,12.85,12.85,3100
PXLW,20110902,2.33,2.37,2.32,2.37,4100
PZZA,20110902,28.95,29.31,28.54,28.72,174900
PZZI,20110902,2.95,3,2.95,2.95,13100
QABA,20110902,20.41,20.48,20.02,20.02,1500
QADA,20110902,11.11,11.73,10.35,10.55,41400
QADB,20110902,10.62,10.65,10.2,10.51,600
QBAK,20110902,1.88,1.88,1.85,1.85,1200
QCCO,20110902,3.84,3.96,3.84,3.9,5600
QCLN,20110902,11.85,11.85,11.51,11.56,3100
QCOM,20110902,49.98,50.45,49.25,49.68,14693700
QCOR,20110902,29.51,30.22,29.2,29.33,687500
QCRH,20110902,9.25,9.25,9.25,9.25,100
QDEL,20110902,13.67,14.16,13.67,14.05,163600
QGEN,20110902,14.87,14.94,14.66,14.75,1394200
QKLS,20110902,33.6,34.8,33.6,34.08,5800
QLGC,20110902,13.1,13.3,12.92,13.04,778500
QLIK,20110902,24.69,24.84,23.74,23.85,715300
QLTI,20110902,7.19,7.25,7.08,7.13,225200
QLTY,20110902,11.7,12.09,11.54,11.66,80900
QNST,20110902,11.18,11.18,10.81,10.93,229200
QQEW,20110902,22.45,22.63,22.26,22.4,31300
QQQ,20110902,53.58,54.61,52.99,53.28,58185100
QQQX,20110902,13.5,13.52,13.37,13.46,50500
QQXT,20110902,21.38,21.38,21.12,21.13,2400
QSII,20110902,43.685,45.345,43.685,44.46,228700
QTEC,20110902,22.2,22.29,21.91,22.02,133000
QTWW,20110902,3,3.32,2.94,3.32,208700
QUIK,20110902,2.71,2.81,2.55,2.63,158500
RADA,20110902,2.87,2.87,2.51,2.63,6200
RAIL,20110902,17.23,17.23,16.04,16.14,255700
RAND,20110902,2.7,2.83,2.7,2.83,200
RAVN,20110902,25.69,26.195,24.85,25.07,62500
RBCAA,20110902,18.23,18.23,16.6,16.95,39500
RBCN,20110902,12.24,12.44,11.95,11.99,261800
RBNF,20110902,2.7,2.73,2.65,2.65,3400
RBPAA,20110902,1,1.02,1,1.02,300
RCII,20110902,26.96,26.99,25.8,26.01,658900
RCKB,20110902,9.36,9.74,9.36,9.5,109800
RCKY,20110902,11.09,11.75,11.09,11.57,5200
RCMT,20110902,4.73,4.75,4.57,4.67,43100
RCON,20110902,1.35,1.49,1.35,1.49,1300
RDA,20110902,9.55,9.65,9.35,9.5,46000
RDCM,20110902,3.99,3.99,3.75,3.87,3900
RDEN,20110902,30.75,30.94,29.43,29.52,173300
RDI,20110902,4.14,4.32,4.14,4.25,17500
RDNT,20110902,3.11,3.11,2.85,2.86,215900
RDWR,20110902,12.83,12.95,12.6,12.695,103000
RECN,20110902,9.95,9.95,9.37,9.45,274400
REDF,20110902,8.05,8.19,7.84,7.91,374200
REFR,20110902,3.92,4,3.75,4,47200
REGN,20110902,58.39,68.6,58.38,64.78,4892600
REIS,20110902,9.46,9.46,9.2,9.2,47100
RELL,20110902,13.55,13.77,13.44,13.5,81200
RELV,20110902,1.56,1.56,1.55,1.55,700
RENT,20110902,13.33,13.56,12.44,12.51,38700
REXI,20110902,4.69,4.97,4.65,4.86,19100
REXX,20110902,12.11,12.44,11.99,12.24,1038700
RFIL,20110902,4.05,4.13,3.96,4.01,4500
RFMD,20110902,5.84,6.12,5.75,5.84,7126300
RGCO,20110902,18.51,19.5,18.51,19.13,2100
RGDX,20110902,2.27,2.27,2.27,2.27,0
RGEN,20110902,3.35,3.36,3.28,3.31,14600
RGLD,20110902,77.77,79.71,77.68,78.97,875500
RICK,20110902,6.94,7.07,6.84,6.9,61500
RIGL,20110902,7.27,7.38,7.02,7.18,336800
RIMG,20110902,12.99,13.33,12.86,12.93,33100
RITT,20110902,4.9,4.9,4.5,4.62,7400
RIVR,20110902,16.1,16.1,16.1,16.1,100
RJET,20110902,3.05,3.15,2.98,2.98,605000
RLOC,20110902,13.96,14.17,13.54,13.63,157800
RLOG,20110902,6.87,7.48,6.75,7,10800
RMBS,20110902,11.13,11.25,10.95,10.99,991900
RMCF,20110902,8.91,9.01,8.82,8.92,4700
RMKR,20110902,1.07,1.11,1.04,1.04,18800
RMTI,20110902,8.44,8.78,8.32,8.35,77400
RNET,20110902,15.24,15.87,14.68,14.81,11800
RNIN,20110902,6,6.15,5.9,5.9,26400
RNST,20110902,12.86,12.99,12.25,12.27,143900
ROCK,20110902,8.22,8.49,8.13,8.19,167000
ROCM,20110902,7.96,8.23,7.89,7.89,20500
ROIA,20110902,1.38,1.38,1.36,1.37,1500
ROIAK,20110902,1.34,1.38,1.3,1.32,54800
ROIC,20110902,10.85,11.04,10.85,10.87,253600
ROICW,20110902,0.65,0.72,0.65,0.72,1600
ROLL,20110902,32.97,33.96,32.08,32.28,93900
ROMA,20110902,8.62,8.62,8.19,8.19,20700
ROSE,20110902,42.93,43.74,42,42.23,778000
ROSG,20110902,21.75,21.75,20.4,20.4,9700
ROST,20110902,36.76,37.26,36.68,36.8,1150200
ROVI,20110902,46.96,47.68,46.18,46.49,1062200
ROYL,20110902,2.61,2.74,2.59,2.68,81800
RP,20110902,19.59,19.85,19.23,19.51,217100
RPRX,20110902,4.65,4.89,4.65,4.87,44100
RPTP,20110902,4.4,4.49,4.26,4.27,144800
RPXC,20110902,27.08,27.08,26.04,26.08,51500
RRD,20110902,14.56,14.69,14.26,14.33,2417500
RRGB,20110902,30.82,31.25,30.15,30.46,146900
RRST,20110902,5.77,5.78,5.77,5.78,500
RSOL,20110902,2.05,2.1,2.02,2.1,6500
RSTI,20110902,21.87,22.13,21.3,21.34,273800
RSYS,20110902,7.33,7.54,7.11,7.13,144100
RTEC,20110902,6.32,6.61,6.25,6.39,1058600
RTIX,20110902,3.25,3.36,3.2,3.22,285400
RUE,20110902,24,24,22.46,22.56,528900
RUSHA,20110902,17.22,17.74,16.81,16.92,266300
RUSHB,20110902,14.22,14.53,13.91,13.91,1900
RUTH,20110902,4.78,4.9,4.6,4.65,379100
RVBD,20110902,23.94,24.18,22.92,23.18,3365500
RVSB,20110902,2.71,2.71,2.61,2.61,3200
RYAAY,20110902,25.6,25.63,24.98,25.03,124700
SAAS,20110902,3.65,3.68,3.5,3.51,112500
SAFM,20110902,38.84,39.25,38.52,38.78,459300
SAFT,20110902,37.5,37.84,36.66,36.8,40200
SAIA,20110902,11.45,11.65,11.32,11.45,88700
SALM,20110902,2.47,2.7,2.4,2.64,11600
SANM,20110902,7.17,7.3,7,7.05,918800
SANW,20110902,4.86,5.15,4.77,4.95,8300
SANWW,20110902,0.8,0.8,0.8,0.8,0
SANWZ,20110902,0.32,0.32,0.32,0.32,0
SAPE,20110902,10.3,10.69,9.97,10.02,1368200
SASR,20110902,15.31,15.78,14.88,14.97,129200
SATS,20110902,23.48,24.66,22.87,23.12,213700
SAVE,20110902,11.73,11.81,11.39,11.74,94500
SBAC,20110902,37.82,38.28,37.02,37.4,1285000
SBBX,20110902,5.96,6.02,5.44,5.82,700
SBCF,20110902,1.57,1.58,1.44,1.45,291100
SBGI,20110902,7.09,7.48,6.89,6.9,934100
SBLK,20110902,21.45,21.45,21,21.3,132000
SBNY,20110902,53.12,54.13,52,52.27,367500
SBNYW,20110902,28,28,28,28,0
SBRA,20110902,11.32,11.53,11.17,11.4,253200
SBSA,20110902,3.1,3.28,3.08,3.1,2500
SBSI,20110902,18.95,19.4,18.67,18.75,64100
SBUX,20110902,37.68,38.05,37.34,37.49,4881300
SCBT,20110902,26.7,27.39,26.25,26.45,104300
SCHL,20110902,26.28,26.69,25.47,25.89,164000
SCHN,20110902,43.2,43.41,41.89,42.21,118000
SCLN,20110902,4.38,4.45,4.24,4.24,265400
SCMP,20110902,3.14,3.5,3.01,3.13,46700
SCOK,20110902,3.83,3.89,3.75,3.76,30900
SCON,20110902,18.84,19.32,18.36,19.2,94500
SCOR,20110902,15.37,15.6,15.03,15.34,327600
SCSC,20110902,29.67,30.57,28.51,28.66,113700
SCSS,20110902,15.09,15.33,14.56,14.77,709200
SCVL,20110902,16.24,16.8333,15.96,16.24,122000
SDBT,20110902,2.37,2.45,2.35,2.37,4500
SDIX,20110902,1.93,1.94,1.87,1.91,700
SEAC,20110902,7.48,7.59,7.32,7.4,140300
SEED,20110902,2.75,2.85,2.74,2.76,135100
SEIC,20110902,16.69,16.95,16.3,16.32,1131700
SENEA,20110902,23.07,23.13,21.28,21.61,104200
SENEB,20110902,23.47,23.47,23.47,23.47,0
SEV,20110902,6.75,6.75,6.75,6.75,0
SFLY,20110902,50.76,51.25,49.67,50.38,356000
SFNC,20110902,21.84,22.21,21.35,21.36,55700
SFST,20110902,7.52,7.52,7.52,7.52,100
SGC,20110902,12.15,12.15,11.78,11.9,1400
SGEN,20110902,16.67,17.34,16.32,16.75,1635700
SGI,20110902,14.17,14.94,14.09,14.64,450700
SGMA,20110902,4.16,4.16,4.11,4.15,1400
SGMO,20110902,5.01,5.3,4.93,5.19,513900
SGMS,20110902,8.55,8.72,8.36,8.38,669300
SGNT,20110902,21.04,21.44,19.76,20.19,42400
SGOC,20110902,3.13,3.13,3.13,3.13,0
SGRP,20110902,1.38,1.38,1.38,1.38,100
SHBI,20110902,5.69,5.71,5.46,5.56,700
SHEN,20110902,13.46,13.73,12.77,12.87,66100
SHFL,20110902,9.73,9.91,9.36,9.38,389900
SHIP,20110902,4.1,4.1,3.82,3.86,16000
SHLD,20110902,58.45,58.45,54.51,54.52,525200
SHLM,20110902,17.52,17.82,17.28,17.39,316200
SHLO,20110902,9.77,10,9.7,9.72,31900
SHOO,20110902,34.06,34.33,33,33.15,293700
SHOR,20110902,6.38,6.54,6.18,6.25,288500
SIAL,20110902,62,63.05,61.81,61.99,699300
SIBC,20110902,11.5,11.56,11.5,11.5,5800
SIEB,20110902,1.48,1.5,1.48,1.5,2000
SIFI,20110902,9.45,9.49,9.43,9.43,900
SIFY,20110902,4.52,4.55,4.35,4.44,570700
SIGA,20110902,5.36,5.49,5.08,5.1,451900
SIGI,20110902,14.68,14.8,14.27,14.28,286100
SIGM,20110902,7.78,7.79,7.38,7.42,249300
SILC,20110902,15.36,15.6,14.51,15.1,53000
SIMG,20110902,4.89,5.08,4.85,4.92,1011800
SIMO,20110902,10.15,10.17,9.96,10.07,342500
SINA,20110902,101.99,102.5,99.51,101.21,3419900
SINO,20110902,2.86,3,2.79,2.95,3900
SIRI,20110902,1.72,1.76,1.71,1.72,33390000
SIRO,20110902,44.7,45.08,44.21,44.9,384300
SIVB,20110902,43.22,43.53,42.61,42.87,583400
SIVBO,20110902,24.37,24.74,24.37,24.4,1700
SKBI,20110902,2.24,2.44,2.16,2.33,15200
SKUL,20110902,16.24,16.25,15.95,15.96,176600
SKYW,20110902,12.33,12.53,12.1,12.12,318100
SKYY,20110902,16.56,16.56,16.19,16.36,40500
SLAB,20110902,32.76,33,32.12,32.41,334500
SLGN,20110902,37.25,37.37,36.61,36.85,221800
SLMAP,20110902,43.87,43.9,43.15,43.16,8300
SLP,20110902,3.15,3.25,3.1,3.21,6800
SLRC,20110902,22.02,22.22,21.76,21.78,353200
SLTC,20110902,4.93,5,4.54,5,600
SLTM,20110902,1.5,1.54,1.41,1.43,167400
SLXP,20110902,28.75,29.15,28.03,28.2,572600
SMBC,20110902,21.26,21.26,21.26,21.26,0
SMCI,20110902,13.19,13.19,12.58,12.67,158600
SMED,20110902,3.95,3.97,3.9,3.92,17400
SMIT,20110902,3.45,3.45,3.38,3.38,200
SMMF,20110902,3.12,3.15,3.12,3.15,1200
SMRT,20110902,6.74,6.85,6.55,6.58,169600
SMSI,20110902,1.78,1.81,1.73,1.8,508700
SMT,20110902,4.76,4.81,4.56,4.63,87900
SMTC,20110902,20.57,21.25,20.56,21.07,1055000
SMTX,20110902,1.48,1.62,1.48,1.58,47800
SNAK,20110902,4,4.04,3.97,4.02,14000
SNBC,20110902,2.9,2.95,2.85,2.88,200800
SNCR,20110902,25.7,26.04,24.15,24.55,375100
SNDK,20110902,35.39,36,34.63,34.94,6290500
SNFCA,20110902,1.49,1.49,1.49,1.49,0
SNHY,20110902,27.03,28,25.82,26.08,175400
SNMX,20110902,3.83,4.08,3.7,3.74,145200
SNPS,20110902,25.15,25.24,24.48,24.64,698600
SNSS,20110902,1.46,1.51,1.44,1.44,135300
SNTA,20110902,4,4.01,3.83,3.84,122500
SNTS,20110902,3.05,3.19,3.03,3.09,349900
SOCB,20110902,1.9,1.9,1.9,1.9,0
SODA,20110902,33.59,36.83,33.59,35.59,1840100
SOFO,20110902,10.91,11.15,10.91,11.15,4900
SOHU,20110902,77.65,78.16,74.38,76.16,1411300
SOMH,20110902,7.64,7.64,7.61,7.61,500
SONA,20110902,6.5,6.5,6.5,6.5,109400
SONC,20110902,9,9,8.72,8.86,588900
SONS,20110902,2.31,2.37,2.25,2.27,1572000
SORL,20110902,3.56,4,3.35,3.51,437800
SOXX,20110902,46.53,46.85,46.15,46.42,200000
SPAN,20110902,14.27,14.29,14.05,14.08,2000
SPAR,20110902,4.29,4.4,4.14,4.28,220800
SPBC,20110902,11.24,11.37,10.85,11.35,2600
SPCHA,20110902,1.8,1.8,1.8,1.8,0
SPCHB,20110902,2.33,2.33,2.19,2.3,35800
SPEX,20110902,26,27.2,25.8,26.8,9500
SPIL,20110902,4.5,4.53,4.46,4.51,1085700
SPIR,20110902,2,2.09,1.94,1.94,3700
SPLS,20110902,14.21,14.21,13.69,13.81,12542600
SPMD,20110902,2.04,2.15,2,2.05,80700
SPNC,20110902,5.9,6.01,5.63,5.65,222700
SPNS,20110902,3.87,4,3.77,3.84,4300
SPPI,20110902,8.16,8.43,8.11,8.16,758500
SPPR,20110902,0.88,0.88,0.85,0.85,8400
SPPRO,20110902,21.59,21.6,21.53,21.55,1900
SPPRP,20110902,8.35,8.35,8.35,8.35,0
SPRD,20110902,18.8,19,18.25,18.45,766400
SPRO,20110902,2.03,2.25,2.03,2.25,1200
SPRT,20110902,2.21,2.24,2.09,2.1,246700
SPSC,20110902,17.74,18.21,17.53,17.69,83400
SPTN,20110902,15.3,15.55,14.9,15.06,106100
SPU,20110902,2.2,2.37,2.2,2.26,42500
SQI,20110902,14.67,15.03,14.04,14.06,32800
SQNM,20110902,5.63,5.86,5.52,5.59,1609400
SQQQ,20110902,104.12,107.4,102.84,105.76,2926200
SRCE,20110902,21.84,21.98,20.95,21.07,60200
SRCL,20110902,84.37,84.49,82.74,82.83,533000
SRDX,20110902,10.07,10.26,9.94,9.98,74400
SREV,20110902,17.9,18.45,17.52,18.12,525600
SSBI,20110902,5.96,6.15,5.96,5.99,1300
SSFN,20110902,5.82,5.82,5.82,5.82,100
SSNC,20110902,16.01,16.09,15.4,15.44,104700
SSRI,20110902,28.39,30.13,28.24,30.09,1730100
SSRX,20110902,12.97,13.73,12.97,12.97,92000
SSYS,20110902,21.75,22.3,21.35,21.47,210100
STAA,20110902,7.73,7.99,7.64,7.82,334800
STAN,20110902,15.6,15.86,15.32,15.33,66700
STBA,20110902,17.1,17.49,16.36,16.37,102800
STBZ,20110902,13.75,13.95,12.91,12.93,93600
STEC,20110902,9.01,9.25,8.81,9.05,1082300
STEI,20110902,5.82,6.04,5.73,5.74,495100
STEL,20110902,11.09,11.12,10.64,10.75,86300
STEM,20110902,2.41,2.43,2.35,2.4,116600
STFC,20110902,13.74,13.74,12.48,12.57,59500
STKL,20110902,4.95,5.02,4.95,4.98,147500
STLD,20110902,12.1,12.1,11.73,11.83,2415900
STLY,20110902,3.35,3.46,3.3,3.43,3200
STMP,20110902,18.55,19.49,18.53,19.24,222000
STND,20110902,14.75,14.75,14.75,14.75,300
STNR,20110902,39.46,39.95,37.46,38.82,73000
STRA,20110902,90,91.39,89.02,90.11,311900
STRL,20110902,12.06,12.27,11.5,11.61,71000
STRM,20110902,1.98,1.99,1.78,1.85,12100
STRN,20110902,4.99,5.1,4.99,5.1,2600
STRS,20110902,10.03,10.03,9.99,9.99,1300
STRT,20110902,22.75,22.75,22.75,22.75,100
STSA,20110902,13.52,14.46,12.65,12.78,97700
STX,20110902,11.03,11.05,10.67,10.71,6074200
STXS,20110902,13.8,14.2,12.1,13.8,546700
SUBK,20110902,8,8.16,7.91,7.91,43700
SUMR,20110902,6.65,6.8,6.51,6.6,75800
SUNS,20110902,16.91,16.91,15.57,15.62,33600
SUPX,20110902,18.53,18.83,18.34,18.47,69000
SURG,20110902,5.3,5.49,5.23,5.41,201600
SUSQ,20110902,6.25,6.38,5.97,6.01,1456000
SUTR,20110902,1.2,1.85,1.2,1.48,324900
SVA,20110902,2.54,2.8,2.54,2.64,256000
SVBI,20110902,3.03,3.03,3.03,3.03,0
SVNT,20110902,3.99,3.99,3.79,3.83,1056100
SVVC,20110902,15.65,15.65,15.65,15.65,100
SWHC,20110902,3.16,3.2,3,3.02,329600
SWIR,20110902,7.07,7.19,7.07,7.07,34100
SWKS,20110902,20.45,20.63,19.48,19.62,3495200
SWSH,20110902,4.83,5.04,4.75,4.96,860200
SYBT,20110902,19.02,19.44,18.9,18.95,45400
SYBTP,20110902,11.2,11.2,11.2,11.2,0
SYKE,20110902,15.15,15.15,14.09,14.19,555400
SYMC,20110902,16.6,16.71,16.23,16.36,8010400
SYMM,20110902,4.96,5.17,4.95,4.98,138800
SYMX,20110902,1.6,1.67,1.57,1.64,138900
SYNA,20110902,23.59,24.14,23.27,23.44,404200
SYNL,20110902,10.15,11.08,10.15,10.5,500
SYNM,20110902,11,11.3,10.5,10.6,314100
SYNT,20110902,43.82,44.39,42.74,42.91,78800
SYPR,20110902,3.4,3.4,3.4,3.4,0
SYUT,20110902,5.79,5.9,5,5.11,51100
SZYM,20110902,13.63,13.69,12.5,12.58,314700
TACT,20110902,9.6,9.7,9.52,9.58,7300
TAIT,20110902,1.09,1.09,1.09,1.09,0
TASR,20110902,4.22,4.29,4.2,4.21,369700
TAST,20110902,8.68,9.02,8.68,8.79,75900
TATT,20110902,5.47,5.48,5.47,5.48,800
TAXI,20110902,9.6,9.97,9.6,9.67,103100
TAYC,20110902,6.47,6.72,6.12,6.14,34900
TAYCP,20110902,19.52,20.12,19.52,20.12,2300
TAYD,20110902,6.51,6.65,6.5,6.59,5000
TBAC,20110902,1.71,1.71,1.59,1.59,2700
TBBK,20110902,7.3,7.33,7.03,7.04,113300
TBNK,20110902,19.41,19.9,19.05,19.06,51600
TBOW,20110902,2.91,3.05,2.85,3,29700
TCBI,20110902,24.33,24.87,23.55,23.62,239300
TCBIW,20110902,12.75,12.75,12.75,12.75,0
TCBK,20110902,12.51,12.68,12.14,12.21,45400
TCCO,20110902,7.63,7.63,7.63,7.63,100
TCRD,20110902,11.3,11.33,10.99,11.06,69700
TEAR,20110902,1.44,1.44,1.2,1.23,5700
TECD,20110902,45.66,46.41,45.33,45.73,512800
TECH,20110902,71.05,71.81,70.17,70.73,126800
TECUA,20110902,7.56,7.83,7.52,7.75,98500
TECUB,20110902,7.63,7.88,7.58,7.88,7600
TELK,20110902,9,9.6,9,9.3,30100
TESO,20110902,15.17,15.49,14.96,15.09,199300
TESS,20110902,14.29,14.54,14.16,14.53,23700
TFCO,20110902,3.7,3.7,3.7,3.7,0
TFM,20110902,36.67,36.9,35.08,36.21,496800
TFSL,20110902,8.5,8.55,8.35,8.35,258100
TGA,20110902,9.36,9.53,9.2,9.33,202300
TGE,20110902,6.07,6.07,5.85,5.96,15900
THFF,20110902,29.04,29.36,28.01,28.04,41600
THLD,20110902,1.48,1.55,1.47,1.55,100000
THOR,20110902,32.61,33.09,31.89,32.08,451800
THRD,20110902,21.14,21.14,21.14,21.14,0
THRX,20110902,17.77,18.13,17.55,17.68,340000
THTI,20110902,2.91,2.91,2.13,2.89,2600
TIBX,20110902,21.02,21.51,20.78,21.01,2257600
TICC,20110902,9.02,9.18,8.92,8.93,216800
TIGR,20110902,2.85,2.85,2.8,2.82,10900
TINY,20110902,3.95,4.07,3.94,3.94,172300
TISA,20110902,2.09,2.18,2.09,2.15,7500
TITN,20110902,24.78,25.3,24.4,24.87,208800
TIVO,20110902,10.65,10.99,10.55,10.74,2791200
TKMR,20110902,2.02,2.03,1.91,1.91,24200
TLAB,20110902,3.92,3.95,3.77,3.79,4471200
TLF,20110902,4.8,4.85,4.69,4.78,2000
TMNG,20110902,2.21,2.25,2.21,2.25,1900
TNAV,20110902,8.77,9.04,8.54,8.8,305100
TNGO,20110902,11.23,11.33,11,11.22,12600
TOFC,20110902,8.29,8.5,8.29,8.4,2100
TOPS,20110902,1.79,2.2,1.76,2.06,26500
TORM,20110902,14.88,15.05,14.64,15,5300
TOWN,20110902,11.33,12.22,11.19,11.22,104300
TPGI,20110902,2.85,2.89,2.53,2.66,490000
TQNT,20110902,7.33,7.38,7.05,7.25,4069200
TQQQ,20110902,31.68,32.175,30.685,31.22,802800
TRAK,20110902,18.2,18.75,18.03,18.09,246800
TREE,20110902,5.39,5.39,5.04,5.1,27400
TRGT,20110902,15.47,15.89,15.28,15.44,367100
TRIB,20110902,10.28,10.34,10.06,10.06,29100
TRIT,20110902,4.06,4.17,3.96,4.05,60500
TRLG,20110902,29.52,29.78,28.4,28.69,340600
TRMB,20110902,18.455,18.64,17.815,17.94,324800
TRMD,20110902,20.6,20.6,19.4,19.4,20500
TRMK,20110902,19.98,20.49,19.37,19.43,638100
TRNS,20110902,11.83,11.99,11.83,11.9,3200
TRNX,20110902,21.38,21.5,20.58,21.05,67800
TROW,20110902,50.91,51.34,49.94,50.17,1929500
TRS,20110902,17.73,18.27,17.29,17.39,219900
TRST,20110902,4.71,4.71,4.34,4.37,469600
TSBK,20110902,4.95,5.05,4.91,5.05,1100
TSCO,20110902,59.94,60.69,59.46,59.64,347300
TSEM,20110902,11.25,12,10.8,11.1,387100
TSLA,20110902,23.76,23.99,22.68,23.07,770300
TSON,20110902,4.27,4.27,4.05,4.05,17100
TSPT,20110902,2.91,2.94,2.8,2.86,166300
TSRA,20110902,13.35,13.67,13.16,13.27,707000
TSRI,20110902,4.31,4.31,4.31,4.31,0
TSRX,20110902,6.42,6.42,6.1,6.11,34800
TST,20110902,2.29,2.33,2.22,2.22,51700
TSTC,20110902,6.09,6.2,5.94,6.13,69400
TSYS,20110902,3.56,3.71,3.53,3.53,368600
TTEC,20110902,16.93,17.08,16.45,16.46,123500
TTEK,20110902,19.05,19.2,18.52,18.59,332500
TTGT,20110902,6.3,6.3,5.82,5.87,49400
TTHI,20110902,1.95,2,1.95,1.97,13200
TTMI,20110902,10.32,10.61,10,10.03,615400
TTWO,20110902,12.59,12.76,12.5,12.61,1263900
TUES,20110902,3.82,3.87,3.63,3.68,212800
TWER,20110902,3.42,3.47,3.26,3.28,273800
TWGP,20110902,23.29,23.49,22.81,22.9,188900
TWIN,20110902,35.88,36.38,33.56,34.48,79500
TWMC,20110902,1.95,1.95,1.88,1.95,2400
TWTC,20110902,18.63,18.76,18.22,18.24,1294300
TXCC,20110902,2.73,2.77,2.68,2.72,55700
TXN,20110902,25.21,25.35,25.01,25.08,8404800
TXRH,20110902,13.77,13.94,13.61,13.65,861800
TYPE,20110902,11.29,11.57,10.9,10.94,141100
TZOO,20110902,34.3,35.19,33.14,34.1,950400
TZYM,20110902,3.09,3.19,3.09,3.12,5000
UACL,20110902,14.62,14.65,12.82,12.85,10700
UBCP,20110902,8.61,8.63,8.61,8.63,300
UBFO,20110902,3.02,3.03,2.97,2.97,1200
UBNK,20110902,14.31,14.81,14.13,14.17,65500
UBOH,20110902,8.53,8.53,8.5,8.5,200
UBPS,20110902,5.75,5.75,5.75,5.75,0
UBSH,20110902,10.61,10.65,10.21,10.33,61300
UBSI,20110902,21.12,21.49,20.48,20.65,367800
UCBA,20110902,5.68,5.82,5.68,5.81,1200
UCBI,20110902,9.84,10,9.46,9.84,410900
UCFC,20110902,1.16,1.16,1.04,1.14,18000
UCTT,20110902,5.12,5.24,5.03,5.08,209000
UEIC,20110902,18.66,18.66,17.6,17.75,102600
UEPS,20110902,6.27,6.27,6.1,6.15,117100
UFCS,20110902,16.95,17.64,16.41,16.48,76500
UFPI,20110902,28.27,28.28,26.39,26.48,201100
UFPT,20110902,16.29,16.38,16.02,16.11,6600
UG,20110902,14.52,14.73,14.52,14.73,900
UHAL,20110902,69.24,69.93,66.43,67.07,47700
ULBI,20110902,4.75,4.83,4.75,4.81,10800
ULGX,20110902,0.85,0.9,0.85,0.9,6500
ULTA,20110902,56.1,57.24,54.95,55.33,529100
ULTI,20110902,48.21,49.16,46.51,47,184000
ULTR,20110902,3.17,3.21,3.02,3.03,67400
UMBF,20110902,36.21,37,35.17,35.25,154800
UMPQ,20110902,9.32,9.48,9.2,9.2,1266300
UNAM,20110902,10.98,10.98,10.5,10.96,6100
UNB,20110902,18.81,19.22,18.79,18.79,800
UNFI,20110902,38.94,39.25,38.24,38.27,304500
UNIS,20110902,4.21,4.46,4.15,4.15,141000
UNTD,20110902,5.25,5.37,5.17,5.29,1012700
UNTK,20110902,4.91,5.09,4.58,4.79,52400
UNTY,20110902,6.46,6.52,6.43,6.45,1400
UNXL,20110902,4.8,5.05,4.75,4.95,10600
UPI,20110902,5.59,5.74,5.35,5.37,71000
URBN,20110902,25.5,26.21,25.29,25.96,4846900
URRE,20110902,11,11.3,10.7,10.8,1414000
USAK,20110902,7.55,7.6,7.41,7.45,11000
USAP,20110902,31.24,32,30.24,30.47,40200
USAT,20110902,1.79,1.89,1.76,1.8,162200
USATP,20110902,17.99,17.99,17.99,17.99,0
USATZ,20110902,1.06,1.06,1.06,1.06,0
USBI,20110902,6.06,6.16,6.06,6.16,400
USCR,20110902,5.48,5.6,5.4,5.4,5700
USEG,20110902,2.7,2.78,2.57,2.59,158100
USLM,20110902,40.08,42.07,40.08,42,10400
USMO,20110902,14.86,15.02,14.7,14.73,173300
USTR,20110902,30.01,30.19,29.44,29.53,520900
UTEK,20110902,19.61,20.73,19.3,19.89,399200
UTHR,20110902,42.21,42.76,41.29,41.61,845000
UTIW,20110902,14.9,15.24,14.4,14.54,728700
UTMD,20110902,26.2,26.57,26.2,26.57,2100
UTSI,20110902,4.08,4.26,4.02,4.2,412400
UVSP,20110902,13.08,13.47,12.9,13.1,71300
VALU,20110902,12.26,12.26,12.01,12.01,3300
VALV,20110902,1.87,1.93,1.79,1.9,128200
VASC,20110902,11.28,11.36,11.15,11.26,68700
VBFC,20110902,2.3,2.3,2.3,2.3,0
VCBI,20110902,5.77,5.87,5.64,5.65,103700
VCIT,20110902,82.83,83,82.59,82.91,59600
VCLK,20110902,14.87,15.18,14.63,14.84,1011000
VCLT,20110902,84.4,84.4,83.17,84.19,33400
VCSH,20110902,78.59,78.59,78.25,78.35,287400
VDSI,20110902,7.02,7.25,6.9,6.92,219500
VECO,20110902,33.48,34.59,32.72,33,1436300
VELT,20110902,8.01,8.29,7.79,7.98,616600
VGIT,20110902,65.35,65.48,65.33,65.44,9100
VGLT,20110902,70.59,71.21,70.25,71.11,64800
VGSH,20110902,61.2,61.21,61.12,61.2,18900
VIA,20110902,55.63,56.42,55.34,55.52,13100
VIAB,20110902,46,46.72,45.24,45.3,4148200
VIAS,20110902,18.38,19.12,17.82,17.87,6800
VICL,20110902,3.39,3.46,3.3,3.31,705100
VICR,20110902,10.43,10.53,9.9,9.98,84300
VIDE,20110902,3.54,3.74,3.45,3.45,3200
VIFL,20110902,6.6,7.89,6.4,7.53,53900
VIMC,20110902,1.5,1.55,1.4,1.51,19400
VIRC,20110902,2.38,2.4,2.38,2.38,1100
VISN,20110902,38.6,39,36.4,37.2,108400
VITC,20110902,4.5,4.52,4.4,4.45,37900
VIVO,20110902,17.58,18.02,17.58,17.69,232500
VLCCF,20110902,17.5,17.84,17.01,17.06,141200
VLGEA,20110902,24.27,24.43,23.5,23.5,16600
VLTR,20110902,19.66,20.37,19.66,19.85,306500
VLYWW,20110902,2.42,2.42,2.42,2.42,0
VMBS,20110902,52.17,52.21,51.98,52.2,4800
VMED,20110902,24.89,24.94,24.11,24.33,2887500
VNDA,20110902,5.77,5.9,5.64,5.66,143000
VNET,20110902,11.4,11.83,10.67,10.78,172500
VNQI,20110902,47.47,47.7,47.25,47.4,10100
VOCS,20110902,20.51,20.51,19.61,19.74,167900
VOD,20110902,26.43,26.54,26.25,26.32,6391400
VOLC,20110902,29.15,29.71,28.5,28.7,308100
VONE,20110902,54.23,54.34,53.69,54.01,5400
VONG,20110902,56.23,56.28,56.11,56.15,2500
VONV,20110902,51.94,51.94,51.32,51.56,5000
VOXX,20110902,6.01,6.11,5.82,5.89,120100
VPFG,20110902,11.44,11.63,11.33,11.34,155400
VPHM,20110902,18.88,19.25,18.48,18.61,830900
VPRT,20110902,27.82,28.37,26.65,26.82,761700
VRA,20110902,32.95,33.38,31.91,32.89,633100
VRML,20110902,2.56,2.67,2.51,2.6,21800
VRNM,20110902,3,3.05,2.51,2.73,292600
VRNT,20110902,26.98,27.15,26.46,26.58,125600
VRSK,20110902,34.25,34.49,33.79,33.92,398000
VRSN,20110902,30.28,30.38,29.88,30.01,1299800
VRTA,20110902,1.32,1.36,1.32,1.36,20800
VRTB,20110902,1.53,1.53,1.44,1.44,800
VRTS,20110902,59,61.57,57.86,58.06,61400
VRTU,20110902,14.37,14.9,13.88,14.23,113400
VRTX,20110902,44.29,45.83,44.15,44.59,1274900
VSAT,20110902,34.94,35.42,33.33,33.82,312600
VSBN,20110902,10.02,10.02,10.02,10.02,0
VSCI,20110902,2,2.05,1.94,1.99,44400
VSCP,20110902,1.24,1.27,1.22,1.27,8700
VSEC,20110902,24.49,24.77,23.45,23.9,20300
VTHR,20110902,54.12,54.32,53.77,53.8,3400
VTNC,20110902,6.02,6.02,5.83,5.91,38000
VTSS,20110902,3.35,3.45,3.33,3.34,14200
VTUS,20110902,9.34,9.69,9.34,9.43,17000
VTWG,20110902,57.45,57.85,56.44,56.6,1000
VTWO,20110902,55.07,55.45,54.08,54.08,12400
VTWV,20110902,52.87,52.87,51.77,51.77,2400
VVTV,20110902,3.5,3.59,3.35,3.36,213300
VVUS,20110902,7.93,8.01,7.62,7.68,1048300
VXUS,20110902,45.08,45.25,44.55,44.7,246300
VYFC,20110902,4.49,4.49,4.48,4.48,500
WABC,20110902,39.65,40.69,38.71,38.79,237700
WAFD,20110902,14.16,14.34,13.89,13.92,683900
WASH,20110902,20.12,21.71,19.51,19.66,46400
WAVX,20110902,2.15,2.19,2.06,2.11,503800
WAYN,20110902,8.4,8.4,8.4,8.4,0
WBCO,20110902,10.71,10.78,10.21,10.24,57200
WBKC,20110902,13.99,14,13.99,14,300
WBMD,20110902,33.93,34.53,33,33.37,435600
WBSN,20110902,19.95,20.25,19.1,19.18,266200
WCRX,20110902,16.27,16.29,15.72,15.86,1473800
WDC,20110902,28.08,28.28,27.2,27.44,3005900
WDFC,20110902,39.58,39.94,38.98,39.32,112600
WEBM,20110902,6.16,6.51,5.74,6.3,40600
WERN,20110902,22.43,22.92,22.17,22.46,719100
WETF,20110902,8.77,8.97,8.62,8.7,194700
WEYS,20110902,22,22.24,21.36,21.42,20500
WFD,20110902,6.97,7.17,6.86,6.9,91100
WFM,20110902,63.68,63.86,62.46,63.11,1629900
WIBC,20110902,2.9,2.95,2.85,2.88,395000
WIFI,20110902,8.51,8.61,8.36,8.4,42600
WILC,20110902,6.18,6.18,5.98,6.15,5000
WILN,20110902,7.12,7.37,6.84,7.19,179500
WIN,20110902,12.49,12.66,12.41,12.52,7321800
WINA,20110902,47,47.47,46.51,46.6,6300
WIRE,20110902,21.23,21.48,20.5,20.73,116800
WLB,20110902,9.77,9.92,9.2,9.24,49400
WLBPZ,20110902,23.92,23.92,23.45,23.65,1100
WLDN,20110902,3.85,4.02,3.82,4.02,1100
WLFC,20110902,12.58,12.6,12.58,12.6,1100
WMAR,20110902,8.54,8.76,8.31,8.31,56600
WMGI,20110902,14.99,14.99,14.46,14.59,346900
WOOD,20110902,36.44,36.76,36.2,36.27,8000
WOOF,20110902,17.87,18.11,17.41,17.46,588300
WPCS,20110902,2.26,2.27,2.05,2.16,20900
WPPGY,20110902,50.24,51.04,49.53,49.53,164500
WPRT,20110902,23.79,24.11,23.28,23.66,409000
WRES,20110902,3.2,3.27,3.1,3.12,369600
WRLD,20110902,62.54,64.02,61.55,62.81,146400
WRLS,20110902,5.95,5.99,5.9,5.96,8300
WSB,20110902,2.47,2.47,2.47,2.47,0
WSBC,20110902,18.17,18.5,17.68,17.9,157500
WSBF,20110902,2.6,2.64,2.6,2.6,9200
WSCI,20110902,5.25,5.34,5.25,5.34,3500
WSFS,20110902,33.56,35.29,33.5,33.62,55700
WSTG,20110902,11.23,11.3,10.93,10.93,11600
WSTL,20110902,2.35,2.38,2.25,2.27,343000
WTBA,20110902,8.47,8.73,8.06,8.07,42500
WTFC,20110902,29.59,30.18,28.97,28.98,219300
WTFCW,20110902,14.95,14.95,14.95,14.95,0
WVFC,20110902,8.53,9.02,8.37,9,4000
WVVI,20110902,3.13,3.17,3.06,3.14,19000
WWD,20110902,29.68,30.14,28.62,28.89,324500
WWWW,20110902,9.2,9.28,8.54,8.7,405700
WYNN,20110902,149.2,149.78,146.01,147.9,1949700
XBKS,20110902,3.43,3.5,3.42,3.42,4000
XIDE,20110902,5.15,5.23,4.82,4.84,969500
XLNX,20110902,30.1,30.44,29.57,29.8,6439800
XNPT,20110902,6.93,7.1,6.7,6.76,242100
XOMA,20110902,1.93,1.95,1.82,1.86,268600
XRAY,20110902,34.27,34.47,33.86,33.97,1500700
XRTX,20110902,8.15,8.29,7.92,7.94,408800
XTEX,20110902,15.87,16.07,15.62,15.85,39700
XTXI,20110902,11.26,11.74,11.03,11.33,856100
XWES,20110902,3.02,3.36,3.02,3.1,40000
XXIA,20110902,8.03,8.23,7.79,7.83,525400
YAVY,20110902,1.75,1.75,1.65,1.65,1900
YHOO,20110902,13.12,13.13,12.86,12.87,20509300
YNDX,20110902,30.43,31.31,30.02,30.38,698000
YORW,20110902,17.18,17.53,16.88,16.9,41000
YRCW,20110902,0.74,0.76,0.71,0.74,2409900
Z,20110902,35.56,36,34.66,34.94,171500
ZAGG,20110902,14.25,14.77,14,14.37,644800
ZBRA,20110902,34.4,34.58,33.5,33.76,152600
ZEUS,20110902,19.53,19.79,18.86,18.98,86900
ZGNX,20110902,3.63,3.64,3.34,3.39,53600
ZHNE,20110902,1.43,1.48,1.4,1.41,52200
ZIGO,20110902,12.03,12.29,11.37,11.55,70900
ZINC,20110902,9.9,10.17,9.56,9.84,547100
ZION,20110902,16.34,16.56,16.02,16.18,3872800
ZIONW,20110902,3.15,3.16,3.15,3.16,700
ZIOP,20110902,5.37,5.37,5.12,5.17,382700
ZIPR,20110902,2.05,2.12,2.05,2.11,400
ZIXI,20110902,3.17,3.3,3.13,3.14,424400
ZLCS,20110902,1.48,1.54,1.43,1.44,636400
ZN,20110902,2.55,2.68,2.48,2.49,241300
ZOLT,20110902,8.01,8.34,7.77,7.84,240800
ZOOM,20110902,1.98,1.99,1.95,1.99,36200
ZUMZ,20110902,17.31,17.82,17.2,17.46,532000
