<ticker>,<date>,<open>,<high>,<low>,<close>,<vol>
AACC,20120124,4.49,4.52,4.29,4.4,11900
AAME,20120124,2.02,2.03,2,2,4100
AAON,20120124,19.61,20.11,19.36,20.03,46600
AAPL,20120124,425.1,425.1,419.55,420.41,19558400
AAWW,20120124,43.18,43.34,42.2,43.08,185000
AAXJ,20120124,54.58,55,54.35,54.98,169900
ABAX,20120124,28.01,28.37,27.85,28.33,112700
ABCB,20120124,10.8,10.9,10.74,10.89,41300
ABCD,20120124,3.06,3.2,3.06,3.19,21300
ABCO,20120124,39.175,39.835,38.995,39.73,73100
ABFS,20120124,21.53,21.9,21.38,21.69,280500
ABIO,20120124,6.12,6.18,6,6,241200
ABMD,20120124,17.65,18.08,17.23,18.07,298400
ABTL,20120124,3.85,3.95,3.75,3.9,105300
ACAD,20120124,1.41,1.45,1.4,1.44,133700
ACAS,20120124,8,8.07,7.9,8.07,1667100
ACAT,20120124,22.74,23.16,22.74,23,80400
ACCL,20120124,7.25,7.43,7.17,7.38,71000
ACET,20120124,7,7.13,6.95,7.11,106800
ACFC,20120124,2.35,2.47,2.34,2.37,5500
ACFN,20120124,6.64,6.68,6.58,6.58,22600
ACGL,20120124,36.86,36.99,36.52,36.83,470800
ACHC,20120124,11.32,11.34,11.14,11.21,23800
ACHN,20120124,9.33,10.9,9.11,10.75,4931500
ACIW,20120124,30.45,31.27,30.39,31.26,166300
ACLS,20120124,1.77,1.79,1.73,1.75,845000
ACNB,20120124,14,14.15,14,14.15,1000
ACOR,20120124,25.43,25.65,24.37,25.52,511100
ACPW,20120124,4.45,4.6,4.4,4.5,268800
ACRX,20120124,2.52,2.58,2.5,2.5,2000
ACTG,20120124,41.21,41.21,39.7,40.46,489700
ACTS,20120124,1.85,1.85,1.82,1.84,12600
ACUR,20120124,3.95,4.09,3.85,4.02,118400
ACWI,20120124,44,44.38,43.99,44.34,985600
ACWX,20120124,38.39,38.7,38.35,38.66,594600
ACXM,20120124,13.67,13.92,13.51,13.8,228100
ADAT,20120124,1.5,1.54,1.44,1.46,35900
ADBE,20120124,30.17,31,30.08,30.95,4715700
ADEP,20120124,2.53,2.55,2.46,2.55,2500
ADES,20120124,21.01,21.39,21,21.17,119100
ADI,20120124,39.29,39.97,39.26,39.85,2977600
ADP,20120124,56.26,56.89,56.06,56.73,2404100
ADRA,20120124,24.49,24.61,24.37,24.61,1000
ADRD,20120124,19.46,19.57,19.36,19.57,23700
ADRE,20120124,41.76,42.22,41.74,42.18,21400
ADRU,20120124,19.21,19.28,19.2,19.27,1400
ADSK,20120124,34.62,35.94,34.61,35.81,4452100
ADTN,20120124,34.81,35.33,34.5,35.26,772500
ADUS,20120124,3.51,3.65,3.42,3.65,17000
ADVS,20120124,26.04,26.91,25.85,26.75,136100
AEGN,20120124,17.06,17.49,16.95,17.17,286100
AEGR,20120124,15.83,16.38,15.6,16.33,76100
AEHR,20120124,0.85,0.92,0.85,0.92,14100
AEIS,20120124,10.86,11.01,10.82,10.95,414300
AEPI,20120124,29.69,30.66,29.69,30.33,15000
AERL,20120124,6,6.05,5.8,5.91,69400
AETI,20120124,5.72,5.72,5.57,5.66,4500
AEY,20120124,2.2,2.21,2.15,2.17,16400
AEZS,20120124,9.42,9.54,8.82,9.36,2347000
AFAM,20120124,17.88,18.28,17.74,18.21,70200
AFCB,20120124,11.99,11.99,11.99,11.99,0
AFCE,20120124,14.18,14.43,13.99,14.4,45100
AFFX,20120124,4.6,4.82,4.46,4.75,571200
AFFY,20120124,6.8,7.04,6.75,6.93,420700
AFOP,20120124,8.48,8.5,8.35,8.46,10400
AFSI,20120124,25.67,25.79,25.48,25.77,207000
AGEN,20120124,2.42,2.44,2.34,2.43,56100
AGII,20120124,28.18,28.18,27.97,28.04,80200
AGNC,20120124,29.1,29.24,29,29.19,3024000
AGYS,20120124,8.25,8.4,8.19,8.38,45000
AHGP,20120124,53.11,54.1,52.87,53.57,46900
AHPI,20120124,3.29,3.35,3.24,3.3,900
AIMC,20120124,18.42,19.21,18.38,19.17,79200
AINV,20120124,7.43,7.55,7.3,7.52,1168600
AIRM,20120124,26.3733,27.0267,26.3733,26.9233,81700
AIRT,20120124,8.94,9,8.86,9,5700
AIXG,20120124,14.52,14.65,14.23,14.65,138500
AKAM,20120124,31.46,31.56,31.23,31.39,3141900
AKRX,20120124,10.92,11.37,10.89,11.23,1014300
ALCO,20120124,21.32,21.7,21.05,21.57,8300
ALGN,20120124,24.98,25.3,24.39,24.91,848100
ALGT,20120124,53.26,53.99,52.59,53.93,87300
ALIM,20120124,1.3,1.32,1.25,1.32,65200
ALKS,20120124,17.78,17.95,17.56,17.95,968300
ALLB,20120124,11,11,11,11,0
ALLT,20120124,15.65,15.66,15.3,15.6,162800
ALNY,20120124,10.45,10.76,9.82,10.7,297100
ALOG,20120124,57.48,57.55,57.18,57.47,53500
ALOT,20120124,8.09,8.09,8.09,8.09,0
ALSK,20120124,2.86,2.92,2.86,2.88,391700
ALTE,20120124,23.97,24.33,23.8,24.23,342500
ALTI,20120124,0.61,0.64,0.61,0.64,98200
ALTR,20120124,39.43,40.12,38.95,40.12,5674700
ALVR,20120124,12.2,12.5,11.9,12,328500
ALXA,20120124,7.4,7.6,7.2,7.2,194600
ALXN,20120124,74.32,74.96,73.87,73.98,1094100
AMAG,20120124,15.95,16,15.62,15.93,260800
AMAP,20120124,10.79,10.79,10.25,10.57,31200
AMAT,20120124,12.22,12.41,12.12,12.31,8321100
AMBT,20120124,5.53,5.53,5.3,5.3,4000
AMCC,20120124,7.98,8.28,7.97,8.22,493400
AMCF,20120124,3.45,3.62,3.45,3.52,15600
AMCN,20120124,3.6,3.63,3.53,3.57,62700
AMCX,20120124,41.69,42.29,41.39,41.79,301400
AMED,20120124,9.72,9.81,9.61,9.65,709000
AMGN,20120124,67.29,68.59,67.18,68.19,5212500
AMIC,20120124,4.26,4.75,4.26,4.71,3100
AMKR,20120124,5.46,5.66,5.4,5.66,1608300
AMNB,20120124,20.01,20.04,19.82,19.98,6700
AMOT,20120124,5.54,5.56,5.54,5.56,200
AMOV,20120124,22.74,22.89,22.71,22.89,2700
AMPE,20120124,3.76,4.42,3.76,4.3,142600
AMRB,20120124,5.1,5.1,5.05,5.1,6600
AMRI,20120124,3.18,3.18,3.1,3.16,42300
AMRN,20120124,8.32,8.35,7.79,8.09,2984600
AMRS,20120124,10.46,10.47,10.11,10.15,152000
AMSC,20120124,5.3,5.34,5.04,5.1,1141100
AMSF,20120124,22.78,23.58,22.74,23.47,41700
AMSG,20120124,25.27,25.79,25.22,25.78,118900
AMSWA,20120124,9.12,9.25,9.12,9.16,69700
AMWD,20120124,14.35,15.45,14.35,15.35,12800
AMZN,20120124,185,188.41,183.82,187,4681000
ANAC,20120124,5.98,6.4,5.97,6.4,35800
ANAD,20120124,2.67,2.78,2.6,2.76,279800
ANAT,20120124,71.86,72.25,71.84,71.9,6900
ANCB,20120124,8,8.2,8,8.12,7400
ANCI,20120124,1.62,1.62,1.38,1.44,30100
ANCX,20120124,9.16,9.2,9.01,9.07,7800
ANDE,20120124,42.84,43.48,42.41,43.41,110400
ANEN,20120124,16.95,17.18,16.8,17.05,71300
ANGI,20120124,15.69,16.25,15.11,15.8,181200
ANGO,20120124,13.3,13.67,12.05,13.59,959800
ANIK,20120124,9.26,9.33,9.17,9.28,14600
ANLY,20120124,5.88,6.24,5.75,6.15,14800
ANSS,20120124,60.39,61.67,60.39,61.34,183900
ANTH,20120124,6.95,7.45,6.75,7.4,67900
ANTP,20120124,2.4,2.47,2.4,2.45,2100
AOSL,20120124,8.04,8.14,8.01,8.12,51200
APAGF,20120124,78.45,79.69,77.84,79.5,15400
APEI,20120124,41.25,42.03,40.58,41.96,201100
APFC,20120124,8.09,8.24,7.71,7.81,13400
APOG,20120124,13.95,14.1,13.8,14.04,81100
APOL,20120124,54.45,55.72,54.34,55.59,1344000
APPY,20120124,5.82,5.82,5.58,5.82,6200
APRI,20120124,5.15,5.16,5.04,5.09,329600
APSA,20120124,16.88,17.2,16.82,16.9,2900
APWC,20120124,3.49,3.49,3.49,3.49,100
ARAY,20120124,5.17,5.29,5.07,5.27,308900
ARCC,20120124,15.62,15.82,15.48,15.82,1958300
ARCI,20120124,4.95,5,4.92,4.93,20000
ARCP,20120124,10.5,10.6,10.39,10.39,23100
ARCW,20120124,2.99,3.05,2.95,3.05,10400
ARDNA,20120124,89.95,89.95,88.76,89.72,900
AREX,20120124,33.53,35.45,33.14,34.32,1088200
ARIA,20120124,14.12,14.51,13.96,14.5,2048100
ARII,20120124,25.53,26.39,25.36,26.04,107100
ARKR,20120124,14,14,13.96,13.96,2100
ARLP,20120124,79,79.78,78,78.54,35900
ARMH,20120124,27.5,27.65,27.13,27.2,3720400
ARNA,20120124,1.63,1.64,1.57,1.59,1733000
AROW,20120124,24.45,24.95,24.25,24.89,48200
ARQL,20120124,6.98,7.07,6.84,7.05,293900
ARRS,20120124,11.45,11.54,11.33,11.52,830900
ARRY,20120124,2.37,2.42,2.28,2.31,260400
ARTC,20120124,30.15,30.66,30.1,30.5,89100
ARTNA,20120124,18.97,19.21,18.8,18.96,26300
ARTW,20120124,8.04,8.1,7.63,7.97,14800
ARTX,20120124,1.18,1.18,1.15,1.15,6000
ARUN,20120124,22.19,23.21,21.81,23.14,3160500
ARWR,20120124,5.38,5.38,5.15,5.27,14600
ASBB,20120124,11.5,11.75,11.5,11.6,11300
ASBC,20120124,12.84,13.17,12.69,13.03,2043300
ASBCW,20120124,1.64,1.64,1.64,1.64,500
ASBI,20120124,4.15,4.25,4.14,4.25,2900
ASCA,20120124,19.28,19.8,19.28,19.67,137000
ASCMA,20120124,51.51,52.16,51.25,51.71,25200
ASEI,20120124,72.08,72.75,71.83,72.67,28500
ASFI,20120124,7.31,7.43,7.22,7.43,21100
ASIA,20120124,11.83,11.91,11.65,11.89,323600
ASMI,20120124,33.92,34.2,33.85,34.08,42600
ASML,20120124,43.44,43.84,43.25,43.5,1845300
ASNA,20120124,17.675,17.8,17.555,17.775,477300
ASPS,20120124,52.09,53.2,51.48,52.92,170500
ASRV,20120124,2.29,2.34,2.06,2.3,14700
ASRVP,20120124,25.5,25.5,25.5,25.5,0
ASTC,20120124,0.57,0.6,0.56,0.6,26700
ASTE,20120124,33.7,34.61,33.27,34.46,96100
ASTI,20120124,0.87,0.88,0.79,0.8,392100
ASTM,20120124,2.01,2.01,1.94,1.97,132000
ASTX,20120124,2.16,2.22,2.13,2.22,578900
ASUR,20120124,4.38,4.48,4.2667,4.4533,14600
ASYS,20120124,10.39,10.73,10,10.66,166500
ATAI,20120124,6.25,6.25,6.1,6.18,1500
ATAX,20120124,5.13,5.2,5.07,5.19,78700
ATEA,20120124,4.5,4.53,4.26,4.53,8700
ATEC,20120124,1.82,1.85,1.78,1.84,77900
ATHN,20120124,55.74,57.94,55.47,56.5,332500
ATHX,20120124,1.99,2.06,1.87,1.88,103300
ATLO,20120124,20.26,20.96,20.19,20.91,10400
ATMI,20120124,23.25,23.43,23.01,23.33,144400
ATML,20120124,9.74,9.85,9.51,9.8,7410200
ATNI,20120124,35.5,35.85,35.28,35.54,33700
ATNY,20120124,3.63,3.68,3.6,3.63,7700
ATRC,20120124,10.91,11.37,10.9,11.33,27900
ATRI,20120124,238.82,241.09,238.82,239.8,900
ATRM,20120124,0.88,0.92,0.75,0.9,32800
ATRO,20120124,30.85,32.45,30.85,32.39,28900
ATSG,20120124,5.6,5.89,5.6,5.84,208000
ATVI,20120124,12.08,12.37,12.06,12.28,10181400
ATX,20120124,10.24,10.39,10.03,10.31,28800
AUBN,20120124,19.43,19.43,19.43,19.43,100
AUDC,20120124,4.14,4.17,4.05,4.16,51600
AUXL,20120124,19.14,19.43,19.11,19.27,285800
AVAV,20120124,28.85,29.18,28.75,29,254600
AVEO,20120124,14.45,14.45,13.88,13.99,197300
AVGO,20120124,33.65,34.24,33.59,33.87,3077900
AVID,20120124,9.76,9.85,9.58,9.64,143100
AVNR,20120124,2.78,2.81,2.7,2.8,734500
AVNW,20120124,2.19,2.29,2.15,2.26,166300
AWAY,20120124,25.68,26.13,25.2,26.02,452200
AWRE,20120124,3.16,3.23,3.07,3.11,19000
AXAS,20120124,3.47,3.58,3.45,3.54,1255600
AXFN,20120124,20.3,20.3,20.3,20.3,500
AXTI,20120124,4.95,5.17,4.94,5.17,182100
AZPN,20120124,17.32,17.63,17.32,17.59,267700
BABY,20120124,10.79,11.18,10.74,11.18,453500
BAGL,20120124,14.84,15.02,14.84,15.02,15900
BAMM,20120124,2.65,2.76,2.54,2.66,50300
BANC,20120124,12.1,12.39,11.99,12.31,16200
BANF,20120124,40.1,40.56,39.6,39.74,35300
BANFP,20120124,28.5,28.5,28.5,28.5,500
BANR,20120124,18.52,18.52,18.1,18.43,48300
BASI,20120124,1.21,1.25,1.21,1.21,11400
BBBY,20120124,61.86,63.06,61.83,62.85,2259900
BBCN,20120124,10.36,10.61,10.29,10.53,396100
BBEP,20120124,19.52,19.75,19.45,19.56,528300
BBGI,20120124,3.02,3.48,3.02,3.04,900
BBNK,20120124,10.31,10.46,10.31,10.46,8600
BBOX,20120124,31.22,31.86,30.91,31.76,38800
BBRG,20120124,18.27,19.23,18.12,19.18,112300
BBRY,20120124,15.24,15.25,14.57,15.01,36227000
BBSI,20120124,17.88,18.57,17.62,18.54,39200
BCBP,20120124,10.2,10.2,10.2,10.2,600
BCOM,20120124,12.25,12.54,12.25,12.31,2300
BCPC,20120124,38.56,39.23,38.51,38.94,139300
BCRX,20120124,2.96,3.01,2.89,2.92,142100
BCSB,20120124,12.25,12.4,12.25,12.25,200
BDE,20120124,7.97,8.05,7.84,8.03,20100
BDGE,20120124,19.02,19.91,19.02,19.7,21300
BDMS,20120124,16.9,16.9,16.5,16.5,2400
BDSI,20120124,2.05,2.1,2.05,2.1,100600
BEAT,20120124,2.8,2.92,2.79,2.9,39800
BEAV,20120124,41.41,41.65,41,41.57,732800
BEBE,20120124,8.48,8.56,8.43,8.52,289900
BECN,20120124,22.07,22.65,21.91,22.59,282600
BELFA,20120124,20.65,21.38,20.37,21.38,500
BELFB,20120124,20,20.23,19.62,20.09,26600
BERK,20120124,7.47,7.72,7.4,7.4,2800
BFIN,20120124,5.5,5.54,5.5,5.54,37500
BFLY,20120124,2,2,2,2,0
BGCP,20120124,6.53,6.53,6.39,6.44,719700
BGFV,20120124,7.95,8.07,7.93,8.02,91800
BGMD,20120124,5.71,6.41,5.71,6.15,10000
BIB,20120124,39.625,40.525,39.625,40.5,3500
BICK,20120124,26.22,26.44,26.07,26.36,13500
BIDU,20120124,123.2,123.4,121,121.75,4880100
BIIB,20120124,115.97,117.27,115.97,117.03,1900100
BIOD,20120124,2.48,2.48,2.4,2.4,118500
BIOF,20120124,13.8,14,13,13,468900
BIOS,20120124,5.32,5.43,5.3,5.4,153500
BIRT,20120124,6.24,6.29,6.18,6.29,130200
BIS,20120124,28.67,28.67,27.95,28.01,5400
BJRI,20120124,44.85,46.04,44.85,45.69,312900
BKCC,20120124,9.19,9.41,9.19,9.35,625400
BKEP,20120124,6.99,7.05,6.92,6.99,16100
BKEPP,20120124,8,8,8,8,0
BKMU,20120124,3.8,3.86,3.72,3.85,83400
BKOR,20120124,2.4,2.7,2.33,2.66,4500
BKSC,20120124,10.21,10.3,10.2,10.26,9100
BKYF,20120124,22.94,23.66,22.94,23.66,10600
BLDP,20120124,1.15,1.15,1.11,1.13,136500
BLDR,20120124,2.49,2.69,2.49,2.64,170000
BLIN,20120124,0.69,0.69,0.6,0.6,1300
BLKB,20120124,29.97,30.14,29.65,29.89,308200
BLMT,20120124,10.7,10.7,10.65,10.65,6300
BLRX,20120124,4.45,6.87,4.4,5.55,6281700
BMC,20120124,33.93,34.92,33.93,34.67,2202200
BMRC,20120124,38.21,38.76,38.1,38.52,15900
BMRN,20120124,34.82,35.54,34.53,35.03,545700
BMTC,20120124,20.08,20.46,20.04,20.33,17900
BNCL,20120124,8.95,9,8.78,8.97,80100
BNCN,20120124,7.53,7.53,7.53,7.53,300
BNSO,20120124,1.19,1.19,1.19,1.19,0
BOBE,20120124,34.56,35.11,34.45,34.94,94400
BOCH,20120124,3.78,3.89,3.54,3.54,24900
BODY,20120124,24.01,25.07,23.97,25,213400
BOFI,20120124,16.29,16.51,16.29,16.5,30200
BOKF,20120124,57.69,58,57.41,57.62,81100
BOLT,20120124,12.74,12.81,12.53,12.67,15000
BONA,20120124,4.31,4.38,4.2,4.32,28400
BONT,20120124,3.39,4.05,3.37,3.76,1237500
BOOM,20120124,21.46,22.22,21.31,22.16,34800
BOSC,20120124,3,3,3,3,0
BPAX,20120124,3.96,4.02,3.72,3.96,2950700
BPFH,20120124,8.17,8.29,8.1,8.27,365900
BPFHW,20120124,3.3,3.3,3.3,3.3,0
BPOP,20120124,16.4,16.5,15.7,16.1,6448400
BPOPM,20120124,16.65,16.65,16.65,16.65,0
BPOPN,20120124,17.7,17.7,17.7,17.7,0
BRCD,20120124,5.66,5.71,5.6,5.7,2991800
BRCM,20120124,34.57,35.24,34.52,35.22,11189900
BRID,20120124,10.07,10.07,10.02,10.02,200
BRKL,20120124,9.12,9.29,9.11,9.21,265800
BRKR,20120124,13.51,13.87,13.51,13.79,360700
BRKS,20120124,10.83,10.98,10.71,10.92,377100
BRLI,20120124,18.61,18.77,18.41,18.59,134300
BSDM,20120124,2.14,2.15,2,2.05,114000
BSET,20120124,8,8,7.55,7.61,11300
BSFT,20120124,30.83,31.36,30.07,30.89,385800
BSPM,20120124,2.67,2.67,2.37,2.52,19300
BSQR,20120124,3.39,3.46,3.39,3.43,6600
BSRR,20120124,9.1,9.15,8.95,9.15,11900
BSTC,20120124,17.7,18.19,17.7,18.16,7700
BTUI,20120124,3.46,3.5,3.46,3.5,800
BUR,20120124,6.45,6.5,6.45,6.46,2700
BUSE,20120124,5.19,5.29,5.18,5.26,124200
BVSN,20120124,34.13,44.75,32.06,33.99,3237200
BWEN,20120124,6.8,6.8,6.2,6.6,1365300
BWINA,20120124,23,23,23,23,0
BWINB,20120124,22.62,22.78,22.56,22.66,33100
BWLD,20120124,63.3,64.4,62.19,64.29,509200
BYFC,20120124,1.5,1.5,1.5,1.5,300
CA,20120124,22.42,22.82,22.35,22.82,7632000
CAAS,20120124,5.37,5.39,5.14,5.25,83100
CAC,20120124,33.64,34.22,33.61,34.2,8700
CACB,20120124,4.7,4.98,4.66,4.66,3700
CACC,20120124,81.06,81.74,80.56,81.62,21300
CACH,20120124,6.9,6.91,6.8,6.88,14800
CADC,20120124,2.53,2.53,2.51,2.53,30000
CADX,20120124,3.9,4.07,3.88,4.06,203300
CAFI,20120124,1.45,1.45,1.44,1.44,10400
CAKE,20120124,29.03,29.34,28.84,29.2,1152300
CALD,20120124,6.29,6.68,6.27,6.65,167700
CALI,20120124,6.3,6.3,5.76,6.12,22500
CALL,20120124,15.62,16.07,15.59,15.77,114000
CALM,20120124,36.9,37.11,36.22,37,46000
CAMP,20120124,4.53,4.7,4.42,4.68,124700
CAMT,20120124,2.2,2.23,2.18,2.23,13700
CAR,20120124,13.37,14.19,13.3,14.07,2325900
CARB,20120124,10.34,10.47,10.03,10.26,43200
CART,20120124,2.5,2.64,2.5,2.64,300
CARV,20120124,9.89,9.89,9.16,9.28,300
CARZ,20120124,25.6,25.84,25.6,25.82,2800
CASH,20120124,16.26,16.26,16.26,16.26,0
CASM,20120124,1.68,1.7,1.67,1.68,18800
CASS,20120124,35.93,36.93,35.93,36.92,15200
CASY,20120124,53.08,53.1,52.22,52.5,244800
CATM,20120124,27.2,27.69,26.92,27.66,299900
CATY,20120124,16.4,16.6,15.25,15.94,530000
CAVM,20120124,33.13,34.48,32.92,34.21,1590200
CBAK,20120124,3.75,3.85,3.65,3.85,82400
CBAN,20120124,2.46,2.6,2.26,2.51,7000
CBEY,20120124,8.65,8.77,8.6,8.75,122100
CBIN,20120124,10.75,10.99,10.73,10.99,3400
CBLI,20120124,3.34,3.38,3.23,3.29,235000
CBMX,20120124,17.2,17.2,17.2,17.2,0
CBMXW,20120124,1,1,1,1,0
CBNJ,20120124,8.36,8.69,8.31,8.62,8800
CBNK,20120124,14.21,14.21,14.21,14.21,100
CBOE,20120124,25.69,25.93,25.43,25.64,397100
CBPO,20120124,9.74,9.8,9,9.09,4700
CBRL,20120124,51.73,52.45,51.13,52.11,461200
CBRX,20120124,0.74,0.94,0.72,0.9,10265800
CBSH,20120124,40.53,40.56,39.48,40.14,321300
CBST,20120124,38.56,39.18,38.47,39.1,936600
CCBG,20120124,9.56,9.73,9.45,9.7,26300
CCCL,20120124,3.3,3.3,3.24,3.29,14100
CCIH,20120124,6.82,6.82,6.65,6.72,30300
CCIX,20120124,9.94,10.19,9.83,10.16,17500
CCMP,20120124,49.72,50.3,49.72,50.18,101800
CCNE,20120124,16.5,16.93,16.5,16.93,11500
CCOI,20120124,15.4,15.45,15.1,15.15,361900
CCRN,20120124,5.81,6.21,5.8,6.15,116600
CCUR,20120124,3.69,3.77,3.69,3.77,2900
CDNS,20120124,10.56,10.75,10.45,10.73,4998000
CDTI,20120124,2.81,2.83,2.76,2.82,32700
CDXS,20120124,5.33,5.59,5.26,5.52,153400
CDZI,20120124,10.23,10.77,10.22,10.48,32800
CECE,20120124,6.08,6.09,5.98,6.08,10400
CECO,20120124,10.42,10.7,10.38,10.53,1317300
CEDU,20120124,5.94,5.94,5.7,5.93,5800
CELG,20120124,73.22,74.04,72.87,74.02,2947200
CELGZ,20120124,1.84,2,1.8,1.8,20800
CENT,20120124,9.01,9.07,8.9,9.04,21800
CENTA,20120124,9.53,9.68,9.4,9.67,106200
CENX,20120124,10.19,10.42,10.03,10.38,828500
CERN,20120124,59.71,60.55,59.67,60.37,1607700
CERS,20120124,2.82,2.9,2.8,2.9,215600
CETV,20120124,6.74,7,6.64,6.88,319500
CEVA,20120124,27.6,28.73,27.59,28.5,145600
CFBK,20120124,3.1,3.1,3.1,3.1,0
CFFI,20120124,29,29.07,29,29,700
CFFN,20120124,11.6,11.63,11.5,11.56,846900
CFNB,20120124,16,16.03,15.14,15.74,4100
CFNL,20120124,10.9,11.13,10.85,11.07,73100
CGEN,20120124,5.34,5.45,5.25,5.4,42700
CGNX,20120124,39.94,41.3,39.94,41.24,111100
CHCI,20120124,1.75,1.76,1.6,1.75,58100
CHCO,20120124,35.75,36.45,35.37,36.23,60100
CHDN,20120124,52.65,54.99,52.38,54.14,33900
CHDX,20120124,8.72,8.99,8.68,8.91,30700
CHEF,20120124,18.59,19.31,18.44,19.29,42700
CHEV,20120124,7.15,7.15,7.15,7.15,0
CHFC,20120124,22.16,22.9,21.96,22.82,53200
CHFN,20120124,9.72,9.9,9.6,9.9,6200
CHKE,20120124,10.46,10.51,10.2,10.42,149200
CHKP,20120124,55.46,56.92,55.3,56.52,2133700
CHLN,20120124,1.31,1.31,1.29,1.29,23800
CHNR,20120124,8,8.02,7.9,8.02,600
CHOP,20120124,3.66,4.06,3.66,3.89,588500
CHRM,20120124,7.95,8.6,7.95,8.59,2700
CHRW,20120124,67.9,67.98,67.24,67.63,1338300
CHSCP,20120124,29.76,29.97,29.75,29.88,11200
CHTP,20120124,4.58,4.73,4.41,4.53,973800
CHTR,20120124,56.77,57.37,56.38,56.64,510200
CHYR,20120124,1.42,1.55,1.41,1.48,12000
CIDM,20120124,1.46,1.47,1.41,1.47,43400
CIEN,20120124,14.85,15.19,14.38,15.15,5285100
CIMT,20120124,3.24,3.24,3.22,3.24,4400
CINF,20120124,32.26,32.55,32.08,32.43,775000
CISG,20120124,8.45,8.52,8.25,8.29,137300
CITZ,20120124,4.6,4.6,4.6,4.6,1300
CIZN,20120124,18.1,18.1,18.1,18.1,0
CJJD,20120124,1.35,1.38,1.3,1.34,6600
CKEC,20120124,7,7.22,7,7.16,25800
CKSW,20120124,10.37,10.54,10.31,10.45,85300
CLBH,20120124,2.71,2.71,2.71,2.71,0
CLCT,20120124,15.01,15.15,15.01,15.04,4800
CLDX,20120124,4,4.04,3.92,4.01,324700
CLFD,20120124,6.69,7,6.65,6.94,241800
CLMS,20120124,12.83,13.3,12.76,13.24,65900
CLMT,20120124,22.07,22.79,22.01,22.47,460500
CLNE,20120124,14.41,15.13,14.35,14.93,2482600
CLNT,20120124,0.28,0.29,0.26,0.28,62700
CLRO,20120124,4.46,4.62,4.46,4.55,25700
CLSN,20120124,1.7,1.86,1.7,1.74,579800
CLUB,20120124,8.75,8.92,8.43,8.87,60500
CLVS,20120124,19.19,19.33,18.65,19,44900
CLWR,20120124,1.82,1.86,1.75,1.8,17476000
CLWT,20120124,4.3,4.99,4.3,4.76,8400
CMCO,20120124,13.59,14.18,13.48,14.07,54500
CMCSA,20120124,25.81,25.9,25.6,25.86,10023400
CMCSK,20120124,25.2,25.36,25.07,25.2,2380500
CME,20120124,236.81,241,235.06,240.52,372200
CMLS,20120124,3.85,3.86,3.73,3.75,245800
CMSB,20120124,7.37,7.37,7.26,7.26,500
CMTL,20120124,30.4,30.64,30.12,30.5,118300
CNBC,20120124,9.81,9.86,9.59,9.75,11900
CNBKA,20120124,28.5,28.8,28.03,28.71,4800
CNDO,20120124,6.5,6.54,5.96,5.96,103800
CNET,20120124,1.11,1.14,1.05,1.1,16300
CNIT,20120124,0.64,0.69,0.63,0.67,96300
CNMD,20120124,28.3,28.9,28.26,28.73,101400
CNQR,20120124,52.22,53.26,51.29,52.96,471300
CNSL,20120124,18.68,18.68,18.38,18.39,157100
CNTF,20120124,2.06,2.08,2.03,2.08,56200
CNTY,20120124,2.5,2.58,2.49,2.5,21500
CNYD,20120124,2.23,2.23,2.18,2.21,12600
COBK,20120124,12.35,12.43,12.35,12.43,1000
COBR,20120124,4.5,4.8,4.5,4.77,4900
COBZ,20120124,6.19,6.26,6.12,6.25,110300
COCO,20120124,2.79,2.95,2.79,2.93,1026000
COGO,20120124,2.16,2.26,2.15,2.18,14700
COHR,20120124,57.39,58.08,56.94,57.68,110500
COHU,20120124,13.14,13.23,12.91,13.15,64300
COKE,20120124,59.15,60.29,59.15,60.23,15700
COLB,20120124,20.75,21.38,20.45,21.38,324400
COLM,20120124,46.07,47.97,45.96,47.92,555100
CONN,20120124,11.36,12.1,11.35,11.95,273500
COOL,20120124,2.11,2.23,2.05,2.15,2043300
CORE,20120124,39.08,40.42,38.95,40.23,27700
CORT,20120124,3.38,3.5,3.25,3.48,272500
COSI,20120124,0.69,0.7,0.68,0.68,47500
COST,20120124,81.36,81.88,81.15,81.73,1642800
COWN,20120124,2.72,2.8,2.67,2.79,104900
CPBC,20120124,4.76,4.84,4.65,4.84,6000
CPGI,20120124,0.94,0.96,0.94,0.96,48000
CPHC,20120124,13,13.49,12.7,12.7,4100
CPHD,20120124,32.39,33.1,32.03,32.78,449100
CPIX,20120124,6.03,6.14,6,6,6500
CPLA,20120124,42.01,42.85,42.01,42.75,123000
CPLP,20120124,7.65,7.76,7.58,7.58,358000
CPNO,20120124,33.98,34.05,33.6,33.65,369400
CPRT,20120124,24.065,24.27,24.015,24.155,174300
CPRX,20120124,1.17,1.21,1.14,1.14,87500
CPSI,20120124,51.03,51.73,50.99,51.17,177800
CPSL,20120124,7.68,7.68,6.72,7.08,113100
CPSS,20120124,1,1,0.94,0.94,12100
CPST,20120124,1.17,1.26,1.17,1.24,5423200
CPTS,20120124,11.4,11.73,11.35,11.6,130300
CPWR,20120124,7.92,7.99,7.8,7.93,1725200
CRAI,20120124,20.66,21.46,20.37,21.37,13200
CRAY,20120124,7.22,7.3,7.1,7.28,129400
CRDC,20120124,1.65,1.74,1.65,1.69,42500
CRDS,20120124,5.13,5.13,5.05,5.05,200
CREE,20120124,26.83,26.85,25.98,26.39,3062700
CREG,20120124,1.25,1.26,1.1,1.11,74600
CRESW,20120124,0.07,0.07,0.07,0.07,0
CRESY,20120124,12.85,12.98,12.63,12.88,69700
CRFN,20120124,3.16,3.17,3.11,3.11,4400
CRIS,20120124,4.66,4.88,4.64,4.86,427300
CRMB,20120124,4,4.1,3.99,4,10200
CRMBU,20120124,3.85,3.85,3.85,3.85,0
CRMBW,20120124,0.24,0.24,0.24,0.24,0
CRME,20120124,12.05,12.35,11.75,11.95,401000
CRMT,20120124,38.7,39.26,38.5,38.82,25800
CRNT,20120124,8.12,8.21,8,8.15,45000
CROX,20120124,18.36,19.35,18.35,19.16,2660000
CRRB,20120124,3,3,3,3,0
CRRC,20120124,11.3,11.42,11.2,11.22,51500
CRTX,20120124,5.9,6.08,5.87,6.08,15900
CRUS,20120124,21.53,21.97,21.52,21.87,1822500
CRVL,20120124,48.26,50.13,48.26,49.56,30100
CRWN,20120124,1.21,1.29,1.17,1.29,217400
CRWS,20120124,3.87,3.87,3.75,3.76,7800
CRZO,20120124,24.09,25.07,23.95,24.88,1032900
CSBK,20120124,10.13,10.34,10.06,10.34,8500
CSCD,20120124,3.56,3.58,3.44,3.54,8200
CSCO,20120124,19.71,19.86,19.56,19.82,30831000
CSFL,20120124,6.98,7.15,6.86,7.15,56200
CSGP,20120124,60.17,60.34,59.92,60.13,163700
CSGS,20120124,15.64,15.89,15.53,15.83,113400
CSII,20120124,9.8,9.86,9.54,9.65,70800
CSIQ,20120124,3.1,3.25,3.03,3.13,511900
CSOD,20120124,18.04,18.19,17.89,18.1,38200
CSPI,20120124,3.76,3.8,3.76,3.8,2300
CSRE,20120124,14.16,14.22,13.81,14.16,59700
CSTR,20120124,47.88,48.16,47.2,47.38,622100
CSUN,20120124,1.9,1.97,1.86,1.95,43800
CSWC,20120124,87.13,87.87,86.83,87.87,3600
CTAS,20120124,37.37,37.67,37.1,37.5,829300
CTBI,20120124,30.49,30.96,30.34,30.92,50400
CTCH,20120124,3.39,3.39,3.35,3.38,1900
CTCM,20120124,9.9,9.94,9.7,9.84,453800
CTCT,20120124,26.15,26.39,25.34,25.54,483200
CTGX,20120124,14.79,14.91,14.54,14.6,52700
CTHR,20120124,2.75,2.75,2.69,2.75,6400
CTIB,20120124,4.78,4.78,4.78,4.78,0
CTIC,20120124,7,7.1,6.8,7,3148300
CTRN,20120124,9.5,10.26,9.5,9.57,82000
CTRP,20120124,27.22,27.66,26.45,27.58,2106300
CTRX,20120124,31.235,31.475,31.05,31.32,160300
CTSH,20120124,70.46,71.3,70.02,71.18,1485800
CTWS,20120124,27.76,28.49,27.66,28.48,24400
CTXS,20120124,68.83,70.33,67.66,67.84,3638200
CU,20120124,33,33.18,32.83,33.07,13000
CUBA,20120124,6.62,6.7,6.6,6.61,14500
CUTR,20120124,8.3,8.3,8.11,8.2,9700
CVBF,20120124,10.84,10.93,10.7,10.88,862500
CVCO,20120124,41.93,45.02,41.69,44.39,13100
CVCY,20120124,5.97,6.1,5.9,5.98,11400
CVGI,20120124,10.33,11.1,10.3,11.07,156200
CVGW,20120124,27.55,27.89,27.35,27.45,49400
CVLT,20120124,47.5,48.92,47.5,48.73,279100
CVLY,20120124,9.92,9.95,9.47,9.95,4500
CVTI,20120124,3.4,3.59,3.28,3.52,20200
CVV,20120124,12.72,12.9,12.43,12.57,108600
CWBC,20120124,1.86,1.87,1.85,1.85,400
CWCO,20120124,8.83,8.84,8.59,8.6,90000
CWEI,20120124,78.15,82.52,77.74,81.5,39300
CWST,20120124,6.83,6.98,6.75,6.85,326100
CWTR,20120124,3.76,3.76,3.44,3.68,406900
CXDC,20120124,5.3,5.34,5.25,5.34,73100
CXPO,20120124,2.69,2.85,2.69,2.82,69100
CY,20120124,18.52,18.99,18.22,18.81,2018700
CYAN,20120124,6.33,6.33,6.12,6.12,17000
CYBE,20120124,7.7,8.08,7.7,7.86,4500
CYBX,20120124,32.32,33.27,32,32.64,71200
CYCC,20120124,3.71,3.78,3.36,3.71,121700
CYCCP,20120124,3.03,3.03,3.03,3.03,0
CYMI,20120124,51.02,51.47,50.76,51.17,266100
CYNO,20120124,12.32,12.64,12.19,12.61,22800
CYOU,20120124,24.99,24.99,23.75,23.8,156000
CYTK,20120124,1.04,1.06,1.01,1.05,205000
CYTR,20120124,1.96,1.96,1.89,1.96,146100
CYTX,20120124,2.85,3.29,2.76,3.21,846600
CYTXW,20120124,1.54,1.56,1.48,1.54,1600
CZFC,20120124,7.05,7.5,6.5,6.77,3000
CZNC,20120124,20.32,20.61,20.28,20.6,42000
CZWI,20120124,5.38,5.38,5.38,5.38,300
DAEG,20120124,1.99,1.99,1.86,1.99,600
DAIO,20120124,3.93,4.08,3.93,4.04,4300
DAKT,20120124,10.19,10.68,10.19,10.65,223600
DARA,20120124,1.3,1.33,1.3,1.32,12200
DATE,20120124,7.01,7.17,6.91,6.94,35700
DAVE,20120124,10.47,10.98,10.34,10.67,10300
DBLE,20120124,6.86,6.92,6.76,6.84,28700
DBLEP,20120124,25.6,25.65,25.56,25.65,4000
DCIX,20120124,7.07,7.07,6.88,7.06,108400
DCOM,20120124,13.8,14.05,13.68,13.99,79500
DCTH,20120124,3.9,3.99,3.8,3.86,325900
DECK,20120124,80.73,81.41,78.33,81.13,2333600
DELL,20120124,16.82,17,16.76,16.85,16394000
DENN,20120124,4.2,4.2,4.06,4.14,368800
DEPO,20120124,6.19,6.24,5.81,6,852000
DEST,20120124,15.63,16.21,15.62,16.17,43800
DFZ,20120124,12.3,12.55,12.08,12.44,28400
DGAS,20120124,17.23,17.23,16.945,17.07,1000
DGICA,20120124,14.55,15.15,14.55,15.11,18400
DGICB,20120124,16.86,17.24,16.86,17.24,200
DGII,20120124,10.92,11.36,10.86,11.3,156300
DGIT,20120124,13.43,13.87,13.26,13.74,298400
DGLY,20120124,0.63,0.69,0.63,0.63,2400
DHIL,20120124,74.55,75.89,74.36,75.69,4600
DHRM,20120124,1.61,1.69,1.6,1.6,6400
DIOD,20120124,24.33,24.85,24.16,24.65,234900
DISCA,20120124,43.45,43.9,43.36,43.7,760100
DISCB,20120124,50.5,50.5,50.5,50.5,0
DISCK,20120124,39.63,40,39.47,39.87,209000
DISH,20120124,28.51,28.94,28.01,28.85,1767600
DJCO,20120124,68.97,70,68.97,69.72,4300
DLGC,20120124,4.6,4.9,4.55,4.6,21900
DLIA,20120124,1.09,1.11,1.05,1.06,44100
DLLR,20120124,17.68,17.99,17.61,17.87,502100
DLTR,20120124,42.86,43.32,42.59,42.99,862600
DMLP,20120124,22.65,22.83,22.59,22.67,43900
DMND,20120124,32.34,36.29,32.02,35.79,3523000
DMRC,20120124,26.37,28.21,26.37,28.1,18400
DNBF,20120124,11.5,11.5,11.5,11.5,0
DNDN,20120124,13.18,14.39,12.82,13.97,15211000
DNKN,20120124,25.55,26.8,25.51,26.75,617200
DORM,20120124,21.03,22,20.665,21.28,38200
DOVR,20120124,5.33,5.33,4.9,5.17,700
DRAD,20120124,1.92,1.99,1.9,1.91,3300
DRAM,20120124,4.62,5.1,4.5,4.68,26400
DRCO,20120124,11.39,11.48,11.3,11.38,19100
DRIV,20120124,14.96,15.71,14.93,15.63,767300
DRRX,20120124,0.79,0.81,0.75,0.79,399600
DRWI,20120124,3.79,4.05,3.73,4.02,269400
DRYS,20120124,2.25,2.26,2.16,2.19,5153200
DSCI,20120124,7.52,7.68,7.39,7.55,14200
DSCO,20120124,2.12,2.18,2.1,2.11,75500
DSGX,20120124,7.81,8.13,7.81,7.82,5200
DSPG,20120124,5.79,5.86,5.75,5.78,109200
DSWL,20120124,2.15,2.2,2.12,2.15,12900
DTLK,20120124,9.18,9.54,9.17,9.47,387000
DTSI,20120124,29.58,29.58,28.26,28.75,215700
DTV,20120124,43.39,44.04,43.29,43.77,6271400
DVAX,20120124,3.35,3.46,3.35,3.44,768900
DVOX,20120124,3.7,3.74,3.64,3.69,20800
DWA,20120124,18.58,19.23,18.45,19.11,811700
DWCH,20120124,5.98,6.06,5.93,6.02,7000
DWSN,20120124,38.38,38.38,37.01,37.49,48200
DXCM,20120124,10.51,10.82,10.45,10.74,373700
DXPE,20120124,33.4,34.15,33.36,34.06,110400
DXYN,20120124,3.31,3.42,3.26,3.4,5600
DYAX,20120124,1.58,1.59,1.48,1.58,267700
DYNT,20120124,4.2,4.25,3.85,4.15,12200
DYSL,20120124,2.37,2.37,2.29,2.29,300
EA,20120124,17.98,18.19,17.5,17.94,9789400
EBAY,20120124,31.73,32.24,31.73,31.95,7164500
EBIX,20120124,23.83,24.17,23.67,24.09,236200
EBMT,20120124,9.89,9.9,9.89,9.9,3500
EBSB,20120124,13.07,13.19,13.03,13.17,8300
EBTC,20120124,15.82,16.44,15.6,16.04,5900
ECHO,20120124,17.19,17.57,17.15,17.39,45500
ECOL,20120124,18.74,19.27,18.56,19.17,39900
ECPG,20120124,22.8,23.24,22.66,23.08,116700
ECTE,20120124,2.05,2.08,1.96,2,208400
ECTY,20120124,1.11,1.12,1.11,1.12,29800
ECYT,20120124,3.39,3.48,3.3,3.46,344200
EDAC,20120124,9.17,9.5,9.05,9.27,13900
EDAP,20120124,2.54,2.72,2.54,2.59,117100
EDGW,20120124,3.27,3.27,3.2,3.25,51100
EDMC,20120124,25.77,26.21,25.45,25.55,140100
EDS,20120124,4.24,4.28,4.19,4.28,5000
EDUC,20120124,4.78,5,4.78,4.92,1500
EEFT,20120124,17.93,18.57,17.92,18.53,175200
EEI,20120124,16.02,16.24,15.95,15.95,1900
EEME,20120124,51.87,51.87,51.87,51.87,0
EEML,20120124,54.45,54.45,53.98,53.98,700
EFII,20120124,15.67,15.83,15.36,15.73,199500
EFSC,20120124,14.6,15.06,14.6,15.02,30900
EFUT,20120124,4.76,4.81,4.69,4.81,600
EGAN,20120124,5.76,5.77,5.56,5.69,12200
EGBN,20120124,15.83,15.89,15.6,15.86,30600
EGHT,20120124,4.19,4.29,4.15,4.29,657200
EGLE,20120124,5.16,5.36,4.96,5.28,522300
EGOV,20120124,12,12.31,12,12.09,249300
EHTH,20120124,15.37,15.57,15.37,15.47,81200
EIHI,20120124,13.85,13.98,13.81,13.92,34700
ELGX,20120124,12.37,12.46,12.19,12.29,224400
ELNK,20120124,6.95,7.05,6.85,7.02,1208900
ELON,20120124,5.45,5.67,5.4,5.6,107100
ELOS,20120124,10.49,10.6,10.37,10.43,50100
ELRC,20120124,17.06,17.37,17.06,17.35,29900
ELSE,20120124,3.9,3.9,3.9,3.9,0
ELTK,20120124,1.33,1.33,1.33,1.33,400
EMCF,20120124,15.5,15.5,15.5,15.5,0
EMCI,20120124,21.54,22,21.52,21.95,5300
EMFN,20120124,24.19,24.2,24,24.2,1300
EMIF,20120124,31.08,31.35,31.08,31.25,35000
EMITF,20120124,2.94,2.96,2.9,2.96,2700
EMKR,20120124,4.72,4.92,4.64,4.88,223000
EML,20120124,18.67,19.25,18.53,19.25,700
EMMS,20120124,0.75,0.82,0.72,0.8,333500
EMMSP,20120124,22.25,22.25,22.25,22.25,0
EMMT,20120124,21.45,21.45,21.45,21.45,0
ENDP,20120124,37.28,37.39,36.71,36.99,1172000
ENG,20120124,2.21,2.21,2.1,2.1,12700
ENMD,20120124,1.75,1.77,1.7,1.76,46300
ENOC,20120124,9.25,9.47,9.21,9.34,187100
ENSG,20120124,24.95,25.84,24.86,25.73,57700
ENTG,20120124,9.68,9.74,9.59,9.72,1017900
ENTR,20120124,5.77,5.85,5.73,5.79,1178100
ENZN,20120124,6.93,6.93,6.72,6.79,151000
EONC,20120124,1.35,1.36,1.3,1.36,17400
EPAX,20120124,4.44,4.57,4.43,4.53,27900
EPAY,20120124,27.34,27.86,27.06,27.71,202300
EPIQ,20120124,12.07,12.2,11.98,12.11,334500
EQIX,20120124,114.98,117.25,113.53,115.98,922800
ERIC,20120124,9.96,10.24,9.91,10.23,6221700
ERIE,20120124,75.44,75.44,74.96,75.29,17400
ERII,20120124,2.57,2.64,2.55,2.61,101900
EROC,20120124,11.5,11.55,11.25,11.4,370800
ESBF,20120124,14.15,14.15,14,14.06,29600
ESBK,20120124,16.96,16.96,16.59,16.59,1400
ESCA,20120124,4.64,4.65,4.49,4.51,21000
ESEA,20120124,2.86,2.94,2.84,2.91,29200
ESGR,20120124,97.36,98.55,96.03,98.26,13700
ESIO,20120124,15.7,16.39,15.7,16.12,80000
ESLT,20120124,41.08,41.51,41.08,41.4,4200
ESMC,20120124,0.85,0.85,0.85,0.85,2200
ESRX,20120124,51.27,51.79,51.02,51.72,7114300
ESSA,20120124,10.34,10.42,10.33,10.39,20000
ESSX,20120124,2.81,2.92,2.79,2.83,20500
ESYS,20120124,4.47,4.47,4.47,4.47,0
ETFC,20120124,9.53,9.6,9.4,9.55,3706900
ETRM,20120124,1.81,1.91,1.81,1.88,10000
EUFN,20120124,16.84,16.94,16.64,16.84,25200
EVBS,20120124,2.61,2.65,2.6,2.65,700
EVEP,20120124,66.5,66.75,63.89,64.12,364300
EVOL,20120124,5.44,5.44,5.21,5.26,5600
EWBC,20120124,21.87,22.39,21.83,22.31,1439800
EXAC,20120124,15.99,16.3,15.99,16.17,18300
EXAR,20120124,6.57,6.75,6.57,6.66,143400
EXAS,20120124,8.77,9.03,8.66,9.01,741700
EXEL,20120124,4.84,4.95,4.75,4.91,770600
EXFO,20120124,6.18,6.43,6.17,6.42,19500
EXLP,20120124,22.08,22.56,22.06,22.45,70600
EXLS,20120124,22.59,22.86,22.47,22.77,85300
EXPD,20120124,43.96,44.17,43.61,43.86,1017300
EXPE,20120124,30.76,31.53,30.33,31.4,2783400
EXPO,20120124,46.38,47.92,46.38,47.87,21300
EXTR,20120124,3.03,3.04,2.97,3,664300
EXXI,20120124,33.5,33.56,32.95,33.29,715700
EZCH,20120124,32.78,34.3,32.74,34.02,216700
EZPW,20120124,26.72,27.02,26.68,27,311200
FABK,20120124,12.65,12.65,12.65,12.65,0
FALC,20120124,2.45,2.52,2.45,2.5,40700
FARM,20120124,9.24,9.95,9.24,9.83,28800
FARO,20120124,54.13,55.63,53.72,55.55,64700
FAST,20120124,46.07,46.87,45.81,46.86,1861300
FBIZ,20120124,16.46,16.46,16.34,16.34,400
FBMI,20120124,5.28,5.42,5.28,5.28,200
FBMS,20120124,7.66,7.66,7.66,7.66,0
FBNC,20120124,11.51,11.67,11.33,11.61,19600
FBNK,20120124,13.5,13.74,13.5,13.56,66300
FBRC,20120124,8.32,8.6,8.24,8.48,72000
FBSS,20120124,12.5,12.5,11.85,11.85,400
FCAL,20120124,4,4.16,4,4.15,79600
FCAP,20120124,19.74,21.95,19.69,21.75,4200
FCBC,20120124,13.09,13.58,13.04,13.46,66000
FCCO,20120124,7.37,7.5,7.26,7.5,2600
FCCY,20120124,7.23,7.28,7.15,7.2,2600
FCEL,20120124,0.98,1,0.95,0.97,397800
FCFC,20120124,7.87,8.21,7.79,8.21,400
FCFS,20120124,37.45,38.12,37.39,37.59,247200
FCHI,20120124,45.49,46.07,45.49,45.84,1900
FCLF,20120124,6,6,6,6,0
FCNCA,20120124,179,182.23,178.77,179.85,5000
FCTY,20120124,3.54,3.62,3.52,3.62,3100
FCVA,20120124,2.25,2.3,2.24,2.3,1200
FCZA,20120124,4.1,4.2,4.1,4.2,3800
FDEF,20120124,15.15,16.46,15.01,16.18,27400
FDML,20120124,16.8,17.41,16.67,16.93,128700
FDUS,20120124,13.9,14.48,13.4,13.93,43700
FEFN,20120124,21.44,21.44,21.44,21.44,0
FEIC,20120124,43.82,44.64,43.8,44.61,241400
FEIM,20120124,8.96,8.96,8.87,8.87,4400
FELE,20120124,24.275,24.8,24.09,24.745,78200
FES,20120124,6.19,6.19,5.82,5.92,27400
FFBC,20120124,17.62,17.93,17.41,17.8,202000
FFBCW,20120124,5.6,5.7,5.6,5.7,2100
FFBH,20120124,5.5,5.93,5.5,5.58,5500
FFCH,20120124,9.57,9.84,9.51,9.72,50200
FFCO,20120124,13.85,13.89,13.85,13.85,500
FFEX,20120124,1.24,1.3,1.23,1.26,5400
FFHL,20120124,1.75,1.92,1.68,1.8,8500
FFIC,20120124,13.19,13.31,13.07,13.2,132600
FFIN,20120124,34.53,35.14,34.28,35.11,110800
FFIV,20120124,120.9,124.29,119.94,123.1,1784600
FFKT,20120124,4.5,4.5,4.5,4.5,0
FFKY,20120124,2.75,2.75,2.51,2.51,500
FFN,20120124,0.76,0.93,0.75,0.82,183400
FFNM,20120124,2.88,3.34,2.73,3.18,3800
FFNW,20120124,6.68,6.7,6.6,6.63,3200
FHCO,20120124,5.05,5.12,5.05,5.11,26800
FIBK,20120124,13.72,13.99,13.7,13.93,27900
FINL,20120124,20.49,20.99,20.46,20.92,875800
FIRE,20120124,30.41,32.33,30.41,32.08,342900
FISI,20120124,16.83,17.31,16.79,17.15,26500
FISV,20120124,62.54,62.96,62.19,62.92,596900
FITB,20120124,13.28,13.48,13.14,13.43,11925200
FITBP,20120124,144,144.24,142.6,143.99,17900
FIZZ,20120124,16.23,16.6,16.07,16.6,62600
FLDM,20120124,13.64,13.85,13.64,13.83,49400
FLEX,20120124,6.67,6.82,6.61,6.8,4940000
FLIC,20120124,26.63,27.12,26.38,26.98,13500
FLIR,20120124,26.55,26.78,26.41,26.57,430600
FLML,20120124,5.25,5.41,5.25,5.32,69200
FLOW,20120124,3.54,3.65,3.51,3.62,149600
FLWS,20120124,2.53,2.75,2.4,2.72,200300
FLXS,20120124,13.96,14.29,13.93,14.05,5600
FMBI,20120124,11,11.23,10.87,11.16,819600
FMCN,20120124,19.1,20.7,19,20.23,2455200
FMER,20120124,15.94,16.19,15.6,15.96,1396100
FMFC,20120124,3.07,3.1,3.07,3.1,4300
FMNB,20120124,5.05,5.15,5.05,5.15,14000
FNBN,20120124,11.51,11.89,11.5,11.89,2200
FNFG,20120124,9.59,9.62,9.49,9.59,3366700
FNGN,20120124,23.73,24.5,23.73,24.36,118000
FNLC,20120124,15.75,15.96,15.66,15.9,9900
FNSR,20120124,20.06,20.86,19.61,20.84,2393700
FOLD,20120124,6.28,6.44,6.16,6.41,370700
FONE,20120124,25.59,25.66,25.59,25.66,600
FONR,20120124,1.76,1.85,1.76,1.84,18500
FORD,20120124,1.92,1.99,1.86,1.97,7300
FORM,20120124,5.25,5.3,5.13,5.21,662100
FORR,20120124,34.34,34.96,33.93,34.73,82400
FORTY,20120124,16.13,16.28,16.11,16.22,13700
FOSL,20120124,89.22,92.82,89.21,92.08,603800
FRAN,20120124,22.17,23.12,22.06,22.91,244600
FRBK,20120124,1.7,1.83,1.7,1.83,4200
FRED,20120124,14.7,14.86,14.66,14.85,273400
FREE,20120124,4.4,4.5,4.1,4.1,1300
FRME,20120124,8.93,9.26,8.92,9.26,68200
FRNK,20120124,12.39,12.45,12.32,12.45,14700
FRP,20120124,4.45,4.71,4.41,4.6,244100
FSBK,20120124,3.52,3.56,3.5,3.54,2000
FSC,20120124,10.05,10.08,10.01,10.02,1293800
FSCI,20120124,28.9,29.3,28.67,29.16,11200
FSFG,20120124,17,17,16.59,16.59,1300
FSGI,20120124,3.47,3.47,3.35,3.35,4200
FSLR,20120124,37.57,38.42,36.33,38.08,2779200
FSRV,20120124,29.19,29.38,28.93,29.19,29300
FSTR,20120124,29.39,30.07,29,29.88,44200
FSYS,20120124,17.74,19.16,17.74,19.04,550500
FTEK,20120124,6.12,6.25,6.07,6.23,58800
FTNT,20120124,22.36,22.95,22.19,22.32,2495800
FTR,20120124,4.82,4.83,4.72,4.75,14939300
FUBC,20120124,6.07,6.07,5.95,6.04,121700
FULL,20120124,7.6,7.75,7.6,7.75,44700
FULT,20120124,9.4,9.43,9.33,9.36,3761200
FUNC,20120124,3.32,3.32,3.26,3.26,300
FUND,20120124,6.87,6.92,6.83,6.92,29400
FURX,20120124,16.09,16.18,15.8,16.17,33900
FWLT,20120124,23.3,23.38,22.85,23.06,932400
FWRD,20120124,34.81,35.2,33.93,34.48,161200
FXCB,20120124,12.5,12.83,12.43,12.76,16500
FXEN,20120124,5.22,5.34,5.15,5.31,259800
GABC,20120124,19.22,19.37,19,19.3,16700
GAGA,20120124,4.13,4.35,4.13,4.24,2200
GAI,20120124,4.54,4.54,4.54,4.54,0
GAIA,20120124,3.58,3.62,3.54,3.6,10900
GAIN,20120124,8.04,8.09,7.93,7.95,96600
GALE,20120124,0.69,0.69,0.6,0.68,323000
GAME,20120124,3.96,3.98,3.81,3.81,432800
GASS,20120124,4.54,4.6,4.35,4.41,37900
GBCI,20120124,12.91,13.1,12.67,13.1,358900
GBDC,20120124,15.47,15.81,15.4,15.75,64700
GBLI,20120124,19.7,20.2,19.68,20.2,31900
GBNK,20120124,1.45,1.49,1.43,1.45,2400
GCBC,20120124,17.36,17.36,17.36,17.36,0
GCFB,20120124,2.14,2.25,2.14,2.25,4200
GCOM,20120124,14.21,14.27,13.86,13.95,70000
GCVRZ,20120124,1.28,1.29,1.27,1.29,76300
GENC,20120124,7.25,7.25,7.21,7.25,2900
GENE,20120124,3.35,3.35,3.29,3.3,49900
GENT,20120124,6.61,6.94,6.18,6.79,25200
GERN,20120124,1.7,1.73,1.69,1.71,878700
GEVA,20120124,34.78,36.54,34.78,36.5,9100
GEVO,20120124,6.81,7.45,6.78,7.35,111800
GFED,20120124,5.68,6.05,5.68,6.05,2000
GFN,20120124,2.5,2.52,2.46,2.48,11700
GFNCL,20120124,3.39,3.39,3.39,3.39,0
GGAL,20120124,7.86,7.99,7.69,7.93,370400
GHDX,20120124,26.76,26.99,26.49,26.59,84200
GIFI,20120124,30.16,31.14,30.08,31.04,45500
GIGA,20120124,1.61,1.62,1.35,1.52,46600
GIGM,20120124,0.96,0.99,0.96,0.97,25800
GIII,20120124,24.53,24.98,24.34,24.45,157600
GILD,20120124,23.695,23.93,23.535,23.835,7002900
GILT,20120124,4.07,4.09,4,4.04,21900
GIVN,20120124,18.18,18.39,18.1,18.29,23600
GKNT,20120124,17.03,17.65,16.93,17.47,21500
GLAD,20120124,8.65,8.9,8.65,8.87,108300
GLBS,20120124,4.4,4.41,3.97,4.14,43200
GLBZ,20120124,8.25,8.7,8.25,8.7,11500
GLCH,20120124,1.54,1.57,1.51,1.54,95800
GLDC,20120124,3.39,3.4,3.24,3.28,8800
GLDD,20120124,6.42,6.52,6.33,6.52,192200
GLNG,20120124,41,41.76,40.84,41.61,446000
GLPW,20120124,24.62,25.79,24.55,25.7,23000
GLRE,20120124,25.31,25.35,25.14,25.18,100000
GLUU,20120124,2.84,2.87,2.67,2.74,2087900
GMAN,20120124,15.21,15.36,15,15.19,28000
GMCR,20120124,47.91,50.61,47.43,50.6,3768900
GMETP,20120124,9.01,9.01,9,9,1200
GMLP,20120124,32.51,33,32.51,32.9,24600
GNCMA,20120124,10.44,10.55,10.28,10.42,245100
GNMK,20120124,4.41,4.5,4.4,4.4,10500
GNTX,20120124,30.49,30.82,30.12,30.64,454200
GNVC,20120124,2.42,2.5,2.35,2.38,6900
GOLD,20120124,108.58,109.16,106.93,107.3,345500
GOOD,20120124,17.82,18,17.76,17.99,36000
GOODO,20120124,24.75,24.75,24.75,24.75,0
GOODP,20120124,24.8,24.8,24.8,24.8,1900
GOOG,20120124,585.56,587.68,578,580.93,3056300
GPIC,20120124,6.18,6.18,6.1,6.18,3100
GPOR,20120124,32.79,33.56,32.45,33.3,531100
GPRC,20120124,1.6,1.62,1.6,1.6,11600
GPRE,20120124,11.14,11.43,11.14,11.35,229900
GRFS,20120124,12.64,12.86,12.48,12.78,2713700
GRID,20120124,26.52,26.66,26.52,26.66,1300
GRIF,20120124,26.61,27.05,26.61,27.05,2100
GRMN,20120124,41.69,41.75,41.26,41.54,899300
GROW,20120124,6.99,7.06,6.91,7.05,31200
GRPN,20120124,20.44,20.91,20.27,20.6,1076700
GRVY,20120124,1.62,1.68,1.61,1.67,9100
GSBC,20120124,23.98,24.27,23.78,24.27,42000
GSIG,20120124,11.34,11.5,11.07,11.5,137200
GSIT,20120124,4.66,4.72,4.65,4.69,78700
GSJK,20120124,15.7,16.29,15.7,16.15,8300
GSM,20120124,14.66,15.31,14.54,15.29,727900
GSOL,20120124,5.92,5.97,5.79,5.9,51000
GSVC,20120124,14.02,14.24,13.98,14.23,42100
GTAT,20120124,8.56,8.57,8.33,8.45,1259600
GTIM,20120124,1.35,1.35,1.25,1.25,2900
GTIV,20120124,7.33,7.53,7.21,7.38,253200
GTLS,20120124,56.28,56.89,55,55.68,640200
GTXI,20120124,3.73,3.9,3.62,3.9,125500
GUID,20120124,7.14,7.25,7.08,7.23,28300
GULF,20120124,14.24,14.43,14.23,14.43,8200
GURE,20120124,2.34,2.52,2.3,2.48,449400
GYRO,20120124,98.5,99.48,98.5,99.48,500
HA,20120124,6.11,6.28,6.11,6.25,747000
HAFC,20120124,8.01,8.23,7.9,8.18,153700
HAIN,20120124,36.67,37.3,36.29,37.23,245300
HALL,20120124,7.04,7.22,7.03,7.1,45800
HALO,20120124,10.27,10.4,10.11,10.25,491600
HAS,20120124,33.86,34.37,33.81,34.27,2155400
HAST,20120124,1.81,1.99,1.81,1.98,21200
HAUP,20120124,0.89,0.89,0.88,0.88,16400
HAYN,20120124,60.4,61.47,59.72,61.35,74000
HBAN,20120124,5.8,5.89,5.72,5.82,21266200
HBANP,20120124,1125,1144.99,1110,1112.5,100
HBCP,20120124,15.19,15.62,15,15.62,2800
HBHC,20120124,34.23,34.48,33.97,34.12,572900
HBIO,20120124,4.15,4.17,4.01,4.1,84000
HBNC,20120124,11.9333,11.94,11.9333,11.9333,2800
HBNK,20120124,11.75,12,11.75,12,99500
HBOS,20120124,11.34,11.37,11.16,11.16,1300
HCBK,20120124,6.98,7.13,6.89,7.1,5714300
HCCI,20120124,19.75,20.63,19.75,20.58,13800
HCIIP,20120124,9.56,9.7,9.51,9.6,16000
HCKT,20120124,3.74,3.85,3.67,3.85,56500
HCOM,20120124,14.49,14.49,14.39,14.4,900
HCSG,20120124,17.65,17.89,17.63,17.86,276800
HDNG,20120124,9.89,10.02,9.89,10.02,9600
HDSN,20120124,1.81,2.2,1.8,2.17,367900
HEES,20120124,15.77,16.45,15.72,16.22,143200
HELE,20120124,31.87,32.54,31.59,32.5,152600
HEOP,20120124,3.6,3.66,3.6,3.65,3800
HERO,20120124,4.42,4.5,4.34,4.48,1429400
HFBC,20120124,6.7,6.85,6.65,6.65,2200
HFBL,20120124,14.7,14.7,14.7,14.7,0
HFFC,20120124,10.9,10.9,10.9,10.9,200
HFWA,20120124,13.42,13.85,13.37,13.75,13700
HGSH,20120124,0.62,0.62,0.61,0.61,3900
HIBB,20120124,48.68,48.96,48.37,48.93,195300
HIFS,20120124,50.6,50.6,50.6,50.6,0
HIHO,20120124,2.59,2.69,2.59,2.69,2700
HILL,20120124,1.44,1.58,1.44,1.56,341800
HIMX,20120124,1.26,1.3,1.23,1.24,409600
HITK,20120124,37.56,37.98,37.13,37.91,155600
HITT,20120124,55.38,55.75,55.15,55.71,204800
HLIT,20120124,5.77,5.91,5.71,5.81,884200
HMIN,20120124,28.25,28.61,28.21,28.55,135300
HMNF,20120124,2.24,2.36,2.24,2.24,500
HMNY,20120124,2.36,2.36,1.86,1.86,200
HMPR,20120124,2.94,3.08,2.94,3.08,28700
HMSY,20120124,33.07,33.25,32.98,33.1,618100
HNH,20120124,10.25,10.56,10.23,10.56,17800
HNRG,20120124,9.98,10.16,9.7,10.16,8500
HNSN,20120124,2.87,2.93,2.8,2.88,439800
HOFT,20120124,12.23,12.23,11.77,11.99,27300
HOGS,20120124,11.9,12,11.53,11.68,274100
HOLI,20120124,10.11,10.15,9.83,9.88,166100
HOLL,20120124,1.25,1.29,1.21,1.29,15900
HOLX,20120124,19.16,19.43,19.1,19.41,2035200
HOMB,20120124,25.7,26.32,25.41,26.24,78600
HOME,20120124,10.21,10.42,10.01,10.38,23500
HOTT,20120124,7.22,7.47,7.22,7.47,212300
HOVNP,20120124,2.65,2.7,2.55,2.7,19100
HPCCP,20120124,26.05,26.38,26.05,26.38,400
HPJ,20120124,1.07,1.07,1.03,1.05,9400
HPOL,20120124,0.61,0.64,0.6,0.64,26000
HRZN,20120124,16.37,16.4,16.13,16.17,16800
HSIC,20120124,68.85,69.93,68.85,69.52,323600
HSII,20120124,21.81,22.59,21.81,22.44,57800
HSKA,20120124,7.55,7.7,7.47,7.6,3500
HSNI,20120124,36,36.33,35.85,36.13,213800
HSOL,20120124,1.79,1.83,1.65,1.78,733200
HSTM,20120124,17.42,18.03,17.42,18,72300
HTBK,20120124,5.25,5.26,5.06,5.2,42400
HTCH,20120124,1.5,1.63,1.49,1.61,524900
HTCO,20120124,11.22,11.39,11.22,11.38,12800
HTHT,20120124,13.83,14.08,13.83,13.96,16800
HTLD,20120124,14.58,14.73,14.5,14.59,254600
HTLF,20120124,16.59,17,16.42,16.97,13600
HTWR,20120124,67.37,68.34,67.37,68.01,63400
HUBG,20120124,34.57,34.57,33.97,34.11,175500
HURC,20120124,21.28,21.67,21.01,21.63,88500
HURN,20120124,37.38,37.8,37.26,37.62,93700
HWAY,20120124,7,7.45,7,7.37,288400
HWBK,20120124,6.14,6.14,6.14,6.14,0
HWCC,20120124,14.19,14.8,13.97,14.76,118000
HWKN,20120124,39.3,40.6,39.13,40.55,40100
HYGS,20120124,5.81,5.84,5.54,5.6,4000
HZNP,20120124,3.77,3.99,3.67,3.84,28900
IACI,20120124,41.95,42.79,41.52,42.6,591800
IART,20120124,25.51,25.99,25.51,25.96,755200
IBB,20120124,111.9,113.06,111.75,112.97,1228900
IBCA,20120124,2.81,2.89,2.75,2.8,22800
IBCP,20120124,1.62,1.69,1.6,1.65,36200
IBCPO,20120124,12.51,12.51,12.51,12.51,0
IBKC,20120124,54.68,55.1,53.99,54.35,159400
IBKR,20120124,15.9,15.99,15.77,15.93,631700
IBOC,20120124,19.72,20.01,19.15,19.93,221200
ICAD,20120124,0.56,0.6,0.56,0.58,4700
ICCC,20120124,4.98,5,4.98,5,1000
ICFI,20120124,26.82,27.05,26.68,27,102100
ICGE,20120124,9.11,9.24,9.01,9.23,70100
ICLN,20120124,9.22,9.22,9.09,9.16,18200
ICLR,20120124,18.4,18.98,18.35,18.89,207400
ICON,20120124,18.01,18.4,17.96,18.33,421900
ICUI,20120124,44.64,44.64,44.34,44.55,92600
IDCC,20120124,36.35,38,35,35.89,11259600
IDIX,20120124,13.75,14.98,13.56,14.89,2756100
IDRA,20120124,1.15,1.15,1.07,1.09,5700
IDSA,20120124,6.3,6.45,6.2,6.2,11400
IDSY,20120124,5.37,5.4,5.25,5.3,4700
IDTI,20120124,6.31,6.51,6.25,6.5,1370700
IDXX,20120124,85.64,87.1,85.21,86.56,309200
IEP,20120124,37.99,37.99,37.35,37.55,17200
IESC,20120124,2.35,2.65,2.35,2.63,2900
IFAS,20120124,26.89,26.9,26.8,26.88,3800
IFEU,20120124,26.09,26.1,25.89,25.89,1700
IFGL,20120124,27.35,27.51,27.34,27.42,30200
IFNA,20120124,43.34,43.83,43.34,43.82,1200
IFON,20120124,0.58,0.69,0.58,0.66,13000
IFSM,20120124,32.69,32.69,32.58,32.68,900
IGLD,20120124,10,10.32,10,10.32,3300
IGOI,20120124,9,9.12,8.28,8.88,94400
IGOV,20120124,96.5,97.26,96.5,97.26,11500
IGTE,20120124,16.41,16.63,16.26,16.56,91100
III,20120124,1.3,1.35,1.28,1.32,56500
IIIN,20120124,12.78,13.2,12.66,13.16,73100
IIJI,20120124,7.91,7.91,7.8,7.86,5600
IILG,20120124,13.5,13.79,13.42,13.6,75900
IIN,20120124,6.8,7.05,6.8,7.05,4700
IIVI,20120124,21.05,22.96,20.96,22.78,654500
IKAN,20120124,0.85,0.88,0.83,0.86,38500
IKNX,20120124,7.31,7.36,7.31,7.36,3900
ILMN,20120124,36.38,37.85,35.93,37.69,3031300
IMGN,20120124,13.08,13.24,12.84,13.03,342100
IMI,20120124,8.62,8.8,8.17,8.21,136300
IMKTA,20120124,17.59,17.88,17.39,17.62,70400
IMMR,20120124,5.49,5.63,5.44,5.6,59500
IMMU,20120124,3.33,3.45,3.3,3.43,280900
IMMY,20120124,0.3,0.3,0.3,0.3,4200
IMOS,20120124,8.19,8.35,8.09,8.32,59700
IMRS,20120124,2.33,2.51,2.32,2.41,59000
INAP,20120124,6.4,6.6,6.4,6.56,433600
INCY,20120124,17.6,18.31,17.34,18.29,2841200
INDB,20120124,28.24,28.67,28.08,28.45,78100
INDY,20120124,23.14,23.61,23.12,23.6,92600
INFA,20120124,39.82,40.01,39.21,39.48,1406400
INFI,20120124,9.73,9.98,9.67,9.93,45900
INFN,20120124,7.36,7.41,7.22,7.39,1045500
ININ,20120124,27.13,27.62,27.13,27.32,105500
INOC,20120124,1.15,1.15,0.95,1.11,11000
INOD,20120124,3.8,4.26,3.8,4.18,44400
INPH,20120124,4.6,4.67,4.59,4.66,15900
INSM,20120124,4.88,5.06,4.72,5.02,214900
INTC,20120124,26.7,26.98,26.61,26.9,56220300
INTG,20120124,18.81,19.26,18.81,19.26,300
INTL,20120124,25.77,25.96,25.57,25.91,56500
INTT,20120124,2.99,3.05,2.98,2.98,14800
INTU,20120124,57.21,57.6,57.09,57.33,1698400
INTX,20120124,11.63,11.87,11.45,11.81,49900
INVE,20120124,2.13,2.27,2.13,2.26,111800
INWK,20120124,10.15,10.4,10.15,10.37,101900
IOSP,20120124,30.76,31.09,30.34,31.05,73600
IPAR,20120124,16.19,16.76,16.05,16.74,47400
IPAS,20120124,1.42,1.51,1.42,1.51,84900
IPCC,20120124,57.25,57.9,57.25,57.75,22100
IPCI,20120124,2.89,2.89,2.85,2.89,3300
IPCM,20120124,32.57,33.22,32.47,33.03,179500
IPGP,20120124,51.68,53.66,50.65,53.59,465300
IPHS,20120124,47.65,48.09,47.38,48.05,107100
IPXL,20120124,19.79,19.79,19.15,19.22,266800
IRBT,20120124,31.75,32.54,31.49,32.46,231600
IRDM,20120124,7.5,7.75,7.36,7.69,212800
IRDMZ,20120124,1.38,1.38,1.38,1.38,0
IRIX,20120124,3.76,3.78,3.74,3.78,15100
IROQ,20120124,11.46,11.47,11.3,11.31,13700
IRWD,20120124,13.37,13.79,13.15,13.78,306400
ISBC,20120124,14.64,14.81,14.46,14.73,135300
ISCA,20120124,26.1,26.31,25.92,26.29,148500
ISHG,20120124,98.69,98.87,98.36,98.81,13600
ISIG,20120124,2.14,2.24,2.05,2.14,9800
ISIL,20120124,11.45,11.77,11.45,11.62,693200
ISIS,20120124,7.85,7.87,7.71,7.85,361500
ISLE,20120124,5.03,5.13,5.02,5.08,94700
ISM,20120124,21.62,21.62,21.3,21.5,1700
ISNS,20120124,6.4,6.6,6.4,6.6,1600
ISRG,20120124,441.5,446.09,437.5,440,422500
ISRL,20120124,83.75,83.75,83.75,83.75,500
ISSC,20120124,3.95,4.07,3.95,4.05,3900
ISSI,20120124,10.02,10.27,10.01,10.19,195600
ITIC,20120124,38.28,40.28,38.28,38.53,5300
ITMN,20120124,13.9,14.31,13.75,13.91,1550000
ITRI,20120124,38.78,39.33,38.28,38.85,271900
ITRN,20120124,13.54,13.65,13.26,13.42,8500
IVAC,20120124,7.83,8.31,7.83,8.31,59600
IVAN,20120124,1.08,1.1,1.06,1.07,546700
IXYS,20120124,12.7,13,12.62,12.9,54300
JACK,20120124,21.11,21.49,21.01,21.35,240600
JADE,20120124,2.23,2.38,2.18,2.37,217700
JAKK,20120124,14.62,15.08,14.61,15.05,307700
JASO,20120124,8.35,8.55,8.15,8.4,4161100
JAXB,20120124,3.65,3.65,3.15,3.15,1200
JAZZ,20120124,47,47,45.16,46,802800
JBHT,20120124,48.13,48.53,47.81,48.52,697200
JBLU,20120124,5.39,5.53,5.29,5.5,3073600
JBSS,20120124,9.22,9.65,9.04,9.58,16100
JCOM,20120124,27.82,27.82,27.58,27.76,202500
JCS,20120124,15.22,15.37,15.07,15.26,20900
JCTCF,20120124,8.28,8.28,8.28,8.28,0
JDSU,20120124,13.14,13.6,12.9,13.57,4088300
JFBI,20120124,2.5,2.5,2.5,2.5,500
JIVE,20120124,14.46,15.19,14.35,14.89,193400
JJSF,20120124,48.15,50.22,46.73,50.06,139500
JKHY,20120124,33.62,34.34,33.6,34.2,235500
JMBA,20120124,1.55,1.55,1.51,1.54,262300
JOBS,20120124,44.05,45.23,43.96,45,38100
JOEZ,20120124,0.7,0.73,0.65,0.69,160600
JOSB,20120124,47.32,48.34,47.06,48.28,189300
JOUT,20120124,18.28,18.96,17.96,18.96,12100
JRCC,20120124,6.72,6.81,6.53,6.54,2424100
JRJC,20120124,2.16,2.25,2.11,2.2,59100
JSM,20120124,20.6,21.05,20.6,20.8,16100
JST,20120124,8.82,9.05,8.53,8.6,42000
JVA,20120124,8.99,9.35,8.75,9.28,297500
JXSB,20120124,14.25,14.25,14.25,14.25,0
KALU,20120124,48.58,49.35,48.55,49.21,87400
KBALB,20120124,5.78,6.01,5.77,6,47300
KCAP,20120124,6.75,6.92,6.75,6.85,48700
KCLI,20120124,32.13,32.58,32.05,32.42,6500
KELYA,20120124,17.08,17.46,17.01,17.35,162100
KELYB,20120124,17.25,17.25,17.25,17.25,0
KEQU,20120124,8.77,8.95,8.75,8.95,6000
KERX,20120124,2.86,3.08,2.76,3.07,1265900
KEYN,20120124,20.01,20.65,20.01,20.25,95500
KEYW,20120124,7.53,7.68,7.49,7.54,56800
KFFB,20120124,9.25,9.25,9.25,9.25,0
KFRC,20120124,12.78,13,12.78,13,101800
KGJI,20120124,1.72,1.81,1.7,1.79,151900
KINS,20120124,3.45,3.45,3.45,3.45,0
KIOR,20120124,11.05,11.89,10.95,11.7,50600
KIPO,20120124,7.69,7.69,7.41,7.54,4800
KIPS,20120124,1.47,1.6,1.47,1.6,500
KIRK,20120124,14.19,14.52,14.16,14.5,104600
KLAC,20120124,50.77,51.33,50.31,51.26,3203500
KLIC,20120124,11.06,11.33,10.96,11.24,630400
KNDI,20120124,3.34,3.62,3.29,3.5,120600
KONA,20120124,6.77,6.79,6.57,6.75,30400
KONE,20120124,0.43,0.45,0.41,0.44,2700
KONG,20120124,4.83,4.99,4.77,4.85,21100
KOOL,20120124,0.83,0.9,0.83,0.89,36900
KOPN,20120124,3.87,3.93,3.87,3.9,165700
KOSS,20120124,5.61,5.79,5.6,5.69,900
KRNY,20120124,9.54,9.6,9.42,9.57,18700
KSWS,20120124,3.13,3.28,3.06,3.21,76700
KTCC,20120124,5.83,5.99,5.8,5.95,26000
KTEC,20120124,14.27,14.27,13.4,13.53,2300
KTOS,20120124,6.7,6.85,6.57,6.63,221600
KUTV,20120124,1.97,2.32,1.72,1.92,1920500
KVHI,20120124,9.34,9.49,9.34,9.46,40100
LABC,20120124,15.96,15.96,15.96,15.96,0
LABL,20120124,24.39,24.82,24.37,24.67,37200
LACO,20120124,2.13,2.13,2.01,2.1,30600
LAKE,20120124,9.19,9.5,9.06,9.15,10500
LAMR,20120124,29.07,30.68,28.76,30.44,1117900
LANC,20120124,69.64,70.1,69.36,69.44,58300
LARK,20120124,18.9,18.98,18.25,18.25,4300
LAWS,20120124,16.94,17,16.66,16.96,9400
LAYN,20120124,24.08,24.13,23.7,23.86,62700
LBAI,20120124,9.26,9.7,9.26,9.65,32700
LBIX,20120124,3.37,3.37,3.2,3.29,1000
LBTYA,20120124,44.65,45.26,44.39,44.87,596500
LBTYB,20120124,44.8,44.8,44.8,44.8,0
LBTYK,20120124,43.27,43.82,43,43.37,137200
LCAV,20120124,5.58,5.58,5.25,5.27,52700
LCNB,20120124,12.63,12.63,12.6,12.63,1700
LCUT,20120124,11.52,11.82,11.46,11.82,19100
LEAP,20120124,9.52,9.69,9.41,9.54,620100
LECO,20120124,41.74,42.32,41.56,41.99,385800
LEDR,20120124,2.65,2.66,2.62,2.66,6300
LEDS,20120124,3.43,3.44,3.3,3.4,62900
LFUS,20120124,49.87,50.65,49.72,50.3,65100
LGCY,20120124,28.65,29,28.56,28.94,139400
LGND,20120124,12.24,12.64,12.02,12.61,148700
LHCG,20120124,14,14.35,13.81,14.33,113000
LIFE,20120124,45.67,47.61,45.33,47.31,3409500
LIME,20120124,3.4,3.42,3.32,3.38,7200
LINC,20120124,8.24,8.53,8.1,8.44,245500
LINE,20120124,36.8,36.94,36.52,36.89,1042800
LINTA,20120124,16.68,16.8,16.48,16.61,5210300
LINTB,20120124,17.17,17.17,17.17,17.17,0
LION,20120124,6.43,6.5,6.35,6.5,11400
LIOX,20120124,2.59,2.62,2.51,2.61,110600
LIVE,20120124,3.51,3.54,3.26,3.48,48600
LIWA,20120124,6.02,6.12,6,6.05,80600
LKFN,20120124,26.74,27.09,26.65,26.89,45500
LKQ,20120124,16.245,16.375,16.05,16.37,277700
LLEN,20120124,2.67,2.75,2.65,2.72,82300
LLNW,20120124,3.28,3.28,3.17,3.19,520800
LLTC,20120124,33.32,33.59,33.05,33.32,2811700
LMAT,20120124,5.8,5.8,5.62,5.7,4000
LMCA,20120124,82.86,84.2,82.04,83.51,267600
LMCB,20120124,85.28,85.28,85.28,85.28,0
LMIA,20120124,18.78,19.36,18.63,19.3,32400
LMNR,20120124,17.59,18,17.59,18,9300
LMNX,20120124,19.66,20.02,19.66,19.92,155700
LMOS,20120124,16.08,16.31,15.62,15.92,31700
LNBB,20120124,5.16,5.16,5.16,5.16,300
LNCE,20120124,22.68,22.85,22.62,22.7,251200
LNDC,20120124,5.76,5.85,5.71,5.85,37800
LOAN,20120124,1.07,1.13,1.06,1.13,4800
LOCM,20120124,2.53,2.59,2.5,2.57,99000
LOGI,20120124,8.07,8.19,8.03,8.16,394800
LOGM,20120124,40.67,41.64,40.67,41.02,94900
LOJN,20120124,3.5,3.57,3.42,3.55,55200
LONG,20120124,16.4,16.9,16.17,16.9,11300
LOOK,20120124,1.4,1.5,1.4,1.5,27700
LOPE,20120124,16.99,17.29,16.91,17.25,345200
LORL,20120124,66.98,68.25,66.49,67.94,29400
LPHI,20120124,4.7,4.76,4.51,4.58,104600
LPLA,20120124,33.92,34.24,33.62,34.12,182800
LPNT,20120124,37.27,39.71,37.23,39.55,627100
LPSB,20120124,8.25,8.25,8.25,8.25,0
LPSN,20120124,11.86,12.32,11.76,12.25,328100
LPTH,20120124,0.95,0.98,0.95,0.95,11300
LQDT,20120124,34.42,35.24,33.5,35.01,356000
LRAD,20120124,1.35,1.37,1.31,1.35,67500
LRCX,20120124,42.3,43.42,42.22,43.35,5652800
LSBI,20120124,14.02,14.02,14.02,14.02,0
LSBK,20120124,9.8,9.8,9.8,9.8,0
LSCC,20120124,6.71,6.81,6.68,6.68,1109700
LSTR,20120124,48.89,50.03,48.63,49.86,250600
LTBR,20120124,2.17,2.17,2.07,2.07,34100
LTON,20120124,1.25,1.3,1.24,1.3,60400
LTRE,20120124,6.5,6.55,6.4,6.45,2500
LTRX,20120124,2.64,2.68,2.64,2.65,800
LTXC,20120124,6.92,7.1,6.76,6.94,1187600
LUFK,20120124,72.46,75.27,71.4,75.25,455000
LULU,20120124,62,62.3,61.3,62.18,1617800
LUNA,20120124,1.49,1.73,1.48,1.69,30400
LWAY,20120124,9.26,9.33,9.2,9.33,4500
LXRX,20120124,1.31,1.38,1.27,1.37,931800
LYTS,20120124,6.74,7.08,6.66,6.98,41200
MAG,20120124,12.22,12.46,12.07,12.46,11500
MAGS,20120124,4.15,4.15,4.04,4.11,25500
MAKO,20120124,34.05,35.2,33.13,34.34,808000
MANH,20120124,42.31,42.98,42.12,42.77,127400
MANT,20120124,34.05,34.36,33.94,34.2,111700
MARK,20120124,5.18,7.2,5.18,6.69,185500
MARPS,20120124,26.3,26.3,25.04,25.04,2300
MASC,20120124,8.16,8.17,8,8.09,34200
MASI,20120124,20.69,21.02,20.26,20.9,643700
MAT,20120124,28.77,29.16,28.77,29.09,2077900
MATR,20120124,5.86,5.97,5.86,5.88,4000
MATW,20120124,31.82,32.26,31.67,32.22,75000
MAXY,20120124,5.44,5.55,5.42,5.46,283500
MAYS,20120124,15.5,16,15.5,16,1700
MBFI,20120124,18.18,18.47,17.9,18.36,143100
MBLX,20120124,2.63,2.69,2.57,2.69,468300
MBND,20120124,3.35,3.36,3.3,3.35,23000
MBRG,20120124,14.99,15,14.85,15,5600
MBTF,20120124,1,1,1,1,0
MBVT,20120124,28.85,29.2,28.73,29.01,10800
MBWM,20120124,11.58,11.58,11.15,11.15,15000
MCBC,20120124,2.47,2.47,2.41,2.47,22700
MCBI,20120124,6.87,6.87,6.5,6.75,14600
MCEP,20120124,20.67,21,19.86,20.45,174000
MCGC,20120124,4.53,4.72,4.5,4.64,486900
MCHP,20120124,37.02,37.49,36.72,37.31,1315700
MCHX,20120124,4.85,5.03,4.82,4.88,295900
MCOX,20120124,6.3,6.55,6.3,6.35,23900
MCRI,20120124,10.81,11.03,10.6,10.98,18700
MCRL,20120124,12.02,12.32,11.93,12.25,825400
MCRS,20120124,50.66,51.81,50.59,51.69,217700
MDAS,20120124,10.94,10.94,10.53,10.58,542000
MDCA,20120124,13.27,13.37,13.16,13.18,57100
MDCI,20120124,5.35,5.56,5.22,5.33,37100
MDCO,20120124,18.91,19.14,18.6,18.74,389000
MDH,20120124,2.42,2.48,2.4,2.48,6800
MDRX,20120124,18.78,18.84,18.3,18.53,4422700
MDSO,20120124,20.03,20.73,20.03,20.56,189400
MDVN,20120124,50.2,52.6,50.2,52.55,681900
MEAD,20120124,3.27,3.27,3.27,3.27,100
MEAS,20120124,32.46,32.99,31.5,32.63,56800
MELA,20120124,4.58,4.58,4.23,4.31,431200
MELI,20120124,87.31,90.59,87.06,88.54,329700
MEMP,20120124,17.54,17.97,17.41,17.96,112500
MEMS,20120124,3.3,3.35,3.23,3.34,10500
MENT,20120124,13.55,14,13.33,13.98,891400
MEOH,20120124,26.98,27.59,26.98,27.43,262600
MERC,20120124,7.72,7.8,7.48,7.74,306400
MERU,20120124,4.93,5.1,4.86,5.05,121000
METR,20120124,9.21,9.35,9.17,9.31,94000
MFI,20120124,5.93,6,5.75,5.9,30200
MFLR,20120124,7.55,7.55,7.55,7.55,0
MFLX,20120124,26.63,26.63,26.2,26.29,74100
MFNC,20120124,5.05,5.05,5.05,5.05,200
MFRI,20120124,7.25,7.27,7.16,7.2,1500
MFRM,20120124,26.72,26.98,26.54,26.61,94300
MFSF,20120124,8.15,8.18,8.15,8.15,700
MGAM,20120124,7.45,7.63,7.36,7.61,109300
MGEE,20120124,43.99,44.37,43.9,44.34,50700
MGIC,20120124,5.94,6.15,5.9,6.07,132000
MGLN,20120124,49.43,49.68,49.37,49.54,101200
MGPI,20120124,5.18,5.99,5.01,5.84,52800
MGRC,20120124,30.59,31.46,30.48,31.21,124900
MGYR,20120124,3.18,3.18,3.18,3.18,0
MHGC,20120124,5.57,5.92,5.51,5.85,76100
MHLD,20120124,9.06,9.17,9.06,9.17,141200
MIDD,20120124,93.78,95.42,93.14,95.15,73600
MIND,20120124,23.89,23.92,23.16,23.4,239000
MINI,20120124,19.52,20.43,19.5,20.27,198000
MITK,20120124,8.75,9.19,8.55,8.93,342500
MITL,20120124,3.17,3.18,3.08,3.13,63400
MKSI,20120124,29.68,30.12,29.68,30.08,304600
MKTAY,20120124,36.87,36.89,36.61,36.8,1600
MKTG,20120124,11.29,11.91,11.29,11.56,266900
MKTX,20120124,30.86,31.19,30.61,30.97,133000
MLAB,20120124,43.45,44.3,43.4,44.03,3900
MLHR,20120124,20.57,21.01,20.3,20.96,317900
MLNK,20120124,5.67,5.7,5.64,5.69,117300
MLNX,20120124,31.64,31.95,31.04,31.93,343100
MLVF,20120124,7.51,7.51,7.51,7.51,0
MMLP,20120124,36.15,36.33,36,36.06,97500
MMSI,20120124,13.48,13.66,13.42,13.64,204900
MMUS,20120124,4.2,4.41,4.2,4.33,5300
MMYT,20120124,23.69,23.92,23.4,23.59,34700
MNDO,20120124,2.2,2.26,2.2,2.21,16800
MNGL,20120124,9.56,9.67,9.56,9.67,500
MNGLU,20120124,10.31,10.31,10.31,10.31,0
MNGLW,20120124,0.69,0.69,0.69,0.69,0
MNKD,20120124,2.76,2.88,2.75,2.88,1202100
MNOV,20120124,1.98,1.99,1.81,1.96,6500
MNRK,20120124,6.7917,6.7917,6.4583,6.65,1900
MNRO,20120124,39.95,40.9,39.65,40.39,291700
MNST,20120124,52.135,53.415,52,53.17,788400
MNTA,20120124,18.76,19.05,18.68,18.72,867000
MNTG,20120124,2.3,2.45,2.23,2.38,19700
MNTX,20120124,5.74,5.74,5.43,5.43,46800
MOBI,20120124,3.72,3.8,3.6,3.73,137200
MOCO,20120124,15.8,16,15.8,15.89,4500
MOFG,20120124,16,16,15.95,16,5400
MOLX,20120124,26.95,27.69,26.95,27.43,857600
MOLXA,20120124,22.3,23.05,22.29,22.88,108400
MORN,20120124,59.19,59.5,59.04,59.4,23700
MOSY,20120124,3.71,4.05,3.71,3.98,291000
MOVE,20120124,7.1,7.14,7.05,7.13,144500
MPAA,20120124,7.07,7.19,7.07,7.14,62600
MPAC,20120124,6.99,6.99,6.98,6.98,300
MPB,20120124,7.14,7.14,7.14,7.14,300
MPEL,20120124,11.22,11.23,10.98,11.15,4322700
MPET,20120124,0.95,0.96,0.92,0.92,240600
MPWR,20120124,17,17.41,16.98,17.07,229800
MRCY,20120124,14.89,15.24,14.86,14.98,222900
MRGE,20120124,5.51,5.51,5.31,5.47,525900
MRLN,20120124,13.62,13.81,13.52,13.8,41800
MRTN,20120124,19.2,19.35,18.91,19.12,35800
MRVL,20120124,15.71,16.11,15.64,15.75,18576400
MSBF,20120124,5.23,5.23,5.01,5.01,800
MSCC,20120124,20.28,21,20.19,20.93,699900
MSEX,20120124,18.5,18.89,18.41,18.81,42900
MSFG,20120124,9,9.25,8.91,9.21,32300
MSFT,20120124,29.48,29.57,29.18,29.34,51711300
MSG,20120124,29.57,29.71,29.5,29.66,341200
MSLI,20120124,2.09,2.09,2.09,2.09,0
MSON,20120124,1.9,1.9,1.81,1.81,12000
MSPD,20120124,5.49,5.64,5.46,5.56,148300
MSTR,20120124,110.95,111.93,109.75,111.63,131900
MTEX,20120124,4.86,4.86,4.7,4.74,1800
MTGE,20120124,18.88,18.9,18.82,18.85,454500
MTRX,20120124,10.56,10.9,10.51,10.86,133700
MTSC,20120124,45.2,45.6,45.12,45.59,43400
MTSL,20120124,1.65,1.78,1.61,1.78,4500
MTSN,20120124,2.11,2.22,2.11,2.21,677200
MU,20120124,7.85,7.97,7.76,7.95,29255300
MVIS,20120124,2.96,3.04,2.88,2.96,471900
MVISW,20120124,0.16,0.16,0.16,0.16,0
MWIV,20120124,75.58,76.21,75.02,75.41,74200
MXIM,20120124,27.65,27.87,27.53,27.8,2841900
MXWL,20120124,19.76,19.98,19.6,19.89,125900
MYGN,20120124,22.11,22.61,21.85,22.45,547300
MYL,20120124,21.41,21.49,20.72,20.84,8051000
MYRG,20120124,18.22,19.25,18.22,19.22,82900
NAFC,20120124,28.85,29.22,28.72,29.06,47400
NAII,20120124,9.21,9.21,9.11,9.18,1700
NANO,20120124,19.43,19.82,19.31,19.65,398800
NASB,20120124,11.73,11.75,11.73,11.75,900
NATH,20120124,21.19,21.49,20.24,20.49,23000
NATI,20120124,27.12,27.66,27.08,27.43,293600
NATL,20120124,23.65,23.91,23.62,23.85,16800
NATR,20120124,14.98,15.41,14.96,15.41,93000
NAUH,20120124,7.54,7.65,7.43,7.63,5600
NAVG,20120124,48.06,48.52,47.71,47.88,33900
NAVR,20120124,1.4,1.5,1.4,1.42,101500
NBBC,20120124,3.87,3.87,3.87,3.87,200
NBIX,20120124,8.08,8.21,8.04,8.1,520900
NBN,20120124,12.26,12.26,12.26,12.26,0
NBTB,20120124,23.19,23.41,22.69,23.17,89600
NBTF,20120124,20.2,20.2,20.18,20.18,900
NCBC,20120124,2.34,2.34,2.24,2.25,6200
NCIT,20120124,7.63,7.69,7.45,7.49,113400
NCMI,20120124,13.48,13.67,13.26,13.53,187300
NCTY,20120124,6.79,6.88,6.79,6.83,8300
NDAQ,20120124,25.44,25.75,25.35,25.66,1444800
NDSN,20120124,44.97,45.76,44.64,45.55,202800
NECB,20120124,5.64,6.27,5.64,6.17,8400
NEOG,20120124,31.05,32.05,31,31.69,88100
NEPT,20120124,2.62,2.63,2.59,2.62,17000
NETC,20120124,11.21,11.35,11.21,11.33,3200
NEWL,20120124,0.74,0.81,0.7,0.7,2000
NEWP,20120124,17.63,17.99,17.49,17.97,216400
NEWS,20120124,9.54,9.57,9.31,9.52,93400
NEWT,20120124,1.2,1.2,1.2,1.2,12700
NFBK,20120124,14.41,14.65,14.24,14.59,18700
NFEC,20120124,0.6,0.6,0.6,0.6,900
NFLX,20120124,92.1,94.69,91.48,92.67,5990900
NFSB,20120124,12.48,12.48,12.48,12.48,0
NGPC,20120124,7.93,8,7.68,7.91,139900
NHTB,20120124,12.11,12.23,12.08,12.08,2500
NICE,20120124,35.21,35.76,35.07,35.69,201400
NICK,20120124,12.76,12.94,12.76,12.9,15100
NIHD,20120124,19.25,19.29,18.82,18.92,3986500
NILE,20120124,37.19,38.92,37.16,37.9,92500
NINE,20120124,1.31,1.31,1.31,1.31,0
NKSH,20120124,28.08,28.48,28.02,28.36,6500
NKTR,20120124,5.97,6.07,5.8,6.06,951800
NLNK,20120124,7.07,7.08,7,7.08,12300
NLST,20120124,3.35,3.53,3.21,3.5,909800
NMRX,20120124,8.56,8.74,8.32,8.73,8500
NNBR,20120124,7.15,7.27,7.06,7.22,56400
NOVB,20120124,9.65,9.65,9.65,9.65,0
NPBC,20120124,8.81,8.92,8.67,8.89,613600
NPSP,20120124,6.81,7.07,6.73,7.06,679400
NRCI,20120124,39.77,40.3,39.42,39.42,4100
NRIM,20120124,18.25,19.14,18.25,19.14,4800
NSEC,20120124,9.02,9.02,8.75,8.75,1000
NSIT,20120124,18.19,18.45,18.11,18.33,126000
NSPH,20120124,1.57,1.63,1.51,1.58,239800
NSSC,20120124,2.71,2.84,2.69,2.84,103700
NSYS,20120124,3.84,4.14,3.7,3.79,5000
NTAP,20120124,37.21,38,36.81,37.66,8729900
NTCT,20120124,20.47,20.73,20.41,20.51,306600
NTES,20120124,48.6,48.6,47.01,48.57,301600
NTGR,20120124,40.13,41.39,39.92,41.31,270900
NTIC,20120124,14.43,14.43,14.05,14.2,9700
NTK,20120124,27.25,27.35,27,27,28700
NTLS,20120124,21.58,21.71,21.42,21.63,62100
NTRI,20120124,13.21,13.26,12.52,12.56,1625300
NTRS,20120124,43.06,43.17,42.61,42.79,1159400
NTSC,20120124,5.62,6.04,5.49,5.57,4200
NTSP,20120124,8.6,8.79,8.52,8.68,220900
NTWK,20120124,6,6,5.7,5.7,215400
NUAN,20120124,28.12,28.22,27.88,27.99,5345500
NUCL,20120124,33.72,33.85,33.71,33.76,1600
NURO,20120124,8.04,8.34,8.04,8.34,8700
NUTR,20120124,11.94,12.07,11.85,12.01,21600
NUVA,20120124,13.94,13.94,13.62,13.7,801800
NVAX,20120124,1.42,1.42,1.34,1.37,653300
NVDA,20120124,14.51,15,14.5,14.94,18273000
NVEC,20120124,53.19,54.32,53.19,54.3,11200
NVMI,20120124,8.48,8.5,8.43,8.47,58100
NVSL,20120124,7.02,7.21,7.02,7.02,300
NVTL,20120124,3,3,2.95,3,123900
NWBI,20120124,12.57,12.62,12.48,12.56,388400
NWFL,20120124,26.7,26.7,26.7,26.7,0
NWLI,20120124,140.55,141.97,140.32,141.36,2000
NWPX,20120124,23.51,23.56,23.12,23.45,33000
NWS,20120124,19.6,19.79,19.48,19.67,2043500
NWSA,20120124,19.1,19.2,18.89,19.07,11978200
NXPI,20120124,20.45,21.83,20.25,21.75,1799400
NXST,20120124,8.62,8.7,8.5,8.57,44300
NXTM,20120124,17.35,17.35,16.95,17,608700
NYMT,20120124,7.03,7.14,7.02,7.08,65500
NYMX,20120124,7.94,8.01,7.9,8.01,35500
NYNY,20120124,1.92,1.98,1.78,1.78,40100
OABC,20120124,16.25,16.32,16.17,16.32,12600
OBAF,20120124,14.05,14.35,14.05,14.35,2500
OBAS,20120124,5.7,5.7,5.5,5.7,1800
OBCI,20120124,2.13,2.2,2.13,2.16,4800
OCC,20120124,3.57,3.57,3.5,3.55,4400
OCFC,20120124,13.54,13.9,13.54,13.79,67400
OCLR,20120124,4.22,4.53,4.12,4.47,986100
OCLS,20120124,7.07,7.35,6.93,6.93,123800
OCZ,20120124,7.41,8.19,7.33,8.16,2808200
ODFL,20120124,27.2,27.4867,26.8867,27.34,448100
OFED,20120124,11.6,11.6,11.6,11.6,1000
OFIX,20120124,39.71,39.88,39.23,39.67,35700
OFLX,20120124,14.52,15.1,14.5,15.07,4200
OGXI,20120124,13.51,13.83,13.42,13.73,24600
OIIM,20120124,4.66,4.74,4.64,4.7,79500
OINK,20120124,1.66,1.68,1.62,1.62,23400
OKSB,20120124,7.14,7.75,7.09,7.67,159400
OKSBP,20120124,23.9,24,23.73,23.75,1200
OLBK,20120124,7.75,8.05,7.75,8.05,2100
OMAB,20120124,15,15,14.87,14.9,1200
OMCL,20120124,16.74,17.35,16.65,16.78,164000
OMER,20120124,5.24,5.64,5.18,5.56,37700
OMEX,20120124,3.3,3.5,3.2,3.45,1049900
OMPI,20120124,10.39,10.47,10.22,10.27,34300
ONCY,20120124,4.27,4.41,4.18,4.29,146000
ONEQ,20120124,109.02,110.03,109.02,109.85,4100
ONFC,20120124,9.69,9.69,9.65,9.65,5600
ONNN,20120124,8.83,9.13,8.77,9.08,10123800
ONTY,20120124,6.48,6.64,6.17,6.32,1174900
ONVI,20120124,2.95,2.98,2.95,2.96,4200
ONXX,20120124,40.72,41.72,40.5,41.11,1051400
OPAY,20120124,4.09,4.15,4.08,4.15,2900
OPEN,20120124,45.94,47.16,45.02,46.53,1239400
OPHC,20120124,0.55,0.55,0.44,0.55,1200
OPLK,20120124,18.22,19.18,17.91,19.04,164700
OPOF,20120124,9.5,9.75,9.5,9.75,1800
OPTR,20120124,12.25,12.41,12.03,12.12,663300
OPTT,20120124,2.59,2.72,2.5,2.5,39200
OPXA,20120124,3.92,3.92,3.72,3.76,23400
ORBC,20120124,3.4,3.5,3.35,3.48,33300
ORBK,20120124,10.83,10.9,10.79,10.87,71000
ORBT,20120124,3.78,3.79,3.78,3.79,5000
ORCL,20120124,28.33,28.74,28.25,28.51,23700900
OREX,20120124,2.34,2.44,2.24,2.38,768300
ORIG,20120124,14.95,15.09,14.9,14.95,207100
ORIT,20120124,12.5,12.67,12.5,12.64,184300
ORLY,20120124,80.95,82.17,80.9,81.81,880300
ORRF,20120124,9.15,9.69,9.15,9.67,26800
OSBC,20120124,1.25,1.26,1.21,1.21,5000
OSBCP,20120124,3.98,4,3.98,4,700
OSH,20120124,15.67,16.42,15.41,16.21,46700
OSHC,20120124,10.5,10.5,10.23,10.28,1900
OSIR,20120124,5.6,5.74,5.42,5.72,69400
OSIS,20120124,54.9,56.62,54.06,56.46,341000
OSM,20120124,22.27,22.4,22.2,22.35,16600
OSN,20120124,1.15,1.19,1.15,1.19,5600
OSTK,20120124,6.78,6.87,6.72,6.78,102300
OSUR,20120124,11.2,11.27,10.92,10.94,474100
OTEX,20120124,49.5,49.99,49.43,49.67,300900
OTIV,20120124,1.1,1.1,1.08,1.08,60900
OTT,20120124,13.5,13.7,13.41,13.62,53400
OTTR,20120124,21.87,22.07,21.77,21.98,84600
OUTD,20120124,7.81,7.81,7.66,7.69,19900
OVBC,20120124,18.25,18.98,18.25,18.98,1000
OVLY,20120124,6.3,6.65,6.3,6.65,1700
OVRL,20120124,2.35,2.36,2.27,2.36,13800
OVTI,20120124,13.51,13.96,13.44,13.9,1253000
OXBT,20120124,2.04,2.15,1.84,1.9,43700
OXGN,20120124,1.05,1.12,1.04,1.1,625600
OXLC,20120124,14.52,14.7,14.52,14.69,6600
OZRK,20120124,29.24,29.53,29.02,29.49,155500
PAAS,20120124,22.22,22.29,21.47,21.85,3116200
PACB,20120124,3.44,4,3.44,3.95,539800
PACQ,20120124,9.78,9.78,9.78,9.78,0
PACQW,20120124,0.35,0.35,0.35,0.35,0
PACR,20120124,5.63,5.97,5.62,5.91,215600
PACW,20120124,21.58,21.99,21.23,21.74,394000
PAGG,20120124,28.65,28.86,28.61,28.83,4700
PANL,20120124,38.15,40.74,37.16,40.74,1352400
PATH,20120124,1.93,1.95,1.87,1.9,21400
PATK,20120124,6.84,6.84,6.6,6.75,70600
PATR,20120124,21,21.52,21,21.52,5000
PAYX,20120124,32.18,32.42,32,32.34,1713600
PBCT,20120124,12.8,12.85,12.75,12.77,3300800
PBHC,20120124,9.22,9.22,9.22,9.22,0
PBIB,20120124,2.99,3,2.97,3,13900
PBIP,20120124,5.59,5.59,5.59,5.59,0
PBSK,20120124,11.25,11.25,11.25,11.25,1000
PCAR,20120124,44.02,45.01,43.48,45,3564900
PCBK,20120124,8.51,8.82,8.46,8.78,22000
PCCC,20120124,12.09,12.3,11.95,12,55500
PCH,20120124,33.13,33.6,33.13,33.5,146200
PCLN,20120124,514.97,525.5,512.6,523.73,533400
PCO,20120124,2.67,2.7,2.63,2.7,200300
PCOM,20120124,7.92,8,7.86,8,18500
PCRX,20120124,8.64,8.81,8.61,8.7,64200
PCTI,20120124,7.35,7.49,7.35,7.49,11500
PCYC,20120124,16.98,18.24,16.94,18.16,1028700
PCYO,20120124,2.15,2.27,2.11,2.25,79300
PDCO,20120124,31.4,32.09,31.22,31.97,652600
PDEX,20120124,2.59,2.6,2.45,2.6,7900
PDFS,20120124,6.24,6.32,6.22,6.3,125200
PDII,20120124,6.41,6.59,6.41,6.46,1400
PDLI,20120124,6.35,6.39,6.29,6.36,2127100
PEBK,20120124,5.48,5.5,5.48,5.5,1500
PEBO,20120124,14.83,15.36,14.83,15.1,20100
PEGA,20120124,27.9,28.36,27.82,28.1,237200
PEIX,20120124,1.25,1.27,1.18,1.22,3834400
PENN,20120124,39.97,40.36,39.01,40.18,517700
PENX,20120124,5.89,5.89,5.65,5.7,3600
PEOP,20120124,14.2,14.5,14.2,14.5,2200
PERF,20120124,10.05,10.14,10.05,10.08,3700
PERI,20120124,4.75,4.87,4.62,4.82,8600
PERY,20120124,15.18,15.95,15.02,15.85,153400
PESI,20120124,1.55,1.57,1.46,1.52,81100
PETM,20120124,53.05,53.62,53.01,53.4,685700
PETS,20120124,12.3,13.11,12.25,12.62,811300
PFBC,20120124,7.7,7.7,7.66,7.7,7200
PFBI,20120124,5.25,5.35,5.25,5.35,1300
PFBX,20120124,10.98,11.48,10.87,11.2,2400
PFIN,20120124,3.59,3.8,3.51,3.63,25800
PFLT,20120124,11.08,11.15,11.02,11.02,9700
PFSW,20120124,2.7,2.83,2.63,2.65,86400
PGC,20120124,11.15,11.35,11.15,11.35,2900
PGNX,20120124,9.03,9.6,9.03,9.48,91200
PGTI,20120124,1.17,1.27,1.14,1.23,13900
PHII,20120124,23.5,23.54,23.49,23.5,2600
PHIIK,20120124,26.17,26.78,26,26.5,13500
PHMD,20120124,12.91,13.01,12.75,12.98,11600
PICO,20120124,20.61,20.86,20.52,20.65,60900
PKBK,20120124,6.02,6.25,6.01,6.17,2200
PKOH,20120124,19.7,20.33,19.7,20.22,48900
PKT,20120124,14.73,15.15,14.62,15.03,70200
PLAB,20120124,6.98,7.07,6.93,7.06,689000
PLBC,20120124,2.22,2.22,2.22,2.22,0
PLCC,20120124,0.65,0.65,0.65,0.65,0
PLCE,20120124,50.32,51.17,49.91,50.99,407500
PLCM,20120124,21.06,22,20.62,20.85,14036600
PLMT,20120124,5.01,5.01,5.01,5.01,300
PLNR,20120124,2.17,2.25,2.17,2.23,15200
PLPC,20120124,60.58,61.93,60.58,61.58,4000
PLTM,20120124,19.8,19.96,19.66,19.95,12600
PLUG,20120124,2,2.01,1.98,1.99,58000
PLUS,20120124,30.41,31.17,30.41,31.09,11700
PLXS,20120124,37.12,37.72,36.73,37.21,471500
PLXT,20120124,3,3.03,2.97,2.98,165600
PMBC,20120124,3.1,3.37,3.03,3.37,16600
PMCS,20120124,6.36,6.63,6.29,6.57,4911400
PMD,20120124,9.74,9.75,9.64,9.65,5200
PMFG,20120124,20.45,20.45,19.82,20.26,28400
PMNA,20120124,10.32,10.32,10.23,10.32,1800
PMTC,20120124,20.82,21.5,20.82,21.47,858300
PMTI,20120124,9.51,9.58,9.34,9.45,51800
PNBK,20120124,1.73,1.73,1.72,1.72,1800
PNFP,20120124,16.94,17.03,16.5,17,147900
PNNT,20120124,10.31,10.52,10.28,10.49,6008300
PNQI,20120124,35.94,36.13,35.82,36.09,123400
PNRA,20120124,146.07,148.04,145.14,147.24,327400
PNRG,20120124,21.44,22.02,21.44,22,2400
PNTR,20120124,3.26,3.26,3.26,3.26,500
PODD,20120124,19.01,19.61,19.01,19.49,302800
POOL,20120124,33.3,33.99,33.22,33.97,167600
POPE,20120124,42.95,43.75,42.78,43.75,6500
POWI,20120124,37.32,37.96,37.03,37.36,286500
POWL,20120124,33.24,33.91,33.24,33.89,32400
POWR,20120124,6.09,6.3,6.05,6.28,43400
POZN,20120124,4.21,4.26,4.18,4.24,42700
PPBI,20120124,6.8,7.3,6.7,7.25,25200
PPHM,20120124,1.03,1.04,0.98,1.02,1178600
PRAA,20120124,66.89,67.66,66.71,67.39,99200
PRAN,20120124,1.58,1.66,1.57,1.63,61200
PRCP,20120124,5.17,5.2,4.95,5,7300
PRFT,20120124,10.91,11.24,10.86,11.02,131400
PRFZ,20120124,63.33,64.21,63.25,64.11,45400
PRGO,20120124,99.01,99.24,96.36,97.54,982700
PRGS,20120124,20.65,21.59,20.6,21.5,749100
PRGX,20120124,6.16,6.2,6.1,6.16,104700
PRIM,20120124,15.4,15.65,15.16,15.62,114700
PRKR,20120124,0.88,0.89,0.83,0.86,65700
PRLS,20120124,4,4,3.99,3.99,700
PRMW,20120124,2.78,2.81,2.75,2.77,277300
PROV,20120124,9.29,9.29,9.29,9.29,200
PRPH,20120124,1.22,1.23,1.19,1.19,2100
PRSC,20120124,14.57,14.99,14.53,14.86,34300
PRTS,20120124,5,5.18,5,5.17,17700
PRXI,20120124,2.22,2.24,2.18,2.22,102100
PRXL,20120124,21.01,21.14,20.29,21.02,638200
PSAU,20120124,42.21,42.21,41.4,41.58,5400
PSBH,20120124,4.56,4.56,4.56,4.56,0
PSCC,20120124,31.46,31.62,31.44,31.62,2100
PSCD,20120124,28.67,29.1,28.67,29.05,21500
PSCE,20120124,35.79,36.5,35.63,36.44,4900
PSCF,20120124,28.12,28.4,28.12,28.4,25400
PSCH,20120124,32.11,32.26,32.03,32.25,12800
PSCI,20120124,28.94,29.13,28.94,29.13,3700
PSCM,20120124,28.55,28.59,28.55,28.59,800
PSCT,20120124,30.14,30.6,30.14,30.54,33500
PSCU,20120124,30.33,30.42,30.33,30.36,4100
PSDV,20120124,1.2,1.22,1.19,1.2,42500
PSEC,20120124,10.4,10.58,10.4,10.51,1683300
PSEM,20120124,7.7,7.95,7.65,7.9,98100
PSMT,20120124,66.33,67.46,65.95,67.2,261200
PSTB,20120124,4.26,4.35,4.26,4.3,70500
PSTI,20120124,2.56,2.56,2.47,2.52,82900
PSTR,20120124,3.07,3.31,3.07,3.3,20500
PSUN,20120124,1.75,1.89,1.74,1.88,537200
PTEK,20120124,0.7,0.71,0.63,0.63,2400
PTEN,20120124,18.27,19.36,18.02,19.24,6511000
PTIE,20120124,4.29,4.38,4.2,4.38,89000
PTIX,20120124,1.87,1.92,1.86,1.86,2600
PTNR,20120124,8.56,8.56,8.32,8.39,239600
PTNT,20120124,8.49,8.49,8.31,8.49,28800
PTRY,20120124,11.88,12.25,11.84,12.2,93100
PTSI,20120124,10.7,10.7,10.62,10.62,200
PTSX,20120124,1.05,1.15,1.05,1.06,6500
PULB,20120124,7.26,7.3,7.25,7.3,3500
PURE,20120124,0.35,0.37,0.34,0.34,107600
PVFC,20120124,1.49,1.5,1.48,1.49,7000
PVTB,20120124,13.5,13.97,13.35,13.88,1356800
PVTBP,20120124,26.35,26.5,26.3,26.5,9700
PWER,20120124,4.65,4.9,4.6,4.89,2093900
PWOD,20120124,38.54,38.97,38.27,38.77,4200
PWRD,20120124,10.77,10.77,10.4,10.59,299800
PWX,20120124,12,12.2,11.87,12,6900
PXLW,20120124,2.13,2.28,2.1,2.28,155000
PZZA,20120124,38.88,39.13,38.47,39.01,116700
PZZI,20120124,5.42,5.43,5.17,5.38,74900
QABA,20120124,24.17,24.17,24.17,24.17,200
QADA,20120124,12.33,12.62,12.31,12.5,25900
QADB,20120124,12.44,12.44,12.34,12.34,1000
QBAK,20120124,1.9,1.9,1.9,1.9,8400
QCCO,20120124,3.36,3.36,3.36,3.36,400
QCLN,20120124,10.62,10.77,10.56,10.77,8500
QCOM,20120124,57.85,58.68,57.57,58.68,11490200
QCOR,20120124,35.99,38.5,35.22,37.29,6558300
QCRH,20120124,9.15,9.15,9.15,9.15,0
QDEL,20120124,15.04,15.12,14.92,14.98,123900
QGEN,20120124,15.59,15.78,15.49,15.69,1092300
QKLS,20120124,20.16,21.84,20.16,21.84,77000
QLGC,20120124,16.62,16.99,16.48,16.93,683000
QLIK,20120124,25.94,26.84,25.67,26.8,629600
QLTI,20120124,6.77,6.93,6.7,6.9,28400
QLTY,20120124,11.21,11.7,11.08,11.69,44700
QNST,20120124,9.86,10.01,9.72,9.81,156600
QQEW,20120124,24.77,25,24.77,24.94,18600
QQQ,20120124,59.53,59.84,59.41,59.68,38440100
QQQC,20120124,14.46,14.6,14.46,14.6,300
QQQX,20120124,14.1,14.15,14,14.05,73800
QQXT,20120124,22.38,22.55,22.38,22.55,2600
QSII,20120124,38.9,38.94,37.99,38.39,527000
QTEC,20120124,26.07,26.29,26.03,26.25,70800
QTWW,20120124,0.76,0.79,0.75,0.76,363500
QUIK,20120124,2.95,2.95,2.9,2.95,25200
RADA,20120124,1.94,1.98,1.94,1.97,300
RAIL,20120124,21.36,21.9,21.18,21.47,56800
RAND,20120124,2.98,3,2.98,2.98,500
RAVN,20120124,32.275,32.87,32.12,32.39,36800
RBCAA,20120124,24.04,24.59,24.01,24.33,41000
RBCN,20120124,12.73,12.82,11.9,12.07,950100
RBNF,20120124,3.03,3.03,3.03,3.03,0
RBPAA,20120124,1.42,1.42,1.42,1.42,0
RCII,20120124,36.62,37.6,36.32,37.51,635800
RCKB,20120124,10.63,10.89,10.63,10.89,49900
RCKY,20120124,10.67,10.94,10.39,10.88,19900
RCMT,20120124,5.37,5.41,5.3,5.3,7900
RCON,20120124,0.43,0.43,0.42,0.43,400
RDA,20120124,10.79,11.05,10.73,11.01,27400
RDCM,20120124,4.4,4.56,4.4,4.55,6200
RDEN,20120124,35.53,36.27,34.87,36.25,104700
RDI,20120124,4.11,4.24,4.11,4.19,8800
RDNT,20120124,2.13,2.14,2.08,2.09,73800
RDWR,20120124,15.87,15.985,15.785,15.81,36700
RECN,20120124,11.89,12.34,11.87,12.33,199800
RECV,20120124,2.99,2.99,2.72,2.85,21900
REDF,20120124,9.46,9.46,8.52,8.8,567100
REFR,20120124,3.81,3.9,3.74,3.78,13200
REGI,20120124,9.47,9.86,9.47,9.85,77700
REGN,20120124,78.07,80.33,78.06,79.41,451900
REIS,20120124,9.85,9.85,9.85,9.85,0
RELL,20120124,12.04,12.17,11.98,12.13,22900
RELV,20120124,1.22,1.28,1.22,1.28,1700
RENT,20120124,17.05,17.24,16.86,17.05,34400
REXI,20120124,5.43,5.73,5.37,5.7,16300
REXX,20120124,10.66,10.87,10.4,10.69,862000
RFIL,20120124,3.42,3.45,3.42,3.45,3300
RFMD,20120124,4.99,5.01,4.81,4.85,11859300
RGCO,20120124,18.1,18.23,18,18,600
RGDX,20120124,1.32,1.32,1.32,1.32,100
RGEN,20120124,3.52,3.57,3.51,3.51,11800
RGLD,20120124,67.81,68.06,67.2,67.83,369200
RICK,20120124,9.52,9.59,9.26,9.5,38200
RIGL,20120124,8,8.17,7.88,8.15,252200
RIMG,20120124,11.83,12.26,11.83,12.09,79600
RITT,20120124,3.33,3.54,3.33,3.5,8200
RIVR,20120124,15,15,15,15,0
RJET,20120124,4.14,4.45,4.13,4.42,145000
RLOC,20120124,8.52,8.55,8.34,8.43,91100
RLOG,20120124,6.9,6.9,6.9,6.9,0
RMBS,20120124,8.88,9.06,8.82,8.98,1299200
RMCF,20120124,8.67,8.73,8.63,8.66,6700
RMKR,20120124,0.77,0.87,0.76,0.86,900
RMTI,20120124,10.13,10.19,10,10.18,64800
RNET,20120124,15.81,15.92,15.75,15.81,35800
RNIN,20120124,5.5,5.55,5.1,5.1,41500
RNST,20120124,15.04,15.4,15.03,15.36,40100
RNWK,20120124,7.33,7.47,7.25,7.41,59500
ROCK,20120124,15.1,15.83,15.09,15.8,85700
ROCM,20120124,8.84,8.9,8.34,8.49,20400
ROIA,20120124,1.1,1.27,1.05,1.21,32500
ROIAK,20120124,1.03,1.22,0.99,1.18,427200
ROIC,20120124,11.58,11.86,11.56,11.85,367600
ROICW,20120124,0.74,0.78,0.74,0.78,102200
ROLL,20120124,43.68,44.4,43.63,44.23,60800
ROMA,20120124,10.02,10.25,10.02,10.21,15300
ROSE,20120124,48.45,49.09,47.47,48.32,688500
ROSG,20120124,3.9,4.65,3.75,4.05,105000
ROST,20120124,51.57,52.1,51.56,52.02,2127900
ROVI,20120124,28.95,30.03,28.5,29.84,1768300
ROYL,20120124,4.23,4.48,4.23,4.38,165900
RP,20120124,27.54,27.54,27.11,27.3,164700
RPRX,20120124,4.95,5.06,4.95,5.06,43000
RPTP,20120124,6.31,6.5,6.3,6.49,313500
RPXC,20120124,16.36,16.57,15.38,15.98,257200
RRD,20120124,12.29,12.35,12.1,12.2,4881100
RRGB,20120124,30.73,31.41,30.57,31.13,98200
RRST,20120124,4.4,4.58,4.4,4.5,2900
RSOL,20120124,1.5,1.5,1.46,1.49,5300
RSTI,20120124,27.4,27.89,26.97,27.82,180100
RSYS,20120124,6.46,6.55,6.42,6.46,53600
RTEC,20120124,9.88,10.15,9.86,10.1,155200
RTIX,20120124,3.97,4.03,3.77,3.78,584300
RUE,20120124,25,25.12,24.78,25.05,170300
RUSHA,20120124,21.15,21.77,20.94,21.74,194700
RUSHB,20120124,17.49,17.77,17.24,17.77,1100
RUTH,20120124,6.25,6.31,6.15,6.25,172400
RVBD,20120124,28,28.75,27.51,28.5,3155600
RVSB,20120124,2.25,2.25,2.21,2.24,12200
RYAAY,20120124,31.07,31.11,30.8,30.86,180600
SAAS,20120124,4.94,5.3,4.94,5.26,234900
SAFM,20120124,51.44,51.89,50.93,51.48,256200
SAFT,20120124,42.99,43.15,41.79,42.67,22900
SAIA,20120124,14.03,14.47,13.73,14.41,89800
SALM,20120124,2.83,2.89,2.77,2.88,12400
SANM,20120124,10.81,11.03,10.62,10.93,608000
SANW,20120124,4.51,4.64,4.51,4.64,4800
SANWW,20120124,0.85,0.88,0.62,0.68,2900
SANWZ,20120124,0.22,0.24,0.22,0.24,400
SAPE,20120124,13.17,13.4,13.03,13.38,388700
SASR,20120124,18.41,18.69,18.28,18.43,57700
SATS,20120124,24.92,25.51,24.8,25.51,762600
SAVE,20120124,15.74,15.82,15.41,15.75,386600
SBAC,20120124,44.8,44.91,44.49,44.73,1073200
SBBX,20120124,4.6,4.6,4.6,4.6,0
SBCF,20120124,1.66,1.69,1.64,1.67,150100
SBGI,20120124,12.58,13,12.58,12.92,266600
SBLK,20120124,14.85,15,14.25,14.7,367900
SBNY,20120124,61.98,62.14,58.4,60.04,1150200
SBNYW,20120124,36,36,35.5,35.5,700
SBRA,20120124,14.19,14.35,14.01,14.1,740600
SBSA,20120124,5.48,7.45,5.1,7.36,1226700
SBSI,20120124,21.16,21.3,20.99,21.18,47200
SBUX,20120124,47.26,47.8,47.04,47.65,5154700
SCBT,20120124,31.08,32,30.78,31.97,17000
SCHL,20120124,28.53,28.71,28.3,28.55,149700
SCHN,20120124,44.68,45.82,44.68,45.73,209500
SCLN,20120124,4.43,4.55,4.43,4.55,66000
SCMP,20120124,4.41,4.49,4.29,4.41,16700
SCOK,20120124,3.1,3.18,2.81,3.1,98100
SCON,20120124,17.28,17.64,16.92,17.64,77300
SCOR,20120124,22.35,22.63,22.26,22.52,243300
SCSC,20120124,37.24,37.81,36.85,37.71,93800
SCSS,20120124,22.99,24.5,22.65,24.31,1291500
SCVL,20120124,16.6467,17.1667,16.64,16.9667,54000
SDBT,20120124,2.15,2.24,2.15,2.15,931000
SDIX,20120124,1.86,1.9,1.86,1.9,4000
SEAC,20120124,7.03,7.21,6.97,7.21,77200
SEED,20120124,2.5,2.58,2.4,2.5,52300
SEIC,20120124,18.56,18.79,18.55,18.71,861700
SENEA,20120124,28.56,28.9,28.4,28.76,50800
SENEB,20120124,28.49,28.7,28.21,28.7,2200
SEV,20120124,5.27,5.27,5.25,5.25,1100
SFLY,20120124,23.14,24.01,22.81,23.71,641800
SFNC,20120124,27.26,28,27.21,27.75,35800
SFST,20120124,7.02,7.02,7.02,7.02,0
SGC,20120124,13.5,13.5,13.18,13.2,2800
SGEN,20120124,17.66,18,17.57,17.94,780600
SGI,20120124,13.08,13.69,13.04,13.64,197500
SGMA,20120124,3.8,3.8,3.73,3.8,800
SGMO,20120124,3.1,3.19,3,3.07,194000
SGMS,20120124,10.88,11.73,10.88,11.45,729900
SGNT,20120124,23.27,23.41,22.08,22.25,166500
SGOC,20120124,0.85,0.85,0.79,0.79,11100
SGRP,20120124,1.22,1.22,1.22,1.22,1700
SGYP,20120124,3.35,3.54,3.35,3.35,5700
SGYPU,20120124,7.9,7.9,7.9,7.9,0
SGYPW,20120124,1.1,1.1,1,1,3000
SHBI,20120124,5.3,5.49,5.3,5.49,3400
SHEN,20120124,10.46,10.56,10.02,10.06,69900
SHFL,20120124,12.49,12.83,12.4,12.43,216000
SHIP,20120124,2.39,2.39,2.16,2.22,10000
SHLD,20120124,47.06,49.41,45.41,45.78,3965700
SHLM,20120124,22.95,23.45,22.91,23.35,119900
SHLO,20120124,8.58,8.65,8.45,8.58,7500
SHOO,20120124,38.66,39.39,38.12,39.31,419600
SHOR,20120124,6.83,7.09,6.8,7.03,138800
SIAL,20120124,66.95,68.98,66.84,68.52,915800
SIBC,20120124,11.75,11.82,11.75,11.82,7000
SIEB,20120124,1.4,1.4,1.4,1.4,100
SIFI,20120124,10.29,10.32,10.22,10.32,12900
SIFY,20120124,5.29,5.29,5.1,5.21,572200
SIGA,20120124,3,3.16,2.95,3.06,439500
SIGI,20120124,17.77,17.92,17.69,17.88,183600
SIGM,20120124,5.78,5.8,5.69,5.75,186600
SILC,20120124,19.25,19.28,18.83,18.86,26700
SIMG,20120124,4.38,4.76,4.36,4.75,3047600
SIMO,20120124,22.57,22.7,21.68,22.51,543600
SINA,20120124,63.47,64.5,62.1,64.44,2877100
SINO,20120124,2.92,3.3,2.78,3.18,141700
SIRI,20120124,2.09,2.15,2.07,2.08,40936700
SIRO,20120124,45.59,46.88,44.53,46.77,376600
SIVB,20120124,53.79,53.79,52.67,53.22,595100
SIVBO,20120124,25.21,25.21,25.15,25.15,1100
SKBI,20120124,3,3.03,2.95,3.03,6400
SKUL,20120124,12.79,13.48,12.59,13.3,318200
SKYW,20120124,13.41,14.02,13.41,13.76,185800
SKYY,20120124,18.46,18.7,18.43,18.7,19200
SLAB,20120124,45.4,47.3,45.23,47.07,1156200
SLGN,20120124,40.22,40.67,40.03,40.13,216300
SLM,20120124,14.46,14.69,14.33,14.57,2848600
SLMAP,20120124,41.76,42.1,41.32,41.94,3300
SLMBP,20120124,42.31,42.83,41.25,42.06,6000
SLP,20120124,3.13,3.15,3.08,3.08,23100
SLRC,20120124,22.59,22.78,22.53,22.63,179300
SLTC,20120124,3.42,3.84,3.35,3.84,5700
SLTM,20120124,2.39,2.42,2.37,2.42,136800
SLXP,20120124,45.67,46.45,45.5,46.25,435500
SMBC,20120124,22.32,22.32,22.25,22.25,2400
SMCI,20120124,17,17.47,16.92,17.47,201400
SMED,20120124,3.76,3.95,3.74,3.85,30000
SMIT,20120124,3.3,3.35,3.2,3.35,1200
SMMF,20120124,3.18,3.25,3.18,3.25,300
SMRT,20120124,6.9,7.09,6.87,7.04,134300
SMSI,20120124,1.76,1.87,1.76,1.79,452200
SMT,20120124,4.26,4.26,4.08,4.14,83500
SMTC,20120124,27.49,29.4,27.2,29.14,1257100
SMTX,20120124,2.67,2.7,2.43,2.56,107700
SNAK,20120124,3.96,4.02,3.95,3.99,35000
SNBC,20120124,2.92,3.04,2.89,3,80100
SNCR,20120124,31.42,32.87,31.39,32.56,460000
SNDK,20120124,51.79,51.94,50.92,51.19,6166000
SNFCA,20120124,1.38,1.38,1.38,1.38,100
SNHY,20120124,26.89,27.75,26.6,27.18,63500
SNMX,20120124,3.52,3.61,3.5,3.56,95800
SNPS,20120124,29.1,29.54,28.9,29.14,882100
SNSS,20120124,1.37,1.38,1.33,1.36,84500
SNTA,20120124,4.67,4.79,4.64,4.66,181400
SNTS,20120124,4.37,4.52,4.17,4.52,723200
SOCB,20120124,1.54,1.54,1.53,1.53,1200
SOCL,20120124,13.52,13.55,13.51,13.55,600
SODA,20120124,37.64,38.21,37.11,38.14,426800
SOFO,20120124,7.11,7.57,7.11,7.15,1200
SOHU,20120124,59.47,60.48,58.71,60.37,752300
SOMH,20120124,7.82,7.85,7.82,7.85,4200
SONA,20120124,6.2,6.2,6.2,6.2,3200
SONC,20120124,6.76,6.79,6.69,6.72,360900
SONS,20120124,2.56,2.62,2.55,2.61,610600
SORL,20120124,3.09,3.11,3.01,3.1,41500
SOXX,20120124,55.82,56.4,55.63,56.22,486800
SPAN,20120124,15.39,15.39,15.39,15.39,200
SPAR,20120124,5.32,5.67,5.32,5.67,110300
SPBC,20120124,10.72,10.72,10.72,10.72,0
SPCHA,20120124,1.62,1.63,1.62,1.63,300
SPCHB,20120124,2.23,2.23,2.23,2.23,0
SPEX,20120124,25.6,25.8,24,24.6,36300
SPIL,20120124,5.45,5.52,5.42,5.48,933600
SPIR,20120124,1.02,1.24,1.01,1.06,30900
SPLS,20120124,15.81,16.1,15.68,16.05,7781100
SPMD,20120124,2.79,3.29,2.75,3.29,154500
SPNC,20120124,7.6,7.93,7.6,7.9,81700
SPNS,20120124,4.1,4.27,4.09,4.25,12700
SPPI,20120124,15.32,15.46,15.09,15.33,883500
SPPR,20120124,0.82,0.88,0.82,0.85,33400
SPPRO,20120124,21.74,21.9,20.51,20.51,900
SPPRP,20120124,7.52,8,7.5,7.6,5800
SPRD,20120124,15.83,16.46,15.59,16.16,1110200
SPRO,20120124,2.05,2.05,1.93,1.93,13600
SPRT,20120124,2.16,2.24,2.1,2.23,214900
SPSC,20120124,24.19,24.59,24.02,24.41,37600
SPTN,20120124,17.96,18.32,17.89,18.3,41400
SPU,20120124,1.7,1.75,1.66,1.71,121000
SPWR,20120124,6.65,6.9,6.57,6.84,621400
SQI,20120124,14.31,14.63,14.2,14.58,60900
SQNM,20120124,4.24,4.3,4.17,4.17,1552700
SQQQ,20120124,64.6,64.96,63.56,64.08,1364300
SRCE,20120124,25.29,25.66,25.05,25.53,33800
SRCL,20120124,84.16,84.67,83.49,84.29,317500
SRDX,20120124,14.43,14.68,14.42,14.57,43100
SREV,20120124,16.3,17.25,16.3,17.18,788900
SSBI,20120124,5.69,5.98,5.69,5.78,4100
SSFN,20120124,5.25,5.75,5.25,5.73,1900
SSNC,20120124,18.88,19,18.65,19,140800
SSRI,20120124,15.79,15.79,15.25,15.29,1052400
SSRX,20120124,11.11,11.11,10.86,11.02,37800
SSYS,20120124,36.98,37.2,35.92,36.26,209100
STAA,20120124,10.55,10.83,10.52,10.78,105200
STAN,20120124,16.75,17.45,16.75,17.42,30000
STB,20120124,6.78,6.78,6.69,6.75,55400
STBA,20120124,20.31,21.41,20.19,21.41,97800
STBZ,20120124,15.44,15.89,15.21,15.76,84300
STEC,20120124,9.19,9.83,9.19,9.79,923800
STEI,20120124,6.16,6.28,6.08,6.28,233000
STEL,20120124,12.3,12.74,12.22,12.62,35800
STEM,20120124,0.8,0.81,0.78,0.8,276900
STFC,20120124,13.13,13.19,12.89,13.09,24300
STKL,20120124,4.26,4.38,4.2,4.34,262400
STLD,20120124,15.14,15.48,14.95,15.46,3458300
STLY,20120124,3.34,3.35,3.14,3.34,19800
STMP,20120124,30.62,31.07,30.01,30.96,191100
STND,20120124,15.33,15.33,15.02,15.24,700
STNR,20120124,48.14,49.56,48.14,49.42,41200
STRA,20120124,112.79,118.58,110.92,116.62,92700
STRL,20120124,11.42,12.06,11.35,11.73,90600
STRM,20120124,1.69,1.69,1.65,1.68,7900
STRN,20120124,5.11,5.11,5,5,1000
STRS,20120124,8.76,8.76,8.76,8.76,1000
STRT,20120124,19.7,20.22,19.7,20,700
STSA,20120124,17.31,18,17.24,17.97,40400
STX,20120124,19.9,20.02,19.55,19.75,14837300
STXS,20120124,8.2,8.2,7.8,8,120600
SUBK,20120124,12.07,12.6,12,12.59,14100
SUMR,20120124,5.7,5.84,5.66,5.75,60400
SUNS,20120124,16.14,16.27,15.98,16.22,24400
SUPX,20120124,18.33,18.69,18.32,18.43,34900
SURG,20120124,6.55,6.65,6.5,6.59,69800
SUSQ,20120124,9.12,9.27,8.93,9.21,2163500
SUTR,20120124,1.25,1.26,1.2,1.21,38600
SVA,20120124,2.23,2.25,2.19,2.21,108400
SVBI,20120124,3.3,3.59,3.2,3.59,4200
SVNT,20120124,2.3,2.46,2.27,2.36,1021800
SVVC,20120124,16,16,15.49,15.65,6900
SWHC,20120124,4.75,4.9,4.6,4.88,513600
SWIR,20120124,7.25,7.31,7.16,7.28,14000
SWKS,20120124,21.2,21.59,21,21.56,3727600
SWSH,20120124,3.8,3.87,3.77,3.87,351200
SYBT,20120124,21.25,21.36,20.9,21.13,38600
SYBTP,20120124,11.48,11.48,11.48,11.48,500
SYKE,20120124,17.32,17.69,17.1,17.65,104300
SYMC,20120124,16.8,16.92,16.67,16.87,4596400
SYMM,20120124,5.91,6.14,5.89,6.06,150400
SYMX,20120124,1.54,1.56,1.46,1.56,24900
SYNA,20120124,32.78,34.11,32.7,34.02,366600
SYNL,20120124,12.26,12.76,11.21,11.41,13400
SYNM,20120124,10.5,10.6,10.4,10.5,204500
SYNT,20120124,47.35,48,47.11,47.27,79300
SYPR,20120124,4.2,4.2,4.06,4.19,6800
SYUT,20120124,5.06,5.3,5.06,5.22,27200
SZYM,20120124,11.73,11.9,11.5,11.8,243800
TACT,20120124,8.23,8.23,8.18,8.18,2300
TAIT,20120124,0.99,0.99,0.97,0.97,2400
TASR,20120124,4.89,4.89,4.8,4.86,338800
TAST,20120124,10.94,11.29,10.9,11.22,95500
TATT,20120124,4.34,4.34,4.34,4.34,800
TAXI,20120124,10.68,11.28,10.51,11.24,87300
TAYC,20120124,11,11.19,10.55,11.16,48900
TAYCP,20120124,23.16,23.55,23.16,23.54,16700
TAYD,20120124,8.9,8.9,8.75,8.75,8300
TBAC,20120124,1,1.02,1,1.02,12100
TBBK,20120124,8.55,8.74,8.29,8.5,91700
TBNK,20120124,20,20.45,20,20.35,17600
TBOW,20120124,2.25,2.25,2.2,2.21,6800
TCBI,20120124,31.95,32.23,31.35,32.08,380900
TCBIW,20120124,20.51,20.51,20.51,20.51,0
TCBK,20120124,14.86,15.28,14.6,15.25,24000
TCCO,20120124,7.73,7.74,7.7,7.74,3000
TCRD,20120124,13.02,13.24,12.93,13.12,22100
TEAR,20120124,1.4,1.85,1.36,1.61,417300
TECD,20120124,52.42,52.86,52.42,52.5,201700
TECH,20120124,70.19,71.73,70.19,70.96,104000
TECUA,20120124,4.57,4.89,4.55,4.84,47100
TECUB,20120124,4.59,4.59,4.57,4.59,1600
TELK,20120124,5.4,5.4,5.1,5.4,245800
TESO,20120124,13.82,14.02,13.62,14,127700
TESS,20120124,17.14,17.28,16.96,17.24,27600
TFCO,20120124,3.17,3.17,3.17,3.17,0
TFM,20120124,44.21,45.45,43,45.4,342600
TFSL,20120124,9.13,9.29,9.13,9.27,109500
TGA,20120124,9.66,9.81,9.48,9.48,96300
TGE,20120124,8.1,8.5,8.1,8.42,68000
THFF,20120124,34.1,34.62,33.89,34.13,35100
THLD,20120124,1.42,1.46,1.32,1.43,214900
THOR,20120124,29.91,30.68,29.7,30.47,492800
THRD,20120124,22.43,22.43,22.43,22.43,0
THRX,20120124,18.03,18.17,17.54,17.95,320400
THTI,20120124,1.6,1.6,1.58,1.58,2100
TIBX,20120124,25.37,25.75,25.15,25.72,1892900
TICC,20120124,9.6,9.65,9.51,9.59,170200
TIGR,20120124,2.19,2.19,2.19,2.19,1200
TINY,20120124,4.21,4.4,4.19,4.4,151800
TISA,20120124,2.6,2.6,2.56,2.59,11500
TITN,20120124,25.05,25.31,24.84,25.16,122800
TIVO,20120124,10.33,10.5,10.28,10.43,1122800
TKMR,20120124,2.5,2.5,2.36,2.46,8800
TLAB,20120124,4.16,4.41,4.1,4.37,5915200
TLF,20120124,5,5,5,5,6900
TMNG,20120124,1.99,1.99,1.99,1.99,800
TNAV,20120124,7.91,8.07,7.76,7.83,88200
TNGO,20120124,15.21,15.5,15.19,15.33,100000
TOFC,20120124,8.75,8.8,8.69,8.8,1100
TOPS,20120124,1.72,1.72,1.7,1.7,1800
TORM,20120124,15.41,15.59,15.41,15.59,400
TOWN,20120124,13.03,13.34,12.97,13.32,48200
TPGI,20120124,3.22,3.25,3.21,3.24,22100
TQNT,20120124,5.75,5.85,5.7,5.8,3364900
TQQQ,20120124,41.06,41.715,40.835,41.36,500100
TRAK,20120124,27.11,27.94,27.04,27.91,174500
TREE,20120124,5.5,5.63,5.49,5.63,4300
TRGT,20120124,5.8,5.89,5.7,5.83,189200
TRIB,20120124,10.2,10.3,10.2,10.29,72200
TRIP,20120124,30.14,30.75,29.97,30.69,1299000
TRIT,20120124,7.55,7.55,6.66,7,101300
TRLG,20120124,34.07,34.26,33.72,34.15,191100
TRMB,20120124,21.985,22.53,21.935,22.505,624600
TRMD,20120124,7.3,7.3,7.3,7.3,700
TRMK,20120124,25.38,25.7,25.2,25.66,327900
TRNS,20120124,10.37,11.5,10.37,11.5,4900
TRNX,20120124,20.22,20.41,19.86,20,65600
TROW,20120124,59.78,60.7,59.4,60.54,1258300
TRS,20120124,19.31,19.8,19.31,19.8,54700
TRST,20120124,5.64,5.75,5.53,5.61,625200
TSBK,20120124,4.1,4.79,4.09,4.39,19300
TSCO,20120124,80.15,80.83,80.1,80.7,420000
TSEM,20120124,10.35,10.5,10.35,10.5,411500
TSLA,20120124,26.63,27.68,26.44,27.42,857900
TSON,20120124,2.01,2.32,1.95,2.26,132000
TSPT,20120124,8,8.42,7.99,8.18,114000
TSRA,20120124,18.64,19,18.45,18.66,354800
TSRI,20120124,4.14,4.14,4.11,4.13,500
TSRX,20120124,5.61,5.75,5.5,5.73,124400
TST,20120124,1.97,2.03,1.95,2.02,172800
TSTC,20120124,3.48,3.54,3.41,3.5,49100
TSYS,20120124,2.26,2.33,2.26,2.3,275100
TTEC,20120124,16.26,16.96,16.26,16.91,127100
TTEK,20120124,22.25,22.86,22.25,22.79,229900
TTGT,20120124,6.66,6.75,6.56,6.75,22700
TTHI,20120124,1.56,1.56,1.5,1.5,2100
TTMI,20120124,11.97,12.11,11.85,11.97,496600
TTWO,20120124,15.09,15.48,15.08,15.4,1895600
TUES,20120124,3.25,3.3,3.19,3.23,440900
TWER,20120124,2.38,2.39,2.3,2.39,188700
TWGP,20120124,21.19,21.59,21.1,21.43,278600
TWIN,20120124,32.4,32.6,31,32.35,473400
TWMC,20120124,2.46,2.46,2.44,2.44,500
TWTC,20120124,20.06,20.07,19.7,19.97,418600
TXCC,20120124,2.77,2.78,2.6,2.73,96500
TXN,20120124,33.34,33.48,32.46,32.52,20923400
TXRH,20120124,15.26,15.4,15.13,15.25,642800
TYPE,20120124,14.69,15.15,14.47,15.05,389900
TZOO,20120124,29.54,30.48,29.25,29.79,578300
TZYM,20120124,3.39,3.57,3.35,3.35,7000
UACL,20120124,17.95,18.07,17.65,17.86,10700
UBCP,20120124,8.65,8.65,8.65,8.65,5100
UBFO,20120124,2.37,2.49,2.37,2.41,1600
UBNK,20120124,16.14,16.41,15.76,16.18,32000
UBNT,20120124,20.79,20.79,19.75,19.96,94900
UBOH,20120124,7.05,7.05,7.05,7.05,400
UBPS,20120124,6.15,6.15,6.15,6.15,0
UBSH,20120124,13.52,14.05,13.52,14,34300
UBSI,20120124,29.38,29.49,28.66,29.34,166600
UCBA,20120124,5.7,5.7,5.51,5.7,2200
UCBI,20120124,6.94,7.1,6.9,7.07,89300
UCFC,20120124,1.3,1.3,1.3,1.3,600
UCTT,20120124,7.54,7.66,7.46,7.57,94200
UEIC,20120124,18.1,18.4,17.52,18.29,43600
UEPS,20120124,9.85,10.41,9.79,10.37,164100
UFCS,20120124,19.56,19.79,19.39,19.72,36400
UFPI,20120124,33.08,33.08,31.75,31.93,159500
UFPT,20120124,14.69,14.8,14.45,14.72,8500
UG,20120124,15.93,15.93,15.93,15.93,300
UHAL,20120124,96.18,98.19,94.41,98.1,13300
ULBI,20120124,4.31,4.42,4.11,4.3,34300
ULGX,20120124,1.08,1.08,1.06,1.06,2500
ULTA,20120124,76.31,77.45,76.31,77.38,454300
ULTI,20120124,67.24,69.5,65.37,68.67,146100
ULTR,20120124,2.72,2.79,2.72,2.77,140900
UMBF,20120124,40.01,40.8,39.8,40.62,164500
UMPQ,20120124,12.62,12.91,12.58,12.85,707500
UNAM,20120124,11.64,11.73,11.61,11.64,900
UNB,20120124,19.1,19.13,19.1,19.1,800
UNFI,20120124,41.54,43.04,41.19,42.98,341200
UNIS,20120124,4.03,4.1,3.95,4.06,261200
UNTD,20120124,5.52,5.66,5.5,5.61,536700
UNTK,20120124,3.27,3.37,3.25,3.3,51800
UNTY,20120124,6.3,6.3,6.3,6.3,0
UNXL,20120124,5.2,5.36,4.93,4.94,12700
UPI,20120124,4.19,4.33,4.14,4.24,64600
URBN,20120124,25.74,26.62,25.57,26.61,3337300
URRE,20120124,11.3,11.5,10.1,10.7,1888100
USAK,20120124,8.1,8.18,8.1,8.16,4400
USAP,20120124,38.84,40.55,37.6,40.28,34700
USAT,20120124,1.14,1.16,1.12,1.15,153000
USATP,20120124,16.65,16.65,16.65,16.65,0
USATZ,20120124,0.56,0.6,0.55,0.6,3700
USBI,20120124,6.39,7.92,6.14,7.02,9700
USCR,20120124,3.5,3.5,3.49,3.5,2700
USEG,20120124,3.31,3.35,3.22,3.34,88400
USLM,20120124,61.64,62.14,61.05,62,4000
USMO,20120124,14.23,14.3,14.12,14.22,115200
USTR,20120124,33.04,33.5,32.89,33.49,122100
UTEK,20120124,27.79,28.07,27.75,27.89,157200
UTHR,20120124,48.22,49.16,46.12,48.09,3732000
UTIW,20120124,15.27,15.59,15.27,15.36,255800
UTMD,20120124,29.38,29.49,29.29,29.29,2200
UTSI,20120124,3.9,3.93,3.84,3.84,86600
UVSP,20120124,15,15.2,14.92,14.98,25600
VALU,20120124,10.42,10.73,10.29,10.51,63800
VALV,20120124,0.82,0.85,0.75,0.78,110300
VASC,20120124,11.16,11.3,11.03,11.25,41500
VBFC,20120124,2.03,2.6,2,2.33,79500
VCBI,20120124,7.73,8.17,7.53,8.08,70000
VCIT,20120124,82.78,82.89,82.65,82.89,129100
VCLK,20120124,16.91,17.02,16.75,16.96,497500
VCLT,20120124,86,86.12,85.5,85.99,67400
VCSH,20120124,78.5,78.53,78.43,78.52,204400
VDSI,20120124,8.03,8.28,8.03,8.26,111900
VECO,20120124,24.23,24.8,23.96,24.44,1527800
VELT,20120124,8.87,9,8.58,8.9,168700
VGIT,20120124,65.31,65.32,65.24,65.26,8800
VGLT,20120124,72.93,72.93,72.37,72.66,9500
VGSH,20120124,60.97,60.99,60.93,60.94,16000
VIA,20120124,53.8,54.15,53.64,54.12,3800
VIAB,20120124,47.39,48.12,47.22,48,4630000
VIAS,20120124,17.14,17.14,17.04,17.14,1900
VICL,20120124,3.39,3.46,3.25,3.42,1764500
VICR,20120124,7.96,8.11,7.88,8.05,103400
VIDE,20120124,6.12,6.14,6,6.1,5300
VIFL,20120124,5.15,5.23,5.14,5.2,2500
VIMC,20120124,1.47,1.5,1.39,1.4,6600
VIRC,20120124,1.65,1.65,1.6,1.6,12600
VISN,20120124,29.4,32,29.4,31.4,243800
VITC,20120124,6.6,6.61,6.42,6.5,85400
VIVO,20120124,19.43,20,19.43,19.81,146300
VLCCF,20120124,14.92,14.92,14.8,14.9,109500
VLGEA,20120124,30.64,32.5,30.56,31.93,40900
VLTR,20120124,29.66,31,29.66,30.77,841600
VLYWW,20120124,1.91,1.91,1.91,1.91,0
VMBS,20120124,52.02,52.07,51.95,51.99,39600
VMED,20120124,23.4,23.85,23.3,23.79,2892500
VNDA,20120124,4.76,5.05,4.72,5,121300
VNET,20120124,10.42,10.49,10.18,10.45,128900
VNQI,20120124,44.06,44.29,43.98,44.28,40600
VOCS,20120124,20.09,20.69,20.09,20.59,111800
VOD,20120124,27.4,27.66,27.37,27.66,7715800
VOLC,20120124,27.04,27.51,26.94,27.3,517300
VONE,20120124,59.8,60.05,59.67,60.01,32700
VONG,20120124,62.17,62.36,62.17,62.36,4200
VONV,20120124,57.61,57.9,57.5,57.84,5700
VOXX,20120124,12.81,13.03,12.68,13,233600
VPFG,20120124,13.57,13.85,13.48,13.8,57900
VPHM,20120124,29.04,29.74,28.75,29.51,1083900
VPRT,20120124,29.97,30.9,29.66,30.47,687700
VRA,20120124,33.43,35.12,33.43,34.5,505100
VRML,20120124,1.66,1.66,1.49,1.59,47400
VRNM,20120124,2.67,2.7,2.61,2.67,22300
VRNT,20120124,28.39,28.76,28.18,28.67,172500
VRSK,20120124,39.66,40.39,39.66,39.98,665900
VRSN,20120124,36.05,36.57,35.88,36.52,1142700
VRTA,20120124,1.06,1.14,1.06,1.14,3000
VRTB,20120124,1.1,1.15,1.1,1.15,2100
VRTS,20120124,78.93,80.21,78.93,79.9,23700
VRTU,20120124,15.66,16.09,15.52,15.86,42500
VRTX,20120124,35.8,35.91,34.91,34.99,3308800
VSAT,20120124,47.34,48,46.96,47.67,170800
VSBN,20120124,9.86,9.86,9.85,9.85,800
VSCI,20120124,1.8,1.8,1.78,1.8,1500
VSCP,20120124,0.93,0.97,0.91,0.95,8500
VSEC,20120124,24.2,24.2,23.98,24.07,10500
VTHR,20120124,59.83,60.15,59.83,60.1,2000
VTNC,20120124,6.69,6.86,6.65,6.83,27300
VTSS,20120124,2.99,2.99,2.85,2.91,83100
VTUS,20120124,8.14,9,8.14,8.89,43000
VTWG,20120124,64.15,64.99,63.99,64.88,8400
VTWO,20120124,61.36,62.22,61.36,62.21,10100
VTWV,20120124,59.49,59.54,59.49,59.54,600
VVTV,20120124,1.53,1.65,1.53,1.62,154600
VVUS,20120124,11.95,12,11.7,11.86,1192300
VXUS,20120124,43.31,43.49,43.08,43.47,83200
VYFC,20120124,5.41,7.62,5.41,6,2600
WABC,20120124,44.66,45.53,44.04,45.43,172300
WAFD,20120124,15.5,15.86,15.38,15.69,739900
WASH,20120124,23.75,24.18,23.55,24.05,24200
WAVX,20120124,2.46,2.5,2.42,2.5,213300
WAYN,20120124,8.1,8.1,7.93,8,6300
WBCO,20120124,12.16,12.19,11.99,12.13,20400
WBKC,20120124,14.25,14.25,14.11,14.13,3400
WBMD,20120124,26.52,26.74,26.14,26.65,1157200
WBSN,20120124,18.69,19.25,18.51,19.21,230900
WCRX,20120124,16.96,17.05,16.41,16.47,2252800
WDC,20120124,36.03,37.85,35.92,36.88,13129100
WDFC,20120124,42.47,42.99,42.04,42.79,39400
WEBM,20120124,5.25,5.32,4.34,4.69,94900
WEN,20120124,5.15,5.28,5.13,5.27,3499700
WERN,20120124,25.32,25.49,24.91,25.49,225800
WETF,20120124,6.24,6.29,6.11,6.24,80500
WEYS,20120124,23.79,24.32,23.75,24.26,14300
WFD,20120124,7.78,8.25,7.77,8.2,74100
WFM,20120124,75.88,77.36,75.76,77.31,1220000
WIBC,20120124,3.73,3.76,3.66,3.67,363800
WIFI,20120124,7.95,8.06,7.9,7.99,52600
WILC,20120124,4.6,4.6,4.53,4.55,15600
WILN,20120124,5.45,5.52,5.38,5.45,15900
WIN,20120124,12.18,12.2,12,12.12,6603700
WINA,20120124,65,65,64.02,64.45,10500
WIRE,20120124,26.29,27.38,26.26,27.2,68100
WLB,20120124,12.07,12.07,11.33,11.37,26000
WLBPZ,20120124,25,25,25,25,0
WLDN,20120124,3.81,3.81,3.81,3.81,1000
WLFC,20120124,13.22,13.48,13.22,13.38,7000
WMAR,20120124,11.66,12.04,11.64,12,19800
WMGI,20120124,16.48,16.75,16.46,16.6,163100
WOOD,20120124,40,40.27,39.96,40.23,11900
WOOF,20120124,21.97,22.37,21.76,22.27,598100
WPCS,20120124,1.74,1.76,1.62,1.76,3800
WPPGY,20120124,58.05,58.55,57.84,58.37,53700
WPRT,20120124,35.73,38.13,35.51,38.06,2976000
WRES,20120124,3.09,3.15,3.03,3.15,187800
WRLD,20120124,68.69,72.12,68.65,71.67,186100
WRLS,20120124,7.91,8.03,7.9,7.99,32800
WSB,20120124,2.6,2.6,2.6,2.6,0
WSBC,20120124,21.17,21.48,21.08,21.24,121500
WSBF,20120124,1.85,1.97,1.85,1.92,3100
WSCI,20120124,4.74,4.75,4.66,4.74,2400
WSFS,20120124,40.55,40.62,40,40.41,22900
WSTG,20120124,12.14,12.16,12,12.16,2000
WSTL,20120124,2.38,2.47,2.33,2.45,167500
WTBA,20120124,9.72,9.91,9.66,9.9,20000
WTFC,20120124,30.96,31.58,30.85,31.4,374000
WTFCW,20120124,14,14,14,14,0
WVFC,20120124,8.53,8.53,8.53,8.53,100
WVVI,20120124,3.1,3.2,3.1,3.16,4000
WWD,20120124,44.78,45.8,41.5,42.72,1468800
WWWW,20120124,12.46,12.92,12.35,12.91,166800
WYNN,20120124,116.78,119.31,115.76,118.47,2499300
XBKS,20120124,3.81,3.81,3.81,3.81,0
XIDE,20120124,3.13,3.2,3.06,3.2,645900
XLNX,20120124,35.51,36.15,35.41,36.06,3215600
XNPT,20120124,4.27,4.37,4.21,4.35,140700
XOMA,20120124,1.66,1.66,1.56,1.57,233100
XRAY,20120124,37.7,38.47,37.6,38.07,871900
XRTX,20120124,15.66,15.99,15.64,15.79,183000
XTEX,20120124,17.1,17.27,17.05,17.23,94000
XTXI,20120124,13.39,13.45,13.01,13.02,226100
XWES,20120124,4.1,4.1,3.91,3.91,22000
XXIA,20120124,11.87,12.38,11.8,12.33,232600
YAVY,20120124,2,2,1.94,1.95,6200
YHOO,20120124,15.57,15.81,15.55,15.69,17152100
YNDX,20120124,18.33,18.83,18.33,18.72,779100
YORW,20120124,17.67,17.89,17.6,17.89,18500
YRCW,20120124,13.5,14.19,12.89,13.91,398300
Z,20120124,27.81,28.36,27.27,27.37,146200
ZAGG,20120124,8.97,8.97,8.58,8.8,874300
ZBRA,20120124,37.24,37.5,37.13,37.28,88000
ZEUS,20120124,24.63,25.56,24.63,25.49,34100
ZGNX,20120124,2.42,2.48,2.33,2.48,281600
ZHNE,20120124,1.04,1.07,1,1.03,58600
ZIGO,20120124,16.86,17.23,16.78,17.1,40700
ZINC,20120124,10.95,11.16,10.67,11.13,271200
ZION,20120124,17.1,17.55,16.69,17.15,10054200
ZIONW,20120124,3.4,3.4,3.15,3.3,160800
ZIOP,20120124,5.04,5.17,5.04,5.11,844000
ZIPR,20120124,1.09,1.15,1.09,1.15,6400
ZIXI,20120124,3.12,3.14,3.1,3.1,229200
ZLCS,20120124,1.14,1.16,1.13,1.15,243300
ZLTQ,20120124,11.99,12.2,11.48,11.64,143200
ZN,20120124,2.42,2.5,2.42,2.5,48100
ZNGA,20120124,9.06,9.9,9.01,9.71,11583500
ZOLT,20120124,8.36,8.46,8.23,8.41,175000
ZOOM,20120124,1.24,1.29,1.2,1.23,103700
ZUMZ,20120124,29.13,29.58,28.84,29.34,312700
