<ticker>,<date>,<open>,<high>,<low>,<close>,<vol>
AACC,20110919,3.91,4.03,3.8,3.89,4700
AAME,20110919,1.99,1.99,1.82,1.98,2700
AAON,20110919,17.11,17.11,16.3,16.66,39500
AAPL,20110919,397,413.23,395.2,411.63,29423500
AAWW,20110919,46,46.3,44.92,45.8,146700
AAXJ,20110919,51.91,52.28,51.51,52.07,167200
ABAX,20110919,24.96,25.27,24.59,25.07,127800
ABCB,20110919,9.06,9.12,8.91,8.93,26400
ABCD,20110919,3,3.08,3,3.02,72800
ABCO,20110919,30.455,31.19,30.115,30.93,49900
ABFS,20110919,20.46,20.7,19.83,20.25,414000
ABIO,20110919,7.68,7.86,7.5,7.74,21900
ABMD,20110919,11.84,12.09,11.56,11.58,115100
ABTL,20110919,4.35,4.5,4.3,4.4,44900
ACAD,20110919,1.37,1.42,1.29,1.3,328100
ACAS,20110919,8.6,8.67,8.45,8.55,2519500
ACAT,20110919,16.33,16.34,15.53,15.67,136200
ACCL,20110919,6.23,6.23,5.98,6.11,196200
ACET,20110919,5.65,5.84,5.55,5.71,97500
ACFC,20110919,2.55,2.65,2.47,2.47,3400
ACFN,20110919,5.65,5.75,5.5,5.72,81200
ACGL,20110919,32.89,33.28,32.79,32.85,702300
ACHN,20110919,5.64,5.66,5.44,5.48,367800
ACIW,20110919,29.69,30.36,29.49,30.07,298800
ACLS,20110919,1.36,1.4,1.35,1.36,294300
ACNB,20110919,14.05,14.05,14.05,14.05,0
ACOR,20110919,23.06,23.34,22.64,22.84,343600
ACPW,20110919,7.5,7.55,7,7.2,538700
ACRX,20110919,3.25,3.4,3.25,3.4,6500
ACTG,20110919,45.5,47.24,44.72,46.47,411200
ACTS,20110919,1.9,1.9,1.86,1.86,18000
ACUR,20110919,3.1,3.12,3,3.08,36200
ACWI,20110919,41.38,42,41.21,41.8,362800
ACWX,20110919,36.93,37.18,36.65,36.98,141500
ACXM,20110919,10.62,10.65,10.22,10.43,1152500
ADAT,20110919,1.96,2.02,1.9,1.98,72600
ADBE,20110919,25.22,25.51,24.84,25.27,7671200
ADEP,20110919,3.94,3.95,3.5,3.86,19100
ADES,20110919,14.08,15.48,13.96,13.99,9400
ADI,20110919,34.54,34.75,33.88,34.59,3553700
ADP,20110919,50.09,50.87,49.9,50.63,2613800
ADRA,20110919,23.48,23.58,23.37,23.5,5100
ADRD,20110919,18.03,18.29,18.03,18.29,37900
ADRE,20110919,39.21,39.59,39.04,39.47,43400
ADRU,20110919,17.7,17.79,17.6,17.78,7500
ADSK,20110919,28.96,29.04,28.32,28.79,3067100
ADTN,20110919,31.03,31.61,30.63,31.31,483400
ADUS,20110919,4.6,4.69,4.51,4.52,18900
ADVS,20110919,22.87,23.21,22.46,22.95,195500
AEGR,20110919,14.51,15,14.5,14.8,19700
AEHR,20110919,1.05,1.05,1.05,1.05,3000
AEIS,20110919,10.4,10.41,9.77,9.95,392100
AEPI,20110919,24.41,24.82,24.28,24.59,7700
AERL,20110919,6.86,7,6.8,6.85,43200
AETI,20110919,3.54,3.6,3.54,3.6,2000
AEY,20110919,2.16,2.23,2.16,2.23,3700
AEZS,20110919,11.1,11.16,10.56,10.68,1533000
AFAM,20110919,18.15,18.4,17,17.14,164600
AFCB,20110919,12.56,12.6,12.56,12.6,1600
AFCE,20110919,12.65,12.98,12.56,12.77,43400
AFFX,20110919,5.31,5.5,5.16,5.4,710800
AFFY,20110919,4.45,4.46,4.3,4.36,212800
AFOP,20110919,7.68,8,7.68,7.95,7500
AFSI,20110919,22.48,22.68,22.13,22.36,233900
AGEN,20110919,0.55,0.67,0.55,0.62,630300
AGII,20110919,27.37,27.73,27.19,27.41,71300
AGNC,20110919,29.5,29.61,29.4,29.49,7371500
AGYS,20110919,9.13,9.2,8.82,9.03,193600
AHGP,20110919,46.61,47.9,46.32,47.71,59700
AHPI,20110919,3.95,3.99,3.95,3.96,1300
AIMC,20110919,13.57,13.69,13.15,13.51,109400
AINV,20110919,8.19,8.27,7.98,8.07,3467500
AIRM,20110919,20.4233,21.0533,19.9567,20.23,110900
AIRT,20110919,7.71,7.74,7.71,7.71,22800
AIXG,20110919,16.37,16.6,16.18,16.47,572300
AKAM,20110919,22.32,22.45,21.91,22.24,2596700
AKRX,20110919,8.92,9.34,8.65,9.19,1401300
ALCO,20110919,19.97,20.5,19.97,20.5,3200
ALGN,20110919,16.73,16.94,16.39,16.64,442100
ALGT,20110919,46.57,47.89,46.18,47.06,149100
ALIM,20110919,7.62,7.95,7.52,7.88,28100
ALKS,20110919,16.31,16.49,15.99,16.32,415400
ALLB,20110919,10.45,10.45,10.45,10.45,0
ALLT,20110919,12.6,12.75,12.07,12.44,142300
ALNY,20110919,7.32,7.46,6.9,6.97,188500
ALOG,20110919,45.01,45.79,44.34,44.98,112400
ALOT,20110919,7.08,7.14,7.07,7.14,2300
ALSK,20110919,7.1,7.15,6.9,7.06,733200
ALTE,20110919,19.19,19.27,18.78,18.92,235000
ALTI,20110919,1.08,1.1,1.08,1.08,65100
ALTR,20110919,37.64,38.15,37.29,38.01,4589200
ALVR,20110919,11.4,11.8,11.3,11.6,136100
ALXA,20110919,12.1,12.8,12.1,12.8,169400
ALXN,20110919,61.57,64.39,61,63.85,1384100
AMAG,20110919,14.11,14.27,13.84,14.07,261700
AMAP,20110919,14.82,15.16,14.41,14.49,39600
AMAT,20110919,11.2,11.3,11.1,11.23,13677900
AMBT,20110919,6.06,7,6.06,6.8,4600
AMCC,20110919,5.7,5.75,5.54,5.61,486600
AMCF,20110919,1.61,2,1.6,1.75,31000
AMCN,20110919,2.53,2.67,2.52,2.61,83300
AMCX,20110919,35.66,36.92,35.04,36.46,100200
AMED,20110919,16,16.02,15.07,15.16,426500
AMGN,20110919,56.12,56.91,55.91,56.53,4541300
AMIC,20110919,5.79,5.79,5.79,5.79,0
AMKR,20110919,4.64,4.74,4.57,4.7,3025200
AMNB,20110919,18.85,19.05,18.5,19.05,12200
AMOT,20110919,5.25,5.29,5.25,5.27,1500
AMOV,20110919,23.52,24.06,23.52,24.06,1400
AMPE,20110919,9.04,9.15,8.73,8.84,52100
AMRB,20110919,4.86,5.09,4.82,4.98,5000
AMRI,20110919,3.26,3.32,3.2,3.21,91100
AMRN,20110919,10.06,10.59,10.06,10.44,1261800
AMRS,20110919,19.51,20.24,19.29,19.92,245100
AMSC,20110919,5.28,5.49,5.13,5.23,1699600
AMSF,20110919,20.01,20.07,19.4,19.71,34300
AMSG,20110919,21.96,22.04,21.61,21.7,129500
AMSWA,20110919,7.49,7.95,7.37,7.83,131000
AMWD,20110919,13.69,13.69,12.9,12.9,7800
AMZN,20110919,237.11,244,232.88,241.69,8223200
ANAC,20110919,6.02,6.47,6.02,6.35,53800
ANAD,20110919,2.56,2.56,2.43,2.51,287700
ANAT,20110919,70.81,71.33,70.2,70.51,15000
ANCB,20110919,6.4,6.47,6.4,6.45,700
ANCI,20110919,2.07,2.1,2.07,2.1,1900
ANCX,20110919,8,8.22,8,8.18,3100
ANDE,20110919,38.66,39.18,38.26,38.75,110300
ANEN,20110919,19.98,20.25,19.9,20.03,69600
ANGO,20110919,13.72,13.72,13.44,13.52,41600
ANIK,20110919,5.64,5.8,5.62,5.75,15800
ANLY,20110919,3.45,3.58,3.43,3.45,16800
ANSS,20110919,52.82,54.14,52.3,53.73,457100
ANTH,20110919,4.75,5.06,4.75,4.9,173000
ANTP,20110919,2.44,2.63,2.31,2.36,1400
AOSL,20110919,8.27,8.28,8.07,8.17,28400
APAGF,20110919,75.57,75.57,73.63,74.55,20200
APEI,20110919,37.89,38.74,37.47,38.33,127500
APFC,20110919,7.09,7.19,6.91,7,700
APOG,20110919,9,9.02,8.68,8.86,152500
APOL,20110919,46.52,46.85,45.03,45.63,1354000
APPY,20110919,18.9,21.3,18.9,20.34,14200
APRI,20110919,4,4.14,3.88,4.09,129800
APSA,20110919,15.8,17.7,15.05,17.7,11500
APWC,20110919,3.5,3.5,3.45,3.45,4900
ARAY,20110919,5,5.12,4.89,4.91,901600
ARCC,20110919,14.11,14.25,13.88,14.1,1298400
ARCI,20110919,4.62,4.62,4.62,4.62,700
ARCP,20110919,11.88,12.11,11.11,11.5,14600
ARCW,20110919,3.1,3.1,3.1,3.1,500
ARDNA,20110919,86.34,86.34,80.61,80.61,300
AREX,20110919,20.57,21.96,19.96,21.41,620500
ARIA,20110919,10.03,10.48,9.96,10.28,3259100
ARII,20110919,17.42,17.64,17.02,17.36,33500
ARKR,20110919,13.66,13.79,13.59,13.59,1400
ARLP,20110919,69.75,71.86,69.06,71.85,55400
ARMH,20110919,27.5,28.5,27.4,28.24,4995300
ARNA,20110919,1.57,1.57,1.41,1.45,2427100
AROW,20110919,23.43,23.79,23.18,23.35,21000
ARQL,20110919,4.85,5.02,4.81,4.96,245200
ARRS,20110919,11.09,11.34,10.96,11.17,889100
ARRY,20110919,2.09,2.27,2.09,2.23,336700
ARTC,20110919,31.16,31.2,30.54,30.95,138200
ARTNA,20110919,17.01,17.22,16.8,16.96,17100
ARTW,20110919,6,6.08,6,6,1300
ARTX,20110919,1.67,1.75,1.57,1.57,13700
ARUN,20110919,19.7,20.63,19.68,20.4,3131400
ARWR,20110919,0.44,0.47,0.43,0.47,34400
ASBC,20110919,10.08,10.15,9.75,9.82,1863300
ASBI,20110919,4,4,3.95,3.95,4000
ASCA,20110919,17.67,17.85,17.16,17.4,247100
ASCMA,20110919,43.18,43.38,42.31,43.29,28700
ASEI,20110919,63.99,65.31,63.25,65.02,47300
ASFI,20110919,8.08,8.3,8.08,8.3,35600
ASIA,20110919,10.66,10.88,8.94,9.25,1798300
ASMI,20110919,25.52,25.86,25.2,25.74,25100
ASML,20110919,36.01,36.53,35.81,36.01,5062200
ASNA,20110919,13.345,13.665,13.17,13.505,472500
ASPS,20110919,36.14,37.19,36.14,37.05,60400
ASRV,20110919,1.9,1.9,1.88,1.88,800
ASRVP,20110919,25.2,25.2,25.2,25.2,0
ASTC,20110919,0.76,0.76,0.7,0.72,35000
ASTE,20110919,32.88,33.64,32.61,33.3,50800
ASTI,20110919,0.92,0.92,0.82,0.87,158600
ASTM,20110919,2.59,2.73,2.55,2.59,429700
ASTX,20110919,2.13,2.19,2.08,2.1,251700
ASUR,20110919,2.24,2.28,2.22,2.28,900
ASYS,20110919,10.79,11.03,10.45,10.49,156800
ATAI,20110919,9.48,10,9.36,9.91,37600
ATAX,20110919,5.35,5.4,5.35,5.4,32000
ATEA,20110919,2.8,2.81,2.66,2.73,4800
ATEC,20110919,2.54,2.61,2.47,2.56,142000
ATHN,20110919,67.58,72.7,67.1,69.25,2112900
ATHX,20110919,1.91,1.97,1.88,1.92,49900
ATLO,20110919,15.32,15.93,15.08,15.41,4500
ATMI,20110919,17.57,17.69,17.24,17.35,84000
ATML,20110919,10.31,10.44,10.07,10.29,6955300
ATNI,20110919,31.55,32.06,30.93,31.23,18700
ATNY,20110919,4.75,4.88,4.75,4.85,12500
ATRC,20110919,10.06,11,9.6,10.79,118800
ATRI,20110919,200,202.47,198.41,199.23,700
ATRM,20110919,1.37,1.37,1.32,1.32,1500
ATRO,20110919,28.49,29.61,28.49,29.2,24400
ATSG,20110919,5.11,5.14,5.01,5.07,277300
ATVI,20110919,11.99,12.1,11.86,12.04,5452400
ATX,20110919,10,10.26,9.91,10.1,24500
AUBN,20110919,19.48,19.48,19.48,19.48,0
AUDC,20110919,3.53,3.6,3.46,3.5,87700
AUXL,20110919,16.16,16.33,15.65,16,538100
AVAV,20110919,29.5,29.92,29.01,29.68,144900
AVEO,20110919,15.98,16.91,15.98,16.7,208900
AVGO,20110919,35.99,37.99,35.41,37.35,4114800
AVID,20110919,9.19,9.26,8.98,9.09,201700
AVNR,20110919,2.9,2.98,2.88,2.91,2016100
AVNW,20110919,2.62,2.84,2.62,2.68,319100
AWAY,20110919,41.44,42.94,41,41.31,64700
AWRE,20110919,3.12,3.16,2.97,3,12500
AXAS,20110919,3.36,3.48,3.31,3.38,1467500
AXFN,20110919,19.2,19.21,19.2,19.2,400
AXTI,20110919,6.07,6.07,5.91,5.94,447300
AZPN,20110919,17.21,17.8,16.82,17.66,800200
BABY,20110919,10.21,10.35,9.97,10.21,228000
BAGL,20110919,13.17,13.46,13.08,13.26,12900
BAMM,20110919,2.76,2.76,2.63,2.66,10200
BANC,20110919,11.72,11.84,11.51,11.65,34000
BANF,20110919,34.09,34.4,33.25,34.05,27200
BANFP,20110919,27,27.02,27,27,2500
BANR,20110919,14.76,14.9,14.31,14.67,95000
BASI,20110919,1.61,1.61,1.6,1.6,1800
BBBY,20110919,59.78,60.41,59.27,59.86,3574200
BBEP,20110919,18.3,18.69,18.1,18.54,217900
BBGI,20110919,3.99,3.99,3.89,3.94,1700
BBNK,20110919,9.44,10.02,9.44,9.82,371500
BBOX,20110919,23.64,24.02,23.31,23.82,43200
BBRG,20110919,16.3,17.17,16.29,16.9,62800
BBRY,20110919,23.51,24.35,23.33,23.72,26250500
BBSI,20110919,14.36,14.7,14.32,14.63,11800
BCBP,20110919,9.75,10,9.47,9.5,1800
BCOM,20110919,16.87,16.87,16.87,16.87,0
BCPC,20110919,40.3,41,39.51,40.64,163800
BCRX,20110919,2.84,2.95,2.81,2.88,106000
BCSB,20110919,11.76,11.76,11.76,11.76,0
BDE,20110919,7.64,7.64,7.16,7.3,26300
BDGE,20110919,19.18,19.3,18.61,19.05,7200
BDMS,20110919,16.73,16.96,16.73,16.84,700
BDSI,20110919,3.12,3.2,3.1,3.16,119700
BEAT,20110919,2.95,3.02,2.88,2.99,38800
BEAV,20110919,33.1,34.23,32.4,34.05,1774000
BEBE,20110919,7.35,7.55,7.22,7.52,588600
BECN,20110919,18.15,18.15,17.74,17.93,320500
BELFA,20110919,18.11,18.44,17.29,17.89,5200
BELFB,20110919,16.86,17.16,15.51,16.22,21100
BERK,20110919,7.3,7.3,6.38,6.38,3800
BFIN,20110919,7.26,7.31,7.07,7.23,18600
BFLY,20110919,2.59,2.64,2.34,2.4,42500
BGCP,20110919,6.73,6.79,6.55,6.57,1012400
BGFV,20110919,6.68,6.9,6.65,6.79,88500
BGMD,20110919,3.68,4.31,3.67,3.83,22100
BIB,20110919,30.15,31.085,29.925,30.985,4400
BICK,20110919,25.06,25.06,24.75,25.02,5100
BIDU,20110919,144.96,146.5,142.02,145.64,6196200
BIIB,20110919,99.6,100.4,98.43,99.48,1853000
BIOD,20110919,4.88,4.88,4.72,4.8,300600
BIOF,20110919,5.8,5.8,5.4,5.4,74300
BIOS,20110919,5.85,6.15,5.77,6.04,162000
BIRT,20110919,5.76,6.19,5.76,6.08,300200
BIS,20110919,40.88,41.53,39.65,40.08,2100
BJRI,20110919,45.09,47.15,45.02,46.63,219300
BKCC,20110919,8.31,8.45,8.12,8.26,369300
BKEP,20110919,7.75,7.82,7.48,7.75,79300
BKMU,20110919,2.91,2.91,2.8,2.83,72900
BKOR,20110919,2.9,2.9,2.9,2.9,0
BKSC,20110919,9.45,9.46,9.45,9.45,1000
BKYF,20110919,19.92,19.92,19.54,19.71,5300
BLDP,20110919,1.4,1.44,1.37,1.43,90100
BLDR,20110919,1.67,1.68,1.6,1.64,228500
BLIN,20110919,0.68,0.75,0.68,0.7,10300
BLKB,20110919,24.46,24.91,24.21,24.58,147200
BLRX,20110919,3.48,3.56,3.35,3.35,2500
BMC,20110919,41.6,42.05,41.09,41.85,1452700
BMRC,20110919,33.66,34.34,33.56,33.86,9000
BMRN,20110919,30.24,31.87,30.22,31.54,946400
BMTC,20110919,18.07,18.29,17.85,17.9,19500
BNCL,20110919,7.88,8,7.77,7.9,77700
BNCN,20110919,6.97,6.97,6.76,6.85,2300
BNSO,20110919,1.62,1.62,1.52,1.58,1300
BOBE,20110919,29.25,30.24,28.99,29.89,363300
BOCH,20110919,3.3,3.35,3.3,3.31,14600
BODY,20110919,19.47,20.16,18.28,19.72,145700
BOFI,20110919,13.68,13.95,13.54,13.65,10200
BOKF,20110919,47.7,48.57,47.44,47.49,93100
BOLT,20110919,12.13,12.13,11.65,11.77,8100
BONA,20110919,4.6,4.63,4.45,4.47,100400
BONT,20110919,6.41,6.49,6.11,6.4,144400
BOOM,20110919,17.82,18.25,17.52,17.89,43600
BOSC,20110919,5,5.48,4.8,5.48,4800
BPAX,20110919,16.08,17.04,16.02,16.8,1755300
BPFH,20110919,6.22,6.27,6.06,6.22,493900
BPFHW,20110919,1.79,1.79,1.79,1.79,0
BPHX,20110919,0.65,0.67,0.6,0.67,30700
BPOP,20110919,16.8,17.2,16.5,16.6,6133900
BPOPM,20110919,17.01,17.01,17,17,1700
BPOPN,20110919,18.08,18.28,18.05,18.2,10000
BRCD,20110919,4.16,4.29,4.08,4.22,8948500
BRCM,20110919,35.58,35.93,34.72,35.71,7362100
BRID,20110919,9.15,9.27,9.15,9.27,300
BRKL,20110919,8.27,8.31,8.07,8.13,335500
BRKR,20110919,14.03,14.21,13.78,14.03,847800
BRKS,20110919,9.08,9.08,8.73,8.9,198600
BRLI,20110919,18.96,18.98,18.42,18.52,251200
BSDM,20110919,2.91,2.96,2.85,2.87,25000
BSET,20110919,7.24,7.29,7.09,7.26,3900
BSFT,20110919,34.24,34.33,32.59,34.07,980800
BSPM,20110919,2.88,2.94,2.73,2.73,147700
BSQR,20110919,5.35,5.51,5.15,5.37,35300
BSRR,20110919,9.36,9.98,8.98,9.12,61100
BSTC,20110919,17.48,17.68,17.31,17.37,4100
BTUI,20110919,5.1,5.1,4.83,5.01,1300
BUSE,20110919,4.51,4.52,4.37,4.44,115200
BVSN,20110919,8.55,8.55,8.37,8.45,22600
BWEN,20110919,4.4,4.5,4.1,4.2,761900
BWINA,20110919,24.43,24.43,24.43,24.43,0
BWINB,20110919,22.12,22.34,21.57,21.63,5500
BWLD,20110919,63.27,65.08,63,64.58,366400
BYFC,20110919,1.3,1.3,1.3,1.3,0
CA,20110919,20.93,21.35,20.85,21.22,2831800
CAAS,20110919,5.06,5.4,4.88,5.31,179200
CAC,20110919,28.92,29.04,28.05,28.13,9500
CACB,20110919,8.23,8.56,7.5,7.5,20200
CACC,20110919,63.67,64.47,62.3,63.41,59000
CACH,20110919,5.22,5.35,5.19,5.31,1400
CADC,20110919,1.85,2,1.85,1.95,41500
CADX,20110919,6.51,6.69,6.26,6.37,177300
CAFI,20110919,1.21,1.39,1.21,1.27,4500
CAKE,20110919,26.83,27.49,26.74,27.35,1001400
CALD,20110919,5.07,5.07,4.77,4.86,116300
CALI,20110919,7.62,8.22,7.5,7.92,2800
CALL,20110919,9.965,10.25,9.965,10.075,31500
CALM,20110919,32.98,33.1,32.73,32.91,93200
CAMP,20110919,3.1,3.1,3.01,3.01,44500
CAMT,20110919,2.23,2.36,2.19,2.34,65600
CAR,20110919,12.57,12.72,12.25,12.53,1980100
CARB,20110919,13.39,13.39,12.5,12.73,64100
CART,20110919,2.92,2.97,2.88,2.9,1300
CARV,20110919,0.63,0.63,0.63,0.63,4400
CARZ,20110919,23.72,24.17,23.41,24.17,800
CASH,20110919,18.77,18.77,18.25,18.61,800
CASM,20110919,2.56,2.57,2.5,2.51,11300
CASS,20110919,35.28,35.28,34,34.11,18600
CASY,20110919,47.22,47.22,46.21,46.51,367300
CATM,20110919,22.9,23.9,22.9,23.73,293700
CATY,20110919,12.24,12.51,11.97,12.25,701700
CAVM,20110919,35.7,36.32,35.14,35.64,1183100
CBAK,20110919,4.9,4.9,4.65,4.7,186200
CBAN,20110919,2.9,2.9,2.9,2.9,1100
CBEY,20110919,8.5,8.64,8.11,8.33,99500
CBIN,20110919,9.74,9.74,9.74,9.74,0
CBLI,20110919,2.96,3.08,2.95,3.06,89200
CBMX,20110919,28.2,28.9,26.6,27.5,1500
CBMXW,20110919,1.8,1.8,1.8,1.8,0
CBNJ,20110919,7.35,7.41,7.22,7.22,9900
CBNK,20110919,13.82,13.86,13.73,13.73,3300
CBOE,20110919,26.73,27.48,26.3,27.24,1026300
CBPO,20110919,7.44,7.91,7.44,7.66,2200
CBRL,20110919,41.18,42.09,41,41.72,328700
CBRX,20110919,2.41,2.46,2.32,2.36,421600
CBSH,20110919,36.79,37.01,36.25,36.55,405700
CBST,20110919,33.36,34.19,32.91,33.95,795100
CCBG,20110919,10.19,10.34,10.06,10.19,31400
CCCL,20110919,3.42,3.43,3.13,3.15,100500
CCIH,20110919,6.23,6.32,6.05,6.2,77700
CCIX,20110919,9.51,9.83,9.5,9.69,143800
CCMP,20110919,38.58,38.84,38.01,38.32,77300
CCNE,20110919,13.31,13.31,12.97,13.01,8200
CCOI,20110919,13.66,14.56,13.35,14.34,603800
CCRN,20110919,4.64,4.73,4.52,4.6,87400
CCUR,20110919,5.61,5.75,5.6,5.75,8000
CDNS,20110919,9.73,9.85,9.56,9.81,2974600
CDTI,20110919,3.63,3.85,3.63,3.65,34400
CDXS,20110919,5.32,5.32,5.12,5.12,65400
CDZI,20110919,9.64,9.97,9,9,10600
CECE,20110919,5.87,5.95,5.87,5.87,1400
CECO,20110919,16.08,16.08,15.45,15.79,428400
CEDU,20110919,5.94,5.99,5.6,5.9,17000
CELG,20110919,60.43,61.38,60.43,61.19,3239900
CELGZ,20110919,1.8,1.8,1.8,1.8,400
CENT,20110919,7.22,7.43,7.22,7.31,78500
CENTA,20110919,7.28,7.49,7.26,7.41,175400
CENX,20110919,11.17,11.3,10.8,11.19,998500
CERN,20110919,67.13,68.11,66.65,67.37,1010000
CERS,20110919,2.08,2.12,2.07,2.1,113100
CETV,20110919,10.06,10.1,9.5,9.64,573200
CEVA,20110919,28.47,29.11,28.03,28.44,203700
CFBK,20110919,4.85,4.85,4.85,4.85,0
CFFI,20110919,21.03,21.39,21.03,21.38,1800
CFFN,20110919,10.98,11.03,10.84,10.88,1213400
CFNB,20110919,16.27,16.76,16.09,16.68,700
CFNL,20110919,9.91,9.99,9.72,9.87,68300
CGEN,20110919,4.41,4.61,4.36,4.58,131700
CGNX,20110919,29.53,29.72,28.79,29.39,285800
CHCI,20110919,0.99,1.02,0.96,1,22300
CHCO,20110919,28.75,28.85,28.07,28.3,50400
CHDN,20110919,40.06,40.57,39.84,40.21,27000
CHDX,20110919,9.72,9.86,9.47,9.5,61200
CHEF,20110919,15.1,15.47,14.53,15.14,58000
CHEV,20110919,8.75,8.75,8.46,8.48,5700
CHFC,20110919,16.43,16.43,15.97,16.18,59400
CHFN,20110919,8.21,8.49,8.2,8.35,11100
CHKE,20110919,13.17,13.17,12.59,12.78,23600
CHKP,20110919,56.99,57.87,55.74,57.59,1259200
CHLN,20110919,1.28,1.38,1.25,1.37,101400
CHNR,20110919,10.53,11.29,10.2,11.29,9100
CHOP,20110919,3.5,3.54,3.34,3.39,76700
CHRM,20110919,9.26,9.55,9.25,9.5,52900
CHRW,20110919,69.52,70.42,68.88,70.04,872400
CHSCP,20110919,28.18,28.31,28.02,28.02,5000
CHTP,20110919,4.45,4.52,4.31,4.43,188200
CHTR,20110919,48.62,49.35,47.62,49.11,184200
CHYR,20110919,1.98,2.01,1.98,2,33000
CIDM,20110919,1.32,1.39,1.32,1.39,22200
CIEN,20110919,12.75,12.78,12.43,12.6,7208000
CIMT,20110919,3.94,3.94,3.72,3.82,11900
CINF,20110919,27,27.16,26.7,26.89,1713200
CISG,20110919,8.6,8.74,7.28,7.31,2092900
CITZ,20110919,4.91,4.98,4.9,4.92,3800
CIZN,20110919,18.25,18.25,18.25,18.25,0
CJJD,20110919,1.71,1.75,1.66,1.75,16100
CKEC,20110919,6.88,7.13,6.88,7.1,112200
CKSW,20110919,7.82,7.9,7.8,7.88,66300
CLBH,20110919,2.61,2.61,2.61,2.61,100
CLCT,20110919,15.64,15.71,15.23,15.56,32200
CLDX,20110919,2.73,2.83,2.62,2.8,213200
CLFD,20110919,7.11,7.23,6.89,7.1,324000
CLMS,20110919,11.39,11.39,10.84,11.01,123300
CLMT,20110919,17.54,17.85,17.5,17.67,509100
CLNE,20110919,12.69,12.97,12.6,12.74,1004800
CLNT,20110919,0.57,0.62,0.57,0.58,35000
CLRO,20110919,6.19,6.19,5.84,5.99,16200
CLSN,20110919,3,3.03,2.87,2.98,484500
CLUB,20110919,7.68,7.68,7.26,7.38,67100
CLWR,20110919,2.45,2.47,2.3,2.38,3397700
CLWT,20110919,4.95,4.95,3.575,4.4,63200
CMCO,20110919,12.88,12.88,12.22,12.47,36300
CMCSA,20110919,22.6,22.97,22.38,22.86,13747900
CMCSK,20110919,22.32,22.67,22.13,22.6,3291600
CME,20110919,267.45,269.46,261.5,265.8,416500
CMLS,20110919,2.35,2.56,2.18,2.5,1138200
CMSB,20110919,8.1,8.1,8.1,8.1,0
CMTL,20110919,28,28.38,27.8,28.09,186700
CNBC,20110919,9.19,9.43,9.16,9.16,8400
CNBKA,20110919,23.59,24.51,23.5,23.81,5700
CNET,20110919,1.46,1.46,1.46,1.46,0
CNIT,20110919,1.25,1.25,1.21,1.22,46200
CNMD,20110919,23.04,23.44,22.55,23.14,86900
CNQR,20110919,40,40.81,39.37,40.24,655900
CNSL,20110919,18.24,18.56,18.17,18.43,110700
CNTF,20110919,2.34,2.36,2.17,2.21,242600
CNTY,20110919,2.79,2.8,2.63,2.8,10000
CNYD,20110919,3.3,3.49,3.3,3.42,2600
COBK,20110919,12.47,12.5,12.3,12.31,37600
COBR,20110919,3.33,3.33,3.31,3.31,300
COBZ,20110919,4.67,4.76,4.62,4.65,76000
COCO,20110919,2.12,2.14,2,2.01,1552600
COGO,20110919,2.53,2.56,2.4,2.41,208400
COHR,20110919,43.31,45.24,43.31,44.89,286400
COHU,20110919,10.97,11.02,10.6,10.75,28900
COKE,20110919,55,55.87,54.24,55.04,19000
COLB,20110919,16.18,16.36,15.9,16.11,148900
COLM,20110919,52.26,53.55,51.44,52.48,139100
CONN,20110919,8.43,8.49,7.95,8.17,225600
COOL,20110919,2.22,2.39,2.14,2.38,1362700
CORE,20110919,33.5,33.5,32.73,32.96,25400
CORT,20110919,3.12,3.15,3.05,3.06,84100
COSI,20110919,0.64,0.66,0.64,0.64,24200
COST,20110919,83.54,85.34,83.42,85.03,2567900
COWN,20110919,3.2,3.24,3.06,3.13,137500
CPBC,20110919,4.81,4.95,4.81,4.86,1200
CPGI,20110919,1.05,1.05,0.91,0.95,47100
CPHC,20110919,9.34,9.34,9.34,9.34,0
CPHD,20110919,36.13,38.52,36.07,38.4,818200
CPIX,20110919,5.24,5.58,5.12,5.55,48000
CPLA,20110919,32,32.27,30.8,31.18,307300
CPLP,20110919,6.42,6.47,6.18,6.41,103900
CPNO,20110919,31.82,33,31.76,32.98,198000
CPRT,20110919,20.09,21.085,20.09,20.25,393200
CPRX,20110919,1.7,1.73,1.5,1.57,102700
CPSI,20110919,70.51,72.67,70.06,71.54,37600
CPSL,20110919,9.6,10.08,9.6,10.08,61800
CPSS,20110919,0.98,0.98,0.97,0.97,2100
CPST,20110919,1.12,1.13,1.1,1.12,1114000
CPTS,20110919,10.97,11.01,10.47,10.7,173900
CPWR,20110919,8.33,8.49,8.24,8.41,1630000
CRAI,20110919,20.8,21.74,20.8,21.44,31000
CRAY,20110919,5.38,5.5,5.25,5.33,121600
CRDC,20110919,2.17,2.19,2.11,2.15,81400
CRDS,20110919,5.5,5.97,5.2,5.72,7400
CREE,20110919,33.4,33.82,32.13,33.15,3582900
CREG,20110919,1,1.01,0.93,1,16000
CRESW,20110919,0.14,0.14,0.14,0.14,0
CRESY,20110919,13.71,13.71,12.76,12.99,110600
CRFN,20110919,3.45,3.61,3.45,3.51,15500
CRIS,20110919,3.17,3.3,3.14,3.18,173800
CRMB,20110919,4.1,4.25,4.08,4.17,10200
CRMBW,20110919,0.48,0.48,0.48,0.48,600
CRME,20110919,18.3,18.85,18.25,18.55,186700
CRMT,20110919,29.5,30.25,29.15,29.92,39800
CRNT,20110919,10.07,10.2,9.87,10.09,88100
CROX,20110919,27.61,28.89,27.46,28.57,2056500
CRRC,20110919,7.27,7.4,7.06,7.26,32900
CRTX,20110919,7.15,7.3,7,7.03,28600
CRUS,20110919,15.31,15.99,15.25,15.73,2116900
CRVL,20110919,44.46,44.87,44.06,44.44,20400
CRWN,20110919,1.3,1.34,1.28,1.3,68000
CRWS,20110919,4.11,4.31,4.11,4.3,800
CRZO,20110919,27.97,28.59,26.8,28.19,851700
CSBK,20110919,9.41,9.49,9.06,9.06,4300
CSCD,20110919,3.9,3.91,3.7,3.83,4900
CSCO,20110919,16.45,16.58,16.16,16.51,42149300
CSFL,20110919,5.59,5.59,5.34,5.4,47500
CSGP,20110919,53.23,54.13,52.86,54.04,144400
CSGS,20110919,13.74,13.74,13.34,13.38,156000
CSII,20110919,12.81,13.19,12.58,13.04,85800
CSIQ,20110919,4.75,4.8,4.51,4.6,852700
CSOD,20110919,12.74,13.14,12.42,12.7,208800
CSPI,20110919,3.38,3.75,3.38,3.7,600
CSRE,20110919,15.3,15.3,14.4,14.75,35800
CSTR,20110919,47.49,48,44.64,47.39,1334000
CSUN,20110919,1.44,1.44,1.15,1.4,597100
CSWC,20110919,82.58,82.67,80.11,80.56,3000
CTAS,20110919,31.07,31.41,30.69,31.01,1210100
CTBI,20110919,24.24,25.17,23.7,23.93,38200
CTCH,20110919,3.2,3.29,3.2,3.28,6500
CTCM,20110919,12.14,12.14,11.5,11.74,1014400
CTCT,20110919,18.44,18.77,17.85,18.47,292600
CTGX,20110919,11.24,11.52,11.05,11.34,42400
CTHR,20110919,2.45,2.5,2.45,2.5,700
CTIB,20110919,4.22,4.22,4.22,4.22,0
CTIC,20110919,5.6,5.75,5.5,5.6,1042600
CTRN,20110919,11.73,11.95,11.26,11.37,69600
CTRP,20110919,37.53,37.78,36.6,37.51,1604700
CTRX,20110919,28.405,28.96,28.115,28.635,339200
CTSH,20110919,64.19,64.56,63.41,64.04,2904300
CTWS,20110919,26.02,26.28,25.7,25.72,13100
CTXS,20110919,57.26,57.51,55.52,56.05,2464600
CU,20110919,33.59,33.88,32.88,33.19,33600
CUBA,20110919,6.35,6.38,6.26,6.38,28200
CUTR,20110919,7.58,7.68,7.35,7.54,15400
CVBF,20110919,8.25,8.41,8.2,8.24,476200
CVCO,20110919,36,37.2,35.58,36.61,15500
CVCY,20110919,5.9,5.9,5.88,5.9,1100
CVGI,20110919,6.94,7.08,6.73,6.9,225600
CVGW,20110919,20.16,20.31,19.42,20.05,60300
CVLT,20110919,35.34,36.71,34.79,36.24,552000
CVLY,20110919,9.79,9.9,9.79,9.9,1500
CVTI,20110919,4.87,4.91,4.65,4.65,37400
CVV,20110919,15.12,15.55,14.41,15,186400
CWBC,20110919,2.6,2.62,2.49,2.5,4400
CWCO,20110919,8.25,8.3,8.12,8.22,51200
CWEI,20110919,51.56,53.3,50.25,51.34,70900
CWST,20110919,5.88,6.03,5.73,5.84,90400
CWTR,20110919,5.6,5.6,4.92,5.2,1702000
CXDC,20110919,5.1,5.1,4.91,5.01,97100
CXPO,20110919,2.76,2.87,2.7,2.81,72600
CY,20110919,17.21,17.48,16.95,17.1,4038400
CYAN,20110919,4,4,3.86,4,3200
CYBE,20110919,7.25,7.25,6.94,7,27100
CYBX,20110919,27,27.68,26.82,27.1,143300
CYCC,20110919,4.83,5.04,4.83,4.9,126400
CYCCP,20110919,2.99,2.99,2.99,2.99,0
CYMI,20110919,39.99,40.88,39.19,40.52,296600
CYNO,20110919,10.49,10.75,10.25,10.57,18900
CYOU,20110919,33,33.28,31.75,32.61,539400
CYTK,20110919,1.31,1.34,1.26,1.28,80800
CYTR,20110919,2.45,2.59,2.45,2.59,740100
CYTX,20110919,3.37,3.46,3.31,3.39,220900
CYTXW,20110919,1.91,1.91,1.91,1.91,0
CZFC,20110919,6.35,6.4,6.35,6.4,300
CZNC,20110919,15.75,15.88,15.21,15.54,10100
CZWI,20110919,5.41,5.41,5.4,5.4,2100
DAEG,20110919,2,2.22,1.88,2.03,21300
DAIO,20110919,5.24,5.25,5.23,5.23,1300
DAKT,20110919,9.35,9.62,9.3,9.52,113900
DARA,20110919,1.95,1.98,1.9,1.97,7500
DATE,20110919,9.51,9.63,9.2,9.51,131700
DAVE,20110919,9.14,9.41,9.12,9.24,19700
DBLE,20110919,7.99,8.17,7.84,8.08,52800
DBLEP,20110919,25.2,25.24,24.86,25.23,4200
DCIX,20110919,5.08,5.2,5.03,5.13,30500
DCOM,20110919,10.77,10.88,10.5,10.56,125200
DCTH,20110919,4.05,4.12,3.94,4.03,373200
DECK,20110919,98.85,103.19,98.48,102.43,1594500
DELL,20110919,14.99,14.99,14.68,14.87,20098400
DENN,20110919,3.55,3.64,3.51,3.59,225900
DEPO,20110919,6.27,6.3,5.95,6.03,647400
DEST,20110919,13.49,13.8,13.28,13.54,40900
DFZ,20110919,10.5,11,10.3,10.72,50900
DGAS,20110919,16.365,16.425,15.59,15.59,900
DGICA,20110919,12.19,12.5,12.08,12.28,20200
DGICB,20110919,16.16,16.16,16.16,16.16,0
DGII,20110919,12.02,12.36,11.89,12.14,138400
DGIT,20110919,20.49,20.88,20.09,20.56,261900
DGLY,20110919,0.9,0.94,0.86,0.94,6800
DHIL,20110919,73.81,75.7,72.8,74.97,4900
DHRM,20110919,2.57,2.57,2.2,2.25,16100
DIOD,20110919,18.43,18.86,18.24,18.65,226800
DISCA,20110919,39.57,39.78,38.9,39.62,1667900
DISCB,20110919,39.27,39.51,39.25,39.51,1300
DISCK,20110919,37.02,37.77,36.8,37.71,592500
DISH,20110919,25.94,27.59,25.58,27.26,3705900
DJCO,20110919,67.03,67.03,67.03,67.03,0
DLGC,20110919,13.25,14,13.25,13.7,21400
DLIA,20110919,1.52,1.52,1.41,1.42,49600
DLLR,20110919,23.89,24.24,23.57,24,763700
DLTR,20110919,37.52,38.315,37.22,38.145,1860200
DMLP,20110919,23.7,24.43,23.31,24.23,125900
DMND,20110919,86.11,88.4,85.8,87.5,693800
DMRC,20110919,31.65,31.86,31.12,31.13,17500
DNBF,20110919,9.53,9.6,9.53,9.6,800
DNDN,20110919,11.45,11.5,11.13,11.3,3996700
DNKN,20110919,26.41,28.14,26.13,27.47,835800
DORM,20110919,14.94,15.39,14.51,15.19,29200
DOVR,20110919,3.29,3.32,3.19,3.19,1200
DRAD,20110919,2.43,2.43,2.35,2.39,13500
DRAM,20110919,6.9,6.9,6.72,6.72,1700
DRCO,20110919,9.54,9.54,9.42,9.5,14200
DRIV,20110919,21.67,22.75,21.48,22.48,1241600
DRRX,20110919,1.81,1.81,1.68,1.7,208100
DRWI,20110919,4.13,4.21,4.05,4.12,110700
DRYS,20110919,3.12,3.21,3.03,3.16,5518700
DSCI,20110919,7.86,8.14,7.81,8,16400
DSCO,20110919,2.18,2.4,2.13,2.34,265900
DSGX,20110919,6.44,6.44,6.21,6.34,2200
DSPG,20110919,6.76,6.81,6.6,6.64,95900
DSWL,20110919,2.54,2.66,2.53,2.66,10500
DTLK,20110919,9.88,10.1,9.57,9.9,231600
DTSI,20110919,29.85,30,28.44,28.92,159800
DTV,20110919,43.28,43.62,42.87,43.4,5051200
DVAX,20110919,2.38,2.38,2.17,2.18,1498400
DVOX,20110919,4.9,4.94,4.65,4.66,87600
DWA,20110919,19.78,19.95,19.19,19.39,702800
DWCH,20110919,5.47,5.8,5.36,5.44,9900
DWSN,20110919,29.59,30.31,28.82,29.72,21300
DXCM,20110919,12.52,12.95,12.5,12.77,424200
DXPE,20110919,21.95,22.19,21.4,21.91,34600
DXYN,20110919,3.36,3.39,3.22,3.29,1900
DYAX,20110919,1.53,1.56,1.5,1.54,180700
DYNT,20110919,5.35,5.85,5.15,5.75,124900
DYSL,20110919,2.7,2.85,2.68,2.7,2500
EBAY,20110919,33.2,33.45,32.54,33.1,18593700
EBIX,20110919,17.16,17.47,16.83,17.1,277000
EBMT,20110919,10.5,10.5,10.5,10.5,300
EBSB,20110919,11.81,12,11.51,11.61,7100
EBTC,20110919,12.28,12.55,12.28,12.3,3600
ECHO,20110919,13.12,13.48,13.12,13.3,38500
ECOL,20110919,16.42,16.7,16.07,16.15,48700
ECPG,20110919,23.59,24.75,23.4,23.9,91500
ECTE,20110919,3.36,3.4,3.28,3.35,96500
ECTY,20110919,2.06,2.11,2,2.02,47000
ECYT,20110919,12.27,12.47,11.83,12.16,104500
EDAC,20110919,7.89,7.98,7.58,7.92,8700
EDAP,20110919,2.58,2.65,2.5,2.64,27200
EDGW,20110919,2.65,2.69,2.55,2.55,4500
EDMC,20110919,16.95,17.79,16.54,16.77,104400
EDS,20110919,3.98,4.05,3.91,3.91,13600
EDUC,20110919,5.41,5.55,5.41,5.53,1700
EEFT,20110919,17.11,17.27,16.67,16.95,182000
EEI,20110919,15.51,15.9,15.2,15.9,5600
EFII,20110919,14.56,14.94,14.51,14.59,475500
EFSC,20110919,14.05,14.06,13.63,13.7,27900
EFUT,20110919,4.23,4.23,4.11,4.11,2100
EGBN,20110919,12.59,12.96,12.52,12.69,41700
EGHT,20110919,4.64,4.88,4.53,4.8,1190600
EGLE,20110919,8.04,8.08,7.56,7.76,679300
EGOV,20110919,11.56,11.58,11.29,11.42,160700
EHTH,20110919,13.42,13.66,13.32,13.51,147100
EIHI,20110919,13.17,13.17,12.86,13.1,5200
ELGX,20110919,10.66,11.48,10.6,11.17,535600
ELNK,20110919,7.26,7.27,7.14,7.21,1183000
ELON,20110919,7.51,7.76,7.51,7.64,133200
ELOS,20110919,10.35,10.92,10.27,10.67,146200
ELRC,20110919,14.16,14.38,13.51,14.13,44200
ELSE,20110919,3.96,3.96,3.96,3.96,0
ELTK,20110919,1.05,1.05,0.98,1.03,33200
EMCF,20110919,16.25,16.25,16.25,16.25,0
EMCI,20110919,17.96,18.16,17.74,17.85,10200
EMFN,20110919,22.91,22.94,22.77,22.77,1100
EMIF,20110919,27.77,27.92,27.5,27.92,9000
EMITF,20110919,2.14,2.22,2.14,2.19,3400
EMKR,20110919,5.96,5.96,5.68,5.8,557500
EMMS,20110919,0.64,0.7,0.64,0.7,58400
EMMSP,20110919,15.39,15.39,15.39,15.39,100
EMMT,20110919,22.05,22.25,22.05,22.25,1000
ENDP,20110919,30.12,30.16,29.42,29.55,822200
ENG,20110919,3.09,3.14,3.03,3.1,5500
ENMD,20110919,1.55,1.65,1.55,1.63,5700
ENOC,20110919,11.21,11.31,10.75,10.89,273400
ENSG,20110919,20.72,21.37,20.43,21.11,116800
ENTG,20110919,7.54,7.8,7.3,7.71,1410600
ENTR,20110919,4.85,4.85,4.58,4.68,1597700
ENZN,20110919,8.03,8.18,7.8,7.88,264600
EONC,20110919,1.68,1.68,1.63,1.63,1300
EPAX,20110919,6.71,6.71,6.35,6.35,43200
EPAY,20110919,21.14,21.82,21.06,21.38,97700
EPIQ,20110919,12.96,13.07,12.73,12.83,44700
EQIX,20110919,94.44,95.67,94.18,95.19,648900
ERIC,20110919,10.28,10.44,10.14,10.38,4350000
ERIE,20110919,71.88,72.79,71.75,72.14,40000
ERII,20110919,2.56,2.59,2.48,2.54,166400
EROC,20110919,10.02,10.47,10.02,10.39,180200
ESBF,20110919,11.25,11.52,11.03,11.03,6900
ESBK,20110919,15.51,15.58,15.51,15.58,400
ESCA,20110919,4.88,4.88,4.7,4.79,8600
ESEA,20110919,3.29,3.36,3,3.18,230400
ESGR,20110919,97.6,99.61,96.22,98.23,18700
ESIO,20110919,14.44,14.55,13.98,14.14,84300
ESLT,20110919,35.26,35.9,34.59,35.6,64700
ESMC,20110919,1.25,1.25,1.25,1.25,0
ESRX,20110919,40.52,41.58,40.52,41.28,5708000
ESSA,20110919,11.28,11.37,11.13,11.23,12800
ESSX,20110919,4.23,4.4,3.97,3.97,44400
ESYS,20110919,4.65,4.66,4.3,4.51,13100
ETFC,20110919,11.34,11.37,10.9,10.99,4376600
ETRM,20110919,2.24,2.24,2.05,2.16,10300
EUFN,20110919,15.21,15.46,15.01,15.36,101000
EVBS,20110919,3.08,3.08,3.08,3.08,0
EVEP,20110919,74.76,77.64,73.93,77.15,218700
EVOL,20110919,6.84,6.84,6.56,6.8,5900
EWBC,20110919,16.48,16.58,16.22,16.35,1234400
EXAC,20110919,13.14,13.55,13.11,13.5,18300
EXAR,20110919,6.33,6.4,6.09,6.29,76600
EXAS,20110919,7.73,8.17,7.7,7.98,684100
EXEL,20110919,6.75,7.09,6.7,6.91,924800
EXFO,20110919,8.24,8.37,8,8.08,31200
EXLP,20110919,22.06,23.16,22.06,23.11,83400
EXLS,20110919,22.75,22.9,22.73,22.81,205600
EXPD,20110919,43.76,44.6,43.35,44.36,1559600
EXPE,20110919,29.23,29.35,28.59,28.79,5879200
EXPO,20110919,41.66,42.4,41.27,41.78,22600
EXTR,20110919,2.75,2.85,2.74,2.8,267100
EXXI,20110919,24.66,24.7,23.78,24.23,646400
EZCH,20110919,34.03,34.56,32.47,34.47,362800
EZPW,20110919,32.58,33.83,32.01,33.41,683500
FABK,20110919,12.67,12.67,12.67,12.67,0
FALC,20110919,3.41,3.46,3.31,3.39,111500
FARM,20110919,4.95,5.16,4.82,5.12,54300
FARO,20110919,36.38,38.51,35.71,37.69,69700
FAST,20110919,35.91,36.8,35.47,36.49,3017500
FBIZ,20110919,15.5,16,15.5,16,700
FBMI,20110919,5.12,5.25,5.12,5.25,8500
FBMS,20110919,9.99,9.99,9.8,9.99,600
FBNC,20110919,9.4,9.66,9.21,9.51,39500
FBNK,20110919,11.09,11.21,11.08,11.2,27200
FBRC,20110919,10.56,10.72,10.32,10.4,72300
FBSS,20110919,11.65,11.65,11.65,11.65,100
FCAL,20110919,3.11,3.11,3.11,3.11,200
FCAP,20110919,18.2,18.2,18.15,18.15,1200
FCBC,20110919,10.97,11.18,10.61,10.9,49000
FCCO,20110919,6.12,6.12,5.7,5.7,400
FCCY,20110919,6.81,6.81,6.62,6.67,1100
FCEL,20110919,1.19,1.19,1.15,1.16,1517000
FCFC,20110919,6.16,6.16,6.12,6.16,2300
FCFS,20110919,50.2,51.71,49.61,51.29,284400
FCHI,20110919,41.7,41.82,41.29,41.75,14100
FCLF,20110919,6.1,6.1,6.1,6.1,500
FCNCA,20110919,151.51,154.67,150.43,151.31,9500
FCTY,20110919,3.54,3.95,3.54,3.85,2500
FCVA,20110919,2.9,2.9,2.9,2.9,0
FCZA,20110919,3.79,3.79,3.35,3.47,2600
FDEF,20110919,14.25,14.38,13.98,14.09,7300
FDML,20110919,16.7,16.88,16.23,16.7,102500
FDUS,20110919,12.35,13.02,12.34,12.65,16100
FEFN,20110919,21.64,21.64,21.64,21.64,200
FEIC,20110919,31.1,31.97,30.71,31.81,495200
FEIM,20110919,10.08,10.08,9.86,10,10300
FELE,20110919,18.97,19.285,18.695,19.035,49500
FES,20110919,8.08,8.08,7.07,8.05,10300
FFBC,20110919,15.11,15.14,14.72,14.89,193400
FFBCW,20110919,5,5,5,5,300
FFBH,20110919,5.68,5.8,5.68,5.8,3300
FFCH,20110919,5.12,5.12,4.92,4.93,46400
FFCO,20110919,13.26,14.49,13.21,13.63,4600
FFEX,20110919,2.8,2.81,2.69,2.81,5100
FFHL,20110919,2.3,2.95,2.26,2.48,55700
FFIC,20110919,11.04,11.1,10.81,10.91,62300
FFIN,20110919,27.64,27.67,26.92,27.12,136800
FFIV,20110919,82.24,83.61,80.5,82.89,1769400
FFKT,20110919,4.4,4.46,4.4,4.45,4300
FFKY,20110919,1.74,2.07,1.7,1.86,20800
FFN,20110919,2.4,2.56,2.27,2.54,207200
FFNM,20110919,3.46,3.48,3.43,3.43,600
FFNW,20110919,5.25,5.4,5.24,5.4,14200
FHCO,20110919,4.03,4.09,4,4.05,29400
FIBK,20110919,11.34,11.34,11.05,11.1,19500
FINL,20110919,20.18,21.07,19.66,20.75,946600
FIRE,20110919,29.34,29.99,28.95,29.58,499500
FISI,20110919,15.01,15.28,14.7,15.08,22000
FISV,20110919,53.62,54.15,53.37,53.85,770300
FITB,20110919,10.5,10.61,10.31,10.47,12725300
FITBP,20110919,131.08,133.3,130.68,133.21,5300
FIZZ,20110919,16.03,16.19,15.83,16.16,31300
FLDM,20110919,14.7,14.7,14.12,14.41,106700
FLEX,20110919,5.85,5.99,5.79,5.99,3192700
FLIC,20110919,24.2,24.2,23.54,23.62,10600
FLIR,20110919,27.5,27.72,27.21,27.43,1352600
FLML,20110919,3.96,4.4,3.9,4.07,338100
FLOW,20110919,2.41,2.62,2.34,2.5,281600
FLWS,20110919,2.48,2.5,2.32,2.32,91900
FLXS,20110919,15.14,15.14,14.4,14.56,10500
FMBI,20110919,8.46,8.46,8.04,8.14,456400
FMCN,20110919,31.5,32.93,30.63,32.66,2680600
FMER,20110919,11.97,12.37,11.5,11.58,1078900
FMFC,20110919,3.2,3.2,3.19,3.19,1300
FMNB,20110919,4.55,4.55,4.45,4.45,3200
FNBN,20110919,0.4,0.44,0.38,0.38,4300
FNFG,20110919,10.33,10.43,10.2,10.3,2776900
FNGN,20110919,21.18,21.5,20.3,20.62,534800
FNLC,20110919,13.01,13.36,13.01,13.12,10100
FNSR,20110919,20.78,21.47,20.4,21.25,4285700
FOLD,20110919,4.18,4.18,3.89,3.97,53000
FONE,20110919,23.87,23.99,23.87,23.99,800
FONR,20110919,1.73,1.82,1.6,1.73,44100
FORD,20110919,2.58,2.69,2.54,2.58,19100
FORM,20110919,7.15,7.3,6.93,7,678900
FORR,20110919,32.52,33.31,32.41,33.02,40900
FORTY,20110919,12.16,12.5,11.93,12.19,15200
FOSL,20110919,100.92,101.33,95.7,100.33,1260700
FRAN,20110919,19.52,20.14,19.09,19.95,274800
FRBK,20110919,1.84,1.84,1.71,1.71,3200
FRED,20110919,11.45,11.5,11.1,11.39,485600
FREE,20110919,10,10.5,10,10.3,8100
FRME,20110919,7.45,7.65,7.36,7.51,85700
FRNK,20110919,11.41,11.7,11.34,11.46,14000
FRP,20110919,6.14,6.14,5.56,5.71,61400
FSBK,20110919,3.76,3.84,3.7,3.7,1100
FSCI,20110919,24.55,24.73,24.36,24.42,13300
FSFG,20110919,16.09,16.09,16.09,16.09,200
FSLR,20110919,83.73,84.82,80.59,83.91,2407700
FSRV,20110919,28.68,28.68,28.24,28.45,7700
FSTR,20110919,23.51,23.66,22.66,23.27,60700
FSYS,20110919,21.23,21.97,21.23,21.68,191700
FTEK,20110919,5.9,6.1,5.84,5.99,47300
FTNT,20110919,17.86,18.61,17.7,18.38,2744600
FUBC,20110919,4.9,5.1,4.84,4.99,63100
FULL,20110919,6.94,6.95,6.79,6.86,4700
FULT,20110919,8.58,8.58,8.32,8.35,1228200
FUNC,20110919,4.17,4.17,4.17,4.17,0
FUND,20110919,6.82,6.94,6.75,6.91,23400
FURX,20110919,15.35,15.8,15.2,15.48,30400
FWLT,20110919,22.07,22.34,21.63,22.16,725400
FWRD,20110919,28.55,29.01,28.23,28.73,161400
FXCB,20110919,12.69,12.71,12.33,12.42,28100
FXEN,20110919,4.93,5.04,4.82,4.92,644800
GABC,20110919,16.68,16.7,16.25,16.25,15100
GAGA,20110919,6.06,6.09,6,6.01,5100
GAI,20110919,3.36,3.36,3.25,3.3,2300
GAIA,20110919,3.79,3.89,3.76,3.76,4800
GAIN,20110919,6.8,6.99,6.78,6.84,63900
GAME,20110919,5.27,5.3,5.08,5.16,844400
GASS,20110919,4.19,4.26,4.15,4.15,22900
GBCI,20110919,10.44,10.54,10.07,10.15,593600
GBDC,20110919,14.86,15.14,14.72,14.81,43700
GBLI,20110919,17.5,17.89,17.47,17.55,28300
GBNK,20110919,1.16,1.18,1.11,1.11,12900
GCBC,20110919,18.52,18.52,18.34,18.42,700
GCFB,20110919,2.37,2.37,2.25,2.25,4100
GCOM,20110919,13.47,14.06,13.43,13.98,106100
GCVRZ,20110919,1.05,1.1,1.05,1.05,853100
GENC,20110919,7.28,7.46,7.28,7.34,1200
GENE,20110919,5.84,6,5.66,5.86,56300
GENT,20110919,6.16,6.6,6.16,6.45,22500
GERN,20110919,2.41,2.57,2.38,2.46,1204100
GEVO,20110919,8.84,8.84,8.59,8.61,19300
GFED,20110919,4.71,4.71,4.7,4.7,300
GFN,20110919,2.93,3.48,2.68,3.48,7000
GFNCL,20110919,3.5,3.5,3.5,3.5,0
GGAL,20110919,10,10.12,9.92,10,140500
GHDX,20110919,20.73,21.42,20.51,21.25,78300
GIFI,20110919,22.73,22.85,21.93,22.39,42000
GIGA,20110919,1.4,1.41,1.36,1.41,3400
GIGM,20110919,0.83,0.9,0.83,0.89,479700
GIII,20110919,23.58,24.14,23.17,23.76,126700
GILD,20110919,20.07,20.13,19.83,20.025,6115300
GILT,20110919,3.35,3.39,3.35,3.38,29100
GIVN,20110919,16.01,16.17,15.92,16.07,61400
GKNT,20110919,19,19,17.99,18.36,17000
GLAD,20110919,7.56,7.75,7.52,7.7,107500
GLBS,20110919,6.2,6.2,6.03,6.03,1100
GLBZ,20110919,8.3,8.3,8,8.02,2600
GLCH,20110919,1.28,1.29,1.26,1.29,222100
GLDC,20110919,3.42,3.43,3.39,3.43,1200
GLDD,20110919,4.6,4.66,4.5,4.53,740700
GLNG,20110919,32.11,34.14,31.94,33.74,617400
GLPW,20110919,25.5,25.5,24.65,25.1,112800
GLRE,20110919,22.15,22.15,21.57,21.62,73500
GLUU,20110919,3.31,3.38,3.23,3.32,1197800
GMAN,20110919,13.28,13.32,12.96,13.05,25000
GMCR,20110919,106.04,112.73,105.76,111.62,2877400
GMETP,20110919,11.48,11.55,9.25,11.55,1300
GMLP,20110919,25.75,25.75,25.17,25.5,39800
GNCMA,20110919,8.36,8.62,8.2,8.43,147900
GNMK,20110919,6.03,6.03,5.98,5.99,21400
GNTX,20110919,25.38,26.29,25,26.12,646500
GNVC,20110919,2.84,2.88,2.65,2.73,119500
GOLD,20110919,110.8,111.66,109.17,110.12,767200
GOOD,20110919,16.12,16.49,16.11,16.29,34800
GOODO,20110919,24.5,24.5,23.82,23.82,600
GOODP,20110919,24.8,24.8,24.8,24.8,400
GOOG,20110919,540.3,549.9,535.38,546.67,2471100
GPIC,20110919,6.92,7.07,6.91,7.07,8400
GPOR,20110919,28.2,29.2,27.34,28.73,517800
GPRC,20110919,3.06,3.42,3.02,3.04,12400
GPRE,20110919,9.78,10.28,9.72,10.09,274600
GRFS,20110919,12.3,12.5,12.3,12.4,169700
GRID,20110919,26.13,26.4,26.13,26.4,600
GRIF,20110919,24.37,24.66,24.37,24.4,700
GRMN,20110919,33.53,33.7,33.15,33.44,770600
GROW,20110919,7.35,7.37,7.11,7.27,80700
GRVY,20110919,1.36,1.4,1.32,1.36,4900
GSBC,20110919,16.5,16.8,16.48,16.58,19700
GSIG,20110919,9.05,9.32,8.8,9.25,55800
GSIT,20110919,5.04,5.13,5,5.02,35700
GSJK,20110919,14.95,15.59,14.9,15,11500
GSM,20110919,16.07,16.48,15.91,16.4,1022400
GSOL,20110919,7.81,8.08,7.8,7.89,31700
GSVC,20110919,14.41,14.77,14.06,14.37,92600
GTAT,20110919,9.66,9.75,8.71,9.1,5785200
GTIM,20110919,1.55,1.55,1.55,1.55,400
GTIV,20110919,7.07,7.17,6.25,6.29,624000
GTLS,20110919,52.25,56.8,51.15,56.12,855400
GTXI,20110919,3.63,3.67,3.48,3.49,56200
GUID,20110919,6.4,6.45,6.33,6.39,12300
GULF,20110919,14.94,14.94,14.72,14.84,6600
GURE,20110919,2.6,2.6,2.31,2.59,447000
GYRO,20110919,56.96,56.96,56.96,56.96,0
HA,20110919,4.45,4.6,4.35,4.55,668700
HAFC,20110919,0.92,0.93,0.92,0.92,565000
HAIN,20110919,31.73,31.99,31.25,31.68,260700
HALL,20110919,7.05,7.16,6.95,6.98,13700
HALO,20110919,6.33,6.42,6.11,6.23,436400
HAS,20110919,35.57,36.01,35.27,35.73,1320000
HAST,20110919,3.03,3.07,2.9,2.95,10600
HAUP,20110919,1.44,1.61,1.4,1.57,24500
HAYN,20110919,53.5,53.62,51.33,52.99,98300
HBAN,20110919,4.93,5.02,4.88,4.96,12152100
HBANP,20110919,1095,1095,1095,1095,0
HBCP,20110919,14.12,14.65,14.12,14.23,3500
HBHC,20110919,28.73,29.25,28.19,28.46,300800
HBIO,20110919,4.62,4.87,4.62,4.76,85000
HBNC,20110919,11.7555,11.7555,11.7555,11.7555,600
HBNK,20110919,12.69,12.75,12.69,12.75,900
HBOS,20110919,10.21,10.69,10.21,10.67,7500
HCBK,20110919,5.92,5.96,5.76,5.82,4067000
HCCI,20110919,18.21,18.21,17.98,17.98,4400
HCIIP,20110919,9.35,9.35,9.35,9.35,0
HCKT,20110919,3.64,3.88,3.61,3.79,53400
HCOM,20110919,18.5,19,18,18.86,8900
HCSG,20110919,16.28,16.45,16,16.11,252000
HDNG,20110919,9.16,9.16,8.89,9.09,7400
HDSN,20110919,1.38,1.38,1.27,1.3,600
HEES,20110919,9.22,9.37,8.93,9.12,98600
HELE,20110919,27.1,27.43,26.67,27.28,145000
HEOP,20110919,3.59,3.59,3.46,3.48,2100
HERO,20110919,4.11,4.25,3.95,4.11,2143100
HFBC,20110919,7.04,7.04,6.84,6.85,8300
HFBL,20110919,13.99,13.99,13.99,13.99,0
HFFC,20110919,8.2,8.2,8.1,8.1,2800
HFWA,20110919,11.79,11.79,11.35,11.52,16200
HGSH,20110919,1.48,1.5,1.45,1.5,13700
HIBB,20110919,35.82,36.4,35.21,35.85,379700
HIFS,20110919,46.52,47,46.52,47,400
HIHO,20110919,3.01,3.03,2.96,2.96,9400
HILL,20110919,1.78,1.82,1.73,1.79,137400
HIMX,20110919,1.26,1.29,1.23,1.23,131000
HITK,20110919,33.08,34.95,32.37,34.71,281200
HITT,20110919,54.2,56.15,53.58,54.93,377200
HLIT,20110919,4.73,4.8,4.63,4.71,828600
HMIN,20110919,35.44,37.2,35.44,36.75,359200
HMNF,20110919,1.91,2.04,1.87,1.87,3100
HMNY,20110919,1.8,1.8,1.8,1.8,0
HMPR,20110919,5.53,5.62,5.32,5.48,79200
HMSY,20110919,25.57,26.05,25.51,25.83,308000
HNH,20110919,11.06,12.39,11.06,11.99,26900
HNRG,20110919,8.5,8.51,8.45,8.45,13800
HNSN,20110919,4.05,4.24,4,4.2,757000
HOFT,20110919,9.51,9.67,9.31,9.52,48700
HOGS,20110919,9.12,9.56,8.9,9.33,813300
HOLI,20110919,6.04,6.32,6.04,6.18,156300
HOLL,20110919,1.47,1.49,1.35,1.42,8500
HOLX,20110919,16.23,16.38,15.91,16.27,1482300
HOMB,20110919,22.71,22.9,22.25,22.25,76100
HOME,20110919,8.81,8.88,8.56,8.64,13800
HOTT,20110919,7.99,8.22,7.93,8.1,436300
HOVNP,20110919,2.81,2.82,2.72,2.72,8000
HPCCP,20110919,25.97,25.98,24.23,25,15500
HPJ,20110919,1.39,1.42,1.38,1.38,10600
HPOL,20110919,0.67,0.67,0.67,0.67,0
HRZN,20110919,15.63,15.71,15.2,15.42,22400
HSIC,20110919,64.03,65.12,63.92,64.76,449900
HSII,20110919,18.12,18.14,17.62,17.83,98400
HSKA,20110919,8.93,8.95,8.59,8.87,3500
HSNI,20110919,33.24,34.4,32.35,33.95,428200
HSOL,20110919,3.1,3.12,2.91,3.01,843700
HSTM,20110919,12.4,12.85,12.39,12.55,65300
HTBK,20110919,4.53,4.85,4.35,4.38,33200
HTCH,20110919,2.12,2.21,2.07,2.16,92700
HTCO,20110919,9.18,9.18,8.85,8.91,24800
HTHT,20110919,17.69,17.69,16.9,17.18,134300
HTLD,20110919,14.25,14.45,14.07,14.27,751300
HTLF,20110919,14.37,14.4,13.95,14.14,11900
HTWR,20110919,55.37,55.37,54.41,54.9,131900
HUBG,20110919,28.97,29.69,28.35,29.38,230100
HURC,20110919,24.73,24.73,24.17,24.32,10700
HURN,20110919,30.12,31.06,29.57,30.62,91100
HWAY,20110919,11.59,11.73,11.21,11.6,79300
HWBK,20110919,8.24,8.24,8.24,8.24,1500
HWCC,20110919,13.69,13.82,12.98,13.43,41700
HWKN,20110919,34.74,35.53,34.58,35.18,12500
HYGS,20110919,6.5,6.54,6.41,6.41,8000
HZNP,20110919,7.69,8.12,7.63,8.1,4300
IACI,20110919,41.06,42.61,41.05,42.18,1158100
IART,20110919,37.4,37.84,36.93,37.33,226400
IBB,20110919,96.71,98.41,96.01,97.64,987100
IBCA,20110919,2.8,2.82,2.76,2.77,7800
IBCP,20110919,1.89,1.97,1.89,1.96,5200
IBCPO,20110919,15.02,15.02,14.75,14.75,1000
IBKC,20110919,47.71,47.81,46.58,46.86,227100
IBKR,20110919,14.24,14.5,14.22,14.37,527200
IBOC,20110919,14.39,14.46,14.06,14.13,168000
ICAD,20110919,0.67,0.7,0.65,0.67,23800
ICCC,20110919,6.49,6.49,6.49,6.49,1000
ICFI,20110919,20.97,21.04,20.66,20.81,74100
ICGE,20110919,9.98,9.98,9.41,9.64,89000
ICLN,20110919,10.86,10.9,10.57,10.82,54000
ICLR,20110919,17.65,17.91,17.56,17.77,240800
ICON,20110919,18.38,18.69,17.93,18.35,552900
ICUI,20110919,39.19,39.37,38.63,38.91,29500
IDCC,20110919,60.88,63.82,60.06,63.14,1363900
IDIX,20110919,5.63,5.82,5.5,5.65,335700
IDRA,20110919,1.47,1.47,1.4,1.4,5400
IDSA,20110919,6.72,6.72,6.29,6.5,17300
IDSY,20110919,5.18,5.18,5.07,5.15,9600
IDTI,20110919,5.98,6.15,5.95,6,1531900
IDXX,20110919,73.54,74.44,72.93,73.72,264100
IESC,20110919,2.21,2.23,2.21,2.23,1300
IFAS,20110919,25.44,25.74,25.44,25.74,2900
IFEU,20110919,27.08,27.08,26.63,26.91,7100
IFGL,20110919,26.6,26.71,26.33,26.68,51700
IFNA,20110919,40.84,40.84,40.83,40.83,300
IFON,20110919,0.64,0.64,0.61,0.64,8400
IFSM,20110919,32.71,32.76,32.6,32.76,900
IGLD,20110919,11.45,11.71,11.45,11.71,500
IGOI,20110919,18.24,18.84,17.4,17.64,59600
IGOV,20110919,104.22,104.54,103.77,104.54,17400
IGTE,20110919,11.29,11.53,11.01,11.43,245400
III,20110919,1.37,1.4,1.3,1.3,14700
IIIN,20110919,10.43,10.64,10.26,10.4,26900
IIJI,20110919,11.01,11.2,11.01,11.05,13800
IILG,20110919,12.79,13.01,12.52,12.82,163600
IIN,20110919,3.13,3.21,3.07,3.08,9600
IIVI,20110919,18.55,19.35,18.44,19.07,328200
IKAN,20110919,0.99,1.01,0.94,0.97,139400
IKNX,20110919,8.37,8.5,8.37,8.5,1000
ILMN,20110919,47.17,47.87,46.5,47.43,2036500
IMGN,20110919,10.2,10.56,10.03,10.37,512300
IMKTA,20110919,14.19,14.44,14.17,14.26,26300
IMMR,20110919,6.85,6.95,6.79,6.85,37300
IMMU,20110919,3.91,3.94,3.74,3.74,732800
IMOS,20110919,5.82,6.15,5.82,6.15,33800
IMRS,20110919,4.22,4.47,4.12,4.25,35000
INAP,20110919,5.59,5.59,5.18,5.23,479400
INCY,20110919,14.35,14.77,14.21,14.51,824600
INDB,20110919,23.13,23.16,22.22,22.66,48900
INDY,20110919,23.97,24.07,23.8,23.94,258900
INFA,20110919,40.98,41.59,40.1,41.31,1063000
INFI,20110919,7,7.04,6.75,6.83,27300
INFN,20110919,8.16,8.21,7.9,8.04,1531800
ININ,20110919,31.3,31.94,30.57,31.53,86400
INOC,20110919,1.2,1.2,1.2,1.2,100
INOD,20110919,2.74,2.77,2.69,2.74,29700
INPH,20110919,4.67,4.76,4.48,4.7,14900
INSM,20110919,4.89,5.01,4.8,4.93,170400
INTC,20110919,21.77,22.06,21.63,21.93,57737900
INTG,20110919,26.6,26.6,25.7,25.86,1400
INTL,20110919,21.9,21.9,21.45,21.53,33600
INTT,20110919,2.64,2.77,2.58,2.72,25200
INTU,20110919,48.96,49.52,48.37,49.36,3622700
INTX,20110919,14.36,14.4,13.69,14.21,44500
INVE,20110919,1.98,2.21,1.95,2.08,797000
INWK,20110919,7.79,7.98,7.72,7.86,61400
IOSP,20110919,27.02,27.71,26.7,27.27,127900
IPAR,20110919,15.36,15.82,15.25,15.59,95500
IPAS,20110919,1.41,1.46,1.37,1.43,27000
IPCC,20110919,51.26,51.64,50.32,50.75,25300
IPCI,20110919,3.15,3.35,3.14,3.25,19800
IPCM,20110919,40.23,40.72,38.98,39.79,232900
IPGP,20110919,58.06,63.23,57.75,62.9,514500
IPHS,20110919,39.88,40.63,39.43,40.21,133900
IPXL,20110919,19.6,20.51,19.5,20.36,753700
IRBT,20110919,26.62,27.79,26.39,27.37,445100
IRDM,20110919,6.87,7.01,6.82,7.01,295700
IRDMZ,20110919,1.16,1.16,1.16,1.16,300
IRIX,20110919,3.75,3.83,3.7,3.72,4800
IROQ,20110919,11,11.05,10.87,11,19700
IRWD,20110919,12.21,12.44,12,12.25,145800
ISBC,20110919,13.46,13.65,13.31,13.45,136500
ISCA,20110919,23.63,23.99,23.31,23.77,207900
ISHG,20110919,103.65,103.95,103.38,103.72,2600
ISIG,20110919,2.59,2.75,2.47,2.54,32400
ISIL,20110919,11.44,11.64,11.3,11.48,754000
ISIS,20110919,6.9,7.05,6.75,6.83,446300
ISLE,20110919,5.87,5.93,5.61,5.67,85200
ISNS,20110919,6.6,6.67,6.6,6.6,900
ISRG,20110919,386.38,396.15,384,393.55,337400
ISRL,20110919,62.14,62.26,61.77,61.77,500
ISSC,20110919,4.52,4.52,4.37,4.45,5900
ISSI,20110919,8.42,8.51,8.31,8.39,73300
ITIC,20110919,33.64,35.19,33.54,34.95,1600
ITMN,20110919,24.69,25.35,24.42,24.71,1022900
ITRI,20110919,36.59,36.85,35.65,36.63,292000
ITRN,20110919,12.26,12.5,12.26,12.34,5000
IVAC,20110919,7.53,7.53,6.97,7.14,95600
IVAN,20110919,1.35,1.36,1.3,1.35,451700
IXYS,20110919,12.03,12.09,11.77,11.93,98000
JACK,20110919,20.38,20.99,20.11,20.78,472500
JADE,20110919,2.77,2.84,2.77,2.82,11300
JAKK,20110919,19.67,19.96,19.62,19.8,439200
JASO,20110919,11.05,11.4,10.6,11,5003900
JAXB,20110919,4.63,4.63,4.34,4.63,200
JAZZ,20110919,42.51,44.14,41.26,43.74,685600
JBHT,20110919,39.33,39.57,38.68,39.33,800300
JBLU,20110919,4.42,4.49,4.36,4.45,3426900
JBSS,20110919,8.12,8.21,8,8,9800
JCOM,20110919,31.32,31.47,30.89,31.06,403400
JCS,20110919,14.65,14.65,13.98,14,8600
JCTCF,20110919,9.2,9.2,9.2,9.2,0
JDSU,20110919,12.95,13.27,12.67,13.08,6323700
JFBI,20110919,2.95,2.95,2.9,2.9,3300
JJSF,20110919,48.42,48.95,47.41,48.42,51300
JKHY,20110919,28.88,29.76,28.87,29.53,650000
JMBA,20110919,1.65,1.7,1.61,1.66,283600
JOBS,20110919,56.29,56.29,53.39,54.05,45500
JOEZ,20110919,0.67,0.7,0.65,0.69,89800
JOSB,20110919,50.62,52.55,50.5,52.05,242000
JOUT,20110919,15.29,15.92,14.15,15.31,10600
JRCC,20110919,9.6,9.75,9.32,9.69,1334900
JRJC,20110919,2.74,2.74,2.6,2.68,23000
JST,20110919,9.25,9.48,9.25,9.32,17600
JVA,20110919,16.66,17.09,16.14,16.23,537400
JXSB,20110919,13.25,13.25,13.25,13.25,0
KALU,20110919,50.94,51.37,49.24,50.92,112900
KBALB,20110919,4.71,4.96,4.71,4.92,74600
KCAP,20110919,6.07,6.2,6,6.1,84200
KCLI,20110919,30.78,31,30.38,30.66,15300
KELYA,20110919,13.48,13.48,12.81,13.15,253700
KEQU,20110919,8.75,8.75,8.75,8.75,200
KERX,20110919,3.76,3.79,3.45,3.53,8680300
KEYN,20110919,25.34,25.61,24.63,25.37,140900
KEYW,20110919,10.33,10.36,9.93,10.08,70000
KFFB,20110919,7.38,7.48,7.26,7.48,1500
KFRC,20110919,9.91,10,9.57,9.7,189500
KGJI,20110919,1.55,1.55,1.48,1.53,75700
KINS,20110919,3.45,3.68,3.25,3.6,1900
KIOR,20110919,18.56,18.87,17.96,18.85,369300
KIPS,20110919,2.5,3.04,2.48,2.84,3900
KIRK,20110919,9.56,9.67,9.21,9.48,99500
KLAC,20110919,38.66,39.01,37.85,38.77,4172100
KLIC,20110919,8.81,8.93,8.45,8.81,824400
KNDI,20110919,2.23,2.35,2.13,2.24,41800
KONA,20110919,5.04,5.31,5.04,5.26,55200
KONE,20110919,1.1,1.36,1.05,1.2,7500
KONG,20110919,3.8,3.85,3.65,3.69,18700
KOOL,20110919,1.45,1.46,1.43,1.43,26900
KOPN,20110919,3.69,3.77,3.61,3.71,190700
KOSS,20110919,6.14,6.19,6.13,6.19,1300
KRNY,20110919,8.9,9.02,8.82,8.89,18800
KSWS,20110919,4.89,4.91,4.72,4.85,131000
KTCC,20110919,3.62,3.62,3.58,3.58,900
KTEC,20110919,13.23,13.56,13.23,13.32,6600
KTOS,20110919,8.81,8.81,8.51,8.63,219800
KUTV,20110919,1.89,2.01,1.83,1.89,41500
KVHI,20110919,7.75,7.94,7.75,7.76,38300
LABC,20110919,15.7,15.75,15.7,15.75,300
LABL,20110919,25.84,26.36,25.28,25.84,39400
LACO,20110919,2.4,2.45,2.36,2.45,8900
LAKE,20110919,7.38,7.38,7.38,7.38,0
LAMR,20110919,19.14,19.63,18.78,19.45,996900
LANC,20110919,60.19,60.35,59.48,59.89,88300
LARK,20110919,15.3,15.3,15.3,15.3,300
LAWS,20110919,16.11,16.17,15.81,15.81,22200
LAYN,20110919,23.56,24.01,22.96,23.63,189200
LBAI,20110919,8.2,8.2,7.76,7.97,26300
LBIX,20110919,3.73,3.74,3.65,3.74,4300
LBTYA,20110919,37.75,38.5,37.61,38.27,1089700
LBTYB,20110919,39.66,39.69,39.63,39.69,500
LBTYK,20110919,35.93,36.72,35.79,36.56,400400
LCAV,20110919,2.41,2.5,2.41,2.41,23100
LCNB,20110919,12.5,12.5,12.22,12.37,6100
LCUT,20110919,10.84,10.84,10.52,10.64,12000
LEAP,20110919,7.7,8.03,7.66,7.98,1367600
LECO,20110919,32.34,34.13,31.94,33.66,773600
LEDR,20110919,2.15,2.15,2.08,2.08,900
LEDS,20110919,4.58,4.74,4.51,4.51,49000
LFUS,20110919,42.8,42.99,41.64,42.42,91200
LGCY,20110919,26.61,27.72,26.33,27.67,97400
LGND,20110919,15.01,15.14,14.89,15.01,156600
LHCG,20110919,17.99,18,17.58,17.71,115800
LIFE,20110919,39.91,40.07,39.36,39.8,1476700
LIME,20110919,3.74,3.84,3.55,3.8,44300
LINC,20110919,9.1,9.12,8.79,8.88,220000
LINE,20110919,37.27,38.14,36.74,38.07,708600
LINTA,20110919,16.01,16.19,15.69,16.02,3755700
LINTB,20110919,15.81,15.81,15.81,15.81,100
LION,20110919,6.28,6.28,6.22,6.22,2800
LIOX,20110919,2.72,2.76,2.53,2.7,206600
LIVE,20110919,2.3,2.3,1.7,1.84,500
LIWA,20110919,5.11,5.15,4.73,4.99,289900
LKFN,20110919,21.18,21.37,20.86,20.88,35700
LKQ,20110919,12.94,13.21,12.86,13.03,728300
LLEN,20110919,3.44,3.44,3.09,3.26,358700
LLNW,20110919,2.36,2.49,2.32,2.39,1652400
LLTC,20110919,29.92,30.33,29.63,30.17,4373500
LMAT,20110919,6.79,6.84,6.64,6.82,6400
LMCA,20110919,70.6,72.61,70.3,72.23,299100
LMIA,20110919,18.68,18.9,18.34,18.85,19100
LMNR,20110919,16.75,17.08,15.33,16.55,7000
LMNX,20110919,21.82,22.35,21.42,21.81,163400
LNBB,20110919,4.14,4.14,4.04,4.05,400
LNCE,20110919,20.62,20.81,20.32,20.66,303300
LNDC,20110919,5.74,5.89,5.69,5.85,44500
LOAN,20110919,1.19,1.19,1.19,1.19,100
LOCM,20110919,2.8,2.8,2.68,2.72,146100
LOGI,20110919,9.11,9.38,9.01,9.32,1716000
LOGM,20110919,32.33,32.61,31.18,32.21,264200
LOJN,20110919,3.27,3.46,3.17,3.27,8200
LONG,20110919,17.25,17.41,17.02,17.02,2300
LOOK,20110919,1.44,1.44,1.35,1.36,48800
LOPE,20110919,16.42,16.69,16.17,16.33,401500
LORL,20110919,58.22,58.22,55.87,56.76,40300
LPHI,20110919,7.05,7.15,6.75,6.94,176800
LPLA,20110919,25.75,25.75,25.1,25.54,452400
LPNT,20110919,34.61,35.76,34.43,35.68,927000
LPSB,20110919,8.52,8.52,8.52,8.52,0
LPSN,20110919,11.49,11.77,11.11,11.6,408400
LPTH,20110919,1.57,1.57,1.45,1.46,106300
LQDT,20110919,32.51,33.18,31.96,31.99,247000
LRAD,20110919,1.68,1.74,1.66,1.72,50300
LRCX,20110919,38.62,38.99,37.55,38.51,4828600
LSBI,20110919,13.11,13.11,13.11,13.11,800
LSBK,20110919,10.5,10.5,10.5,10.5,100
LSCC,20110919,5.54,5.57,5.33,5.41,1256500
LSTR,20110919,41.05,41.53,40.62,41.18,233900
LTBR,20110919,3.12,3.12,2.79,2.85,40400
LTON,20110919,0.87,0.88,0.82,0.88,7800
LTRE,20110919,7.7,8.28,7.7,8.28,15900
LTRX,20110919,1.77,1.98,1.75,1.98,5000
LTXC,20110919,5.75,5.85,5.66,5.73,336400
LUFK,20110919,62.74,65.47,60.76,64.31,958600
LULU,20110919,56.26,61,55.9,60.71,5508700
LUNA,20110919,1.57,1.58,1.53,1.54,2900
LWAY,20110919,10.13,10.48,10.13,10.4,5500
LXRX,20110919,1.18,1.2,1.15,1.18,703800
LYTS,20110919,6.74,6.95,6.74,6.86,46200
MAGS,20110919,2.3,2.38,2.3,2.38,2900
MAKO,20110919,36.01,41.8,36,40.48,2541300
MANH,20110919,35.28,36.19,35.07,35.92,87500
MANT,20110919,33.1,33.39,32.7,33.04,318600
MARPS,20110919,20.15,20.18,20.1,20.1,1700
MASC,20110919,6.72,6.95,6.64,6.95,35200
MASI,20110919,22.87,23.18,22.54,22.66,288100
MAT,20110919,26.76,27.08,26.58,26.93,3502100
MATR,20110919,4.21,4.32,3.99,4.28,27900
MATW,20110919,30.68,31.17,30.26,30.62,124900
MAXY,20110919,5.6,5.66,5.54,5.55,63300
MAYS,20110919,13.5,13.5,13.5,13.5,0
MBFI,20110919,16.21,16.52,15.74,15.92,200400
MBLX,20110919,4.77,4.95,4.66,4.87,215600
MBND,20110919,2.92,2.95,2.92,2.92,8300
MBRG,20110919,15.04,15.04,14.8,14.8,4100
MBTF,20110919,1.3,1.31,1.3,1.31,600
MBVT,20110919,26.07,26.51,25.75,25.94,8200
MBWM,20110919,8.1,8.19,8.1,8.12,900
MCBC,20110919,2.85,2.94,2.81,2.85,4300
MCBI,20110919,5.12,5.33,5.07,5.07,2700
MCGC,20110919,4.34,4.43,4.29,4.35,296600
MCHP,20110919,34.03,34.48,33.82,34.19,2100500
MCHX,20110919,9.68,10.05,9.65,9.76,155900
MCOX,20110919,8.95,9.1,8.25,8.65,130600
MCRI,20110919,9.86,10.24,9.82,10.02,11000
MCRL,20110919,10.2,10.36,10.05,10.12,270900
MCRS,20110919,47.44,48.79,46.66,48.36,506000
MDAS,20110919,10.89,10.97,10.6,10.82,354900
MDCA,20110919,15.75,16.3,15.13,15.43,41800
MDCI,20110919,6.04,6.13,5.89,5.89,18400
MDCO,20110919,15.22,15.49,15.1,15.28,400700
MDH,20110919,2.31,2.31,2.06,2.19,6500
MDRX,20110919,18.37,18.7,18.21,18.57,1491200
MDSO,20110919,16.93,17.22,16.66,16.89,151300
MDVN,20110919,19.44,19.69,18.41,18.94,2514200
MEAD,20110919,3.87,4.07,3.86,4.04,16600
MEAS,20110919,25.36,26.4,25.16,26.04,79900
MELA,20110919,3.32,3.38,3.22,3.3,574000
MELI,20110919,67.64,69.21,66.36,68.55,343100
MEMS,20110919,3.1,3.1,3.03,3.03,1700
MENT,20110919,10.39,10.6,10.18,10.47,880100
MEOH,20110919,23.81,24.17,23.33,23.76,147300
MERC,20110919,8.48,8.85,8.42,8.76,93700
MERU,20110919,9.21,9.38,8.52,8.7,80000
METR,20110919,9.45,9.48,9.2,9.21,17300
MFI,20110919,5.31,5.5,5.24,5.3,50100
MFLR,20110919,8.88,8.88,8.88,8.88,100
MFLX,20110919,20.08,20.26,19.81,20.16,41000
MFNC,20110919,5.5,5.5,5.5,5.5,300
MFRI,20110919,7.61,7.7,7.61,7.62,3500
MFSF,20110919,7.27,7.27,7.03,7.03,1000
MGAM,20110919,4.48,4.51,4.33,4.36,86600
MGEE,20110919,41.5,41.92,41.12,41.68,36100
MGIC,20110919,4,4.19,3.97,4.12,142100
MGLN,20110919,46.82,48.24,46.82,47.78,247900
MGPI,20110919,6.48,6.55,5.97,5.97,36400
MGRC,20110919,24.29,24.29,23.5,23.94,27500
MGYR,20110919,3.92,3.92,3.26,3.26,200
MHGC,20110919,6.25,6.4,6.12,6.29,72800
MHLD,20110919,7.73,8,7.62,7.84,380200
MIDD,20110919,73.01,75.04,71.3,73.86,84600
MIND,20110919,13.61,13.69,13.1,13.3,124900
MINI,20110919,16.66,17.41,16.44,16.77,255300
MITK,20110919,11.12,11.18,10.55,10.94,444200
MITL,20110919,2.93,3.23,2.93,3.23,22100
MKSI,20110919,24.14,24.15,23.28,23.64,371500
MKTAY,20110919,36.94,37.26,36.84,37.05,2800
MKTG,20110919,12.68,13.03,12.41,12.48,27700
MKTX,20110919,27.13,28,27.09,27.68,204000
MLAB,20110919,34.94,34.95,34.67,34.95,2800
MLHR,20110919,17.78,18.08,17.21,17.76,313000
MLNK,20110919,3.76,3.79,3.7,3.71,144400
MLNX,20110919,34.79,36.25,33.72,35.6,424400
MLVF,20110919,6.7,6.7,6.7,6.7,200
MMLP,20110919,34.89,35.87,34.61,35.79,44200
MMSI,20110919,14.32,14.74,14.01,14.41,284500
MMUS,20110919,5,5.07,4.93,4.95,7200
MMYT,20110919,22.9,24.47,22.5,24.17,61900
MNDO,20110919,1.94,1.96,1.91,1.91,16900
MNGLU,20110919,10.4,10.4,10.4,10.4,0
MNGLW,20110919,0.85,0.85,0.85,0.85,0
MNKD,20110919,3.37,3.49,3.27,3.34,545900
MNOV,20110919,2.25,2.29,2.14,2.14,8000
MNRK,20110919,5.4083,5.5167,5.3333,5.4333,3700
MNRO,20110919,37.82,38.8,36.6,38.25,218900
MNST,20110919,45.515,46.735,45.275,46.125,1459700
MNTA,20110919,17.53,17.7,11.91,12.3,11850700
MNTG,20110919,2.43,2.46,2.43,2.43,4200
MNTX,20110919,4.15,4.15,4.04,4.11,14000
MOBI,20110919,5.15,5.39,5.09,5.31,165300
MOCO,20110919,15.56,16.42,15.4,16.2,5000
MOFG,20110919,14.5,14.5,14.44,14.44,400
MOLX,20110919,21.44,21.67,21.16,21.52,1017900
MOLXA,20110919,17.93,18.25,17.75,18.15,148000
MORN,20110919,58.5,59.36,56.74,58.91,48500
MOSY,20110919,3.66,3.73,3.55,3.65,31900
MOVE,20110919,6.2,6.44,6.16,6.4,1053600
MPAA,20110919,9.59,9.71,9.3,9.55,32900
MPAC,20110919,5.29,5.53,5.29,5.4,3300
MPB,20110919,8.97,8.97,8.97,8.97,0
MPEL,20110919,11.1,11.97,11.06,11.86,5873600
MPET,20110919,1.6,1.6,1.53,1.58,44500
MPWR,20110919,12.38,12.58,11.98,12.21,220200
MRCY,20110919,13.2,13.28,12.9,13.05,161700
MRGE,20110919,6.91,7.03,6.82,6.96,667600
MRLN,20110919,10.46,10.5,10.25,10.46,17100
MRTN,20110919,18.95,19.02,18.57,18.78,35700
MRVL,20110919,14.91,15.35,14.74,15.24,10912600
MSBF,20110919,5,5,5,5,0
MSCC,20110919,16.71,17.14,16.5,16.85,366200
MSEX,20110919,17.66,17.77,17.44,17.52,25300
MSFG,20110919,8.66,8.83,8.6,8.64,26600
MSFT,20110919,26.8,27.31,26.6,27.21,52324800
MSG,20110919,23.55,24.09,23.23,23.7,164000
MSON,20110919,2.07,2.07,2.07,2.07,0
MSPD,20110919,5.74,5.91,5.57,5.71,170900
MSTR,20110919,119,121.92,116.34,119.1,131700
MTEX,20110919,5.6,5.6,5.4,5.4,52200
MTGE,20110919,18.43,18.43,18,18.2,28800
MTRX,20110919,9.41,9.75,9.32,9.62,231500
MTSC,20110919,33.49,33.8,32.76,33.26,38500
MTSL,20110919,1.45,1.45,1.32,1.32,800
MTSN,20110919,1.37,1.43,1.35,1.38,101900
MU,20110919,6.97,7.24,6.8,6.88,57270200
MVIS,20110919,7.52,7.52,6.88,7.12,889300
MVISW,20110919,0.3,0.3,0.3,0.3,0
MWIV,20110919,70.98,71.35,69.92,70.45,27100
MXIM,20110919,25.27,25.38,24.95,25.15,4498800
MXWL,20110919,18.16,18.56,17.94,18.45,188700
MYGN,20110919,20.04,20.21,19.2,19.31,651800
MYL,20110919,20.19,20.41,19.88,20.29,5429500
MYRG,20110919,19.06,19.33,18.73,18.99,63200
NAFC,20110919,30.72,30.87,30.13,30.56,35600
NAII,20110919,4.83,4.83,4.76,4.82,1000
NANO,20110919,15.68,16.18,15.55,15.95,210400
NASB,20110919,10.28,10.59,10.28,10.59,2500
NATH,20110919,18.88,19,18.8,18.98,4300
NATI,20110919,25.63,25.97,25.25,25.74,369700
NATL,20110919,22.02,23.41,21.92,22.48,5400
NATR,20110919,16.5,16.66,16.03,16.3,23100
NAUH,20110919,7.62,7.62,6.85,7.04,14200
NAVG,20110919,43.65,44.08,43.45,43.6,73000
NAVR,20110919,1.78,1.78,1.71,1.75,57600
NBBC,20110919,4.3,4.3,4,4.05,16000
NBIX,20110919,5.85,6,5.65,5.91,232200
NBN,20110919,12.95,12.95,12.95,12.95,0
NBTB,20110919,18.87,19,18.6,18.79,126900
NBTF,20110919,18.06,18.9,18.06,18.9,400
NCBC,20110919,3.07,3.07,3.05,3.05,1500
NCIT,20110919,14.16,14.48,14.14,14.22,37400
NCMI,20110919,13.94,14.11,13.84,13.9,399300
NCTY,20110919,4.4,4.42,4.32,4.35,38100
NDAQ,20110919,24.78,25.05,24.11,24.79,2657800
NDSN,20110919,43.62,44.65,43.2,44.13,455100
NECB,20110919,6.3,6.3,6.3,6.3,1100
NEOG,20110919,33,34.49,32.37,34.08,169900
NEPT,20110919,3.23,3.78,3.23,3.56,176200
NETC,20110919,8.69,8.81,8.47,8.78,20800
NEWL,20110919,0.73,0.73,0.73,0.73,0
NEWP,20110919,12.18,12.58,12,12.41,282700
NEWS,20110919,10.02,10.21,9.84,9.99,55800
NEWT,20110919,1.35,1.39,1.35,1.35,2200
NFBK,20110919,12.76,12.93,12.41,12.82,40900
NFEC,20110919,1.14,1.14,0.99,1.06,27700
NFLX,20110919,156.69,162.99,142.59,143.75,19972100
NFSB,20110919,12.59,12.69,12.55,12.64,1500
NGPC,20110919,7.1,7.2,7.02,7.1,77300
NHTB,20110919,12.55,12.62,12.4,12.4,3400
NICE,20110919,30.16,30.72,30,30.45,190900
NICK,20110919,10.87,10.87,10.43,10.44,19800
NIHD,20110919,36.13,36.19,35.29,35.76,1628000
NILE,20110919,35.35,36.27,34.99,35.78,142200
NINE,20110919,1.36,1.36,1.36,1.36,0
NKSH,20110919,24.08,24.2,23.65,23.84,2500
NKTR,20110919,5.09,5.21,4.97,4.98,950700
NLST,20110919,1.61,1.64,1.53,1.64,31200
NMRX,20110919,5.92,6.19,5.76,6.02,18200
NNBR,20110919,6.41,6.46,6.15,6.34,133700
NOVB,20110919,9.16,9.6,9.16,9.6,600
NPBC,20110919,7.39,7.42,7.21,7.34,849200
NPSP,20110919,6.46,6.64,6.34,6.56,886700
NRCI,20110919,33.55,34.01,32.55,33.8,7600
NRIM,20110919,18.94,19.29,18.94,19.28,1400
NSEC,20110919,11.1,11.1,11.1,11.1,100
NSIT,20110919,16.61,16.74,16.01,16.51,242200
NSPH,20110919,1.34,1.35,1.25,1.31,265800
NSSC,20110919,2.68,2.68,2.52,2.64,21300
NSYS,20110919,3.3,3.3,3.3,3.3,0
NTAP,20110919,37.43,37.6,35.8,36.35,8759200
NTCT,20110919,12.67,12.91,12.36,12.45,405500
NTES,20110919,44.42,45.15,43.65,44.6,948900
NTGR,20110919,26.9,27.93,26.49,27.61,492900
NTIC,20110919,15.64,16.11,15.5,15.88,1600
NTLS,20110919,17.91,18.14,17.49,18,85200
NTRI,20110919,11.72,11.82,11.5,11.59,381900
NTRS,20110919,36.49,36.52,35.35,35.67,2099300
NTSC,20110919,5.75,5.8,5.7,5.8,7000
NTSP,20110919,6.05,6.21,5.83,6.13,302800
NTWK,20110919,7.5,7.5,7,7,192700
NUAN,20110919,19.22,19.38,18.77,19.3,1205900
NUCL,20110919,33.64,33.65,33.56,33.56,900
NUTR,20110919,14.21,14.46,14.12,14.12,11200
NUVA,20110919,21.83,21.83,21.12,21.54,1122900
NVAX,20110919,1.67,1.7,1.6,1.65,527800
NVDA,20110919,15.2,15.31,14.75,15.14,24205000
NVEC,20110919,67,67.25,65.41,66.6,34800
NVGN,20110919,0.71,0.75,0.65,0.68,19400
NVMI,20110919,6.54,6.54,6.33,6.4,72300
NVSL,20110919,7.37,7.73,7.37,7.57,12900
NVTL,20110919,3.36,3.38,3.21,3.27,275600
NWBI,20110919,12.31,12.47,12.16,12.27,647900
NWFL,20110919,24.52,24.52,24.52,24.52,0
NWLI,20110919,142.96,145.8,139.28,143.32,2400
NWPX,20110919,25.47,26.39,25.09,26.21,55700
NWS,20110919,16.69,17.07,16.57,16.93,8742600
NWSA,20110919,16.59,17.01,16.46,16.89,19609400
NXPI,20110919,19.53,19.54,18.06,18.7,1773000
NXST,20110919,6.41,6.57,6.27,6.37,40900
NXTM,20110919,18.86,19.81,18.75,19.6,259500
NYMT,20110919,7.23,7.23,7.18,7.2,31000
NYMX,20110919,8.14,8.19,7.97,7.97,32700
NYNY,20110919,0.8,0.85,0.78,0.83,23300
OABC,20110919,14.4,14.43,14.23,14.24,12300
OBAF,20110919,14.26,14.5,14.26,14.5,1900
OBAS,20110919,7.25,7.25,7.25,7.25,0
OBCI,20110919,2.2,2.28,2.09,2.24,20300
OCC,20110919,3.75,3.75,3.7,3.7,200
OCFC,20110919,11.85,11.95,11.63,11.78,22300
OCLR,20110919,4.19,4.26,4.04,4.2,722700
OCLS,20110919,9.03,9.03,8.82,8.89,18200
OCZ,20110919,5.38,5.57,5.26,5.57,632000
ODFL,20110919,21.7067,21.9333,21.4467,21.7333,259400
OFED,20110919,12.07,12.07,12.07,12.07,0
OFIX,20110919,36.42,36.6,35.66,35.94,119000
OFLX,20110919,14.07,14.07,13.17,13.45,3500
OGXI,20110919,10.17,10.17,9.78,10.09,17000
OIIM,20110919,4.72,4.78,4.66,4.75,31200
OINK,20110919,2.02,2.03,1.88,1.99,56300
OKSB,20110919,4.54,4.54,4.26,4.37,111000
OKSBP,20110919,19.37,19.37,19.25,19.25,3800
OLBK,20110919,7.3,7.4,7.07,7.07,2600
OMAB,20110919,13.88,14.1,13.88,14.1,4700
OMCL,20110919,15.85,16.02,15.65,15.74,94100
OMER,20110919,3.66,3.88,3.66,3.85,62100
OMEX,20110919,2.67,3.1,2.67,3.03,1110400
OMPI,20110919,9.9,10.09,9.85,9.93,18700
ONCY,20110919,4.47,4.64,4.38,4.52,95300
ONEQ,20110919,101.32,103.32,100.83,102.81,41300
ONFC,20110919,8.75,8.98,8.75,8.81,1700
ONNN,20110919,8.03,8.14,7.9,8.01,7726900
ONTY,20110919,7.01,7.12,6.77,6.84,672700
ONVI,20110919,3.92,3.92,3.5,3.5,600
ONXX,20110919,32.46,32.99,32.01,32.63,426600
OPEN,20110919,52,52.86,50.09,51.87,1907500
OPHC,20110919,0.78,0.78,0.78,0.78,100
OPLK,20110919,16.47,16.75,16.29,16.5,108600
OPOF,20110919,10.82,10.82,10.8,10.82,300
OPTR,20110919,14.04,15.86,13.36,15.66,3622000
OPTT,20110919,3.2,3.28,3.17,3.25,17700
OPXA,20110919,5.24,5.64,5.2,5.24,20400
ORBC,20110919,2.67,2.68,2.57,2.63,73000
ORBK,20110919,9.82,10.01,9.62,9.87,47400
ORBT,20110919,3.7,3.8,3.6,3.75,13600
ORCL,20110919,28.74,29.24,28.17,29.02,34514300
OREX,20110919,1.53,1.55,1.42,1.47,265400
ORIT,20110919,13.33,13.58,13.2,13.43,409300
ORLY,20110919,70.6,72,70.54,71.72,1114700
ORRF,20110919,14.86,15,14.58,14.71,6700
OSBC,20110919,1.4,1.48,1.4,1.48,3300
OSBCP,20110919,3.65,4.08,3.31,3.97,3000
OSHC,20110919,10.09,10.21,10.09,10.15,800
OSIR,20110919,5.34,5.48,5.25,5.35,22300
OSIS,20110919,34.99,38.51,34.92,37.54,352000
OSN,20110919,2.13,2.13,1.8,1.99,24400
OSTK,20110919,9.79,10.18,9.63,10.07,63000
OSUR,20110919,7.63,7.94,7.53,7.87,226800
OTEX,20110919,56,56.41,54.52,55.71,544500
OTIV,20110919,1.5,1.52,1.46,1.51,68000
OTT,20110919,16,16.07,15.75,15.91,27400
OTTR,20110919,19.92,20.13,19.78,20,123800
OUTD,20110919,6.3,6.3,6.16,6.2,25300
OVBC,20110919,17.06,17.1,17,17.05,2800
OVLY,20110919,5.41,5.41,5.41,5.41,200
OVRL,20110919,2.55,2.67,2.5,2.62,16800
OVTI,20110919,17.25,17.33,16.82,17.08,3306400
OXBT,20110919,2.12,2.17,2.12,2.16,3400
OXGN,20110919,1.2,1.22,1.13,1.18,739000
OXLC,20110919,14.99,15,14.76,14.76,12200
OZRK,20110919,21.48,21.53,21.1,21.21,152900
PAAS,20110919,32.2,32.75,31.82,32.13,870900
PACB,20110919,5.99,5.99,5.57,5.65,275700
PACQ,20110919,9.41,9.48,9.41,9.48,2600
PACQW,20110919,0.5,0.5,0.5,0.5,0
PACR,20110919,4,4.13,4,4.04,201600
PACW,20110919,15.82,15.82,15.27,15.4,116200
PAGG,20110919,29.54,29.84,29.44,29.71,9200
PANL,20110919,54.36,59.06,54.03,58.36,2191900
PATH,20110919,2.69,2.77,2.62,2.73,75600
PATK,20110919,2.06,2.06,1.86,1.88,6400
PATR,20110919,20.94,20.94,19.86,19.88,3800
PAYX,20110919,26.83,27.33,26.64,27.21,2428100
PBCT,20110919,12.28,12.32,12.05,12.19,4228400
PBHC,20110919,8.75,8.75,8.75,8.75,0
PBIB,20110919,4.27,4.27,4.27,4.27,0
PBIP,20110919,5.71,5.71,5.71,5.71,0
PBSK,20110919,11.1,11.34,11.01,11.2,98100
PCAR,20110919,37.47,37.91,36.84,37.65,2878000
PCBK,20110919,7.33,7.49,6.61,7.19,73300
PCCC,20110919,8.51,8.55,8.4,8.46,20100
PCH,20110919,31.94,32.87,31.85,32.48,337400
PCLN,20110919,518.34,536.45,510.54,531.45,1155400
PCO,20110919,2.4,2.4,2.18,2.2,185100
PCOM,20110919,9,10.42,8.25,10.07,114800
PCRX,20110919,10.49,10.8,10.06,10.5,43600
PCTI,20110919,6.24,6.5,6.16,6.43,17800
PCYC,20110919,11.1,11.44,10.85,11.27,488100
PCYO,20110919,2.55,2.67,2.53,2.55,11800
PDCO,20110919,27.61,28.09,27.32,27.94,1064700
PDEX,20110919,2.15,2.15,2.15,2.15,17400
PDFS,20110919,4.93,5.02,4.83,4.91,16700
PDII,20110919,6.86,7.3,6.83,6.9,10200
PDLI,20110919,5.73,5.75,5.64,5.66,1222800
PEBK,20110919,4.3,4.74,4.3,4.5,2500
PEBO,20110919,10.01,10.17,9.99,9.99,11400
PEGA,20110919,36.66,37.66,35.88,37.21,171800
PEIX,20110919,0.34,0.34,0.25,0.29,3398200
PENN,20110919,35.84,36.97,35.15,36.76,882600
PENX,20110919,5.46,5.46,5.32,5.32,2300
PEOP,20110919,13.6,13.62,13.33,13.39,6000
PERF,20110919,14.99,14.99,13.31,14.5,2100
PERY,20110919,20.47,20.91,20.33,20.6,181000
PESI,20110919,1.32,1.35,1.25,1.29,70300
PETM,20110919,44.05,45.1,43.7,44.97,902900
PETS,20110919,9.67,9.83,9.56,9.78,163000
PFBC,20110919,7.62,7.98,7.62,7.85,9200
PFBI,20110919,5.64,5.79,5.64,5.74,400
PFBX,20110919,10.82,10.85,10.8,10.8,1000
PFIN,20110919,4.54,4.54,4.38,4.43,13800
PFLT,20110919,10.9,10.91,10.61,10.83,21800
PFSW,20110919,4.86,4.97,4.84,4.92,44800
PGC,20110919,10.05,10.08,9.98,10.04,5600
PGNX,20110919,5.59,6.3,5.59,6.15,123100
PGTI,20110919,1.68,1.68,1.6,1.6,24400
PHII,20110919,22.5,22.5,22.5,22.5,0
PHIIK,20110919,22.72,22.99,21.93,22.7,15600
PHMD,20110919,13.75,14,13.75,14,900
PICO,20110919,21.74,22,21.27,21.52,82200
PKBK,20110919,7.24,7.24,7.24,7.24,0
PKOH,20110919,14.94,15.2,14.5,14.94,56400
PLAB,20110919,6.54,6.64,6.32,6.54,632100
PLBC,20110919,2.56,2.56,2.2,2.36,2200
PLCC,20110919,0.88,0.88,0.88,0.88,0
PLCE,20110919,45.37,47.34,44.51,46.84,754800
PLCM,20110919,21.84,22.59,21.1,22.27,2113600
PLMT,20110919,9.3,9.54,8.95,8.95,2800
PLNR,20110919,2.04,2.05,2.04,2.04,5400
PLPC,20110919,53.36,54.12,50.54,53.52,4900
PLTM,20110919,21.96,22.16,21.6,21.86,5600
PLUG,20110919,1.94,1.95,1.81,1.89,136600
PLUS,20110919,24.29,24.29,23.58,23.9,11900
PLXS,20110919,26.49,26.76,25.66,25.94,422200
PLXT,20110919,3.23,3.23,3.08,3.13,93000
PMBC,20110919,3.87,3.96,3.85,3.94,2300
PMCS,20110919,6.47,6.59,6.43,6.53,2233800
PMD,20110919,8.19,8.25,8.11,8.12,4600
PMFG,20110919,15.55,16.02,15.45,15.9,28200
PMNA,20110919,11.14,11.14,11.1,11.13,1500
PMTC,20110919,16.74,16.92,16.42,16.62,1090100
PMTI,20110919,8.44,8.51,7.93,8.46,104200
PNBK,20110919,1.94,2.08,1.92,1.94,1200
PNFP,20110919,11.28,11.6,10.72,10.8,220000
PNNT,20110919,9.91,10.05,9.77,9.94,355200
PNQI,20110919,36.54,36.7,36.16,36.6,33700
PNRA,20110919,111.08,116.95,110.45,116.15,588000
PNRG,20110919,20.79,20.79,20.79,20.79,0
PNTR,20110919,4.02,4.02,4,4,2700
PODD,20110919,17.06,17.34,16.35,16.38,637100
POOL,20110919,27.58,27.93,27.31,27.7,311500
POPE,20110919,42.01,42.3,41.61,41.61,5900
POWI,20110919,33.9,34.33,32.97,33.52,580000
POWL,20110919,32.93,34.55,32.93,33.92,26100
POWR,20110919,4,4.23,4,4.14,53800
POZN,20110919,2.73,2.83,2.7,2.76,190600
PPBI,20110919,6.02,6.1,6.01,6.1,4900
PPHM,20110919,1.23,1.29,1.23,1.25,213900
PRAA,20110919,66.67,67.35,65.09,65.37,101600
PRAN,20110919,2.13,2.31,1.83,1.93,2867800
PRCP,20110919,5.85,6.21,5.77,5.83,24700
PRFT,20110919,7.96,8.08,7.86,7.97,192200
PRFZ,20110919,57.13,57.68,56.42,57.29,63700
PRGO,20110919,95.04,97.16,93.63,96.44,570000
PRGS,20110919,20.02,20.08,19.43,19.69,497400
PRGX,20110919,5.18,5.18,5.07,5.13,26700
PRIM,20110919,10.54,10.98,10.45,10.74,102700
PRKR,20110919,1.22,1.22,1.04,1.07,204500
PRLS,20110919,3.58,3.61,3.58,3.61,3900
PRMW,20110919,6.71,6.71,6.19,6.29,299200
PROV,20110919,8.19,8.43,8.11,8.36,6000
PRPH,20110919,0.85,0.85,0.85,0.85,0
PRSC,20110919,8.7,8.9,8.57,8.82,65300
PRTS,20110919,4.67,4.82,4.65,4.73,49600
PRXI,20110919,1.71,1.74,1.71,1.73,19900
PRXL,20110919,20.92,21.21,20.52,20.86,817100
PSAU,20110919,49.22,49.22,48.6,48.8,3900
PSBH,20110919,4.75,4.75,4.75,4.75,400
PSCC,20110919,30.14,30.36,30.07,30.36,1200
PSCD,20110919,25.4,25.67,25.4,25.57,1700
PSCE,20110919,31.72,32.5,31.17,32.06,27200
PSCF,20110919,24.52,24.7,24.35,24.7,4000
PSCH,20110919,28.52,28.95,28.47,28.82,8700
PSCI,20110919,24.84,25.11,24.84,24.92,1300
PSCM,20110919,24.85,24.85,24.85,24.85,200
PSCT,20110919,25.57,25.63,25.22,25.52,17300
PSCU,20110919,28.38,28.45,28.38,28.45,1400
PSDV,20110919,4.36,4.48,4.31,4.43,31900
PSEC,20110919,8.76,8.79,8.59,8.68,1696000
PSEM,20110919,7.75,7.87,7.52,7.8,35700
PSMT,20110919,72.12,74.59,71.4,74.16,312900
PSTB,20110919,3.8,3.84,3.66,3.78,72300
PSTI,20110919,2.25,2.28,2.23,2.27,128200
PSTR,20110919,4.11,4.25,3.9,4.22,17800
PSUN,20110919,1.51,1.53,1.4,1.5,988900
PTEK,20110919,0.96,0.96,0.96,0.96,400
PTEN,20110919,22.17,22.25,21.36,21.98,3832300
PTIE,20110919,5,5,4.69,4.8,365100
PTIX,20110919,1.87,1.95,1.87,1.87,600
PTNR,20110919,9.75,9.85,9.61,9.82,274300
PTRY,20110919,12.6,12.94,12.15,12.58,259000
PTSI,20110919,10.81,10.81,10.49,10.61,500
PTSX,20110919,0.6,0.7,0.53,0.62,31900
PULB,20110919,6.58,6.6,6.21,6.6,10700
PURE,20110919,0.92,0.94,0.9,0.92,107400
PVFC,20110919,1.66,1.74,1.6,1.66,14000
PVTB,20110919,8.42,8.45,8.06,8.19,674900
PVTBP,20110919,25.22,25.3,25,25.01,5200
PWER,20110919,6.65,6.66,6.3,6.31,2917000
PWOD,20110919,32.22,32.4,32.1,32.22,1900
PWRD,20110919,13.99,13.99,13.28,13.37,1341000
PWX,20110919,13.39,13.39,12.13,12.37,3900
PXLW,20110919,2.25,2.25,2.23,2.24,7100
PZZA,20110919,29.42,30.06,29.33,29.85,86600
PZZI,20110919,3.15,3.25,3.05,3.24,98100
QABA,20110919,20.46,20.57,20.45,20.57,700
QADA,20110919,10.97,11.35,10.92,11.19,25800
QADB,20110919,12.05,12.05,11.57,11.61,6300
QBAK,20110919,1.9,1.91,1.9,1.91,4500
QCCO,20110919,3.45,3.51,3.4,3.4,18100
QCLN,20110919,11.43,11.65,11.4,11.64,4900
QCOM,20110919,53.06,53.91,52.41,53.67,12067300
QCOR,20110919,26.79,28.37,26.79,27.8,887500
QCRH,20110919,9.18,9.18,9.18,9.18,0
QDEL,20110919,15.1,15.36,14.9,15.01,131600
QGEN,20110919,14.13,14.3,14.06,14.18,896500
QKLS,20110919,33.6,33.6,31.2,31.68,41200
QLGC,20110919,14.2,14.43,13.99,14.33,753400
QLIK,20110919,23.69,24.33,23.11,23.94,1496700
QLTI,20110919,7.5,7.55,7.36,7.45,128500
QLTY,20110919,10.03,10.37,9.87,10.14,173300
QNST,20110919,10.81,10.83,10.5,10.76,276400
QQEW,20110919,23.32,23.57,23.14,23.45,45100
QQQ,20110919,55.91,56.91,55.43,56.61,73042800
QQQX,20110919,13.48,13.65,13.36,13.64,34700
QQXT,20110919,21.67,21.83,21.65,21.83,1800
QSII,20110919,47.01,48.26,46.835,47.85,176300
QTEC,20110919,23.47,23.66,23.22,23.55,27400
QTWW,20110919,2.86,2.89,2.7,2.77,152700
QUIK,20110919,2.63,2.72,2.63,2.68,39600
RADA,20110919,2.35,2.47,2.35,2.46,10800
RAIL,20110919,16.42,16.75,15.97,16.07,160400
RAND,20110919,2.8,2.8,2.8,2.8,0
RAVN,20110919,25.815,26.225,25.34,26.08,42500
RBCAA,20110919,17.59,17.59,16.79,17.09,32500
RBCN,20110919,12.24,12.36,12,12.2,366600
RBNF,20110919,2.73,2.73,2.73,2.73,0
RBPAA,20110919,1.02,1.02,0.98,1.01,2300
RCII,20110919,28.36,28.91,28.04,28.66,500500
RCKB,20110919,9.66,9.8,9.52,9.76,58800
RCKY,20110919,11.45,11.48,11.07,11.32,10900
RCMT,20110919,4.41,4.56,4.33,4.33,16900
RCON,20110919,1.17,1.18,1.16,1.16,17600
RDA,20110919,9.15,9.34,9.15,9.3,63400
RDCM,20110919,4.23,4.26,3.98,4.09,7200
RDEN,20110919,31.84,32.49,31.15,32.35,138700
RDI,20110919,4.26,4.26,4,4.25,10700
RDIB,20110919,6.71,6.71,6.71,6.71,0
RDNT,20110919,2.75,2.89,2.64,2.86,181700
RDWR,20110919,12.28,12.445,12.165,12.235,178900
RECN,20110919,9.43,9.78,9.24,9.52,350100
REDF,20110919,9.1,9.39,8.91,9.21,402700
REFR,20110919,3.82,3.9,3.75,3.76,6200
REGN,20110919,60.41,65.63,59.68,64.92,1895400
REIS,20110919,9.2,9.2,8.94,9,12400
RELL,20110919,14.09,14.28,13.93,14.15,62700
RELV,20110919,1.62,1.63,1.52,1.61,4900
RENT,20110919,14.18,14.44,13.44,13.77,46600
REXI,20110919,4.86,4.86,4.5,4.73,27200
REXX,20110919,13.52,13.94,13.26,13.55,769300
RFIL,20110919,3.66,3.72,3.66,3.67,2400
RFMD,20110919,6.85,7.1,6.85,7.01,17215400
RGCO,20110919,19.05,19.05,18.51,19,1200
RGDX,20110919,2.1,2.1,2.09,2.1,300
RGEN,20110919,3.26,3.32,3.26,3.27,8500
RGLD,20110919,80.98,81.24,78.68,79.32,1003300
RICK,20110919,6.78,6.92,6.77,6.77,22200
RIGL,20110919,7.7,7.8,7.58,7.76,483200
RIMG,20110919,13.72,13.9,13.7,13.82,12900
RITT,20110919,4.63,4.63,4.26,4.43,4800
RIVR,20110919,15.8,16.1,15.75,16.1,600
RJET,20110919,2.95,3,2.85,2.87,414900
RLOC,20110919,13.28,13.7,12.35,12.78,297300
RLOG,20110919,6,6.22,6,6.15,21300
RMBS,20110919,13.06,13.51,12.88,13.39,2291800
RMCF,20110919,9.07,9.07,8.9,8.99,3800
RMKR,20110919,1.09,1.09,1.09,1.09,0
RMTI,20110919,8.7,8.72,8.35,8.49,45300
RNET,20110919,16.26,17.25,15.09,15.31,8100
RNIN,20110919,6.65,6.8,6.3,6.8,19100
RNST,20110919,13.5,13.84,13.43,13.82,166500
ROCK,20110919,9.22,9.52,9.16,9.41,194100
ROCM,20110919,7.62,7.88,7.61,7.88,5700
ROIA,20110919,1.38,1.38,1.38,1.38,200
ROIAK,20110919,1.4,1.4,1.34,1.35,32800
ROIC,20110919,11.15,11.3,11.09,11.2,258200
ROICW,20110919,0.65,0.73,0.61,0.72,267900
ROLL,20110919,33.98,35,32.85,34.48,82600
ROMA,20110919,8.23,8.36,8.1,8.19,18800
ROSE,20110919,44.66,46.92,43.61,46.32,845400
ROSG,20110919,16.8,18.9,15.75,16.05,28700
ROST,20110919,39.765,40.9,39.5,40.62,911100
ROVI,20110919,45.03,45.62,44.46,45.3,890500
ROYL,20110919,2.52,2.56,2.45,2.52,119300
RP,20110919,20.45,20.61,19.82,20.07,176800
RPRX,20110919,4.9,5.03,4.73,4.94,35000
RPTP,20110919,4.75,5.12,4.67,4.97,741100
RPXC,20110919,21.95,22.92,21.63,22.68,328800
RRD,20110919,14.72,14.85,14.48,14.65,2235600
RRGB,20110919,26.29,27.56,26.07,27.36,345800
RRST,20110919,5.37,5.59,5.3,5.4,5700
RSOL,20110919,1.89,2.08,1.89,2.05,9300
RSTI,20110919,21.22,21.53,20.83,21.16,239500
RSYS,20110919,6.62,6.7,6.47,6.64,102100
RTEC,20110919,6.71,6.78,6.53,6.63,163200
RTIX,20110919,3.42,3.48,3.39,3.45,232500
RUE,20110919,24.91,25.42,24.26,25.21,392900
RUSHA,20110919,16.96,17.48,16.79,17.18,58700
RUSHB,20110919,13.51,14.14,13.51,14,1000
RUTH,20110919,4.83,4.99,4.75,4.92,108300
RVBD,20110919,23.74,24.06,23.08,23.79,3056300
RVSB,20110919,2.49,2.57,2.12,2.46,42700
RYAAY,20110919,24.74,25.01,24.5,24.87,408000
SAAS,20110919,3.63,3.67,3.43,3.57,61900
SAFM,20110919,41.74,42.43,41.47,42.05,233800
SAFT,20110919,36.07,37.38,36.07,37.11,33500
SAIA,20110919,11.93,12.38,11.92,12.27,57400
SALM,20110919,2.56,2.6,2.56,2.56,600
SANM,20110919,7.53,7.78,7.4,7.67,830700
SANW,20110919,4.75,5.02,4.75,4.95,5500
SANWW,20110919,0.69,0.69,0.69,0.69,1100
SANWZ,20110919,0.25,0.27,0.22,0.27,4200
SAPE,20110919,10.48,10.93,10.27,10.71,1151000
SASR,20110919,15.82,16.13,15.53,15.83,43900
SATS,20110919,23.49,23.51,22.77,23.3,118800
SAVE,20110919,12.6,12.6,12.19,12.55,53000
SBAC,20110919,37.03,38.18,36.81,38.02,1350600
SBBX,20110919,5.51,6.03,5.5,5.64,700
SBCF,20110919,1.47,1.59,1.47,1.53,132700
SBGI,20110919,8.06,8.21,7.81,8.08,672800
SBLK,20110919,21,21.15,20.25,21.15,237500
SBNY,20110919,52.58,52.77,51.45,51.96,448000
SBNYW,20110919,29.75,29.75,29.75,29.75,0
SBRA,20110919,11.04,11.46,10.96,11.21,142200
SBSA,20110919,2.81,2.81,2.76,2.79,1600
SBSI,20110919,19.21,19.43,19.09,19.28,38200
SBUX,20110919,38.88,41.41,38.81,41.16,10673100
SCBT,20110919,26.52,27.28,26.36,26.53,21200
SCHL,20110919,26.79,28.12,26.59,27.65,106500
SCHN,20110919,41.74,41.86,40.29,41.5,213000
SCLN,20110919,4.4,4.45,4.24,4.29,125600
SCMP,20110919,3.37,3.64,3.33,3.36,18400
SCOK,20110919,3.85,3.92,3.3,3.51,211400
SCON,20110919,20.16,20.52,19.44,20.16,47100
SCOR,20110919,17.03,17.22,16.48,16.97,302900
SCSC,20110919,30.07,31.09,30.02,30.62,119500
SCSS,20110919,15.99,16.43,15.5,16.24,735000
SCVL,20110919,16.0667,16.0667,15.4267,15.6733,53400
SDBT,20110919,2.25,2.25,2.25,2.25,0
SDIX,20110919,1.89,1.9,1.79,1.81,800
SEAC,20110919,8.36,8.41,8.06,8.12,81600
SEED,20110919,2.39,2.55,2.28,2.49,161200
SEIC,20110919,16.12,16.16,15.69,15.84,1686200
SENEA,20110919,22.09,22.35,21.76,21.8,29300
SENEB,20110919,21.85,21.85,21.85,21.85,500
SEV,20110919,6.12,6.12,6.01,6.01,4300
SFLY,20110919,52.92,54.24,52.03,53.47,623400
SFNC,20110919,21.41,21.41,20.56,20.8,28500
SFST,20110919,6.8,6.8,6.8,6.8,0
SGC,20110919,11.01,11.25,11.01,11.18,1000
SGEN,20110919,18,19.47,17.86,19.03,2037700
SGI,20110919,15.64,15.96,15.07,15.66,561600
SGMA,20110919,3.55,3.86,3.55,3.86,500
SGMO,20110919,6.16,6.16,5.55,5.6,1714400
SGMS,20110919,7.7,7.79,7.6,7.7,465700
SGNT,20110919,19.84,19.98,19.35,19.65,77600
SGOC,20110919,2.75,2.75,2.75,2.75,700
SGRP,20110919,1.05,1.05,1.05,1.05,3700
SHBI,20110919,4.95,4.99,4.24,4.47,30200
SHEN,20110919,12.56,12.57,12.01,12.12,36300
SHFL,20110919,8.64,8.7,8.48,8.58,231300
SHIP,20110919,4.18,4.42,4.12,4.19,3200
SHLD,20110919,60.2,61.34,58.44,59.25,748300
SHLM,20110919,17.88,18.39,17.68,18.16,152300
SHLO,20110919,9.53,9.65,9.5,9.54,6900
SHOO,20110919,34.76,36.41,34.42,36.04,478900
SHOR,20110919,6.06,6.2,5.96,6.01,248600
SIAL,20110919,63.6,64.01,62.45,63.57,845700
SIBC,20110919,11.4,11.55,11.33,11.45,8500
SIEB,20110919,1.38,1.38,1.38,1.38,100
SIFI,20110919,9.4,9.5,9.23,9.49,5500
SIFY,20110919,4.81,5.16,4.72,5.05,810200
SIGA,20110919,5.06,5.36,5,5.1,623000
SIGI,20110919,13.76,13.86,13.57,13.7,204800
SIGM,20110919,8.44,8.5,8.25,8.29,194800
SILC,20110919,15.28,15.5,15.28,15.47,1500
SIMG,20110919,6.01,6.11,5.9,6,919200
SIMO,20110919,13.15,13.29,12.8,13.05,624500
SINA,20110919,108.13,110.89,105.51,109.35,4100000
SINO,20110919,2.93,2.93,2.71,2.79,11100
SIRI,20110919,1.79,1.81,1.78,1.79,45026300
SIRO,20110919,44.52,45.61,43.97,44.96,434100
SIVB,20110919,42.67,42.67,40.8,41.45,437200
SIVBO,20110919,24.8,24.99,24.8,24.8,2300
SKBI,20110919,2.5,2.51,2.41,2.41,46100
SKUL,20110919,13.73,14.92,13.73,14.8,338000
SKYW,20110919,12.37,12.59,12.3,12.47,346500
SKYY,20110919,16.9,17.14,16.72,17.06,23500
SLAB,20110919,36.1,36.8,35.9,36.48,483600
SLGN,20110919,36.99,36.99,36.34,36.6,358500
SLMAP,20110919,42.14,42.98,42.14,42.28,4300
SLP,20110919,3.05,3.12,3.05,3.12,6300
SLRC,20110919,21.75,21.98,21.46,21.72,213500
SLTC,20110919,4.34,4.34,4.26,4.26,300
SLTM,20110919,1.4,1.45,1.25,1.39,234000
SLXP,20110919,28.76,29.53,28.69,29.25,716900
SMBC,20110919,20.67,20.67,20.67,20.67,100
SMCI,20110919,13.32,13.72,13.28,13.4,70200
SMED,20110919,4.11,4.25,4.11,4.2,16900
SMIT,20110919,3.49,3.49,3.47,3.49,4300
SMMF,20110919,3.21,3.21,2.89,2.97,1300
SMRT,20110919,6.86,6.86,6.41,6.56,449900
SMSI,20110919,1.77,1.78,1.71,1.73,228000
SMT,20110919,4.14,4.2,4.05,4.2,177500
SMTC,20110919,23.65,24.03,23.12,23.77,458400
SMTX,20110919,1.57,1.59,1.52,1.58,13600
SNAK,20110919,3.94,4.05,3.87,3.89,20700
SNBC,20110919,3.08,3.1,2.95,2.99,133700
SNCR,20110919,27.25,27.37,26.13,26.7,205800
SNDK,20110919,41.99,44.04,41.81,43.67,9647600
SNFCA,20110919,1.5,1.5,1.5,1.5,0
SNHY,20110919,24.31,25.16,23.89,24.74,70100
SNMX,20110919,3.75,4.23,3.69,4.14,197600
SNPS,20110919,25.59,25.72,25.13,25.59,1173600
SNSS,20110919,1.39,1.45,1.33,1.35,119700
SNTA,20110919,3.98,4.13,3.84,4.06,81300
SNTS,20110919,2.96,3.08,2.9,2.97,289600
SOCB,20110919,1.82,1.91,1.82,1.85,700
SODA,20110919,40.65,42.38,40.28,42.26,1016900
SOFO,20110919,9.07,10,9.07,9.87,31100
SOHU,20110919,69.48,70.11,67.94,68.58,2158400
SOMH,20110919,7.75,7.75,7.75,7.75,0
SONA,20110919,6.55,6.55,6.54,6.54,600
SONC,20110919,7.79,7.97,7.71,7.75,499100
SONS,20110919,2.39,2.41,2.32,2.38,1462400
SORL,20110919,3.79,4.03,3.61,3.82,396500
SOXX,20110919,50.9,51.57,50.43,51.3,397400
SPAN,20110919,14.25,14.46,14.23,14.32,900
SPAR,20110919,4.37,4.52,4.37,4.45,80400
SPBC,20110919,11.2,11.2,11.2,11.2,0
SPCHA,20110919,1.85,1.85,1.81,1.85,1800
SPCHB,20110919,2.3,2.37,2.3,2.37,400
SPEX,20110919,39.6,39.6,36.4,37.2,48000
SPIL,20110919,4.75,4.86,4.72,4.85,1331800
SPIR,20110919,1.71,1.71,1.56,1.57,6600
SPLS,20110919,14.81,14.82,14.3,14.48,8170100
SPMD,20110919,2.22,2.22,2.11,2.17,44400
SPNC,20110919,6.46,6.85,6.46,6.75,113600
SPNS,20110919,3.12,3.12,3.12,3.12,100
SPPI,20110919,8.63,8.71,8.42,8.59,686500
SPPR,20110919,0.83,0.83,0.81,0.81,26300
SPPRO,20110919,20.35,20.35,20.35,20.35,300
SPPRP,20110919,7.33,7.33,7.33,7.33,0
SPRD,20110919,20.49,21.53,20.36,21.43,1583700
SPRO,20110919,2.08,2.08,2.08,2.08,100
SPRT,20110919,2.37,2.41,2.31,2.37,208000
SPSC,20110919,17.46,17.97,17.25,17.73,25100
SPTN,20110919,15.68,15.8,15.32,15.49,80500
SPU,20110919,2.3,2.83,2.2,2.79,237500
SQI,20110919,14.82,14.82,14.48,14.61,13800
SQNM,20110919,5.85,5.85,5.65,5.73,1003800
SQQQ,20110919,89.88,92,85.2,86.52,2983400
SRCE,20110919,21.54,21.7,21.13,21.44,31500
SRCL,20110919,83.06,83.65,81.58,83.09,389100
SRDX,20110919,10.19,10.36,9.62,9.78,40100
SREV,20110919,15.04,15.25,14.26,14.3,723200
SSBI,20110919,5.81,5.83,5.75,5.83,1600
SSFN,20110919,5.9,5.9,5.9,5.9,100
SSNC,20110919,15.65,15.65,15.07,15.19,145600
SSRI,20110919,25.59,26.28,25.06,25.78,1453200
SSRX,20110919,13.41,13.72,13.03,13.21,56100
SSYS,20110919,22.5,22.62,21.42,21.78,249700
STAA,20110919,8.28,8.32,7.91,8.13,371600
STAN,20110919,15.81,16.02,15.55,15.66,26200
STB,20110919,6.35,6.35,6.22,6.32,88100
STBA,20110919,17.14,17.38,17,17.06,134400
STBZ,20110919,13.54,13.54,12.84,12.92,47800
STEC,20110919,9.53,9.73,9.37,9.61,1413200
STEI,20110919,5.84,6.02,5.8,5.97,458600
STEL,20110919,10.95,11.02,10.6,10.77,38100
STEM,20110919,2.42,2.43,2.35,2.37,115800
STFC,20110919,12.73,12.88,12.55,12.68,29900
STKL,20110919,4.95,5.11,4.79,5.09,292900
STLD,20110919,11.94,12.18,11.69,12.02,4636700
STLY,20110919,3.38,3.38,3.19,3.23,5200
STMP,20110919,22.2,25.24,21.8,23.78,813300
STND,20110919,14.68,14.68,14.68,14.68,0
STNR,20110919,40.01,41.2,39.75,40.58,53600
STRA,20110919,88.23,89.21,85.5,86.33,156300
STRL,20110919,11.8,11.91,11.4,11.62,24000
STRM,20110919,1.85,1.85,1.76,1.76,5800
STRN,20110919,5.06,5.06,5.06,5.06,0
STRS,20110919,9.14,9.31,8.57,9.31,500
STRT,20110919,22.39,24,22.39,23.01,900
STSA,20110919,14.19,14.19,12.83,13.42,66400
STX,20110919,11.82,11.89,11.54,11.7,4262600
STXS,20110919,14.2,14.2,13.4,13.7,188600
SUBK,20110919,8.74,8.95,8.56,8.66,65400
SUMR,20110919,7.28,7.55,7.25,7.49,37900
SUNS,20110919,15.46,15.88,15.45,15.7,21900
SUPX,20110919,19.45,19.48,18.87,19.13,23500
SURG,20110919,4.95,5.16,4.93,5.11,89600
SUSQ,20110919,6.29,6.39,6.03,6.13,1170100
SUTR,20110919,1.07,1.13,1.06,1.11,23500
SVA,20110919,2.27,2.32,2.22,2.25,60000
SVBI,20110919,2.58,2.65,2.58,2.65,300
SVNT,20110919,4.25,4.49,4.23,4.37,3749400
SVVC,20110919,16.19,16.59,16.01,16.01,2100
SWHC,20110919,2.79,2.79,2.73,2.76,183400
SWIR,20110919,7.27,7.51,7.22,7.44,70600
SWKS,20110919,21.49,21.8,21.17,21.59,2341800
SWSH,20110919,5,5.1,4.66,4.78,492500
SYBT,20110919,19.14,19.48,19.03,19.03,18400
SYBTP,20110919,11.3,11.3,11.3,11.3,800
SYKE,20110919,15.68,15.75,15.26,15.39,222000
SYMC,20110919,17.3,17.48,17.02,17.4,7092100
SYMM,20110919,4.99,5.02,4.86,4.92,55000
SYMX,20110919,1.55,1.58,1.55,1.57,40700
SYNA,20110919,25.49,25.5,24.28,24.38,603900
SYNL,20110919,10.19,10.46,10.02,10.25,4300
SYNM,20110919,10.3,10.5,10.2,10.2,325400
SYNT,20110919,39.46,41.63,38.63,41.08,371900
SYPR,20110919,3,3.01,3,3.01,500
SYUT,20110919,4.77,4.86,4.7,4.75,23100
SZYM,20110919,13.23,13.41,12.52,13.01,289800
TACT,20110919,8.82,8.83,8.05,8.13,51800
TAIT,20110919,1.04,1.04,1.04,1.04,0
TASR,20110919,4.45,4.58,4.38,4.51,232100
TAST,20110919,9.1,9.39,9.02,9.35,39300
TATT,20110919,5.15,5.15,5.15,5.15,0
TAXI,20110919,9.75,9.8,9.51,9.63,40000
TAYC,20110919,6.61,6.61,6.28,6.38,23500
TAYCP,20110919,19.68,20.01,19.65,20.01,2400
TAYD,20110919,7.49,7.5,7.36,7.4,7600
TBAC,20110919,1.56,1.72,1.53,1.53,1000
TBBK,20110919,7.18,7.31,7.07,7.17,84700
TBNK,20110919,19.26,19.3,19.14,19.2,25100
TBOW,20110919,2.93,3.05,2.93,2.99,8900
TCBI,20110919,24.34,24.77,24.23,24.34,188700
TCBIW,20110919,12.67,12.67,12.67,12.67,0
TCBK,20110919,12.67,12.77,12.48,12.6,15000
TCCO,20110919,7.52,7.53,7.36,7.45,900
TCRD,20110919,11.2,11.2,10.99,11.01,50300
TEAR,20110919,1.01,1.12,1.01,1.02,10600
TECD,20110919,47.48,48.1,47.02,47.71,374200
TECH,20110919,71.47,71.78,70.57,71.17,48900
TECUA,20110919,7.84,8.23,7.55,8.17,126900
TECUB,20110919,7.66,7.66,7.66,7.66,100
TELK,20110919,9.3,10.5,9,9.3,21300
TESO,20110919,15.13,15.31,14.64,15.02,116500
TESS,20110919,14.52,14.64,14.35,14.54,24900
TFCO,20110919,3.6,3.6,3.6,3.6,100
TFM,20110919,39.43,40.13,37.58,39.65,496000
TFSL,20110919,8.44,8.49,8.3,8.37,196700
TGA,20110919,10.09,10.37,9.86,10.07,102200
TGE,20110919,5.52,5.64,5.39,5.52,9600
THFF,20110919,28.26,28.5,28.02,28.21,32100
THLD,20110919,1.7,1.8,1.6,1.74,210300
THOR,20110919,31.31,31.94,30.94,31.76,562300
THRD,20110919,21.46,21.5,20.48,20.48,500
THRX,20110919,19.82,20.51,19.68,19.96,284300
THTI,20110919,1.94,1.94,1.85,1.85,2700
TIBX,20110919,21.95,22.34,21.5,22.17,1652800
TICC,20110919,8.56,8.68,8.45,8.56,176000
TIGR,20110919,2.9,2.9,2.82,2.9,900
TINY,20110919,3.91,3.92,3.8,3.9,111400
TISA,20110919,2.25,2.25,2.07,2.11,51700
TITN,20110919,22.29,23.07,21.67,22.78,253200
TIVO,20110919,10.77,11.08,10.52,10.75,3837900
TKMR,20110919,1.87,2.08,1.87,2.08,900
TLAB,20110919,4.4,4.48,4.31,4.47,4838000
TLF,20110919,4.66,4.66,4.66,4.66,400
TMNG,20110919,2.25,2.3,2.21,2.28,7200
TNAV,20110919,9.05,9.37,8.65,9.29,164400
TNGO,20110919,13.27,13.94,12.91,13.2,70900
TOFC,20110919,7.95,7.95,7.95,7.95,300
TOPS,20110919,1.56,1.65,1.55,1.65,3400
TORM,20110919,14,14.5,14,14.18,1700
TOWN,20110919,11.04,11.27,11,11.15,40000
TPGI,20110919,2.82,2.82,2.4,2.53,344400
TQNT,20110919,5.87,5.88,5.63,5.72,5009000
TQQQ,20110919,36,37.975,35.04,37.4,1291800
TRAK,20110919,17.98,18.37,17.59,18.07,261200
TREE,20110919,5.05,5.21,5.05,5.15,1300
TRGT,20110919,16.09,16.96,16.02,16.76,373100
TRIB,20110919,9.66,9.9,9.65,9.79,16600
TRIT,20110919,4.32,4.53,4.22,4.45,38200
TRLG,20110919,30.72,31.3,30.06,30.96,325500
TRMB,20110919,17.825,18.135,17.555,17.97,365600
TRMD,20110919,15.9,16.1,15.8,16.1,2200
TRMK,20110919,19.84,20.03,19.35,19.55,266600
TRNS,20110919,11.67,11.67,11.27,11.31,1800
TRNX,20110919,21.19,22,20.98,21.86,91100
TROW,20110919,52.01,52.19,50.57,51.46,2728800
TRS,20110919,17.57,17.59,16.8,16.95,388100
TRST,20110919,4.46,4.47,4.36,4.41,191100
TSBK,20110919,4.72,4.72,4.71,4.71,200
TSCO,20110919,67.53,69.95,65.87,69.55,950300
TSEM,20110919,9.9,10.2,9.75,9.9,314200
TSLA,20110919,24.95,25.81,23.82,25.77,1157300
TSON,20110919,3.58,3.66,3.52,3.66,10500
TSPT,20110919,5.8,5.85,5.45,5.63,595000
TSRA,20110919,13.57,13.7,13.15,13.31,698100
TSRI,20110919,4.5,4.5,4.5,4.5,0
TSRX,20110919,6.41,6.5,6.15,6.23,38900
TST,20110919,2.11,2.2,2.11,2.17,81800
TSTC,20110919,5.5,5.55,5.1,5.17,84400
TSYS,20110919,3.83,3.83,3.65,3.7,187700
TTEC,20110919,16.51,16.58,16.12,16.49,129100
TTEK,20110919,19.03,19.29,18.83,19.1,288300
TTGT,20110919,5.95,5.99,5.79,5.92,15800
TTHI,20110919,1.92,1.93,1.84,1.88,8100
TTMI,20110919,10.97,11.13,10.76,10.94,546000
TTWO,20110919,13.71,13.93,13.44,13.78,804700
TUES,20110919,3.87,3.97,3.79,3.87,170100
TWER,20110919,3.25,3.36,3.25,3.28,186300
TWGP,20110919,22.61,22.85,22.53,22.6,136900
TWIN,20110919,34.33,35.25,33.5,34.96,56700
TWMC,20110919,1.95,1.95,1.95,1.95,200
TWTC,20110919,17.85,18.02,17.56,17.88,454300
TXCC,20110919,2.9,2.9,2.69,2.78,87400
TXN,20110919,27.64,27.81,27.35,27.7,11941900
TXRH,20110919,14.09,14.38,13.95,14.29,925000
TYPE,20110919,12.03,12.22,11.71,11.96,203500
TZOO,20110919,32.12,32.94,31.61,32.54,908300
TZYM,20110919,2.82,3,2.76,2.88,1900
UACL,20110919,12.75,12.95,12.55,12.57,9800
UBCP,20110919,8.64,8.64,8.64,8.64,100
UBFO,20110919,2.98,3.01,2.97,3.01,4000
UBNK,20110919,15.67,15.98,15.63,15.82,28800
UBOH,20110919,8.31,8.75,8.31,8.75,500
UBPS,20110919,5.75,5.75,5.75,5.75,0
UBSH,20110919,11.17,11.23,10.91,11.05,39000
UBSI,20110919,21.48,21.48,20.72,20.91,251300
UCBA,20110919,5.85,5.85,5.85,5.85,0
UCBI,20110919,9.78,9.89,9.11,9.21,222100
UCFC,20110919,1.03,1.09,1.03,1.09,500
UCTT,20110919,4.98,5.12,4.86,4.99,115600
UEIC,20110919,17.07,17.34,16.75,17.02,36300
UEPS,20110919,6.31,6.31,6,6.23,192400
UFCS,20110919,17.39,17.39,16.86,17.1,54100
UFPI,20110919,26.68,26.92,26.04,26.46,154800
UFPT,20110919,16.69,16.7,16.27,16.62,4400
UG,20110919,14.63,14.79,14.52,14.7,2800
UHAL,20110919,66.5,66.83,65.32,66.32,30600
ULBI,20110919,4.88,4.93,4.84,4.92,13600
ULGX,20110919,1,1.09,1,1.09,13600
ULTA,20110919,69.78,74,69.13,72.86,1452800
ULTI,20110919,50.55,52.15,50.55,51.59,122600
ULTR,20110919,3.1,3.2,2.96,3.19,62600
UMBF,20110919,36.06,36.32,35.49,35.77,164300
UMPQ,20110919,9.65,9.67,9.44,9.55,957400
UNAM,20110919,10.9,11.11,10.5,10.5,2400
UNB,20110919,19.51,19.55,19.5,19.5,2100
UNFI,20110919,38.58,38.8,37.95,38.53,311000
UNIS,20110919,4.38,4.45,4.17,4.17,137600
UNTD,20110919,5.65,5.65,5.48,5.56,559000
UNTK,20110919,4.4,4.61,4.32,4.38,35100
UNTY,20110919,6.53,6.6,6.4,6.6,1800
UNXL,20110919,5.03,5.34,5.03,5.32,3400
UPI,20110919,4.97,4.98,4.85,4.94,169200
URBN,20110919,24.46,24.84,24.2,24.58,3348600
URRE,20110919,9.9,10,9.7,9.8,810100
USAK,20110919,6.95,7.02,6.81,6.91,26400
USAP,20110919,29.42,29.42,27.65,28.05,61600
USAT,20110919,1.99,2,1.75,1.95,882300
USATP,20110919,17.72,17.72,17.72,17.72,0
USATZ,20110919,1.1,1.13,1,1.13,4200
USBI,20110919,6.06,6.06,6.06,6.06,100
USCR,20110919,4.73,4.73,4.65,4.65,7000
USEG,20110919,2.69,2.71,2.57,2.68,124100
USLM,20110919,40.57,41.53,40.57,41.5,1800
USMO,20110919,14.6,14.74,14.48,14.58,107300
USTR,20110919,29,29.53,28.83,29.25,428200
UTEK,20110919,19.89,20.09,19.36,19.9,347400
UTHR,20110919,43.23,43.4,42.46,42.83,1190000
UTIW,20110919,13.75,14.11,13.55,14.03,312000
UTMD,20110919,25.98,25.98,25.98,25.98,100
UTSI,20110919,3.6,3.72,3.54,3.6,1244900
UVSP,20110919,13.38,13.64,13.29,13.4,25200
VALU,20110919,12.08,12.08,11.98,11.98,300
VALV,20110919,1.19,1.29,1.04,1.14,3422700
VASC,20110919,11.7,12.03,11.65,11.88,33900
VBFC,20110919,1.66,1.9,1.63,1.8,3800
VCBI,20110919,5.76,5.83,5.67,5.75,68000
VCIT,20110919,82.37,82.48,82.14,82.4,58700
VCLK,20110919,16.88,17.38,16.84,17.2,668900
VCLT,20110919,83.7,84.04,83.49,83.55,26600
VCSH,20110919,78.37,78.4,78.3,78.34,157600
VDSI,20110919,5.47,5.48,5.29,5.35,475500
VECO,20110919,29.81,30.33,29.14,29.67,1922200
VELT,20110919,7.23,7.73,7.07,7.32,519800
VGIT,20110919,65.59,65.72,65.55,65.64,4200
VGLT,20110919,72.05,72.49,71.92,72.1,21700
VGSH,20110919,61.21,61.23,61.16,61.23,23700
VIA,20110919,56.5,57.49,56.5,57.45,27800
VIAB,20110919,45.94,47.29,45.87,47.03,3124600
VIAS,20110919,17.58,18.29,17.56,17.99,2000
VICL,20110919,3.19,3.28,3.13,3.18,508900
VICR,20110919,10.04,10.1,9.69,9.9,128000
VIDE,20110919,3.41,3.99,3.41,3.98,2500
VIFL,20110919,6.37,6.88,6.3,6.5,17300
VIMC,20110919,1.52,1.54,1.42,1.47,32400
VIRC,20110919,1.98,2.06,1.98,2.02,400
VISN,20110919,34.6,35.8,33.6,35.4,157600
VITC,20110919,4.49,4.92,4.49,4.69,115000
VIVO,20110919,17.77,17.82,17.36,17.45,178700
VLCCF,20110919,16.99,17.36,16.81,16.91,107800
VLGEA,20110919,22.75,23.22,22.55,22.95,8400
VLTR,20110919,21.05,21.36,20.67,21.11,157600
VLYWW,20110919,1.75,1.75,1.75,1.75,0
VMBS,20110919,52.4,52.4,52.17,52.2,9000
VMED,20110919,25.67,26.18,25.26,26.05,4719000
VNDA,20110919,5.63,5.69,5.55,5.61,126300
VNET,20110919,11.74,11.78,11.01,11.63,79900
VNQI,20110919,44.13,44.35,43.76,44.35,46000
VOCS,20110919,18.91,19.42,18.64,18.97,110600
VOD,20110919,25.42,25.76,25.35,25.64,8502200
VOLC,20110919,29.28,30.24,29.08,29.82,589400
VONE,20110919,54.91,55.36,54.6,55.36,3500
VONG,20110919,57.52,58.34,57.52,58.28,1000
VONV,20110919,52,52.6,52,52.6,3300
VOXX,20110919,6.11,6.33,6.04,6.16,49100
VPFG,20110919,12.08,12.3,11.92,12.03,106600
VPHM,20110919,18.97,19.05,18.45,18.81,567900
VPRT,20110919,26.72,27.49,26.05,27.14,446300
VRA,20110919,34.18,36.73,34.18,36.68,519800
VRML,20110919,2.93,2.96,2.82,2.95,66500
VRNM,20110919,2.79,3.08,2.65,2.94,87700
VRNT,20110919,29.02,29.02,27.93,28.52,169500
VRSK,20110919,34.25,34.58,34.06,34.36,391200
VRSN,20110919,28.66,29.33,28.6,29.17,2610200
VRTA,20110919,1.34,1.34,1.34,1.34,0
VRTB,20110919,1.5,1.5,1.43,1.48,10700
VRTS,20110919,55.85,57.48,55.09,57.17,18000
VRTU,20110919,14.97,15.08,14.45,14.87,42100
VRTX,20110919,49.51,50.79,48.45,50.18,1882200
VSAT,20110919,34.94,35.77,34.65,35.26,216900
VSBN,20110919,10.55,10.55,10.55,10.55,0
VSCI,20110919,1.95,2,1.95,2,23400
VSCP,20110919,1.23,1.24,1.2,1.23,14600
VSEC,20110919,24.93,25.75,24.91,25.04,21400
VTHR,20110919,54.87,55.33,54.57,55.33,1500
VTNC,20110919,4.9,5.1,4.8,4.81,88800
VTSS,20110919,3.49,3.55,3.36,3.42,26500
VTUS,20110919,9.47,9.64,9.26,9.38,27300
VTWG,20110919,58.02,58.75,57.55,58.73,2700
VTWO,20110919,55.49,56.3,55.12,55.9,37800
VTWV,20110919,52.73,52.73,52.62,52.62,800
VVTV,20110919,3.6,3.63,3.51,3.56,382300
VVUS,20110919,8.74,9.03,8.52,8.91,1325800
VXUS,20110919,42.31,42.86,42.15,42.74,46100
VYFC,20110919,4.5,4.5,4.5,4.5,0
WABC,20110919,40.43,40.98,39.77,40.18,121600
WAFD,20110919,14.66,14.71,14.34,14.54,438200
WASH,20110919,20.87,20.87,20.5,20.6,18100
WAVX,20110919,2.26,2.35,2.22,2.31,266100
WAYN,20110919,8.4,8.4,8.35,8.4,200
WBCO,20110919,10.3,10.4,10.2,10.2,26100
WBKC,20110919,13.9,13.9,13.85,13.85,200
WBMD,20110919,31.84,31.85,30.72,31.02,1123800
WBSN,20110919,19.38,19.38,18.7,19.06,332200
WCRX,20110919,16.32,16.51,15.87,16.1,4456300
WDC,20110919,29.43,29.61,28.76,29.27,3202500
WDFC,20110919,38.75,39.22,38.4,38.87,86800
WEBM,20110919,5.74,5.95,5.46,5.95,23800
WERN,20110919,23.01,23.44,22.84,23.27,324100
WETF,20110919,8.88,8.88,8.5,8.6,221400
WEYS,20110919,22.46,23.2,22.08,22.71,8300
WFD,20110919,7.23,7.31,7.05,7.05,57300
WFM,20110919,68.05,72.6,68.01,72.1,3699500
WIBC,20110919,2.83,2.84,2.71,2.71,478800
WIFI,20110919,8.27,8.32,8.2,8.24,27500
WILC,20110919,6.25,6.32,6.15,6.31,10400
WILN,20110919,7,7.03,6.91,6.99,44000
WIN,20110919,12.8,12.91,12.7,12.87,4362400
WINA,20110919,47.49,48.47,47.01,48.06,4200
WIRE,20110919,21.37,22.06,21.03,21.83,99200
WLB,20110919,9.03,9.14,8.6,8.9,14900
WLBPZ,20110919,26.01,26.01,26.01,26.01,0
WLDN,20110919,3.75,3.75,3.75,3.75,2800
WLFC,20110919,11.53,11.98,11.53,11.94,7000
WMAR,20110919,8.96,9,8.7,8.78,59100
WMGI,20110919,16.42,17.57,16.4,17.4,6358100
WOOD,20110919,37.24,37.27,36.62,37.26,22000
WOOF,20110919,16.76,16.98,16.58,16.81,850100
WPCS,20110919,2.2,2.2,2.11,2.15,3900
WPPGY,20110919,47.94,48.78,47.94,48.38,22100
WPRT,20110919,31.36,32.69,30.8,32.52,1051600
WRES,20110919,3.15,3.18,3,3.12,382100
WRLD,20110919,62.63,64.45,62.08,62.73,178900
WRLS,20110919,5.89,5.97,5.75,5.96,20400
WSB,20110919,2.4,2.4,2.4,2.4,0
WSBC,20110919,18.44,18.44,17.77,17.89,60800
WSBF,20110919,2.6,2.65,2.6,2.65,800
WSCI,20110919,6.2,6.2,6.06,6.12,6000
WSFS,20110919,35.38,36.56,35.05,36.32,30800
WSTG,20110919,10.78,11.17,10.77,10.77,1800
WSTL,20110919,2.23,2.24,2.12,2.12,289100
WTBA,20110919,8.52,8.73,8.25,8.37,19700
WTFC,20110919,29.37,29.7,28.51,29,465500
WTFCW,20110919,13.24,13.24,13.24,13.24,100
WVFC,20110919,8.84,8.84,8.84,8.84,0
WVVI,20110919,3.19,3.19,2.99,2.99,400
WWD,20110919,29.84,30.5,29.4,30.03,362900
WWWW,20110919,8.46,8.7,8.27,8.54,210400
WYNN,20110919,149.94,159.63,147.85,158.31,3295900
XBKS,20110919,3.25,3.27,3.25,3.25,7500
XIDE,20110919,4.8,4.89,4.72,4.81,605900
XLNX,20110919,31.27,31.68,31.11,31.45,3129900
XNPT,20110919,6.84,6.91,6.7,6.79,287100
XOMA,20110919,2.13,2.13,1.98,2.03,195000
XRAY,20110919,34.14,34.14,33.42,33.73,974100
XRTX,20110919,8.72,8.89,8.51,8.65,168000
XTEX,20110919,16.25,16.64,15.9,16.57,207100
XTXI,20110919,14.79,14.83,13.92,14.56,926300
XWES,20110919,3.06,3.06,3,3.01,1800
XXIA,20110919,8.24,8.24,7.89,8.11,297100
YAVY,20110919,1.65,1.68,1.62,1.62,5000
YHOO,20110919,14.76,14.79,14.4,14.61,27013100
YNDX,20110919,29.5,29.85,28.69,29.57,382400
YORW,20110919,16.8,16.93,16.73,16.73,15000
YRCW,20110919,0.08,0.09,0.07,0.07,132325200
Z,20110919,28.5,29.93,28.5,28.76,90900
ZAGG,20110919,12.03,12.88,12,12.85,1246100
ZBRA,20110919,31.28,31.5,30.4,30.64,506000
ZEUS,20110919,19.34,19.6,18.85,19.42,37900
ZGNX,20110919,1.99,2.02,1.92,2,854900
ZHNE,20110919,1.38,1.41,1.33,1.38,28800
ZIGO,20110919,11.75,11.98,11.43,11.76,18200
ZINC,20110919,10,10.17,9.53,9.86,437700
ZION,20110919,16.98,17.17,16.25,16.4,3245800
ZIONW,20110919,3.25,3.25,3.25,3.25,100
ZIOP,20110919,4.78,4.91,4.78,4.83,417400
ZIPR,20110919,2.06,2.15,2.05,2.14,500
ZIXI,20110919,3.14,3.33,3.13,3.29,318800
ZLCS,20110919,1.26,1.3,1.24,1.26,922100
ZN,20110919,2,2,1.84,1.84,267900
ZOLT,20110919,7.84,7.84,7.54,7.67,126700
ZOOM,20110919,2.01,2.01,1.85,1.9,57600
ZUMZ,20110919,18.6,18.99,17.65,18.65,363300
