<ticker>,<date>,<open>,<high>,<low>,<close>,<vol>
AACC,20110518,4.48,4.58,4.34,4.57,35700
AAME,20110518,2.05,2.05,2.04,2.05,200
AAON,20110518,21.9467,21.9467,21.7667,21.84,19000
AAPL,20110518,336.47,341.05,336,339.87,11956100
AAWW,20110518,61.5,62.51,60.77,62.42,348200
AAXJ,20110518,62.65,63.43,62.59,63.35,620700
ABAX,20110518,27.78,28.46,27.73,28.44,102800
ABCB,20110518,8.91,9.1,8.9,9.05,150100
ABCD,20110518,2.99,3.11,2.95,3.06,48700
ABCO,20110518,25.12,25.495,25.095,25.325,38000
ABFS,20110518,23.84,24.27,23.53,24.23,378000
ABIO,20110518,13.86,15.24,13.44,13.62,1924600
ABMD,20110518,18.22,18.49,17.42,17.65,735700
ABTL,20110518,5.55,5.9,5.5,5.65,318000
ACAD,20110518,2.03,2.06,2,2.04,563400
ACAS,20110518,9.67,10.02,9.6,9.99,3898500
ACAT,20110518,13.31,13.55,13.25,13.32,63700
ACCL,20110518,7.11,7.27,7.1,7.22,233700
ACET,20110518,7.05,7.16,7.01,7.08,301900
ACFC,20110518,9.26,9.26,9.26,9.26,800
ACFN,20110518,3.63,3.72,3.55,3.64,20500
ACGL,20110518,34.38,34.53,34.22,34.49,525900
ACHN,20110518,5.15,5.33,5.09,5.2,905300
ACIW,20110518,30.46,31.36,30.35,31.1,93900
ACLS,20110518,1.82,1.89,1.82,1.86,939800
ACNB,20110518,15.51,15.71,15.35,15.67,5000
ACOR,20110518,26.42,26.61,26.07,26.41,678800
ACPW,20110518,11.2,11.45,10.9,11.2,327700
ACRX,20110518,3.74,4.18,3.72,4.04,47600
ACTG,20110518,39,39.74,38.5,38.99,657900
ACTS,20110518,2.26,2.3,2.26,2.28,20500
ACUR,20110518,4.36,4.51,4.36,4.42,69800
ACWI,20110518,48.63,49.06,48.53,48.98,228900
ACWX,20110518,45.11,45.62,45.05,45.51,46000
ACXM,20110518,13.6,13.7,13.43,13.63,543200
ADAT,20110518,2.3,2.54,2.3,2.42,369500
ADBE,20110518,34.6,34.95,34.43,34.87,2209700
ADEP,20110518,4.2,4.24,4.11,4.14,14900
ADES,20110518,7.88,8.91,7.88,8.63,55300
ADI,20110518,42,43.28,41.2,42.6,10046900
ADP,20110518,53.64,54.3,53.3,54.24,2152100
ADRA,20110518,27.76,27.85,27.75,27.79,4300
ADRD,20110518,22.51,22.6,22.51,22.6,1100
ADRE,20110518,45.89,46.09,45.64,45.87,36100
ADRU,20110518,22.4,22.45,22.4,22.42,700
ADSK,20110518,43.39,44.38,43.23,44.28,2460900
ADTN,20110518,41.13,42.2,40.96,41.9,664600
ADUS,20110518,5.87,6,5.82,6,16400
ADVS,20110518,26.71,27.2,26.55,27.02,174200
AEGR,20110518,17,18.4,16.08,17.51,48400
AEHR,20110518,1.55,1.64,1.55,1.57,28500
AEIS,20110518,14.4,14.97,14.4,14.92,442000
AEPI,20110518,28.41,29.18,28.41,29.18,7600
AERL,20110518,6.03,7.39,6.03,7.38,218700
AETI,20110518,3.02,3.15,3,3.14,7700
AEY,20110518,2.65,2.73,2.64,2.7,34400
AEZS,20110518,12.54,13.26,12.36,12.66,2174800
AFAM,20110518,32.32,32.5,31.91,31.93,31700
AFCB,20110518,13.51,13.74,13.51,13.74,600
AFCE,20110518,14.94,15.4,14.88,15.29,69700
AFFX,20110518,6.19,6.28,6.11,6.19,854000
AFFY,20110518,6.77,6.77,6.52,6.61,324300
AFOP,20110518,8.72,8.96,8.53,8.74,95200
AFSI,20110518,20.58,21.19,20.54,20.99,333900
AGEN,20110518,0.94,0.96,0.93,0.94,306200
AGII,20110518,29.69,29.92,29.58,29.89,61000
AGNC,20110518,29.57,29.75,29.56,29.75,1453400
AGYS,20110518,4.74,4.84,4.69,4.76,89200
AHGP,20110518,46.39,48,46.39,47.52,80700
AHPI,20110518,4.17,4.22,4.06,4.22,17800
AIMC,20110518,24.95,25.16,24.71,25.11,324200
AINV,20110518,10.82,11.09,10.73,11.05,1779700
AIRM,20110518,20.4067,20.6967,20.4067,20.6667,45000
AIRT,20110518,9.38,9.55,9.34,9.52,15900
AIXG,20110518,38.93,39.96,38.67,39.4,284300
AKAM,20110518,32.35,32.65,32.2,32.48,3547600
AKRX,20110518,6.88,6.95,6.74,6.89,496800
ALCO,20110518,24.98,25.15,24.93,25.15,4700
ALGN,20110518,23.4,23.82,23.06,23.71,417400
ALGT,20110518,46.45,46.89,45.95,46.79,99800
ALIM,20110518,8.23,8.44,8.13,8.41,24600
ALKS,20110518,18.05,18.12,17.71,17.95,1515500
ALLB,20110518,10.9,10.91,10.87,10.91,400
ALLT,20110518,13.67,14.36,13.58,14.31,148200
ALNY,20110518,9.97,10.03,9.86,9.95,68400
ALOG,20110518,53.35,53.75,52.97,53.5,36100
ALOT,20110518,7.91,8.01,7.91,8,8900
ALSK,20110518,9.02,9.07,8.94,8.95,921700
ALTE,20110518,21.85,22.13,21.73,22.12,376700
ALTI,20110518,1.45,1.46,1.4,1.4,220200
ALTR,20110518,46.49,48.35,46.39,48.05,4575800
ALVR,20110518,15.3,15.4,15,15.3,76400
ALXA,20110518,14.2,14.3,13.8,14,444100
ALXN,20110518,48.27,48.385,47.655,48.33,724200
AMAG,20110518,15.47,15.97,15.26,15.84,89000
AMAP,20110518,18.07,18.09,17.18,17.36,85700
AMAT,20110518,14.3,14.55,14.28,14.5,17227700
AMCC,20110518,10,10.08,9.85,10,710600
AMCF,20110518,3.14,3.3,3.14,3.27,17800
AMCN,20110518,3.51,3.55,3.39,3.48,277800
AMED,20110518,32.02,32.24,31.8,32.17,347000
AMGN,20110518,60.67,61.37,60.46,61.17,5184400
AMIC,20110518,5.84,5.88,5.74,5.87,1800
AMKR,20110518,6.67,6.83,6.6,6.7,1996500
AMNB,20110518,20.71,20.86,20.45,20.76,7600
AMOT,20110518,6.75,6.75,6.75,6.75,500
AMOV,20110518,24.865,24.955,23.63,24.91,2800
AMRB,20110518,6.53,6.53,6.53,6.53,200
AMRI,20110518,4.72,4.76,4.71,4.74,52100
AMRN,20110518,16.39,16.62,16.26,16.57,1777400
AMRS,20110518,27.75,28.05,27.3,27.54,244500
AMSC,20110518,10.63,11.06,10.63,10.94,1254600
AMSF,20110518,22.29,22.62,22.16,22.6,43900
AMSG,20110518,25.8,26.46,25.25,25.75,838200
AMSWA,20110518,7.44,7.65,7.31,7.59,39900
AMWD,20110518,19.9,20.03,19.83,20.02,8100
AMZN,20110518,194.13,198.28,193.25,197.09,4958900
ANAC,20110518,6.06,6.57,6.06,6.21,33400
ANAD,20110518,2.96,2.98,2.87,2.89,905400
ANAT,20110518,79.36,79.96,78.97,79.96,11400
ANCB,20110518,9.8,9.8,9.6,9.74,7600
ANCI,20110518,4.59,4.77,4.59,4.68,13000
ANCX,20110518,7.48,7.8,7.48,7.8,13600
ANDE,20110518,42.26,43.73,41.61,43.73,221400
ANEN,20110518,17.1,17.52,17.01,17.34,53100
ANGO,20110518,15.66,15.95,15.63,15.94,42300
ANIK,20110518,7.63,7.67,7.44,7.52,29100
ANLY,20110518,3.35,3.39,3.34,3.39,12100
ANSS,20110518,55.18,56.27,54.85,56.07,285300
ANTH,20110518,8.01,8.25,7.71,8,131700
ANTP,20110518,3.13,3.13,3.09,3.12,3100
AOSL,20110518,13.8,14.06,13.62,13.9,208600
APAGF,20110518,80.4,82.19,80.39,81.32,6300
APEI,20110518,43.61,44.29,43.42,43.88,71200
APFC,20110518,6.25,6.29,6.25,6.29,400
APOG,20110518,13.29,13.3,13.06,13.3,57700
APOL,20110518,41.34,41.37,41.05,41.26,1202400
APPY,20110518,4.44,4.68,4.38,4.38,42700
APRI,20110518,5.35,5.35,5.15,5.29,323800
APSA,20110518,18.01,19.45,17.95,18.15,2900
APWC,20110518,5.95,6,5.74,5.8,8700
ARAY,20110518,7.64,7.7,7.54,7.59,280400
ARCC,20110518,16.8,17.01,16.76,16.93,1661000
ARCI,20110518,4.76,4.8,4.52,4.65,5900
ARCW,20110518,2.72,2.72,2.72,2.72,0
ARDNA,20110518,82.72,83.88,81.75,83.88,5100
AREX,20110518,22.8,24.34,22.51,24.1,291800
ARIA,20110518,9.17,9.48,9.13,9.21,2134800
ARII,20110518,22.44,23.55,22.36,23.51,40000
ARKR,20110518,16.2,16.2,16.16,16.17,800
ARLP,20110518,68.97,72.43,67.66,71.68,229600
ARMH,20110518,27.36,29.27,27.36,28.83,4767000
ARNA,20110518,1.29,1.3,1.28,1.29,1098000
AROW,20110518,23.86,24.27,23.86,24.27,9100
ARQL,20110518,6.7,6.75,6.62,6.66,72300
ARRS,20110518,10.73,10.98,10.72,10.94,1310600
ARRY,20110518,2.77,2.78,2.74,2.77,252200
ARTC,20110518,33.02,33.37,32.51,33.13,92500
ARTNA,20110518,19.01,19.4,19.01,19.39,7500
ARTW,20110518,8.35,8.36,8.2,8.2,6500
ARTX,20110518,1.9,2.03,1.85,2.01,141300
ARUN,20110518,31.19,32.5,31.01,32.5,2581500
ARWR,20110518,0.58,0.58,0.57,0.57,109800
ASBC,20110518,14.27,14.45,14.13,14.44,1153700
ASBI,20110518,4.73,4.73,4.73,4.73,0
ASCA,20110518,22.28,23.21,22.02,22.95,503200
ASCMA,20110518,45.78,48.78,45.55,48.23,130000
ASEI,20110518,88.48,89.26,87.94,89.26,83100
ASFI,20110518,7.68,7.71,7.47,7.71,21900
ASIA,20110518,19.53,19.53,19.26,19.3,426600
ASMI,20110518,41.08,41.96,41.02,41.88,161200
ASML,20110518,39.79,40.55,39.75,40.35,1883400
ASNA,20110518,15.67,16.05,15.57,16.02,625900
ASPS,20110518,34.04,34.19,33.01,33.98,132300
ASRV,20110518,2.26,2.41,2.26,2.28,5300
ASRVP,20110518,25,25,25,25,0
ASTC,20110518,1.04,1.08,1.03,1.06,33000
ASTE,20110518,35.2,36.12,35.2,36.08,74600
ASTI,20110518,1.3,1.35,1.29,1.31,164600
ASTM,20110518,2.9,3.02,2.86,2.92,803800
ASUR,20110518,1.64,1.84,1.64,1.76,5500
ASYS,20110518,21.36,21.95,21.36,21.85,186800
ATAI,20110518,10.51,10.94,10.05,10.32,42100
ATAX,20110518,5.65,5.7,5.61,5.65,22800
ATEA,20110518,5.29,5.32,4.95,5.04,18300
ATEC,20110518,3.37,3.62,3.34,3.61,592800
ATHN,20110518,45.11,45.56,44.87,45.46,144300
ATHX,20110518,2.59,2.85,2.54,2.79,150100
ATLO,20110518,17.41,18,17.29,17.95,11400
ATMI,20110518,19.26,19.94,19.11,19.69,114500
ATML,20110518,14.05,14.6,13.99,14.51,5829300
ATNI,20110518,39,39.26,38.67,38.99,11600
ATRC,20110518,14.43,14.54,14.11,14.17,64000
ATRI,20110518,173.42,176.59,173.25,176.59,7400
ATRM,20110518,1.87,1.96,1.87,1.91,18800
ATRO,20110518,26.02,26.43,25.45,26.09,35600
ATSG,20110518,7.58,7.67,7.55,7.61,489400
ATVI,20110518,11.33,11.57,11.26,11.53,5938700
ATX,20110518,11.4,11.89,11.28,11.87,40800
AUBN,20110518,19.7,19.7,19.7,19.7,0
AUDC,20110518,6,6,5.85,5.88,66000
AUXL,20110518,22.26,22.6,22.15,22.39,430600
AVAV,20110518,28.93,29.44,28.91,29.36,104300
AVEO,20110518,18.99,19.99,18.94,19.69,497500
AVGO,20110518,34.39,34.75,33.66,34.63,684200
AVID,20110518,16.88,17.28,16.63,17.24,145400
AVNR,20110518,4.16,4.47,4.12,4.42,17477200
AVNW,20110518,4.52,4.68,4.52,4.64,179400
AWRE,20110518,3.17,3.37,3.16,3.32,19300
AXAS,20110518,3.81,4.09,3.8,4.08,1486200
AXFN,20110518,25.41,25.41,25.41,25.41,800
AXTI,20110518,7.6,7.91,7.5,7.82,475400
AZPN,20110518,16.27,16.78,16.24,16.76,1251100
BABY,20110518,16.57,16.71,16.53,16.7,127300
BAGL,20110518,15.25,15.27,14.9,15.17,14700
BAMM,20110518,4.62,4.63,4.49,4.55,26600
BANC,20110518,14.65,14.74,14.41,14.5,12400
BANF,20110518,40.16,40.16,39.54,39.87,11100
BANFP,20110518,26.83,26.83,26.83,26.83,100
BANR,20110518,18.69,19.53,18.62,19.18,594900
BASI,20110518,2.04,2.1,1.94,1.96,92200
BBBY,20110518,54.72,55.15,54.25,55.15,2139900
BBEP,20110518,19.66,20.11,19.46,20.04,438200
BBGI,20110518,4.4,4.43,4.3,4.37,16600
BBNK,20110518,10.88,11.75,10.88,11.73,7300
BBOX,20110518,32.4,33.13,32.05,33.06,68400
BBRG,20110518,21.66,22.24,21.51,22.14,135400
BBRY,20110518,44.83,45.72,44.81,45.43,19905800
BBSI,20110518,15.98,15.99,15.87,15.98,10200
BCBP,20110518,11.06,11.06,11.06,11.06,0
BCOM,20110518,28.61,28.61,28.61,28.61,0
BCPC,20110518,41.14,41.37,40.45,41.21,82600
BCRX,20110518,3.31,3.36,3.26,3.35,104000
BCSB,20110518,13.42,13.42,13.42,13.42,0
BDE,20110518,7.6,7.75,7.56,7.7,29600
BDGE,20110518,21.43,21.64,21.31,21.64,5600
BDMS,20110518,19.4,19.4,19.4,19.4,0
BDSI,20110518,3.5,3.5,3.38,3.45,95700
BEAT,20110518,5.5,5.66,5.47,5.66,289000
BEAV,20110518,36.91,37.99,36.83,37.96,648600
BEBE,20110518,6.83,6.9,6.79,6.9,212500
BECN,20110518,19.33,20.21,19.32,20.16,954000
BELFA,20110518,21.3,21.82,21.21,21.62,3600
BELFB,20110518,19.34,19.6,18.89,19.45,80600
BERK,20110518,5.95,5.95,5.72,5.89,7000
BFIN,20110518,8.71,8.73,8.55,8.64,17800
BFLY,20110518,2.8,2.8,2.8,2.8,200
BGCP,20110518,8.23,8.23,8.06,8.15,656400
BGFV,20110518,9.58,9.62,9.55,9.56,49200
BGMD,20110518,7.3,7.47,7.3,7.47,6300
BIB,20110518,39.21,40.06,39.15,40.055,12400
BICK,20110518,32.5,32.74,31.55,32.7,52500
BIDU,20110518,132.88,133.71,131.33,131.84,6456600
BIIB,20110518,97.41,97.93,96.9,97.76,1690600
BIOD,20110518,8.32,8.48,8.24,8.24,177200
BIOF,20110518,11,11.4,10.8,11.2,198800
BIOS,20110518,7.51,7.61,7.32,7.41,400300
BIRT,20110518,5.44,5.6,5.37,5.58,195300
BIS,20110518,36.78,37.11,36.61,36.61,1200
BJRI,20110518,48.11,49.43,48.11,49.25,343200
BKCC,20110518,9.6,9.68,9.54,9.68,489600
BKEP,20110518,7.55,7.85,7.38,7.55,77100
BKMU,20110518,3.91,3.94,3.86,3.93,73300
BKOR,20110518,4,4.05,3.55,4,8200
BKSC,20110518,10.37,10.37,10.3,10.3,400
BKYF,20110518,24.04,24.24,23.94,24.24,5200
BLDP,20110518,1.7,1.73,1.62,1.65,456100
BLDR,20110518,2.26,2.28,2.23,2.26,83400
BLIN,20110518,1.08,1.08,1.07,1.07,2600
BLKB,20110518,28.21,28.74,28,28.39,122400
BMC,20110518,53.87,54.69,53.59,54.54,1330400
BMRC,20110518,35.4,36.22,35.3,36.18,13600
BMRN,20110518,26.08,26.23,25.88,26.11,995500
BMTC,20110518,20.5,20.74,20.46,20.74,34100
BNCL,20110518,8.4,8.48,8.36,8.47,63500
BNCN,20110518,7.75,8,7.75,7.89,12700
BNSO,20110518,2.07,2.24,2,2.18,20400
BOBE,20110518,31.36,31.64,31.17,31.6,131300
BOCH,20110518,4.25,4.25,4.25,4.25,800
BODY,20110518,25.89,26.22,24.7,25.07,222300
BOFI,20110518,16.33,16.33,15.8,16.01,48900
BOKF,20110518,53.52,53.61,53.1,53.41,29400
BOLT,20110518,13.68,14,13.64,13.99,7400
BONA,20110518,5.15,5.15,5,5.09,16300
BONT,20110518,11.06,11.21,10.76,11.15,209500
BOOM,20110518,21.54,22.17,21.38,21.82,89600
BOSC,20110518,11.24,12.2,11.24,11.92,4300
BPAX,20110518,14.28,14.94,14.16,14.58,1789200
BPFH,20110518,6.65,6.69,6.54,6.63,236700
BPFHW,20110518,2.14,2.14,2.14,2.14,0
BPHX,20110518,1.52,1.52,1.48,1.5,23400
BPOP,20110518,29.7,30.6,29.3,30.1,7311300
BPOPM,20110518,19,19,19,19,1300
BPOPN,20110518,20.93,20.93,20.75,20.83,1900
BRCD,20110518,6.17,6.22,6.14,6.18,7598500
BRCM,20110518,33.08,34.3,33.07,34.24,8788300
BRID,20110518,8.76,8.76,8.38,8.51,8600
BRKL,20110518,8.59,8.81,8.57,8.81,967400
BRKR,20110518,19.05,19.35,19.03,19.25,417700
BRKS,20110518,11.49,11.79,11.31,11.67,343400
BRLI,20110518,25.17,25.32,24.87,25.06,70000
BSDM,20110518,3.68,3.75,3.62,3.66,72100
BSET,20110518,8.69,8.79,8.21,8.43,30600
BSFT,20110518,37.48,38.95,36.68,38.57,508300
BSPM,20110518,4.65,4.74,4.23,4.38,358800
BSQR,20110518,6.19,6.32,6.09,6.22,47400
BSRR,20110518,10.97,11.11,10.92,11.08,12700
BSTC,20110518,22.95,23.25,22.9,23.22,8900
BTUI,20110518,8.97,9.23,8.9,9.03,8000
BUSE,20110518,5.06,5.19,5.01,5.19,150100
BVSN,20110518,13.2,13.35,13.2,13.35,1400
BWEN,20110518,16.6,17.7,16.5,17.5,1654700
BWINA,20110518,21.53,21.65,21.53,21.55,800
BWINB,20110518,21.95,22.32,21.91,22.31,8500
BWLD,20110518,61.11,62.97,61.11,62.75,211900
BYFC,20110518,2.34,2.34,2.34,2.34,0
CA,20110518,22.76,23.02,22.64,22.97,4323500
CAAS,20110518,7.93,7.97,7.79,7.82,99700
CAC,20110518,32.34,33.2,32.34,33.07,20000
CACB,20110518,7.9,8.09,7.85,8.08,4300
CACC,20110518,76.26,76.79,75.62,75.97,19200
CACH,20110518,6.07,6.07,5.82,5.87,8500
CADC,20110518,2.05,2.11,1.95,2.09,174100
CADX,20110518,7.69,7.85,7.57,7.73,598400
CAFI,20110518,1.69,1.8,1.67,1.72,1200
CAKE,20110518,30.46,30.95,30.31,30.87,983000
CALD,20110518,6.19,6.48,6.05,6.15,4859000
CALI,20110518,11.04,11.28,10.98,11.04,3900
CALL,20110518,9.675,9.725,9.66,9.66,6600
CALM,20110518,28.11,28.23,27.96,28.22,122900
CAMP,20110518,3.05,3.06,2.96,3.01,81800
CAMT,20110518,3.11,3.28,3.11,3.27,68200
CAR,20110518,17.47,17.8,17.37,17.71,1207100
CART,20110518,3.1,3.1,3.09,3.09,400
CARV,20110518,0.52,0.52,0.48,0.48,2100
CARZ,20110518,29.67,29.86,29.42,29.86,1700
CASH,20110518,13.7,13.78,13.58,13.6,3500
CASM,20110518,2.51,2.67,2.49,2.59,18100
CASS,20110518,38,38.72,37.92,38.45,37000
CASY,20110518,39.82,40.08,39.6,39.73,317600
CATM,20110518,22.16,22.31,21.84,22,254800
CATY,20110518,15.65,15.68,15.41,15.68,513900
CAVM,20110518,44.42,46.74,44.05,46.65,1043000
CBAK,20110518,6.9,7.05,6.9,7.05,132300
CBAN,20110518,3.68,3.75,3.68,3.75,600
CBEY,20110518,14.15,14.21,13.95,14.06,149700
CBIN,20110518,10.91,11.11,10.91,11,1200
CBLI,20110518,6.91,6.95,6.55,6.8,423900
CBMX,20110518,28.2,28.5,28.2,28.3,4600
CBMXW,20110518,2.5,2.5,2.5,2.5,300
CBNJ,20110518,10.2,10.35,10.2,10.35,7000
CBNK,20110518,14.51,14.51,14.51,14.51,1400
CBOE,20110518,28,28.41,27.78,27.86,434000
CBPO,20110518,13.69,14.5,13.69,14.5,41900
CBRL,20110518,52.02,52.35,51.71,52.31,225100
CBRX,20110518,3.18,3.28,3.18,3.26,370300
CBSH,20110518,42.63,43.3,42.4,43.26,228800
CBST,20110518,34.39,35.44,34.17,35.2,1608800
CCBG,20110518,10.51,10.67,10.5,10.62,28400
CCCL,20110518,4.8,5.1,4.75,5,50200
CCIH,20110518,12.87,13.1,12.42,12.57,180700
CCIX,20110518,11.43,12.6,11.34,12.31,154600
CCMP,20110518,48.93,49.88,48.93,49.62,88200
CCNE,20110518,13.3,13.37,13.25,13.34,17900
CCOI,20110518,14.05,14.55,13.86,14.35,234200
CCRN,20110518,7.67,7.67,7.51,7.55,91300
CCUR,20110518,5.97,6.14,5.95,6.09,4700
CDNS,20110518,10.53,11,10.47,10.91,2596900
CDTI,20110518,3.85,3.95,3.85,3.87,11000
CDXS,20110518,8.9,9.03,8.81,8.85,134500
CDZI,20110518,10.79,10.92,10.79,10.85,9700
CECE,20110518,6.63,6.65,6.53,6.65,14600
CECO,20110518,22.39,22.44,22.01,22.07,705700
CEDU,20110518,6.6,6.63,6.53,6.59,900
CELG,20110518,60.33,60.99,60.1,60.8,2148100
CELGZ,20110518,2.4,2.53,2.4,2.5,11600
CENT,20110518,10.28,10.4,10.2,10.3,164200
CENTA,20110518,10.18,10.29,10.08,10.16,716900
CENX,20110518,15.91,16.14,15.73,15.85,2268400
CERN,20110518,59.04,61.475,58.645,61.42,732200
CERS,20110518,2.94,3.03,2.88,3.01,339800
CETV,20110518,22.48,22.82,22.29,22.7,212800
CEVA,20110518,29.01,29.93,29.01,29.28,181600
CFBK,20110518,6.4,6.4,6.4,6.4,400
CFFI,20110518,21.52,21.52,21.5,21.5,300
CFFN,20110518,11.68,11.92,11.67,11.78,2156700
CFNB,20110518,14.95,15.02,14.91,15.02,1000
CFNL,20110518,10.95,11.16,10.9,11.1,52300
CGEN,20110518,4.57,4.61,4.47,4.6,103500
CGNX,20110518,33.18,33.54,33.06,33.4,306200
CHCI,20110518,1.19,1.24,1.17,1.24,11200
CHCO,20110518,32.78,32.87,32.47,32.8,22900
CHDN,20110518,43.92,44,43.61,43.8,36700
CHDX,20110518,16.31,16.39,15.81,16.12,16700
CHEV,20110518,9.1,9.23,9.1,9.23,400
CHFC,20110518,19.79,19.99,19.69,19.99,61000
CHFN,20110518,10.8374,10.8972,10.7877,10.7976,12200
CHKE,20110518,19.61,19.61,19.16,19.43,27200
CHKP,20110518,53.99,54.68,53.8,54.51,1867600
CHLN,20110518,1.92,1.95,1.88,1.91,144200
CHNR,20110518,13.09,13.09,13.09,13.09,0
CHOP,20110518,4.66,4.79,4.61,4.72,101900
CHRM,20110518,11.57,12.03,11.57,12,24300
CHRW,20110518,79.29,80.46,78.6,80.24,818600
CHSCP,20110518,29.4,29.6,29.26,29.53,14300
CHTP,20110518,4.47,4.59,4.42,4.55,360100
CHTR,20110518,56.37,57.69,56.25,57.36,288800
CHYR,20110518,2.1,2.1,2.05,2.05,2200
CIDM,20110518,2.02,2.07,1.9,2.05,99000
CIEN,20110518,25.6,25.85,25.37,25.66,5597600
CIMT,20110518,3.12,3.13,3.01,3.1,19700
CINF,20110518,30.92,31.15,30.76,31.14,1149600
CISG,20110518,16.91,17.06,15.76,16.2,1079000
CITZ,20110518,5.35,5.4,5.33,5.4,2000
CIZN,20110518,19.1,19.1,19.1,19.1,0
CJJD,20110518,2.11,2.24,2.11,2.18,6700
CKEC,20110518,6.86,7.04,6.76,6.96,187700
CKSW,20110518,9.03,9.16,9.03,9.14,58700
CLBH,20110518,3.72,3.72,3.64,3.64,1600
CLCT,20110518,14.24,14.32,14.24,14.3,14200
CLDX,20110518,3.36,3.4,3.27,3.31,4742400
CLFD,20110518,6,6.12,5.98,6,28000
CLMS,20110518,14.89,15.22,14.87,15.02,222500
CLMT,20110518,20.73,21.42,20.66,21.19,147300
CLNE,20110518,13.37,13.73,13.27,13.67,1432100
CLRO,20110518,8.88,9.14,8.4,9.13,90300
CLSN,20110518,2.73,2.77,2.67,2.68,237300
CLUB,20110518,7.04,7.05,6.81,7,94400
CLWR,20110518,4.35,4.53,4.32,4.49,12309200
CLWT,20110518,6.27,6.27,6.27,6.27,0
CMCO,20110518,18.67,19.4,18.42,19.4,86800
CMCSA,20110518,24.93,25.37,24.72,25.37,14482100
CMCSK,20110518,23.49,23.88,23.25,23.87,3040200
CME,20110518,295.63,297.82,294.49,297.24,301400
CMLS,20110518,4.4,4.44,4.34,4.42,24700
CMSB,20110518,9.44,9.44,9.15,9.15,900
CMTL,20110518,28,28.14,27.86,28,405900
CNBC,20110518,10,10.11,10,10.08,13300
CNBKA,20110518,25.75,25.76,25.08,25.45,3100
CNET,20110518,2.73,2.73,2.56,2.7,8500
CNIT,20110518,2.75,2.76,2.71,2.72,311200
CNMD,20110518,28.08,28.47,27.98,28.43,81400
CNQR,20110518,48.68,50.15,48.5,49.89,392300
CNSL,20110518,18.74,18.77,18.66,18.74,83600
CNTF,20110518,6.36,6.8,6.35,6.74,1497800
CNTY,20110518,3.02,3.19,3.02,3.12,43700
CNYD,20110518,6.17,7.2,6,6.7,17900
COBK,20110518,12.32,12.32,12.32,12.32,0
COBR,20110518,3.74,3.8,3.74,3.76,3200
COBZ,20110518,6.49,6.58,6.44,6.56,40300
COCO,20110518,4.26,4.3,4.23,4.27,844500
COGO,20110518,6.89,7,6.57,6.65,235000
COHR,20110518,54.64,55.35,54.38,55.2,118300
COHU,20110518,13.88,14.18,13.84,14,62900
COKE,20110518,68.75,69.22,68.42,68.73,13600
COLB,20110518,18,18.38,18,18.26,672400
COLM,20110518,66.31,67.17,66.21,66.85,99600
CONN,20110518,5.33,5.42,5.24,5.4,183500
COOL,20110518,2.84,2.92,2.67,2.76,911000
CORE,20110518,34.36,34.92,34.31,34.88,46900
CORT,20110518,4.31,4.4,4.25,4.38,125100
COSI,20110518,1.15,1.16,1.12,1.15,75600
COST,20110518,82.63,83.37,82.05,83.24,1630800
COWN,20110518,3.89,3.94,3.88,3.91,184900
CPBC,20110518,4.89,5.02,4.89,5.02,15700
CPGI,20110518,1.18,1.24,1.17,1.18,136500
CPHC,20110518,10.77,11.36,10.55,11.24,6000
CPHD,20110518,30.2,30.99,30.09,30.96,335300
CPIX,20110518,5.01,5.14,5,5.14,71500
CPLA,20110518,49.53,49.76,48.66,49.58,86300
CPLP,20110518,9.89,10.32,9.74,10.05,239200
CPNO,20110518,31.4,32.44,31.4,32.43,398500
CPRT,20110518,22.985,23.375,22.9,23.3,224300
CPRX,20110518,1.19,1.19,1.15,1.16,3300
CPSI,20110518,60.65,61.33,60.51,61.16,40600
CPSL,20110518,16.2,16.8,15.84,16.44,220400
CPSS,20110518,1.13,1.2,1.11,1.13,9700
CPST,20110518,1.68,1.78,1.68,1.77,2480700
CPTS,20110518,12.32,12.54,12.32,12.53,290800
CPWR,20110518,10.73,10.83,10.66,10.8,1721600
CRAI,20110518,25.21,25.62,24.56,25.6,84300
CRAY,20110518,6.38,6.61,6.38,6.59,237900
CRDC,20110518,3.49,3.67,3.49,3.6,71000
CREE,20110518,40.21,42.38,40.2,41.81,6005200
CREG,20110518,2.44,2.69,2.28,2.33,72300
CRESW,20110518,0.22,0.22,0.22,0.22,0
CRESY,20110518,17.04,17.2,16.88,17.03,67600
CRFN,20110518,3.91,3.93,3.83,3.9,15000
CRIS,20110518,3.6,3.72,3.56,3.67,407200
CRME,20110518,27.65,27.65,26.7,27,251500
CRMT,20110518,24.57,24.77,24.17,24.71,19900
CRNT,20110518,10.63,10.84,10.53,10.77,163700
CROX,20110518,21.78,22.1,21.63,22.02,917600
CRRB,20110518,4.91,4.91,4.91,4.91,0
CRRC,20110518,11.12,11.83,11.08,11.63,80000
CRTX,20110518,7.14,7.15,7.02,7.15,30500
CRUS,20110518,16.07,16.34,15.76,15.88,3209100
CRVL,20110518,48.4,49.88,48.4,49.85,15700
CRWN,20110518,2,2.02,1.9,1.95,146700
CRWS,20110518,4.59,4.74,4.59,4.72,1300
CRZO,20110518,32.93,35.14,32.87,34.76,895400
CSBK,20110518,10.86,10.92,10.72,10.8,10800
CSCD,20110518,5.57,5.66,5.45,5.45,16000
CSCO,20110518,16.64,16.66,16.34,16.65,92724600
CSFL,20110518,5.61,5.75,5.55,5.73,106600
CSGP,20110518,69,69.13,68.27,68.58,135900
CSGS,20110518,19.03,19.44,18.91,19.35,208400
CSII,20110518,13.1,13.45,13,13.39,163100
CSIQ,20110518,9.21,9.48,9.13,9.18,842400
CSOD,20110518,19.79,19.89,19.5,19.67,70500
CSPI,20110518,4.51,4.53,4.51,4.51,4100
CSTR,20110518,52.48,53.55,52.29,53.1,459300
CSUN,20110518,2.98,3.04,2.91,3,162000
CSWC,20110518,92.98,94.54,92.59,94.54,18400
CTAS,20110518,31.82,32.05,31.62,31.98,846100
CTBI,20110518,26.94,27.02,26.75,26.97,21200
CTCH,20110518,3.22,3.3,3.22,3.29,62600
CTCM,20110518,18.61,19.17,18.45,19.15,572100
CTCT,20110518,25.84,26.25,25.72,25.79,252700
CTGX,20110518,13.75,14.13,13.5,13.75,37800
CTHR,20110518,2.87,2.93,2.87,2.9,10700
CTIB,20110518,4.83,4.99,4.77,4.99,4900
CTRN,20110518,18.5,18.5,16.91,17.13,1687400
CTRP,20110518,43.78,44.19,43.25,43.3,1785900
CTSH,20110518,73.52,73.8,72.4,73.37,3394300
CTWS,20110518,25.06,25.27,25.03,25.26,12100
CTXS,20110518,81.2,82.97,80.66,82.81,1505400
CU,20110518,41.01,42.33,41.01,42.33,118300
CUBA,20110518,7.31,7.38,7.31,7.34,3100
CUTR,20110518,9.17,9.43,9.01,9.41,49900
CVBF,20110518,9.14,9.24,9.05,9.22,397700
CVCO,20110518,40.94,41.2,40.59,40.96,5900
CVCY,20110518,6.78,6.88,6.77,6.87,5300
CVGI,20110518,15.57,15.72,15.39,15.5,159100
CVGW,20110518,19.79,20.5,19.79,20.38,64200
CVLT,20110518,37.3,38.92,37.11,38.42,493200
CVLY,20110518,10.34,10.4,10.21,10.35,4800
CVTI,20110518,9.11,9.54,9.06,9.17,25600
CVV,20110518,10.91,11.35,10.58,11.32,35400
CWBC,20110518,4.29,4.29,4.29,4.29,0
CWCO,20110518,9.51,9.55,9.38,9.46,39400
CWEI,20110518,71.41,74.74,71.33,74.01,132100
CWST,20110518,6.1,6.16,6,6.09,56700
CWTR,20110518,9,9.56,9,9.36,1871900
CXDC,20110518,4.48,4.55,4.46,4.49,58000
CXPO,20110518,3.87,3.98,3.8,3.92,187800
CY,20110518,21.21,22.5,21.2,22.4,3851000
CYAN,20110518,3.58,3.59,3.49,3.59,11800
CYBE,20110518,9.76,9.95,9.76,9.86,1800
CYBX,20110518,32.31,32.84,32.31,32.46,75800
CYCC,20110518,11.34,11.76,10.99,11.13,841400
CYCCP,20110518,3.8,3.8,3.72,3.72,1200
CYMI,20110518,47.96,49.33,47.87,48.62,274100
CYNO,20110518,13.07,13.31,12.97,13.3,46700
CYOU,20110518,41.04,42.4,41.01,42.04,178300
CYTK,20110518,1.39,1.44,1.38,1.44,242200
CYTR,20110518,6.09,6.16,5.81,6.02,515500
CYTX,20110518,5.85,6.03,5.57,5.6,814400
CYTXW,20110518,3.8,3.85,3.53,3.6,23300
CZFC,20110518,7.85,7.85,7.85,7.85,0
CZNC,20110518,15.2,15.48,14.91,15.3,41900
CZWI,20110518,5.27,5.27,5.25,5.25,600
DAIO,20110518,5.99,6.05,5.95,5.95,1500
DAKT,20110518,9.74,9.91,9.7,9.8,149700
DARA,20110518,2.61,2.79,2.57,2.62,59700
DATE,20110518,11.08,11.25,10.43,11,664800
DAVE,20110518,10.05,10.07,9.97,10.02,5600
DBLE,20110518,7.3,7.55,7.09,7.45,188800
DBLEP,20110518,26.39,26.39,26.17,26.17,400
DCIX,20110518,11,11.08,10.87,11.08,18100
DCOM,20110518,13.9,13.92,13.81,13.85,58600
DCTH,20110518,5.92,5.94,5.65,5.8,857000
DECK,20110518,88.68,90.56,88.05,90.28,848000
DELL,20110518,16.82,16.96,16.52,16.75,66645300
DENN,20110518,3.85,4.01,3.85,4,420600
DEPO,20110518,7.99,8.04,7.86,8.01,569400
DEST,20110518,21.16,21.69,20.9,21.67,50400
DFZ,20110518,11.2,11.43,11.2,11.31,29700
DGAS,20110518,15.15,15.235,15.025,15.215,2300
DGICA,20110518,13.3,13.49,13.12,13.38,21600
DGICB,20110518,16.41,17.44,16.41,17.43,1600
DGII,20110518,11.2,11.38,11.02,11.19,55700
DGIT,20110518,34.48,35.7,34.4,34.99,204800
DGLY,20110518,1.15,1.2,1.15,1.17,51100
DHIL,20110518,79.83,79.83,79.38,79.4,7600
DHRM,20110518,3.5,3.55,3.5,3.5,4200
DIOD,20110518,29.24,30.35,29.24,30.13,254900
DISCA,20110518,43.88,45.24,43.75,45.19,1452700
DISCB,20110518,44.52,44.52,44.52,44.52,0
DISCK,20110518,38.81,39.8,38.72,39.76,682600
DISH,20110518,28.85,30,28.61,29.94,2846300
DJCO,20110518,74.55,74.55,74.55,74.55,0
DLGC,20110518,23.9,24.9,23.75,24.3,21300
DLIA,20110518,1.84,1.86,1.84,1.84,23700
DLLR,20110518,22.37,22.7,22.28,22.65,113700
DLTR,20110518,30.06,30.72,29.95,30.665,1218800
DMLP,20110518,27.17,27.95,27.1,27.43,66000
DMND,20110518,70.55,70.98,69.28,69.81,236400
DMRC,20110518,29.33,29.96,29.14,29.89,29300
DNBF,20110518,10.31,10.51,10.31,10.51,300
DNDN,20110518,37.5,38.53,37.26,38.42,1643000
DORM,20110518,17,17.55,16.965,17.41,29600
DOVR,20110518,4.7,4.7,4.5,4.52,10100
DRAD,20110518,2.72,2.75,2.7,2.75,16500
DRAM,20110518,10.98,10.98,10.74,10.92,118300
DRCO,20110518,14.62,14.98,14.2,14.97,24900
DRIV,20110518,30.72,31.54,30.58,31.13,494400
DRRX,20110518,3.29,3.29,3.21,3.26,184800
DRWI,20110518,6.26,6.55,6.26,6.47,198300
DRYS,20110518,3.98,4.13,3.97,4.04,8126300
DSCI,20110518,9.71,9.71,9.41,9.54,51500
DSCO,20110518,2.3,2.79,2.3,2.6,3223500
DSGX,20110518,6.51,6.6,6.51,6.58,6100
DSPG,20110518,7.9,7.92,7.65,7.72,163200
DSWL,20110518,3.1,3.1,3.04,3.07,5700
DTLK,20110518,7.35,7.61,7.26,7.58,171500
DTSI,20110518,44.05,45,43.74,44.44,55500
DTV,20110518,49.16,50.28,49,50.24,5088500
DVAX,20110518,2.56,2.59,2.52,2.52,436600
DVOX,20110518,8.53,8.55,7.98,8.12,103900
DWA,20110518,25.53,25.75,25.38,25.7,411400
DWCH,20110518,5.86,5.93,5.55,5.75,23900
DWSN,20110518,31.74,32.69,31.42,32.23,107700
DXCM,20110518,15,15.57,14.98,15.31,384300
DXPE,20110518,24.55,25.38,24.32,25.2,44300
DXYN,20110518,4.53,4.58,4.49,4.55,6400
DYAX,20110518,1.91,1.97,1.88,1.9,544700
DYNT,20110518,9.25,9.25,8.5,8.85,92800
DYSL,20110518,3.4,3.63,3.3,3.61,8500
EBAY,20110518,32.57,32.93,32.19,32.88,5794500
EBIX,20110518,19.76,20.4,19.61,20.08,436900
EBMT,20110518,10.8,10.8,10.8,10.8,0
EBSB,20110518,13.41,13.57,13.41,13.57,7400
EBTC,20110518,18.2,18.2,17.91,18,11500
ECHO,20110518,14.57,14.67,14.33,14.49,40900
ECOL,20110518,16.49,16.71,16.41,16.66,29300
ECPG,20110518,30.97,30.97,30.39,30.46,242200
ECTY,20110518,3.85,4.11,3.85,4.1,112500
ECYT,20110518,12.25,12.25,11.78,12,47200
EDAC,20110518,4.25,4.25,4.13,4.17,1100
EDAP,20110518,3.97,4.03,3.84,3.91,157200
EDGW,20110518,2.99,3.02,2.95,2.97,1500
EDMC,20110518,20.83,22.49,20.83,21.85,244900
EDS,20110518,6.75,6.75,6.61,6.61,16100
EDUC,20110518,5.81,5.81,5.81,5.81,0
EEFT,20110518,17.66,17.66,17.42,17.53,336900
EEI,20110518,22.7,22.75,22.44,22.7,6400
EFII,20110518,17.7,17.98,17.5,17.97,226900
EFSC,20110518,13.51,13.57,13.2,13.56,30900
EFUT,20110518,4.57,4.57,4.35,4.45,7700
EGBN,20110518,12.49,12.85,12.49,12.85,44500
EGHT,20110518,2.87,2.93,2.86,2.93,308500
EGLE,20110518,11.76,11.92,10.72,11.04,2744000
EGOV,20110518,12.38,12.53,12.19,12.5,126600
EHTH,20110518,12.95,13.18,12.92,13.06,50800
EIHI,20110518,13.15,13.22,13.14,13.16,1800
ELGX,20110518,8.02,8.24,7.9,8.11,377500
ELNK,20110518,7.73,7.8,7.71,7.79,1445800
ELON,20110518,9.87,9.99,9.8,9.9,135300
ELOS,20110518,12.29,12.5,12,12.29,198000
ELRC,20110518,14.12,14.19,14,14.18,19900
ELSE,20110518,4.75,4.75,4.75,4.75,0
ELTK,20110518,1.17,1.17,1.17,1.17,0
EMCF,20110518,17.25,17.25,17.25,17.25,100
EMCI,20110518,19.96,20.1,19.94,20.09,5400
EMFN,20110518,28.6,28.6,28.6,28.6,900
EMIF,20110518,35.88,36.46,35.88,36.33,11400
EMITF,20110518,10.19,10.19,10.19,10.19,0
EMKR,20110518,9.4,10,9.32,9.96,485600
EMMS,20110518,1.02,1.07,1.02,1.06,95400
EMMSP,20110518,18.4,18.4,18.4,18.4,0
EMMT,20110518,26.58,26.69,26.58,26.69,1700
ENDP,20110518,41.35,41.35,40.67,40.89,1726700
ENG,20110518,3.85,3.93,3.8,3.84,48100
ENMD,20110518,4.92,4.97,4.87,4.93,16400
ENOC,20110518,19.56,19.56,19.05,19.13,585500
ENSG,20110518,29.13,29.42,29.03,29.22,72800
ENTG,20110518,8.67,8.9,8.6,8.87,859100
ENTR,20110518,8.3,8.7,8.26,8.6,1634400
ENZN,20110518,11.28,11.28,10.98,11,494900
EONC,20110518,1.93,2.14,1.88,1.99,201700
EPAX,20110518,9.75,9.78,9.69,9.74,66800
EPAY,20110518,25.27,25.63,25.03,25.06,136200
EPIQ,20110518,14.29,14.6,14.29,14.47,148800
EQIX,20110518,99.52,100.11,98.88,99.62,395500
ERIC,20110518,14.79,15.06,14.77,14.97,4748600
ERIE,20110518,70.62,71.79,70.58,71.46,53200
ERII,20110518,2.88,3.02,2.85,2.98,293100
EROC,20110518,10.39,11.08,10.39,10.99,650800
ESBF,20110518,11.9,12.11,11.59,11.79,29600
ESBK,20110518,16.5,16.5,16.45,16.5,1500
ESCA,20110518,5.85,5.96,5.84,5.86,4000
ESEA,20110518,4.64,4.67,4.56,4.58,20200
ESGR,20110518,102,103.05,100.3,101.81,45200
ESIO,20110518,17.27,18.1,16.9,17.75,194700
ESLT,20110518,51.29,51.9,51.29,51.8,46500
ESMC,20110518,1.2,1.3,1.13,1.3,11700
ESRX,20110518,60.01,60.44,59.46,60.14,4617500
ESSA,20110518,11.34,11.45,11.32,11.45,44000
ESSX,20110518,6.88,7.05,6.88,7.05,12100
ESYS,20110518,5.1,5.1,5.1,5.1,0
ETFC,20110518,15.65,16.02,15.55,15.89,6247400
ETRM,20110518,2.52,2.55,2.41,2.5,70400
EUFN,20110518,23.24,23.26,23.24,23.26,700
EVBS,20110518,3.3,3.3,3.3,3.3,200
EVEP,20110518,49.82,51.79,49.51,51.18,965100
EVOL,20110518,7.17,7.17,6.91,6.98,11800
EWBC,20110518,20.81,20.81,20.42,20.6,1141100
EXAC,20110518,17.6,17.99,17.6,17.83,16000
EXAR,20110518,6.44,6.62,6.44,6.62,112300
EXAS,20110518,7.2,7.23,7.04,7.2,380200
EXEL,20110518,11.2,11.72,11.03,11.66,1678500
EXFO,20110518,8.85,9.17,8.74,8.76,214300
EXLP,20110518,25.69,26.6,25.69,26.28,80100
EXLS,20110518,24.4,24.4,23.8,23.94,36500
EXPD,20110518,51.84,52.8,51.54,52.71,827500
EXPE,20110518,25.63,27.05,25.58,26.64,12981700
EXPO,20110518,40.81,41.45,40.8,41.11,59600
EXTR,20110518,3.12,3.23,3.1,3.23,338900
EXXI,20110518,32.52,33.82,32.52,33.38,758100
EZCH,20110518,33.21,33.73,32.3,33.51,118500
EZPW,20110518,29.86,30.43,29.74,30.38,172700
FABK,20110518,13.05,13.05,13.05,13.05,0
FALC,20110518,4.14,4.2,4.09,4.18,73400
FARM,20110518,10,10.08,9.55,9.66,17700
FARO,20110518,39.45,41,39.21,40.72,79800
FAST,20110518,32.83,33.265,32.705,33.17,508800
FBIZ,20110518,12.42,12.6,12.42,12.6,6500
FBMI,20110518,5.71,5.79,5.7,5.79,2200
FBMS,20110518,8.87,9.49,8.87,9.49,8700
FBNC,20110518,12.28,12.33,11.95,12,32300
FBSS,20110518,12.83,12.95,12.7,12.7,2800
FCAL,20110518,3.76,3.8,3.74,3.8,21600
FCAP,20110518,16.6,16.6,16.6,16.6,0
FCBC,20110518,14.37,14.57,14.26,14.4,29200
FCCO,20110518,7,7.01,6.93,6.94,1600
FCCY,20110518,7.47,7.47,7.47,7.47,0
FCEL,20110518,1.6,1.65,1.6,1.63,838900
FCFC,20110518,6.66,6.71,6.6,6.71,2500
FCFS,20110518,38.66,38.86,38.34,38.61,76700
FCHI,20110518,51.42,52.15,51.42,52.09,2500
FCLF,20110518,6.9,6.9,6.85,6.85,1500
FCNCA,20110518,197,198.39,195.95,198.39,5700
FCTY,20110518,4.1,4.1,4.1,4.1,0
FCVA,20110518,3.97,3.97,3.9,3.95,500
FCZA,20110518,4.1,4.1,4.01,4.1,2300
FDEF,20110518,14.6,14.8,14.6,14.75,11300
FDML,20110518,23.96,24.15,23.5,23.78,306800
FEFN,20110518,24.57,24.57,24.57,24.57,0
FEIC,20110518,39.11,39.58,38.72,39.3,402000
FEIM,20110518,9.87,9.96,9.67,9.83,34900
FELE,20110518,21.63,21.935,21.57,21.915,75700
FFBC,20110518,16.51,16.74,16.44,16.73,187300
FFBCW,20110518,6.13,6.13,6.13,6.13,0
FFCH,20110518,9.69,9.7,9.38,9.67,44100
FFCO,20110518,14.96,15,14.9,15,1700
FFEX,20110518,3.71,3.71,3.67,3.71,2600
FFHL,20110518,3.55,3.79,3.55,3.77,44600
FFIC,20110518,13.39,13.55,13.36,13.51,79400
FFIN,20110518,36.6667,36.6667,35.8467,36.0267,34800
FFIV,20110518,103.82,109.51,103.82,108.52,2962700
FFKT,20110518,6.8,6.83,6.8,6.8,1700
FFKY,20110518,3.7,3.83,3.59,3.83,7300
FFN,20110518,5.79,6.16,5.62,5.85,338000
FFNM,20110518,3.65,3.8,3.64,3.8,1900
FFNW,20110518,5.98,5.98,5.91,5.95,9800
FHCO,20110518,5.07,5.07,4.92,5.01,35400
FIBK,20110518,13.29,13.81,13.26,13.81,43300
FINL,20110518,21.54,21.94,21.4,21.85,901000
FIRE,20110518,23.5,24.49,23.5,24.21,562900
FISI,20110518,15.58,16.06,15.5,15.97,33300
FISV,20110518,62.08,63.13,61.76,63.08,969000
FITB,20110518,12.77,12.92,12.77,12.9,9020400
FITBP,20110518,141.45,143.55,141.03,143.22,73500
FIZZ,20110518,14.06,14.09,14,14,8800
FLDM,20110518,15.08,15.23,14.17,14.6,83300
FLEX,20110518,6.7,6.83,6.61,6.68,9966900
FLIC,20110518,26.94,27,26.6,26.98,7700
FLIR,20110518,36,36.55,35.87,36.47,851600
FLML,20110518,5.99,6.03,5.91,5.98,10800
FLOW,20110518,3.6,3.81,3.57,3.71,129500
FLWS,20110518,2.95,3,2.83,2.88,93700
FLXS,20110518,14.27,14.49,14.27,14.45,1900
FMBI,20110518,12.24,12.33,12.16,12.25,364900
FMCN,20110518,32.85,33.95,32.69,32.79,2663300
FMER,20110518,17.04,17.04,16.78,16.94,728800
FMFC,20110518,3.83,3.99,3.82,3.98,4400
FNBN,20110518,0.61,0.61,0.51,0.6,33700
FNFG,20110518,13.9,14.13,13.82,14.08,3114200
FNGN,20110518,25.91,26,25.09,25.4,620100
FNLC,20110518,14.3,14.53,14.25,14.53,7200
FNSR,20110518,22.83,23.72,22.83,23.66,2696500
FOLD,20110518,6.96,7.27,6.9,7.26,25300
FONE,20110518,28.08,28.5,28.08,28.43,4500
FONR,20110518,2.36,2.39,2.29,2.29,71200
FORD,20110518,3.52,3.65,3.52,3.54,8900
FORM,20110518,9.74,10,9.62,9.95,383300
FORR,20110518,37.25,37.63,37.09,37.26,20500
FORTY,20110518,17.57,17.94,17.57,17.8,5000
FOSL,20110518,102.6,103.57,101.45,102.13,754600
FRBK,20110518,2.64,2.75,2.57,2.67,28800
FRED,20110518,13.68,13.82,13.63,13.82,198300
FREE,20110518,24.5,25.3,24,24.8,7500
FRME,20110518,8.47,8.55,8.33,8.55,92600
FRNK,20110518,11.83,11.85,11.76,11.85,55900
FRP,20110518,9.67,9.85,8.74,9.76,1711400
FSBK,20110518,4.39,4.56,4.25,4.39,17300
FSCI,20110518,25.92,26.21,25.68,26,18600
FSFG,20110518,15.9,16.25,15.9,16.21,1200
FSGI,20110518,0.73,0.73,0.71,0.71,5600
FSLR,20110518,127.28,130.44,126.62,129.24,1637400
FSRV,20110518,36,36.51,36,36.25,37200
FSTR,20110518,35.45,35.51,35.15,35.24,31800
FSYS,20110518,23.47,23.96,23.21,23.88,208500
FTEK,20110518,7.64,7.79,7.62,7.77,27400
FTNT,20110518,23.425,23.72,23.21,23.655,697400
FUBC,20110518,6.24,6.42,6.21,6.37,115900
FULL,20110518,8,8.01,7.8,7.87,64200
FULT,20110518,11.29,11.3,11.21,11.23,876900
FUNC,20110518,5.02,5.14,4.9,5.06,10000
FUND,20110518,7.8,7.9,7.75,7.9,71800
FURX,20110518,14.49,14.57,14.49,14.51,94900
FWLT,20110518,32.39,33.16,32.3,33.12,2088000
FWRD,20110518,32.78,33.24,32.67,33.2,102100
FXCB,20110518,13.31,13.49,13.27,13.49,15600
FXEN,20110518,7.78,7.97,7.7,7.81,378600
GABC,20110518,16.7,16.98,16.62,16.98,16700
GAGA,20110518,8.72,8.75,8.6,8.6,34500
GAI,20110518,5.41,5.41,5.41,5.41,100
GAIA,20110518,5.18,5.23,5.07,5.14,55300
GAIN,20110518,7.17,7.17,6.98,7.13,141600
GAME,20110518,6.6,7.12,6.56,7.11,1862100
GASS,20110518,5.47,5.69,5.46,5.58,49800
GBCI,20110518,14.52,14.67,14.49,14.56,327300
GBDC,20110518,15.9,15.92,15.85,15.86,71000
GBLI,20110518,23.49,23.8,23.44,23.57,70400
GBNK,20110518,1.49,1.49,1.46,1.46,3000
GCBC,20110518,17.74,17.74,17.74,17.74,0
GCFB,20110518,3.95,4,3.8,3.8,9600
GCOM,20110518,13.56,14.17,13.48,13.85,67100
GCVRZ,20110518,2.47,2.5,2.44,2.46,1130800
GENC,20110518,7.73,7.88,7.64,7.88,3700
GENE,20110518,7.27,8.25,7.1,7.85,262300
GENT,20110518,9.86,9.97,9.71,9.86,70700
GERN,20110518,4.74,4.78,4.64,4.74,1168100
GEVO,20110518,19.88,20.05,19.59,19.86,20600
GFED,20110518,6.3,6.3,6.3,6.3,300
GFN,20110518,2.56,2.8,2.41,2.66,4000
GFNCL,20110518,3.52,3.52,3.52,3.52,0
GGAL,20110518,12.75,13,12.75,12.9,319800
GHDX,20110518,25.78,26.4,25.72,25.85,51300
GIFI,20110518,27.73,29.04,27.73,28.99,66800
GIGA,20110518,2.5,2.55,2.5,2.51,5500
GIGM,20110518,1.22,1.27,1.22,1.27,198200
GIII,20110518,41.9,42.45,41.63,42.3,65700
GILD,20110518,20.18,20.2,19.99,20.17,7992500
GILT,20110518,4.7,4.71,4.58,4.66,13400
GIVN,20110518,20.08,20.42,20.02,20.36,32700
GKNT,20110518,25.79,26.49,25.69,26.39,24100
GLAD,20110518,11.02,11.09,10.79,10.85,151400
GLBS,20110518,9,9,8.88,8.88,3300
GLBZ,20110518,8.65,8.65,8.65,8.65,0
GLCH,20110518,1.89,1.93,1.88,1.92,483000
GLDC,20110518,3.39,3.43,3.35,3.43,6100
GLDD,20110518,6.32,6.37,6.25,6.36,675100
GLNG,20110518,28.2,29.16,27.75,29.03,661600
GLPW,20110518,29.83,29.92,29.05,29.63,70200
GLRE,20110518,25.91,26.26,25.74,26.2,50100
GLUU,20110518,3.33,3.63,3.33,3.43,1657000
GMAN,20110518,20.04,21.36,19.81,21.18,81600
GMCR,20110518,74.34,76.7,73.72,76.51,1688900
GMETP,20110518,12.5,12.5,12.5,12.5,0
GMLP,20110518,25.14,26.05,24.6,25.32,466900
GNCMA,20110518,11.51,11.73,11.4,11.67,113500
GNMK,20110518,5.81,5.94,5.5,5.5,15500
GNTX,20110518,30.07,30.32,29.73,30.27,634500
GNVC,20110518,4,4.19,4,4.1,63400
GOLD,20110518,76.87,78,76.52,77.78,511600
GOOD,20110518,18.55,18.74,18.41,18.74,21200
GOODO,20110518,24.6,24.62,24.6,24.6,600
GOODP,20110518,25.01,25.11,25.01,25.11,300
GOOG,20110518,529.54,530.33,525.7,529.81,1954200
GPIC,20110518,7.5,7.5,7.42,7.49,8600
GPOR,20110518,25.71,28.4,25.71,27.79,1070100
GPRC,20110518,4.2,4.42,4.2,4.42,19200
GPRE,20110518,10.85,10.98,10.71,10.79,228400
GRID,20110518,33.02,33.02,33.02,33.02,0
GRIF,20110518,25.98,26.56,25.98,26.53,3000
GRMN,20110518,34.78,35.15,34.53,34.98,1076300
GROW,20110518,7.57,8.42,7.5,8.37,175700
GRVY,20110518,1.86,1.87,1.83,1.86,19400
GSBC,20110518,19.6,20.14,19.6,20.11,10800
GSIG,20110518,11.76,11.84,11.19,11.64,74300
GSIT,20110518,6.61,6.89,6.61,6.84,77700
GSM,20110518,20.78,21.6,20.78,21.4,451700
GSOL,20110518,10.61,11.05,10.61,10.93,105800
GSVC,20110518,13.39,13.39,12.96,13.32,24500
GTIM,20110518,2,2,2,2,0
GTIV,20110518,24.85,25.19,24.75,25.16,141100
GTLS,20110518,42.55,44.56,42,44.37,252900
GTXI,20110518,6.03,6.03,5.9,6,168700
GUID,20110518,7.31,7.59,7.31,7.5,37900
GULF,20110518,16.58,16.58,16.58,16.58,1000
GYRO,20110518,71.75,73.49,69.51,70.75,1900
HA,20110518,6,6,5.76,5.82,504600
HAFC,20110518,1.2,1.23,1.19,1.21,667600
HAIN,20110518,33.46,33.94,33.34,33.56,386600
HALL,20110518,6.68,7.04,6.68,7,61000
HALO,20110518,6.62,6.63,6.41,6.48,230600
HAS,20110518,47.02,47.58,46.88,47.51,668900
HAST,20110518,4.9,5.05,4.89,4.95,27200
HAUP,20110518,2.09,2.15,2.07,2.1,41500
HAYN,20110518,54.96,56.91,54.05,55.67,52500
HBAN,20110518,6.57,6.58,6.5,6.54,9697600
HBANP,20110518,1155,1155,1149.49,1149.49,100
HBCP,20110518,14.53,14.63,14.39,14.5,11000
HBHC,20110518,31.95,32.18,31.73,32.06,267400
HBIO,20110518,4.9,4.94,4.89,4.93,85200
HBNC,20110518,11.9822,12.0355,11.9822,12,1800
HBNK,20110518,13.39,13.7,13.36,13.58,6600
HBOS,20110518,12.15,12.15,11.9,12,125000
HCBK,20110518,9.34,9.37,9.27,9.34,3293000
HCCI,20110518,17.23,17.69,17.23,17.56,9000
HCIIP,20110518,10,10,10,10,0
HCKT,20110518,4.21,4.38,4.21,4.37,68600
HCSG,20110518,17.17,17.44,17.09,17.41,118500
HDNG,20110518,11.65,11.99,11.65,11.9,28900
HDSN,20110518,1.88,1.89,1.85,1.85,4300
HEES,20110518,14.07,14.15,13.85,14.13,55100
HELE,20110518,31.67,31.79,31.45,31.61,138000
HEOP,20110518,3.62,3.91,3.62,3.68,9900
HERO,20110518,5.94,6.15,5.93,6.15,5107000
HFBC,20110518,7.76,7.99,7.75,7.97,34500
HFBL,20110518,13.05,13.19,13.05,13.19,3700
HFFC,20110518,10.73,11,10.73,10.95,13900
HFWA,20110518,13.32,13.32,13.06,13.12,19700
HGSH,20110518,2.23,2.59,2.23,2.5,3700
HIBB,20110518,37,37.98,36.76,37.78,289700
HIFS,20110518,52,52.2,52,52,7300
HIHO,20110518,3.02,3.02,3.01,3.01,700
HILL,20110518,2.68,2.71,2.64,2.71,118800
HIMX,20110518,2.16,2.22,2.15,2.2,93900
HITK,20110518,25.91,26,25.58,25.81,72000
HITT,20110518,62.07,63.84,61.6,63.61,87400
HLIT,20110518,7.55,7.74,7.52,7.69,598200
HMIN,20110518,38.55,39.56,38.29,38.33,324200
HMNF,20110518,2.67,2.8,2.65,2.79,1300
HMNY,20110518,1,1,1,1,0
HMPR,20110518,14.98,17.18,13.26,16.7,0
HMSY,20110518,25.5767,26.09,25.4433,25.8567,155800
HNH,20110518,11.61,11.75,11.14,11.4,10900
HNRG,20110518,10.19,10.25,10.08,10.16,8300
HNSN,20110518,2.58,2.91,2.58,2.87,1094400
HOFT,20110518,10.61,10.82,10.38,10.81,23800
HOGS,20110518,15.76,15.88,15.63,15.81,200400
HOLI,20110518,9.93,10.28,9.93,10.14,662300
HOLL,20110518,1.68,1.69,1.67,1.67,1600
HOLX,20110518,21.21,21.56,21.11,21.54,1700700
HOMB,20110518,23.38,23.73,23.38,23.7,57400
HOME,20110518,10.63,10.7,10.55,10.67,18400
HOTT,20110518,7.69,7.79,7.54,7.66,747000
HOVNP,20110518,5.44,5.54,5.44,5.54,1300
HPCCP,20110518,26.2,26.59,26.2,26.58,7500
HPJ,20110518,1.9,2.07,1.87,2.04,77600
HPOL,20110518,0.79,0.9,0.79,0.9,65800
HRZN,20110518,15.71,15.95,15.71,15.76,117200
HSIC,20110518,71.49,73.13,71.25,73.02,375900
HSII,20110518,19.3,19.69,19.3,19.5,159400
HSKA,20110518,8.62,8.7,8.59,8.7,26700
HSNI,20110518,32.24,33.53,32.15,33.29,317600
HSOL,20110518,5.43,5.56,5.41,5.52,680800
HSTM,20110518,10.88,11.29,10.63,11.28,169000
HTBK,20110518,5.3,5.3,5.26,5.3,16300
HTCH,20110518,2.54,2.55,2.46,2.53,152200
HTCO,20110518,9.81,9.86,9.78,9.8,12800
HTHT,20110518,19.49,19.7,19.45,19.5,82600
HTLD,20110518,16.02,16.35,15.93,16.31,682000
HTLF,20110518,14.29,14.79,14.29,14.79,18200
HTWR,20110518,76.04,76.95,75.06,75.98,173300
HUBG,20110518,36.76,37.82,36.54,37.77,131300
HURC,20110518,29.06,30.32,29.06,30.13,26100
HURN,20110518,27.75,28.63,27.44,28.55,58600
HWAY,20110518,16.32,16.49,16.2,16.44,99600
HWBK,20110518,8.31,8.31,8.25,8.25,600
HWCC,20110518,15.87,16.28,15.67,16.19,93300
HWKN,20110518,41.95,42.24,41.8,42.06,23800
HYGS,20110518,5.46,5.51,5.17,5.47,4500
IACI,20110518,34.2,34.62,34.2,34.52,559400
IART,20110518,50.8,51.2,50.48,50.86,335800
IBB,20110518,107.72,108.59,107.2,108.48,124500
IBCA,20110518,3.1,3.1,2.96,2.98,53900
IBCP,20110518,2.66,2.68,2.55,2.61,102700
IBCPO,20110518,15.5,15.5,15.5,15.5,100
IBKC,20110518,59.16,59.31,58.34,58.75,214100
IBKR,20110518,16.89,16.96,16.8,16.94,263100
IBOC,20110518,16.84,17,16.84,16.97,180800
ICAD,20110518,1.06,1.15,1.06,1.15,125800
ICCC,20110518,4.4,4.55,4.4,4.55,300
ICFI,20110518,24.85,24.86,24.5,24.64,88600
ICGE,20110518,12.39,12.55,12.26,12.48,100800
ICLN,20110518,17,17.09,17,17.02,8400
ICLR,20110518,24.95,25,24.39,24.87,118100
ICON,20110518,23.21,24.06,22.95,23.93,4544000
ICUI,20110518,42.25,42.66,42.04,42.45,122700
IDCC,20110518,43.34,43.48,42.34,42.85,812800
IDIX,20110518,4.94,4.96,4.83,4.94,102200
IDRA,20110518,2.58,2.61,2.55,2.55,3700
IDSA,20110518,10.31,10.38,10.25,10.31,12300
IDSY,20110518,4.18,4.28,4.18,4.25,15200
IDTI,20110518,8.3,8.59,8.3,8.52,2513500
IDXX,20110518,79.94,81.75,79.52,81.55,199900
IESC,20110518,3.3,3.31,3.11,3.11,31500
IFAS,20110518,30.41,30.41,30.41,30.41,0
IFEU,20110518,34.08,34.37,34.08,34.37,400
IFGL,20110518,31.86,32.07,31.79,32.06,4600
IFNA,20110518,44.4,44.47,44.4,44.47,1000
IFON,20110518,0.82,0.85,0.76,0.79,16600
IFSM,20110518,40.31,40.41,40.26,40.26,1000
IGLD,20110518,26.05,26.35,26.05,26.35,2000
IGOI,20110518,26.28,26.4,24.72,25.08,142500
IGOV,20110518,105.22,105.49,105.15,105.27,3500
IGTE,20110518,18.53,18.73,18.44,18.61,415800
III,20110518,2.25,2.25,2.1,2.1,10300
IIIN,20110518,13.32,13.53,13.16,13.49,31300
IIJI,20110518,8.36,8.53,8.36,8.45,29100
IILG,20110518,13.77,13.94,13.65,13.84,197500
IIN,20110518,4.06,4.06,3.93,3.96,4300
IIVI,20110518,26.525,28.27,26.505,27.855,149300
IKAN,20110518,1.34,1.46,1.3,1.46,460600
IKNX,20110518,8.38,8.38,8.38,8.38,0
ILMN,20110518,72.58,73.81,71.8,73.47,1539800
IMGN,20110518,12.66,13.11,12.63,13.06,385900
IMKTA,20110518,17.99,18.14,17.79,18.13,27600
IMMR,20110518,8.23,8.32,8.18,8.25,283500
IMMU,20110518,4.05,4.13,3.98,4.09,723600
IMMY,20110518,0.6,0.6,0.6,0.6,500
IMOS,20110518,8.04,8.26,7.95,8,72700
IMRS,20110518,7.5,7.95,7.43,7.84,34600
INAP,20110518,7.7,7.74,7.57,7.74,288100
INCY,20110518,19.35,19.54,19.2,19.31,1369800
INDB,20110518,28.91,29.25,28.91,29.23,109200
INDY,20110518,27.68,27.77,27.37,27.73,115400
INFA,20110518,52.79,55.22,52.63,54.88,1272800
INFI,20110518,6.94,6.98,6.75,6.8,38400
INFN,20110518,7.11,7.25,7.02,7.25,819900
ININ,20110518,33.1,34.36,32.82,34.01,71900
INOC,20110518,1.68,1.68,1.68,1.68,0
INOD,20110518,2.48,2.55,2.45,2.49,92900
INPH,20110518,4.53,4.72,4.4,4.58,130600
INSM,20110518,8.39,8.46,8.33,8.41,19400
INTC,20110518,23.6,23.96,23.52,23.88,65592800
INTG,20110518,22,22,22,22,1100
INTL,20110518,25.75,26.17,25.63,26.13,45600
INTT,20110518,3.37,3.48,3.34,3.39,113500
INTU,20110518,54.58,54.74,53.93,54.28,2452300
INTX,20110518,14.02,14.88,14.02,14.72,86400
INVE,20110518,2.82,2.92,2.81,2.87,182500
INWK,20110518,8.12,8.26,7.96,8.2,52700
IOSP,20110518,31.17,32.71,31.02,32.2,227700
IPAR,20110518,21.23,21.6,20.87,21.14,146700
IPAS,20110518,1.37,1.39,1.35,1.38,61200
IPCC,20110518,52.59,53.18,52.09,53.17,66500
IPCI,20110518,3.95,4.17,3.84,3.96,44700
IPCM,20110518,49.53,50,49.13,49.65,103000
IPGP,20110518,64.98,67.22,64.39,66.92,505300
IPHS,20110518,43.77,44.74,43.44,44.54,109000
IPXL,20110518,26.47,27.17,26.23,27.1,459800
IRBT,20110518,30.3,31,30.3,30.79,345500
IRDM,20110518,8.66,8.75,8.59,8.64,485000
IRDMZ,20110518,1.92,1.92,1.9,1.9,1400
IRIX,20110518,3.73,3.73,3.63,3.69,13000
IRWD,20110518,14.94,15.08,14.76,14.94,136100
ISBC,20110518,14.54,14.86,14.48,14.86,159600
ISCA,20110518,28.65,29.23,28.47,29.11,64400
ISHG,20110518,107.65,107.93,107.53,107.7,6100
ISIG,20110518,4.35,4.49,4.23,4.35,102500
ISIL,20110518,14.45,14.45,14.09,14.31,2656600
ISIS,20110518,8.74,8.86,8.67,8.84,476600
ISLE,20110518,8.97,9.2,8.74,9.2,107300
ISNS,20110518,10.12,10.26,9.99,10.25,26400
ISRG,20110518,349.07,353.87,346,352.78,238300
ISRL,20110518,61.2,63.34,61,63.34,800
ISSC,20110518,5.72,5.75,5.7,5.75,3300
ISSI,20110518,8.88,9.22,8.87,9.21,152800
ITIC,20110518,40.96,40.96,40.91,40.91,700
ITMN,20110518,37.17,38.96,37.01,38.74,1255300
ITRI,20110518,53.37,53.58,52.97,53.27,334600
ITRN,20110518,14.77,15.28,14.77,15.25,49000
IVAC,20110518,10.92,11.37,10.89,11.12,32300
IVAN,20110518,2.46,2.51,2.4,2.47,572400
IXYS,20110518,14.29,14.66,14.2,14.49,69900
JACK,20110518,20.25,21.37,20.25,21.08,1161500
JADE,20110518,3.74,3.79,3.71,3.76,69200
JAKK,20110518,19.97,20.14,19.88,19.96,136300
JASO,20110518,28.95,29.5,28.85,29.15,3738500
JAXB,20110518,6.45,6.45,6,6.45,1200
JAZZ,20110518,26.95,28.22,26.61,27.99,742300
JBHT,20110518,45.28,46.58,45.13,46.45,702700
JBLU,20110518,6.29,6.31,6.15,6.25,3451700
JBSS,20110518,9.52,9.64,9.32,9.61,27100
JCOM,20110518,28.02,28.4,28,28.28,131700
JCS,20110518,17.94,18,17.68,17.85,32100
JCTCF,20110518,9.99,10.25,9.99,10.06,2300
JDSU,20110518,19.76,20.57,19.71,20.42,9069400
JFBI,20110518,3.59,3.59,3.32,3.59,2800
JJSF,20110518,51.7,51.82,50.85,51.15,37800
JKHY,20110518,30.9,31.31,30.68,31.16,394200
JMBA,20110518,2.3,2.32,2.25,2.25,337300
JOBS,20110518,56.08,58.64,56.08,58.25,67000
JOEZ,20110518,0.86,0.9,0.85,0.85,303400
JOSB,20110518,55.44,56.94,54.89,56.69,353900
JOUT,20110518,15.13,15.62,14.95,15.52,13600
JRCC,20110518,20.99,21.44,20.78,21.42,1085700
JRJC,20110518,4.75,4.95,4.75,4.91,67800
JST,20110518,12.79,13.16,12.79,12.97,50400
JVA,20110518,6.32,6.6,6.32,6.49,80000
JXSB,20110518,12.75,12.75,12.75,12.75,0
KALU,20110518,49.88,51.26,49.85,51.14,163200
KBALB,20110518,6.6,6.65,6.52,6.64,44900
KCAP,20110518,7.49,7.57,7.44,7.52,112300
KCLI,20110518,30.51,30.8,30.41,30.69,12700
KELYA,20110518,18.96,18.96,18.57,18.63,155200
KELYB,20110518,20.21,20.21,20.21,20.21,0
KEQU,20110518,10.32,10.32,10.32,10.32,0
KERX,20110518,5.12,5.19,5.05,5.13,1278200
KEYN,20110518,21.1,21.68,21.04,21.45,77800
KEYW,20110518,11.03,11.4,10.98,11.3,91000
KFFB,20110518,8.47,8.47,8.47,8.47,0
KFRC,20110518,12.75,13.01,12.65,13,387900
KGJI,20110518,1.94,1.99,1.92,1.96,42800
KINS,20110518,3.3,3.3,3.3,3.3,0
KIPS,20110518,3.93,4.09,3.26,3.41,65800
KIRK,20110518,14.8,14.94,14.56,14.8,105900
KLAC,20110518,42.63,43.09,42.42,42.83,2268000
KLIC,20110518,11.76,12.25,11.72,12.16,1767900
KNDI,20110518,2.07,2.22,2.07,2.12,87600
KONA,20110518,4.86,5.01,4.82,4.97,19100
KONE,20110518,1.7,1.7,1.56,1.56,39400
KONG,20110518,5.93,5.93,5.49,5.73,556100
KOOL,20110518,2.24,2.27,2.21,2.24,72700
KOPN,20110518,4.71,4.87,4.71,4.87,206500
KOSS,20110518,5.95,5.95,5.84,5.84,1800
KRNY,20110518,9.19,9.26,9.15,9.2,16600
KSWS,20110518,11.19,11.35,11.04,11.1,48700
KTCC,20110518,4.55,4.66,4.55,4.56,11700
KTEC,20110518,19.2,19.2,18.78,19,4100
KTOS,20110518,12.41,12.44,12.16,12.23,137000
KUTV,20110518,4.94,4.98,4.3,4.33,1455500
KVHI,20110518,11.66,12.07,11.59,11.78,42000
LABC,20110518,15.35,15.35,15.25,15.26,10100
LABL,20110518,22.64,22.93,22.57,22.71,23300
LACO,20110518,2.23,2.3,2.23,2.27,22200
LAKE,20110518,8.85,8.85,8.8,8.8,1100
LAMR,20110518,29.43,30.26,29.43,30.17,1069100
LANC,20110518,61.19,61.22,60.62,60.98,35900
LARK,20110518,16.36,16.36,16.36,16.36,100
LAWS,20110518,19.26,19.45,19.26,19.44,4800
LAYN,20110518,28.61,28.78,28.45,28.74,88900
LBAI,20110518,9.99,10.15,9.97,10.12,35900
LBIX,20110518,3.31,3.38,3.09,3.23,24300
LBTYA,20110518,44.67,44.97,44.19,44.85,3806600
LBTYB,20110518,46.15,46.15,46.15,46.15,0
LBTYK,20110518,42.75,42.87,42.33,42.76,981000
LCAV,20110518,5.45,5.56,5.33,5.44,37300
LCUT,20110518,12.56,12.56,12.06,12.46,54300
LEAP,20110518,16.98,17.09,16.66,16.88,1579900
LECO,20110518,36.485,37.25,36.18,37.055,173400
LEDR,20110518,2.39,2.4,2.31,2.32,2000
LEDS,20110518,10.7,10.73,10.45,10.51,86300
LFUS,20110518,59.89,60.78,58.78,60.06,140500
LGCY,20110518,29.64,30.76,29.58,30.27,152000
LGND,20110518,11.13,11.15,10.95,11.06,91600
LHCG,20110518,26.9,27.06,26.48,26.86,107500
LIFE,20110518,53.98,54.67,53.55,54.59,2210100
LIME,20110518,4.54,4.63,4.44,4.55,26500
LINC,20110518,14.72,15.15,14.64,15.11,146000
LINE,20110518,37.46,38.36,37.34,38.02,1016600
LINTA,20110518,17.38,17.67,17.3,17.59,5070300
LINTB,20110518,17.3,17.3,17.3,17.3,400
LION,20110518,7.09,7.19,7.09,7.19,1200
LIOX,20110518,3.45,3.48,3.37,3.39,190000
LIVE,20110518,4.08,4.12,4.02,4.02,400
LIWA,20110518,7.76,7.86,7.56,7.69,71200
LKFN,20110518,22.06,22.22,21.94,22.16,30300
LLEN,20110518,6.71,7.14,6.55,6.99,319700
LLNW,20110518,5.57,5.74,5.56,5.71,1171200
LLTC,20110518,33.85,34.59,33.85,34.38,2474700
LMAT,20110518,7.05,7.1,7.05,7.05,4200
LMCA,20110518,84.71,88.1,84.44,88.08,488600
LMIA,20110518,21.33,21.38,21.03,21.36,24400
LMNR,20110518,20.19,20.25,20,20.18,11200
LMNX,20110518,20.12,20.28,19.91,20.22,86800
LNBB,20110518,5.73,5.8,5.68,5.76,4800
LNCE,20110518,20.78,20.99,20.48,20.75,893500
LNDC,20110518,5.72,5.79,5.52,5.77,155200
LOAN,20110518,1.47,1.47,1.47,1.47,1500
LOCM,20110518,3.37,3.61,3.35,3.57,850700
LOGI,20110518,12.48,12.61,12.45,12.57,841600
LOGM,20110518,41.26,41.8,40.84,41.33,271800
LOJN,20110518,4.58,4.6,4.48,4.48,46100
LONG,20110518,26.95,27.47,23.99,25.11,377400
LOOK,20110518,1.77,1.88,1.75,1.8,8800
LOPE,20110518,13.4,13.56,13.19,13.19,504700
LORL,20110518,65.77,66.9,65.75,66.67,51200
LPHI,20110518,4.33,4.84,4.33,4.6,304900
LPLA,20110518,33.92,35.19,33.81,35.04,373000
LPNT,20110518,41.96,42.28,41.48,42.25,350200
LPSB,20110518,9.65,9.65,9.65,9.65,0
LPSN,20110518,10.53,11.06,10.39,10.97,566300
LPTH,20110518,1.7,1.7,1.68,1.68,1000
LQDT,20110518,19.13,19.52,19.13,19.49,60800
LRAD,20110518,2.77,2.77,2.6,2.66,118600
LRCX,20110518,46.73,47.49,46.57,47.18,1572900
LSBI,20110518,15.45,15.45,15.45,15.45,0
LSBK,20110518,10.8,10.84,10.8,10.84,1500
LSCC,20110518,6.77,6.99,6.66,6.91,1739000
LSTR,20110518,45.46,47.11,45.46,46.97,250300
LTBR,20110518,3.84,3.84,3.72,3.79,60700
LTON,20110518,1,1.04,0.99,1,111500
LTRE,20110518,9.88,9.91,9.29,9.59,33900
LTRX,20110518,3.56,3.57,3.27,3.37,6500
LTXC,20110518,8.42,8.68,8.35,8.54,294900
LUFK,20110518,80.84,84.5,80.82,83.25,301500
LULU,20110518,47.62,49.125,47.53,49.075,1178100
LUNA,20110518,2,2.06,2,2.03,9900
LWAY,20110518,9.35,10.25,9.35,10.18,35000
LXRX,20110518,1.53,1.56,1.48,1.52,1099300
LYTS,20110518,7.98,8.02,7.83,7.95,21600
MAGS,20110518,3,3.1,3,3.1,6700
MAKO,20110518,27.4,28.64,27.01,28.59,1333200
MANH,20110518,35.59,36.21,35.56,35.97,87500
MANT,20110518,43.51,44.19,43.4,44.1,128300
MARPS,20110518,20.22,20.36,19.8,19.9,3000
MASC,20110518,7.34,7.34,7.1,7.18,40000
MASI,20110518,30.03,30.33,29.73,29.77,775800
MAT,20110518,26.73,26.87,26.53,26.82,2777200
MATW,20110518,37.51,37.76,37.27,37.65,63500
MAXY,20110518,5.18,5.18,5.06,5.1,80000
MAYS,20110518,18.08,18.08,18.08,18.08,0
MBFI,20110518,19.73,19.81,19.6,19.8,100600
MBLX,20110518,7.56,7.71,7.43,7.69,91200
MBND,20110518,3.39,3.42,3.25,3.35,44900
MBRG,20110518,15.45,15.49,15.3,15.49,2700
MBTF,20110518,1.56,1.67,1.56,1.6,11400
MBVT,20110518,25.11,25.3,25.07,25.25,7000
MBWM,20110518,9.05,9.16,9,9.1,4800
MCBC,20110518,2.47,2.5,2.41,2.45,43800
MCBI,20110518,6.37,6.46,6.37,6.46,600
MCGC,20110518,6.45,6.53,6.41,6.5,637400
MCHP,20110518,39.27,40.3,39.26,40.13,2055900
MCHX,20110518,7.28,7.28,7.05,7.22,50800
MCOX,20110518,25.35,25.75,25.15,25.55,86600
MCRI,20110518,9.69,9.71,9.56,9.63,59000
MCRL,20110518,12.24,12.42,12.17,12.29,286700
MCRS,20110518,48.37,49.82,47.94,49.71,530200
MDAS,20110518,14.96,15.65,14.93,15.56,1812700
MDCA,20110518,17.19,19.42,17.19,18.7,112500
MDCI,20110518,8.9,9.01,8.76,9.01,21900
MDCO,20110518,16.72,17.17,16.7,17.01,534300
MDH,20110518,2.94,2.99,2.9,2.99,3100
MDRX,20110518,19.26,20.49,19.24,20.48,4384600
MDSO,20110518,22.5,23.23,22.48,22.98,187600
MDVN,20110518,23.3,23.34,22.48,22.65,313300
MEAD,20110518,3.73,3.94,3.68,3.85,12900
MEAS,20110518,33.59,34.19,33.08,34.19,65400
MELA,20110518,3.02,3.32,3.01,3.28,330000
MELI,20110518,86.49,88.51,86.42,88,971000
MEMS,20110518,3.33,3.35,3.24,3.24,24500
MENT,20110518,14.5,14.89,14.26,14.85,723400
MEOH,20110518,30.4,30.79,30.11,30.71,213700
MERC,20110518,12.35,12.4,12.02,12.25,449400
MERU,20110518,17.78,18.1,17.68,17.88,228900
METR,20110518,11.78,11.78,11.31,11.76,59300
MFI,20110518,5.55,5.6,5.5,5.57,3800
MFLR,20110518,8.61,8.61,8.61,8.61,0
MFLX,20110518,21.57,22.04,21.57,21.83,36800
MFNC,20110518,5.46,5.46,5.46,5.46,0
MFRI,20110518,9.4,9.67,9.4,9.47,1700
MFSF,20110518,8.15,8.15,8.15,8.15,300
MGAM,20110518,5.35,5.49,5.33,5.49,42600
MGEE,20110518,41.89,41.95,41.5,41.87,36700
MGIC,20110518,5.68,5.98,5.68,5.76,328700
MGLN,20110518,50.97,51.84,50.27,51.8,378000
MGPI,20110518,8.09,8.22,8.09,8.19,27000
MGRC,20110518,27.21,27.35,27.07,27.32,29000
MGYR,20110518,4.5,4.54,4.5,4.54,600
MHGC,20110518,8.04,8.19,7.89,8.17,158700
MHLD,20110518,8.26,8.3,8.11,8.29,236800
MIDD,20110518,81.17,82.92,80.34,82.72,114800
MIND,20110518,13.29,13.7,13.25,13.67,19800
MINI,20110518,21.24,21.49,21.19,21.38,131300
MITL,20110518,5.46,5.61,5.27,5.49,40800
MKSI,20110518,25.82,26.36,25.75,26.19,284600
MKTAY,20110518,42.75,43.13,42.75,42.92,1700
MKTG,20110518,14.49,15.22,14.4,15.04,376400
MKTX,20110518,21.01,21.12,20.7,21.01,77500
MLAB,20110518,31.5,31.5,31.5,31.5,300
MLHR,20110518,24.05,24.3,23.76,24.22,175600
MLNK,20110518,5.02,5.02,4.93,4.96,160800
MLNX,20110518,30.1,30.65,30.07,30.44,102300
MLVF,20110518,7.99,7.99,7.99,7.99,0
MMLP,20110518,36.17,37.25,35.79,37.02,100200
MMSI,20110518,18.32,18.73,18.05,18.57,182900
MMUS,20110518,4.6,4.75,4.6,4.74,13100
MMYT,20110518,25.65,26.79,25.65,26.51,79200
MNDO,20110518,3.1,3.3,3.1,3.23,170100
MNKD,20110518,3.88,4.04,3.85,4.01,948800
MNOV,20110518,2.46,2.55,2.26,2.55,64900
MNRK,20110518,6.55,6.575,6.5,6.5,1800
MNRO,20110518,32,32.5,30.51,32.43,403100
MNST,20110518,33.52,34.11,33.2,34.055,840100
MNTA,20110518,18.36,18.93,18.36,18.84,434200
MNTG,20110518,2.8,2.86,2.79,2.82,9000
MNTX,20110518,5.15,5.34,5.1,5.34,34900
MOBI,20110518,10.98,12.43,10.92,11.52,2271500
MOCO,20110518,14.66,14.89,14.49,14.85,14400
MOFG,20110518,13.15,13.35,13.15,13.27,9900
MOLX,20110518,26.62,27.2,26.48,27.14,723700
MOLXA,20110518,22.22,22.68,22.04,22.65,200000
MORN,20110518,58.97,59.74,58.11,59.64,151200
MOSY,20110518,5.74,5.98,5.67,5.9,55100
MOVE,20110518,8.16,8.36,8.12,8.32,1478500
MPAA,20110518,14.24,14.87,14.24,14.85,38600
MPAC,20110518,5.82,5.95,5.75,5.78,4700
MPB,20110518,9.17,9.17,9.17,9.17,100
MPEL,20110518,10.17,10.42,10.05,10.1,13558500
MPET,20110518,1.92,1.95,1.79,1.8,226300
MPWR,20110518,16.34,16.72,16.28,16.62,173300
MRCY,20110518,18.16,18.59,18.01,18.5,83000
MRGE,20110518,5.75,5.76,5.59,5.75,399700
MRLN,20110518,11.94,11.97,11.75,11.91,19200
MRTN,20110518,21.51,21.93,21.3,21.93,44400
MRVL,20110518,14.31,14.59,14.3,14.54,5984300
MSBF,20110518,5.5,5.5,5.5,5.5,0
MSCC,20110518,22.54,22.99,22.49,22.86,378300
MSEX,20110518,18.11,18.32,18.08,18.27,25700
MSFG,20110518,8.03,8.16,7.87,7.98,107100
MSFT,20110518,24.53,24.74,24.25,24.69,53931000
MSG,20110518,26.11,26.82,26.11,26.49,137600
MSON,20110518,2.31,2.35,2.29,2.35,3400
MSPD,20110518,8.54,8.77,8.49,8.7,441300
MSTR,20110518,131.58,134.18,131.05,131.5,49100
MTEX,20110518,11.8,11.9,11.1,11.1,42300
MTRX,20110518,12.22,12.57,12.04,12.47,88500
MTSC,20110518,39.46,40.27,39.46,40.03,33500
MTSL,20110518,1.45,1.51,1.4,1.45,12500
MTSN,20110518,1.76,1.79,1.73,1.78,315700
MU,20110518,10.03,10.1,9.79,10.06,37498600
MVIS,20110518,9.92,10.16,9.84,10.08,478800
MVISW,20110518,0.36,0.36,0.36,0.36,0
MWIV,20110518,82.98,83.59,82.73,82.85,97800
MXIM,20110518,27.31,27.92,27.31,27.73,1976800
MXWL,20110518,15.76,16.04,15.59,16.02,72200
MYGN,20110518,24.23,25.09,24.2,24.89,1095000
MYL,20110518,23.65,23.95,23.46,23.91,2912400
MYRG,20110518,23.34,23.42,23.14,23.42,62800
NAFC,20110518,34.95,35.13,34.73,34.89,22200
NAII,20110518,4.32,4.32,4.22,4.31,13200
NANO,20110518,15.32,16.14,15.32,15.78,415400
NASB,20110518,12.57,12.61,12.51,12.61,2100
NATH,20110518,17.74,17.74,17.6,17.7,2100
NATI,20110518,28.83,29.32,28.52,29.2,284400
NATL,20110518,21.69,22.19,21.69,22.19,5700
NATR,20110518,10.08,10.48,9.92,10.3,17600
NAUH,20110518,6.9,7,6.84,6.84,9300
NAVG,20110518,45.7,46.24,45.7,46.21,43100
NAVR,20110518,1.81,1.84,1.8,1.84,16400
NBBC,20110518,4.75,4.79,4.55,4.71,7900
NBIX,20110518,7.24,7.35,7.13,7.28,406300
NBN,20110518,13.51,13.75,13.08,13.75,2700
NBTB,20110518,21.9,21.99,21.74,21.96,69200
NBTF,20110518,21.98,21.98,21.98,21.98,100
NCBC,20110518,4.82,4.84,4.8,4.84,1100
NCIT,20110518,22.3,22.74,22.1,22.39,14900
NCMI,20110518,16.16,16.8,16.06,16.72,264300
NCTY,20110518,6.01,6.16,6.01,6.1,22500
NDAQ,20110518,25.92,26.19,25.82,26.19,1632800
NDSN,20110518,51.05,52.35,50.61,52.27,399400
NECB,20110518,6.25,6.25,6.22,6.22,3100
NEOG,20110518,40.43,41.42,39.89,41.25,67100
NEPT,20110518,3.17,3.17,3.02,3.09,39800
NETC,20110518,8.94,9,8.9,9,8400
NEWL,20110518,2.26,2.26,2.26,2.26,0
NEWP,20110518,17.05,17.6,16.86,17.43,179200
NEWS,20110518,9.57,9.66,9.41,9.52,56900
NEWT,20110518,1.42,1.5,1.42,1.49,12200
NFBK,20110518,13.45,13.6,13.41,13.58,12100
NFEC,20110518,2.4,2.65,2.39,2.41,5400
NFLX,20110518,237.4,243.7,237.26,242.54,4421600
NFSB,20110518,14.19,14.19,14.19,14.19,0
NGPC,20110518,8.41,8.57,8.3,8.44,135500
NHTB,20110518,13.29,13.29,13.29,13.29,0
NICE,20110518,35.49,36.23,35.48,36.04,104400
NICK,20110518,12.85,12.92,12.59,12.9,16700
NIHD,20110518,42.51,42.87,41.86,42.13,2410900
NILE,20110518,48.31,50,48.31,49.85,142200
NINE,20110518,1.41,1.43,1.4,1.4,1900
NKSH,20110518,26.21,26.73,26.21,26.73,10300
NKTR,20110518,9.94,9.99,9.83,9.87,578200
NLST,20110518,2.28,2.31,2.23,2.27,71400
NMRX,20110518,9.97,10,9.9,9.95,13300
NNBR,20110518,15.79,15.79,14.75,15.28,249700
NOVB,20110518,10.49,10.57,10.49,10.54,700
NPBC,20110518,7.52,7.64,7.46,7.62,712100
NPSP,20110518,9.47,9.95,9.43,9.89,927800
NRCI,20110518,34.11,34.23,33.8,34.23,1300
NRIM,20110518,19.61,19.7,19.4,19.7,14900
NSEC,20110518,11.72,11.78,11.72,11.78,300
NSIT,20110518,16.7,16.99,16.55,16.88,166900
NSPH,20110518,2.39,2.53,2.24,2.34,362100
NSSC,20110518,2.3,2.3,2.29,2.3,9100
NSYS,20110518,4.11,4.11,4.01,4.01,1900
NTAP,20110518,52.38,54.03,52.02,53.61,2964500
NTCT,20110518,22.96,23.53,22.73,23.37,188500
NTES,20110518,46,46.44,45.06,45.94,1000500
NTGR,20110518,39.62,41,39.25,40.91,457400
NTIC,20110518,16.1,16.1,16.1,16.1,100
NTLS,20110518,19.11,19.2,19.01,19.15,136200
NTRI,20110518,14.07,14.21,13.97,14.18,261300
NTRS,20110518,49.07,49.53,48.86,49.49,995200
NTSC,20110518,6.6,6.6,6.39,6.57,17600
NTSP,20110518,9.56,9.62,9.45,9.53,244000
NTWK,20110518,15.9,16,15.5,15.8,416700
NUAN,20110518,21.74,21.86,21.46,21.75,2261300
NUCL,20110518,40.88,41.4,40.83,41.25,3600
NURO,20110518,2.7,2.88,2.64,2.64,92600
NUTR,20110518,15.41,15.44,15.28,15.33,21200
NUVA,20110518,31.13,31.5,30.91,31.44,350000
NVAX,20110518,2.45,2.5,2.39,2.46,1035400
NVDA,20110518,17.7,18.19,17.64,18.04,16475800
NVEC,20110518,59.91,60.45,59.78,59.98,19800
NVGN,20110518,1.2,1.22,1.1,1.17,36600
NVMI,20110518,10.75,11.2,10.74,10.81,199200
NVSL,20110518,7.95,8.16,7.7,7.95,8400
NVTL,20110518,5.06,5.12,4.97,4.99,469100
NWBI,20110518,12.31,12.35,12.24,12.34,445100
NWFL,20110518,27.61,27.61,27.61,27.61,0
NWLI,20110518,157.78,157.78,155.17,157.5,12700
NWPX,20110518,24.01,25.12,23.8,24.89,68000
NWS,20110518,18.03,18.38,17.92,18.29,2568300
NWSA,20110518,17.13,17.54,17.1,17.51,14307100
NXPI,20110518,27.8,29.35,27.79,28.72,1215600
NXST,20110518,7.04,7.23,6.91,7.22,45000
NXTM,20110518,19.15,19.34,19,19.23,461300
NYMT,20110518,6.7,6.81,6.7,6.77,10900
NYMX,20110518,8.08,8.28,8.07,8.21,83400
NYNY,20110518,0.56,0.57,0.55,0.55,92000
OABC,20110518,14.64,15,14.43,14.97,33300
OBAF,20110518,14.9,14.9,14.67,14.87,3800
OBAS,20110518,7.5,8.1,7.25,7.6,4600
OBCI,20110518,2.93,3.01,2.88,2.96,21500
OCC,20110518,4.61,4.61,4.39,4.42,71300
OCFC,20110518,13.7,13.8,13.51,13.74,16200
OCLR,20110518,9.59,9.85,9.44,9.81,1050100
OCLS,20110518,13.16,13.3,12.67,12.67,35000
OCZ,20110518,6.63,6.78,6.43,6.58,2745300
ODFL,20110518,23.7533,24.1067,23.5133,24.0667,399300
OFED,20110518,12.19,12.19,12.19,12.19,0
OFIX,20110518,37.29,38.21,37.29,38.17,217200
OFLX,20110518,14.02,14.14,13.84,14.06,4700
OGXI,20110518,15.56,15.59,15.48,15.56,10600
OIIM,20110518,6.8,6.92,6.61,6.71,94900
OINK,20110518,2.98,3.04,2.87,2.88,31300
OKSB,20110518,12.89,13,12.76,12.88,132700
OKSBP,20110518,27.05,27.05,27.05,27.05,300
OLBK,20110518,8.65,8.7,8.57,8.57,25900
OMAB,20110518,17.79,17.81,17.55,17.55,39500
OMCL,20110518,14.83,15.12,14.83,15.09,72500
OMER,20110518,4.86,4.87,4.69,4.75,76000
OMEX,20110518,3.43,3.52,3.36,3.5,130300
OMPI,20110518,9.84,10.39,9.49,9.54,200700
ONCY,20110518,6.07,6.1,6,6.02,154000
ONEQ,20110518,109.77,111.09,109.77,110.86,4000
ONFC,20110518,8.61,8.61,8.53,8.58,2600
ONNN,20110518,11.36,11.75,11.36,11.64,4551500
ONTY,20110518,5.7,5.79,5.56,5.7,482700
ONVI,20110518,4.03,4.07,4.03,4.07,300
ONXX,20110518,44.64,45.9,44.64,45.37,1850500
OPEN,20110518,87.48,90.6,86.55,89.71,824200
OPHC,20110518,2.08,2.08,1.96,2.02,400
OPLK,20110518,17.66,18.34,17.4,18.14,183100
OPOF,20110518,11.71,11.71,11.35,11.35,200
OPTR,20110518,13.69,14.05,13.6,13.95,748600
OPTT,20110518,4.87,5.12,4.73,5.07,47700
OPXA,20110518,6.92,7,6.84,6.92,51300
ORBC,20110518,2.91,2.95,2.9,2.93,119500
ORBK,20110518,13.67,13.8,13.65,13.68,170900
ORBT,20110518,4.15,4.15,4.15,4.15,0
ORCL,20110518,34,34.23,33.55,33.91,30005900
OREX,20110518,2.94,2.97,2.92,2.94,688900
ORIT,20110518,12.59,12.68,12.55,12.65,128700
ORLY,20110518,59.37,60.22,59.2,60.19,1009200
ORRF,20110518,25.34,25.46,25.19,25.46,9500
OSBC,20110518,1.2,1.2,1.09,1.09,62900
OSBCP,20110518,3.55,3.55,3.55,3.55,100
OSHC,20110518,12.21,12.3,12.12,12.3,1500
OSIR,20110518,7.31,7.38,7.27,7.31,30700
OSIS,20110518,40.4,40.4,39.33,39.76,117600
OSN,20110518,3.24,3.29,3.1,3.18,15700
OSTK,20110518,13.85,14.13,13.77,13.97,50300
OSUR,20110518,7.18,7.44,7.18,7.41,357200
OTEX,20110518,61.04,62.09,60.84,61.73,237600
OTIV,20110518,2.48,2.51,2.32,2.43,189600
OTT,20110518,18.55,18.7,18.55,18.63,22700
OTTR,20110518,21.9,21.95,21.7,21.86,162900
OUTD,20110518,6.32,6.34,6.12,6.22,39100
OVBC,20110518,19.25,19.25,19.12,19.12,300
OVLY,20110518,6.05,6.05,6.05,6.05,0
OVRL,20110518,2.14,2.14,2.07,2.07,5500
OVTI,20110518,33.11,34.23,33.11,34.09,1572400
OXBT,20110518,1.83,2,1.79,1.96,15100
OXGN,20110518,5.31,5.74,5.06,5.14,6238500
OXLC,20110518,19.4,19.52,19.4,19.45,16800
OZRK,20110518,23.975,24.015,23.755,23.83,74300
PAAS,20110518,32.57,33.1,32.36,32.77,1563400
PACB,20110518,11.19,11.71,11.15,11.71,150100
PACR,20110518,5.42,5.44,5.29,5.3,274000
PACW,20110518,21.39,21.44,21.08,21.43,83600
PAGG,20110518,31.8,32.27,31.8,32.27,17200
PANL,20110518,43.62,47.12,43.31,46.61,991600
PATH,20110518,7.64,7.97,7.55,7.71,46900
PATK,20110518,2.12,2.15,2.12,2.15,700
PATR,20110518,22.3,22.94,22.17,22.94,4500
PAYX,20110518,31.86,32.12,31.6,31.91,1792100
PBCT,20110518,13.39,13.45,13.3,13.37,4126200
PBHC,20110518,9.22,9.22,9.22,9.22,0
PBIB,20110518,6.33,6.38,6.21,6.28,12200
PBIP,20110518,6.29,6.43,6.29,6.33,4900
PCAR,20110518,50.16,51.17,49.77,51.01,1538400
PCBK,20110518,8.88,8.95,8.82,8.92,20300
PCCC,20110518,8.51,8.64,8.49,8.64,38200
PCH,20110518,36.68,37.25,36.35,36.95,186300
PCLN,20110518,505.1,521.01,502.79,518.38,1290900
PCOM,20110518,9.91,10.13,9.29,9.62,49100
PCRX,20110518,10.52,10.7,10.41,10.59,21100
PCTI,20110518,6.72,6.94,6.7,6.92,27500
PCYC,20110518,6.45,6.69,6.45,6.68,267200
PCYO,20110518,3.89,4,3.71,3.9,15300
PDCO,20110518,36.17,36.75,36.12,36.72,470900
PDEX,20110518,3.15,3.18,3.06,3.07,15900
PDFS,20110518,6.08,6.35,6.08,6.22,63700
PDII,20110518,7.73,7.73,7.43,7.6,14400
PDLI,20110518,6.47,6.61,6.43,6.57,3247500
PEBK,20110518,6.81,6.81,6.27,6.46,2300
PEBO,20110518,13.45,13.67,13.33,13.57,15300
PEGA,20110518,36.6,37.29,36.38,37.01,113800
PEIX,20110518,0.4,0.42,0.38,0.39,2215300
PENN,20110518,38.41,39.45,38.09,38.96,593700
PENX,20110518,5.69,5.71,5.63,5.71,5600
PEOP,20110518,13.97,14.08,13.95,14.03,4900
PERF,20110518,12.39,12.5,11.43,12,1000
PERY,20110518,29.55,30.13,29.23,29.83,127100
PESI,20110518,1.33,1.33,1.28,1.3,84100
PETM,20110518,42.56,42.94,42.26,42.49,1548500
PETS,20110518,12.79,13.06,12.77,12.93,303400
PFBC,20110518,1.56,1.65,1.55,1.62,117500
PFBI,20110518,7.45,7.5,7.45,7.5,1100
PFBX,20110518,15.71,16.13,15.51,15.9,2400
PFIN,20110518,4.55,4.55,4.32,4.35,7800
PFLT,20110518,13.07,13.24,12.97,12.97,43400
PFSW,20110518,5.31,5.4,5.17,5.26,52000
PGC,20110518,12.6,12.89,12.6,12.88,6600
PGNX,20110518,7.9,7.96,7.7,7.75,121500
PGTI,20110518,2.25,2.32,2.24,2.31,35000
PHII,20110518,19.5,20,19.5,20,600
PHIIK,20110518,19.31,19.77,19.28,19.77,15700
PHMD,20110518,9.64,9.8,9.25,9.25,9800
PICO,20110518,29.28,29.62,28.89,29.6,69800
PKBK,20110518,8.71,8.71,8.7,8.7,200
PKOH,20110518,21.81,22.66,21.31,22.45,95600
PLAB,20110518,9.03,9.62,9,9.4,2096600
PLBC,20110518,2.45,2.55,2.4,2.4,4800
PLCC,20110518,1.11,1.11,1.11,1.11,0
PLCE,20110518,53.78,54.6,53.51,54.27,412000
PLCM,20110518,27.64,28.38,27.385,28.17,709300
PLNR,20110518,2.82,2.96,2.65,2.93,26600
PLPC,20110518,67.21,68.99,67.21,68.99,6300
PLTM,20110518,28.85,29.29,28.81,29.24,266600
PLUG,20110518,0.51,0.52,0.42,0.45,1270800
PLUS,20110518,25.84,25.91,25.41,25.69,25000
PLXS,20110518,36.22,36.79,36,36.25,162700
PLXT,20110518,3.3,3.41,3.3,3.4,182100
PMBC,20110518,4,4,3.64,3.69,25900
PMCS,20110518,7.61,7.9,7.61,7.82,2120100
PMD,20110518,10.5,10.5,10.43,10.44,6100
PMFG,20110518,18.7,18.8,18.47,18.6,16500
PMNA,20110518,12.59,12.6,12.5,12.54,18000
PMTC,20110518,22.71,23.31,22.53,23.1,1005100
PMTI,20110518,13.71,13.75,13.53,13.67,32600
PNBK,20110518,2,2.05,2,2.05,6800
PNFP,20110518,15.42,15.58,15.32,15.51,105700
PNNT,20110518,12.06,12.13,11.91,11.93,551700
PNQI,20110518,38.62,39.15,38.62,38.99,19100
PNRA,20110518,121.1,123.36,120.47,122.91,200300
PNRG,20110518,27.29,27.29,27.29,27.29,0
PNTR,20110518,5.65,5.65,5.65,5.65,100
PODD,20110518,20.63,21.3,20.43,21.09,440900
POOL,20110518,29.54,29.54,29.29,29.43,232600
POPE,20110518,41.5,41.95,41.5,41.7,3800
POWI,20110518,37.6,38.68,37.52,37.75,223000
POWL,20110518,33.83,34.31,33.65,34.3,12600
POWR,20110518,7.5,7.89,7.5,7.82,94500
POZN,20110518,5.4,5.46,5.37,5.38,145900
PPBI,20110518,6.92,7.05,6.92,7.05,43700
PPHM,20110518,2.21,2.25,2.18,2.25,175700
PRAA,20110518,81.45,82.25,81.02,81.97,38600
PRAN,20110518,1.97,2.1,1.95,2.04,214000
PRCP,20110518,6.28,6.64,6.2,6.61,89700
PRFT,20110518,10.75,10.91,10.5,10.69,102500
PRFZ,20110518,67.4,68.19,67.27,68.15,22800
PRGO,20110518,85.13,86.9,84.44,86.11,509700
PRGS,20110518,27.44,28.18,27.44,28.03,232400
PRGX,20110518,7.45,7.88,7.45,7.84,29200
PRIM,20110518,11.21,11.55,11.19,11.55,189900
PRKR,20110518,0.72,0.74,0.67,0.74,54200
PRLS,20110518,3.11,3.11,3.11,3.11,0
PRMW,20110518,14.06,14.09,13.76,14,151800
PROV,20110518,7.97,8.01,7.9,7.92,9000
PRPH,20110518,1,1,0.9,0.98,4800
PRSC,20110518,14.17,14.17,13.84,13.91,31200
PRTS,20110518,7.09,7.38,7.07,7.28,94500
PRXI,20110518,1.74,1.75,1.73,1.74,11300
PRXL,20110518,24.31,24.81,24.31,24.5,224100
PSAU,20110518,45.36,45.36,44.9,44.9,1500
PSBH,20110518,5.56,5.56,5.56,5.56,0
PSCC,20110518,31.95,32.05,31.93,32,33600
PSCD,20110518,28.84,29.2,28.84,29.2,12900
PSCE,20110518,35.75,37.17,35.75,37.04,47400
PSCF,20110518,27.55,27.83,27.55,27.83,6600
PSCH,20110518,33.56,33.89,33.49,33.88,77800
PSCI,20110518,29.55,29.79,29.55,29.79,2700
PSCM,20110518,29.09,29.09,29.09,29.09,0
PSCT,20110518,31.03,31.83,31.03,31.7,13900
PSCU,20110518,29.8,30,29.8,30,3700
PSDV,20110518,3.52,3.62,3.5,3.54,114700
PSEC,20110518,11.14,11.41,11.14,11.34,1203400
PSEM,20110518,9.2,9.39,9.05,9.28,65300
PSMT,20110518,45.27,46.84,44.72,46.36,103200
PSTB,20110518,4.9,4.92,4.77,4.9,56800
PSTI,20110518,2.92,3.1,2.9,2.99,900900
PSTR,20110518,5.79,5.88,5.46,5.62,72500
PSUN,20110518,3.69,3.73,3.52,3.64,874600
PTEK,20110518,1.49,1.57,1.49,1.56,27300
PTEN,20110518,26.74,27.99,26.7,27.91,3318900
PTIE,20110518,8.83,9.03,8.68,9.02,150400
PTIX,20110518,2.15,2.15,2.15,2.15,1600
PTNR,20110518,18.1,18.32,18.08,18.25,167900
PTRY,20110518,17.97,18.58,17.97,18.55,289300
PTSI,20110518,10.42,10.5,10.35,10.49,11800
PTSX,20110518,0.65,0.65,0.64,0.64,11300
PULB,20110518,7.32,7.32,7.1,7.21,4300
PURE,20110518,1.04,1.04,1,1.03,195500
PVFC,20110518,1.98,1.98,1.94,1.94,500
PVTB,20110518,15.48,15.92,15.37,15.91,318900
PVTBP,20110518,26.8,26.94,26.7,26.71,7000
PWER,20110518,8.76,9.07,8.74,9.07,5891000
PWOD,20110518,37.14,37.14,36.51,37.03,4800
PWRD,20110518,23.94,24.08,23.48,23.51,281900
PWX,20110518,15.02,15.9,14.48,14.93,11200
PXLW,20110518,2.31,2.37,2.25,2.34,35400
PZZA,20110518,32.41,33.6,32.41,33.5,174300
PZZI,20110518,2.32,2.34,2.25,2.25,11100
QABA,20110518,24.83,24.94,24.83,24.9,10600
QADA,20110518,10.77,10.99,10.51,10.99,7400
QADB,20110518,10.2,10.23,10.1,10.23,300
QBAK,20110518,1.77,1.78,1.76,1.78,3100
QCCO,20110518,4.24,4.27,4.17,4.17,26200
QCLN,20110518,16.2,16.25,16.19,16.22,1000
QCOM,20110518,56.23,56.78,55.77,56.45,12420800
QCOR,20110518,21.88,22.2,21.58,22.04,648600
QCRH,20110518,9.33,9.33,9.25,9.33,2800
QDEL,20110518,14.24,14.74,14.14,14.72,188600
QGEN,20110518,20.18,20.18,20.02,20.09,1520600
QKLS,20110518,59.76,63.6,59.04,63.12,51900
QLGC,20110518,16.88,17.12,16.88,16.99,2108100
QLIK,20110518,30.68,31.27,30.54,30.79,799300
QLTI,20110518,7.4,7.43,7.36,7.42,175300
QLTY,20110518,11.43,11.98,11.41,11.85,68600
QNST,20110518,15.59,15.75,15.38,15.47,328200
QQEW,20110518,25.78,26.01,25.7,25.97,32000
QQQ,20110518,57.48,58.14,57.41,58.04,42351000
QQQX,20110518,14.64,14.82,14.55,14.73,75500
QQXT,20110518,23.47,23.65,23.38,23.65,17300
QSII,20110518,44.205,44.905,43.945,44.795,170700
QTEC,20110518,26.77,27.22,26.77,27.16,139200
QTWW,20110518,3.87,4.2,3.87,3.91,535400
QUIK,20110518,2.72,2.85,2.66,2.83,317100
RADA,20110518,3.1,3.1,3.08,3.08,1500
RAIL,20110518,26,26.62,25.71,26.55,174500
RAND,20110518,2.98,2.98,2.98,2.98,0
RAVN,20110518,25.51,26.035,25.445,25.855,40400
RBCAA,20110518,20.48,20.6,20.16,20.46,55000
RBCN,20110518,23.4,24.13,22.8,23.79,728300
RBNF,20110518,3.25,3.35,3.25,3.3,900
RBPAA,20110518,1.69,1.78,1.66,1.67,12700
RCII,20110518,31.31,32.32,31,32.02,581900
RCKB,20110518,9.63,9.78,9.63,9.73,75500
RCKY,20110518,12.83,13.18,12.64,13.04,63900
RCMT,20110518,5.43,5.58,5.3,5.42,7100
RCON,20110518,1.62,1.69,1.6,1.61,7200
RDA,20110518,11.8,11.9,11.5,11.58,5900
RDCM,20110518,6.59,6.71,6.59,6.67,22800
RDEN,20110518,30.2,30.42,29.72,30.27,287100
RDI,20110518,4.58,4.62,4.55,4.57,12200
RDIB,20110518,5.25,5.25,5.25,5.25,0
RDNT,20110518,4.56,4.93,4.56,4.87,494800
RDWR,20110518,17.315,17.645,17.085,17.55,101100
RECN,20110518,14,14.16,13.91,14.09,177900
REDF,20110518,10.33,10.94,10.25,10.58,1648600
REFR,20110518,5.4,5.42,5.28,5.3,22400
REGN,20110518,53.85,55.74,53.23,55.64,644900
REIS,20110518,9.1,9.13,9.01,9.07,2600
RELL,20110518,13.28,13.51,13.23,13.5,58800
RELV,20110518,2.03,2.04,1.92,1.98,6600
RENT,20110518,20.79,21.04,20.76,20.83,35500
REXI,20110518,6.16,6.19,6.05,6.15,39700
REXX,20110518,12.12,12.76,12.07,12.68,1118500
RFIL,20110518,3.8,3.81,3.8,3.8,4000
RFMD,20110518,5.89,6.1,5.88,6.08,3969100
RGCO,20110518,16.475,16.475,16.475,16.475,0
RGDX,20110518,2.4,2.45,2.14,2.14,34300
RGEN,20110518,3.67,3.72,3.65,3.69,47000
RGLD,20110518,58.31,59.5,58.2,59.32,652900
RICK,20110518,9.93,10.13,9.93,10.12,18200
RIGL,20110518,8.07,8.4,8.07,8.38,154400
RIMG,20110518,14.51,14.59,14.42,14.54,19600
RITT,20110518,4.77,4.84,4.57,4.69,3900
RIVR,20110518,17,17,17,17,0
RJET,20110518,5.06,5.12,4.94,5.07,1057400
RLOC,20110518,22.2,22.35,21.47,21.82,102400
RLOG,20110518,6.8,6.84,6.8,6.84,25600
RMBS,20110518,13.33,14.79,13.31,14.15,6250100
RMCF,20110518,10.65,10.81,10.58,10.58,12300
RMKR,20110518,1.04,1.06,1,1.03,63500
RMTI,20110518,13.63,13.83,13.37,13.66,111300
RNET,20110518,17.6,17.82,17.02,17.5,36900
RNIN,20110518,6.25,6.55,6.1,6.2,80200
RNST,20110518,15.02,15.19,14.96,15.15,55000
RNWK,20110518,3.56,3.63,3.52,3.59,265300
ROCK,20110518,13.06,13.13,12.83,12.87,185500
ROCM,20110518,9.68,9.86,9.65,9.75,25800
ROIA,20110518,2.92,2.93,2.89,2.93,19700
ROIAK,20110518,2.86,2.93,2.85,2.88,523300
ROIC,20110518,10.65,10.94,10.59,10.93,359300
ROICW,20110518,0.84,0.91,0.81,0.9,33600
ROLL,20110518,37.43,37.79,37.29,37.49,26300
ROMA,20110518,10.54,10.63,10.52,10.63,5300
ROSE,20110518,44.31,46.5,44.04,46.37,660400
ROSG,20110518,6.75,7.05,6.45,6.75,238200
ROST,20110518,40.365,40.95,39.89,40.93,1421600
ROVI,20110518,57.24,59.01,56.97,58.59,1270100
ROYL,20110518,2.94,3.19,2.94,3.18,872200
RP,20110518,29.24,29.68,28.93,29.4,308300
RPRX,20110518,5.35,5.65,5.27,5.46,151600
RPTP,20110518,4.18,4.19,4,4.08,234200
RPXC,20110518,26.68,28,26.41,28,65700
RRD,20110518,20.35,20.99,20.35,20.95,2723800
RRGB,20110518,28.4,28.85,28.15,28.56,201700
RRST,20110518,7.35,7.39,7.26,7.26,11100
RSOL,20110518,2.5,2.52,2.47,2.5,5000
RSTI,20110518,34.44,35.89,34.44,35.48,103100
RSYS,20110518,8.34,8.58,8.25,8.37,41100
RTEC,20110518,12.11,12.44,12.11,12.4,178100
RTIX,20110518,2.81,3,2.77,2.93,477000
RUE,20110518,30.24,31.48,30.12,30.92,164700
RUSHA,20110518,19.85,20.13,19.77,20.12,78500
RUSHB,20110518,17.38,17.51,17.26,17.47,6000
RUTH,20110518,4.95,5.07,4.93,4.97,83900
RVBD,20110518,36.8,38.36,36.6,37.98,3790300
RVSB,20110518,3.08,3.11,3.07,3.07,5600
RYAAY,20110518,29.76,29.96,29.6,29.85,311400
SAAS,20110518,3.86,3.94,3.86,3.88,42200
SAFM,20110518,47.63,47.66,46.9,47.32,232400
SAFT,20110518,45.22,45.36,44.68,45.33,42000
SAIA,20110518,15.87,16.12,15.7,16.12,46400
SALM,20110518,3.45,3.45,3.4,3.4,600
SANM,20110518,11.27,11.27,10.92,11.19,854600
SANW,20110518,3.16,3.5,3.16,3.5,17600
SANWW,20110518,0.38,0.38,0.35,0.35,400
SANWZ,20110518,0.19,0.19,0.19,0.19,0
SAPE,20110518,14.18,14.78,14.18,14.52,858500
SASR,20110518,17.66,18.49,17.5,18.48,108800
SATS,20110518,32.5,33.43,32.32,33.34,69500
SBAC,20110518,38.42,39.05,38.31,38.99,867000
SBBX,20110518,6.3,6.3,6.24,6.3,3400
SBCF,20110518,1.8,1.83,1.77,1.82,219000
SBGI,20110518,10.07,10.63,10.05,10.6,626400
SBLK,20110518,33.75,33.9,32.85,33.15,595400
SBNY,20110518,55.4,55.73,54.93,55.69,96000
SBNYW,20110518,32,32,32,32,0
SBRA,20110518,16.81,17.18,16.61,17,209300
SBSA,20110518,0.8,0.84,0.78,0.82,98000
SBSI,20110518,20.31,20.64,20.13,20.57,30000
SBUX,20110518,35.47,36.68,35.25,36.61,10823200
SCBT,20110518,30.05,30.08,29.74,29.91,21200
SCHL,20110518,26.01,26.26,25.81,26.24,81200
SCHN,20110518,55.29,56.47,54.67,56.32,183400
SCLN,20110518,5.59,5.71,5.5,5.64,570100
SCMP,20110518,4.31,4.39,4.28,4.35,24000
SCOK,20110518,6.28,6.42,6.04,6.28,186000
SCON,20110518,28.8,31.44,28.08,29.52,232200
SCOR,20110518,27.59,28.49,27.39,28.31,121400
SCSC,20110518,36.01,36.9,35.92,36.56,61400
SCSS,20110518,16.16,16.91,16.03,16.69,664100
SCVL,20110518,17.8,17.94,17.62,17.78,50900
SDBT,20110518,2.36,2.36,2.36,2.36,200
SDIX,20110518,2.22,2.22,2.1,2.16,42400
SEAC,20110518,9.71,9.98,9.65,9.94,66600
SEED,20110518,7.35,7.42,7.21,7.22,74800
SEIC,20110518,22.87,23.32,22.73,23.26,481000
SENEA,20110518,26.33,26.38,25.98,26.24,15600
SENEB,20110518,25.56,26.27,25.56,25.97,700
SFLY,20110518,53.45,57.27,53.25,57.1,598900
SFNC,20110518,25.82,26.12,25.59,26.08,23300
SFST,20110518,8.1,8.15,8.09,8.15,1100
SGC,20110518,11.4,11.75,11.21,11.43,2800
SGEN,20110518,18.48,18.7,18.17,18.65,1708100
SGI,20110518,17.69,18.01,17.51,17.8,578300
SGMA,20110518,4.84,4.86,4.84,4.85,1400
SGMO,20110518,6.17,6.28,6.14,6.21,382600
SGMS,20110518,9.85,9.93,9.68,9.9,474600
SGNT,20110518,22.02,22.11,21.61,21.98,136200
SGOC,20110518,3.3,3.3,3.3,3.3,0
SGRP,20110518,1.64,1.64,1.25,1.4,16200
SHBI,20110518,8.08,8.27,8.04,8.15,10000
SHEN,20110518,16.61,17.26,16.61,17.22,34600
SHFL,20110518,10.78,10.88,10.73,10.78,120300
SHIP,20110518,0.44,0.5,0.44,0.44,60100
SHLD,20110518,74.9,75.98,74.28,75.85,406400
SHLM,20110518,24.82,24.98,24.59,24.97,79500
SHLO,20110518,10.96,11.08,10.93,11.08,5700
SHOO,20110518,35.8,36.12,35.4,35.7267,354600
SHOR,20110518,10.77,10.95,10.69,10.86,485200
SIAL,20110518,68.54,69.98,68.12,69.92,459800
SIEB,20110518,1.85,1.85,1.85,1.85,0
SIFI,20110518,10.3,10.45,10.22,10.45,4300
SIFY,20110518,4.46,4.75,4.37,4.62,2443700
SIGA,20110518,14.22,14.43,14,14.08,498200
SIGI,20110518,17.01,17.06,16.81,17.06,87500
SIGM,20110518,11.92,12.11,11.83,12.02,167500
SILC,20110518,20.21,20.49,19.93,20.32,11000
SIMG,20110518,7.89,8.1,7.82,7.93,579100
SIMO,20110518,11.7,12.55,11.6,12.49,1124000
SINA,20110518,114.72,116.37,111.02,111.4,8534600
SINO,20110518,2.23,2.23,2.23,2.23,200
SIRI,20110518,2.13,2.2,2.12,2.18,74625000
SIRO,20110518,52.57,54.66,52.51,54.4,910600
SIVB,20110518,58.34,58.8,57.92,58.69,302500
SIVBO,20110518,24.81,24.85,24.81,24.85,700
SKBI,20110518,4.38,4.45,4.38,4.44,10600
SKYW,20110518,15.54,15.71,15.29,15.65,258800
SLAB,20110518,43.75,45.52,43.55,45.28,657200
SLGN,20110518,44.22,45.32,44,45.26,485300
SLMAP,20110518,46.5,47.2,45.7,45.7,18000
SLP,20110518,2.7,2.97,2.7,2.97,16800
SLRC,20110518,24.72,24.99,24.59,24.73,175700
SLTC,20110518,4.95,5.21,4.92,5.21,11700
SLTM,20110518,3.13,3.22,3.1,3.14,103100
SLXP,20110518,39.91,40.33,39.49,39.9,454800
SMBC,20110518,20.45,20.84,20.15,20.6,3400
SMCI,20110518,16.18,16.76,16.16,16.6,123300
SMED,20110518,4.32,4.4,4.24,4.37,17300
SMIT,20110518,3.6,3.6,3.34,3.6,1600
SMMF,20110518,4,4.1,4,4.1,1100
SMRT,20110518,9.53,10.19,9.51,10.06,198000
SMSI,20110518,5.12,5.25,5.04,5.19,635100
SMT,20110518,9.78,9.85,9.54,9.72,635000
SMTC,20110518,27.56,29.27,27.53,28.98,816700
SMTX,20110518,2.25,2.3,2.18,2.24,199400
SNAK,20110518,4.15,4.17,4.11,4.15,14900
SNBC,20110518,3.59,3.66,3.51,3.66,181000
SNCR,20110518,30.77,31.8,30.65,31.53,198700
SNDK,20110518,46.28,46.64,45.44,46.45,7887100
SNFCA,20110518,1.58,1.58,1.48,1.48,300
SNHY,20110518,31.44,32.0867,31.0867,31.9933,96200
SNMX,20110518,5.88,6.07,5.85,6.01,94800
SNPS,20110518,27.11,27.8,27.03,27.73,756600
SNSS,20110518,2.63,2.68,2.58,2.59,337200
SNTA,20110518,6.02,6.02,5.94,5.96,156600
SNTS,20110518,3.23,3.26,3.19,3.22,108800
SOCB,20110518,3.3,3.3,3.2,3.25,4900
SODA,20110518,48.11,54.75,46.63,53.99,9726800
SOFO,20110518,14.33,14.91,13.8,14.86,19300
SOHU,20110518,83.63,85.08,82.39,84.38,2570400
SOMH,20110518,8.75,8.75,8.75,8.75,5600
SONA,20110518,6.95,6.99,6.87,6.94,16600
SONC,20110518,11.34,11.56,11.28,11.5,347100
SONS,20110518,2.79,2.9,2.76,2.89,2255600
SORL,20110518,6.02,6.06,5.75,5.76,75000
SOXX,20110518,58.37,59.36,58.2,59.23,50300
SPAN,20110518,15.07,15.07,15.07,15.07,400
SPAR,20110518,5.3,5.33,5.13,5.22,148100
SPBC,20110518,11.96,11.98,11.96,11.98,2000
SPCHA,20110518,1.92,1.92,1.92,1.92,200
SPCHB,20110518,2.15,2.15,2.15,2.15,100
SPIL,20110518,6.68,6.82,6.67,6.78,1035500
SPIR,20110518,4.1,4.2,4.05,4.05,30400
SPLS,20110518,16.75,16.96,16.43,16.63,62321600
SPMD,20110518,4.03,4.08,3.82,4.05,133200
SPNC,20110518,6.2,6.25,6.13,6.2,125300
SPNS,20110518,2.96,3.6,2.96,3.6,42400
SPPI,20110518,7.5,7.67,7.38,7.64,844500
SPPR,20110518,1,1.2,0.93,1.2,367500
SPPRO,20110518,18.99,19.89,15.96,18.5,43200
SPPRP,20110518,7.5,7.5,6.3,7.18,20100
SPRD,20110518,19.27,19.72,19.27,19.58,1131700
SPRO,20110518,2.13,2.13,2.13,2.13,0
SPRT,20110518,4.59,4.72,4.55,4.69,188700
SPSC,20110518,16.66,17.02,16.66,16.9,56300
SPTN,20110518,16.15,16.67,16.02,16.6,91400
SPU,20110518,3.59,3.65,3.55,3.62,138200
SQI,20110518,15.64,16.33,15.64,16.27,79200
SQNM,20110518,7.92,8.04,7.84,7.92,2117700
SQQQ,20110518,99.92,100.32,96.56,97.12,532700
SRCE,20110518,20.35,20.42,20.04,20.42,18800
SRCL,20110518,92.01,92.95,91.44,92.66,408700
SRDX,20110518,15.19,15.25,15.14,15.25,29300
SREV,20110518,18.67,20.3,18.11,19.25,385700
SSBI,20110518,6.68,6.69,6.68,6.69,200
SSFN,20110518,6.33,6.34,6.25,6.25,900
SSNC,20110518,18.75,19.89,18.75,19.74,37800
SSRI,20110518,27.81,28.46,27.64,28.09,931200
SSRX,20110518,18.5,19,18.28,18.87,40200
SSYS,20110518,39.52,40.23,39.37,39.51,156000
STAA,20110518,5.37,5.58,5.37,5.53,76600
STAN,20110518,16.92,16.99,16.82,16.94,16700
STBA,20110518,18.75,18.8,18.5,18.77,117400
STBZ,20110518,16.95,17.15,16.54,17.15,108400
STEC,20110518,14.7,15.21,14.51,15.01,2943300
STEI,20110518,7.64,7.75,7.59,7.75,233700
STEL,20110518,12.12,12.32,12.05,12.29,25300
STEM,20110518,0.74,0.75,0.68,0.7,1786200
STFC,20110518,16.06,16.2,15.98,16.19,26500
STKL,20110518,7.4,7.56,7.33,7.55,295400
STLD,20110518,17.12,17.36,16.92,17.29,4290100
STLY,20110518,5.3,5.69,5.3,5.53,6000
STMP,20110518,12.3,12.57,12.08,12.55,63900
STND,20110518,15.43,15.43,15.43,15.43,200
STNR,20110518,49.42,49.77,49.12,49.29,18700
STRA,20110518,121.2,122.25,119.33,119.96,108500
STRL,20110518,13.07,13.2,12.94,13.1,60000
STRM,20110518,1.67,1.69,1.66,1.69,600
STRN,20110518,6.61,6.74,6.55,6.68,11500
STRS,20110518,14,14.95,14,14.74,3100
STRT,20110518,25.1,25.15,25.09,25.09,500
STSA,20110518,17.74,17.79,17.59,17.79,247900
STX,20110518,16.59,17.05,16.55,16.86,6382600
STXS,20110518,33.9,34.5,33.8,34.3,165900
SUBK,20110518,15.71,15.79,15.56,15.78,36800
SUMR,20110518,9.01,9.01,8.77,8.97,25700
SUNS,20110518,17.99,18.33,17.99,18.27,37700
SUPX,20110518,20.9,21.45,20.9,21,41000
SURG,20110518,5.6,5.63,5.45,5.51,33900
SUSQ,20110518,8.67,8.73,8.57,8.69,827200
SUTR,20110518,1.35,1.41,1.35,1.39,27000
SVA,20110518,3.98,4.02,3.98,4.02,118000
SVBI,20110518,4.28,4.3,4.08,4.3,1100
SVNT,20110518,8.08,8.27,8.03,8.2,1232800
SVVC,20110518,16.5,17,16.5,17,2600
SWHC,20110518,3.45,3.48,3.45,3.46,176700
SWIR,20110518,11.21,11.47,11.15,11.39,108500
SWKS,20110518,27.67,27.93,26.92,27.75,4761000
SWSH,20110518,6.05,6.12,6,6.08,716500
SYBT,20110518,24.05,24.42,23.95,24.36,15300
SYBTP,20110518,11.43,11.47,11.2,11.2,2900
SYKE,20110518,21.03,21.22,20.81,21.21,212600
SYMC,20110518,19.61,19.9,19.5,19.68,13097900
SYMM,20110518,5.6,5.84,5.53,5.73,134700
SYMX,20110518,2.37,2.63,2.36,2.61,576100
SYNA,20110518,29.33,30.3,29.12,30.17,480600
SYNL,20110518,14.67,14.67,14.51,14.51,1100
SYNM,20110518,18.7,19.2,18.1,19,283300
SYNT,20110518,54.52,55.25,54.19,54.82,73900
SYPR,20110518,4.4,4.4,3.95,3.99,34200
SYUT,20110518,10.3,10.58,10.3,10.58,25500
TACT,20110518,11.84,11.98,11.69,11.76,24000
TAIT,20110518,1.31,1.41,1.15,1.38,13000
TASR,20110518,4.4,4.55,4.38,4.54,382700
TAST,20110518,9.25,9.35,9.25,9.3,32300
TATT,20110518,5.3,5.31,5.25,5.25,2800
TAXI,20110518,9.08,9.37,9.08,9.32,38100
TAYC,20110518,9.74,9.79,9.59,9.79,13600
TAYCP,20110518,24.79,24.9,24.79,24.79,1900
TAYD,20110518,6.09,6.09,6.05,6.06,1200
TBAC,20110518,1.96,2.09,1.95,2,17700
TBBK,20110518,9.7,9.72,9.5,9.62,61600
TBNK,20110518,19.28,19.56,19.21,19.56,33600
TBOW,20110518,3.74,3.74,3.74,3.74,200
TCBI,20110518,24.61,24.74,24.43,24.72,113100
TCBIW,20110518,14.05,14.05,14.05,14.05,0
TCBK,20110518,14.53,14.56,14.45,14.55,12500
TCCO,20110518,8.66,8.95,8.64,8.91,6300
TCRD,20110518,13.12,13.58,13.12,13.27,26500
TEAR,20110518,2.15,2.15,2,2,4300
TECD,20110518,52.08,53.59,52.01,53.39,532700
TECH,20110518,81.05,81.28,80.37,81.05,151200
TECUA,20110518,9.67,9.68,9.5,9.54,37000
TECUB,20110518,9.5,9.58,9.5,9.57,2200
TELK,20110518,21,21.3,20.4,21,240000
TESO,20110518,17.71,18.77,17.67,18.61,375400
TESS,20110518,12.3,12.39,12.07,12.25,75000
TFCO,20110518,3.49,3.5,3.47,3.5,3500
TFM,20110518,40.5,41.35,39.29,40.94,384100
TFSL,20110518,10.45,10.55,10.39,10.45,589100
TGA,20110518,12.55,13.02,12.54,12.84,129100
TGE,20110518,5.9,6.07,5.83,5.96,239000
THFF,20110518,31.03,31.5,30.98,31.18,22000
THLD,20110518,1.89,1.94,1.85,1.94,141300
THOR,20110518,33.23,34.67,33,34.64,1313100
THRD,20110518,21.83,21.83,21.83,21.83,0
THRX,20110518,25.52,25.72,25.24,25.47,217500
THTI,20110518,3.49,3.54,3.45,3.45,11400
TIBX,20110518,28.73,29.41,28.62,28.95,1745100
TICC,20110518,10.02,10.23,10,10.12,374200
TIGR,20110518,4.1,4.17,4.1,4.17,4500
TINY,20110518,4.92,5.03,4.91,5.01,115200
TISA,20110518,2.91,3.2,2.7,2.7,1302600
TITN,20110518,26.16,26.44,26.04,26.23,291400
TIVO,20110518,9.37,9.51,9.32,9.49,2447600
TKMR,20110518,2.82,2.9,2.75,2.76,12500
TLAB,20110518,4.54,4.59,4.51,4.55,3830700
TLF,20110518,4.63,4.75,4.5,4.75,2000
TMNG,20110518,2.35,2.4,2.35,2.4,3000
TNAV,20110518,15.15,15.21,14.83,15.1,394100
TOFC,20110518,8.26,8.69,8.26,8.69,300
TOPS,20110518,0.61,0.62,0.6,0.61,3100
TORM,20110518,16.35,17.19,16.08,16.8,29100
TOWN,20110518,13.3,13.4,13.25,13.37,62000
TPGI,20110518,3.06,3.19,3.05,3.12,49200
TQNT,20110518,12.5,12.79,12.43,12.63,3152800
TQQQ,20110518,42.395,43.835,42.22,43.585,223800
TRAK,20110518,23.25,23.72,23.2,23.35,139800
TREE,20110518,6.29,6.29,6.15,6.2,43400
TRGT,20110518,21.18,21.18,20.62,20.89,151300
TRIB,20110518,9.61,9.89,9.56,9.85,64900
TRIT,20110518,9.94,10.07,9.83,9.99,26500
TRLG,20110518,27.86,28.43,27.58,28.26,287100
TRMB,20110518,20.9,21.55,20.755,21.505,1020000
TRMD,20110518,58.5,59.1,58,58.1,5600
TRMK,20110518,23.7,23.72,23.44,23.72,207000
TRNS,20110518,9.62,9.62,9.62,9.62,0
TRNX,20110518,26.65,26.99,26.22,26.51,89300
TROW,20110518,62.29,63.56,61.94,63.28,1792000
TRS,20110518,20.98,21.15,20.67,21.1,98700
TRST,20110518,5.71,5.75,5.66,5.75,113300
TSBK,20110518,6.16,6.34,6.16,6.18,4000
TSCO,20110518,58.87,60.73,58.34,60.23,743800
TSEM,20110518,18,18,17.85,18,500500
TSLA,20110518,26.1,26.47,25.52,26.35,729400
TSON,20110518,4.77,4.77,4.61,4.68,36500
TSPT,20110518,10.01,10.02,9.89,9.99,26200
TSRA,20110518,18.28,19.26,18.28,19.16,334700
TSRI,20110518,4.74,4.74,4.73,4.73,1000
TSRX,20110518,8,8,7.44,7.6,53800
TST,20110518,3.05,3.17,3,3.14,70300
TSTC,20110518,7.64,7.64,7.08,7.19,204500
TSYS,20110518,5.15,5.22,5.11,5.2,411900
TTEC,20110518,18.9,19.05,18.83,18.91,116700
TTEK,20110518,23.9,24.09,23.81,23.92,254300
TTGT,20110518,8.05,8.11,7.88,7.89,78000
TTHI,20110518,2.86,3.21,2.8,3.14,82900
TTMI,20110518,16.47,16.81,16.43,16.63,591800
TTWO,20110518,17.04,17.28,16.75,17.07,3241700
TUES,20110518,4.91,5.01,4.91,5.01,103600
TWER,20110518,4.61,4.78,4.53,4.75,154700
TWGP,20110518,23.57,23.76,23.44,23.75,164900
TWIN,20110518,31.78,32.71,31.38,32.41,60400
TWMC,20110518,1.67,1.72,1.64,1.71,10600
TWTC,20110518,22.26,22.59,22.12,22.32,1832900
TXCC,20110518,3.06,3.16,2.99,3.06,246300
TXN,20110518,34.5,35.27,34.5,35.18,8255900
TXRH,20110518,16.3,16.5,16.3,16.49,483800
TYPE,20110518,14.68,15.01,14.09,14.82,285600
TZOO,20110518,66.06,70.42,66.06,68.95,1499100
TZYM,20110518,5,5.24,4.95,5,44100
UACL,20110518,15.36,15.44,14.85,15.01,9800
UBCP,20110518,8.68,8.85,8.68,8.76,1900
UBFO,20110518,3.4,3.46,3.38,3.46,4700
UBNK,20110518,15.95,16.13,15.73,16.1,28000
UBOH,20110518,8.65,8.65,8.65,8.65,0
UBSH,20110518,12.39,12.54,12.39,12.5,50100
UBSI,20110518,24.36,24.46,23.85,24.39,292500
UCBA,20110518,6.88,6.9,6.87,6.87,400
UCBI,20110518,2.21,2.21,2.15,2.2,234000
UCFC,20110518,1.34,1.48,1.31,1.32,46000
UCTT,20110518,10.45,11.05,10.26,10.85,88300
UEIC,20110518,26.23,26.49,26.23,26.42,17000
UEPS,20110518,8.52,8.54,8.38,8.41,167300
UFCS,20110518,19.12,19.38,19.01,19.25,59100
UFPI,20110518,29.91,30.09,29.87,30,71500
UFPT,20110518,15.5,15.64,15.34,15.6,26900
UG,20110518,15.4,15.4,15.3,15.3,1000
UHAL,20110518,88.34,90.43,86.53,90.43,48800
ULBI,20110518,4.4,4.51,4.4,4.45,43400
ULGX,20110518,0.88,0.91,0.88,0.9,12300
ULTA,20110518,52.33,53.95,52.25,53.77,431900
ULTI,20110518,53.14,55.29,52.72,54.61,97400
ULTR,20110518,5.25,5.3,5.21,5.29,29200
UMBF,20110518,41.89,42.3,41.67,42.2,282300
UMPQ,20110518,11.49,11.7,11.43,11.7,688400
UNAM,20110518,9.41,9.85,9.4,9.45,3200
UNB,20110518,19.7,19.7,19.6,19.6,200
UNFI,20110518,42.5,43.51,42.22,43.33,137100
UNIS,20110518,5.16,5.21,5.01,5.13,167100
UNTD,20110518,5.96,6.03,5.92,5.99,674500
UNTK,20110518,8.96,9.15,8.8,9.11,26200
UNTY,20110518,6.53,6.74,6.53,6.74,7000
UNXL,20110518,8.5,9,8.4,9,4100
UPI,20110518,7.27,7.59,7.25,7.55,151400
URBN,20110518,32.95,32.96,32.17,32.43,2577000
URRE,20110518,15.6,16.5,15.5,16.1,1090400
USAK,20110518,12.24,12.33,12.21,12.31,5300
USAP,20110518,38.08,39.8,37.89,39.72,40000
USAT,20110518,2.1,2.26,2.05,2.19,753700
USATP,20110518,18.5,19.25,18.46,19.25,800
USATZ,20110518,1.1,1.22,1.1,1.21,3400
USBI,20110518,7.06,7.14,6.86,6.86,800
USCR,20110518,9.65,9.7,9.65,9.7,4500
USEG,20110518,4.28,4.38,4.13,4.38,272700
USLM,20110518,39.06,40.04,39.06,39.64,2000
USMO,20110518,15.12,15.58,15.02,15.55,213700
USTR,20110518,34.48,35.1,34.2,35,103500
UTEK,20110518,31.24,31.94,31.06,31.63,275400
UTHR,20110518,65.36,65.8,64.99,65.51,684500
UTIW,20110518,21.41,22.13,21.34,22.09,249300
UTMD,20110518,28,28.42,28,28.25,1700
UTSI,20110518,6.42,6.81,6.42,6.72,926100
UVSP,20110518,15.67,16.01,15.61,15.81,19500
VALU,20110518,13.53,13.92,13.53,13.92,5400
VALV,20110518,2.86,2.96,2.86,2.96,81200
VASC,20110518,12.6,12.6,12.36,12.52,38100
VBFC,20110518,2.9,2.9,2.85,2.9,1700
VCBI,20110518,5.52,5.66,5.52,5.6,71800
VCIT,20110518,81.28,81.28,80.77,80.88,52700
VCLK,20110518,17.48,17.71,17.32,17.58,841800
VCLT,20110518,80.43,80.43,79.76,79.76,3600
VCSH,20110518,78.52,78.52,78.35,78.35,92200
VDSI,20110518,10.29,10.64,10.23,10.47,139500
VECO,20110518,51.83,55.78,51.83,55.19,2498800
VELT,20110518,17.5,18.06,17.5,17.79,68700
VGIT,20110518,62.14,62.14,61.97,61.98,2700
VGLT,20110518,61.99,61.99,61.5,61.5,400
VGSH,20110518,60.76,60.83,60.76,60.8,10700
VIA,20110518,57.82,59.63,57.82,59.62,36300
VIAB,20110518,49.64,51.12,49.59,51.05,3707600
VIAS,20110518,21.62,21.7,21.26,21.45,26300
VICL,20110518,4.32,4.42,4.2,4.22,943200
VICR,20110518,16.17,16.58,16.08,16.49,64000
VIDE,20110518,3.67,3.67,3.67,3.67,0
VIFL,20110518,4.87,4.95,4.67,4.93,2600
VIMC,20110518,2.64,2.74,2.61,2.67,19900
VIRC,20110518,3,3,3,3,0
VISN,20110518,81.8,83.8,80,82.6,91900
VIVO,20110518,23.52,23.57,23.35,23.42,151900
VLCCF,20110518,22.16,23.25,22.16,23.25,156000
VLGEA,20110518,26.43,26.64,26.21,26.44,11000
VLTR,20110518,25.01,25.83,24.97,25.48,133400
VLYWW,20110518,2.65,2.65,2.65,2.65,0
VMBS,20110518,51.07,51.15,51.05,51.05,4800
VMED,20110518,31.79,32.23,31.5,32.2,4044100
VNDA,20110518,7.11,7.19,7.08,7.13,164500
VNET,20110518,11.81,13.71,11.81,13.47,801100
VNQI,20110518,51.11,51.75,51.11,51.63,17100
VOCS,20110518,26.87,27.35,26.6,26.7,158700
VOD,20110518,27.91,27.94,27.77,27.82,4617700
VOLC,20110518,27.89,28.9,27.55,28.62,1564600
VONE,20110518,61.48,61.5,61.48,61.5,2500
VONG,20110518,62.36,62.77,62.36,62.76,2400
VONV,20110518,60.06,60.37,60.06,60.36,1500
VOXX,20110518,7.46,7.86,7.46,7.7,120500
VPFG,20110518,12.47,12.59,12.43,12.53,66700
VPHM,20110518,18.49,18.68,18.43,18.58,535000
VPRT,20110518,49.81,50.22,48.45,49.14,979800
VRA,20110518,50.3,51.75,50.05,51.5,215900
VRML,20110518,5.52,5.52,4.82,4.9,814600
VRNM,20110518,2.22,2.24,2.16,2.21,38200
VRNT,20110518,34,34.7,34,34.55,86400
VRSK,20110518,34.22,34.64,33.95,34.62,592300
VRSN,20110518,36.01,37.37,35.76,37.29,6250800
VRTA,20110518,1.15,1.15,1.15,1.15,2400
VRTB,20110518,1.43,1.47,1.41,1.42,7300
VRTS,20110518,55.19,56,54.95,55.98,15500
VRTU,20110518,19.53,20.29,19.42,20.15,72700
VRTX,20110518,56.68,56.68,55.24,55.42,2781800
VSAT,20110518,41.1,44.2,41.1,43.58,708800
VSBN,20110518,12.17,12.17,12.17,12.17,0
VSCI,20110518,2.35,2.35,2.28,2.28,41700
VSCP,20110518,1.81,1.97,1.75,1.79,54100
VSEC,20110518,26.41,26.41,26,26.37,12600
VTHR,20110518,60.93,60.93,60.93,60.93,0
VTNC,20110518,14.95,15.36,14.95,15.06,64200
VTSS,20110518,4.01,4.13,3.95,4.05,437500
VTUS,20110518,16.95,18.07,15.86,17.75,99300
VTWG,20110518,67.13,67.13,67.13,67.13,0
VTWO,20110518,64.98,65.86,64.91,65.64,33000
VTWV,20110518,62.81,62.98,62.8,62.98,1300
VVTV,20110518,6.04,6.22,6.01,6.2,199000
VVUS,20110518,8.18,8.48,8.13,8.29,2354100
VXUS,20110518,50.73,51.27,50.69,51.27,13600
VYFC,20110518,5,5.17,5,5.16,1100
WABC,20110518,49.99,50.39,49.82,50.27,57500
WAFD,20110518,15.6,15.7,15.48,15.62,1026800
WASH,20110518,22.19,22.72,22.19,22.71,17700
WAVX,20110518,2.67,2.89,2.65,2.86,446600
WAYN,20110518,8.38,8.38,8.38,8.38,200
WBCO,20110518,13.26,13.39,13.25,13.35,29300
WBKC,20110518,15,15.05,15,15.04,1900
WBMD,20110518,47,48.13,46.36,48.06,907800
WBSN,20110518,23.9,24.71,23.9,24.48,249400
WCRX,20110518,25.03,25.24,24.84,25.2,1237100
WDC,20110518,36.25,37.14,36.02,36.82,2567500
WDFC,20110518,40.75,40.75,40.49,40.68,49200
WEBM,20110518,9.87,10.85,9.8,10.22,308200
WERN,20110518,24.44,25.16,24.2,24.96,623300
WEYS,20110518,22.9,22.92,22.65,22.78,5600
WFD,20110518,8.66,8.75,8.57,8.74,29200
WFM,20110518,61.42,62.13,60.77,61.91,646900
WIBC,20110518,3.19,3.2,3.1,3.15,792300
WIFI,20110518,9.01,9.61,8.92,9.33,197000
WILC,20110518,7.64,7.77,7.64,7.75,25800
WIN,20110518,13.45,13.49,13.37,13.47,6826000
WINA,20110518,38.43,38.85,38.4,38.76,1100
WIRE,20110518,23.62,24.46,23.62,24.44,71900
WLB,20110518,18.14,18.33,17.68,17.97,26400
WLBPZ,20110518,29.85,29.85,29.85,29.85,0
WLDN,20110518,4.12,4.12,4.06,4.09,35300
WLFC,20110518,13.05,13.07,12.93,13.01,4500
WMAR,20110518,10.34,10.34,10.25,10.31,59100
WMGI,20110518,15.46,15.8,15.46,15.56,760200
WOOD,20110518,47.64,47.96,47.35,47.94,23700
WOOF,20110518,24.73,25.31,24.49,25.22,1694600
WPCS,20110518,2.51,2.54,2.51,2.54,3000
WPPGY,20110518,60.93,61.43,60.9,61.43,49900
WPRT,20110518,21.6,22.83,21.58,22.79,657300
WRES,20110518,3.69,3.91,3.69,3.89,291900
WRLD,20110518,62.53,62.53,59.92,60.65,721100
WRLS,20110518,6.17,6.32,6.17,6.28,10500
WSB,20110518,2.82,2.89,2.8,2.89,1200
WSBC,20110518,19.82,19.94,19.72,19.84,31400
WSBF,20110518,2.96,2.96,2.85,2.89,15700
WSCI,20110518,4.86,5.02,4.86,4.96,2000
WSFS,20110518,41.47,41.47,41.1,41.23,19800
WSTG,20110518,13.73,14.07,13.73,13.97,4700
WSTL,20110518,3.51,3.66,3.51,3.6,171500
WTBA,20110518,7.49,7.49,7.37,7.43,13500
WTFC,20110518,33.57,33.74,33.27,33.5,155500
WTFCW,20110518,16.24,16.24,16.24,16.24,0
WVFC,20110518,9.44,9.44,9.44,9.44,0
WVVI,20110518,3.2,3.2,3.1,3.1,3900
WWD,20110518,34.75,35.24,34.03,35.21,283300
WWWW,20110518,11.02,11.59,11.02,11.55,170200
WYNN,20110518,143.18,147.46,142.35,146.86,1999000
XBKS,20110518,4.31,4.33,4.25,4.29,9100
XIDE,20110518,9.3,9.64,9.27,9.51,528700
XLNX,20110518,35.34,36.37,35.3,36.28,3316400
XNPT,20110518,7.44,7.6,7.4,7.49,336800
XOMA,20110518,3.02,3.08,3,3.07,270200
XRAY,20110518,39.19,39.68,39.11,39.63,618000
XRTX,20110518,9.35,9.45,9.15,9.21,551100
XTEX,20110518,17.03,17.49,17.03,17.3,170600
XTXI,20110518,9.06,9.45,9.06,9.36,133200
XWES,20110518,4.92,4.92,4.7,4.7,8900
XXIA,20110518,16.02,16.18,15.81,16,397300
YAVY,20110518,2.83,2.83,2.71,2.78,17300
YHOO,20110518,16.07,16.16,15.75,15.96,25880100
YORW,20110518,16.51,16.76,16.41,16.76,17700
YRCW,20110518,1.18,1.18,1.11,1.13,797900
ZAGG,20110518,9.14,9.62,8.96,9.58,1245500
ZBRA,20110518,41.32,42.36,40.91,42.18,135100
ZEUS,20110518,29.38,30.64,29.38,29.91,110700
ZGNX,20110518,4.03,4.11,3.86,3.95,84700
ZHNE,20110518,2.28,2.34,2.28,2.32,74800
ZIGO,20110518,12.49,12.66,12.32,12.55,35700
ZINC,20110518,12.71,12.94,12.63,12.91,209500
ZION,20110518,23.65,23.99,23.45,23.78,2130600
ZIONW,20110518,7.05,7.05,6.9,6.97,2200
ZIOP,20110518,6.63,6.93,6.51,6.85,581100
ZIPR,20110518,2.58,2.64,2.58,2.59,24500
ZIXI,20110518,3.17,3.37,3.17,3.34,526400
ZLCS,20110518,2.32,2.42,2.32,2.35,1009700
ZN,20110518,5.08,5.11,5.01,5.1,31300
ZOLT,20110518,10.67,10.85,10.5,10.68,177200
ZOOM,20110518,3.36,3.56,3.34,3.51,253000
ZUMZ,20110518,27.2,27.65,26.75,27.39,272400
