<ticker>,<date>,<open>,<high>,<low>,<close>,<vol>
AACC,20110310,5.65,5.71,5.63,5.65,36400
AAME,20110310,2.02,2.02,1.92,2,2000
AAON,20110310,20.3733,20.6667,19.68,19.7067,66700
AAPL,20110310,349.69,349.77,344.9,346.67,18138800
AAWW,20110310,66.61,67.31,65.37,65.48,284700
AAXJ,20110310,61.21,61.33,60.59,60.69,415200
ABAX,20110310,28.69,28.97,27.56,28.1,148300
ABCB,20110310,9.86,9.86,9.56,9.69,73000
ABCD,20110310,3.59,3.6,3.39,3.39,29600
ABCO,20110310,24.67,24.855,24.1,24.28,65300
ABFS,20110310,24.8,25.34,24.51,24.6,173000
ABIO,20110310,16.68,16.68,15.9,16.08,78200
ABMD,20110310,14.05,14.08,13.49,14,254600
ABTL,20110310,6.15,6.2,5.45,5.8,525400
ACAD,20110310,1.83,1.83,1.69,1.73,386900
ACAS,20110310,9.09,9.12,8.88,9,5297400
ACAT,20110310,13.43,13.75,13.3,13.58,91700
ACCL,20110310,7.4,7.44,7.26,7.32,267400
ACET,20110310,7.49,7.49,7.17,7.22,175500
ACFC,20110310,10.33,10.33,10.33,10.33,200
ACFN,20110310,3.81,3.89,3.8,3.89,19100
ACGL,20110310,30.0067,30.1567,29.76,29.7933,211500
ACHN,20110310,6.24,6.24,6.02,6.16,518800
ACIW,20110310,30.8,30.81,29.82,30.41,175500
ACLS,20110310,2.62,2.64,2.53,2.53,1575200
ACNB,20110310,15.5,15.55,15.35,15.4,3400
ACOR,20110310,22.29,22.42,22.01,22.27,449100
ACPW,20110310,11.15,11.25,10.45,10.85,642600
ACRX,20110310,3.46,3.63,3.25,3.25,36000
ACTG,20110310,35.24,35.32,34.04,34.22,460100
ACTS,20110310,2.49,2.49,2.42,2.43,111900
ACUR,20110310,3.14,3.18,3.04,3.07,72400
ACWI,20110310,47.88,47.88,47.43,47.52,287000
ACWX,20110310,44.7,44.7,44.24,44.32,246700
ACXM,20110310,16.62,16.88,16.26,16.36,361900
ADAT,20110310,1.12,1.16,1.1,1.14,74300
ADBE,20110310,34.68,35.16,34.15,34.86,5266600
ADEP,20110310,3.8,3.89,3.77,3.79,4500
ADES,20110310,13.42,13.76,13.25,13.46,16100
ADI,20110310,38.13,38.47,37.63,37.92,2794600
ADP,20110310,50.36,50.75,50.07,50.39,3150300
ADRA,20110310,28.31,28.42,28.23,28.29,2400
ADRD,20110310,22.43,22.43,22.21,22.21,16500
ADRE,20110310,46.42,46.5,45.97,46.04,78700
ADRU,20110310,21.81,21.87,21.7,21.7,5300
ADSK,20110310,39.7,40.17,38.51,39.9,3099000
ADTN,20110310,44.02,44.04,42.74,42.85,1466400
ADUS,20110310,5.1,5.1,4.75,4.78,56500
ADVS,20110310,27.57,27.66,27.11,27.48,239400
AEGR,20110310,15.12,15.98,14.89,15.15,35000
AEHR,20110310,2.21,2.21,2.04,2.07,31100
AEIS,20110310,15.72,15.88,15.2,15.35,590500
AEPI,20110310,28.18,28.18,27.33,27.33,4300
AERL,20110310,9.71,9.91,9.6,9.9,80600
AETI,20110310,2.75,2.76,2.59,2.74,10800
AEY,20110310,3.17,3.18,3.04,3.09,29100
AEZS,20110310,11.4,11.4,10.8,11.34,2915600
AFAM,20110310,37.86,38.04,36.58,37.17,282400
AFCB,20110310,13.53,13.54,13.53,13.53,2400
AFCE,20110310,13.32,14.35,13.27,14.28,503600
AFFX,20110310,4.94,5.03,4.8,4.81,723900
AFFY,20110310,6.73,6.84,6.6,6.61,372700
AFOP,20110310,12.17,12.18,10.9,11,287600
AFSI,20110310,18.58,18.6,18.25,18.35,145100
AGEN,20110310,0.98,0.99,0.94,0.95,212100
AGII,20110310,34.39,34.57,33.46,33.98,278200
AGNC,20110310,30.11,30.15,29.98,30.06,2834600
AGYS,20110310,4.91,5.06,4.78,4.97,173700
AHGP,20110310,51.35,52.08,49.67,50.01,128000
AHPI,20110310,4.77,4.77,4.51,4.57,3200
AIMC,20110310,19.88,20.12,19.6,19.94,259600
AINV,20110310,12.16,12.25,12.06,12.07,1589900
AIRM,20110310,19.35,19.5933,18.8333,19.4833,98800
AIRT,20110310,9.67,9.84,9.67,9.82,900
AIXG,20110310,40.75,41.23,40.13,40.8,321100
AKAM,20110310,36.12,36.75,35.52,36.41,4697500
AKRX,20110310,5.48,5.48,5.22,5.38,675100
ALCO,20110310,26.01,26.05,25.75,25.98,7200
ALGN,20110310,21.55,21.55,20.85,20.96,452300
ALGT,20110310,42.38,43.04,41.88,42.4,351200
ALIM,20110310,7.75,7.77,7.31,7.47,72100
ALKS,20110310,12.39,12.5,12.25,12.3,574700
ALLB,20110310,11,11.29,11,11.05,8300
ALLT,20110310,13.13,14.08,12.77,13.79,436600
ALNY,20110310,10.26,10.33,9.93,10.16,203100
ALOG,20110310,54.27,54.7,53.98,54.5,65600
ALOT,20110310,8.13,8.13,7.79,7.8,3500
ALSK,20110310,10.4,10.4,10.16,10.22,390500
ALTE,20110310,21.68,21.85,21.35,21.38,415000
ALTI,20110310,2.62,2.64,2.56,2.61,61100
ALTR,20110310,39.77,40.88,39.2,40.21,9052300
ALVR,20110310,19,19.2,18.4,18.4,107900
ALXA,20110310,12.6,12.7,12.6,12.6,154700
ALXN,20110310,49.46,49.535,48.5,48.63,975500
AMAG,20110310,16.72,16.76,16.29,16.55,279800
AMAP,20110310,18.09,18.09,17.3,18.02,160900
AMAT,20110310,15.06,15.23,14.93,14.96,23031500
AMCC,20110310,9.97,10.37,9.92,10.28,1471400
AMCF,20110310,4.57,4.57,4.4,4.41,40800
AMCN,20110310,5.12,5.38,5.11,5.25,485000
AMED,20110310,36.41,36.41,35.65,35.91,255400
AMGN,20110310,51.94,52.21,51.42,51.84,5682900
AMIC,20110310,5.1,5.1,4.9,4.9,33800
AMKR,20110310,6.87,6.9,6.7,6.72,2552600
AMNB,20110310,21.13,21.34,20.3,20.32,16800
AMOT,20110310,7.31,7.31,7.05,7.18,9900
AMOV,20110310,27.44,27.5,27.185,27.185,25200
AMRB,20110310,6.35,6.35,6.3,6.3,2700
AMRI,20110310,4.4,4.41,4.32,4.32,68600
AMRN,20110310,7.13,7.49,6.95,7.49,2429000
AMRS,20110310,30.94,31.7,30.2,31.5,89600
AMSC,20110310,25.67,25.7,25.11,25.11,725300
AMSF,20110310,21.93,21.94,21.5,21.88,145900
AMSG,20110310,24.5,24.5,24.12,24.46,131700
AMSWA,20110310,6.52,6.58,6.49,6.5,78900
AMWD,20110310,20.18,20.36,20.08,20.24,17500
AMZN,20110310,167.07,168.47,164.82,166.14,6000400
ANAC,20110310,7.19,7.26,6.62,7.05,79900
ANAD,20110310,4.56,4.6,4.43,4.5,2208900
ANAT,20110310,79.15,79.36,77.7,78.2,11100
ANCB,20110310,10.9,11.22,10.88,10.91,10700
ANCI,20110310,5.13,5.16,5.1,5.16,16700
ANCX,20110310,7.05,7.09,7.05,7.09,7500
ANDE,20110310,46.6,47.36,45.37,46.85,247700
ANEN,20110310,18.98,19.11,18.61,18.61,70200
ANGO,20110310,16.46,16.56,15.99,16,69700
ANIK,20110310,9.19,10.11,8.71,9.63,523300
ANLY,20110310,4.46,4.58,4.44,4.46,7400
ANSS,20110310,53.92,53.94,52.72,53.05,607800
ANTH,20110310,6.27,6.5,6.11,6.24,337600
ANTP,20110310,3.4,3.4,3.39,3.39,8700
AOSL,20110310,12.56,12.57,12.25,12.49,53000
APAGF,20110310,80.87,81.69,72.03,72.24,26700
APEI,20110310,41.86,43.49,41.62,41.81,149900
APFC,20110310,6.02,6.1,5.91,6.01,3800
APOG,20110310,13.42,13.42,13.12,13.28,107500
APOL,20110310,42.81,42.81,41.74,42.06,1704200
APPY,20110310,3.48,3.6,3.3,3.42,116600
APRI,20110310,4.98,5.24,4.9,5.06,678500
APSA,20110310,14.44,14.44,14,14,600
ARAY,20110310,8.49,8.5,8.09,8.4,974100
ARCC,20110310,17.61,17.69,17.48,17.58,1854400
ARCI,20110310,4.05,4.09,4,4.09,5800
ARCW,20110310,2.75,2.75,2.75,2.75,300
ARDNA,20110310,77.81,79,77.81,78.75,1400
AREX,20110310,28.32,30.5,25.57,28.75,1374500
ARIA,20110310,5.89,5.91,5.71,5.72,1072200
ARII,20110310,21.02,21.75,20.26,20.64,49400
ARKR,20110310,14.62,14.73,14.62,14.65,2500
ARLP,20110310,73.99,74.56,71.2,72.11,225700
ARMH,20110310,25.95,26.07,24.69,24.82,11545500
ARNA,20110310,1.52,1.55,1.48,1.52,1721600
AROW,20110310,24.41,24.41,23.8,23.8,22000
ARQL,20110310,6.23,6.27,6.14,6.23,328500
ARRS,20110310,12.57,12.57,12.3,12.37,1605100
ARRY,20110310,3,3.07,2.92,3.05,330700
ARTC,20110310,34.37,34.78,33.94,34.45,143900
ARTNA,20110310,19.61,19.64,19.5,19.5,14500
ARTW,20110310,10.03,10.06,9.65,9.77,27700
ARTX,20110310,1.44,1.44,1.36,1.41,46400
ARUN,20110310,30.6,30.99,30.29,30.43,2085000
ARWR,20110310,0.7,0.7,0.66,0.67,129400
ASBC,20110310,14.6,14.7,14.47,14.6,1750700
ASBI,20110310,4.04,4.52,4.04,4.52,500
ASCA,20110310,17.18,17.2,16.79,16.88,191700
ASCMA,20110310,42.03,43.46,42.03,42.71,152900
ASEI,20110310,91.07,91.33,89.67,90.05,49300
ASFI,20110310,8.38,8.44,8.31,8.36,23300
ASIA,20110310,20.07,21.18,20.07,20.73,786100
ASMI,20110310,37.55,37.62,36.66,36.7,52700
ASML,20110310,41.26,41.27,40.72,40.83,3629500
ASNA,20110310,15.485,15.5,15.135,15.215,737800
ASPS,20110310,30.03,30.09,29.91,30,57000
ASRV,20110310,2.15,2.17,2.14,2.17,1100
ASRVP,20110310,24.81,24.81,24.81,24.81,0
ASTC,20110310,1.14,1.17,1.1,1.12,77100
ASTE,20110310,34.35,34.65,33.86,33.88,99700
ASTI,20110310,2.61,2.71,2.5,2.69,234000
ASTM,20110310,2.4,2.41,2.28,2.32,553600
ASUR,20110310,1.8067,1.8067,1.7133,1.8067,200
ASYS,20110310,21.57,21.65,20.4,20.75,409400
ATAI,20110310,7.69,7.7,7.5,7.7,30900
ATAX,20110310,5.62,5.8,5.6,5.75,64200
ATEA,20110310,3.21,3.28,3.13,3.2,5200
ATEC,20110310,2.83,2.88,2.66,2.68,511700
ATHN,20110310,44.31,44.5,43.68,43.74,280600
ATHX,20110310,2.51,2.53,2.5,2.5,56200
ATLO,20110310,18.1,18.24,17.51,17.57,16300
ATMI,20110310,18.43,18.43,17.95,17.99,175300
ATML,20110310,12.2,12.2,11.67,11.86,19044700
ATNI,20110310,31.32,31.76,31.02,31.6,92300
ATRC,20110310,9.65,9.65,9.23,9.62,35600
ATRI,20110310,170.55,170.6,168.93,168.93,2000
ATRM,20110310,1.73,1.78,1.7,1.7,11600
ATRO,20110310,23.06,23.11,22.07,22.2,62900
ATSG,20110310,8.12,8.21,7.8,7.89,416400
ATVI,20110310,10.99,11.15,10.94,11.04,13409400
ATX,20110310,10.67,10.79,10.37,10.4,14400
AUBN,20110310,19.92,19.92,19.92,19.92,0
AUDC,20110310,5.81,6,5.52,5.65,637700
AUXL,20110310,23.41,23.69,23.07,23.17,626900
AVAV,20110310,32,34.35,31.73,33.8,644600
AVEO,20110310,14.62,14.93,13.82,14.54,125000
AVGO,20110310,30.82,31.12,30.15,31.01,3619000
AVID,20110310,22.05,22.4,21.77,22.26,163600
AVNR,20110310,3.93,4.13,3.85,4.06,3900900
AVNW,20110310,5.82,5.82,5.64,5.67,524300
AWRE,20110310,3.61,3.65,3.53,3.6,7700
AXAS,20110310,4.93,4.99,4.7,4.84,1818900
AXFN,20110310,25.83,25.83,25.83,25.83,0
AXTI,20110310,6.28,6.3,5.8,5.91,2055700
AZPN,20110310,14.78,14.82,14.43,14.55,387500
BABY,20110310,16.28,16.31,15.75,15.92,138200
BAGL,20110310,16.16,16.17,15.85,16,30500
BAMM,20110310,5.55,5.6,5.47,5.48,29700
BANC,20110310,16.28,16.29,16.08,16.18,18300
BANF,20110310,42.7,42.75,42.11,42.17,15200
BANFP,20110310,26.55,26.55,26.55,26.55,0
BANR,20110310,16.73,16.87,16.31,16.52,601100
BASI,20110310,1.86,1.86,1.84,1.84,1700
BBBY,20110310,46.09,46.27,45.6,45.63,4380200
BBEP,20110310,20.5,20.65,19.81,20.17,645400
BBGI,20110310,6.54,6.54,6.07,6.07,6900
BBNK,20110310,9.16,9.16,9.16,9.16,0
BBOX,20110310,35.79,35.96,34.83,35.03,85400
BBRG,20110310,17.53,18,17.19,17.98,47900
BBRY,20110310,63.81,63.98,61.61,62.6,14657000
BBSI,20110310,15.02,15.26,14.92,15.15,21700
BCBP,20110310,10.67,10.98,10.35,10.63,5600
BCOM,20110310,30.81,30.81,30.81,30.81,300
BCPC,20110310,33.74,33.91,33,33.38,105000
BCRX,20110310,4.04,4.17,3.86,3.89,326300
BCSB,20110310,12.93,13.23,12.92,12.97,2200
BDE,20110310,6.47,6.48,6.4,6.41,4400
BDGE,20110310,21.96,22.38,21.66,21.7,19800
BDMS,20110310,19.5,19.5,19.5,19.5,0
BDSI,20110310,3.43,3.47,3.34,3.34,112100
BEAT,20110310,4.53,4.58,4.42,4.52,673400
BEAV,20110310,34.42,34.72,33.67,34.33,1094600
BEBE,20110310,5.79,5.85,5.78,5.81,203800
BECN,20110310,20.73,20.9,20.51,20.55,436500
BELFA,20110310,24.18,24.18,22.97,23.05,2500
BELFB,20110310,21.2,21.2,20.38,20.43,34600
BERK,20110310,7,7,7,7,1200
BFIN,20110310,8.69,8.75,8.42,8.42,42500
BFLY,20110310,3.02,3.07,3.02,3.07,800
BGCP,20110310,9.57,9.57,8.99,9.17,958600
BGFV,20110310,12.42,12.42,12.12,12.2,107100
BGMD,20110310,8.23,9.09,8.23,9.09,5900
BIB,20110310,31.6,31.6,30.765,30.815,500
BICK,20110310,31.81,31.81,31.21,31.22,29700
BIDU,20110310,117.99,121.5,117.1,120.87,6272900
BIIB,20110310,71.05,71.41,70.1,70.6,1632400
BIOD,20110310,8.44,9.16,8.2,8.52,1556500
BIOF,20110310,18.8,18.8,17.4,17.8,1000200
BIOS,20110310,4.54,4.63,4.51,4.59,429800
BIRT,20110310,4.8,4.88,4.75,4.76,249500
BIS,20110310,48.34,48.34,48.25,48.34,10100
BJRI,20110310,37.87,37.99,37.3,37.82,344900
BKCC,20110310,10.12,10.26,10,10.2,1795400
BKMU,20110310,4.29,4.31,4.1,4.1,141800
BKOR,20110310,4.7,4.7,4.7,4.7,700
BKSC,20110310,11.87,11.87,11.7,11.7,200
BKYF,20110310,20.22,20.5,20.22,20.5,300
BLDP,20110310,2.11,2.11,2.04,2.05,575000
BLDR,20110310,2.54,2.54,2.38,2.45,187800
BLIN,20110310,1.16,1.2,1.15,1.17,3600
BLKB,20110310,26.35,26.35,25.74,26.02,158200
BMC,20110310,49.4,49.48,48.31,48.76,1482000
BMRC,20110310,37.3,37.35,36,36.52,23600
BMRN,20110310,24.25,24.66,23.85,24.56,1050300
BMTC,20110310,19.46,19.66,18.85,18.86,37700
BNCL,20110310,8.78,8.79,8.72,8.75,79800
BNCN,20110310,8.13,8.13,7.77,7.83,1100
BNSO,20110310,2.35,2.35,2.19,2.25,2700
BOBE,20110310,30.6,30.91,30.23,30.7,218800
BOCH,20110310,4.29,4.29,4.16,4.16,3300
BODY,20110310,16.5,16.92,16.45,16.65,143200
BOFI,20110310,14.96,15.06,14.96,15.02,111800
BOKF,20110310,52.26,52.26,51.62,51.89,84200
BOLT,20110310,14.7,14.7,13.32,14.08,75200
BONA,20110310,6.32,6.56,6.28,6.32,70200
BONT,20110310,16.93,16.93,16,16.09,405400
BOOM,20110310,24.59,24.69,23.75,24.15,151700
BOSC,20110310,7,7,6.92,6.92,2700
BPAX,20110310,11.7,11.7,11.22,11.22,1687200
BPFH,20110310,7.31,7.31,7.06,7.1,791700
BPFHW,20110310,2.75,2.75,2.75,2.75,0
BPHX,20110310,1.8,1.82,1.77,1.8,36900
BPOP,20110310,31,31.2,30.8,30.9,5671700
BPOPM,20110310,19.35,19.35,19.35,19.35,0
BPOPN,20110310,20.75,20.99,20.75,20.99,800
BRCD,20110310,6.17,6.18,6.03,6.05,14764600
BRCM,20110310,40.15,40.37,39.37,39.38,13833900
BRID,20110310,11.4,11.4,11,11,2500
BRKL,20110310,10.22,10.31,10.09,10.12,455600
BRKR,20110310,19.41,19.69,18.75,19.11,666100
BRKS,20110310,12.43,12.43,11.54,11.62,1013200
BRLI,20110310,23.75,23.75,23.09,23.41,216200
BSDM,20110310,4.1,4.23,3.71,3.84,537800
BSET,20110310,8.19,8.34,8.1,8.34,144600
BSFT,20110310,43.63,44.94,42.26,44.22,1395200
BSPM,20110310,7.17,7.23,7.05,7.14,164600
BSQR,20110310,8.22,8.22,7.87,7.98,167200
BSRR,20110310,10.95,11.05,10.8,11.03,24800
BSTC,20110310,26.18,26.18,25.89,25.89,4700
BTUI,20110310,11.99,11.99,11.26,11.37,20400
BUSE,20110310,4.93,4.93,4.85,4.87,166300
BVSN,20110310,12.86,13.28,12.8,13.22,2000
BWEN,20110310,13.5,13.7,13,13,690800
BWINA,20110310,21.38,21.38,21.38,21.38,0
BWINB,20110310,23.83,24.11,23.71,23.71,11300
BWLD,20110310,55.17,55.92,54.45,55.18,464100
BYFC,20110310,2.2,2.2,2.2,2.2,0
CA,20110310,23.51,23.51,23.1,23.23,5672800
CAAS,20110310,10.84,10.9,10.36,10.52,187100
CAC,20110310,33.23,33.47,33.18,33.25,11400
CACB,20110310,8.77,9.19,8.5,8.57,7100
CACC,20110310,71.93,71.93,69.71,69.8,21200
CACH,20110310,4.28,4.53,4.25,4.51,65800
CADC,20110310,4.32,4.32,4.06,4.17,120900
CADX,20110310,8.67,8.83,8.5,8.79,470700
CAFI,20110310,2,2,1.95,2,1500
CAKE,20110310,29.5,29.85,29.34,29.53,763600
CALD,20110310,6.72,6.84,6.6,6.77,124400
CALI,20110310,14.1,17.34,14.04,16.8,32000
CALL,20110310,10.96,11.16,10.305,10.83,67700
CALM,20110310,27.5,27.99,27.32,27.67,138200
CAMP,20110310,2.98,3.09,2.92,3,81700
CAMT,20110310,3.95,3.99,3.75,3.83,80400
CAR,20110310,15.54,15.9,15.22,15.42,3230000
CART,20110310,3.16,3.16,3.16,3.16,200
CARV,20110310,0.83,0.94,0.78,0.8,17200
CASH,20110310,17.98,17.98,17.39,17.67,4300
CASM,20110310,3.28,3.28,3.08,3.18,9600
CASS,20110310,38.89,39.06,37.36,37.41,23400
CASY,20110310,36.64,36.92,36.28,36.34,702600
CATM,20110310,18.67,18.95,18.09,18.75,343100
CATY,20110310,17.52,17.53,17.09,17.19,459200
CAVM,20110310,37.48,37.89,36.62,37.22,1494800
CBAK,20110310,9.05,9.05,8.8,8.85,106800
CBAN,20110310,4.15,4.15,4.05,4.09,3500
CBEY,20110310,12.93,13.01,12.68,12.76,271500
CBIN,20110310,12.5,12.5,12.5,12.5,100
CBLI,20110310,6.93,7.02,6.87,6.94,105900
CBMX,20110310,22.5,23.8,22.5,23.8,1200
CBMXW,20110310,2.9,2.9,2.9,2.9,0
CBNJ,20110310,9.63,9.68,9.63,9.68,600
CBNK,20110310,13.88,14.07,13.88,14.07,3000
CBOE,20110310,28,28.19,26.9,26.95,1440900
CBPO,20110310,16.77,17,16.33,16.99,28900
CBRL,20110310,48.21,49.04,48.07,48.57,365500
CBRX,20110310,3.69,3.72,3.42,3.7,780700
CBSH,20110310,40.2,40.27,39.75,39.89,444800
CBST,20110310,24.42,24.77,24.05,24.39,1069600
CCBG,20110310,12.39,12.44,12.06,12.06,25500
CCCL,20110310,7.08,7.08,6.63,6.76,75300
CCIH,20110310,18,18.9,17.64,18.05,155100
CCIX,20110310,8.12,8.14,7.61,8.01,81500
CCMP,20110310,47.62,47.77,46.75,47.43,242700
CCNE,20110310,14.19,14.35,14.19,14.22,31100
CCOI,20110310,14.7,14.7,14.27,14.57,295700
CCRN,20110310,7.34,7.39,6.91,7.02,118600
CCUR,20110310,5.69,5.88,5.69,5.73,13900
CDNS,20110310,9.81,9.86,9.56,9.58,4252000
CDTI,20110310,6.05,6.12,5.59,5.66,52000
CDXS,20110310,10.66,10.74,10.52,10.66,192200
CDZI,20110310,12.26,12.53,12.05,12.06,27900
CECE,20110310,5.85,6,5.71,5.8,69500
CECO,20110310,22.05,22.16,21.84,21.88,470200
CEDU,20110310,7.67,7.73,7.5,7.5,10800
CELG,20110310,53.15,53.34,51.85,51.92,4579600
CELGZ,20110310,2.5,2.55,2.47,2.47,32700
CENT,20110310,9.1,9.17,9.03,9.13,79800
CENTA,20110310,9.24,9.39,9.22,9.28,229600
CENX,20110310,16.36,16.81,15.92,16.6,3178800
CERN,20110310,51.25,51.335,50.46,51.115,780200
CERS,20110310,2.6,2.68,2.57,2.6,439100
CETV,20110310,19.97,20.12,19.5,19.94,353800
CEVA,20110310,22.08,22.14,21.49,21.74,183300
CFBK,20110310,8,8,7.65,7.7,6400
CFFI,20110310,23.25,23.25,23.25,23.25,600
CFFN,20110310,11.94,11.98,11.73,11.78,1883700
CFNB,20110310,14.35,14.36,14.24,14.24,4300
CFNL,20110310,10.97,11.07,10.85,10.88,111300
CGEN,20110310,5.1,5.11,4.97,5,53800
CGNX,20110310,27.55,27.59,26.71,27.06,262500
CHCI,20110310,1.44,1.48,1.38,1.4,79200
CHCO,20110310,34.19,34.32,33.63,33.81,63200
CHDN,20110310,40.06,40.65,39.6,40,31400
CHDX,20110310,17.58,17.61,17.1,17.29,34900
CHEV,20110310,8.61,8.89,8.5,8.7,6900
CHFC,20110310,20.07,20.15,19.77,19.83,52000
CHFN,20110310,9.693,9.693,9.6336,9.6336,200
CHKE,20110310,16.77,17.03,16.66,16.89,58500
CHKP,20110310,48.52,48.56,47.31,48.14,1564400
CHLN,20110310,2.39,2.43,2.32,2.35,134400
CHNR,20110310,13.67,13.8,13.35,13.49,21700
CHOP,20110310,5.46,5.57,5.35,5.37,338000
CHRM,20110310,10.11,10.49,10.11,10.45,2500
CHRW,20110310,72.59,73.64,71.72,72.7,1185000
CHSCP,20110310,30.02,30.7,29.93,29.97,16600
CHTP,20110310,3.88,3.95,3.72,3.72,798000
CHTR,20110310,47.83,47.83,47.14,47.48,207400
CHYR,20110310,2.6,2.61,2.6,2.61,3500
CIDM,20110310,1.47,1.47,1.42,1.46,48200
CIEN,20110310,24.02,24.58,23.61,23.63,7254600
CIMT,20110310,4,4.05,3.75,3.88,59500
CINF,20110310,33.19,33.19,32.89,32.97,916500
CISG,20110310,14.96,15,13.92,14.18,1783000
CITZ,20110310,5.59,5.6,5.57,5.59,10000
CIZN,20110310,21.09,21.09,21.09,21.09,100
CJJD,20110310,3.8,3.85,3.48,3.51,57300
CKEC,20110310,7.6,7.6,7.04,7.29,194600
CKSW,20110310,7.87,7.95,7.8,7.91,128400
CLBH,20110310,4.05,4.1,4.05,4.1,800
CLCT,20110310,14.31,14.57,14.31,14.4,26300
CLDX,20110310,4.08,4.08,3.81,3.86,314300
CLFD,20110310,5.01,5.01,4.75,4.8,109800
CLMS,20110310,16.99,17.02,16.26,16.43,276400
CLMT,20110310,20.88,20.88,19.81,20.44,387300
CLNE,20110310,13.17,13.21,12.54,13,2003900
CLRO,20110310,4.39,4.94,4.29,4.68,86300
CLSN,20110310,2.38,2.45,2.24,2.29,106500
CLUB,20110310,4.71,4.8,4.68,4.74,25900
CLWR,20110310,5.32,5.79,5.19,5.75,8663600
CLWT,20110310,7.04,7.15,6.93,7.15,7000
CMCO,20110310,17.23,17.23,16.59,16.88,65900
CMCSA,20110310,24.95,24.99,24.39,24.72,20420700
CMCSK,20110310,23.61,23.67,23.08,23.34,4131100
CME,20110310,297.03,300.15,295.74,295.94,781600
CMLS,20110310,4.99,4.99,4.65,4.7,885500
CMSB,20110310,9.2,9.2,9.2,9.2,0
CMTL,20110310,26.78,26.96,26.49,26.74,283400
CNBC,20110310,9.12,9.19,9.11,9.18,7900
CNBKA,20110310,26.84,26.84,26.43,26.43,5200
CNET,20110310,3.99,4.1,3.91,4.01,8200
CNIT,20110310,4,4,3.65,3.69,916000
CNMD,20110310,26.01,26.31,25.31,25.63,134200
CNQR,20110310,53.86,54.35,52.8,53.57,531300
CNSL,20110310,17.9,17.91,17.66,17.67,127300
CNTF,20110310,4.39,4.4,4.21,4.26,248600
CNTY,20110310,2.91,2.95,2.75,2.82,39700
CNYD,20110310,8.49,8.72,8.49,8.69,3800
COBK,20110310,12.61,12.61,12.6,12.6,600
COBR,20110310,3.82,3.82,3.6,3.6,23800
COBZ,20110310,6.9,6.99,6.82,6.86,131000
COCO,20110310,4.56,4.6,4.48,4.48,2435200
COGO,20110310,8.07,8.07,7.82,7.86,114900
COHR,20110310,59.27,59.27,56.75,57.38,371400
COHU,20110310,14.68,14.72,14.11,14.38,115300
COKE,20110310,59.98,59.98,59.02,59.26,17800
COLB,20110310,19.92,19.92,19.32,19.43,173800
COLM,20110310,61.78,61.78,60.9,60.97,125500
CONN,20110310,4.6,4.63,4.52,4.62,56800
COOL,20110310,2.11,2.59,2,2.48,4242000
CORE,20110310,33.99,34.39,33.75,34.11,34400
CORT,20110310,3.76,3.87,3.7,3.7,208600
COSI,20110310,1.42,1.43,1.39,1.39,82200
COST,20110310,73.51,74.18,73.12,73.38,2372200
COWN,20110310,4.08,4.1,4.05,4.08,338800
CPBC,20110310,4.85,5.02,4.85,4.85,3300
CPGI,20110310,3.47,3.47,3.3,3.3,48500
CPHC,20110310,11.5,11.75,11.35,11.37,2000
CPHD,20110310,26.79,26.79,25.8,26.15,414600
CPIX,20110310,5.42,5.63,5.23,5.25,142400
CPLA,20110310,53.63,54.81,53.07,53.8,206800
CPLP,20110310,9.72,9.72,9.47,9.55,179800
CPNO,20110310,33.57,33.66,32.6,32.95,602500
CPRT,20110310,20.675,20.73,20.375,20.39,368900
CPRX,20110310,1.09,1.12,1.05,1.08,44700
CPSI,20110310,57.86,58.77,57.25,58.55,141700
CPSL,20110310,19.56,19.8,19.32,19.44,345600
CPSS,20110310,1.32,1.32,1.23,1.27,900
CPST,20110310,1.65,1.65,1.55,1.59,9265800
CPTS,20110310,13.86,13.86,13.3,13.51,242400
CPWR,20110310,11.35,11.41,11.18,11.19,2229500
CRAI,20110310,24.04,24.2,23.68,23.7,26300
CRAY,20110310,7,7.09,6.5,6.61,310800
CRDC,20110310,3.33,3.33,3.12,3.2,126500
CREE,20110310,47.25,48.38,46.51,46.99,4507900
CREG,20110310,2.7,2.85,2.61,2.65,46300
CRESW,20110310,0.22,0.22,0.22,0.22,2000
CRESY,20110310,17.35,17.35,16.4,17.26,168300
CRFN,20110310,4.08,4.1,4.08,4.08,2000
CRIS,20110310,2.92,2.97,2.89,2.89,490100
CRME,20110310,27.45,27.95,26.65,27.1,115200
CRMT,20110310,23.98,25.5,23.98,23.98,51600
CRNT,20110310,11.92,11.92,11.02,11.1,514300
CROX,20110310,19.08,19.14,18.36,18.4,2453100
CRRB,20110310,4.75,4.75,4.75,4.75,0
CRRC,20110310,13.38,13.38,12.84,12.96,38200
CRTX,20110310,5.72,5.78,5.61,5.65,21100
CRUS,20110310,20.73,21.7,20.18,21.25,4472900
CRVL,20110310,51.88,52.19,50,50.02,33900
CRWN,20110310,3.01,3.02,2.54,2.55,732400
CRWS,20110310,4.71,4.94,4.71,4.94,500
CRZO,20110310,34.48,34.74,32.33,32.99,1167200
CSBK,20110310,11.5,11.55,11.5,11.5,20900
CSCD,20110310,5.99,5.99,5.76,5.81,11900
CSCO,20110310,18.04,18.07,17.9,17.92,63914600
CSFL,20110310,6.9,6.94,6.75,6.77,58100
CSGP,20110310,56.43,56.43,55.63,55.85,100900
CSGS,20110310,19.99,19.99,19.76,19.81,246600
CSII,20110310,10.24,10.57,10.01,10.28,75900
CSIQ,20110310,12.37,12.47,11.21,11.22,5617200
CSPI,20110310,4.3,4.34,4.21,4.25,11600
CSTR,20110310,42.5,43.9,42.1,42.96,1945200
CSUN,20110310,4.3,4.31,4.01,4.17,344400
CSWC,20110310,97.37,97.37,94.81,94.81,3800
CTAS,20110310,27.84,28.08,27.66,27.67,975600
CTBI,20110310,28.58,28.93,28.04,28.06,34400
CTCH,20110310,3.55,3.57,3.45,3.54,17300
CTCM,20110310,21.47,21.88,21.26,21.68,326800
CTCT,20110310,29.95,29.95,28.66,29.56,349200
CTGX,20110310,12.91,12.91,12.48,12.59,75100
CTHR,20110310,3.33,3.36,3.22,3.34,65900
CTIB,20110310,6.22,6.22,6.21,6.21,700
CTIC,20110310,1.1,1.1,1.05,1.05,6581700
CTRN,20110310,23.26,23.64,22.25,22.31,234900
CTRP,20110310,38.43,39.07,38.2,38.67,1800400
CTSH,20110310,77.38,77.76,76.01,76.11,3482700
CTWS,20110310,24.9,24.95,24.28,24.3,19200
CTXS,20110310,71.81,71.81,69.61,70.4,2398800
CU,20110310,40.19,40.33,39.18,39.41,148800
CUBA,20110310,7.1,7.18,7.09,7.09,9400
CUTR,20110310,9.74,9.74,9.4,9.65,53000
CVBF,20110310,8.4,8.4,8.22,8.24,642300
CVCO,20110310,41.42,41.94,41.35,41.5,18500
CVCY,20110310,6.19,6.19,6.19,6.19,100
CVGI,20110310,15.42,15.44,14.73,15.05,391200
CVGW,20110310,21.36,21.37,20.9,21.22,35800
CVLT,20110310,35.81,36.2,34.66,34.73,394700
CVLY,20110310,10.5,10.54,10.3,10.32,1700
CVTI,20110310,9.08,9.15,8.95,9.12,5500
CVV,20110310,10.1,10.41,9.9,10.01,35600
CWBC,20110310,4.51,4.51,4.51,4.51,200
CWCO,20110310,10.68,10.94,10.31,10.38,75300
CWEI,20110310,91.64,92.76,86.4,87.39,92800
CWST,20110310,6.99,7.04,6.89,6.98,175400
CWTR,20110310,10.04,10.96,9.48,10.44,2895500
CXDC,20110310,6.4,6.43,6.13,6.17,151100
CXPO,20110310,3.95,3.95,3.76,3.8,144700
CY,20110310,19.21,19.25,18.74,18.91,4662600
CYAN,20110310,3.83,3.85,3.63,3.83,8600
CYBE,20110310,8.86,8.86,8.67,8.8,3000
CYBX,20110310,32.37,32.39,31.49,32.22,202300
CYCC,20110310,9.03,9.17,8.96,8.96,316100
CYCCP,20110310,3.99,3.99,3.99,3.99,0
CYMI,20110310,48.39,48.67,47.14,47.39,297900
CYNO,20110310,13.26,13.44,13,13.09,89400
CYOU,20110310,34.86,36.21,34.51,35.45,122100
CYTK,20110310,1.5,1.52,1.48,1.48,267700
CYTR,20110310,6.09,6.23,5.95,6.02,344300
CYTX,20110310,6.95,6.95,6.55,6.56,736500
CYTXW,20110310,4.5,4.5,4.27,4.48,11100
CZFC,20110310,8.65,8.65,8.65,8.65,0
CZNC,20110310,15.92,15.93,15.24,15.3,27600
CZWI,20110310,4.97,4.97,4.9,4.9,6500
DAIO,20110310,5.85,5.85,5.75,5.84,300
DAKT,20110310,11.2,11.2,10.76,10.82,178600
DARA,20110310,3.24,3.38,3.2,3.29,29700
DAVE,20110310,9.53,9.54,9.45,9.47,17400
DBLE,20110310,9.62,9.62,8.76,8.92,313300
DBLEP,20110310,26.15,26.15,26.03,26.11,2700
DCIX,20110310,12.53,12.62,12.4,12.5,23500
DCOM,20110310,15.1,15.2,14.52,14.66,174000
DCTH,20110310,6.52,6.65,6.25,6.42,999000
DECK,20110310,84.69,85.71,83.11,83.57,1268100
DELL,20110310,15.07,15.31,14.75,15.24,24161300
DENN,20110310,4.06,4.17,4.02,4.07,851000
DEPO,20110310,8.67,8.67,8.41,8.55,927900
DEST,20110310,22.31,22.66,22.11,22.34,55300
DFZ,20110310,10.06,10.15,9.9,9.9,38300
DGAS,20110310,15.73,15.73,15.59,15.595,1200
DGICA,20110310,12.66,12.85,12.66,12.77,19300
DGICB,20110310,18.5,18.5,18.5,18.5,0
DGII,20110310,10.67,10.67,10.35,10.39,69800
DGIT,20110310,32.6,32.94,32.47,32.55,349600
DGLY,20110310,1.59,1.65,1.49,1.6,50100
DHIL,20110310,75.9,76,74.64,74.69,5000
DHRM,20110310,5.55,5.55,5.25,5.37,22000
DIOD,20110310,28.99,28.99,27.5,28.41,538000
DISCA,20110310,40.72,40.86,40.16,40.51,1203200
DISCB,20110310,41.15,41.15,41.15,41.15,0
DISCK,20110310,35.98,36.06,35.41,35.8,768400
DISH,20110310,23.64,23.98,23.3,23.34,1872200
DJCO,20110310,72,72.5,72,72.5,1100
DLGC,20110310,20.2,20.2,19.75,20.05,18600
DLIA,20110310,1.69,1.72,1.68,1.69,25500
DLLR,20110310,21.07,21.23,20.82,21.14,297300
DLTR,20110310,25.725,26.445,25.715,26.18,1221500
DMLP,20110310,27.01,27.21,26.6,26.68,85300
DMND,20110310,48.26,49.53,48.26,49.31,327200
DMRC,20110310,28.48,28.66,26.61,26.66,86700
DNBF,20110310,10.37,10.37,10.37,10.37,300
DNDN,20110310,32.1,33.94,31.7,32.91,6092100
DORM,20110310,17.81,17.97,17.305,17.4,78100
DOVR,20110310,3.38,3.38,3.38,3.38,500
DRAD,20110310,2.59,2.59,2.52,2.55,11600
DRAM,20110310,13.92,14.22,13.38,13.98,24300
DRCO,20110310,15.09,15.17,14.93,15,13800
DRIV,20110310,33.48,34.32,33.32,33.86,387100
DRRX,20110310,3.43,3.43,3.29,3.35,282000
DRWI,20110310,7.74,7.74,7.38,7.45,295700
DRYS,20110310,4.78,4.8,4.68,4.72,7880300
DSCI,20110310,9.75,9.8,9.22,9.56,68700
DSCO,20110310,1.9,1.9,1.82,1.85,267000
DSGX,20110310,6.87,7,6.64,6.74,78200
DSPG,20110310,7.34,7.51,7.34,7.38,242000
DSWL,20110310,3.26,3.28,3.2,3.22,20500
DTLK,20110310,6.75,6.78,6.11,6.48,502000
DTSI,20110310,47.93,47.93,46.55,47.14,132200
DTV,20110310,45.78,46.06,45.33,45.6,4142000
DVAX,20110310,2.82,2.84,2.77,2.78,537400
DVOX,20110310,5.76,5.81,5.71,5.75,62300
DWA,20110310,25.88,26.75,25.83,26.6,1013600
DWCH,20110310,5.18,5.43,5.1,5.43,29300
DWSN,20110310,46.14,46.36,42.56,42.61,116500
DXCM,20110310,14.05,14.47,13.73,13.9,486400
DXPE,20110310,21.07,21.1,20.46,20.6,28600
DXYN,20110310,4.82,4.82,4.41,4.41,24300
DYAX,20110310,1.57,1.62,1.53,1.55,411500
DYNT,20110310,5,5.1,4.55,4.8,43900
DYSL,20110310,4.42,4.42,4.34,4.34,5100
EBAY,20110310,31,31.78,30.69,31.08,11780200
EBIX,20110310,28.34,28.59,25.97,27.23,1223200
EBMT,20110310,11.25,11.3,11.25,11.3,4300
EBSB,20110310,13.11,13.11,13,13.02,13500
EBTC,20110310,14.99,14.99,14.99,14.99,0
ECHO,20110310,12.37,12.45,12.06,12.35,97400
ECOL,20110310,16.98,17.02,16.1,16.18,97800
ECPG,20110310,25.63,25.73,25.02,25.26,58100
ECTY,20110310,3.71,3.79,3.45,3.46,93900
ECYT,20110310,7.42,7.49,7.38,7.45,8500
EDAC,20110310,3.53,3.65,3.5,3.5,2500
EDAP,20110310,4.3,4.36,4.07,4.11,191300
EDGW,20110310,3.08,3.15,3,3.06,77100
EDMC,20110310,18.62,19.85,18.53,18.89,128100
EDS,20110310,7.3,7.37,7.2,7.35,21300
EDUC,20110310,6.68,6.75,6.55,6.55,2500
EEFT,20110310,17.25,17.51,17.18,17.42,189200
EEI,20110310,14.99,15.13,14.96,15.09,2600
EFII,20110310,14.79,14.98,14.66,14.85,211600
EFSC,20110310,12.85,12.89,12.5,12.63,52100
EFUT,20110310,5.72,5.79,5.65,5.79,3400
EGBN,20110310,13.76,13.85,13.09,13.11,85000
EGHT,20110310,2.9,2.91,2.7,2.78,824900
EGLE,20110310,16.04,16.12,15.88,15.96,1382600
EGOV,20110310,10.82,10.99,10.62,10.78,256000
EHTH,20110310,13.37,13.37,12.69,12.82,217900
EIHI,20110310,12.95,13.1,12.95,12.96,6000
ELGX,20110310,5.88,5.99,5.81,5.9,229300
ELNK,20110310,7.86,7.93,7.8,7.87,2281300
ELON,20110310,8.61,8.61,8.24,8.29,149200
ELOS,20110310,13.79,13.79,13.25,13.73,220200
ELRC,20110310,15.6,15.6,14.9,14.94,55500
ELSE,20110310,4.48,4.59,4.48,4.59,6800
ELTK,20110310,1.22,1.24,1.2,1.24,5100
EMCF,20110310,17.7,17.7,17.7,17.7,4500
EMCI,20110310,24.34,24.34,23.6,23.62,11900
EMFN,20110310,27.79,27.79,27.75,27.75,600
EMIF,20110310,34.02,34.23,33.96,34.02,21400
EMITF,20110310,11.63,11.78,11.51,11.51,400
EMKR,20110310,9.44,9.64,9,9.4,2576000
EMMS,20110310,1.1,1.1,1.03,1.06,330600
EMMSP,20110310,18.5,18.5,18.5,18.5,0
EMMT,20110310,26.77,26.77,26.28,26.28,1000
ENDP,20110310,36.11,36.33,35.75,35.8,1547600
ENG,20110310,4.64,4.74,4.31,4.35,229800
ENMD,20110310,5,5.06,4.77,4.93,20500
ENOC,20110310,20.05,20.14,19.45,19.73,341600
ENSG,20110310,31.7,31.76,30.6,30.79,96500
ENTG,20110310,8.2,8.2,7.76,7.79,2177900
ENTR,20110310,8.61,8.61,8.22,8.25,4492000
ENZN,20110310,10.48,10.48,10.16,10.18,831000
EONC,20110310,1.85,1.85,1.77,1.77,14900
EPAX,20110310,10.26,10.35,10.22,10.25,48000
EPAY,20110310,20.76,20.95,20.52,20.8,145200
EPIQ,20110310,13.65,13.77,13.21,13.22,183700
EQIX,20110310,85,85.76,84.13,84.92,929100
ERIC,20110310,12.52,12.52,12.3,12.35,4052300
ERIE,20110310,70.39,70.47,69.12,69.67,47300
ERII,20110310,3.11,3.12,2.97,3,383000
EROC,20110310,9.54,9.68,9.21,9.29,514800
ESBF,20110310,11.05,11.05,10.8333,10.8333,12000
ESBK,20110310,17.24,17.24,17.24,17.24,0
ESCA,20110310,5.99,6,5.88,5.88,5400
ESEA,20110310,3.99,4.02,3.95,4,100000
ESGR,20110310,92.55,93.04,90.78,91.03,22500
ESIO,20110310,16.64,16.64,15.97,16.4,114100
ESLT,20110310,50.4,50.4,50.08,50.11,3000
ESMC,20110310,1.2,1.2,1.2,1.2,7600
ESRX,20110310,53.35,53.59,52.19,52.54,7172800
ESSA,20110310,12.79,12.79,12.6,12.6,96500
ESSX,20110310,6.98,7.15,6.86,7.12,47200
ESYS,20110310,5.16,5.19,5.16,5.17,1000
ETFC,20110310,15.57,15.66,15.32,15.35,3149500
ETRM,20110310,2.6,2.62,2.55,2.57,19600
EUFN,20110310,23.28,23.28,23.04,23.04,3900
EVBS,20110310,3.78,3.78,3.61,3.75,1800
EVEP,20110310,43.22,43.25,40.55,41.95,862200
EVOL,20110310,7.62,7.62,7,7.07,54600
EWBC,20110310,23.18,23.19,22.74,22.78,1546200
EXAC,20110310,17.79,17.79,17.34,17.68,32400
EXAR,20110310,6.28,6.28,6.11,6.16,131900
EXAS,20110310,5.47,5.48,5.29,5.29,367100
EXEL,20110310,11.38,11.54,11.06,11.31,6142900
EXFO,20110310,11.73,11.89,11.1,11.2,247800
EXLP,20110310,27.5,27.51,26.81,26.97,331000
EXLS,20110310,21.68,21.8,20.92,20.96,43600
EXPD,20110310,48.32,48.84,47.58,48.33,1687600
EXPE,20110310,21.21,21.51,20.81,21.47,8912300
EXPO,20110310,38.92,39.12,37.95,38.09,58200
EXTR,20110310,3.67,3.73,3.51,3.58,945200
EXXI,20110310,31.34,31.8,29.79,31.15,1719300
EZCH,20110310,29.25,29.27,28.15,28.7,387800
EZPW,20110310,28.06,28.3,27.43,27.65,412500
FABK,20110310,13.8,13.82,13.8,13.82,4000
FALC,20110310,4.57,4.63,4.42,4.46,206100
FARM,20110310,11.31,11.54,11.12,11.13,23800
FARO,20110310,35.5,35.5,34.05,34.52,142200
FAST,20110310,30.86,31.1,30.65,30.795,843200
FBIZ,20110310,12.27,12.27,12.27,12.27,100
FBMI,20110310,7.04,7.1,7.02,7.03,2700
FBMS,20110310,8.98,8.98,8.98,8.98,0
FBNC,20110310,13.93,13.97,13.27,13.31,37900
FBSS,20110310,13.32,13.33,13.32,13.33,200
FCAL,20110310,3.87,4.01,3.83,3.84,48800
FCAP,20110310,16,16,16,16,0
FCBC,20110310,12.78,12.87,12.25,12.29,46300
FCCO,20110310,6.57,6.58,6.5,6.5,300
FCCY,20110310,9.1,9.1,9.1,9.1,0
FCEL,20110310,1.98,1.99,1.85,1.86,6325400
FCFC,20110310,7.08,7.08,6.95,6.95,3500
FCFS,20110310,33.32,33.79,32.51,32.71,151900
FCHI,20110310,51.85,51.85,51.29,51.34,1800
FCLF,20110310,7.23,7.24,7.23,7.24,200
FCNCA,20110310,205.5,206.1,204.5,205.15,11500
FCTY,20110310,4.2,4.2,4.2,4.2,100
FCVA,20110310,4.26,4.45,4.24,4.24,800
FCZA,20110310,4.22,4.22,4.07,4.18,800
FDEF,20110310,14,14.19,13.97,14.08,17500
FDML,20110310,24.01,24.32,23.28,24.26,284700
FEFN,20110310,27.1,27.1,27.1,27.1,0
FEIC,20110310,34.26,34.35,33.24,33.28,698900
FEIM,20110310,8.05,9.32,8.05,9.01,279000
FELE,20110310,21.455,21.665,21.165,21.21,85900
FFBC,20110310,16.46,16.5,16.2,16.2,289900
FFBCW,20110310,6.5,6.5,6.3,6.5,2400
FFBH,20110310,2.6,2.64,2.45,2.45,24800
FFCH,20110310,10.78,10.89,10.5,10.52,40000
FFCO,20110310,13.55,13.69,13.55,13.55,700
FFEX,20110310,3.8,3.83,3.7,3.82,34800
FFHL,20110310,4.03,4.09,3.75,3.88,141100
FFIC,20110310,13.82,14.05,13.6,13.88,108500
FFIN,20110310,33.6667,33.76,33.4733,33.56,75900
FFIV,20110310,106.39,111.33,105.13,110.06,3873300
FFKT,20110310,7.01,7.04,7,7.04,400
FFKY,20110310,3.89,4.04,3.89,4.04,4600
FFNM,20110310,3.6,3.6,3.6,3.6,100
FFNW,20110310,5.85,5.85,5.71,5.76,22500
FHCO,20110310,4.73,4.73,4.61,4.69,89600
FIBK,20110310,14.24,14.24,13.98,14.15,47600
FINL,20110310,17.71,17.86,17.5,17.67,700400
FIRE,20110310,25.93,26.49,25.44,26.13,346700
FISI,20110310,16.8,17.21,16.63,17.14,1000900
FISV,20110310,60.41,60.41,59.37,59.52,1592500
FITB,20110310,13.64,13.87,13.59,13.69,12855000
FITBP,20110310,149,149,149,149,100
FIZZ,20110310,12.69,12.69,12.51,12.55,31100
FLDM,20110310,14.35,14.44,14.28,14.35,149000
FLEX,20110310,7.53,7.58,7.34,7.41,6200000
FLIC,20110310,26.77,26.77,26.2,26.45,30200
FLIR,20110310,31.68,31.89,31.31,31.89,1190700
FLML,20110310,6.31,6.31,6.13,6.13,6900
FLOW,20110310,4.38,4.38,4.24,4.24,277000
FLWS,20110310,2.77,2.8,2.69,2.73,196200
FLXS,20110310,15.22,15.22,15.22,15.22,100
FMBI,20110310,12.29,12.29,11.9,12.02,744800
FMCN,20110310,28.81,29.02,28.11,28.67,1692500
FMER,20110310,16.81,16.85,16.64,16.7,905600
FMFC,20110310,3.75,3.8,3.75,3.8,1800
FNBN,20110310,0.31,0.33,0.31,0.31,27500
FNFG,20110310,14.12,14.12,13.93,13.94,3864600
FNGN,20110310,24.36,24.43,23.52,23.85,175600
FNLC,20110310,14.56,14.56,14.16,14.16,12700
FNSR,20110310,24.49,25,23.63,23.92,12767600
FOLD,20110310,5.89,6.09,5.83,6.03,15600
FONE,20110310,28.7,28.81,28.33,28.34,22300
FONR,20110310,1.94,1.94,1.8,1.85,85600
FORD,20110310,3.73,3.73,3.65,3.72,10000
FORM,20110310,8.87,8.91,8.71,8.71,516000
FORR,20110310,37.19,37.54,36.9,37.07,65700
FORTY,20110310,16.9,17.1,15.96,16.88,20400
FOSL,20110310,83.7,85.13,82.49,83.28,1010700
FRBK,20110310,2.88,3.08,2.86,3,33400
FRED,20110310,13.12,13.34,13.12,13.24,192000
FREE,20110310,31.5,31.8,31.1,31.2,9500
FRME,20110310,8.74,8.74,8.5,8.56,61100
FRP,20110310,22.3,22.3,22.07,22.2,13800
FSBK,20110310,4.81,4.87,4.7,4.7,53400
FSCI,20110310,26.81,26.91,25.41,25.54,35500
FSFG,20110310,16.2,16.2,16.2,16.2,0
FSGI,20110310,0.85,0.85,0.82,0.82,5400
FSLR,20110310,141.72,142.19,138,140.05,1642400
FSRV,20110310,32.74,32.79,32.26,32.78,31400
FSTR,20110310,39.89,40.76,38.75,39.1,40500
FSYS,20110310,23.82,24.09,23.7,23.87,338400
FTEK,20110310,8.41,8.93,7.98,8.15,418300
FTNT,20110310,21.48,21.73,21.01,21.075,666800
FUBC,20110310,7.25,7.3,7.1,7.1,91600
FULL,20110310,8.47,8.47,8.44,8.44,5400
FULT,20110310,11.21,11.21,10.98,11,991100
FUNC,20110310,3.1,3.1,3,3,6200
FUND,20110310,7.91,7.92,7.75,7.77,70100
FURX,20110310,16.86,16.86,16.59,16.61,16800
FWLT,20110310,34.2,34.32,33.18,33.48,1724500
FWRD,20110310,28.97,29.43,28.8,28.99,100400
FXCB,20110310,12.86,12.89,12.83,12.86,27300
FXEN,20110310,7.63,7.64,7.05,7.06,3096400
GABC,20110310,16.72,16.79,16.29,16.31,29100
GAGA,20110310,8.75,8.99,8.6,8.92,24300
GAI,20110310,7.52,7.6,7.27,7.27,3800
GAIA,20110310,7.46,7.51,7.01,7.07,143800
GAIN,20110310,7.85,7.85,7.64,7.64,93500
GAME,20110310,6.88,7.05,6.58,7.01,2990800
GASS,20110310,6.38,6.38,6,6.01,91400
GBCI,20110310,15.61,15.62,15.43,15.5,519100
GBDC,20110310,16.7,16.96,16.2,16.32,68300
GBLI,20110310,23,23.14,22.62,22.75,75000
GBNK,20110310,1.27,1.27,1.24,1.26,74500
GCBC,20110310,18.25,18.25,18.02,18.02,700
GCFB,20110310,3.79,3.97,3.72,3.72,14900
GCOM,20110310,10.32,10.47,10.22,10.28,70800
GENC,20110310,7.84,8.04,7.81,8.03,4800
GENE,20110310,2.7,2.7,2.4,2.42,78800
GENT,20110310,9.66,9.68,9.32,9.37,21000
GERN,20110310,4.95,4.99,4.84,4.85,1179600
GEVO,20110310,18.9,18.99,18.43,18.6,83000
GFED,20110310,5.99,5.99,5.97,5.99,500
GFN,20110310,3.6,3.6,3.22,3.29,2600
GFNCL,20110310,3.35,3.35,3.35,3.35,100
GGAL,20110310,14,14,13.73,13.81,242300
GHDX,20110310,26.02,26.02,25.3,25.85,143100
GIFI,20110310,32.53,32.53,30.63,30.71,65800
GIGA,20110310,2.5,2.52,2.5,2.52,3200
GIGM,20110310,1.16,1.17,1.12,1.13,474800
GIII,20110310,37.31,37.56,36.5,36.88,78700
GILD,20110310,20.57,20.695,20.47,20.49,7442200
GILT,20110310,4.97,5.06,4.91,5.03,12800
GIVN,20110310,18.87,19.4,18.77,19.07,130200
GKNT,20110310,26.37,26.37,25.2,25.48,18000
GLAD,20110310,11.31,11.37,11.1,11.17,78700
GLBS,20110310,8.72,8.72,8.72,8.72,0
GLBZ,20110310,7.87,7.9,7.8,7.8,5500
GLCH,20110310,1.94,1.99,1.92,1.96,590400
GLDC,20110310,3.09,3.09,3.05,3.07,7300
GLDD,20110310,7.81,7.9,7.46,7.66,611600
GLNG,20110310,18.2,18.3,17.42,17.82,466600
GLPW,20110310,23.01,23.01,22,22.1,17200
GLRE,20110310,27.21,27.28,26.5,26.57,116100
GLUU,20110310,3.78,3.78,3.5,3.58,2490500
GMAN,20110310,14.21,14.23,14,14.1,17800
GMCR,20110310,55.62,62.37,54.73,61.71,42276900
GMETP,20110310,12.1,12.1,12.1,12.1,100
GNCMA,20110310,11.39,11.92,10.74,11.48,247100
GNMK,20110310,4,4.14,3.85,3.89,12900
GNTX,20110310,27.56,28.43,27.21,28,1694900
GNVC,20110310,0.42,0.42,0.41,0.42,237800
GOLD,20110310,72.45,74.16,72.03,72.57,1191000
GOOD,20110310,18.42,18.57,18.3,18.31,26400
GOODO,20110310,24.85,24.85,24.85,24.85,0
GOODP,20110310,24.84,24.98,24.68,24.95,2300
GOOG,20110310,585.44,586.62,579.45,580.3,3127200
GPIC,20110310,7.34,7.4,7.34,7.4,3100
GPOR,20110310,25.75,26,23.66,24.69,987500
GPRC,20110310,5.8,5.92,5.8,5.92,11300
GPRE,20110310,12.06,12.11,11.93,11.99,235400
GRID,20110310,33.12,33.29,33.05,33.12,2300
GRIF,20110310,31.81,31.81,31.24,31.24,1100
GRMN,20110310,33.63,34.1,33.11,33.95,1528700
GROW,20110310,8.31,8.39,7.96,8.25,135400
GRVY,20110310,2.1,2.11,1.99,1.99,44800
GSBC,20110310,20.48,20.48,19.79,19.98,44700
GSIG,20110310,11.47,11.53,11.27,11.31,94400
GSIT,20110310,8.8,8.84,8.32,8.42,328600
GSM,20110310,21.8,21.94,20.86,21.12,873600
GSOL,20110310,10.61,10.61,10.22,10.25,52500
GTIM,20110310,2.28,2.43,2.01,2.24,3400
GTIV,20110310,28.43,28.89,27.76,28.73,189100
GTLS,20110310,44.43,44.81,43.06,43.1,352600
GTXI,20110310,2.42,2.5,2.4,2.45,89000
GUID,20110310,7.96,7.96,7.75,7.8,27900
GULF,20110310,15.84,16.11,15.8,15.91,10800
GYRO,20110310,76.99,77,76.99,77,1500
HA,20110310,6.97,7.12,6.89,7.09,743000
HAFC,20110310,1.32,1.33,1.27,1.28,868300
HAIN,20110310,29.38,29.39,28.56,28.58,328900
HALL,20110310,8.98,8.98,8.74,8.76,22200
HALO,20110310,6.78,6.8,6.46,6.48,362200
HAS,20110310,46.8,47.27,46.65,46.92,1166800
HAST,20110310,5.68,5.72,5.57,5.61,30800
HAUP,20110310,2.07,2.13,2,2.04,41800
HAYN,20110310,49.43,49.43,47.5,47.9,76800
HBAN,20110310,6.67,6.7,6.58,6.62,13791000
HBANP,20110310,1150,1150,1145,1145,100
HBCP,20110310,13.99,13.99,13.76,13.79,8000
HBHC,20110310,33,33,32.08,32.15,484000
HBIO,20110310,4.25,4.28,4.24,4.24,29600
HBNC,20110310,12.8667,12.8667,12.8667,12.8667,0
HBNK,20110310,12.55,12.55,12.55,12.55,0
HBOS,20110310,12.9,13.1,12.9,13.03,12500
HCBK,20110310,9.94,10.06,9.91,9.97,5818400
HCCI,20110310,11.65,11.9,11.37,11.39,6400
HCKT,20110310,3.79,3.79,3.66,3.66,108600
HCSG,20110310,17.29,17.31,17.03,17.22,338000
HDNG,20110310,13.39,13.39,12.59,13.16,63500
HDSN,20110310,2.02,2.08,1.93,1.95,75100
HEES,20110310,18,18.21,17.48,17.7,341600
HELE,20110310,28.14,28.14,27.41,27.61,150600
HEOP,20110310,3.64,3.64,3.5,3.54,7100
HERO,20110310,5.7,5.82,5.5,5.61,8377700
HFBC,20110310,9.43,9.43,9.4,9.4,1900
HFBL,20110310,13.1,13.11,13.1,13.1,1000
HFFC,20110310,10.9,10.9,10.84,10.84,2800
HFWA,20110310,14.47,14.47,14,14.14,33700
HGSH,20110310,2.7,2.75,2.7,2.72,5500
HIBB,20110310,32.16,33.31,31.97,32.98,648900
HIFS,20110310,48.5,48.5,48.5,48.5,0
HIHO,20110310,3.56,3.56,3.51,3.51,300
HILL,20110310,2.93,3,2.8,2.86,249100
HIMX,20110310,2.57,2.57,2.5,2.5,193900
HITK,20110310,20.7,20.8,19.45,20.37,671400
HITT,20110310,58.63,58.94,57.48,57.94,249100
HLIT,20110310,9.33,9.37,9.04,9.1,1265500
HMIN,20110310,40.02,41.29,39.88,40.17,639200
HMNF,20110310,2.73,2.73,2.58,2.59,1500
HMPR,20110310,19.25,21,19,19.75,278300
HMSY,20110310,26.6733,26.8433,26.47,26.5133,214400
HNH,20110310,11.85,11.85,11.8,11.84,2800
HNRG,20110310,11.1,11.1,10.7,10.74,6500
HNSN,20110310,2.12,2.16,2.09,2.11,576200
HOFT,20110310,12.62,12.62,12.03,12.14,33700
HOGS,20110310,17.27,17.46,16.1,16.49,439500
HOLI,20110310,14.65,14.82,14.45,14.61,181800
HOLL,20110310,1.53,1.61,1.53,1.57,54500
HOLX,20110310,21.38,21.55,21.16,21.46,5571200
HOMB,20110310,22.2,22.2,21.59,21.77,60000
HOME,20110310,11.05,11.06,10.84,10.84,38100
HOTT,20110310,5.74,5.74,5.53,5.56,289200
HOVNP,20110310,6.79,6.99,6.71,6.8,7100
HPCCP,20110310,26.36,26.36,26.36,26.36,0
HPJ,20110310,3.22,3.3,3.1,3.13,73500
HPOL,20110310,0.9,0.92,0.87,0.9,58900
HRZN,20110310,15.9,16.2,15.83,16.11,66600
HSIC,20110310,68.74,68.9,67.54,67.91,420900
HSII,20110310,26.99,27.12,25.7,25.79,104600
HSKA,20110310,5.69,6.65,5.69,6.3,21100
HSNI,20110310,30.5,31.32,30.4,30.63,319200
HSOL,20110310,8.11,8.2,7.69,7.76,1877700
HSTM,20110310,7.3,7.34,7.14,7.32,46000
HTBK,20110310,4.56,4.57,4.53,4.56,1300
HTCH,20110310,2.65,2.66,2.6,2.6,518800
HTCO,20110310,9.07,9.31,9.03,9.25,20700
HTHT,20110310,19.89,19.9,18.2,19.45,533700
HTLD,20110310,16.63,16.85,16.52,16.63,309600
HTLF,20110310,16.42,16.6,15.73,15.74,20700
HTWR,20110310,86.16,86.16,82.38,82.88,103600
HUBG,20110310,34.75,34.95,34.01,34.31,323400
HURC,20110310,30,30,26.5,28.26,88800
HURN,20110310,27.08,27.08,26.04,26.19,95800
HWAY,20110310,15.26,15.26,14.63,14.66,141300
HWBK,20110310,9.1,9.1,9.1,9.1,0
HWCC,20110310,12.36,12.41,11.88,11.91,68700
HWKN,20110310,36.97,37.47,36.34,36.35,79800
HYGS,20110310,4.85,4.85,4.85,4.85,200
IACI,20110310,30.41,30.44,29.95,30.1,856900
IART,20110310,48.9,49.12,47.26,47.45,167300
IBB,20110310,96.05,96.05,94.84,95.06,342200
IBCA,20110310,2.65,2.71,2.62,2.68,21500
IBCP,20110310,3.1,3.16,2.8,2.98,441000
IBCPO,20110310,15.25,15.25,15.1,15.1,1000
IBKC,20110310,55.1,56.08,55.1,55.64,324100
IBKR,20110310,15.6,15.64,15.5,15.51,328100
IBOC,20110310,18.47,18.47,17.99,18.05,362900
ICAD,20110310,1.2,1.23,1.16,1.16,103400
ICCC,20110310,3.23,3.23,3.11,3.11,7600
ICFI,20110310,22.62,22.64,22.33,22.5,81500
ICGE,20110310,12.89,13.13,12.52,12.69,171100
ICLN,20110310,16.78,16.78,16.31,16.38,62300
ICLR,20110310,20.6,21.07,20.39,20.94,370300
ICON,20110310,21.34,21.39,21.04,21.2,493300
ICUI,20110310,42.89,42.89,41.53,41.68,59800
IDCC,20110310,43.53,43.76,42.5,42.53,1314600
IDIX,20110310,3.13,3.17,3.01,3.05,133100
IDRA,20110310,2.63,2.67,2.55,2.65,26200
IDSA,20110310,10.6,10.75,10.31,10.35,37800
IDSY,20110310,4.93,4.93,4.33,4.5,104800
IDTI,20110310,7.3,7.34,7.14,7.18,2741300
IDXX,20110310,76.63,77.44,76.05,76.69,219700
IESC,20110310,3.92,4.1,3.8,4.1,21100
IFAS,20110310,31.46,31.46,30.83,30.9,9200
IFEU,20110310,32.01,32.01,31.78,31.78,1200
IFGL,20110310,31.53,31.53,31.2,31.2,31200
IFNA,20110310,42.24,42.24,41.99,41.99,1100
IFON,20110310,0.99,0.99,0.92,0.92,27300
IFSM,20110310,38.78,38.82,38.5,38.5,7200
IGLD,20110310,28.3,28.3,27.64,28.14,2800
IGOI,20110310,47.28,47.76,44.04,45.72,198800
IGOV,20110310,102.72,102.79,102.32,102.6,15700
IGTE,20110310,17.94,17.94,17.04,17.21,312900
III,20110310,2.42,2.42,2.32,2.37,26900
IIIN,20110310,12.37,12.59,12.23,12.23,110700
IIJI,20110310,7.6,7.63,7.55,7.55,10400
IILG,20110310,15.28,15.72,14.93,15.08,315900
IIN,20110310,4,4,3.98,4,12900
IIVI,20110310,23.49,23.8,21.875,22.04,358000
IKAN,20110310,1.21,1.27,1.21,1.22,229200
IKNX,20110310,8.6,8.6,8.6,8.6,0
ILMN,20110310,64.64,64.72,63.13,63.76,2848100
IMGN,20110310,9.18,9.24,8.77,8.86,543200
IMKTA,20110310,19.06,19.25,18.58,18.77,40700
IMMR,20110310,6.75,6.81,6.6,6.79,159800
IMMU,20110310,3.44,3.44,3.33,3.34,389800
IMMY,20110310,1,1,1,1,3300
IMOS,20110310,7.39,7.49,7.2,7.37,32400
IMRS,20110310,7.71,7.71,7.4,7.64,157100
INAP,20110310,6.36,6.49,6.26,6.46,457100
INCY,20110310,13.35,13.59,13.17,13.5,1212800
INDB,20110310,26.7,26.7,25.8,25.92,58200
INDY,20110310,27.87,27.88,27.49,27.55,58600
INFA,20110310,47.18,47.6,46.1,47.16,1427900
INFI,20110310,5.53,5.63,5.39,5.48,55100
INFN,20110310,8.1,8.19,7.78,7.87,2070100
ININ,20110310,33.75,34.35,32.98,33.35,122800
INOC,20110310,1.53,1.53,1.53,1.53,0
INOD,20110310,2.67,2.69,2.59,2.6,46200
INPH,20110310,5.62,6.52,5.4,5.91,488200
INSM,20110310,0.5,0.5,0.5,0.5,0
INTC,20110310,20.94,21.02,20.72,20.79,69125200
INTG,20110310,21.7,21.85,21.7,21.85,1100
INTL,20110310,23.76,25.19,23.65,24.57,39000
INTT,20110310,4.01,4.05,3.79,3.87,118600
INTU,20110310,50.86,50.94,49.6,49.85,5058200
INTX,20110310,9.88,9.88,9.7,9.75,12200
INVE,20110310,2.94,2.98,2.66,2.7,247300
INWK,20110310,8.02,8.47,8.02,8.34,246300
IOSP,20110310,28.01,28.7,27.55,28.09,106300
IPAR,20110310,18.18,18.33,17.78,18.01,119900
IPAS,20110310,1.51,1.51,1.49,1.5,363200
IPCC,20110310,58.15,58.93,58.07,58.24,58900
IPCI,20110310,3.87,3.87,3.75,3.76,11200
IPCM,20110310,45.42,45.42,43.88,44.41,116500
IPGP,20110310,51.95,53.33,49.6,52.72,518200
IPHS,20110310,41.43,41.43,40.16,40.51,110400
IPXL,20110310,22.38,22.6,22.19,22.27,866400
IRBT,20110310,29.64,29.65,28.64,28.77,265600
IRDM,20110310,8.35,8.41,8.22,8.34,485800
IRDMZ,20110310,1.49,1.49,1.37,1.44,92700
IRIX,20110310,3.89,4.05,3.81,4,3700
IRWD,20110310,12.05,12.14,11.81,11.9,136000
ISBC,20110310,14.21,14.27,14.05,14.15,266600
ISCA,20110310,28.24,28.34,27.8,28.29,113600
ISHG,20110310,105.68,105.68,105.37,105.37,1000
ISIG,20110310,6.64,6.78,6.63,6.72,57600
ISIL,20110310,11.86,12.05,11.72,11.83,2238500
ISIS,20110310,9.1,9.1,8.94,9.03,583200
ISLE,20110310,9.51,9.54,9.3,9.32,184800
ISNS,20110310,13.52,13.62,13.5,13.62,2900
ISRG,20110310,327.28,332.07,323.56,324.91,464400
ISRL,20110310,69.11,69.64,64.22,64.22,600
ISSC,20110310,6,6.18,5.8,5.88,30700
ISSI,20110310,9.2,9.2,8.68,8.71,737200
ITIC,20110310,30.7,30.7,30.03,30.03,1200
ITMN,20110310,43.75,46.55,43.64,44.73,1307700
ITRI,20110310,53.12,53.73,51.93,52.75,566700
ITRN,20110310,16.72,16.72,16.36,16.4,33800
IVAC,20110310,12.35,12.35,11.85,11.97,210800
IVAN,20110310,3.25,3.26,3.1,3.11,2352600
IXYS,20110310,13.24,13.24,12.39,12.43,111500
JACK,20110310,22.88,23.22,22.75,22.97,409700
JADE,20110310,4.08,4.08,3.9,3.94,246900
JAKK,20110310,18.85,19.09,18.67,18.73,165900
JASO,20110310,34.1,34.1,32.6,32.9,10598600
JAXB,20110310,6.7,6.7,6.7,6.7,0
JAZZ,20110310,28.21,28.28,27.01,27.46,980800
JBHT,20110310,42.74,43.15,42.3,42.72,740800
JBLU,20110310,5.68,6.06,5.65,6,10434800
JBSS,20110310,11.8,11.88,11.8,11.8,13800
JCOM,20110310,28.88,29.05,28.59,28.78,204400
JCS,20110310,15.25,15.36,14.44,14.51,17300
JCTCF,20110310,10.5,10.5,10.15,10.3,3300
JDSU,20110310,21.09,22.25,20.5,21.27,26054400
JFBI,20110310,4,4,4,4,0
JJSF,20110310,44.55,44.82,44.14,44.32,44700
JKHY,20110310,31.8,32.13,31.24,31.42,413900
JMBA,20110310,2.25,2.34,2.2,2.31,1029600
JOBS,20110310,56,56.95,56,56.51,147500
JOEZ,20110310,1.03,1.03,0.94,1,683500
JOSB,20110310,45.18,47.88,45.18,47.22,689100
JOUT,20110310,15.71,15.8,15.39,15.4,12700
JRCC,20110310,21.58,21.58,20.51,20.64,1977700
JRJC,20110310,5.23,5.23,5.1,5.11,53200
JST,20110310,11.27,11.27,11,11.18,31400
JVA,20110310,4.03,4.86,4.03,4.37,290800
JXSB,20110310,12.25,12.26,12.25,12.25,700
KALU,20110310,48.98,49.8,47.5,47.9,124400
KBALB,20110310,7.14,7.15,6.69,6.71,69000
KCAP,20110310,7.75,7.82,7.65,7.67,106600
KCLI,20110310,33.45,33.63,32.38,32.45,25000
KELYA,20110310,20.96,20.96,20.3,20.42,192700
KELYB,20110310,20.03,20.03,20.03,20.03,500
KEQU,20110310,12,12,12,12,0
KERX,20110310,3.87,4.15,3.75,4.08,1570200
KEYN,20110310,17.64,18,16.99,17.19,86300
KEYW,20110310,12.13,12.42,11.95,11.99,52200
KFFB,20110310,9.01,9.01,9.01,9.01,0
KFRC,20110310,17.35,17.4,16.75,16.95,296600
KGJI,20110310,2.82,2.86,2.75,2.78,106600
KINS,20110310,3.31,3.31,3.29,3.29,3000
KIPS,20110310,6.21,6.35,6.03,6.18,15700
KIRK,20110310,15.12,15.24,14.15,14.39,650100
KLAC,20110310,46.74,46.74,45.36,45.77,4146300
KLIC,20110310,8.91,8.93,8.56,8.67,1374400
KNDI,20110310,4.1,4.12,3.94,3.96,262600
KONA,20110310,4.63,4.64,4.45,4.45,2000
KONE,20110310,2.46,2.5,2.45,2.5,36700
KONG,20110310,9.18,9.47,9,9.43,598300
KOOL,20110310,2.3,2.3,2.08,2.1,323000
KOPN,20110310,4.06,4.17,4.02,4.16,507400
KOSS,20110310,7.37,7.52,7.26,7.27,1500
KRNY,20110310,9.69,9.69,9.53,9.53,21500
KSWS,20110310,9.82,9.83,9.5,9.59,82700
KTCC,20110310,4.43,4.44,4.32,4.4,48300
KTEC,20110310,21.16,21.2,21.05,21.2,8100
KTOS,20110310,13.73,13.86,13.52,13.73,153900
KUTV,20110310,2.97,3.1,2.7,3.06,165700
KVHI,20110310,13.8,13.9,13.39,13.39,70200
LABC,20110310,14.74,14.75,14.74,14.75,5700
LABL,20110310,19.59,19.59,18.87,19,33200
LACO,20110310,3.15,3.15,2.9,2.92,52300
LAKE,20110310,8.08,8.1,8.05,8.1,10400
LAMR,20110310,36.81,37.03,36.37,36.58,236400
LANC,20110310,55.47,56.96,55.12,55.19,101800
LARK,20110310,18.46,18.46,17.52,17.52,500
LAWS,20110310,20.68,20.88,20.25,20.49,18800
LAYN,20110310,33.54,33.54,32.42,32.85,131700
LBAI,20110310,9.45,9.56,9.43,9.52,59700
LBIX,20110310,3.44,3.61,3.42,3.42,1600
LBTYA,20110310,42.66,42.79,42.16,42.53,1715400
LBTYB,20110310,43.24,43.24,43.24,43.24,0
LBTYK,20110310,41.07,41.13,40.65,40.96,295700
LCAV,20110310,7.23,7.23,6.83,7.05,172600
LCUT,20110310,13.72,13.72,12.66,12.99,54200
LEAP,20110310,13.05,13.85,12.8,13.69,5723400
LECO,20110310,36.48,36.48,35.725,35.84,154200
LEDR,20110310,2.48,2.55,2.31,2.39,29400
LEDS,20110310,14.98,15.8,14.54,15.61,140500
LFUS,20110310,52.75,52.85,52.14,52.14,141900
LGCY,20110310,30.65,30.65,29.42,29.66,206200
LGND,20110310,10.42,10.43,9.98,10.02,117000
LHCG,20110310,30.34,30.46,30.02,30.22,301700
LIFE,20110310,52.2,52.35,51.2,51.45,1980800
LIME,20110310,5,5.14,4.94,4.96,159500
LINC,20110310,16.42,16.5,15.68,15.69,191100
LINE,20110310,38.09,38.2,37.89,37.91,2030900
LINTA,20110310,16.2,16.41,16.13,16.27,3614000
LINTB,20110310,16.07,16.07,16.07,16.07,0
LION,20110310,7.8,7.92,7.8,7.92,2400
LIOX,20110310,3.78,3.83,3.55,3.55,280400
LIVE,20110310,4.16,4.54,3.75,4.43,6700
LIWA,20110310,11.44,11.69,10.89,10.98,306100
LKFN,20110310,21.15,21.17,20.52,20.75,36800
LLEN,20110310,7.75,7.85,7.51,7.51,459700
LLNW,20110310,6.58,6.63,6.27,6.38,4663900
LLTC,20110310,33.13,33.6,32.87,33.1,3038300
LMAT,20110310,6.94,7,6.9,7,40200
LMCA,20110310,73.9,74.72,72.15,72.45,557000
LMIA,20110310,17.59,17.63,17.18,17.18,41100
LMNR,20110310,21.85,21.85,20.98,21.07,11500
LMNX,20110310,19.05,19.18,18.48,18.57,100500
LNBB,20110310,5.62,5.62,5.51,5.6,1700
LNCE,20110310,18.58,19.54,18.3,19.4,608900
LNDC,20110310,6.06,6.06,5.9,5.9,56100
LOAN,20110310,1.74,1.74,1.65,1.66,15800
LOCM,20110310,3.8,3.8,3.61,3.62,524800
LOGI,20110310,19.23,19.23,18.91,18.91,1126500
LOGM,20110310,36.49,36.49,35.17,35.69,414000
LOJN,20110310,5.8,5.82,5.54,5.63,21100
LONG,20110310,13.78,13.82,13.61,13.71,7700
LOOK,20110310,1.6,1.6,1.54,1.55,48000
LOPE,20110310,15.42,15.66,15.29,15.4,558000
LORL,20110310,76,76.87,74.8,75.34,76700
LPHI,20110310,7.89,8.04,7.51,7.52,324900
LPLA,20110310,33.08,33.18,32.74,33.04,181500
LPNT,20110310,39.49,39.71,38.79,39.37,575300
LPSB,20110310,9.99,9.99,9.99,9.99,0
LPSN,20110310,11.29,11.3,10.85,10.92,567000
LPTH,20110310,1.42,1.44,1.42,1.43,2800
LQDT,20110310,15.58,15.63,15.15,15.31,66300
LRAD,20110310,2.4,2.47,2.31,2.34,129500
LRCX,20110310,53.05,53.37,51.29,51.81,3183200
LSBI,20110310,15.4,15.4,15.4,15.4,0
LSBK,20110310,10.5,10.5,10.29,10.36,102700
LSCC,20110310,6.31,6.31,6,6.07,2457900
LSTR,20110310,44.07,44.58,43.25,43.9,481200
LTBR,20110310,5.78,5.8,5.6,5.7,63900
LTON,20110310,1.48,1.5,1.44,1.46,52300
LTRE,20110310,8.95,9,8.73,8.73,9400
LTRX,20110310,3.6,3.66,3.56,3.66,1000
LTXC,20110310,8.9,8.96,8.4,8.51,593900
LUFK,20110310,82.89,82.89,77.9,78.22,557200
LULU,20110310,37.4,37.745,36.505,37.36,1526400
LUNA,20110310,1.87,1.89,1.78,1.8,22200
LWAY,20110310,8.88,8.98,8.81,8.86,9500
LXRX,20110310,1.85,1.87,1.8,1.8,996300
LYTS,20110310,7.52,7.52,7.26,7.35,73600
MAGS,20110310,3.1,3.1,3,3.05,697900
MAKO,20110310,19.75,19.85,19.39,19.43,564500
MANH,20110310,31.81,32.16,31.41,31.41,170300
MANT,20110310,43.1,43.57,42.41,42.63,207500
MARPS,20110310,22.04,22.36,22,22.04,1000
MASC,20110310,6.5,6.74,6.5,6.62,43400
MASI,20110310,30.18,30.37,29.9,30.21,445000
MAT,20110310,25.34,25.35,24.98,25.07,3847600
MATW,20110310,36.15,36.24,35.41,35.6,113000
MAXY,20110310,4.07,4.15,4.06,4.09,121200
MBFI,20110310,20.57,20.59,19.83,19.83,260500
MBLX,20110310,9.42,9.45,8.76,8.76,352300
MBND,20110310,3.99,3.99,3.71,3.79,26700
MBRG,20110310,15.26,15.26,15.16,15.16,5000
MBTF,20110310,1.79,1.87,1.74,1.74,7200
MBVT,20110310,25.59,25.59,25.25,25.25,9800
MBWM,20110310,9.09,9.2,8.58,9.13,19200
MCBC,20110310,2.86,2.86,2.6,2.69,55700
MCBI,20110310,6.5,6.8,6.48,6.48,16000
MCGC,20110310,6.45,6.5,6.35,6.42,626500
MCHP,20110310,35.33,35.68,35.05,35.32,1895300
MCHX,20110310,8.54,8.61,8.36,8.36,75700
MCOX,20110310,29,29.65,28.55,29.35,320000
MCRI,20110310,10.49,10.61,10.04,10.04,23800
MCRL,20110310,12.88,12.96,12.62,12.8,415900
MCRS,20110310,48.96,49.1,47.96,48.31,299600
MDAS,20110310,16.51,16.75,16.06,16.29,1140000
MDCA,20110310,18.44,18.91,18,18.79,138600
MDCI,20110310,8.62,8.62,8.15,8.15,60900
MDCO,20110310,16.52,16.57,16.09,16.18,326700
MDH,20110310,2.61,2.64,2.56,2.61,4600
MDRX,20110310,20.68,20.8,20.18,20.34,1533100
MDSO,20110310,26.24,26.24,25.31,25.51,108500
MDVN,20110310,17.23,17.4,16.78,16.97,237200
MEAD,20110310,3.84,3.85,3.78,3.78,1100
MEAS,20110310,31.02,31.5,30.26,30.66,162900
MELA,20110310,2.81,2.88,2.75,2.85,325000
MELI,20110310,68.93,69.31,67.26,68.28,483700
MEMS,20110310,3.35,3.35,3.15,3.15,54500
MENT,20110310,15.35,15.45,15.17,15.18,1266200
MEOH,20110310,28.9,28.9,27.73,28.76,450700
MERC,20110310,13.12,13.12,12.42,12.61,1153800
MERU,20110310,21.76,21.89,20.98,21.16,74800
METR,20110310,12.43,12.47,11.82,11.82,31700
MFI,20110310,4.56,4.65,4.48,4.6,1700
MFLR,20110310,8.85,8.95,8.85,8.92,300
MFLX,20110310,27.56,27.88,26.87,27.14,83600
MFNC,20110310,6,6,6,6,300
MFRI,20110310,11.75,11.75,11.15,11.15,6400
MFSF,20110310,9.35,9.35,9.29,9.29,2400
MGAM,20110310,5.6,5.61,5.48,5.5,123300
MGEE,20110310,40.97,41.11,40.37,40.37,70400
MGIC,20110310,6.31,6.34,6.07,6.11,489900
MGLN,20110310,47.22,47.51,46.07,46.63,337800
MGPI,20110310,8.53,8.66,8.48,8.48,28900
MGRC,20110310,26.58,26.86,26.02,26.26,99400
MGYR,20110310,4.06,4.06,4.06,4.06,500
MHGC,20110310,8.53,8.53,8.26,8.37,133100
MHLD,20110310,7.6,7.67,7.3,7.57,783600
MIDD,20110310,87.45,88.09,86.01,86.22,115500
MIND,20110310,11,11.14,10.95,11,17600
MINI,20110310,22.3,22.4,21.9,21.95,115900
MITL,20110310,5.04,5.2,5.02,5.2,9700
MKSI,20110310,30.01,30.44,29.29,29.53,575900
MKTAY,20110310,40.84,41.28,40.84,41.09,2300
MKTX,20110310,21.71,21.87,21.39,21.39,107800
MLAB,20110310,29.33,29.33,29.09,29.09,500
MLHR,20110310,26.24,26.24,25.37,25.56,304900
MLNK,20110310,6.78,6.8,6.5,6.53,369100
MLNX,20110310,25.48,25.71,25.21,25.43,103200
MLVF,20110310,8.5,8.5,8.5,8.5,100
MMLP,20110310,37.8,38,36.36,37.21,159000
MMSI,20110310,14.128,14.136,13.896,14.032,233700
MMUS,20110310,4.93,4.93,4.93,4.93,0
MMYT,20110310,25.89,26.32,25.34,25.55,163100
MNDO,20110310,3.15,3.15,2.95,3.13,202900
MNKD,20110310,3.8,3.87,3.71,3.83,1030700
MNOV,20110310,4.06,5,4.06,4.82,31100
MNRK,20110310,6.6667,6.8083,6.6,6.8083,3100
MNRO,20110310,31.51,31.9,30.92,31.06,233500
MNST,20110310,27.905,28.255,27.735,28.185,694800
MNTA,20110310,14.12,14.13,13.56,13.61,590100
MNTG,20110310,2.67,2.7,2.65,2.66,33800
MNTX,20110310,5.5,5.67,5.5,5.6,77600
MOBI,20110310,9.33,9.42,9.01,9.17,165600
MOCO,20110310,12.8,12.8,12.48,12.8,10400
MOFG,20110310,14.65,14.79,14.46,14.46,32300
MOLX,20110310,26.66,26.66,25.89,25.95,1368600
MOLXA,20110310,21.97,21.97,21.36,21.49,355600
MORN,20110310,58.03,58.03,57,57.41,51600
MOSY,20110310,5.67,5.69,5.45,5.51,106000
MOVE,20110310,8.6,8.92,8.52,8.76,714500
MPAA,20110310,13.53,13.94,13.4,13.48,22900
MPAC,20110310,4.83,4.96,4.8,4.96,4400
MPB,20110310,9,9,9,9,0
MPEL,20110310,7.3,7.64,7.12,7.34,7367100
MPET,20110310,2.73,2.77,2.55,2.64,482200
MPWR,20110310,13.69,14,13.52,13.71,334500
MRCY,20110310,18.72,18.84,18.51,18.53,140200
MRGE,20110310,4.61,4.63,4.4,4.44,420500
MRLN,20110310,12.34,12.34,11.93,11.93,13100
MRTN,20110310,21.3,21.43,21.07,21.22,80100
MRVL,20110310,15.88,16.19,15.71,15.84,18812900
MSBF,20110310,5.33,5.33,5.31,5.31,200
MSCC,20110310,21.14,21.2,20.61,20.62,1127200
MSEX,20110310,17.86,18.2,17.76,17.8,57200
MSFG,20110310,9.79,9.79,9.12,9.13,54200
MSFT,20110310,25.62,25.71,25.35,25.41,66557500
MSG,20110310,28.06,28.1,27.42,27.48,172900
MSON,20110310,2.11,2.17,2.1,2.17,2600
MSPD,20110310,7.52,7.67,7.45,7.51,893100
MSTR,20110310,119.92,120.01,117.64,119.1,80700
MTEX,20110310,18.9,19,18.1,18.8,31300
MTRX,20110310,14.25,14.31,13.4,13.44,217800
MTSC,20110310,46.35,46.61,45.02,45.24,75000
MTSL,20110310,1.74,1.87,1.74,1.76,4300
MTSN,20110310,2.38,2.41,2.32,2.38,406800
MU,20110310,10.06,10.14,9.65,9.93,69384000
MVIS,20110310,12.24,12.32,11.92,11.92,683900
MVISW,20110310,0.45,0.45,0.45,0.45,500
MWIV,20110310,77.32,77.6,75.84,76.99,136900
MXIM,20110310,25.38,25.73,25.03,25.44,3236600
MXWL,20110310,16.35,16.41,15.82,15.97,212600
MYGN,20110310,18.82,18.93,18.47,18.54,797200
MYL,20110310,22.37,22.54,22.05,22.33,3766700
MYRG,20110310,23.6,25.84,23.5,24.74,516300
NAFC,20110310,39.28,39.31,38,38.13,66900
NAII,20110310,5.42,5.5,5.42,5.5,4100
NANO,20110310,16.83,16.83,16.05,16.24,529900
NASB,20110310,14.17,14.67,14.02,14.02,9700
NATH,20110310,17.11,17.18,17.11,17.15,7000
NATI,20110310,30.6,30.6,29.9,30.44,551600
NATL,20110310,20.43,20.63,20.24,20.24,28100
NATR,20110310,8.21,8.21,7.94,8,9200
NAUH,20110310,7.05,7.1,6.69,6.95,40700
NAVG,20110310,51.59,51.61,50.25,50.57,53300
NAVR,20110310,1.96,1.98,1.93,1.95,58500
NBBC,20110310,5,5.05,5,5,16600
NBIX,20110310,7,7.04,6.75,6.87,362400
NBN,20110310,15,15,15,15,0
NBTB,20110310,22.48,22.52,22.13,22.17,92900
NBTF,20110310,20,20,20,20,0
NCBC,20110310,4.61,4.61,4.61,4.61,100
NCIT,20110310,22.75,22.84,22.16,22.41,25400
NCMI,20110310,17.98,18.42,17.72,17.96,233100
NCTY,20110310,6.58,6.61,6.45,6.53,76600
NDAQ,20110310,27.51,27.54,26.95,26.98,2118200
NDSN,20110310,54.28,54.67,52.24,52.44,256800
NECB,20110310,5.86,5.92,5.86,5.92,700
NEOG,20110310,40.03,40.07,38.72,39.46,85400
NEPT,20110310,2.39,2.47,2.3,2.3,20300
NETC,20110310,10.06,10.06,9.86,9.99,29800
NEWL,20110310,2.43,2.43,2.34,2.34,400
NEWP,20110310,17,17,16.31,16.47,430300
NEWS,20110310,10.35,10.38,9.87,9.99,77700
NEWT,20110310,1.78,1.8,1.78,1.8,5500
NFBK,20110310,13.23,13.27,12.86,12.87,31600
NFEC,20110310,3.75,3.77,3.6,3.67,4000
NFLX,20110310,191.08,203.74,188.89,200.02,9990100
NFSB,20110310,14.2,14.43,14.2,14.43,1200
NGPC,20110310,9.71,9.75,9.51,9.69,85100
NHTB,20110310,13.45,13.45,13.21,13.33,2100
NICE,20110310,32.51,33.27,32.4,33,226300
NICK,20110310,12.22,12.35,12.12,12.21,9300
NIHD,20110310,38.45,38.5,37.79,37.96,1669600
NILE,20110310,53.36,55.2,52.59,52.84,186200
NINE,20110310,1.36,1.36,1.36,1.36,0
NKSH,20110310,28.32,28.44,27.87,27.98,10100
NKTR,20110310,8.92,9.1,8.72,8.76,1130200
NLST,20110310,2.32,2.87,2.26,2.61,3300800
NMRX,20110310,8.63,8.72,8.5,8.62,25900
NNBR,20110310,13.46,14.46,10.55,14,733500
NOVB,20110310,10.56,10.56,10.56,10.56,0
NPBC,20110310,7.85,8.02,7.7,7.74,561500
NPSP,20110310,7.77,7.78,7.4,7.43,783000
NRCI,20110310,32.52,33.8,30.95,32.58,22200
NRIM,20110310,18.45,18.52,18.45,18.5,2200
NSEC,20110310,12.62,13,12.6,13,2000
NSIT,20110310,17.71,17.88,17.05,17.08,172900
NSPH,20110310,3.11,3.15,3.08,3.1,90500
NSSC,20110310,2.21,2.23,2.2,2.21,9700
NSYS,20110310,4.75,4.75,4.49,4.49,500
NTAP,20110310,48.75,48.75,46.57,48.41,24876100
NTCT,20110310,26.34,26.8,26.15,26.5,453200
NTES,20110310,46.38,47.5,45.92,47.33,951500
NTGR,20110310,30.92,31.53,30.59,31.43,359000
NTIC,20110310,15.97,15.99,15.95,15.99,1600
NTLS,20110310,19.05,19.05,18.59,18.59,172500
NTRI,20110310,14,14.1,13.75,14.01,513600
NTRS,20110310,51.41,51.53,50.68,50.94,1370400
NTSC,20110310,7.45,7.45,7.22,7.3,9000
NTSP,20110310,11.51,11.52,10.83,11.19,186000
NTWK,20110310,17.7,18,16.8,17.1,1050600
NUAN,20110310,17.4,17.65,17.12,17.17,2779400
NUCL,20110310,44.81,45.2,44.55,44.55,2300
NURO,20110310,3.06,3.06,2.94,3,120400
NUTR,20110310,14.41,14.48,14.1,14.14,30500
NUVA,20110310,27.31,27.55,26.73,26.8,393000
NVAX,20110310,2.58,2.63,2.5,2.5,1310000
NVDA,20110310,18.7,18.84,17.9,17.92,43110600
NVEC,20110310,54.15,54.15,52.51,53.55,61600
NVGN,20110310,0.75,0.75,0.63,0.66,27100
NVMI,20110310,9.76,9.8,9.09,9.24,353600
NVSL,20110310,8.57,8.57,8.54,8.54,3600
NVTL,20110310,5.75,5.81,5.62,5.68,1118500
NWBI,20110310,12.36,12.36,12.08,12.12,547700
NWFL,20110310,27.35,27.35,27.35,27.35,0
NWLI,20110310,168.17,168.17,164.6,164.6,1700
NWPX,20110310,22.44,22.44,21.18,21.24,40900
NWS,20110310,17.78,18,17.45,17.74,3959800
NWSA,20110310,16.63,17.03,16.39,16.79,18734600
NXPI,20110310,26.34,27.44,25.32,26.51,1859900
NXST,20110310,7.36,7.87,6.93,6.97,83800
NXTM,20110310,21.16,21.35,20.57,21,512600
NYMT,20110310,7.05,7.08,6.98,7.05,26600
NYMX,20110310,6.73,6.73,6.3,6.49,39800
NYNY,20110310,0.68,0.69,0.67,0.68,46700
OABC,20110310,15.69,15.93,15.6,15.68,45800
OBAF,20110310,14.08,14.25,14.08,14.08,6900
OBAS,20110310,8.1,8.25,7.85,8.25,17500
OBCI,20110310,1.9,1.9,1.82,1.89,3500
OCFC,20110310,13.63,13.63,13.18,13.34,34600
OCLR,20110310,13.26,13.34,12.73,12.81,3987100
OCLS,20110310,14.07,14.21,13.72,14.14,59400
OCZ,20110310,8.28,8.4,7.89,8.06,767100
ODFL,20110310,21.7,21.8533,21.34,21.5667,482300
OFED,20110310,12.98,12.99,12.41,12.5,2400
OFIX,20110310,32.33,32.47,30.88,31.75,131100
OFLX,20110310,12.99,13,12.9,12.97,3300
OGXI,20110310,15.51,15.51,15.31,15.31,25300
OIIM,20110310,7.88,7.88,7.5,7.65,401800
OINK,20110310,5.09,5.09,4.76,4.92,65100
OKSB,20110310,13.58,13.66,13.45,13.55,52300
OKSBP,20110310,27.58,27.58,27.57,27.57,600
OLBK,20110310,9.2,9.2,9.2,9.2,0
OMAB,20110310,14.75,15.08,14.42,14.55,46100
OMCL,20110310,13.71,13.71,13.5,13.62,118400
OMER,20110310,6.32,6.58,6.26,6.41,93700
OMEX,20110310,2.64,2.69,2.58,2.59,202100
OMPI,20110310,11.5,11.51,11.23,11.24,70400
ONCY,20110310,6.1,6.11,5.5,6.1,362200
ONEQ,20110310,106.88,107.04,106.1,106.47,18900
ONFC,20110310,8.9,8.9,8.8,8.8,3200
ONNN,20110310,10.09,10.32,9.96,10.19,6819400
ONTY,20110310,3.25,3.43,3.21,3.35,289600
ONVI,20110310,4.32,4.39,4.3,4.3,1400
ONXX,20110310,36.04,36.48,35.51,36.17,475200
OPEN,20110310,86.35,89.02,84.62,88.94,1173000
OPHC,20110310,2.5,2.82,2.5,2.82,1100
OPLK,20110310,22.36,22.71,21.49,21.51,659100
OPOF,20110310,11.53,11.77,11.53,11.67,700
OPTR,20110310,11.73,11.81,11.6,11.67,272900
OPTT,20110310,4.97,5.01,4.95,5.01,13100
OPXA,20110310,6.96,7.12,6.84,6.96,58000
ORBC,20110310,3.36,3.39,3.16,3.28,82000
ORBK,20110310,13.65,13.66,13.4,13.61,118000
ORBT,20110310,3.31,3.35,3.06,3.08,53300
ORCL,20110310,32.4,32.46,31.51,31.8,29054200
OREX,20110310,2.78,2.86,2.63,2.72,1558500
ORIT,20110310,12.39,12.46,12.25,12.27,240400
ORLY,20110310,55.48,55.95,55.27,55.73,987200
ORRF,20110310,26.02,26.13,25.6,25.6,12100
OSBC,20110310,0.89,0.92,0.89,0.9,28500
OSBCP,20110310,2.71,2.72,2.7,2.7,2500
OSHC,20110310,12.11,12.11,12.11,12.11,200
OSIR,20110310,6.57,6.57,6.27,6.46,176200
OSIS,20110310,37.53,38.09,37.45,37.73,137500
OSN,20110310,3.9,3.91,3.4,3.74,63200
OSTK,20110310,15.46,15.46,15.09,15.21,118200
OSUR,20110310,7.15,7.15,6.67,6.79,255600
OTEX,20110310,56.34,56.47,54.73,56.17,468200
OTIV,20110310,2.64,2.7,2.57,2.58,232200
OTT,20110310,19.7,19.74,19.47,19.48,45400
OTTR,20110310,22.61,22.61,22.12,22.2,151200
OUTD,20110310,7.41,7.49,7.32,7.32,43500
OVBC,20110310,21.03,21.03,21.03,21.03,0
OVLY,20110310,5.98,5.98,5.98,5.98,0
OVRL,20110310,1.63,1.69,1.51,1.51,5400
OVTI,20110310,30.87,31.47,29.64,30.61,2445400
OXBT,20110310,2.2,2.2,2.01,2.06,35400
OXGN,20110310,0.14,0.14,0.14,0.14,0
OXLC,20110310,19,19,18.75,19,3600
OZRK,20110310,21.865,21.975,21.655,21.835,117000
PAAS,20110310,36.22,36.39,34.9,35.29,2972200
PACB,20110310,14.11,14.24,13.6,13.98,346700
PACR,20110310,5.17,5.29,5.06,5.06,544500
PACW,20110310,20.94,21.01,20.61,20.71,241200
PAGG,20110310,31.89,31.89,31.33,31.37,51300
PANL,20110310,40.83,40.85,39.08,39.4,467200
PATH,20110310,7.8,7.84,7.67,7.8,22800
PATK,20110310,2.27,2.37,2.2,2.32,3000
PATR,20110310,26.45,26.79,25.88,25.88,6900
PAYX,20110310,33.4,33.66,33.28,33.47,2774200
PBCT,20110310,12.59,12.63,12.51,12.56,3009700
PBHC,20110310,10.15,10.15,10.15,10.15,0
PBIB,20110310,8.16,8.27,8.12,8.12,5200
PBIP,20110310,6.5,6.5,6.5,6.5,0
PCAR,20110310,48.03,48.15,47.04,47.62,3363300
PCBK,20110310,9.68,9.68,9.5,9.51,69000
PCCC,20110310,8.29,8.3,8.15,8.17,35500
PCH,20110310,37.29,37.52,36.32,36.68,284500
PCLN,20110310,461.25,468.69,457.22,464.41,1325800
PCOM,20110310,9.95,9.95,9.63,9.77,73500
PCRX,20110310,6.9,6.91,6.8,6.8,1600
PCTI,20110310,7.2,7.2,6.76,6.8,54100
PCYC,20110310,5.07,5.2,5.07,5.11,473900
PCYO,20110310,4.05,4.25,3.92,4.25,18500
PDCO,20110310,32.59,32.67,32.23,32.43,1278600
PDEX,20110310,2.39,2.39,2.24,2.38,20600
PDFS,20110310,6.62,6.62,6.06,6.4,374900
PDII,20110310,8.63,8.63,8.09,8.18,46000
PDLI,20110310,5.52,5.58,5.46,5.51,3364900
PEBK,20110310,6.8,6.8,6.65,6.65,400
PEBO,20110310,12.57,12.58,12.16,12.16,22300
PEGA,20110310,37.25,37.27,35.03,36.1,212700
PEIX,20110310,0.71,0.71,0.68,0.7,1573200
PENN,20110310,36.8,36.87,36.04,36.13,319500
PENX,20110310,5.85,5.95,5.83,5.87,61500
PEOP,20110310,13.93,14.1,13.93,14.01,4900
PERF,20110310,9.5,9.6,9.25,9.59,2500
PERY,20110310,26.8,27.46,26.56,26.91,261700
PESI,20110310,1.41,1.44,1.38,1.43,61300
PETM,20110310,41.2,41.38,40.9,41.28,748600
PETS,20110310,15.12,15.12,14.9,14.94,417100
PFBC,20110310,1.51,1.54,1.51,1.51,19500
PFBI,20110310,7.81,7.81,7.5,7.54,6600
PFBX,20110310,16.28,16.79,16.28,16.79,300
PFIN,20110310,3.28,3.28,3.28,3.28,0
PFSW,20110310,3.27,3.33,3.2,3.27,56400
PGC,20110310,13.1,13.1,12.83,12.91,14600
PGNX,20110310,6,6.02,5.89,5.95,148700
PGTI,20110310,2.28,2.31,2.25,2.25,51500
PHII,20110310,22.28,22.28,21.03,21.81,500
PHIIK,20110310,20.61,20.68,19.5,19.72,28500
PHMD,20110310,5.6,5.6,5.6,5.6,1400
PICO,20110310,29.32,29.51,28.69,28.88,101200
PKBK,20110310,9.7,9.75,9.7,9.7,1200
PKOH,20110310,20.29,20.32,19.42,19.76,41200
PLAB,20110310,8.92,8.98,8.61,8.62,1017600
PLBC,20110310,3.3,3.3,3.3,3.3,500
PLCC,20110310,1.17,1.21,1.14,1.21,11400
PLCE,20110310,47.85,48.24,46.85,47.08,1023400
PLCM,20110310,23.66,24.085,23.335,23.62,841400
PLNR,20110310,2.74,2.75,2.64,2.67,30100
PLPC,20110310,64.04,64.08,59.85,60.15,68600
PLTM,20110310,32.71,32.71,31.78,31.78,15800
PLUG,20110310,0.7,0.7,0.66,0.67,680300
PLUS,20110310,27.6,27.62,26.57,26.57,14600
PLXS,20110310,29.28,29.33,28.84,28.84,297900
PLXT,20110310,3.65,3.67,3.56,3.57,220000
PMBC,20110310,4.5,4.5,4.38,4.41,12900
PMCS,20110310,7.71,7.87,7.65,7.78,4190500
PMD,20110310,9,9.04,8.92,9,4900
PMFG,20110310,17.5,17.59,16.39,16.5,33100
PMNA,20110310,12.35,12.5,12.22,12.26,33400
PMTC,20110310,22.84,22.95,22.21,22.3,1193200
PMTI,20110310,15.16,15.35,14.46,14.71,94300
PNBK,20110310,2.25,2.25,2.25,2.25,500
PNFP,20110310,16.13,16.13,15.51,15.62,226200
PNNT,20110310,12.39,12.4,12.11,12.25,669000
PNQI,20110310,36.29,36.73,36.13,36.48,5600
PNRA,20110310,120,122.3,119.24,121.13,412600
PNRG,20110310,28.35,28.35,26.6,26.96,8400
PNTR,20110310,5.82,5.82,5.82,5.82,100
PODD,20110310,17.86,17.89,17.56,17.66,381700
POOL,20110310,24.64,24.85,24.34,24.62,254600
POPE,20110310,42.16,43.47,41.7,42,2500
POWI,20110310,38.09,38.87,37.61,37.67,281200
POWL,20110310,36.3,37.04,36.12,36.42,43100
POWR,20110310,8.9,8.91,8,8.11,513600
POZN,20110310,4.86,4.89,4.59,4.67,192100
PPBI,20110310,6.89,6.9,6.8,6.9,1800
PPHM,20110310,2.39,2.41,2.31,2.32,343000
PRAA,20110310,83.14,83.19,80.84,81,85000
PRAN,20110310,1.47,1.52,1.46,1.46,20100
PRCP,20110310,6.69,6.75,6.56,6.69,12300
PRFT,20110310,11.77,11.86,11.53,11.66,96200
PRFZ,20110310,67,67.12,66.15,66.34,167700
PRGO,20110310,75.67,77.19,74.55,77.19,920300
PRGS,20110310,27.84,27.84,27.27,27.33,360800
PRGX,20110310,6,6.03,5.86,5.97,42900
PRIM,20110310,8.85,8.86,8.6,8.68,59100
PRKR,20110310,0.71,0.75,0.68,0.75,504100
PRLS,20110310,3.25,3.25,3.22,3.25,6300
PRMW,20110310,10.19,11.94,10.17,11.78,273700
PROV,20110310,8.55,8.64,8.43,8.44,22700
PRPH,20110310,1.3,1.3,1.26,1.26,3800
PRSC,20110310,13.38,15.74,13.38,15.68,216600
PRTS,20110310,7.23,7.24,6.97,7.09,208700
PRXI,20110310,1.64,1.71,1.63,1.66,175800
PRXL,20110310,24.48,25.14,24.25,25.06,744700
PSAU,20110310,47.01,47.42,46.02,46.03,18400
PSBH,20110310,5.29,5.29,5.29,5.29,0
PSDV,20110310,3.9,3.94,3.78,3.9,94200
PSEC,20110310,12.08,12.08,11.66,11.92,1953500
PSEM,20110310,9.54,9.54,9.06,9.11,91000
PSMT,20110310,34.76,35.21,34.55,34.6,101400
PSTB,20110310,5,5.03,4.9,5,76400
PSTI,20110310,2.43,2.46,2.36,2.4,88000
PSTR,20110310,5.31,5.53,5.02,5.4,97800
PSUN,20110310,4.37,4.37,4.22,4.26,577100
PTEK,20110310,0.62,0.62,0.62,0.62,0
PTEN,20110310,26.5,26.5,25.77,26.05,1978100
PTIE,20110310,7.97,8.08,7.72,8.01,299200
PTIX,20110310,1.98,1.99,1.9,1.97,17300
PTNR,20110310,18.7,18.8,18.59,18.76,188100
PTRY,20110310,14.65,14.77,14.39,14.61,144500
PTSI,20110310,11.65,11.65,11.35,11.45,9000
PTSX,20110310,0.57,0.65,0.57,0.65,4200
PULB,20110310,7.15,7.41,7.15,7.41,5500
PURE,20110310,1.84,1.98,1.84,1.87,144000
PVFC,20110310,1.92,1.92,1.88,1.88,4200
PVTB,20110310,15.31,15.4,14.9,15.1,367200
PVTBP,20110310,26.3,26.39,26.15,26.15,9900
PWER,20110310,7.8,7.83,7.55,7.81,4531300
PWOD,20110310,38.6,38.6,38.2,38.2,3200
PWRD,20110310,22.61,22.8,22.05,22.55,644900
PWX,20110310,15.58,15.68,15.58,15.68,600
PXLW,20110310,3.49,3.53,3.47,3.5,22200
PZZA,20110310,30.35,30.76,30,30.32,135900
PZZI,20110310,2,2.03,1.95,2.01,32900
QABA,20110310,24.9,24.9,24.74,24.78,4000
QADA,20110310,8.85,9.14,8.49,8.68,51800
QADB,20110310,8.64,8.75,8.54,8.55,17400
QBAK,20110310,1.81,1.83,1.8,1.8,3100
QCCO,20110310,4.04,4.1,3.66,3.72,51500
QCLN,20110310,16.12,16.12,15.88,15.91,8700
QCOM,20110310,54.42,54.97,53.84,54.04,22128900
QCOR,20110310,13.37,14.01,12.97,13.73,2487200
QCRH,20110310,7.75,7.75,7.75,7.75,0
QDEL,20110310,12.01,12.13,11.8,11.87,183700
QGEN,20110310,20.33,20.41,20.13,20.36,1492100
QKLS,20110310,71.04,71.04,65.04,67.68,49200
QLGC,20110310,17.64,17.7,17.43,17.62,2185000
QLIK,20110310,23.42,23.55,23.11,23.34,2123600
QLTI,20110310,6.98,7.08,6.81,6.81,140300
QLTY,20110310,9.76,10.94,9.7,10.58,294000
QNST,20110310,23.68,23.68,23,23.37,155600
QQEW,20110310,24.46,24.49,24.21,24.31,110200
QQQ,20110310,56.4,56.52,55.91,56.14,102991500
QQQX,20110310,14.93,14.97,14.75,14.82,58400
QQXT,20110310,21.62,21.75,21.6,21.7,3000
QSII,20110310,40.915,41.095,40.275,40.98,277100
QTEC,20110310,26.46,26.49,26.13,26.26,267700
QTWW,20110310,4.78,4.78,4.45,4.53,128900
QUIK,20110310,4.74,4.81,4.57,4.76,487700
RADA,20110310,3.05,3.08,3,3.07,11100
RAIL,20110310,29.35,29.35,28.71,29.07,122600
RAND,20110310,3.5,3.5,3.5,3.5,0
RAVN,20110310,27.715,28.275,26.55,26.75,78700
RBCAA,20110310,17.99,18.07,17.78,17.99,75400
RBCN,20110310,24.5,25.6,24.29,24.97,1495000
RBNF,20110310,3.49,3.51,3.49,3.49,2900
RBPAA,20110310,1.74,1.75,1.72,1.72,800
RCII,20110310,33.81,34.25,33.42,33.48,614500
RCKB,20110310,16.34,16.34,16.34,16.34,0
RCKY,20110310,14,14.11,13.36,13.58,134500
RCMT,20110310,5.08,5.1,5.01,5.09,22800
RCON,20110310,4.44,4.44,4.2,4.28,4400
RDA,20110310,13.09,13.35,12.93,13.18,12000
RDCM,20110310,10.57,11,10.25,10.45,43900
RDEN,20110310,28.77,28.82,28.4,28.49,100800
RDI,20110310,4.91,4.97,4.91,4.94,4300
RDIB,20110310,8.13,8.13,8.13,8.13,0
RDNT,20110310,3.48,3.48,3.33,3.4,330200
RDWR,20110310,18.225,18.99,18.01,18.735,577400
RECN,20110310,20.34,20.34,19.14,19.26,209900
REDF,20110310,6.26,6.4,5.77,5.93,616900
REFR,20110310,6.72,6.72,6.34,6.34,107300
REGN,20110310,39.15,39.81,38.71,39.3,450900
REIS,20110310,7.43,7.45,7.26,7.35,1700
RELL,20110310,13,13.02,12.83,12.98,113200
RELV,20110310,2.01,2.06,2.01,2.02,800
RENT,20110310,25.8,25.88,24.85,24.88,38500
REXI,20110310,6.7,6.76,6.43,6.67,10300
REXX,20110310,11.52,11.58,10.86,11.11,867100
RFIL,20110310,3.79,3.95,3.755,3.875,16200
RFMD,20110310,6.21,6.36,6.05,6.3,16215300
RGCO,20110310,16,16,16,16,0
RGDX,20110310,2.27,2.27,2.27,2.27,700
RGEN,20110310,3.39,3.52,3.31,3.49,135700
RGLD,20110310,49.18,49.37,48,48.04,627200
RICK,20110310,10.43,10.43,10,10,93200
RIGL,20110310,7.12,7.15,6.91,6.96,243200
RIMG,20110310,15.3,15.3,14.85,14.85,30200
RITT,20110310,6.71,6.71,6.17,6.17,4200
RIVR,20110310,15.3,15.3,15.3,15.3,0
RJET,20110310,6.06,6.29,6,6.26,474600
RLOC,20110310,17.79,17.79,17.02,17.26,83900
RLOG,20110310,7.78,8,7.31,8,27500
RMBS,20110310,19.68,19.7,19.31,19.32,693700
RMCF,20110310,10.36,10.44,10.3,10.44,11700
RMKR,20110310,1.16,1.19,1.07,1.19,5200
RMTI,20110310,8.83,9.02,8.83,8.89,11800
RNET,20110310,17.82,18.24,17.13,17.34,152700
RNIN,20110310,5.9,6,5.5,5.75,42900
RNST,20110310,15.51,15.65,15.46,15.49,60300
RNWK,20110310,3.76,3.78,3.65,3.66,345700
ROCK,20110310,10.75,10.8,10.38,10.62,103600
ROCM,20110310,10.93,11.03,10.73,10.81,40100
ROIA,20110310,2.1,2.1,1.96,2.05,7300
ROIAK,20110310,2.02,2.02,1.91,1.99,666400
ROIC,20110310,10.99,11.03,10.85,10.88,234000
ROICW,20110310,1,1.02,0.97,1.02,8100
ROLL,20110310,35.95,35.95,34.3,34.67,171000
ROMA,20110310,10.6,10.65,10.6,10.6,34700
ROSE,20110310,41.5,41.72,39.3,40.84,1086700
ROSG,20110310,8.7,8.85,8.4,8.55,42500
ROST,20110310,35.325,35.43,35.055,35.28,1017900
ROVI,20110310,53.4,54.47,53.15,53.87,1516100
ROYL,20110310,5.77,6.46,5.57,5.67,6893500
RP,20110310,24.69,24.99,24.52,24.71,198900
RPRX,20110310,6.59,6.66,6.37,6.43,302500
RPTP,20110310,3.64,3.65,3.52,3.56,150700
RRD,20110310,18.58,19.05,18.52,18.86,4835200
RRGB,20110310,24.37,24.5,23.98,24.19,217600
RRST,20110310,7.44,7.49,7.31,7.4,5400
RSOL,20110310,2.65,2.66,2.5,2.6,28200
RSTI,20110310,38.02,38.15,36.47,36.74,219800
RSYS,20110310,8.5,8.6,8.49,8.5,87500
RTEC,20110310,10.13,10.25,9.65,9.79,435900
RTIX,20110310,2.75,2.81,2.66,2.7,965200
RUE,20110310,31.7,32.11,31.64,31.74,109700
RUSHA,20110310,18.25,18.99,18.25,18.69,202100
RUSHB,20110310,16,16.25,16,16.1,8100
RUTH,20110310,4.93,4.95,4.84,4.86,183600
RVBD,20110310,40.18,41.64,38.71,40.96,3712800
RVSB,20110310,3.06,3.12,3.05,3.05,17100
RYAAY,20110310,28.47,28.66,28.05,28.44,686600
SAAS,20110310,3.38,3.45,3.26,3.38,85600
SAFM,20110310,42.7,45.89,42.6,45.83,1978800
SAFT,20110310,47,47,45.51,45.8,107800
SAIA,20110310,15.19,15.19,14.9,14.97,47800
SALM,20110310,3.83,3.87,3.83,3.85,400
SANM,20110310,14.36,14.41,14.09,14.16,787100
SANW,20110310,4.4,4.45,4.4,4.45,29600
SANWW,20110310,0.45,0.45,0.45,0.45,0
SANWZ,20110310,0.17,0.17,0.17,0.17,0
SAPE,20110310,11.39,11.43,10.97,11.1,961000
SASR,20110310,17.61,17.8,17.31,17.48,69900
SATS,20110310,36.05,36.08,34.93,35.33,294700
SBAC,20110310,41.08,41.29,40.49,40.68,1094700
SBBX,20110310,5.8,5.87,5.8,5.82,5600
SBCF,20110310,1.63,1.65,1.61,1.64,142200
SBGI,20110310,12.47,12.78,12.35,12.5,597200
SBLK,20110310,36.75,37.35,36.15,36.6,107100
SBNY,20110310,55.18,55.43,54.5,54.5,286600
SBNYW,20110310,33.47,33.47,33.47,33.47,100
SBRA,20110310,17.62,17.67,17.25,17.65,100200
SBSA,20110310,1.1,1.1,0.93,0.99,418300
SBSI,20110310,21.28,21.33,20.96,21.16,54300
SBUX,20110310,37.08,38.21,36.94,37.97,36104700
SCBT,20110310,31.5,31.62,31.37,31.41,26200
SCHL,20110310,30.1,30.28,29.39,29.7,223500
SCHN,20110310,61.3,61.42,60.4,60.91,228000
SCLN,20110310,4.34,4.34,4.06,4.12,289800
SCMP,20110310,4.12,4.12,4,4.08,33700
SCOK,20110310,10.75,10.84,10.47,10.5,201200
SCON,20110310,36,36.48,33.12,33.72,1969500
SCOR,20110310,28.12,28.12,27.25,27.54,147800
SCSC,20110310,36,36.1,35.52,35.8,113200
SCSS,20110310,12.17,12.19,11.64,11.77,727300
SCVL,20110310,18.8467,19.2,18.2067,18.6133,148800
SDBT,20110310,2.6,2.66,2.6,2.61,1700
SDIX,20110310,2.09,2.17,2.05,2.09,33300
SEAC,20110310,9.09,9.3,9.05,9.14,125400
SEED,20110310,8.4,8.4,8.12,8.2,174000
SEIC,20110310,22.39,22.6,22.09,22.29,907200
SENEA,20110310,28.21,28.55,27.91,27.91,20300
SENEB,20110310,28.41,28.41,28.03,28.03,400
SFLY,20110310,40.78,41.11,39.92,40.37,222600
SFNC,20110310,28.13,28.35,27.65,27.92,32700
SFST,20110310,8.31,8.31,8.02,8.13,4300
SGC,20110310,11.24,11.25,11.24,11.25,1100
SGEN,20110310,14.77,14.93,14.25,14.3,913000
SGI,20110310,19.46,19.59,18.55,19.55,939800
SGMA,20110310,6.3,6.3,5.56,5.56,56000
SGMO,20110310,7.59,7.75,7.2,7.26,704500
SGMS,20110310,9.02,9.16,8.87,9.01,1007800
SGOC,20110310,4.7,4.7,4.55,4.55,21900
SGRP,20110310,1.87,2.38,1.85,2.34,52400
SHBI,20110310,9.77,9.9,9.75,9.9,14000
SHEN,20110310,16.67,16.67,15.9,15.95,46700
SHFL,20110310,8.91,9.24,8.65,9.05,686500
SHIP,20110310,0.75,0.76,0.74,0.75,116900
SHLD,20110310,83.18,83.82,82.5,83.31,487500
SHLM,20110310,22.33,22.47,22.18,22.34,181200
SHLO,20110310,11.8,11.96,11.58,11.58,13400
SHOO,20110310,30.4533,31.14,29.66,30.8333,522800
SHOR,20110310,6.99,7.07,6.88,7,217000
SIAL,20110310,62.16,62.55,61.63,61.85,727300
SIEB,20110310,1.8,1.81,1.8,1.8,1500
SIFI,20110310,9.4,9.43,9.4,9.41,48800
SIFY,20110310,3.08,3.2,2.9,2.9,951100
SIGA,20110310,13.89,13.9,11.73,12.56,2024100
SIGI,20110310,17.45,17.49,17.04,17.16,157600
SIGM,20110310,11.59,11.59,11.29,11.37,343600
SILC,20110310,16.85,16.9,16.45,16.65,31800
SIMG,20110310,9.24,9.27,8.9,9,2418800
SIMO,20110310,8.28,8.28,7.7,7.83,399800
SINA,20110310,88.12,92.76,86.66,92.24,3223800
SINO,20110310,2.23,2.23,2.15,2.15,7300
SIRI,20110310,1.77,1.79,1.75,1.77,34962100
SIRO,20110310,51.23,52.86,49.86,50.34,298500
SIVB,20110310,53.93,54.35,53.42,53.55,745000
SIVBO,20110310,24.75,24.79,24.52,24.79,900
SKBI,20110310,7.41,7.41,7.2,7.29,10600
SKYW,20110310,16.83,17.09,16.59,16.86,404200
SLAB,20110310,43.1,43.39,42.53,43.11,333400
SLGN,20110310,36.66,36.71,36.1,36.33,318700
SLMAP,20110310,43.96,44,43.57,43.97,5700
SLP,20110310,3.15,3.19,3.12,3.12,25800
SLRC,20110310,24.13,24.17,23.64,24.09,197700
SLTC,20110310,5.46,5.8,5.45,5.75,4200
SLTM,20110310,3.15,3.15,3.05,3.05,286100
SLXP,20110310,32.19,32.58,31.82,32.54,1302900
SMBC,20110310,23.89,23.89,22.01,22.01,400
SMCI,20110310,15.2,15.24,14.82,14.94,168600
SMED,20110310,5.37,5.37,4.98,5.01,219800
SMIT,20110310,3.5,3.5,3.5,3.5,100
SMMF,20110310,4,4,4,4,1000
SMRT,20110310,9.2,9.75,8.9,9.33,477400
SMSI,20110310,8.52,8.58,8.35,8.44,598700
SMT,20110310,9.3,9.35,9.08,9.21,248500
SMTC,20110310,24.47,25.72,23.85,25.01,3582100
SMTX,20110310,3.25,3.28,2.91,2.96,805300
SNAK,20110310,3.48,3.48,3.31,3.33,177600
SNBC,20110310,4.18,4.22,4.05,4.1,18600
SNCR,20110310,31.56,31.96,30.9,31.49,302800
SNDK,20110310,45.35,45.67,44.43,44.93,8617100
SNFCA,20110310,1.69,1.69,1.68,1.68,600
SNHY,20110310,28.2867,28.9667,27.28,27.4333,85600
SNMX,20110310,6.5,6.69,6.04,6.06,199300
SNPS,20110310,27.38,27.58,26.84,27,1896300
SNTA,20110310,4.78,4.96,4.61,4.69,108100
SNTS,20110310,3.34,3.38,3.28,3.33,390800
SOCB,20110310,3.24,3.24,3.24,3.24,0
SODA,20110310,42.08,43.7,41.38,43.28,411600
SOFO,20110310,14.75,14.95,14.44,14.81,3000
SOHU,20110310,80.45,82.25,79,80.74,1006100
SOMH,20110310,9,9,9,9,1900
SONA,20110310,7.46,7.49,7.44,7.44,1800
SONC,20110310,8.99,9.21,8.92,9.1,796500
SONS,20110310,3.83,3.83,3.54,3.57,6028800
SORL,20110310,6.96,7.08,6.95,7.07,42500
SOXX,20110310,57.75,58.16,57.24,57.29,588300
SPAN,20110310,15.2,15.2,15.2,15.2,100
SPAR,20110310,6.46,6.46,6.19,6.42,159600
SPBC,20110310,11.17,11.4,11.03,11.14,18800
SPCHA,20110310,2,2,1.96,1.96,2600
SPCHB,20110310,2.28,2.28,2.28,2.28,300
SPEX,20110310,9.6,10.4,8,9,200800
SPIL,20110310,6.33,6.34,6.03,6.09,4477800
SPIR,20110310,4.81,5.05,4.51,4.55,31500
SPLS,20110310,20.06,20.31,19.91,20.23,13925900
SPMD,20110310,6.87,6.87,6.37,6.46,355300
SPNC,20110310,4.65,4.65,4.42,4.46,195100
SPNS,20110310,3.83,3.94,3.83,3.94,600
SPPI,20110310,7,7.6,6.93,7.58,4055100
SPPR,20110310,1.83,1.83,1.76,1.78,33200
SPPRO,20110310,29.08,29.5,28.5,28.56,1900
SPPRP,20110310,9.99,9.99,9.97,9.99,1000
SPRD,20110310,20.99,21.09,20.05,20.07,1923500
SPRO,20110310,2.28,2.35,2.27,2.35,1900
SPRT,20110310,6.03,6.03,5.68,5.78,193400
SPSC,20110310,15.21,15.31,14.89,15,12800
SPTN,20110310,15.06,15.12,14.57,14.68,140400
SPU,20110310,4.76,4.76,4.51,4.62,151800
SQI,20110310,14.56,14.96,13.9,14.26,10200
SQNM,20110310,5.73,5.76,5.47,5.56,3114900
SQQQ,20110310,109.32,111.84,108.52,110.48,1389000
SRCE,20110310,19.14,19.14,18.5,18.51,32500
SRCL,20110310,86.75,87.16,85.96,86.35,507200
SRDX,20110310,12.7,12.76,12.59,12.67,59000
SSBI,20110310,6.77,6.77,6.77,6.77,500
SSFN,20110310,6.07,6.07,6.07,6.07,0
SSNC,20110310,18.8,18.91,18.48,18.67,172100
SSRI,20110310,27.86,28.22,26.89,27.24,2435200
SSRX,20110310,15.3,15.41,15.18,15.35,86400
SSYS,20110310,45.83,45.83,43.71,45.26,647000
STAA,20110310,5.73,5.77,5.65,5.74,115800
STAN,20110310,18.4,18.4,17.5,18.01,82600
STBA,20110310,22.04,22.04,21.5,21.72,93200
STEC,20110310,20.57,20.58,18.8,18.82,2964000
STEI,20110310,7.6,7.88,7.5,7.75,1283200
STEL,20110310,13.76,13.76,13.31,13.34,48000
STEM,20110310,0.85,0.85,0.78,0.82,911300
STFC,20110310,16.76,16.89,16.66,16.73,29400
STKL,20110310,6.94,7.06,6.75,6.86,374600
STLD,20110310,17.85,18.18,17.38,17.85,5347500
STLY,20110310,5.71,5.78,5.53,5.57,21100
STMP,20110310,12.68,13.15,12.62,12.87,49400
STND,20110310,14.78,14.8,14.78,14.8,10200
STNR,20110310,45.18,45.18,42.89,44.74,47100
STRA,20110310,139.56,141.25,138.77,139.31,176300
STRL,20110310,12.98,13.16,12.58,12.67,45300
STRM,20110310,1.97,1.97,1.86,1.9,8600
STRN,20110310,7.72,7.82,7.65,7.71,4700
STRS,20110310,13.02,13.02,13.02,13.02,0
STRT,20110310,30.41,31.97,30.41,31,2000
STSA,20110310,17.08,17.11,16.72,16.72,117700
STX,20110310,13.53,13.64,13.39,13.48,9916200
STXS,20110310,37.8,38,35.7,36.7,334400
SUBK,20110310,20.48,20.48,20.05,20.09,27000
SUMR,20110310,7.2,7.86,7.2,7.75,258800
SUNS,20110310,19.35,19.36,19.25,19.27,124300
SUPX,20110310,21.2,21.32,20.84,21.17,54000
SURG,20110310,5.3,5.32,4.97,5.29,254900
SUSQ,20110310,9.49,9.5,9.2,9.28,1027600
SUTR,20110310,1.7,1.72,1.65,1.66,93200
SVA,20110310,4.46,4.48,4.41,4.47,76400
SVBI,20110310,4.85,4.91,4.85,4.91,2600
SVNT,20110310,10,10.03,9.71,9.93,2231500
SWHC,20110310,3.93,3.96,3.88,3.89,754600
SWIR,20110310,10.4,10.4,10.02,10.24,282100
SWKS,20110310,30.87,32,30.5,31.64,8945200
SWSH,20110310,6,6,5.76,5.79,496300
SYBT,20110310,24.47,24.64,23.95,23.95,24000
SYBTP,20110310,11.46,12,11.46,11.6,1600
SYKE,20110310,18.72,18.74,18.48,18.55,321500
SYMC,20110310,18.25,18.35,17.99,18.02,13634100
SYMM,20110310,5.75,5.75,5.6,5.64,161500
SYMX,20110310,1.46,1.7,1.4,1.58,813000
SYNA,20110310,27.5,28.28,27.18,27.83,608200
SYNL,20110310,14.07,14.17,14.07,14.1,4500
SYNM,20110310,20,20.5,19,19,514100
SYNT,20110310,51.54,51.91,50.79,51.18,135400
SYPR,20110310,4.55,4.68,4.53,4.63,2300
SYUT,20110310,10.8,11.25,10.5,10.58,81200
TACT,20110310,10.17,10.17,9.85,10.1,12800
TAIT,20110310,1.55,1.55,1.5,1.55,6000
TASR,20110310,4.1,4.18,4.04,4.09,460400
TAST,20110310,9.32,9.44,9.1,9.37,172600
TATT,20110310,5.46,5.5,5.38,5.38,2300
TAXI,20110310,7.9,8.43,7.86,8.36,102000
TAYC,20110310,10.71,10.84,10.4,10.4,29300
TAYCP,20110310,25.01,25.03,25,25,2400
TAYD,20110310,5,5.03,4.86,4.86,8300
TBAC,20110310,2.89,2.9,2.73,2.75,15000
TBBK,20110310,9,9.01,8.8,8.9,120300
TBNK,20110310,19.8,19.8,19.5,19.58,26000
TBOW,20110310,4.66,4.8,4.65,4.77,28500
TCBI,20110310,25.45,25.46,24.99,25.19,258600
TCBK,20110310,15.55,15.55,15.27,15.36,25700
TCCO,20110310,10.24,10.24,10.05,10.23,4900
TCRD,20110310,13.19,13.3,12.99,13.2,43000
TEAR,20110310,1.9,1.96,1.72,1.91,38000
TECD,20110310,48.98,49.25,48.48,48.98,444700
TECH,20110310,72.16,72.6,70.88,71.5,80800
TECUA,20110310,11.53,11.56,11.1,11.21,62200
TECUB,20110310,11.82,11.82,11.82,11.82,0
TELK,20110310,29.4,30,28.5,28.8,128900
TESO,20110310,17.9,18.11,16.62,16.79,192200
TESS,20110310,11.64,11.75,11.11,11.17,58500
TFCO,20110310,3.5,3.5,3.5,3.5,0
TFM,20110310,38.5,39.43,38.26,39.09,163400
TFSL,20110310,10.73,10.77,10.56,10.58,277200
TGA,20110310,14.25,14.34,13.56,13.89,616100
TGE,20110310,7.23,7.26,6.52,6.69,154800
THFF,20110310,31.74,31.96,31.02,31.08,48900
THLD,20110310,2.18,2.2,2.04,2.04,210700
THOR,20110310,28.63,28.65,27.71,28.01,685900
THRD,20110310,21.67,21.88,21.52,21.68,1300
THRX,20110310,22,22.05,20.83,21.24,545600
THTI,20110310,3.74,3.75,3.7,3.7,4800
TIBX,20110310,24.02,24.29,23.69,23.92,2360600
TICC,20110310,10.9,11.15,10.81,10.9,598800
TIGR,20110310,4.67,4.67,4.55,4.58,12400
TINY,20110310,5.34,5.34,5.1,5.12,249800
TISA,20110310,1.22,1.25,1.15,1.19,55700
TITN,20110310,26.51,27.07,26.06,26.72,232100
TIVO,20110310,8.78,8.83,8.51,8.51,4701800
TKMR,20110310,4.71,4.75,4.64,4.75,300
TLAB,20110310,5.2,5.23,5.05,5.06,7516500
TLF,20110310,4.89,5.01,4.75,4.95,1900
TMNG,20110310,2.43,2.43,2.43,2.43,0
TNAV,20110310,10.82,10.92,10.68,10.74,193400
TOFC,20110310,8.12,8.52,8.1,8.52,11500
TOPS,20110310,0.87,0.88,0.83,0.88,37700
TORM,20110310,16.05,16.6,15.51,16.34,73200
TOWN,20110310,14.52,14.63,14,14.13,104000
TPGI,20110310,3.36,3.38,3.19,3.2,100100
TQNT,20110310,12.54,12.57,12.04,12.15,8346500
TQQQ,20110310,40.27,40.625,39.335,39.84,914300
TRAK,20110310,20.89,21.24,20.85,20.93,193600
TREE,20110310,6,6.1,5.94,6.02,31000
TRGT,20110310,29.51,29.58,28.14,28.39,111500
TRIB,20110310,9.9,9.9,9.42,9.5,74500
TRIT,20110310,12.66,12.68,12.4,12.55,38700
TRLG,20110310,23.26,23.36,22.6,23.21,280900
TRMB,20110310,23.755,23.88,23.305,23.46,635400
TRMD,20110310,57.1,58,52.5,56,190800
TRMK,20110310,22.57,22.65,22.25,22.44,509700
TRNS,20110310,8.33,8.33,8.33,8.33,0
TRNX,20110310,18.5,18.75,18.33,18.64,42100
TROW,20110310,65.59,65.65,64.23,64.38,1962400
TRS,20110310,19.2,19.3,18.81,18.81,135800
TRST,20110310,6,6.01,5.87,5.87,221300
TSBK,20110310,5.58,5.83,5.52,5.58,2900
TSCO,20110310,54.49,54.73,54.1,54.33,495700
TSEM,20110310,19.35,19.5,19.05,19.2,459000
TSLA,20110310,24.43,24.49,23.73,24.01,1017000
TSON,20110310,3.65,3.69,3.49,3.6,48900
TSPT,20110310,9.1,9.1,8.58,8.64,38200
TSRA,20110310,16.03,16.2,15.84,16.08,528500
TSRI,20110310,4.9,4.92,4.9,4.9,2000
TSRX,20110310,5.65,5.74,5.39,5.41,24200
TST,20110310,3.36,3.36,3.25,3.25,226000
TSTC,20110310,7.85,7.91,7.6,7.64,231100
TSYS,20110310,4.08,4.13,4,4.03,495500
TTEC,20110310,19.96,19.96,19.22,19.22,420300
TTEK,20110310,23.38,23.38,22.96,23.06,330900
TTGT,20110310,7.89,7.89,7.52,7.63,78600
TTHI,20110310,4.91,4.91,3.85,4.31,440300
TTMI,20110310,16.91,16.91,15.84,15.98,1049100
TTWO,20110310,15.25,15.57,15.01,15.37,1529800
TUES,20110310,4.68,4.82,4.68,4.76,239300
TWER,20110310,4.49,4.49,4.17,4.2,423400
TWGP,20110310,24,24.17,23.65,23.82,368400
TWIN,20110310,32,32,29,29.89,153600
TWMC,20110310,1.78,1.78,1.74,1.74,8400
TWTC,20110310,17.78,18,17.62,17.95,892200
TXCC,20110310,2.78,2.81,2.72,2.77,52900
TXN,20110310,34.35,34.69,34.03,34.25,13037900
TXRH,20110310,16.64,17,16.61,16.72,1035700
TYPE,20110310,12.8,12.91,12.44,12.7,109200
TZOO,20110310,42.84,43.65,42.14,43.15,165300
UACL,20110310,15.97,15.97,15.3,15.3,9400
UBCP,20110310,8.47,8.47,8.15,8.15,1100
UBFO,20110310,3.16,3.26,3.16,3.26,4400
UBNK,20110310,15.59,15.59,15.06,15.09,24900
UBOH,20110310,9.16,9.34,9.15,9.25,1800
UBSH,20110310,11.8,11.85,11.59,11.77,68900
UBSI,20110310,27.52,27.68,27.06,27.15,162100
UCBA,20110310,7.3,7.3,7.25,7.25,1300
UCBI,20110310,1.33,1.34,1.24,1.28,869900
UCFC,20110310,1.43,1.43,1.39,1.4,2500
UCTT,20110310,10.35,10.35,9.52,9.58,311700
UEIC,20110310,27.07,27.33,26.44,26.51,100600
UEPS,20110310,9.62,9.65,9.43,9.55,172900
UFCS,20110310,20.29,20.57,19.77,19.79,46500
UFPI,20110310,36.66,36.82,35.76,36.03,88000
UFPT,20110310,16.1,16.1,15.3,15.49,129900
UG,20110310,14.51,14.59,14.5,14.59,1400
UHAL,20110310,96.46,97.6,91.4,92.2,146000
ULBI,20110310,5.12,5.45,5.08,5.2,99500
ULGX,20110310,0.64,0.64,0.6,0.63,3800
ULTA,20110310,40.7,42.57,40.34,42.11,1211000
ULTI,20110310,56.71,57.12,53.96,54.4,482400
ULTR,20110310,5.3,5.34,5.15,5.19,63900
UMBF,20110310,39,39.25,38.39,39.08,156900
UMPQ,20110310,11.21,11.22,10.93,11.03,890700
UNAM,20110310,9.5,9.65,9.44,9.64,14600
UNB,20110310,19.25,19.25,19,19,200
UNFI,20110310,42,43.22,42,42.92,401900
UNIS,20110310,4.55,4.59,3.85,4.25,296300
UNTD,20110310,6.15,6.15,5.96,5.96,631500
UNTK,20110310,9.57,9.61,9.15,9.22,8400
UNTY,20110310,6.98,7.15,6.98,7.1,3800
UNXL,20110310,6.6,6.7,6.4,6.7,10500
UPI,20110310,5.35,5.42,5.15,5.17,65700
URBN,20110310,30.94,31.77,30.8,31.67,5128600
URRE,20110310,25,25.2,23.5,23.8,2748400
USAK,20110310,12.76,12.77,12.58,12.65,16400
USAP,20110310,32,32.02,29.42,30.5,47200
USAT,20110310,2.3,2.43,2.22,2.38,790800
USATP,20110310,17.25,18,17.25,17.84,1400
USATZ,20110310,1.34,1.36,1.34,1.36,700
USBI,20110310,9.09,9.14,8.65,8.99,800
USCR,20110310,9.82,9.85,9.7,9.75,51300
USEG,20110310,6.11,6.11,5.66,5.67,463600
USLM,20110310,38.85,39.17,38.85,38.85,6400
USMO,20110310,13.11,13.25,12.91,13.06,236200
USTR,20110310,34.55,34.71,33.645,33.875,113500
UTEK,20110310,24.5,24.55,23.75,23.98,255700
UTHR,20110310,67.93,67.97,66.68,67.01,514200
UTIW,20110310,19.05,19.36,18.7,19.34,1376700
UTMD,20110310,26.9,26.96,26.59,26.59,2400
UTSI,20110310,6.33,6.57,6.15,6.42,1130000
UVSP,20110310,16.85,16.89,16.5,16.51,46400
VALU,20110310,14.52,14.52,14.33,14.33,900
VALV,20110310,5.61,5.78,5.59,5.7,24400
VASC,20110310,11.04,11.12,10.82,11.01,50900
VBFC,20110310,3.01,3.04,3,3,2400
VCBI,20110310,5.74,5.74,5.6,5.61,84400
VCIT,20110310,79.5,79.72,79.12,79.69,52200
VCLK,20110310,14.58,14.75,14.44,14.53,1509900
VCLT,20110310,76.48,77.34,76.48,77.2,4800
VCSH,20110310,77.82,77.98,77.75,77.85,212600
VDSI,20110310,9.03,9.19,8.81,8.93,171300
VECO,20110310,47.7,47.88,46.26,47.32,1556900
VELT,20110310,12.8,14,12.29,12.45,442300
VGIT,20110310,60.86,61.07,60.85,61.07,10700
VGLT,20110310,58.79,59.55,58.51,59.55,11500
VGSH,20110310,60.62,60.63,60.59,60.63,4600
VIA,20110310,52.16,52.6,50.86,51.97,29400
VIAB,20110310,46.02,46.02,45.34,45.57,2998800
VIAS,20110310,27.77,27.96,26.73,27.36,58200
VICL,20110310,2.36,2.36,2.24,2.3,1069600
VICR,20110310,14.99,15.16,14.44,14.52,147500
VIDE,20110310,3.92,3.98,3.9,3.98,3700
VIFL,20110310,3.97,4,3.88,4,12300
VIMC,20110310,2.9,2.91,2.76,2.86,271400
VIRC,20110310,3.37,3.37,3.23,3.23,500
VISN,20110310,79.6,80,78,79,179700
VITC,20110310,5.7,5.7,5.7,5.7,0
VIVO,20110310,21.56,21.73,21.11,21.51,268000
VLCCF,20110310,24.93,24.95,22.5,23.7,866500
VLGEA,20110310,28.99,29.06,28.45,28.48,26300
VLTR,20110310,22.5,22.79,22.2,22.5,251900
VLYWW,20110310,2.1,2.1,2.1,2.1,100
VMBS,20110310,50.4,50.57,50.4,50.57,9100
VMED,20110310,27.35,27.66,27.18,27.32,4637000
VNDA,20110310,7.55,7.57,7.25,7.3,186700
VNQI,20110310,50.11,50.34,49.75,49.85,19100
VOCS,20110310,25.08,25.5,24.57,24.81,141300
VOD,20110310,29.19,29.21,28.47,28.73,8692500
VOLC,20110310,26.87,27,26.22,26.34,422400
VONE,20110310,59.66,59.66,59.45,59.45,1900
VONG,20110310,60.53,60.78,60.48,60.51,192200
VONV,20110310,59.14,59.14,58.58,58.58,1800
VOXX,20110310,7.96,7.96,7.71,7.79,98000
VPFG,20110310,13.06,13.1,12.86,13.07,103200
VPHM,20110310,19.13,19.28,18.74,18.84,1067100
VPRT,20110310,49.62,50.59,48.74,50.01,328200
VRA,20110310,34,34.1,33.5,33.77,72700
VRML,20110310,4.88,4.91,4.66,4.77,178600
VRNM,20110310,3.01,3.03,3,3.02,43800
VRNT,20110310,33.52,33.52,33.17,33.25,118300
VRSK,20110310,32.17,32.4,31.94,32.01,879200
VRSN,20110310,35.73,35.88,35.36,35.66,2106500
VRTA,20110310,1.36,1.36,1.36,1.36,0
VRTB,20110310,1.57,1.58,1.56,1.58,1600
VRTS,20110310,56.62,56.92,53.22,53.24,36200
VRTU,20110310,16.4,16.87,16.39,16.69,93500
VRTX,20110310,46.71,46.8,44.63,44.8,3092700
VSAT,20110310,39.63,39.96,38.99,39.38,413700
VSBN,20110310,11.77,11.77,11.77,11.77,0
VSCI,20110310,1.99,2.05,1.96,2,22300
VSCP,20110310,1.9,1.95,1.86,1.87,126300
VSEC,20110310,28.81,28.81,27.99,28.11,19000
VTHR,20110310,59.88,59.88,59.88,59.88,500
VTNC,20110310,13.96,14,13.66,13.94,9200
VTSS,20110310,5.23,5.24,5.04,5.07,162400
VTUS,20110310,9.58,11,9.39,10.7,54600
VTWG,20110310,65.06,65.63,64.34,64.68,4000
VTWO,20110310,63.9,63.92,63.13,63.31,12500
VTWV,20110310,61.53,61.68,61.53,61.68,1000
VVTV,20110310,6.52,6.73,6.41,6.63,213300
VVUS,20110310,6.15,6.24,6.04,6.11,1355500
VXUS,20110310,50.57,50.57,49.46,49.6,63500
VYFC,20110310,4.85,4.85,4.85,4.85,0
WABC,20110310,50.91,50.91,50.09,50.25,217100
WAFD,20110310,17.44,17.44,17.21,17.25,472900
WASH,20110310,22.12,22.14,21.54,21.6,24800
WAVX,20110310,3.78,3.78,3.6,3.6,570700
WAYN,20110310,8.39,8.39,8.38,8.38,800
WBCO,20110310,13.88,13.98,13.67,13.68,33200
WBKC,20110310,13.63,13.63,13.63,13.63,600
WBMD,20110310,55.67,56.37,55.66,55.91,440800
WBSN,20110310,21,21.17,20.92,20.93,307200
WCRX,20110310,23.55,24.05,23.31,23.61,2859600
WDC,20110310,34.95,34.99,34.17,34.32,4765900
WDFC,20110310,41.03,41.06,40.39,40.58,60500
WEBM,20110310,9.31,9.45,9.1,9.45,320700
WERN,20110310,25.49,25.63,25.07,25.11,823300
WEYS,20110310,23.22,23.66,23.1,23.1,18500
WFD,20110310,8.9,8.9,8.56,8.62,57600
WFM,20110310,58.14,58.65,57.54,58.28,1835600
WIBC,20110310,6.4,6.4,6.25,6.28,104200
WILC,20110310,7.33,7.35,7.28,7.3,5500
WIN,20110310,12.81,12.88,12.7,12.72,6534300
WINA,20110310,38,38.15,37.99,38,7100
WIRE,20110310,22.11,22.52,21.86,22.19,85500
WLDN,20110310,4.1,4.1,4.07,4.07,11100
WLFC,20110310,13.26,13.26,13.26,13.26,400
WMAR,20110310,10.17,10.21,10,10.09,158100
WMGI,20110310,16.42,16.62,16.11,16.34,321900
WOOD,20110310,47.05,47.2,46.59,46.63,27500
WOOF,20110310,25.03,25.16,24.79,25.15,471300
WPCS,20110310,2.78,2.78,2.78,2.78,300
WPPGY,20110310,63.24,63.24,61.97,62.17,225800
WPRT,20110310,17.51,17.52,17.01,17.07,671900
WRES,20110310,4.21,4.21,3.96,4.01,862300
WRLD,20110310,58.04,59.43,57.49,58.9,314800
WRLS,20110310,6.72,6.79,6.48,6.73,126000
WSB,20110310,3.25,3.25,3.25,3.25,200
WSBC,20110310,20.39,20.43,20.17,20.33,66100
WSBF,20110310,2.96,3.03,2.8,2.8,12400
WSCI,20110310,4.89,4.9,4.8,4.82,8400
WSFS,20110310,42.26,42.26,41.09,41.35,32300
WSTG,20110310,14.93,15.4,14.93,15.31,19300
WSTL,20110310,3.26,3.27,3.17,3.21,205600
WTBA,20110310,7.35,7.4,7.16,7.34,36100
WTFC,20110310,34.59,34.59,33.89,34.29,449300
WTFCW,20110310,17.44,17.44,17.44,17.44,0
WVFC,20110310,8.7,8.7,8.7,8.7,0
WVVI,20110310,3.18,3.25,3.18,3.25,600
WWD,20110310,32.18,32.22,31.34,31.67,363900
WWWW,20110310,12.67,13.03,12.35,12.79,433700
WYNN,20110310,126.55,126.55,122.4,123.09,2354500
XBKS,20110310,5.06,5.06,5.06,5.06,0
XIDE,20110310,11.26,11.26,10.95,11.06,876400
XLNX,20110310,31.52,32.38,31.22,31.9,7102400
XNPT,20110310,7.27,7.32,7.04,7.08,1133400
XOMA,20110310,5,5.15,4.9,5,588600
XRAY,20110310,36.91,37.05,36.53,36.88,1157600
XRTX,20110310,11.9,11.9,10.86,11.3,1195000
XTEX,20110310,16.25,16.25,15.61,15.72,602700
XTXI,20110310,10.1,10.17,9.51,9.81,487200
XWES,20110310,3.64,3.85,3.51,3.85,52900
XXIA,20110310,16.95,16.96,16.56,16.6,461600
YAVY,20110310,2.32,2.38,2.3,2.34,17000
YHOO,20110310,17.3,17.39,16.93,17.06,25673000
YORW,20110310,16.76,16.82,16.41,16.44,38000
YRCW,20110310,2.36,2.38,2.31,2.31,731900
ZAGG,20110310,7.97,8.05,7.6,7.73,913000
ZBRA,20110310,36.32,36.7,36.01,36.2,190100
ZEUS,20110310,29.1,29.18,28.4,28.65,125700
ZGNX,20110310,5.02,6.61,4.94,5.65,258300
ZHNE,20110310,2.28,2.33,2.26,2.29,52500
ZIGO,20110310,14.08,14.13,12.9,13.08,56300
ZINC,20110310,16.51,16.71,15.16,15.88,705900
ZION,20110310,23.07,23.17,22.71,22.93,3578100
ZIONW,20110310,6.81,7.05,6.81,6.95,6700
ZIOP,20110310,5.95,5.99,5.8,5.83,865400
ZIPR,20110310,2.98,3.01,2.92,2.92,27500
ZIXI,20110310,3.8,3.86,3.47,3.55,2130500
ZLCS,20110310,2.11,2.14,2.06,2.09,1004700
ZN,20110310,4.97,4.97,4.55,4.71,230100
ZOLT,20110310,13.5,13.59,13.07,13.09,259400
ZOOM,20110310,3.9,3.92,3.7,3.75,97900
ZUMZ,20110310,27.21,28.26,26.8,28.18,609000
