<ticker>,<date>,<open>,<high>,<low>,<close>,<vol>
AACC,20110622,3.69,3.79,3.57,3.61,70600
AAME,20110622,2.04,2.05,2.04,2.05,200
AAON,20110622,22.62,22.66,21.73,21.73,44700
AAPL,20110622,325.16,328.9,322.38,322.61,13949300
AAWW,20110622,58.2,60.7,58.2,59.28,181400
AAXJ,20110622,60.15,60.2,59.73,59.73,319600
ABAX,20110622,28.3,28.98,28.3,28.42,55700
ABCB,20110622,9.2,9.22,8.75,8.75,33800
ABCD,20110622,3.24,3.29,3.22,3.24,15400
ABCO,20110622,26.53,26.715,26.305,26.59,73100
ABFS,20110622,22.33,22.84,22.33,22.41,327700
ABIO,20110622,9.12,9.36,9,9.06,103900
ABMD,20110622,16.58,16.79,16.52,16.52,103000
ABTL,20110622,5,5.05,4.9,4.9,134500
ACAD,20110622,1.6,1.68,1.6,1.6,253100
ACAS,20110622,9.15,9.31,9.05,9.06,3508400
ACAT,20110622,13.05,13.16,12.51,12.52,38500
ACCL,20110622,7.03,7.06,6.88,6.93,71600
ACET,20110622,6.5,6.51,6.28,6.31,156700
ACFC,20110622,6.97,6.97,6.97,6.97,0
ACFN,20110622,3.76,3.82,3.74,3.77,28400
ACGL,20110622,32.71,32.78,32.47,32.53,340600
ACHN,20110622,6.5,7.53,6.33,7.26,7831300
ACIW,20110622,30.12,30.95,30.07,30.65,252500
ACLS,20110622,1.67,1.71,1.62,1.64,524700
ACNB,20110622,15.39,15.45,15.39,15.4,2200
ACOR,20110622,31.78,32.99,31.09,32.43,635300
ACPW,20110622,12.5,12.65,12.3,12.55,347800
ACRX,20110622,4.46,4.5,4.45,4.45,700
ACTG,20110622,33.68,34.24,32.9,32.94,128400
ACTS,20110622,1.92,2,1.92,1.95,39000
ACUR,20110622,4.05,4.12,3.88,3.91,434500
ACWI,20110622,47.12,47.31,46.82,46.82,453500
ACWX,20110622,43.71,43.92,43.5,43.5,663300
ACXM,20110622,12.42,12.61,12.21,12.22,353200
ADAT,20110622,2.14,2.24,2.06,2.24,114000
ADBE,20110622,30.3,30.77,29.78,30.01,22457300
ADEP,20110622,4.15,4.15,4.15,4.15,0
ADES,20110622,15.36,15.56,15.15,15.26,8700
ADI,20110622,37.3,37.66,37.22,37.32,1868400
ADP,20110622,52.58,52.87,52.36,52.37,2243200
ADRA,20110622,26.46,26.81,26.45,26.45,20300
ADRD,20110622,21.61,21.73,21.61,21.68,4200
ADRE,20110622,44.71,45.07,44.67,44.67,44600
ADRU,20110622,21.63,21.63,21.49,21.49,2100
ADSK,20110622,36.66,36.79,36.01,36.47,2966800
ADTN,20110622,37.95,38.6,37.75,37.89,522000
ADUS,20110622,5.41,5.53,5.3,5.38,45900
ADVS,20110622,26.73,27.34,26.5,26.86,167300
AEGR,20110622,17.51,17.82,17.01,17.28,73900
AEHR,20110622,1.3,1.3,1.26,1.29,400
AEIS,20110622,13.67,13.81,13.56,13.61,377100
AEPI,20110622,29.29,29.68,28.93,29.03,22800
AERL,20110622,6.46,6.75,6.35,6.45,277100
AETI,20110622,3.35,3.45,3.35,3.45,2100
AEY,20110622,2.53,2.57,2.52,2.53,9400
AEZS,20110622,13.32,13.44,12.96,13.08,794700
AFAM,20110622,25.7,25.98,25.19,25.48,140600
AFCB,20110622,13.08,13.08,13.08,13.08,0
AFCE,20110622,16.29,16.31,15.94,15.94,50000
AFFX,20110622,7.61,7.88,7.55,7.69,1558200
AFFY,20110622,6.63,6.74,6.6,6.61,192900
AFOP,20110622,7.91,8,7.64,7.97,30100
AFSI,20110622,22.14,22.51,22,22.22,180300
AGEN,20110622,0.81,0.82,0.79,0.8,164500
AGII,20110622,29.18,29.39,28.95,28.99,121700
AGNC,20110622,28.65,29.16,28.63,28.85,8677000
AGYS,20110622,8.3,8.5,8.04,8.08,196000
AHGP,20110622,46.61,47.55,46.61,47.08,44400
AHPI,20110622,4.09,4.09,4.09,4.09,0
AIMC,20110622,23.95,24.33,23.27,23.38,159300
AINV,20110622,10.08,10.17,9.93,9.93,1044200
AIRM,20110622,23.37,24.0233,23.3633,23.7033,109100
AIRT,20110622,9,9.01,8.98,8.98,2300
AIXG,20110622,34.61,34.9,34.02,34.2,280300
AKAM,20110622,29.99,30.21,29.65,29.86,2997600
AKRX,20110622,6.5,6.63,6.43,6.47,411500
ALCO,20110622,23.15,23.22,22.7,22.73,3600
ALGN,20110622,23.5,23.95,23.19,23.22,577400
ALGT,20110622,44.68,45.04,44.18,44.46,134200
ALIM,20110622,7.72,7.94,7.64,7.78,300600
ALKS,20110622,17.36,17.63,17.22,17.42,679100
ALLB,20110622,10.95,10.95,10.95,10.95,0
ALLT,20110622,15.78,16,15.43,15.51,79700
ALNY,20110622,9.03,9.2,8.95,9.09,126800
ALOG,20110622,51.05,51.96,51.02,51.1,52400
ALOT,20110622,7.52,7.84,7.49,7.75,10600
ALSK,20110622,9.02,9.06,8.98,9.01,596900
ALTE,20110622,22.02,22.31,21.85,22.14,542500
ALTI,20110622,0.89,0.93,0.88,0.91,91000
ALTR,20110622,43.89,44.34,43.58,43.65,2850500
ALVR,20110622,12.1,13.7,12.1,13.6,787700
ALXA,20110622,15.5,16.1,15.4,15.8,676200
ALXN,20110622,45.09,45.5,44.17,44.84,988300
AMAG,20110622,16.44,16.87,16.26,16.76,239700
AMAP,20110622,15.01,15.12,14.62,14.95,36700
AMAT,20110622,12.6,12.75,12.58,12.58,9896900
AMCC,20110622,8.6,8.6,8.24,8.29,935300
AMCF,20110622,2.27,2.3,2.2,2.25,11900
AMCN,20110622,3.44,3.47,3.37,3.41,172800
AMED,20110622,26.29,26.64,25.78,25.8,459100
AMGN,20110622,58.04,58.5,57.93,58.15,4014900
AMIC,20110622,5.75,6,5.75,5.9,3800
AMKR,20110622,5.85,5.92,5.76,5.83,750600
AMNB,20110622,18.23,18.45,17.7,17.7,23700
AMOT,20110622,4.9,5.13,4.9,4.94,26300
AMOV,20110622,25.5,25.575,25.44,25.575,700
AMPE,20110622,8.05,8.3,8.05,8.24,79600
AMRB,20110622,6.68,6.76,6.54,6.69,7500
AMRI,20110622,4.87,4.87,4.74,4.8,86800
AMRN,20110622,14.32,14.45,14.03,14.31,1812200
AMRS,20110622,29.28,29.64,29.17,29.36,142700
AMSC,20110622,8,8.18,7.9,8.08,1110500
AMSF,20110622,22.78,22.79,22.25,22.3,26300
AMSG,20110622,26.23,26.44,25.85,25.85,101000
AMSWA,20110622,8,8.06,7.22,7.77,134900
AMWD,20110622,18.18,18.63,17.3,17.3,8300
AMZN,20110622,193.96,195.2,191.32,191.63,3134800
ANAC,20110622,6.11,6.13,5.98,5.98,14800
ANAD,20110622,3.1,3.11,2.98,2.98,533300
ANAT,20110622,75.24,76.1,75.24,75.46,21800
ANCB,20110622,9.33,9.33,9.33,9.33,1000
ANCI,20110622,4.38,4.53,4.35,4.38,2400
ANCX,20110622,7.49,7.49,7.48,7.49,300
ANDE,20110622,39.86,40.4,39.59,40.14,170600
ANEN,20110622,17.92,18.51,17.92,18.21,59000
ANGO,20110622,13.53,13.81,13.35,13.56,845500
ANIK,20110622,7.01,7.09,6.9,6.98,25100
ANLY,20110622,3.12,3.12,3.12,3.12,0
ANSS,20110622,54.24,54.46,53.68,53.76,268300
ANTH,20110622,8.07,8.2,7.97,8,282800
ANTP,20110622,3.07,3.1,3.05,3.1,5400
AOSL,20110622,13.03,13.15,12.78,13.13,78900
APAGF,20110622,78.96,80.67,77.63,77.74,26100
APEI,20110622,41.96,42.54,41.64,41.71,44200
APFC,20110622,7.36,7.59,7.32,7.56,15500
APOG,20110622,12.76,13.45,12.59,12.61,445500
APOL,20110622,42.41,43.16,42.22,42.58,1588900
APPY,20110622,4.08,4.2,3.9,4.08,33300
APRI,20110622,5.18,5.25,5.1,5.15,113000
APSA,20110622,21.23,21.45,21,21.45,3700
APWC,20110622,5.05,5.05,4.75,4.75,2700
ARAY,20110622,7.73,7.79,7.61,7.62,427700
ARCC,20110622,16.11,16.25,15.95,15.95,951200
ARCI,20110622,4.38,4.5,4.38,4.5,400
ARCW,20110622,2.9,2.95,2.89,2.95,7900
ARDNA,20110622,89.28,89.95,87.81,88.06,11100
AREX,20110622,21.33,22.26,21.2,22.16,544300
ARIA,20110622,10.27,10.39,10.16,10.2,2827600
ARII,20110622,21.18,21.87,20.52,20.54,99900
ARKR,20110622,16.25,16.25,15.89,16.1,2100
ARLP,20110622,72.9,73.8,72.32,73.14,76800
ARMH,20110622,27.4,27.93,27.34,27.37,2291900
ARNA,20110622,1.33,1.37,1.32,1.33,1138800
AROW,20110622,24.25,24.52,23.99,23.99,13300
ARQL,20110622,6.41,6.48,6.4,6.42,141700
ARRS,20110622,10.84,10.97,10.71,10.83,862300
ARRY,20110622,2.15,2.21,2.14,2.15,205700
ARTC,20110622,33.8,34.04,33.27,33.3,108800
ARTNA,20110622,19.39,19.39,18.72,18.74,9700
ARTW,20110622,8.28,8.28,8.1,8.23,9000
ARTX,20110622,2.13,2.21,2.09,2.11,47200
ARUN,20110622,26.46,27.69,26.42,26.77,4591500
ARWR,20110622,0.44,0.46,0.44,0.45,32500
ASBC,20110622,13.57,13.7,13.43,13.5,936400
ASBI,20110622,4.78,4.8,4.78,4.8,900
ASCA,20110622,22.55,22.98,22.36,22.36,327100
ASCMA,20110622,45.23,45.69,44.77,44.8,23000
ASEI,20110622,75.13,76.9,75,75.59,33400
ASFI,20110622,7.15,7.56,7.09,7.41,82900
ASIA,20110622,14.58,14.93,14.01,14.11,1133000
ASMI,20110622,37.06,37.34,36.44,36.45,125700
ASML,20110622,35.15,35.71,35.1,35.3,1224800
ASNA,20110622,16.57,16.735,16.345,16.37,365900
ASPS,20110622,35.94,35.95,35.38,35.68,151900
ASRV,20110622,1.84,1.85,1.84,1.85,600
ASRVP,20110622,25.26,25.26,25.25,25.25,200
ASTC,20110622,1.07,1.08,1.05,1.06,28000
ASTE,20110622,35.95,36.2,35.55,35.57,83000
ASTI,20110622,1.37,1.4,1.31,1.35,108900
ASTM,20110622,2.57,2.68,2.56,2.56,291500
ASUR,20110622,2.0067,2.1133,1.9533,2,1100
ASYS,20110622,18.63,19.21,18.5,18.76,151800
ATAI,20110622,10.26,10.26,10.2,10.25,7900
ATAX,20110622,5.57,5.61,5.55,5.58,16100
ATEA,20110622,4.94,4.99,4.46,4.61,6500
ATEC,20110622,3.57,3.71,3.48,3.62,397000
ATHN,20110622,40.8,41.92,40.65,41.4,391100
ATHX,20110622,2.64,2.7,2.62,2.67,12100
ATLO,20110622,17.46,17.49,17.23,17.23,3900
ATMI,20110622,18.91,19.35,18.88,18.98,73700
ATML,20110622,12.93,13.22,12.86,12.98,3997500
ATNI,20110622,37.23,37.46,36.78,36.81,14400
ATRC,20110622,12.43,12.92,12.16,12.35,55300
ATRI,20110622,189.18,190.63,187.23,187.23,10400
ATRM,20110622,1.85,1.92,1.78,1.84,8200
ATRO,20110622,26.69,26.84,25.71,25.83,37700
ATSG,20110622,6.39,6.69,6.39,6.5,350200
ATVI,20110622,11.17,11.38,11.14,11.31,7623700
ATX,20110622,11.78,11.78,11.11,11.48,49700
AUBN,20110622,19.72,19.72,19.6,19.6,400
AUDC,20110622,4.66,4.76,4.47,4.55,226200
AUXL,20110622,19.58,19.89,19.41,19.71,415900
AVAV,20110622,32,35,31.98,34.51,2699600
AVEO,20110622,17.64,18.4,17.58,18.34,397900
AVGO,20110622,33.98,36.29,33.55,36,3838100
AVID,20110622,17.6,17.83,17.54,17.56,103100
AVNR,20110622,3.42,3.43,3.32,3.35,1263000
AVNW,20110622,3.9,3.9,3.85,3.85,123500
AWRE,20110622,3.21,3.24,3.17,3.21,900
AXAS,20110622,3.37,3.49,3.27,3.29,1660000
AXFN,20110622,24.25,24.25,24.25,24.25,0
AXTI,20110622,8.06,8.14,7.86,7.9,378000
AZPN,20110622,15.41,15.86,15.38,15.75,831000
BABY,20110622,15.68,15.78,15.53,15.53,50700
BAGL,20110622,14.95,15.01,14.79,14.8,12300
BAMM,20110622,3.36,3.55,3.35,3.49,44200
BANC,20110622,16.19,16.32,15.77,16.27,59000
BANF,20110622,39.4,39.4,38,38.09,15900
BANFP,20110622,27.94,27.94,27.94,27.94,0
BANR,20110622,19.6,19.6,19.6,19.6,0
BASI,20110622,1.94,1.95,1.9,1.95,7800
BBBY,20110622,53.8,54.47,53.57,54.06,3699000
BBEP,20110622,19.47,19.6,19.27,19.41,460000
BBGI,20110622,3.79,3.89,3.75,3.76,18000
BBNK,20110622,10.95,11.13,10.76,10.96,16300
BBOX,20110622,30.8,30.8,29.82,30.23,67900
BBRG,20110622,21.86,22.74,21.86,22.22,144600
BBRY,20110622,28.17,28.95,27.62,28.4,44439700
BBSI,20110622,14.75,14.84,14.33,14.35,8900
BCBP,20110622,10.83,10.92,10.77,10.92,2900
BCOM,20110622,26.2,26.2,26.2,26.2,100
BCPC,20110622,41.92,42.26,40.86,40.86,53800
BCRX,20110622,3.95,4.03,3.82,3.83,229700
BCSB,20110622,13.7,14.08,13.61,14,2500
BDE,20110622,7.29,7.74,7.29,7.7,52800
BDGE,20110622,22.54,22.75,22.37,22.39,11700
BDMS,20110622,21.82,21.91,20.25,20.25,4300
BDSI,20110622,3.47,3.52,3.4,3.49,50100
BEAT,20110622,5.46,5.48,5.1,5.11,178200
BEAV,20110622,38.73,39.5,38.68,38.76,771200
BEBE,20110622,6.18,6.18,6.01,6.02,232100
BECN,20110622,22.64,23.31,22.29,22.44,553400
BELFA,20110622,22.65,22.65,21.84,21.84,1200
BELFB,20110622,21.23,21.45,20.17,20.2,33300
BERK,20110622,6.62,6.91,6.53,6.75,3400
BFIN,20110622,8.67,8.67,8.38,8.42,20400
BFLY,20110622,2.86,2.86,2.65,2.86,7700
BGCP,20110622,7.89,8.09,7.89,7.97,834000
BGFV,20110622,8.08,8.18,7.88,7.88,64300
BGMD,20110622,7.16,7.16,6.75,6.78,6600
BIB,20110622,36.39,36.775,36.235,36.32,5300
BICK,20110622,30.54,30.54,30.27,30.27,78400
BIDU,20110622,127.01,127.48,124.5,124.87,8932300
BIIB,20110622,99.79,100.67,98.9,99.47,5334100
BIOD,20110622,6.88,7.04,6.8,6.8,177200
BIOF,20110622,9,9.4,9,9.4,93900
BIOS,20110622,7,7.12,6.64,6.68,253200
BIRT,20110622,5.21,5.51,5.21,5.45,235400
BIS,20110622,39.39,39.64,39.39,39.64,900
BJRI,20110622,47.94,48.64,47.5,48,139300
BKCC,20110622,9.08,9.17,9,9,567300
BKEP,20110622,7.25,7.27,7.25,7.25,3900
BKMU,20110622,3.78,3.8,3.61,3.62,73500
BKOR,20110622,3.97,3.97,3.97,3.97,100
BKSC,20110622,10.25,10.25,10.25,10.25,100
BKYF,20110622,25.5,25.8,25.26,25.48,19500
BLDP,20110622,1.57,1.59,1.53,1.56,256400
BLDR,20110622,2.16,2.19,2.1,2.11,56600
BLIN,20110622,0.91,0.91,0.9,0.9,3200
BLKB,20110622,26.88,27.07,26.63,26.64,127700
BMC,20110622,52.8,53.12,52.6,52.7,985000
BMRC,20110622,35.43,35.72,35.1,35.17,6200
BMRN,20110622,25.76,26.08,25.55,25.72,396100
BMTC,20110622,20.28,20.55,20.16,20.2,20000
BNCL,20110622,8.27,8.35,8.15,8.15,33700
BNCN,20110622,7.05,7.1,6.85,7.1,6600
BNSO,20110622,1.89,2.07,1.85,2.07,4600
BOBE,20110622,33.84,34.05,33.65,33.65,131600
BOCH,20110622,4.2,4.2,4.2,4.2,14200
BODY,20110622,21.82,22.25,21.51,21.81,421300
BOFI,20110622,14.74,14.82,14.41,14.64,18100
BOKF,20110622,53.65,53.79,53.03,53.06,84300
BOLT,20110622,11.77,11.88,11.71,11.75,42500
BONA,20110622,3.98,4.05,3.9,3.9,28400
BONT,20110622,8.92,9.33,8.84,9.08,119000
BOOM,20110622,21.77,22.07,21.56,21.57,32200
BOSC,20110622,8.2,8.2,7.96,7.96,3000
BPAX,20110622,15.3,15.72,15.12,15.54,1177200
BPFH,20110622,6.53,6.6,6.44,6.48,253400
BPFHW,20110622,1.99,1.99,1.99,1.99,0
BPHX,20110622,0.97,1.04,0.97,1.01,7400
BPOP,20110622,27.5,27.5,26.7,27.1,6970700
BPOPM,20110622,19.97,19.97,19.97,19.97,0
BPOPN,20110622,21.93,21.93,21.93,21.93,100
BRCD,20110622,6.64,6.71,6.59,6.6,7218100
BRCM,20110622,32.21,32.57,32.04,32.15,6204700
BRID,20110622,7.33,7.4,7.24,7.36,9700
BRKL,20110622,9.25,9.38,9.13,9.14,575900
BRKR,20110622,18.54,19.04,18.51,18.74,739700
BRKS,20110622,10.28,10.51,10.27,10.3,200300
BRLI,20110622,20.8,21.36,20.8,20.87,301800
BSDM,20110622,3.75,4,3.69,3.73,177400
BSET,20110622,8.09,8.1,7.86,7.86,8100
BSFT,20110622,35.43,36.49,34.89,35.57,503000
BSPM,20110622,3.45,3.6,3.36,3.48,68300
BSQR,20110622,6.14,6.26,5.89,5.97,52200
BSRR,20110622,11.31,11.33,11,11.03,8500
BSTC,20110622,23.04,23.23,22.62,22.94,5800
BTUI,20110622,7.21,7.47,7.09,7.15,9400
BUSE,20110622,5.22,5.27,5.14,5.18,540600
BVSN,20110622,12.75,12.75,12.75,12.75,0
BWEN,20110622,13.4,14.8,13.2,14.4,562200
BWINA,20110622,23.06,23.3,23,23.3,5000
BWINB,20110622,23.04,23.24,22.87,22.87,11000
BWLD,20110622,60.88,61.59,60.44,60.52,164500
BYFC,20110622,2.22,2.24,2.2,2.2,2100
CA,20110622,21.94,22.3,21.94,22.13,4347200
CAAS,20110622,7.35,7.67,7.35,7.51,137900
CAC,20110622,32.98,33.29,31.9,31.9,5100
CACB,20110622,8.74,9,8.5,8.79,29600
CACC,20110622,80.21,80.69,79.82,80.21,21200
CACH,20110622,4.73,4.8,4.56,4.61,43400
CADC,20110622,1.69,1.78,1.69,1.73,68500
CADX,20110622,9.45,9.54,9.34,9.41,187400
CAFI,20110622,1.77,1.83,1.71,1.71,11000
CAKE,20110622,30.24,30.6,29.9,30.17,917700
CALD,20110622,5.22,5.8,5.22,5.68,778100
CALI,20110622,7.5,7.56,7.5,7.56,5600
CALL,20110622,11.94,11.94,11.495,11.61,17000
CALM,20110622,29.95,30.09,29.82,30.02,169800
CAMP,20110622,3.05,3.11,3.05,3.08,61500
CAMT,20110622,3.25,3.48,3.25,3.37,60300
CAR,20110622,16.21,16.34,15.99,16,1019600
CART,20110622,2.82,3,2.79,2.89,5500
CARV,20110622,0.5,0.5,0.5,0.5,0
CARZ,20110622,29.29,29.29,29.29,29.29,0
CASH,20110622,14.34,14.34,13.8,13.96,2500
CASM,20110622,2.57,2.71,2.57,2.7,12600
CASS,20110622,37.18,37.36,36.2,36.2,10200
CASY,20110622,44.75,44.92,44.31,44.46,276200
CATM,20110622,21.53,22.47,21.41,22.04,341100
CATY,20110622,15.84,16.07,15.61,15.61,384300
CAVM,20110622,38.99,39.79,38.81,39.26,734100
CBAK,20110622,5,5.45,4.9,5.2,318800
CBAN,20110622,2.98,3.1,2.98,3.1,7200
CBEY,20110622,12.52,12.66,12.33,12.51,158900
CBIN,20110622,9.91,10,9.75,10,3500
CBLI,20110622,3.44,3.49,3.34,3.36,363800
CBMX,20110622,37.6,37.6,36.8,36.8,1100
CBMXW,20110622,3.3,3.3,3.3,3.3,0
CBNJ,20110622,10.28,10.28,10,10.16,24800
CBNK,20110622,14.45,14.45,14.45,14.45,0
CBOE,20110622,24.25,24.56,24.07,24.37,623700
CBPO,20110622,10.19,10.2,10.04,10.1,5000
CBRL,20110622,47.73,48.05,47.22,47.53,229400
CBRX,20110622,3.4,3.44,3.32,3.35,408800
CBSH,20110622,41.73,42.18,41.48,41.79,479200
CBST,20110622,35.99,36.71,35.76,35.98,649500
CCBG,20110622,10.68,10.71,10.23,10.28,20800
CCCL,20110622,4.03,4.17,3.9,3.95,45300
CCIH,20110622,7.13,7.67,6.95,7.27,361700
CCIX,20110622,12.16,12.75,12.1,12.61,150200
CCMP,20110622,43.68,44.28,43.42,43.78,139200
CCNE,20110622,13.22,13.31,12.98,12.98,5600
CCOI,20110622,15.6,15.79,15.58,15.67,764500
CCRN,20110622,7.03,7.15,6.97,6.98,75300
CCUR,20110622,5.79,5.86,5.79,5.86,2600
CDNS,20110622,10.23,10.5,10.1,10.32,1911900
CDTI,20110622,5.65,5.84,5.61,5.66,201200
CDXS,20110622,9.3,9.61,9.25,9.44,103500
CDZI,20110622,10.69,10.69,10.22,10.23,19600
CECE,20110622,6.71,7.04,6.56,6.71,40200
CECO,20110622,20.68,20.87,20.01,20.01,1119400
CEDU,20110622,6.38,6.4,6.28,6.4,4500
CELG,20110622,59.8,60.35,59.55,59.87,2249200
CELGZ,20110622,2.11,2.11,2.08,2.08,1200
CENT,20110622,10.11,10.28,10.01,10.16,218700
CENTA,20110622,9.93,10.08,9.83,9.94,319600
CENX,20110622,14.48,14.94,14.4,14.59,1065400
CERN,20110622,59.235,59.35,58.8,58.83,422200
CERS,20110622,2.83,2.87,2.8,2.82,365200
CETV,20110622,20.36,20.47,20.13,20.15,206200
CEVA,20110622,28.07,32.45,27.71,29.86,845800
CFBK,20110622,3.8,3.8,3.8,3.8,100
CFFI,20110622,20.35,20.38,20.35,20.38,600
CFFN,20110622,11.99,12.06,11.96,11.99,1810900
CFNB,20110622,15.18,15.27,14.77,14.97,2600
CFNL,20110622,11.01,11.08,10.85,10.86,28400
CGEN,20110622,3.87,4.06,3.87,3.99,46200
CGNX,20110622,34.14,34.41,33.36,33.39,240600
CHCI,20110622,0.93,0.94,0.92,0.92,5900
CHCO,20110622,32.32,32.41,32.03,32.14,52200
CHDN,20110622,44.48,44.76,43.64,43.66,41600
CHDX,20110622,13.66,13.89,12.32,12.32,51400
CHEV,20110622,9.01,9.06,8.9,9.02,2300
CHFC,20110622,18.84,18.91,18.38,18.39,47100
CHFN,20110622,9.86,10.47,9.75,9.83,17800
CHKE,20110622,17.19,17.41,16.85,16.87,64000
CHKP,20110622,53.74,54.17,53.11,53.55,2323500
CHLN,20110622,1.36,1.39,1.36,1.38,30500
CHNR,20110622,11.3,11.49,11.25,11.27,3700
CHOP,20110622,3.18,3.59,3.13,3.56,607100
CHRM,20110622,11.83,11.85,11.79,11.8,2100
CHRW,20110622,77.8,78.38,77.51,77.6,676800
CHSCP,20110622,28.79,28.88,28.01,28.45,42400
CHTP,20110622,5.33,5.44,5.08,5.14,866000
CHTR,20110622,56.08,58.15,56.08,57.14,658600
CHYR,20110622,2.08,2.08,1.99,2.04,25400
CIDM,20110622,1.86,1.93,1.84,1.86,101600
CIEN,20110622,17.45,18.25,17.35,17.99,7217400
CIMT,20110622,3.3,3.34,3.26,3.26,5800
CINF,20110622,28.53,28.67,28.31,28.34,928500
CISG,20110622,14,14.17,13.81,14.16,704800
CITZ,20110622,5.38,5.59,5.38,5.55,400
CIZN,20110622,18,18,18,18,0
CJJD,20110622,1.75,1.76,1.65,1.65,42300
CKEC,20110622,6.79,6.97,6.73,6.81,125800
CKSW,20110622,9.89,9.89,9.57,9.57,122600
CLBH,20110622,2.94,2.98,2.91,2.91,1700
CLCT,20110622,14.52,14.62,14.49,14.51,11200
CLDX,20110622,3.32,3.33,3.2,3.24,225700
CLFD,20110622,6.37,6.67,6.37,6.55,41300
CLMS,20110622,13.82,14.06,13.67,13.72,103400
CLMT,20110622,21.89,22.2,21.82,22.02,96800
CLNE,20110622,12.68,12.85,12.54,12.58,767500
CLNT,20110622,1.45,1.45,1.33,1.42,30000
CLRO,20110622,6.7,6.7,6.3,6.57,31800
CLSN,20110622,3.03,3.1,2.99,3.06,102800
CLUB,20110622,7.02,7.04,6.92,7,169600
CLWR,20110622,3.67,4.18,3.67,4.17,10703600
CLWT,20110622,4.62,4.95,4.62,4.73,17400
CMCO,20110622,17.64,17.91,17.5,17.5,46900
CMCSA,20110622,23.92,24.21,23.85,23.92,14028600
CMCSK,20110622,22.73,23.05,22.68,22.82,6649900
CME,20110622,282.26,285,280.16,281.33,398500
CMLS,20110622,3.41,3.43,3.32,3.34,49500
CMSB,20110622,8.65,8.65,8.65,8.65,0
CMTL,20110622,26.16,26.8,25.98,26.25,405300
CNBC,20110622,10.38,10.4,10.21,10.31,21600
CNBKA,20110622,24.14,24.14,23.41,23.69,1800
CNET,20110622,1.76,1.76,1.71,1.73,1000
CNIT,20110622,1.94,1.99,1.94,1.95,134600
CNMD,20110622,27.28,27.59,27.03,27.23,72900
CNQR,20110622,48.91,49.83,48.67,49.01,318200
CNSL,20110622,19.36,19.44,19.23,19.26,157600
CNTF,20110622,3.65,3.8,3.62,3.67,396900
CNTY,20110622,2.89,2.99,2.65,2.78,92500
CNYD,20110622,2.72,3.11,2.72,3.11,14700
COBK,20110622,12.35,12.4,12.3,12.4,111300
COBR,20110622,3.4,3.4,3.4,3.4,2200
COBZ,20110622,6.45,6.45,6.25,6.29,51600
COCO,20110622,4.22,4.33,4.14,4.17,1523700
COGO,20110622,5.13,5.3,5.08,5.24,102300
COHR,20110622,52.17,53.28,52.06,52.06,109000
COHU,20110622,12.7,12.72,12.18,12.24,39300
COKE,20110622,69.7,69.95,68.51,69.65,45200
COLB,20110622,17.63,17.83,17.42,17.42,155200
COLM,20110622,61.88,62.35,61.51,61.59,113400
CONN,20110622,7.74,8.04,7.61,7.86,328400
COOL,20110622,3.14,3.24,3.04,3.07,1347300
CORE,20110622,34.77,35.02,34.33,34.5,64300
CORT,20110622,4.43,4.54,4.32,4.44,129600
COSI,20110622,0.93,0.94,0.9,0.94,101100
COST,20110622,81.1,81.36,80.5,80.51,1546100
COWN,20110622,3.74,3.79,3.65,3.68,652300
CPBC,20110622,4.81,4.81,4.81,4.81,0
CPGI,20110622,1.18,1.19,1.13,1.18,59100
CPHC,20110622,12.35,12.43,12.35,12.42,700
CPHD,20110622,33.65,33.79,33.2,33.4,396900
CPIX,20110622,5.04,5.35,4.99,5.15,96900
CPLA,20110622,44.07,44.47,43.05,43.07,83400
CPLP,20110622,8.99,9.1,8.68,8.98,202200
CPNO,20110622,33.11,34,32.86,33.82,382600
CPRT,20110622,22.5,22.915,22.435,22.78,310200
CPRX,20110622,1.9,1.95,1.83,1.87,219100
CPSI,20110622,59.77,61,59.13,59.43,104900
CPSL,20110622,12,12.36,11.88,12,435200
CPSS,20110622,1.09,1.1,1.09,1.1,6000
CPST,20110622,1.4,1.44,1.39,1.42,2640300
CPTS,20110622,11.42,11.5,11.16,11.19,326600
CPWR,20110622,9.63,9.72,9.54,9.56,1039600
CRAI,20110622,27.85,28.24,26.71,26.76,50700
CRAY,20110622,6.26,6.36,6.12,6.25,125400
CRDC,20110622,2.61,2.72,2.56,2.63,24000
CREE,20110622,33.25,33.87,32.55,33.56,5878400
CREG,20110622,2.13,2.27,2.13,2.17,8900
CRESW,20110622,0.16,0.19,0.16,0.19,6000
CRESY,20110622,15.98,16.2,15.65,16.09,47600
CRFN,20110622,3.97,4.02,3.97,4.01,7100
CRIS,20110622,3.38,3.39,3.25,3.29,286500
CRME,20110622,20.45,21.2,19.75,19.75,171400
CRMT,20110622,29.73,30.66,29.55,30.06,49500
CRNT,20110622,11.25,11.54,11.25,11.33,103800
CROX,20110622,24.8,25.17,24.51,24.61,2344600
CRRB,20110622,4.21,4.34,4.21,4.21,2300
CRRC,20110622,10.92,10.92,10.73,10.76,59500
CRTX,20110622,7.84,7.9,7.5,7.5,24300
CRUS,20110622,14.29,14.35,14.04,14.05,1575800
CRVL,20110622,46.12,47.34,45.87,45.89,22000
CRWN,20110622,1.69,1.86,1.69,1.71,222300
CRWS,20110622,4.95,4.99,4.81,4.99,500
CRZO,20110622,36.79,38.61,36.39,37.77,1362800
CSBK,20110622,10.53,10.79,10.53,10.64,16800
CSCD,20110622,5.45,5.64,5.45,5.45,11100
CSCO,20110622,15.48,15.64,15.33,15.36,48404200
CSFL,20110622,6.49,6.53,6.28,6.3,45300
CSGP,20110622,57.65,58.15,57.37,57.4,68500
CSGS,20110622,18.24,18.32,18.01,18.01,106900
CSII,20110622,13.64,14.1,13.5,13.86,188000
CSIQ,20110622,10.21,10.97,9.98,10.77,1817200
CSOD,20110622,18.04,19.34,17.85,19.05,74600
CSPI,20110622,4.45,4.49,4.33,4.37,600
CSTR,20110622,50,50.78,49.43,49.5,676900
CSUN,20110622,1.91,2.25,1.86,2.18,1216500
CSWC,20110622,94.93,95.55,93.59,94.05,4100
CTAS,20110622,32.5,32.62,32.32,32.37,1073000
CTBI,20110622,27.52,27.59,26.81,26.86,17900
CTCH,20110622,3.25,3.35,3.25,3.27,30500
CTCM,20110622,20.62,20.82,20.49,20.53,162500
CTCT,20110622,24.86,24.96,23.97,24.7,585100
CTGX,20110622,12.64,12.66,11.94,11.96,33200
CTHR,20110622,2.67,2.73,2.65,2.71,13600
CTIB,20110622,4.98,5.06,4.61,4.91,6700
CTIC,20110622,9.55,10.2,9.55,9.75,1319800
CTRN,20110622,15.64,15.81,15.47,15.77,264800
CTRP,20110622,40.91,41.18,40.47,40.97,1470900
CTSH,20110622,71.82,72.84,71.17,71.66,3254400
CTWS,20110622,25.33,25.54,25.16,25.17,12100
CTXS,20110622,76.66,76.96,75.89,76.1,1177100
CU,20110622,39.39,39.95,39.19,39.23,314500
CUBA,20110622,7.03,7.05,6.99,7.03,34800
CUTR,20110622,7.88,8.1,7.82,8.03,80200
CVBF,20110622,9.21,9.29,9.04,9.05,643800
CVCO,20110622,40.45,41.37,39.56,39.58,23800
CVCY,20110622,6.69,6.9,6.69,6.85,6200
CVGI,20110622,14.07,14.32,13.77,13.78,92000
CVGW,20110622,21.08,21.44,20.61,20.61,33400
CVLT,20110622,41.18,42.04,40.76,41.59,541000
CVLY,20110622,10.35,10.43,10.35,10.35,3000
CVTI,20110622,8.25,8.35,8.15,8.31,22400
CVV,20110622,13.63,13.7,13.42,13.6,28900
CWBC,20110622,3.51,3.63,3.45,3.45,2100
CWCO,20110622,9.33,9.33,9.01,9.07,38000
CWEI,20110622,59.36,60.94,58.22,58.45,119300
CWST,20110622,5.4,5.54,5.37,5.39,93600
CWTR,20110622,5.24,5.48,5.08,5.08,678500
CXDC,20110622,4.03,4.09,3.94,4,71600
CXPO,20110622,3.63,3.78,3.5,3.61,110300
CY,20110622,20.07,20.41,19.87,20.01,1521800
CYAN,20110622,3.11,3.11,3.07,3.1,2100
CYBE,20110622,9.6,9.63,9.5,9.6,7400
CYBX,20110622,24.98,25.28,24.94,25.09,218500
CYCC,20110622,8.89,9.03,8.89,8.89,174900
CYCCP,20110622,4.25,4.25,4.25,4.25,0
CYMI,20110622,45.89,47.37,45.83,46.83,205900
CYNO,20110622,11.39,11.4,11.06,11.08,18100
CYOU,20110622,37.73,39.39,37.51,38.89,270000
CYTK,20110622,1.16,1.18,1.14,1.15,349300
CYTR,20110622,5.46,5.6,5.32,5.39,639100
CYTX,20110622,5.04,5.05,4.83,4.86,262900
CYTXW,20110622,3.35,3.39,3.25,3.39,3800
CZFC,20110622,7.37,7.37,7.37,7.37,0
CZNC,20110622,14.98,15.05,14.51,14.55,10700
CZWI,20110622,5.48,5.5,5.43,5.49,5000
DAIO,20110622,5.66,5.8,5.66,5.75,7300
DAKT,20110622,10.33,10.47,10.11,10.14,288400
DARA,20110622,2.63,2.64,2.41,2.43,30800
DATE,20110622,10.1,10.59,10.05,10.39,126600
DAVE,20110622,9.01,9.11,9.01,9.09,11800
DBLE,20110622,7.47,8.16,7.33,8.15,309200
DBLEP,20110622,25.59,25.67,25.38,25.41,5000
DCIX,20110622,6.97,7.15,6.97,7.11,316500
DCOM,20110622,13.92,14.19,13.92,14.01,86600
DCTH,20110622,5.21,5.45,5.17,5.34,384500
DECK,20110622,83.57,84.85,81.82,82.09,623000
DELL,20110622,16.31,16.42,16.18,16.21,13980300
DENN,20110622,3.92,3.96,3.88,3.91,375100
DEPO,20110622,7.92,8.19,7.85,7.9,886600
DEST,20110622,18.68,18.68,17.89,17.98,90000
DFZ,20110622,11.28,11.36,11,11.03,8900
DGAS,20110622,16.1,16.31,16.1,16.31,1200
DGICA,20110622,12.55,12.77,12.49,12.55,27000
DGICB,20110622,15.39,15.39,15.39,15.39,0
DGII,20110622,12.62,13.03,12.58,13,112800
DGIT,20110622,29.8,30.57,29.68,29.68,255600
DGLY,20110622,1.08,1.12,1.07,1.1,11100
DHIL,20110622,82.14,82.21,80.02,80.39,7600
DHRM,20110622,2.4,2.5,2.39,2.5,800
DIOD,20110622,24.27,25.19,24.21,24.46,226500
DISCA,20110622,41.78,42.05,41.57,41.69,1202400
DISCB,20110622,41.5,41.83,41.5,41.83,1100
DISCK,20110622,37.44,37.76,37.34,37.34,404900
DISH,20110622,28.48,28.8,28.43,28.5,2204900
DJCO,20110622,72.5,72.5,72.5,72.5,2000
DLGC,20110622,22.05,22.65,20.6,22.05,33100
DLIA,20110622,1.65,1.72,1.64,1.72,66000
DLLR,20110622,21.81,22.03,21.44,21.48,297600
DLTR,20110622,32.705,32.87,32.435,32.645,1175100
DMLP,20110622,26.64,26.95,26.51,26.61,5400
DMND,20110622,72.63,74.23,72.63,73.5,247900
DMRC,20110622,30.22,30.39,29.89,29.89,49200
DNBF,20110622,10.01,10.01,10.01,10.01,100
DNDN,20110622,39.09,39.59,38.98,39.03,1214900
DORM,20110622,18.455,18.795,18.19,18.19,15000
DOVR,20110622,4.47,4.6,4.47,4.57,2100
DRAD,20110622,2.66,2.67,2.63,2.65,5200
DRAM,20110622,9.66,9.72,9.66,9.72,1500
DRCO,20110622,12.55,12.72,12.21,12.61,97500
DRIV,20110622,31.08,31.37,31,31.21,218600
DRRX,20110622,2.94,2.95,2.81,2.81,246800
DRWI,20110622,5.73,5.86,5.55,5.62,295700
DRYS,20110622,4.06,4.12,4.04,4.08,5429600
DSCI,20110622,8.28,8.44,7.89,8.44,90600
DSCO,20110622,2.09,2.25,2.09,2.15,378800
DSGX,20110622,6.58,6.69,6.52,6.57,60200
DSPG,20110622,8.5,8.64,8.34,8.48,208900
DSWL,20110622,2.67,2.67,2.57,2.58,20400
DTLK,20110622,6.44,6.73,6.34,6.58,75200
DTSI,20110622,41.56,42.01,41.14,41.16,42600
DTV,20110622,47.75,47.94,47.52,47.65,4130900
DVAX,20110622,2.54,2.56,2.51,2.52,996600
DVOX,20110622,7.4,7.48,7.24,7.24,16100
DWA,20110622,21.46,21.62,21.32,21.36,1404000
DWCH,20110622,5.63,5.71,5.63,5.71,16600
DWSN,20110622,32.18,32.93,31.92,32.2,45900
DXCM,20110622,14.42,15.08,14.42,14.7,792700
DXPE,20110622,23.57,24.01,23.57,23.9,64200
DXYN,20110622,4.3,4.31,4.29,4.31,12900
DYAX,20110622,2.05,2.09,2,2,420100
DYNT,20110622,6.55,7.5,6.55,7.1,24600
DYSL,20110622,3.46,3.46,3.46,3.46,100
EBAY,20110622,29.62,29.67,29.3,29.34,10372200
EBIX,20110622,20.46,20.95,20.45,20.77,342900
EBMT,20110622,10.6,10.6,10.6,10.6,100
EBSB,20110622,12.52,12.6,12.42,12.42,13400
EBTC,20110622,17.31,17.4,16.26,16.87,16800
ECHO,20110622,16.92,17.35,16.86,16.91,344500
ECOL,20110622,17.4,17.5,16.95,16.95,29800
ECPG,20110622,30.01,30.77,29.84,30.34,126700
ECTY,20110622,2.6,2.64,2.5,2.51,1949100
ECYT,20110622,11.9,12.05,11.75,11.75,57600
EDAC,20110622,4.29,4.42,4.24,4.36,5100
EDAP,20110622,3.4,3.52,3.32,3.33,57100
EDGW,20110622,2.8,2.8,2.8,2.8,0
EDMC,20110622,24.27,24.57,23.96,24.04,204500
EDS,20110622,4.84,5.14,4.78,4.98,40100
EDUC,20110622,5.34,5.46,5.34,5.46,1300
EEFT,20110622,15.67,15.97,15.61,15.62,115400
EEI,20110622,16.43,17.3,16.43,16.96,8100
EFII,20110622,16.2,16.46,16.2,16.21,173700
EFSC,20110622,13.37,13.65,12.81,12.85,71800
EFUT,20110622,3.45,3.57,3.45,3.49,11500
EGBN,20110622,12.92,12.95,12.61,12.63,26900
EGHT,20110622,4.13,4.24,3.93,3.95,1450000
EGLE,20110622,9.32,9.6,9.2,9.2,634700
EGOV,20110622,12.7,12.85,12.64,12.67,275500
EHTH,20110622,13.09,13.3,13.09,13.15,74900
EIHI,20110622,13.24,13.25,13.15,13.24,4900
ELGX,20110622,8.37,8.45,8.11,8.13,211200
ELNK,20110622,7.6,7.8,7.53,7.7,2721400
ELON,20110622,8.6,8.8,8.5,8.53,132800
ELOS,20110622,11.59,11.82,11.51,11.56,336600
ELRC,20110622,16.59,16.82,16.35,16.39,26500
ELSE,20110622,4.72,4.72,4.66,4.66,300
ELTK,20110622,1.3,1.35,1.3,1.33,10800
EMCF,20110622,16.01,16.01,16.01,16.01,200
EMCI,20110622,19.27,19.44,18.86,18.87,10000
EMFN,20110622,27.4,27.4,27.4,27.4,0
EMIF,20110622,34.29,34.41,34.14,34.14,6400
EMITF,20110622,6.46,6.58,6.46,6.58,300
EMKR,20110622,9.12,9.44,8.96,9.12,765000
EMMS,20110622,1.15,1.18,1.05,1.08,282900
EMMSP,20110622,19.97,19.99,19.5,19.86,1100
EMMT,20110622,25.78,25.91,25.78,25.87,600
ENDP,20110622,39.43,39.8,39.31,39.35,825000
ENG,20110622,3.29,3.31,3.26,3.26,6600
ENMD,20110622,2.95,3.03,2.75,2.84,81500
ENOC,20110622,15.67,16.01,15.54,15.77,121500
ENSG,20110622,32.24,32.43,32.05,32.2,71500
ENTG,20110622,9.41,9.83,9.38,9.64,2418300
ENTR,20110622,8,8.24,7.97,8.09,1198700
ENZN,20110622,10.1,10.24,10,10.17,335600
EONC,20110622,1.78,1.87,1.78,1.8,5400
EPAX,20110622,9.31,9.31,9.01,9.01,32500
EPAY,20110622,22.87,23.34,22.57,23.17,124400
EPIQ,20110622,13.96,14.09,13.9,13.95,71400
EQIX,20110622,99.6,101.04,98.86,99.72,549100
ERIC,20110622,13.76,13.92,13.68,13.7,3358600
ERIE,20110622,67.73,68.19,67.68,67.68,49900
ERII,20110622,2.83,2.91,2.65,2.87,143600
EROC,20110622,10.8,11.05,10.77,11.02,155600
ESBF,20110622,13.08,13.15,12.97,12.97,23200
ESBK,20110622,16.57,16.57,16.57,16.57,0
ESCA,20110622,5.73,5.96,5.73,5.95,1200
ESEA,20110622,4.35,4.49,4.34,4.37,15200
ESGR,20110622,100,100.72,99.8,99.99,19900
ESIO,20110622,17.07,17.18,16.87,17.07,112900
ESLT,20110622,49.03,49.39,48.82,49,16100
ESMC,20110622,1.17,1.17,1.17,1.17,2400
ESRX,20110622,54.95,55.4,54.23,54.29,5537500
ESSA,20110622,12.22,12.31,12.02,12.09,37600
ESSX,20110622,6.76,6.91,6.54,6.72,44000
ESYS,20110622,5.47,5.47,5.45,5.45,200
ETFC,20110622,13.89,14.07,13.69,13.7,2774200
ETRM,20110622,2.56,2.62,2.55,2.55,133400
EUFN,20110622,22.11,22.14,21.75,21.75,15500
EVBS,20110622,3.56,3.56,3.56,3.56,0
EVEP,20110622,50.8,51.9,50,50.47,138700
EVOL,20110622,6.95,6.95,6.84,6.93,10000
EWBC,20110622,19.4,19.64,19.3,19.33,1124500
EXAC,20110622,18.33,18.34,17.96,17.96,8200
EXAR,20110622,6,6.07,5.97,6,95700
EXAS,20110622,7.81,8.11,7.71,8.01,608900
EXEL,20110622,9.14,9.2,8.95,8.96,807800
EXFO,20110622,8.22,8.59,8.17,8.57,23700
EXLP,20110622,25.83,25.95,25.35,25.81,261900
EXLS,20110622,22.74,23.27,22.67,22.75,43400
EXPD,20110622,48.1,48.95,48.09,48.46,2323500
EXPE,20110622,28.25,28.79,28.06,28.07,4716600
EXPO,20110622,42.84,42.84,41.98,41.99,17800
EXTR,20110622,3.09,3.21,3.09,3.15,405300
EXXI,20110622,30.6,31.8,30.57,31.61,1003900
EZCH,20110622,34.33,34.51,33.76,33.83,87700
EZPW,20110622,31.21,31.81,31.14,31.17,190700
FABK,20110622,12.75,12.75,12.63,12.74,14700
FALC,20110622,4.21,4.28,4.06,4.07,70900
FARM,20110622,9.9,10,9.46,9.49,27400
FARO,20110622,40.51,40.97,39.66,40.72,109900
FAST,20110622,33.74,34,33.5,33.53,1225100
FBIZ,20110622,12.85,12.85,12.85,12.85,0
FBMI,20110622,5.75,5.75,5.75,5.75,200
FBMS,20110622,10,10,9.86,10,900
FBNC,20110622,11.48,11.73,10.8,10.92,20000
FBSS,20110622,12.21,12.5,12.21,12.5,300
FCAL,20110622,3.59,3.59,3.52,3.52,7600
FCAP,20110622,16.95,16.96,16.95,16.96,500
FCBC,20110622,14.63,14.79,14.29,14.35,16000
FCCO,20110622,6.65,6.65,6.65,6.65,0
FCCY,20110622,7.55,7.6,7.55,7.6,300
FCEL,20110622,1.44,1.48,1.44,1.46,689900
FCFC,20110622,6.63,6.72,6.51,6.65,8200
FCFS,20110622,39.18,40.16,38.95,38.96,140200
FCHI,20110622,48.64,49.01,48.61,48.61,3300
FCLF,20110622,6.99,6.99,6.99,6.99,0
FCNCA,20110622,185.74,186.61,184.42,185.18,11500
FCTY,20110622,3.79,3.8,3.79,3.8,500
FCVA,20110622,4.1,4.1,4.1,4.1,0
FCZA,20110622,3.85,3.86,3.85,3.86,700
FDEF,20110622,14.62,14.85,14.26,14.4,21800
FDML,20110622,20.36,21.19,20.29,21.03,295900
FDUS,20110622,14.9,15.81,14.76,14.91,93600
FEFN,20110622,23.77,23.77,23.77,23.77,0
FEIC,20110622,38.21,38.31,37.15,37.17,429800
FEIM,20110622,9.49,9.54,9.33,9.5,28900
FELE,20110622,22.105,22.34,21.915,21.92,37900
FFBC,20110622,15.99,16.2,15.8,15.82,268900
FFBCW,20110622,5.22,5.22,5.22,5.22,0
FFBH,20110622,6.44,6.91,5.87,6.2,47000
FFCH,20110622,10.01,10.04,9.63,9.63,16500
FFCO,20110622,14.91,14.91,14.36,14.49,1200
FFEX,20110622,3.48,3.59,3.43,3.57,8300
FFHL,20110622,2.71,2.88,2.6,2.7,45600
FFIC,20110622,12.57,12.83,12.53,12.61,188700
FFIN,20110622,33.94,34.25,33.65,33.65,141100
FFIV,20110622,105.65,108.4,104.68,104.81,3043900
FFKT,20110622,5.54,5.54,5.45,5.47,3100
FFKY,20110622,2.33,2.46,2.33,2.39,2300
FFN,20110622,4.19,4.25,3.9,3.93,879200
FFNM,20110622,3.51,3.77,3.49,3.67,4400
FFNW,20110622,5.31,5.32,5.17,5.23,74200
FHCO,20110622,4.91,4.95,4.85,4.87,58800
FIBK,20110622,14.6,14.68,14.46,14.51,37200
FINL,20110622,22.98,23.21,22.23,22.29,1655200
FIRE,20110622,27.6,28.41,27.54,27.55,386700
FISI,20110622,16.37,16.5,16.07,16.09,30200
FISV,20110622,61.65,61.9,61.32,61.33,736300
FITB,20110622,12.61,12.69,12.39,12.4,10160300
FITBP,20110622,140.5,141.23,139.9,139.9,3200
FIZZ,20110622,14.07,14.47,13.64,14.1,28900
FLDM,20110622,14.03,14.14,13.76,13.78,22200
FLEX,20110622,6.36,6.69,6.36,6.43,9981600
FLIC,20110622,27.52,27.62,27.25,27.3,10100
FLIR,20110622,32.94,32.97,32.73,32.8,1533400
FLML,20110622,5.12,5.21,5.1,5.19,11600
FLOW,20110622,4.01,4.09,3.89,4.05,162300
FLWS,20110622,2.78,2.81,2.69,2.75,113600
FLXS,20110622,13.96,14.02,13.93,14.02,600
FMBI,20110622,12.22,12.37,12.04,12.04,280900
FMCN,20110622,27.04,27.53,26.66,26.68,2261500
FMER,20110622,15.99,16.25,15.98,16.05,724800
FMFC,20110622,3.65,3.65,3.65,3.65,1400
FNBN,20110622,0.47,0.47,0.4,0.43,7500
FNFG,20110622,13.53,13.63,13.46,13.48,2965800
FNGN,20110622,23.56,24.31,23.53,23.9,302600
FNLC,20110622,14.41,14.57,14.21,14.21,7900
FNSR,20110622,15.51,16.08,15.48,15.76,4255500
FOLD,20110622,6.25,6.3,6.03,6.19,67900
FONE,20110622,26.16,26.24,26.15,26.15,1500
FONR,20110622,2.13,2.19,2.07,2.09,30400
FORD,20110622,3.01,3.01,2.75,2.79,29200
FORM,20110622,8.69,8.85,8.51,8.69,209300
FORR,20110622,34.67,34.73,33.98,33.98,18700
FORTY,20110622,16.2,16.2,16.05,16.2,2700
FOSL,20110622,113.69,114.8,112.17,112.43,461700
FRBK,20110622,2.05,2.12,2.04,2.12,7500
FRED,20110622,14.33,14.44,14.02,14.02,240700
FREE,20110622,18.5,18.9,18.1,18.1,2100
FRME,20110622,8.69,8.82,8.58,8.71,53300
FRNK,20110622,11.9,11.99,11.85,11.99,212600
FRP,20110622,10.22,10.38,10,10.05,113900
FSBK,20110622,3.73,3.79,3.62,3.65,32700
FSCI,20110622,29.16,29.51,28.15,28.25,44300
FSFG,20110622,16.46,16.46,16.25,16.25,300
FSGI,20110622,0.59,0.59,0.59,0.59,400
FSLR,20110622,123.87,125.09,120.94,122.95,1502800
FSRV,20110622,34.92,36.73,34.92,36.18,11400
FSTR,20110622,32.33,32.33,31.11,31.3,41600
FSYS,20110622,23.61,23.85,22.97,23.35,312000
FTEK,20110622,6.2,6.37,6.02,6.04,196300
FTNT,20110622,24.5,25.36,23.94,24.66,2398500
FUBC,20110622,6.08,6.2,6.03,6.07,41500
FULL,20110622,8.01,8.06,7.88,7.89,31500
FULT,20110622,10.65,10.83,10.65,10.78,1000800
FUNC,20110622,5.05,5.05,4.41,4.64,19000
FUND,20110622,7.52,7.61,7.52,7.55,6300
FURX,20110622,17.44,17.51,17.22,17.22,9700
FWLT,20110622,30.02,30.44,29.77,29.81,1600600
FWRD,20110622,32.29,33.13,32.25,32.82,150000
FXCB,20110622,13.84,13.89,13.66,13.85,37500
FXEN,20110622,7.93,8.23,7.75,8,281600
GABC,20110622,16.78,16.85,16.5,16.51,12600
GAGA,20110622,5.56,5.79,5.5,5.68,21600
GAI,20110622,5,5,5,5,0
GAIA,20110622,4.7,4.86,4.6,4.81,243500
GAIN,20110622,7.3,7.3,7.18,7.22,79400
GAME,20110622,6.25,6.41,6.25,6.35,354200
GASS,20110622,4.4,4.42,4.29,4.3,91200
GBCI,20110622,13.43,13.5,13.17,13.18,429000
GBDC,20110622,14.57,14.83,14.46,14.47,34500
GBLI,20110622,21.47,21.82,21.28,21.3,21100
GBNK,20110622,1.33,1.33,1.33,1.33,0
GCBC,20110622,17.53,18.43,17.53,18.43,600
GCFB,20110622,3.22,3.33,3.22,3.24,2400
GCOM,20110622,15.09,15.26,15,15.16,88200
GCVRZ,20110622,2.39,2.41,2.35,2.36,894600
GENC,20110622,7.74,7.74,7.65,7.69,2100
GENE,20110622,5.57,5.73,5.55,5.67,44400
GENT,20110622,9.27,9.42,9.27,9.28,4600
GERN,20110622,3.91,4.3,3.9,3.98,2001100
GEVO,20110622,13.5,14.35,13.5,13.54,156500
GFED,20110622,5.22,5.22,5.22,5.22,0
GFN,20110622,2.99,2.99,2.96,2.99,600
GFNCL,20110622,3.46,3.46,3.46,3.46,0
GGAL,20110622,13.01,13.09,12.8,13.07,211600
GHDX,20110622,26.7,27.19,26.52,26.87,137200
GIFI,20110622,29.31,30,29.01,29.03,56700
GIGA,20110622,1.97,2.12,1.97,2.12,13200
GIGM,20110622,1.2,1.24,1.19,1.22,177800
GIII,20110622,35.9,36.36,34.22,34.65,177900
GILD,20110622,19.95,20.225,19.825,20.025,5323300
GILT,20110622,4.73,4.73,4.53,4.64,70500
GIVN,20110622,21.07,21.35,21.06,21.09,43800
GKNT,20110622,25.03,25.42,24.51,25.06,32800
GLAD,20110622,9.37,9.44,9.35,9.38,83400
GLBS,20110622,8.96,10.4,8.96,10.2,19300
GLBZ,20110622,8.82,8.82,8.82,8.82,0
GLCH,20110622,2.4,2.47,2.34,2.35,589200
GLDC,20110622,3.3,3.4,3.1,3.27,14600
GLDD,20110622,5.44,5.55,5.4,5.42,232400
GLNG,20110622,31.85,33.88,31.85,33.01,668900
GLPW,20110622,25.87,26.1,25.3,25.68,69000
GLRE,20110622,25.69,25.91,25.55,25.71,60200
GLUU,20110622,4.54,4.71,4.5,4.52,1451400
GMAN,20110622,17.12,17.29,16.78,16.8,46700
GMCR,20110622,82.9,85.37,82.75,83.75,1964300
GMETP,20110622,12.02,12.02,12.02,12.02,0
GMLP,20110622,26.78,27.75,26.67,27.7,296300
GNCMA,20110622,12.02,12.13,11.9,11.91,96800
GNMK,20110622,5.77,6.35,5.77,6.04,81500
GNTX,20110622,29.14,29.54,28.99,28.99,815100
GNVC,20110622,3,3.25,2.99,3.13,415500
GOLD,20110622,77.85,80.26,77.83,79.64,674600
GOOD,20110622,17.41,17.6,17.38,17.45,46700
GOODO,20110622,24.96,25,24.91,24.99,1200
GOODP,20110622,24.9,24.9,24.74,24.85,2000
GOOG,20110622,491.45,492.35,486.73,487.01,2407900
GPIC,20110622,7.38,7.43,7.3,7.3,3900
GPOR,20110622,25.56,26.31,25.34,25.4,448100
GPRC,20110622,2.5,2.8,2.5,2.78,9100
GPRE,20110622,10.36,10.55,10.25,10.33,196400
GRFS,20110622,14.24,14.38,14.2,14.2,815500
GRID,20110622,32.12,32.12,32.12,32.12,0
GRIF,20110622,27,27.02,26.85,26.98,1200
GRMN,20110622,33.91,34.19,33.8,33.97,550200
GROW,20110622,7.32,7.49,7.1,7.15,51100
GRVY,20110622,1.55,1.6,1.55,1.56,13800
GSBC,20110622,18.8,19.16,18.58,18.62,22500
GSIG,20110622,11.71,12.09,11.45,11.8,195900
GSIT,20110622,6.6,6.76,6.54,6.6,85100
GSJK,20110622,17.8,18.47,17.8,18.09,53900
GSM,20110622,20.75,21.25,20.63,20.68,441100
GSOL,20110622,9.42,9.42,9.05,9.14,69300
GSVC,20110622,11.37,11.37,10.69,10.92,3000
GTIM,20110622,1.91,1.91,1.81,1.81,2600
GTIV,20110622,19.8,20.08,19.51,19.65,232400
GTLS,20110622,47.28,48.9,47.15,48.01,302900
GTXI,20110622,5.39,5.43,5.2,5.23,270700
GUID,20110622,7.54,7.68,7.52,7.53,18100
GULF,20110622,15.72,15.72,15.5,15.6,13400
GYRO,20110622,67.47,67.47,67.47,67.47,0
HA,20110622,5.71,5.74,5.64,5.69,305100
HAFC,20110622,0.95,0.95,0.87,0.88,1084500
HAIN,20110622,32.53,33.99,32.53,32.63,503600
HALL,20110622,7.11,7.16,6.94,6.95,398500
HALO,20110622,6.6,6.74,6.55,6.6,218300
HAS,20110622,43.74,44.13,43.71,43.85,1261100
HAST,20110622,3.92,3.98,3.85,3.93,17500
HAUP,20110622,1.8,1.95,1.7,1.76,36300
HAYN,20110622,57.01,58.27,56.28,56.46,133000
HBAN,20110622,6.36,6.43,6.3,6.3,6383300
HBANP,20110622,1150.17,1150.17,1148,1148,500
HBCP,20110622,14.38,14.81,14.25,14.36,19900
HBHC,20110622,31.67,31.88,31.05,31.13,481100
HBIO,20110622,5.4,5.57,5.08,5.42,113400
HBNC,20110622,12.0089,12.0933,11.6089,11.8667,5700
HBNK,20110622,13.24,13.25,13.24,13.25,3500
HBOS,20110622,11.7,11.74,11,11.38,23900
HCBK,20110622,8.18,8.22,8.14,8.16,3674600
HCCI,20110622,17.31,17.57,16.72,17.21,20600
HCIIP,20110622,9.9,9.95,9.9,9.95,1500
HCKT,20110622,4.93,4.95,4.83,4.85,219100
HCSG,20110622,16.04,16.1,15.81,15.82,252700
HDNG,20110622,10.38,10.44,10.19,10.35,32100
HDSN,20110622,1.56,1.62,1.56,1.62,6000
HEES,20110622,13.55,13.79,13.2,13.2,87000
HELE,20110622,32.83,33.13,32.59,32.62,164200
HEOP,20110622,3.55,3.66,3.54,3.66,700
HERO,20110622,5.23,5.55,5.16,5.38,3382600
HFBC,20110622,7.68,7.99,7.68,7.77,1200
HFBL,20110622,12.89,12.89,12.89,12.89,0
HFFC,20110622,10.71,10.71,10.57,10.71,3000
HFWA,20110622,13.11,13.17,12.97,12.99,7800
HGSH,20110622,2.44,2.45,2.26,2.29,2500
HIBB,20110622,39.71,39.9,38.71,38.72,299300
HIFS,20110622,52.99,53,52.51,52.51,1700
HIHO,20110622,2.97,2.97,2.83,2.9,900
HILL,20110622,2.74,2.76,2.7,2.75,178600
HIMX,20110622,2.14,2.15,2.1,2.11,142700
HITK,20110622,26.5,26.53,25.64,25.67,79500
HITT,20110622,58.37,59.43,58.37,58.6,67800
HLIT,20110622,7.1,7.24,7.08,7.1,698500
HMIN,20110622,36.08,36.1,35,35.14,454100
HMNF,20110622,2.41,2.5,2.41,2.45,2200
HMNY,20110622,0.75,0.75,0.75,0.75,1000
HMPR,20110622,17.11,17.11,16.29,16.4,196000
HMSY,20110622,24.39,24.8633,24.39,24.74,102300
HNH,20110622,15.03,15.86,14.98,15.85,73400
HNRG,20110622,9.5,9.56,9.4,9.42,33800
HNSN,20110622,2.98,2.99,2.82,2.84,827000
HOFT,20110622,9,9.1,8.79,8.97,192500
HOGS,20110622,12.41,13.29,11.77,11.92,1275000
HOLI,20110622,9.44,9.75,9.37,9.7,290500
HOLL,20110622,1.47,1.47,1.46,1.47,900
HOLX,20110622,20.38,20.83,20.31,20.46,2753100
HOMB,20110622,24.42,24.42,23.92,23.93,45400
HOME,20110622,11.26,11.29,10.7,10.7,25300
HOTT,20110622,7.53,7.6,7.2,7.2,468200
HOVNP,20110622,4.38,4.59,4.27,4.49,23300
HPCCP,20110622,26.1,26.1,26.1,26.1,500
HPJ,20110622,1.35,1.37,1.31,1.31,46700
HPOL,20110622,0.89,0.89,0.75,0.85,43400
HRZN,20110622,15.4,15.48,15.31,15.42,44600
HSIC,20110622,71.53,71.98,70.84,70.9,385300
HSII,20110622,21.8,21.8,21.29,21.38,71200
HSKA,20110622,9.59,10.04,9.59,9.91,21100
HSNI,20110622,31.32,31.55,30.74,30.84,284500
HSOL,20110622,5.58,6.14,5.4,5.89,4819000
HSTM,20110622,11.1,11.42,10.84,11.2,244500
HTBK,20110622,5.19,5.21,5.01,5.08,65600
HTCH,20110622,2.37,2.42,2.32,2.33,168100
HTCO,20110622,11.64,12,11.55,11.84,55000
HTHT,20110622,17.04,17.25,17.04,17.1,150100
HTLD,20110622,16.06,16.29,15.91,15.92,459300
HTLF,20110622,14.31,14.32,14.01,14.03,20300
HTWR,20110622,70.25,72.1,70.25,71.27,177300
HUBG,20110622,36.58,37.27,36.48,36.85,238100
HURC,20110622,30.38,30.99,29.97,30.33,36500
HURN,20110622,31.1,31.14,30.48,30.48,91700
HWAY,20110622,14.88,15.19,14.82,14.82,93800
HWBK,20110622,7.63,7.63,7.63,7.63,0
HWCC,20110622,14.91,15.02,14.28,14.28,37100
HWKN,20110622,36.32,36.46,35.29,35.45,30900
HYGS,20110622,6.07,6.59,6.07,6.5,32200
IACI,20110622,36.99,38.13,36.87,37.48,995100
IART,20110622,47.84,48.4,47.5,47.5,209100
IBB,20110622,103.31,104.29,103.18,103.53,261900
IBCA,20110622,2.9,2.94,2.9,2.94,15700
IBCP,20110622,2.01,2.06,2.01,2.02,41800
IBCPO,20110622,15.3,15.3,15.3,15.3,0
IBKC,20110622,57.55,57.77,56.99,57.08,62100
IBKR,20110622,16.28,16.32,16.12,16.14,303600
IBOC,20110622,16.4,16.57,16.21,16.23,110200
ICAD,20110622,1.05,1.06,1.01,1.03,24600
ICCC,20110622,6.68,7.37,6.5,7.3,19600
ICFI,20110622,25.2,25.65,25.06,25.3,73300
ICGE,20110622,12.71,12.89,12.42,12.44,161100
ICLN,20110622,15.79,15.92,15.75,15.77,16800
ICLR,20110622,24.62,24.76,24.02,24.12,178800
ICON,20110622,23.56,23.84,23.31,23.32,469100
ICUI,20110622,42.26,42.81,42.26,42.41,27700
IDCC,20110622,37.5,37.74,36.9,37.51,656500
IDIX,20110622,5.15,5.27,5.1,5.18,296100
IDRA,20110622,2.2,2.23,2.15,2.18,6400
IDSA,20110622,10.2,10.33,9.32,9.69,58100
IDSY,20110622,4.62,4.65,4.41,4.61,11200
IDTI,20110622,7.47,7.54,7.42,7.46,1736100
IDXX,20110622,75.43,75.76,74.93,75.4,469500
IESC,20110622,3.29,3.29,3.29,3.29,0
IFAS,20110622,29.28,29.28,29.28,29.28,0
IFEU,20110622,33.58,33.68,33.35,33.35,20600
IFGL,20110622,30.46,30.68,30.44,30.44,55900
IFNA,20110622,43.56,43.56,43.56,43.56,100
IFON,20110622,0.68,0.7,0.68,0.7,2900
IFSM,20110622,37.93,38.49,37.93,38.06,2700
IGLD,20110622,23.05,23.42,22.53,22.82,7400
IGOI,20110622,23.4,24.48,23.4,23.76,37800
IGOV,20110622,106.2,106.2,105.56,105.92,6700
IGTE,20110622,15.64,15.98,15.5,15.57,225600
III,20110622,1.79,1.8,1.76,1.76,21100
IIIN,20110622,12.38,12.49,11.8,11.94,83900
IIJI,20110622,9.4,9.51,9.23,9.29,81700
IILG,20110622,13.3,13.43,13.22,13.29,122700
IIN,20110622,3.8,3.8,3.7,3.7,3400
IIVI,20110622,25.13,25.855,25.015,25.02,167100
IKAN,20110622,1.22,1.28,1.19,1.2,381200
IKNX,20110622,7.79,7.87,7.65,7.65,6300
ILMN,20110622,73.79,75.15,73.43,74.6,1531300
IMGN,20110622,11.88,11.92,11.66,11.66,408800
IMKTA,20110622,16.91,17.1,16.64,16.64,15500
IMMR,20110622,8.12,8.5,8.11,8.31,123300
IMMU,20110622,3.75,3.81,3.71,3.73,368000
IMOS,20110622,8.98,9.05,8.94,9,24200
IMRS,20110622,6.82,6.82,6.51,6.57,88700
INAP,20110622,7.44,7.6,7.38,7.38,214400
INCY,20110622,18.57,18.94,18.39,18.39,824900
INDB,20110622,26.99,26.99,26.37,26.39,52800
INDY,20110622,26.99,27.1,26.87,26.87,47700
INFA,20110622,56.55,56.9,56.19,56.44,1006600
INFI,20110622,7.47,7.8,7.34,7.67,76700
INFN,20110622,6.42,6.56,6.36,6.38,668600
ININ,20110622,33.63,34.47,33.44,33.47,51300
INOC,20110622,1.45,1.45,1.45,1.45,0
INOD,20110622,2.65,2.68,2.62,2.64,13400
INPH,20110622,3.79,4.01,3.76,3.93,39500
INSM,20110622,11.76,12.18,11.6,11.85,187200
INTC,20110622,21.54,21.61,21.38,21.4,37686400
INTG,20110622,23.75,24.25,23.56,23.56,2000
INTL,20110622,23.78,24.25,23.61,23.61,26600
INTT,20110622,3.32,3.35,3.3,3.32,5600
INTU,20110622,50.08,50.87,49.88,50.37,2655900
INTX,20110622,16.17,16.91,16.14,16.5,240300
INVE,20110622,2.45,2.45,2.35,2.39,271800
INWK,20110622,8.4,8.45,8.15,8.18,144600
IOSP,20110622,32.6,32.6,31.93,32.12,242900
IPAR,20110622,22.14,22.2,21.78,21.82,199000
IPAS,20110622,1.51,1.65,1.51,1.53,476200
IPCC,20110622,53.91,54.18,52.8,52.87,26600
IPCI,20110622,3.69,3.71,3.43,3.57,67500
IPCM,20110622,46.34,46.91,46.14,46.14,53700
IPGP,20110622,63.59,66.74,62.35,64.5,380600
IPHS,20110622,47.07,48.09,47,47.36,138300
IPXL,20110622,20.62,20.89,20.45,20.53,787800
IRBT,20110622,30.65,31.74,30.61,31.08,131300
IRDM,20110622,8.61,8.64,8.41,8.52,577100
IRDMZ,20110622,1.9,1.9,1.9,1.9,300
IRIX,20110622,3.86,3.93,3.86,3.93,2400
IRWD,20110622,15.82,16.47,15.79,16,874400
ISBC,20110622,13.93,14.01,13.81,13.81,218600
ISCA,20110622,27.66,27.93,27.51,27.55,111400
ISHG,20110622,108.31,108.69,107.62,108.07,10000
ISIG,20110622,4.13,4.15,4.07,4.1,2000
ISIL,20110622,12.51,12.63,12.37,12.48,643800
ISIS,20110622,8.8,8.99,8.71,8.79,464500
ISLE,20110622,8.61,8.86,8.52,8.6,93000
ISNS,20110622,10.95,10.99,10.57,10.8,3600
ISRG,20110622,351.4,360,351.25,352.52,325000
ISRL,20110622,59.55,64,59.55,60.32,9100
ISSC,20110622,5.44,5.44,5.38,5.38,700
ISSI,20110622,8.9,9.11,8.81,8.82,83100
ITIC,20110622,40.8,40.8,39.37,39.55,700
ITMN,20110622,34.72,35.31,34.62,34.66,563400
ITRI,20110622,47.81,48.48,47.5,47.97,273000
ITRN,20110622,13.77,13.97,13.71,13.77,22300
IVAC,20110622,10.25,10.25,9.83,9.88,68400
IVAN,20110622,1.92,1.98,1.89,1.93,657400
IXYS,20110622,13.2,13.36,13.09,13.1,40800
JACK,20110622,21.98,22.54,21.85,22.31,528900
JADE,20110622,3.23,3.3,3.2,3.27,61600
JAKK,20110622,18.03,18.41,17.94,17.97,183100
JASO,20110622,25.85,27.6,25.45,27.45,6249000
JAXB,20110622,6.55,6.55,6.35,6.35,1800
JAZZ,20110622,30.75,31.62,30.52,31.38,679200
JBHT,20110622,45.76,46.71,45.66,45.74,719100
JBLU,20110622,6.1,6.2,6.06,6.07,2520500
JBSS,20110622,8.59,8.62,8.26,8.33,30600
JCOM,20110622,28.02,28.26,27.75,27.81,176800
JCS,20110622,17.52,17.64,17.13,17.62,47300
JCTCF,20110622,9.87,9.87,9.87,9.87,0
JDSU,20110622,16.22,16.5,16.15,16.2,4912500
JFBI,20110622,3.4,3.4,3.4,3.4,0
JJSF,20110622,48.83,49.38,48.64,48.64,17900
JKHY,20110622,29.53,29.71,29.34,29.37,329200
JMBA,20110622,2.09,2.12,2.06,2.07,246200
JOBS,20110622,50.51,52,50.51,50.67,102800
JOEZ,20110622,0.94,0.98,0.87,0.88,465800
JOSB,20110622,48.57,49.22,47.59,47.61,284400
JOUT,20110622,15.73,15.75,15.23,15.28,9300
JRCC,20110622,19.25,19.87,19.15,19.51,531900
JRJC,20110622,3.41,3.41,3.24,3.29,49900
JST,20110622,10.51,10.95,10.48,10.63,29200
JVA,20110622,14.2,15.74,14.04,15.35,1061500
JXSB,20110622,12.52,12.52,12.5,12.52,73100
KALU,20110622,51.1,53.06,50.77,51.74,306600
KBALB,20110622,7.03,7.03,6.34,6.37,45800
KCAP,20110622,8.12,8.22,7.76,8.03,109200
KCLI,20110622,30.34,30.65,29.94,29.99,10700
KELYA,20110622,14.89,15.89,14.86,15.67,295400
KELYB,20110622,15.35,15.38,15.35,15.38,300
KEQU,20110622,10,10.24,9.7,10.1,19900
KERX,20110622,4.38,4.42,4.28,4.38,984800
KEYN,20110622,19.7,20.08,19.34,19.37,51800
KEYW,20110622,11.63,11.71,11.27,11.44,122300
KFFB,20110622,9.03,9.03,8.78,9.03,1600
KFRC,20110622,13.24,13.41,13.09,13.18,124600
KGJI,20110622,1.59,1.6,1.55,1.6,24500
KINS,20110622,3.7,3.7,3.01,3.12,2200
KIPS,20110622,3.51,3.51,3.11,3.49,4200
KIRK,20110622,12.43,12.57,12.02,12.02,78200
KLAC,20110622,38.86,39.32,38.69,38.85,1371800
KLIC,20110622,10.87,10.97,10.72,10.77,1421800
KNDI,20110622,2,2.07,1.98,2.05,55600
KONA,20110622,4.36,4.5,4.22,4.25,40800
KONE,20110622,0.97,0.98,0.95,0.97,11600
KONG,20110622,5.03,5.32,5.01,5.07,135000
KOOL,20110622,1.95,2.04,1.95,2.04,63700
KOPN,20110622,4.99,4.99,4.85,4.85,150500
KOSS,20110622,6.64,6.64,6.31,6.32,700
KRNY,20110622,9.46,9.46,9.01,9.01,136300
KSWS,20110622,10.78,10.82,10.21,10.22,41300
KTCC,20110622,4.28,4.32,4.26,4.28,4900
KTEC,20110622,16.01,16.22,16.01,16.1,700
KTOS,20110622,11.74,11.86,11.63,11.74,181600
KUTV,20110622,3.09,3.28,3.05,3.16,161900
KVHI,20110622,10.7,10.78,10.6,10.62,28700
LABC,20110622,15.76,15.76,15.76,15.76,0
LABL,20110622,21.77,22.06,21.69,21.99,20300
LACO,20110622,2.17,2.23,2.1,2.2,6600
LAKE,20110622,8.3,8.41,8.26,8.27,2700
LAMR,20110622,27.37,27.71,26.33,26.34,1516800
LANC,20110622,59.91,60.85,59.91,60.34,60000
LARK,20110622,15.3,16.54,15.3,16.54,300
LAWS,20110622,19.07,19.26,18.42,18.73,15100
LAYN,20110622,28.52,29.24,28.42,28.78,154800
LBAI,20110622,10.06,10.17,9.84,9.89,30600
LBIX,20110622,2.44,2.44,2.42,2.44,4200
LBTYA,20110622,41.66,41.83,41.43,41.5,1169900
LBTYB,20110622,42.3,42.3,42.3,42.3,0
LBTYK,20110622,39.92,40.15,39.41,39.44,382600
LCAV,20110622,4.65,4.82,4.49,4.53,85500
LCUT,20110622,10.92,11.12,10.72,10.94,33500
LEAP,20110622,16.57,17.13,16.48,16.67,1388300
LECO,20110622,34.23,34.59,33.91,33.95,550200
LEDR,20110622,2.15,2.15,2.14,2.15,2200
LEDS,20110622,6.98,7.88,6.85,7.88,151600
LFUS,20110622,56.2,56.79,55.64,55.87,51400
LGCY,20110622,28.22,28.84,27.85,28.01,121100
LGND,20110622,10.52,10.86,10.52,10.74,78500
LHCG,20110622,22.82,23.19,22.5,22.51,110300
LIFE,20110622,52.69,53.03,52.46,52.78,2269100
LIME,20110622,4.66,4.71,4.26,4.67,31200
LINC,20110622,15.84,16.14,15.65,15.68,177300
LINE,20110622,37.65,38.14,37.5,37.51,782600
LINTA,20110622,15.81,16.59,15.79,16.22,10481100
LINTB,20110622,16.3,16.3,16.3,16.3,200
LION,20110622,6.63,6.63,6.5,6.5,2800
LIOX,20110622,2.74,2.79,2.7,2.7,89200
LIVE,20110622,3.09,3.09,2.73,3.05,10300
LIWA,20110622,6.8,7.05,6.4,6.57,333700
LKFN,20110622,21.91,22.31,21.63,21.63,24300
LKQ,20110622,12.81,12.87,12.7,12.755,431700
LLEN,20110622,4.82,4.82,4.62,4.76,335900
LLNW,20110622,4.44,4.63,4.38,4.52,1438900
LLTC,20110622,31.8,32.11,31.73,31.83,1745700
LMAT,20110622,7.03,7.04,6.94,6.95,8800
LMCA,20110622,81.25,82.89,80.86,81.31,488100
LMIA,20110622,21.9,22.23,21.9,22.05,45600
LMNR,20110622,19.09,19.44,18.93,19.14,5700
LMNX,20110622,21.04,21.13,19.29,19.49,537500
LNBB,20110622,5.61,5.7,5.61,5.7,300
LNCE,20110622,22.22,22.46,21.72,21.78,267000
LNDC,20110622,5.98,6.1,5.98,6.08,44400
LOAN,20110622,1.45,1.45,1.41,1.41,3400
LOCM,20110622,3.54,3.58,3.43,3.43,245500
LOGI,20110622,11.2,11.34,11.11,11.11,1402300
LOGM,20110622,37.53,39.2,37.22,38.63,289900
LOJN,20110622,4.06,4.08,4.04,4.04,9000
LONG,20110622,19.87,20.47,19.27,19.61,35600
LOOK,20110622,1.5,1.53,1.5,1.5,30400
LOPE,20110622,13.22,13.42,13.06,13.29,278200
LORL,20110622,65.4,66.86,64.98,65.7,46800
LPHI,20110622,4.05,4.16,3.9,3.99,134400
LPLA,20110622,34.49,35,34.15,34.61,455700
LPNT,20110622,39.42,39.56,39.02,39.06,273300
LPSB,20110622,9.58,9.58,9.58,9.58,100
LPSN,20110622,12.4,12.74,12.4,12.65,403000
LPTH,20110622,1.52,1.55,1.51,1.55,4300
LQDT,20110622,22.74,23.04,22.46,22.63,100800
LRAD,20110622,2.74,2.85,2.74,2.78,163200
LRCX,20110622,42.57,43.47,42.39,42.92,2540700
LSBI,20110622,15.4,15.4,15.4,15.4,0
LSBK,20110622,10.32,10.32,10.32,10.32,0
LSCC,20110622,6.21,6.27,6.1,6.12,581200
LSTR,20110622,45.54,46.19,45.19,45.27,460200
LTBR,20110622,3.69,3.7,3.6,3.62,32700
LTON,20110622,0.89,0.93,0.89,0.9,7800
LTRE,20110622,8.17,8.31,7.79,7.9,38300
LTRX,20110622,2.81,2.81,2.45,2.54,59200
LTXC,20110622,8.88,8.88,8.6,8.8,228400
LUFK,20110622,80,82.84,79.7,81.02,338000
LULU,20110622,51.34,52.46,50.65,50.685,2075800
LUNA,20110622,1.67,1.69,1.62,1.66,9800
LWAY,20110622,10.24,10.3,10.21,10.21,3800
LXRX,20110622,1.55,1.56,1.45,1.45,1077100
LYTS,20110622,8.02,8.12,7.84,7.9,30900
MAGS,20110622,3.03,3.03,3.03,3.03,0
MAKO,20110622,29.29,30.43,28.6,28.68,818200
MANH,20110622,34.25,34.25,33.66,33.7,48600
MANT,20110622,44.12,44.5,44.11,44.27,109500
MARPS,20110622,19.79,19.92,19.79,19.92,1000
MASC,20110622,7.36,7.36,7.2,7.25,16700
MASI,20110622,30.66,30.89,30.51,30.57,279100
MAT,20110622,27.15,27.25,26.89,26.9,3385900
MATR,20110622,5.63,5.7,5.63,5.66,5800
MATW,20110622,37.94,38.55,37.79,38.07,47000
MAXY,20110622,5.47,5.47,5.34,5.35,89400
MAYS,20110622,17.86,17.86,17.86,17.86,0
MBFI,20110622,19.71,19.75,19.23,19.24,193700
MBLX,20110622,7.04,7.09,7,7.03,102400
MBND,20110622,3.33,3.39,3.27,3.35,119700
MBRG,20110622,15.18,15.48,15.18,15.47,2000
MBTF,20110622,1.4,1.4,1.35,1.39,10900
MBVT,20110622,24.61,24.72,24.22,24.25,8100
MBWM,20110622,7.82,8,7.78,7.9,5300
MCBC,20110622,2.33,2.4,2.28,2.32,43900
MCBI,20110622,6.48,6.48,6.45,6.48,2700
MCGC,20110622,6.1,6.17,6.04,6.04,560100
MCHP,20110622,36.63,37,36.58,36.58,1530200
MCHX,20110622,8.63,8.83,8.47,8.49,84300
MCOX,20110622,14.35,14.35,13.65,14,79300
MCRI,20110622,9.72,9.81,9.51,9.51,10100
MCRL,20110622,10,10.04,9.87,9.95,409600
MCRS,20110622,48.54,49.04,48.23,48.3,217400
MDAS,20110622,13.5,13.54,13.27,13.35,317200
MDCA,20110622,17.4,18.3,17.33,17.94,192900
MDCI,20110622,8.31,8.51,8.26,8.31,51300
MDCO,20110622,17,17.37,16.91,16.93,260300
MDH,20110622,3.04,3.04,2.95,3.03,12100
MDRX,20110622,19.34,19.73,19.2,19.24,1902600
MDSO,20110622,22.39,22.98,22,22.8,275500
MDVN,20110622,20.62,21.16,20.62,20.76,208600
MEAD,20110622,4.71,4.86,4.71,4.8,2500
MEAS,20110622,33.9,34.55,33.49,33.6,32200
MELA,20110622,2.39,2.48,2.36,2.36,100700
MELI,20110622,78.99,79.17,76.81,76.89,475900
MEMS,20110622,2.8,2.93,2.8,2.93,9400
MENT,20110622,12.5,12.66,12.35,12.49,630100
MEOH,20110622,29.77,30.12,29.76,29.89,151900
MERC,20110622,11.32,11.65,11.32,11.49,118600
MERU,20110622,14.58,14.69,14.37,14.45,147600
METR,20110622,11.21,11.21,11.03,11.05,29600
MFI,20110622,5.64,5.64,5.51,5.51,5200
MFLR,20110622,8.64,9.25,8.64,9.18,1800
MFLX,20110622,20.98,21.31,20.86,21.01,91000
MFNC,20110622,5.5,5.5,5.5,5.5,1000
MFRI,20110622,7.05,7.19,7.05,7.1,3100
MFSF,20110622,8.68,8.68,8.5,8.51,5600
MGAM,20110622,4.52,4.64,4.52,4.55,54000
MGEE,20110622,40.37,40.57,40.06,40.1,31300
MGIC,20110622,4.98,5.03,4.85,4.87,116700
MGLN,20110622,53.19,54.07,53.15,53.26,201200
MGPI,20110622,7.78,7.88,7.75,7.75,43500
MGRC,20110622,27.24,27.44,26.82,26.83,42700
MGYR,20110622,3.91,3.91,3.91,3.91,0
MHGC,20110622,7.21,7.34,7.12,7.19,112800
MHLD,20110622,9.4,9.51,9.24,9.46,255400
MIDD,20110622,91.61,92.26,90.76,90.99,48100
MIND,20110622,14.85,15.04,14.71,15.01,240200
MINI,20110622,19.79,20.09,19.79,19.93,181300
MITL,20110622,4.59,4.75,4.5,4.55,42300
MKSI,20110622,24.56,24.94,24.42,24.58,207300
MKTAY,20110622,45.73,46.37,45.73,45.78,6800
MKTG,20110622,15.28,15.37,14.8,15.24,31800
MKTX,20110622,23.46,24.09,23.46,23.94,237200
MLAB,20110622,32.01,32.01,31.6,31.7,2800
MLHR,20110622,23.81,24.3,23.33,24,422500
MLNK,20110622,4.45,4.6,4.4,4.51,73300
MLNX,20110622,28.54,29.08,28.13,28.17,75900
MLVF,20110622,7.83,7.83,7.52,7.52,400
MMLP,20110622,37.55,37.85,37.32,37.72,26300
MMSI,20110622,18,18.09,17.75,17.82,749100
MMUS,20110622,4.92,4.92,4.92,4.92,0
MMYT,20110622,23.39,24,23.01,23.24,74000
MNDO,20110622,2.9,2.9,2.73,2.82,75200
MNKD,20110622,4.01,4.1,3.96,4.06,527500
MNOV,20110622,2.4,2.45,2.17,2.19,64600
MNRK,20110622,6.4167,6.5083,6.4,6.5083,500
MNRO,20110622,33.25,33.9,33.08,33.61,250600
MNST,20110622,37.55,37.87,37.24,37.405,776300
MNTA,20110622,19.03,19.58,18.93,19.25,461000
MNTG,20110622,2.97,2.97,2.8,2.9,7200
MNTX,20110622,5.12,5.22,5.12,5.22,13600
MOBI,20110622,5.87,7.1,5.8,6.8,2218300
MOCO,20110622,15.08,15.17,15.05,15.13,1400
MOFG,20110622,13.28,13.46,12.91,13.15,16100
MOLX,20110622,25.64,26.1,25.6,25.91,938200
MOLXA,20110622,21.32,21.73,21.32,21.59,180700
MORN,20110622,59.91,60.45,59.5,59.86,77600
MOSY,20110622,5.19,5.26,5.17,5.18,37700
MOVE,20110622,8.2,8.28,8.12,8.24,668700
MPAA,20110622,14.96,14.96,14.51,14.75,43200
MPAC,20110622,6.12,6.2,6.12,6.19,1200
MPB,20110622,8.67,8.67,8.67,8.67,0
MPEL,20110622,11.21,11.37,11.06,11.11,5915700
MPET,20110622,1.6,1.61,1.56,1.6,108400
MPWR,20110622,14.6,14.68,14.49,14.49,233200
MRCY,20110622,17.45,17.89,17.45,17.61,86200
MRGE,20110622,5.36,5.46,5.2,5.2,197700
MRLN,20110622,11.7,11.7,11.37,11.38,33200
MRTN,20110622,21.11,21.3,20.93,21,40400
MRVL,20110622,13.96,14.11,13.8,13.89,8286700
MSBF,20110622,6.11,6.11,6.11,6.11,0
MSCC,20110622,20.04,20.21,19.87,19.92,431600
MSEX,20110622,18.71,18.85,18.39,18.39,19700
MSFG,20110622,7.73,7.81,7.68,7.7,81400
MSFT,20110622,24.6,24.81,24.59,24.65,44290800
MSG,20110622,26.94,27.29,26.94,27.11,335000
MSON,20110622,2.5,2.5,2.5,2.5,0
MSPD,20110622,7.59,7.74,7.37,7.38,255500
MSTR,20110622,147.45,151.45,145.58,149.68,240900
MTEX,20110622,10.2,10.4,10.1,10.2,4300
MTRX,20110622,12.84,13.1,12.7,12.83,160900
MTSC,20110622,40.36,41.03,40.22,40.26,39100
MTSL,20110622,1.4,1.65,1.4,1.49,3700
MTSN,20110622,1.71,1.78,1.68,1.68,478400
MU,20110622,8.15,8.32,8.1,8.17,29105000
MVIS,20110622,9.44,9.52,9.28,9.36,202900
MVISW,20110622,0.27,0.27,0.27,0.27,0
MWIV,20110622,80.58,81.74,80.25,80.25,30200
MXIM,20110622,24.32,24.37,24.08,24.08,1506100
MXWL,20110622,15.16,15.27,14.99,15.04,150900
MYGN,20110622,23.05,23.19,22.74,22.87,820100
MYL,20110622,22.71,23.65,22.63,22.85,4620400
MYRG,20110622,21.91,22.37,21.89,22,107800
NAFC,20110622,34.54,34.97,34.28,34.54,30400
NAII,20110622,4.14,4.23,4.12,4.22,30900
NANO,20110622,16.72,17.4,16.71,16.78,544100
NASB,20110622,9.81,10,9.69,9.72,14700
NATH,20110622,18.33,18.4,18.28,18.33,4700
NATI,20110622,28.37,28.42,28.11,28.16,231200
NATL,20110622,22.83,23.4,22.76,22.79,13800
NATR,20110622,16.96,18,16.48,17.65,72200
NAUH,20110622,8.04,8.44,8.04,8.13,31600
NAVG,20110622,46.38,46.63,45.98,45.98,30600
NAVR,20110622,1.95,1.95,1.86,1.92,61300
NBBC,20110622,4.55,4.55,4.5,4.51,5100
NBIX,20110622,7.44,7.53,7.22,7.22,162000
NBN,20110622,13.94,13.99,13.94,13.99,800
NBTB,20110622,21.67,21.88,21.57,21.57,90300
NBTF,20110622,19.77,20,19.75,20,1700
NCBC,20110622,4.77,4.83,4.77,4.83,200
NCIT,20110622,22.43,22.47,22.04,22.22,60700
NCMI,20110622,16.54,16.58,16.2,16.2,112600
NCTY,20110622,5.33,5.34,5.25,5.27,9300
NDAQ,20110622,24.24,24.46,23.94,23.97,1020200
NDSN,20110622,51.65,52.47,51.34,51.49,512400
NECB,20110622,6.56,6.61,6.56,6.6,3100
NEOG,20110622,42.07,42.93,42.07,42.14,52900
NEPT,20110622,3.5,3.61,3.45,3.53,101600
NETC,20110622,10.1,10.22,10.05,10.15,3900
NEWL,20110622,1.98,1.98,1.95,1.98,1500
NEWP,20110622,17.05,17.61,17.02,17.19,141800
NEWS,20110622,9.75,10.16,9.53,10.07,91000
NEWT,20110622,1.28,1.28,1.28,1.28,100
NFBK,20110622,13.98,14.02,13.79,13.84,28900
NFEC,20110622,1.78,2,1.75,1.87,40100
NFLX,20110622,251.8,253.24,247.68,248.66,3127900
NFSB,20110622,14.11,14.14,14,14,7000
NGPC,20110622,8.58,8.82,8.5,8.6,82800
NHTB,20110622,12.79,13.09,12.7,13.09,2500
NICE,20110622,34.77,35.18,34.38,34.42,180700
NICK,20110622,12.2,12.2,11.64,11.96,55100
NIHD,20110622,40.6,40.86,40.51,40.55,755600
NILE,20110622,44.02,44.14,43.12,43.13,460800
NINE,20110622,1.38,1.41,1.38,1.38,1700
NKSH,20110622,25.4,25.59,25.09,25.09,4200
NKTR,20110622,7.84,7.91,7.7,7.7,388700
NLST,20110622,2.09,2.17,2.09,2.12,26600
NMRX,20110622,8.92,9.65,8.92,9.26,49200
NNBR,20110622,13.57,13.95,13.33,13.35,106300
NOVB,20110622,10.32,10.32,10.1,10.1,7800
NPBC,20110622,7.81,7.94,7.71,7.71,628900
NPSP,20110622,9.79,9.79,9.48,9.5,834300
NRCI,20110622,35.65,35.7,35.48,35.5,4600
NRIM,20110622,19,19.72,19,19.45,4100
NSEC,20110622,12,12,12,12,1200
NSIT,20110622,16.24,16.62,16.11,16.41,159400
NSPH,20110622,1.64,1.69,1.49,1.51,2063300
NSSC,20110622,2.85,2.85,2.79,2.79,21400
NSYS,20110622,3.8,3.8,3.8,3.8,0
NTAP,20110622,50.51,51.5,50.03,50.71,4338200
NTCT,20110622,21.04,21.34,20.44,20.45,296100
NTES,20110622,43.63,44.17,42.96,43.5,921500
NTGR,20110622,40.99,41.48,40.52,40.67,323700
NTIC,20110622,15.75,16.36,15.75,15.77,6000
NTLS,20110622,20.02,20.27,19.98,20.15,116300
NTRI,20110622,12.77,12.87,12.58,12.81,377200
NTRS,20110622,46.53,46.77,46.2,46.24,1277500
NTSC,20110622,6.84,6.84,6.75,6.79,2200
NTSP,20110622,9.09,9.37,8.9,9.17,384600
NTWK,20110622,14.5,14.5,14.1,14.2,722800
NUAN,20110622,20.5,20.73,20.34,20.49,1076700
NUCL,20110622,38.75,38.75,38.75,38.75,0
NURO,20110622,3.06,3.06,2.82,3.06,27600
NUTR,20110622,14.84,15.02,14.82,14.82,9400
NUVA,20110622,33.23,33.23,32.41,32.42,2547900
NVAX,20110622,2,2.02,1.98,1.99,592300
NVDA,20110622,15.85,16.06,15.71,15.74,16293000
NVEC,20110622,54.66,55.86,54.58,55.29,17400
NVGN,20110622,0.82,0.87,0.78,0.82,47600
NVMI,20110622,10.09,10.23,10.02,10.04,62200
NVSL,20110622,7.65,7.7,7.62,7.7,1300
NVTL,20110622,5.7,5.73,5.46,5.49,404800
NWBI,20110622,12.25,12.29,12.18,12.18,269400
NWFL,20110622,26.25,26.29,26.25,26.25,2500
NWLI,20110622,155.22,155.98,155.22,155.61,1000
NWPX,20110622,25.01,25.22,24.87,25.06,53800
NWS,20110622,17.19,17.56,17.14,17.32,2341700
NWSA,20110622,16.55,16.91,16.5,16.72,16059800
NXPI,20110622,23.43,23.64,23.13,23.2,887500
NXST,20110622,7.74,7.78,7.56,7.59,40600
NXTM,20110622,20.07,20.5,19.96,20.15,271700
NYMT,20110622,7,7.6,7,7.49,355200
NYMX,20110622,7.22,7.48,7.22,7.26,16100
NYNY,20110622,0.92,1.05,0.9,0.92,801000
OABC,20110622,14.92,14.92,14.52,14.52,12900
OBAF,20110622,14.75,14.75,14.75,14.75,0
OBAS,20110622,6.8,6.8,6.8,6.8,0
OBCI,20110622,3.21,3.29,3.21,3.23,8800
OCC,20110622,4.04,4.12,4,4.12,15700
OCFC,20110622,13.29,13.36,13,13.01,24000
OCLR,20110622,6.42,6.48,6.23,6.23,1198800
OCLS,20110622,11.83,11.83,11.34,11.41,28700
OCZ,20110622,8.31,9,8.31,8.42,2771900
ODFL,20110622,24.2733,24.66,24.0867,24.14,231300
OFED,20110622,11.85,11.85,11.85,11.85,0
OFIX,20110622,41.3,41.89,41.04,41.7,91400
OFLX,20110622,12.86,13.19,12.75,12.81,4400
OGXI,20110622,17.43,18.1,17.42,17.7,36400
OIIM,20110622,6.29,6.49,6.13,6.4,149300
OINK,20110622,2.1,2.25,2.07,2.21,30300
OKSB,20110622,11.12,11.16,10.83,10.98,60000
OKSBP,20110622,25.91,25.91,25.91,25.91,0
OLBK,20110622,8.69,8.69,8.37,8.37,2000
OMAB,20110622,17.04,17.25,17.01,17.19,8800
OMCL,20110622,15.14,15.21,14.93,14.94,161500
OMER,20110622,4.05,4.3,4,4.28,84800
OMEX,20110622,3.23,3.23,3.1,3.16,827500
OMPI,20110622,9.46,9.62,9.26,9.45,130600
ONCY,20110622,5.35,5.47,5.35,5.41,71800
ONEQ,20110622,105.68,105.99,105.16,105.17,4500
ONFC,20110622,8.65,8.65,8.65,8.65,400
ONNN,20110622,9.77,10.15,9.71,10.02,10312900
ONTY,20110622,8.75,8.99,7.8,8.15,3756700
ONVI,20110622,4,4,3.93,3.93,200
ONXX,20110622,35.35,35.84,35.07,35.07,373700
OPEN,20110622,76.35,80.87,76.33,78.57,1311500
OPHC,20110622,0.67,1.19,0.67,0.76,11300
OPLK,20110622,16.98,17.52,16.75,17.21,209400
OPOF,20110622,10.6,10.6,10.41,10.59,43900
OPTR,20110622,12.72,12.87,12.51,12.57,406600
OPTT,20110622,4.04,4.14,4.03,4.08,38100
OPXA,20110622,6.72,6.8,6.56,6.68,33700
ORBC,20110622,3.25,3.33,3.13,3.22,104800
ORBK,20110622,12.73,12.8,12.58,12.64,128600
ORBT,20110622,4.65,4.84,4.65,4.79,1100
ORCL,20110622,32.58,32.58,32.14,32.2,25940800
OREX,20110622,1.59,1.63,1.59,1.61,250100
ORIT,20110622,12.7,12.96,12.68,12.69,365300
ORLY,20110622,63.62,64.61,63.54,63.56,928800
ORRF,20110622,26.26,26.38,25.96,26.02,5500
OSBC,20110622,0.99,1.01,0.96,0.97,14700
OSBCP,20110622,3.33,3.44,3.33,3.44,300
OSHC,20110622,12.07,12.11,11.98,12.08,132600
OSIR,20110622,7.18,7.25,7.04,7.07,61800
OSIS,20110622,41.11,41.65,40.51,40.53,106700
OSN,20110622,2.83,2.89,2.51,2.8,91800
OSTK,20110622,14.55,14.59,14.23,14.24,51000
OSUR,20110622,8.24,8.29,8.1,8.15,147300
OTEX,20110622,61.33,61.33,60.85,61.07,250000
OTIV,20110622,2.18,2.21,2.14,2.17,30700
OTT,20110622,17.76,17.87,17.51,17.62,26200
OTTR,20110622,21.1,21.21,20.94,20.97,76200
OUTD,20110622,6.07,6.11,6.04,6.04,18000
OVBC,20110622,17.08,17.08,16.61,16.78,4600
OVLY,20110622,6.02,6.02,6.02,6.02,0
OVRL,20110622,2.57,2.71,2.5,2.6,33800
OVTI,20110622,30,31.61,29.93,30.97,1970400
OXBT,20110622,2.97,3.04,2.76,3.01,127000
OXGN,20110622,2.89,2.89,2.72,2.73,697600
OXLC,20110622,18.49,18.73,18.49,18.71,7200
OZRK,20110622,25.145,25.27,25.04,25.125,66300
PAAS,20110622,30.77,31.23,30.39,30.45,1494100
PACB,20110622,11.25,11.35,10.88,10.92,258300
PACQ,20110622,9.46,9.46,9.46,9.46,0
PACQW,20110622,0.99,0.99,0.99,0.99,0
PACR,20110622,4.62,4.79,4.61,4.65,305100
PACW,20110622,20.28,20.41,20.03,20.06,117400
PAGG,20110622,31.85,31.95,31.5,31.54,32700
PANL,20110622,34.59,34.87,33.74,34,544000
PATH,20110622,6.96,7.33,6.96,7.2,89100
PATK,20110622,2.06,2.16,1.99,2.01,3200
PATR,20110622,24.98,25,22.92,23.56,13800
PAYX,20110622,29.91,30,29.54,29.71,3994300
PBCT,20110622,13.09,13.12,13.01,13.02,3149000
PBHC,20110622,9.4,9.44,8.96,9,3500
PBIB,20110622,4.83,5.02,4.66,4.9,16700
PBIP,20110622,5.68,5.68,5.68,5.68,100
PCAR,20110622,48.84,49.16,48.63,48.71,1840400
PCBK,20110622,9.46,9.6,9.28,9.33,37100
PCCC,20110622,8.04,8.08,7.94,7.97,21600
PCH,20110622,35.49,36,35.19,35.37,214900
PCLN,20110622,485.11,489.38,480.34,480.66,930800
PCOM,20110622,9.69,10.2,9.69,9.85,14900
PCRX,20110622,11.64,12.75,11.64,12.45,66800
PCTI,20110622,5.9,6.01,5.78,5.81,93800
PCYC,20110622,9.14,9.44,9.03,9.04,922400
PCYO,20110622,3.06,3.08,3.01,3.01,22800
PDCO,20110622,32.65,32.73,32.24,32.29,793000
PDEX,20110622,2.74,2.75,2.74,2.75,1600
PDFS,20110622,5.65,5.7,5.64,5.65,29000
PDII,20110622,6.53,6.72,6.44,6.63,63400
PDLI,20110622,5.88,5.96,5.82,5.89,1857700
PEBK,20110622,6.15,6.3,5.86,6.19,9100
PEBO,20110622,11.13,11.16,10.96,11,11300
PEGA,20110622,40.79,41.74,40.67,41.19,170900
PENN,20110622,39.5,40.05,39.23,39.31,339800
PENX,20110622,5.25,5.34,5.25,5.34,9300
PEOP,20110622,14.05,14.08,13.8,14.05,11200
PERF,20110622,15.15,15.5,15.1,15.1,600
PERY,20110622,24.55,24.83,24.03,24.1,102900
PESI,20110622,1.48,1.49,1.44,1.46,42600
PETM,20110622,44.7,45.11,44.43,44.71,824100
PETS,20110622,11.94,12.03,11.88,11.95,126300
PFBI,20110622,7.18,7.22,7.18,7.22,900
PFBX,20110622,13.91,13.91,13.69,13.7,2000
PFIN,20110622,4.51,4.6,4.49,4.55,3900
PFLT,20110622,12.23,12.4,12.03,12.29,49800
PFSW,20110622,4.4,4.57,4.32,4.48,30800
PGC,20110622,11.68,11.75,11.54,11.54,26500
PGNX,20110622,7.08,7.29,6.92,6.92,123400
PGTI,20110622,1.8,1.8,1.62,1.69,95700
PHII,20110622,20.63,21.85,20.63,20.91,2100
PHIIK,20110622,21.68,21.75,21.18,21.26,23900
PHMD,20110622,10.1,10.25,10.1,10.12,10600
PICO,20110622,27.95,28.27,27.78,27.79,38000
PKBK,20110622,7.88,7.88,7.88,7.88,0
PKOH,20110622,19.54,20.2,19.54,19.74,44500
PLAB,20110622,8.22,8.28,8.03,8.15,691100
PLBC,20110622,2.41,2.42,2.25,2.33,5500
PLCC,20110622,1.12,1.12,1.12,1.12,0
PLCE,20110622,45.77,46.03,44.27,44.42,640800
PLCM,20110622,29.37,29.865,29.37,29.435,679200
PLNR,20110622,2.77,2.83,2.72,2.82,13700
PLPC,20110622,70.95,70.99,69.8,70.1,3400
PLTM,20110622,28.26,28.34,28.05,28.05,2400
PLUG,20110622,2.44,2.46,2.29,2.29,335100
PLUS,20110622,24.08,24.35,23.74,24.08,7200
PLXS,20110622,31.63,32.53,31.63,31.64,262300
PLXT,20110622,3.27,3.33,3.27,3.29,82600
PMBC,20110622,3.4,3.4,3.37,3.39,2500
PMCS,20110622,7.12,7.12,6.95,6.97,5536700
PMD,20110622,9.29,9.79,9.29,9.79,8800
PMFG,20110622,19.02,19.39,18.09,18.14,19200
PMNA,20110622,12.1,12.26,12.1,12.11,2300
PMTC,20110622,22.06,22.34,21.75,22,852900
PMTI,20110622,10.18,10.29,9.51,9.65,136200
PNBK,20110622,2,2,2,2,5000
PNFP,20110622,15.42,15.72,15.31,15.5,139100
PNNT,20110622,11.26,11.32,11.12,11.14,264400
PNQI,20110622,36.98,37.12,36.82,36.82,3600
PNRA,20110622,121.36,122.98,120.95,121.19,191200
PNRG,20110622,23.9,23.9,23.48,23.48,1100
PNTR,20110622,4.52,4.52,4.52,4.52,0
PODD,20110622,20.34,20.75,20.18,20.49,510500
POOL,20110622,28.57,28.92,28.26,28.3,207700
POPE,20110622,43.5,43.5,43.09,43.09,2600
POWI,20110622,35.63,36.03,35.4,35.88,122900
POWL,20110622,33.23,33.67,33.23,33.33,35400
POWR,20110622,7.41,7.5,6.94,6.96,60200
POZN,20110622,4.63,4.63,4.5,4.51,45900
PPBI,20110622,6.55,6.55,6.5,6.53,3700
PPHM,20110622,1.78,1.8,1.75,1.76,162900
PRAA,20110622,85.08,85.84,84.01,84.15,64400
PRAN,20110622,1.85,1.85,1.75,1.76,292500
PRCP,20110622,6.35,6.35,5.89,5.97,22100
PRFT,20110622,9.43,9.6,9.35,9.36,140600
PRFZ,20110622,65.67,66.33,65.56,65.56,43300
PRGO,20110622,87.6,88.12,87.15,87.35,406800
PRGS,20110622,24.05,24.08,23.8,23.8,430000
PRGX,20110622,6.98,7.18,6.93,7,64600
PRIM,20110622,12.41,12.74,12.16,12.35,133500
PRKR,20110622,0.65,0.66,0.58,0.58,423800
PRLS,20110622,3.47,3.6,3.47,3.5,9400
PRMW,20110622,13.28,13.28,12.89,13,270200
PROV,20110622,7.96,7.96,7.84,7.87,3200
PRPH,20110622,0.83,0.83,0.83,0.83,200
PRSC,20110622,12.82,12.82,12.09,12.09,37200
PRTS,20110622,7.28,7.28,7.08,7.08,25900
PRXI,20110622,1.53,1.55,1.51,1.53,33500
PRXL,20110622,22.6,22.84,22.6,22.72,392200
PSAU,20110622,44.6,45.19,44.6,44.75,1400
PSBH,20110622,4.86,4.99,4.84,4.92,7400
PSCC,20110622,32.34,32.34,32.3,32.3,2100
PSCD,20110622,28.42,28.66,28.18,28.18,2900
PSCE,20110622,36.63,37.43,36.62,36.85,7600
PSCF,20110622,27.11,27.32,27.02,27.16,2800
PSCH,20110622,32.59,32.84,32.45,32.45,134000
PSCI,20110622,28.86,28.89,28.86,28.89,700
PSCM,20110622,28.72,28.72,28.72,28.72,0
PSCT,20110622,29.85,30.16,29.81,29.82,6600
PSCU,20110622,29.34,29.5,29.34,29.36,1300
PSDV,20110622,4.1,4.25,4.08,4.21,23800
PSEC,20110622,10.15,10.24,10.15,10.17,3154400
PSEM,20110622,8.99,9.01,8.79,8.83,43100
PSMT,20110622,47.24,47.82,46.47,46.54,136600
PSTB,20110622,5.06,5.17,4.96,5.11,53100
PSTI,20110622,3.04,3.08,2.96,3.01,170000
PSTR,20110622,5.79,6.26,5.78,5.97,53200
PSUN,20110622,2.59,2.59,2.51,2.52,833600
PTEK,20110622,1.48,1.48,1.47,1.48,1000
PTEN,20110622,28.48,29.44,28.42,28.87,3433600
PTIE,20110622,9.25,9.3,8.54,8.75,773900
PTIX,20110622,1.98,1.98,1.98,1.98,0
PTNR,20110622,16,16.12,15.97,16,192500
PTRY,20110622,17.98,18.19,17.26,17.41,274800
PTSI,20110622,10.02,10.15,9.7,9.77,17000
PTSX,20110622,0.53,0.55,0.5,0.55,18900
PULB,20110622,7.24,7.24,7.06,7.09,10500
PURE,20110622,0.86,0.87,0.8,0.82,265500
PVFC,20110622,1.78,1.85,1.78,1.85,11500
PVTB,20110622,14.3,14.35,14.07,14.07,470300
PVTBP,20110622,26.53,26.56,26.22,26.27,3400
PWER,20110622,8.15,8.3,8.05,8.14,1520000
PWOD,20110622,36.11,36.11,35.39,35.39,11500
PWRD,20110622,18.72,19.07,18.54,18.63,559300
PWX,20110622,15.16,15.34,15.09,15.09,700
PXLW,20110622,2.4,2.41,2.3,2.36,37800
PZZA,20110622,32.98,32.98,32.4,32.42,115600
PZZI,20110622,2.55,2.55,2.48,2.5,32900
QABA,20110622,24.12,24.12,24.05,24.05,300
QADA,20110622,10.04,10.56,10.04,10.31,24100
QADB,20110622,9.11,9.28,8.87,9.28,8700
QBAK,20110622,1.78,1.81,1.77,1.8,4800
QCCO,20110622,3.96,4.07,3.89,3.89,2300
QCLN,20110622,14.55,14.79,14.55,14.69,31700
QCOM,20110622,54.14,54.41,53.67,53.99,9110200
QCOR,20110622,23.46,23.66,23.28,23.31,585100
QCRH,20110622,8.95,8.95,8.95,8.95,0
QDEL,20110622,15.21,15.29,14.89,14.91,92200
QGEN,20110622,19.11,19.24,19.02,19.11,3440600
QKLS,20110622,44.16,47.28,42.96,46.56,135100
QLGC,20110622,15.5,15.66,15.4,15.48,933200
QLIK,20110622,32.67,33.7,32.54,32.67,833100
QLTI,20110622,7.01,7.13,6.85,6.96,481500
QLTY,20110622,12.88,12.98,12.67,12.83,93300
QNST,20110622,11.93,12.5,11.64,12.18,418400
QQEW,20110622,24.65,24.79,24.58,24.58,54600
QQQ,20110622,55,55.32,54.82,54.83,36833200
QQQX,20110622,13.97,13.97,13.85,13.87,31000
QQXT,20110622,22.83,22.93,22.83,22.88,2000
QSII,20110622,41.08,41.74,41.08,41.37,271600
QTEC,20110622,25.01,25.16,24.88,24.89,265500
QTWW,20110622,3.45,3.65,3.38,3.43,257400
QUIK,20110622,3.1,3.15,2.95,3.06,293000
RADA,20110622,3.93,4,3.93,4,23200
RAIL,20110622,24.45,24.89,24.42,24.53,55500
RAND,20110622,2.9,2.9,2.9,2.9,0
RAVN,20110622,27.085,27.26,26.625,26.625,29600
RBCAA,20110622,19.6,19.77,19.05,19.06,21600
RBCN,20110622,16.49,17.02,16,16.73,987100
RBNF,20110622,3,3.02,3,3.02,3400
RBPAA,20110622,1.32,1.33,1.32,1.33,1000
RCII,20110622,29.41,29.83,29.07,29.13,424100
RCKB,20110622,9.89,9.98,9.85,9.88,110600
RCKY,20110622,11.55,11.87,11.43,11.72,15800
RCMT,20110622,5.12,5.27,5.07,5.12,9000
RCON,20110622,2.6,2.95,2.3,2.75,132600
RDA,20110622,9.64,9.65,9.41,9.46,89100
RDCM,20110622,5.28,5.32,5.14,5.18,6100
RDEN,20110622,28.29,28.65,27.72,27.76,52600
RDI,20110622,4.78,4.83,4.67,4.71,13900
RDIB,20110622,6.16,6.16,6.16,6.16,0
RDNT,20110622,4.35,4.4,4.16,4.24,158900
RDWR,20110622,16.31,16.565,16.08,16.32,133300
RECN,20110622,11.97,12.06,11.78,11.96,680800
REDF,20110622,8.81,9.25,8.68,8.77,1013900
REFR,20110622,4.87,4.91,4.73,4.74,22200
REGN,20110622,53,53.88,52.7,52.82,520500
REIS,20110622,9.2,9.2,8.82,9,4800
RELL,20110622,13.11,13.24,12.89,12.91,98800
RELV,20110622,1.94,1.94,1.84,1.88,8400
RENT,20110622,17,17.09,16.69,16.69,44900
REXI,20110622,5.97,6.13,5.97,6.06,3000
REXX,20110622,10.65,10.89,10.47,10.47,454400
RFIL,20110622,3.69,3.7,3.69,3.69,1600
RFMD,20110622,5.63,5.92,5.6,5.85,7891700
RGCO,20110622,16.335,16.335,15.61,15.8,6100
RGDX,20110622,2.91,2.92,2.71,2.84,7400
RGEN,20110622,3.5,3.57,3.3,3.39,965100
RGLD,20110622,58.01,59.16,58.01,58.2,461400
RICK,20110622,8.03,8.1,7.88,7.94,43000
RIGL,20110622,8.34,8.67,8.21,8.51,350900
RIMG,20110622,13.29,13.5,13.29,13.3,147900
RITT,20110622,7.7,8.99,7.65,8.33,591600
RIVR,20110622,16.25,16.25,16.25,16.25,0
RJET,20110622,4.35,4.57,4.35,4.46,425800
RLOC,20110622,18.12,18.7,17.83,18.01,131400
RLOG,20110622,6.72,6.97,6.72,6.91,47600
RMBS,20110622,14.37,14.58,14.23,14.38,1098900
RMCF,20110622,9.95,10.04,9.95,9.95,11100
RMKR,20110622,1.29,1.33,1.24,1.25,28800
RMTI,20110622,14.8,15.01,14,14.06,115200
RNET,20110622,17.35,17.77,17.17,17.32,15400
RNIN,20110622,5.75,5.85,5.05,5.7,95900
RNST,20110622,14.96,14.96,14.44,14.46,49500
RNWK,20110622,3.44,3.54,3.4,3.49,177300
ROCK,20110622,11.18,11.26,10.93,10.95,111100
ROCM,20110622,8.95,9.09,8.74,8.83,56400
ROIA,20110622,2.04,2.09,2.03,2.04,5300
ROIAK,20110622,1.96,2.05,1.96,2,237400
ROIC,20110622,10.73,10.79,10.65,10.71,151300
ROICW,20110622,0.71,0.75,0.71,0.75,7500
ROLL,20110622,38.2,38.65,37.96,38.21,97900
ROMA,20110622,9.86,9.86,9.6,9.6,7900
ROSE,20110622,46.36,48.08,46.3,46.43,747300
ROSG,20110622,4.5,4.5,4.35,4.35,39000
ROST,20110622,38.905,39.375,38.685,39.125,1219600
ROVI,20110622,55.76,56.49,55.19,55.45,1948000
ROYL,20110622,2.8,3.09,2.67,2.97,530700
RP,20110622,25.48,26.99,25.48,25.69,319100
RPRX,20110622,4.95,5.01,4.81,4.83,29300
RPTP,20110622,6.43,6.49,5.42,5.79,805600
RPXC,20110622,25.95,27.9,25.92,27.63,126600
RRD,20110622,19.47,19.54,19.2,19.24,1836500
RRGB,20110622,34.44,35.27,33.97,34.77,227200
RRST,20110622,6.94,7.1,6.93,6.93,1300
RSOL,20110622,2.52,2.73,2.5,2.68,109700
RSTI,20110622,32.79,33.05,31.94,31.99,116800
RSYS,20110622,7.4,7.5,7.23,7.31,80100
RTEC,20110622,10.23,10.42,10.2,10.31,237900
RTIX,20110622,2.81,2.93,2.74,2.84,323800
RUE,20110622,31.43,31.48,30.5,30.54,246600
RUSHA,20110622,18.18,18.37,18.14,18.16,71900
RUSHB,20110622,15.23,15.36,15.22,15.29,14300
RUTH,20110622,5.49,5.63,5.41,5.44,165200
RVBD,20110622,33.84,34.77,33.24,33.26,4663800
RVSB,20110622,3.01,3.03,3,3,1000
RYAAY,20110622,30.29,30.55,29.72,29.79,406500
SAAS,20110622,4.61,4.7,4.52,4.67,432100
SAFM,20110622,44.71,45.84,44.34,45.47,314400
SAFT,20110622,42.06,42.29,41.47,41.47,26200
SAIA,20110622,15.02,15.17,14.99,15.04,58400
SALM,20110622,3.41,3.5,3.35,3.35,67600
SANM,20110622,9.79,9.9,9.55,9.57,531600
SANW,20110622,4.05,4.38,4.05,4.34,26000
SANWW,20110622,0.5,0.5,0.5,0.5,1200
SANWZ,20110622,0.23,0.23,0.23,0.23,0
SAPE,20110622,14.4,14.57,14.23,14.38,679500
SASR,20110622,18.44,18.5,18.08,18.09,28500
SATS,20110622,34.88,35.61,34.88,35.38,177900
SAVE,20110622,12.13,12.13,11.92,12.03,399200
SBAC,20110622,37.6,38.5,37.47,38.21,1474100
SBBX,20110622,6.41,6.41,6.33,6.36,600
SBCF,20110622,1.62,1.64,1.6,1.61,501200
SBGI,20110622,10.43,10.54,10.2,10.25,962200
SBLK,20110622,31.2,31.65,30.9,31.5,68700
SBNY,20110622,55.36,55.78,55.12,55.16,192300
SBNYW,20110622,31.59,31.59,31.59,31.59,0
SBRA,20110622,16.7,16.85,16.42,16.45,141900
SBSA,20110622,0.71,0.72,0.7,0.72,6100
SBSI,20110622,19.1,19.24,19,19.09,36800
SBUX,20110622,36.6,37.52,36.39,37.28,9019300
SCBT,20110622,29.04,29.73,28.58,28.68,38800
SCHL,20110622,25.98,26.12,25.65,25.67,55900
SCHN,20110622,53.3,54.48,52.98,53.07,258300
SCLN,20110622,5.73,5.81,5.67,5.72,244200
SCMP,20110622,4.18,4.22,4.05,4.17,17300
SCOK,20110622,4.73,4.9,4.73,4.78,129900
SCON,20110622,25.2,27.72,25.2,27.48,158700
SCOR,20110622,25.52,26.03,25.34,25.61,229800
SCSC,20110622,35.18,36.31,35.09,35.51,82600
SCSS,20110622,17.06,17.35,16.61,16.71,739900
SCVL,20110622,19.32,19.56,19.16,19.32,50400
SDBT,20110622,2.39,2.5,2.38,2.39,1400
SDIX,20110622,2.07,2.1,2.02,2.06,4700
SEAC,20110622,10.47,10.62,10.33,10.38,63000
SEED,20110622,4.5,4.5,4.11,4.14,272500
SEIC,20110622,21.86,22.11,21.78,21.84,554000
SENEA,20110622,24.48,24.84,24.04,24.07,8900
SENEB,20110622,24.29,24.29,24.29,24.29,100
SEV,20110622,6.56,6.56,6.49,6.49,1200
SFLY,20110622,52.69,53.38,52.04,52.46,438400
SFNC,20110622,25.41,25.48,24.7,24.74,18500
SFST,20110622,7.56,8.07,7.56,8.07,1100
SGC,20110622,10.68,10.7,10.57,10.68,7400
SGEN,20110622,19.95,20.2,19.9,20.01,1226500
SGI,20110622,16.25,16.65,15.84,15.86,378900
SGMA,20110622,4.58,4.6,4.57,4.58,8300
SGMO,20110622,5.82,5.84,5.6,5.61,192400
SGMS,20110622,9.85,10.01,9.68,9.69,356200
SGNT,20110622,28.35,29.23,28.03,29,64800
SGOC,20110622,2.57,2.9,2.35,2.79,17800
SGRP,20110622,1.22,1.22,1.22,1.22,1900
SHBI,20110622,6.92,6.96,6.72,6.96,3200
SHEN,20110622,17.62,17.77,17.24,17.24,26200
SHFL,20110622,9.13,9.26,9.01,9.02,303800
SHIP,20110622,0.35,0.39,0.35,0.35,115800
SHLD,20110622,73.35,73.9,70.9,71.01,359000
SHLM,20110622,24.76,25,24.63,24.67,126900
SHLO,20110622,10.2,10.36,9.99,10.01,4400
SHOO,20110622,36.01,36.48,35.65,35.78,252900
SHOR,20110622,9.6,9.83,9.51,9.53,389600
SIAL,20110622,69.05,69.64,68.69,68.81,508500
SIEB,20110622,1.82,1.84,1.76,1.83,2300
SIFI,20110622,10,10.11,10,10.07,10100
SIFY,20110622,4.24,4.47,4.13,4.16,1495600
SIGA,20110622,11.19,11.33,10.98,11.02,302500
SIGI,20110622,15.97,15.99,15.79,15.8,126000
SIGM,20110622,7.97,8,7.83,7.9,391700
SILC,20110622,18.4,18.75,18.4,18.65,7400
SIMG,20110622,6.16,6.27,6.09,6.19,613000
SIMO,20110622,10.38,10.85,10.33,10.64,436100
SINA,20110622,92.18,92.38,85.82,86.05,11822600
SINO,20110622,1.36,1.39,1.36,1.39,2500
SIRI,20110622,2.02,2.1,2.01,2.04,63244300
SIRO,20110622,51.93,52.2,51.73,51.85,338700
SIVB,20110622,58.16,58.46,57.73,57.92,313100
SIVBO,20110622,25.18,25.18,25.18,25.18,1300
SKBI,20110622,3.4,3.49,3.31,3.43,8700
SKYW,20110622,14.76,14.99,14.72,14.76,207800
SLAB,20110622,39.06,39.48,38.99,39.13,401900
SLGN,20110622,40.16,40.49,39.81,40.27,811600
SLMAP,20110622,46.98,47.61,46.98,47.61,2500
SLP,20110622,3.01,3.01,2.8,2.87,8700
SLRC,20110622,24.48,24.69,24.44,24.61,281200
SLTC,20110622,4.92,5.68,4.86,5.24,10600
SLTM,20110622,2.71,2.77,2.59,2.61,132900
SLXP,20110622,37.25,37.67,37.16,37.51,477600
SMBC,20110622,20.53,20.53,20.53,20.53,0
SMCI,20110622,16.2,16.52,16.07,16.17,164100
SMED,20110622,4.2,4.4,4.1,4.1,39500
SMIT,20110622,3.3,3.39,3.18,3.35,600
SMMF,20110622,3.65,3.73,3.62,3.67,1100
SMRT,20110622,9.21,9.25,8.94,8.94,98400
SMSI,20110622,4.19,4.25,4.14,4.15,395900
SMT,20110622,5.85,5.95,5.8,5.83,289400
SMTC,20110622,24.83,25.25,24.61,25.14,736900
SMTX,20110622,2.16,2.2,2.08,2.11,43800
SNAK,20110622,3.97,4.04,3.97,4.01,3700
SNBC,20110622,3.48,3.52,3.39,3.41,124500
SNCR,20110622,30.02,30.87,29.79,30.41,247500
SNDK,20110622,42.81,43.15,42.46,42.54,3795200
SNFCA,20110622,1.46,1.52,1.42,1.51,3900
SNHY,20110622,29.4933,30.18,29.4933,29.6133,34200
SNMX,20110622,5.04,5.1,4.62,4.63,147100
SNPS,20110622,25.37,25.82,25.37,25.54,749300
SNSS,20110622,1.97,2.05,1.97,2.03,237800
SNTA,20110622,4.52,4.63,4.43,4.45,97000
SNTS,20110622,3.26,3.26,3.17,3.21,239000
SOCB,20110622,3.25,3.25,3.25,3.25,200
SODA,20110622,52.84,53.87,52.51,52.63,448500
SOFO,20110622,13.49,13.5,13.03,13.07,3600
SOHU,20110622,71.32,71.5,68.51,68.63,2521500
SOMH,20110622,8.4,8.5,8.4,8.5,600
SONA,20110622,6.55,6.62,6.54,6.56,4600
SONC,20110622,10.74,10.89,10.41,10.52,2111100
SONS,20110622,3,3.08,2.98,3.06,1749400
SORL,20110622,3.8,3.93,3.79,3.89,34200
SOXX,20110622,53.85,54.3,53.61,53.75,196700
SPAN,20110622,14.71,14.85,14.61,14.61,1100
SPAR,20110622,4.48,5.56,4.48,5.32,618700
SPBC,20110622,11.91,11.91,11.81,11.91,4200
SPCHA,20110622,2.08,2.08,2.08,2.08,200
SPCHB,20110622,2.42,2.42,2.42,2.42,100
SPEX,20110622,53.6,57.6,52,56.4,29800
SPIL,20110622,6.21,6.22,6.15,6.15,789900
SPIR,20110622,2.38,2.41,2.27,2.3,16600
SPLS,20110622,15.38,15.64,15.33,15.47,10651200
SPMD,20110622,4.13,4.13,3.81,3.84,112200
SPNC,20110622,5.58,5.65,5.57,5.6,95500
SPNS,20110622,3.38,3.44,3.38,3.44,1500
SPPI,20110622,8.49,8.54,8.31,8.32,1200100
SPPR,20110622,0.91,0.97,0.91,0.96,43500
SPPRO,20110622,21.5,21.5,21.5,21.5,100
SPPRP,20110622,8,8,8,8,0
SPRD,20110622,13,13.68,12.71,13.21,3912300
SPRO,20110622,2.08,2.15,2.08,2.12,1500
SPRT,20110622,4.47,4.51,4.39,4.42,84900
SPSC,20110622,15.89,16.24,15.75,15.95,17400
SPTN,20110622,18.7,18.78,18.4,18.55,161800
SPU,20110622,2.41,2.78,2.39,2.51,175800
SQI,20110622,16.98,17.31,16.64,16.94,63800
SQNM,20110622,7.44,7.51,7.36,7.37,684700
SQQQ,20110622,111.2,112.44,109.44,112.28,698300
SRCE,20110622,20.72,20.89,20.42,20.42,24800
SRCL,20110622,87.1,88.5,86.89,87.97,473100
SRDX,20110622,11.32,11.57,11.2,11.24,65300
SREV,20110622,18.58,19.11,18.21,18.89,247000
SSBI,20110622,6.52,6.61,6.3,6.53,6600
SSFN,20110622,5,5,5,5,300
SSNC,20110622,18.98,19.11,18.73,18.93,118500
SSRI,20110622,25.98,26.88,25.89,26.35,1114300
SSRX,20110622,16.32,16.45,15.64,15.68,47600
SSYS,20110622,31.75,32.21,31.37,31.78,149300
STAA,20110622,5.28,5.4,5.08,5.08,48300
STAN,20110622,14.78,15.46,14.78,14.93,114900
STBA,20110622,17.89,18,17.75,17.78,91400
STBZ,20110622,17.16,17.2,16.97,17,146700
STEC,20110622,17.14,17.75,16.88,17.4,1657100
STEI,20110622,6.9,7.03,6.82,6.82,281100
STEL,20110622,12.04,12.21,11.77,11.88,36300
STEM,20110622,0.57,0.6,0.57,0.58,508800
STFC,20110622,16.38,16.8,16.16,16.23,19500
STKL,20110622,6.86,6.98,6.85,6.87,104200
STLD,20110622,15.7,16.01,15.6,15.8,2615200
STLY,20110622,4.42,4.43,4.13,4.21,31400
STMP,20110622,12.57,12.62,12.38,12.41,26300
STND,20110622,15.28,15.28,15.28,15.28,100
STNR,20110622,44.93,45.67,44.52,44.56,17500
STRA,20110622,123.6,127.5,122.95,123.67,213800
STRL,20110622,13.92,13.93,13.09,13.11,34900
STRM,20110622,1.93,1.99,1.93,1.99,7900
STRN,20110622,6.78,6.78,6.73,6.78,400
STRS,20110622,14.28,14.28,13.98,13.98,3100
STRT,20110622,21.1,21.4,20.53,21.4,400
STSA,20110622,17.54,17.72,17.23,17.4,127400
STX,20110622,14.71,15.36,14.71,14.97,11553000
STXS,20110622,32.3,35.5,32.3,34.1,1223400
SUBK,20110622,14.12,14.19,13.75,13.8,26200
SUMR,20110622,8.2,8.43,8.2,8.21,52000
SUNS,20110622,17.84,17.84,17.37,17.4,21000
SUPX,20110622,21.15,21.24,20.94,21.04,43800
SURG,20110622,5.47,5.57,5.39,5.49,59400
SUSQ,20110622,7.78,7.96,7.74,7.75,4727800
SUTR,20110622,1.23,1.28,1.22,1.27,11700
SVA,20110622,2.86,2.97,2.83,2.96,155700
SVBI,20110622,3.47,3.47,3.25,3.25,4200
SVNT,20110622,6.84,7,6.8,6.94,1553800
SVVC,20110622,15,15,14.67,14.67,900
SWHC,20110622,2.82,2.91,2.74,2.75,488100
SWIR,20110622,11.92,12.03,11.86,11.87,87100
SWKS,20110622,22.4,22.76,22.14,22.39,2747800
SWSH,20110622,5.82,6,5.75,5.76,676700
SYBT,20110622,23.4,23.69,22.82,22.87,28000
SYBTP,20110622,11.16,11.16,11.16,11.16,0
SYKE,20110622,20.42,20.91,20.4,20.81,258400
SYMC,20110622,18.95,19.05,18.85,18.86,8052500
SYMM,20110622,5.42,5.49,5.36,5.38,68400
SYMX,20110622,2.14,2.14,2,2.02,153800
SYNA,20110622,25.99,26.22,25.71,25.72,199700
SYNL,20110622,11.6,11.75,11.6,11.6,2400
SYNM,20110622,18.1,18.7,17.8,18.4,130800
SYNT,20110622,54.59,56.06,54.59,55.79,215200
SYPR,20110622,3.52,3.61,3.5,3.56,4600
SYUT,20110622,9.86,9.86,9.42,9.47,50500
SZYM,20110622,21.98,22.49,21.62,21.73,204200
TACT,20110622,11.24,11.34,11.24,11.26,16700
TAIT,20110622,1.29,1.29,1.29,1.29,100
TASR,20110622,4.22,4.31,4.15,4.28,357400
TAST,20110622,9.54,9.63,9.41,9.43,27900
TATT,20110622,5.53,5.57,5.27,5.42,18100
TAXI,20110622,9.66,9.71,9.5,9.5,37600
TAYC,20110622,8.09,8.2,8.06,8.06,9700
TAYCP,20110622,23.1,23.5,23.09,23.22,10300
TAYD,20110622,5.8,5.85,5.75,5.85,2300
TBAC,20110622,2.06,2.15,2.06,2.07,2000
TBBK,20110622,9.73,9.86,9.62,9.69,54400
TBNK,20110622,20.35,20.35,20.08,20.08,15600
TBOW,20110622,2.13,2.15,1.96,1.97,30700
TCBI,20110622,25.82,26.11,25.7,25.71,86700
TCBIW,20110622,14.2,14.2,14.2,14.2,0
TCBK,20110622,14.65,14.78,14.21,14.21,15000
TCCO,20110622,8.4,8.4,8.34,8.34,500
TCRD,20110622,12.94,12.96,12.81,12.82,87200
TEAR,20110622,1.8,1.8,1.75,1.75,300
TECD,20110622,45.96,46.7,45.93,46.22,496400
TECH,20110622,79.68,79.81,78.95,79.06,62000
TECUA,20110622,10.23,10.27,10.05,10.07,39100
TECUB,20110622,9.99,9.99,9.9,9.9,500
TELK,20110622,19.2,20.7,18,18.9,34300
TESO,20110622,17.94,18.73,17.94,18.34,157000
TESS,20110622,11.97,12.1,11.15,11.33,127300
TFCO,20110622,3.95,3.95,3.95,3.95,0
TFM,20110622,38.33,39.35,38.22,38.59,421500
TFSL,20110622,9.78,9.8,9.61,9.64,219400
TGA,20110622,11.69,11.76,11.42,11.48,176100
TGE,20110622,5.93,6.11,5.77,5.97,13500
THFF,20110622,33.21,33.63,32.82,32.87,28300
THLD,20110622,1.59,1.74,1.59,1.7,164500
THOR,20110622,31.09,31.31,30.9,31.02,782700
THRD,20110622,21.86,21.86,21.43,21.63,700
THRX,20110622,22.06,22.3,21.91,21.97,181600
THTI,20110622,3.5,3.5,3.5,3.5,2000
TIBX,20110622,25.57,25.96,25.38,25.46,2759800
TICC,20110622,9.68,9.87,9.68,9.77,152800
TIGR,20110622,4.63,4.68,4.5,4.51,7300
TINY,20110622,5.16,5.21,5.03,5.04,104500
TISA,20110622,1.99,2.16,1.95,2.12,114600
TITN,20110622,29.5,29.82,28.79,28.99,272800
TIVO,20110622,10.13,10.33,10.07,10.19,2094800
TKMR,20110622,2.6,2.65,2.51,2.55,12400
TLAB,20110622,4.28,4.43,4.28,4.41,7201500
TLF,20110622,5.07,5.14,5.03,5.05,3400
TMNG,20110622,2.31,2.38,2.25,2.37,3000
TNAV,20110622,16.03,16.27,15.7,16,265500
TOFC,20110622,8.24,8.24,8.24,8.24,300
TOPS,20110622,0.39,0.4,0.38,0.4,33900
TORM,20110622,16.34,16.91,16.3,16.68,6500
TOWN,20110622,13.36,13.65,12.98,12.99,34100
TPGI,20110622,3.28,3.34,3.25,3.28,149400
TQNT,20110622,10.78,10.83,10.59,10.62,2972300
TQQQ,20110622,37.02,37.67,36.65,36.675,325100
TRAK,20110622,21.52,22,21.47,21.72,156800
TREE,20110622,4.87,5.02,4.77,4.84,21600
TRGT,20110622,21.95,22.2,21.45,21.61,79400
TRIB,20110622,10,10,9.96,9.97,9600
TRIT,20110622,7.36,7.75,7.31,7.53,27100
TRLG,20110622,27.69,28.39,27.28,27.31,215000
TRMB,20110622,19.105,19.275,18.99,19.005,715500
TRMD,20110622,41.8,44.8,41.5,42.1,11700
TRMK,20110622,23.33,23.51,23.06,23.08,198200
TRNS,20110622,10.03,10.03,10.03,10.03,0
TRNX,20110622,27.29,28.11,26.88,27.73,70700
TROW,20110622,58.4,58.83,57.52,57.53,1721000
TRS,20110622,22.1,22.7,22.08,22.51,191900
TRST,20110622,5.22,5.41,5.14,5.15,263400
TSBK,20110622,4.83,4.97,4.82,4.91,9100
TSCO,20110622,64.83,65.8,63.83,65.03,1050700
TSEM,20110622,18,18,17.4,17.4,456200
TSLA,20110622,27.53,28.25,27.1,27.21,1475500
TSON,20110622,4.43,4.53,4.41,4.49,47800
TSPT,20110622,10.28,10.44,10.2,10.2,123700
TSRA,20110622,16.27,16.3,16.06,16.21,292900
TSRI,20110622,4.62,4.63,4.62,4.62,600
TSRX,20110622,7.5,7.73,7.35,7.43,41500
TST,20110622,3.14,3.14,3.08,3.1,7800
TSTC,20110622,5.7,5.85,5.54,5.55,81000
TSYS,20110622,4.61,4.75,4.6,4.67,222100
TTEC,20110622,19.98,20.15,19.75,19.87,180500
TTEK,20110622,22.4,22.7,22.31,22.31,152100
TTGT,20110622,7.03,7.1,6.91,6.96,10800
TTHI,20110622,2.98,3.1,2.9,3.01,52200
TTMI,20110622,15.14,15.38,14.92,15.15,832200
TTWO,20110622,14.8,14.96,14.75,14.86,1987700
TUES,20110622,4.35,4.44,4.25,4.27,353800
TWER,20110622,5.12,5.15,4.95,5.02,141200
TWGP,20110622,23.48,23.6,23.1,23.12,113400
TWIN,20110622,33.14,34.25,33.04,33.32,54300
TWMC,20110622,1.95,1.98,1.95,1.97,2900
TWTC,20110622,20.48,20.7,20.34,20.38,540000
TXCC,20110622,3.16,3.29,3.12,3.15,79500
TXN,20110622,31.94,32.11,31.74,31.74,7016600
TXRH,20110622,16.7,17.1,16.59,16.89,870800
TYPE,20110622,13.97,14.05,12.8,13.65,178700
TZOO,20110622,62.39,63.77,58.7,59.09,2811600
TZYM,20110622,4.17,4.22,4.1,4.1,800
UACL,20110622,16.23,16.23,15.65,15.67,5700
UBCP,20110622,8.82,8.82,8.82,8.82,0
UBFO,20110622,3.05,3.05,3.05,3.05,0
UBNK,20110622,15.82,15.87,15.38,15.41,16800
UBOH,20110622,8.92,8.92,8.92,8.92,0
UBSH,20110622,12.94,13.07,12.71,12.72,24500
UBSI,20110622,23.96,24.12,23.69,23.86,204800
UCBA,20110622,6.63,6.63,6.55,6.58,900
UCFC,20110622,1.14,1.16,1.14,1.14,500
UCTT,20110622,8.62,8.68,8.31,8.46,164400
UEIC,20110622,24.58,24.97,24.54,24.68,51000
UEPS,20110622,8,8.15,7.99,8.09,102800
UFCS,20110622,18.78,18.78,17.92,17.99,64200
UFPI,20110622,27.7,28.15,27.01,27.03,91700
UFPT,20110622,16.84,17.43,16.8,17.17,29800
UG,20110622,14.68,14.74,14.66,14.74,1000
UHAL,20110622,95.59,96.28,94.64,94.64,22100
ULBI,20110622,4.78,4.78,4.69,4.72,6800
ULGX,20110622,1.06,1.06,1,1.02,9900
ULTA,20110622,61.66,62.69,61.05,61.49,867700
ULTI,20110622,51.78,53.98,51.48,52.84,269600
ULTR,20110622,4.97,5.01,4.85,4.87,62500
UMBF,20110622,40.73,40.98,40.5,40.7,177700
UMPQ,20110622,11.48,11.57,11.37,11.37,893500
UNAM,20110622,9.9,9.9,9.73,9.89,1700
UNB,20110622,19.9,19.9,19.9,19.9,100
UNFI,20110622,42,42.53,41.8,41.88,206000
UNIS,20110622,4.65,4.77,4.4,4.41,724100
UNTD,20110622,5.94,6.11,5.87,6.04,843300
UNTK,20110622,7.89,8.09,7.75,7.89,35300
UNTY,20110622,6.81,6.81,6.62,6.7,3900
UNXL,20110622,6.52,6.56,6.37,6.37,2500
UPI,20110622,7.85,7.91,7.47,7.54,87100
URBN,20110622,29.24,29.28,28.57,28.63,2404100
URRE,20110622,15.2,16,15,15.8,1494900
USAK,20110622,10.2,10.27,10.06,10.1,54900
USAP,20110622,41.99,43.2,41.43,41.98,113500
USAT,20110622,2.3,2.34,2.25,2.27,236800
USATP,20110622,18.93,18.93,18.93,18.93,0
USATZ,20110622,1.4,1.4,1.34,1.39,2700
USBI,20110622,5.62,5.97,5.62,5.65,1200
USCR,20110622,8.52,8.56,8.45,8.49,4200
USEG,20110622,4.07,4.23,4.03,4.15,127600
USLM,20110622,38.33,38.92,38.31,38.54,4400
USMO,20110622,15.79,16.11,15.68,15.69,194100
USTR,20110622,33.96,34.78,33.96,34.63,300800
UTEK,20110622,30.22,30.5,30.05,30.09,228700
UTHR,20110622,54.18,54.54,53.66,53.86,1377700
UTIW,20110622,19.68,20.32,19.68,20.1,547500
UTMD,20110622,26.7,26.7,26.44,26.44,200
UTSI,20110622,4.68,4.77,4.5,4.5,1190200
UVSP,20110622,16.25,16.36,15.88,15.92,78500
VALU,20110622,13.75,13.86,13.72,13.72,2800
VALV,20110622,1.59,1.63,1.55,1.58,222700
VASC,20110622,12.08,12.15,11.86,11.86,27700
VBFC,20110622,2.75,2.76,2.5,2.68,12200
VCBI,20110622,5.66,5.67,5.55,5.57,20400
VCIT,20110622,81.42,81.42,80.98,81.13,27000
VCLK,20110622,16.86,17.08,16.82,16.9,820900
VCLT,20110622,80.06,80.07,79.6,79.78,10700
VCSH,20110622,78.6,78.76,78.58,78.59,396200
VDSI,20110622,11.88,12.1,11.65,11.66,269500
VECO,20110622,50.66,50.99,48.77,48.79,1141300
VELT,20110622,15.32,15.55,14.94,15.03,319700
VGIT,20110622,63.03,63.03,62.86,62.86,4400
VGLT,20110622,62.45,62.47,62.24,62.31,3900
VGSH,20110622,61.02,61.02,60.97,61.01,24300
VIA,20110622,56.22,56.57,56.07,56.2,17100
VIAB,20110622,48.71,48.91,48.5,48.65,2986800
VIAS,20110622,19.5,20.19,19.5,19.71,14400
VICL,20110622,4.18,4.32,4.06,4.07,695200
VICR,20110622,15.7,15.94,15.54,15.57,67800
VIDE,20110622,3.85,3.87,3.65,3.65,16800
VIFL,20110622,4.71,4.87,4.7,4.83,2500
VIMC,20110622,1.94,1.99,1.91,1.99,26100
VIRC,20110622,2.9,2.9,2.9,2.9,0
VISN,20110622,54.6,57,52.6,52.8,290700
VITC,20110622,3.75,4.69,3.75,4.15,700100
VIVO,20110622,24.37,24.96,24.33,24.63,217600
VLCCF,20110622,22.11,22.11,21.43,21.58,130600
VLGEA,20110622,27.64,27.64,26.89,26.91,6300
VLTR,20110622,23.36,23.5,23.12,23.12,85000
VLYWW,20110622,2.52,2.52,2.49,2.51,1500
VMBS,20110622,51.48,51.49,51.48,51.49,700
VMED,20110622,30.97,31.12,30.64,30.93,1995500
VNDA,20110622,7.15,7.23,7.04,7.07,60100
VNET,20110622,12.25,12.28,11.73,12,90100
VNQI,20110622,50.44,50.65,50.2,50.2,139400
VOCS,20110622,27.23,28.35,27.12,27.97,95100
VOD,20110622,26.62,26.73,26.51,26.53,5985800
VOLC,20110622,30.22,31.06,30.19,30.81,457300
VONE,20110622,59.5,59.77,59.27,59.27,17800
VONG,20110622,60.95,60.99,60.73,60.73,6300
VONV,20110622,58.42,58.71,58.22,58.25,7800
VOXX,20110622,7.2,7.35,7.2,7.31,65800
VPFG,20110622,13.78,13.78,13.53,13.59,158500
VPHM,20110622,17.71,18.3,17.71,17.91,483000
VPRT,20110622,46.73,47.27,46.52,46.74,268200
VRA,20110622,39.55,40.47,39.05,40.05,316300
VRML,20110622,3.85,3.88,3.72,3.81,165300
VRNM,20110622,1.42,1.73,1.41,1.66,55300
VRNT,20110622,34.45,35.1,34.45,34.81,198600
VRSK,20110622,33.77,34.36,33.77,34.2,795400
VRSN,20110622,33.02,33.63,33.02,33.13,2403900
VRTA,20110622,1.37,1.41,1.19,1.19,1200
VRTB,20110622,1.37,1.45,1.36,1.38,7200
VRTS,20110622,57.95,59.09,57.81,57.91,15100
VRTU,20110622,17.41,18.15,16.75,17.49,308100
VRTX,20110622,45.57,47.89,45.5,47.21,2765400
VSAT,20110622,41.78,42.63,41.4,42.61,171000
VSBN,20110622,11.73,11.73,11.73,11.73,0
VSCI,20110622,2.52,2.56,2.42,2.56,44400
VSCP,20110622,1.74,1.8,1.63,1.74,20400
VSEC,20110622,27.16,27.55,27,27.01,41500
VTHR,20110622,59.64,60.03,59.61,59.7,9700
VTNC,20110622,13.67,13.88,13.64,13.74,21800
VTSS,20110622,4.18,4.18,4.11,4.13,19300
VTUS,20110622,16.19,16.3,15.48,15.85,36300
VTWG,20110622,65.76,66.29,65.61,65.61,1800
VTWO,20110622,63.46,64.07,63.29,63.29,36800
VTWV,20110622,61.64,61.69,61.64,61.66,1500
VVTV,20110622,8.49,8.73,8.12,8.2,562400
VVUS,20110622,7.73,7.96,7.73,7.78,712600
VXUS,20110622,49.69,49.96,49.43,49.43,93700
VYFC,20110622,5.05,5.05,4.9,4.9,700
WABC,20110622,48.71,49.04,48.38,48.39,101000
WAFD,20110622,15.9,16.07,15.86,15.86,858900
WASH,20110622,23.15,23.4,22.9,22.9,28700
WAVX,20110622,2.94,2.94,2.64,2.68,465300
WAYN,20110622,8.41,8.41,8.36,8.4,90500
WBCO,20110622,13.13,13.23,12.96,12.97,41000
WBKC,20110622,14.77,14.77,14.67,14.71,600
WBMD,20110622,45.65,46.35,45.54,45.95,356400
WBSN,20110622,25.19,25.56,24.89,25.17,260500
WCRX,20110622,23.07,24.1,22.96,23.85,2029800
WDC,20110622,34.57,35.29,34.5,34.57,2588200
WDFC,20110622,41.64,41.99,41.21,41.23,32100
WEBM,20110622,9.1,9.1,8.68,8.96,13100
WERN,20110622,24.69,24.87,24.38,24.42,400100
WEYS,20110622,23.39,23.56,23.06,23.1,4100
WFD,20110622,8.35,8.38,8.22,8.27,27400
WFM,20110622,60,60.89,59.8,59.98,1715800
WIBC,20110622,3.08,3.08,3,3.01,446900
WIFI,20110622,8.13,8.85,8.13,8.78,190300
WILC,20110622,7.04,7.1,6.95,7.04,10500
WILN,20110622,7.5,7.61,7.41,7.55,120600
WIN,20110622,13.24,13.36,13.22,13.23,2783200
WINA,20110622,37.78,37.86,37.4,37.64,1500
WIRE,20110622,23.24,23.32,22.63,22.8,115600
WLB,20110622,18.99,19.1,18.63,18.71,63400
WLBPZ,20110622,32.93,33.24,32.15,32.7,4800
WLDN,20110622,3.9,4.2,3.9,4.2,4100
WLFC,20110622,12.9,13.23,12.65,13.22,21300
WMAR,20110622,10.25,10.31,10.01,10.12,38600
WMGI,20110622,14.46,14.87,14.32,14.63,405400
WOOD,20110622,42.08,42.46,42.08,42.28,69500
WOOF,20110622,19.88,20.5,19.6,20.2,7039100
WPCS,20110622,2.87,2.92,2.87,2.9,24200
WPPGY,20110622,60.44,60.95,60.33,60.37,39600
WPRT,20110622,20.96,21.75,20.86,21.43,772300
WRES,20110622,3.68,3.95,3.68,3.77,725100
WRLD,20110622,61.61,62.55,60.78,60.9,171400
WRLS,20110622,5.99,6.41,5.99,6.23,52100
WSB,20110622,2.77,2.9,2.64,2.85,1900
WSBC,20110622,19.44,19.5,19.13,19.15,36600
WSBF,20110622,2.32,2.44,2.32,2.4,15000
WSCI,20110622,5.99,6.45,5.68,5.76,102500
WSFS,20110622,39.1,39.34,38.51,38.76,14900
WSTG,20110622,13.3,13.3,13.2,13.3,1600
WSTL,20110622,3.58,3.6,3.54,3.58,404800
WTBA,20110622,7.77,7.79,7.53,7.54,9200
WTFC,20110622,31.92,32.08,31.69,31.8,177700
WTFCW,20110622,14.97,14.97,14.97,14.97,0
WVFC,20110622,9.02,9.02,9.02,9.02,0
WVVI,20110622,3.12,3.25,3.12,3.25,1100
WWD,20110622,32.57,33.38,32.57,32.88,245300
WWWW,20110622,11.4,11.7,11.11,11.49,234200
WYNN,20110622,134.58,136.42,132.94,133.07,1154400
XBKS,20110622,4,4.06,3.9,3.9,4300
XIDE,20110622,7.35,7.5,7.28,7.28,613900
XLNX,20110622,34.1,34.45,33.72,34.22,3413600
XNPT,20110622,7.23,7.3,7.02,7.04,260300
XOMA,20110622,2.31,2.35,2.26,2.27,357200
XRAY,20110622,39.51,39.7,38.26,38.32,2809600
XRTX,20110622,9.56,9.76,9.4,9.41,193200
XTEX,20110622,17.55,18.39,17.51,17.97,177100
XTXI,20110622,11.03,11.18,10.87,10.88,336100
XWES,20110622,3.59,3.91,3.25,3.4,13000
XXIA,20110622,12.5,12.72,12.43,12.48,207300
YAVY,20110622,1.94,1.98,1.94,1.97,12900
YHOO,20110622,15.29,15.53,15.19,15.23,30154600
YNDX,20110622,30.96,31.11,30.5,30.71,511100
YORW,20110622,17.06,17.18,17.04,17.06,20900
YRCW,20110622,0.71,0.86,0.68,0.76,5247700
ZAGG,20110622,13.72,15.3,13.01,14.94,7244000
ZBRA,20110622,40.68,41.14,40.48,40.76,138200
ZEUS,20110622,26.29,26.55,25.8,26.01,73800
ZGNX,20110622,4.09,4.42,3.92,4.2,67500
ZHNE,20110622,2.22,2.24,2.18,2.22,26400
ZIGO,20110622,11.94,12.08,11.68,11.9,50600
ZINC,20110622,11.49,12.01,11.36,11.56,215100
ZION,20110622,23.22,23.44,22.96,23,1719900
ZIONW,20110622,6.43,6.43,6.35,6.35,4200
ZIOP,20110622,6.01,6.22,5.97,5.98,244900
ZIPR,20110622,2.23,2.23,2.18,2.21,6100
ZIXI,20110622,3.66,3.71,3.53,3.6,921300
ZLCS,20110622,2.16,2.23,2.12,2.14,536100
ZN,20110622,5.95,5.98,5.62,5.77,261000
ZOLT,20110622,9.91,10.13,9.81,9.84,161900
ZOOM,20110622,2.38,2.4,2.31,2.33,28500
ZUMZ,20110622,24.78,25.13,24,24.12,497000
