<ticker>,<date>,<open>,<high>,<low>,<close>,<vol>
AACC,20111013,3.13,3.14,3.08,3.08,2400
AAME,20111013,1.8,1.83,1.8,1.83,1100
AAON,20111013,18.59,18.74,18.09,18.55,38800
AAPL,20111013,404.98,408.43,402.85,408.43,15220800
AAWW,20111013,35.65,35.65,33.67,34.63,272200
AAXJ,20111013,51.11,51.44,50.6,51.23,302500
ABAX,20111013,24,24,23.42,23.86,77000
ABCB,20111013,9.45,9.52,9.27,9.48,39900
ABCD,20111013,3.01,3.14,2.98,3.14,26300
ABCO,20111013,31.5,31.79,31.175,31.59,106900
ABFS,20111013,17.32,17.64,17.14,17.47,211000
ABIO,20111013,7.32,7.32,6.9,7.08,27800
ABMD,20111013,12.25,12.25,11.96,12.04,111400
ABTL,20111013,4.35,4.45,4.25,4.45,33100
ACAD,20111013,1.05,1.1,1.05,1.1,179700
ACAS,20111013,6.95,6.99,6.67,6.88,4570900
ACAT,20111013,15.99,16.89,15.76,16.82,91100
ACCL,20111013,6.51,6.58,6.42,6.55,110500
ACET,20111013,5.92,6.02,5.85,6,47100
ACFC,20111013,2.01,2.09,2,2.02,1500
ACFN,20111013,5.36,5.4,5.24,5.3,48200
ACGL,20111013,32.7,33.21,32.55,33.03,662700
ACHN,20111013,4.72,5.02,4.72,4.93,217500
ACIW,20111013,28.46,28.73,27.92,28.36,342400
ACLS,20111013,1.29,1.31,1.28,1.3,327500
ACNB,20111013,14.53,14.99,14.53,14.99,1000
ACOR,20111013,20.95,21.45,20.73,21.3,363400
ACPW,20111013,7.05,7.25,6.6,6.9,216000
ACRX,20111013,3,3.02,2.9,3.02,6800
ACTG,20111013,38.41,38.97,37.56,38.09,414000
ACTS,20111013,2.04,2.05,2.03,2.05,20100
ACUR,20111013,4.79,4.79,4.3,4.37,89200
ACWI,20111013,42.04,42.29,41.67,42.14,481000
ACWX,20111013,37.75,37.95,37.4,37.89,208800
ACXM,20111013,11.64,11.66,11.32,11.5,263200
ADAT,20111013,1.38,1.4,1.34,1.36,76900
ADBE,20111013,25.8,25.89,25.39,25.8,4516700
ADEP,20111013,3.32,3.32,3.32,3.32,800
ADES,20111013,15.21,15.26,14.93,14.93,27300
ADI,20111013,34.67,35.86,34.6,35.69,5019000
ADP,20111013,50.9,51.07,50.58,50.89,3093500
ADRA,20111013,23.29,23.5,23.22,23.42,400
ADRD,20111013,19.04,19.14,18.87,19.14,8700
ADRE,20111013,38.5,38.81,38.08,38.72,55400
ADRU,20111013,18.68,18.9,18.61,18.9,6000
ADSK,20111013,30.84,31.03,30.36,30.99,3003500
ADTN,20111013,29.13,30.39,28.03,30.31,2148400
ADUS,20111013,4.04,4.04,3.89,4.01,10200
ADVS,20111013,22.98,23.36,22.56,23.28,114300
AEGR,20111013,13.8,14.04,13.64,13.75,47000
AEHR,20111013,0.81,0.81,0.81,0.81,1000
AEIS,20111013,9.61,9.84,9.41,9.84,443100
AEPI,20111013,23.6,23.89,23.25,23.42,27700
AERL,20111013,5.62,5.76,5.43,5.48,34700
AETI,20111013,3.78,3.78,3.75,3.78,600
AEY,20111013,2.14,2.16,2.13,2.14,10400
AEZS,20111013,9.66,9.78,9.3,9.6,1467000
AFAM,20111013,18.75,18.75,17.5,17.85,118600
AFCB,20111013,12.5,12.5,12.5,12.5,0
AFCE,20111013,13.79,14.08,13.66,13.91,45700
AFFX,20111013,5.32,5.5,5.21,5.26,874800
AFFY,20111013,4.92,5.07,4.9,5.03,190400
AFOP,20111013,7.38,7.4,7.27,7.4,3200
AFSI,20111013,23.29,23.47,23.1,23.25,119400
AGEN,20111013,2.79,2.88,2.7,2.86,28600
AGII,20111013,29.47,29.61,29.06,29.4,31900
AGNC,20111013,27,27.41,27,27.33,3979100
AGYS,20111013,8.55,8.67,8.3,8.57,85100
AHGP,20111013,46.28,47.8,45.81,47.38,36700
AHPI,20111013,3.46,3.73,3.45,3.73,48400
AIMC,20111013,13.15,13.22,12.55,13.08,165600
AINV,20111013,7.82,7.92,7.65,7.9,1854900
AIRM,20111013,23.46,26.1433,23.46,25.77,252200
AIRT,20111013,7.77,7.77,7.72,7.77,7000
AIXG,20111013,15.18,15.44,14.94,15.36,132100
AKAM,20111013,24.02,25.12,23.95,24.49,10146600
AKRX,20111013,8.18,8.91,8.18,8.88,1482400
ALCO,20111013,20.32,20.32,19.79,20.21,2300
ALGN,20111013,16.6,16.75,16.04,16.33,372400
ALGT,20111013,49.5,50.19,49.11,49.69,166100
ALIM,20111013,7.34,7.4,7.03,7.37,61400
ALKS,20111013,15.14,15.78,15.11,15.75,761000
ALLB,20111013,10.13,10.13,10.13,10.13,0
ALLT,20111013,12,12.44,11.76,12.34,97800
ALNY,20111013,6.95,7.15,6.94,7.13,157900
ALOG,20111013,49.86,50.92,49.47,50.48,161500
ALOT,20111013,7.26,7.29,7.11,7.22,2200
ALSK,20111013,6.4,6.51,6.32,6.51,281900
ALTE,20111013,20.06,20.26,19.76,20.17,278400
ALTI,20111013,1.31,1.35,1.24,1.28,70300
ALTR,20111013,33.32,35.47,33.31,35.31,8778900
ALVR,20111013,9.5,9.8,9.3,9.7,51100
ALXA,20111013,13,13.2,12.5,13,85700
ALXN,20111013,65.99,67.98,65.41,67.38,1182500
AMAG,20111013,13.93,14.48,13.93,14.39,136400
AMAP,20111013,14.46,14.84,14.27,14.61,19200
AMAT,20111013,11.28,11.63,11.21,11.58,18025100
AMBT,20111013,7,7.4,7,7.4,400
AMCC,20111013,6.05,6.29,6.04,6.27,557600
AMCF,20111013,3.3,3.44,3.21,3.37,60300
AMCN,20111013,2.22,2.51,2.22,2.42,66900
AMCX,20111013,31.33,32.08,31.07,31.5,356500
AMED,20111013,13.62,13.82,12.91,13.66,375800
AMGN,20111013,56.48,57.31,56.4,56.98,5464600
AMIC,20111013,4.74,4.74,4.74,4.74,0
AMKR,20111013,4.79,4.89,4.72,4.85,2211600
AMNB,20111013,18.25,18.51,18.12,18.5,5900
AMOT,20111013,4.95,4.99,4.67,4.99,7300
AMOV,20111013,23.12,23.35,23.12,23.25,1800
AMPE,20111013,8.25,8.25,7.43,8.22,91900
AMRB,20111013,4.7,4.8,4.7,4.8,2100
AMRI,20111013,2.87,3.09,2.87,3.02,143000
AMRN,20111013,9,9.53,8.76,9.43,1538100
AMRS,20111013,16.1,16.1,15.3,15.65,284000
AMSC,20111013,4.01,4.24,3.91,4.22,746700
AMSF,20111013,20.29,20.29,19.81,19.98,32500
AMSG,20111013,24.16,24.16,23.52,24.14,106600
AMSWA,20111013,7.73,7.77,7.61,7.7,31800
AMWD,20111013,13.32,13.74,13.32,13.71,4200
AMZN,20111013,237,239.68,235.23,236.15,4841500
ANAC,20111013,6.39,6.59,6.32,6.55,6900
ANAD,20111013,2.42,2.45,2.36,2.41,319800
ANAT,20111013,71.42,71.45,69.31,69.83,12000
ANCB,20111013,5.6,5.6,5.6,5.6,0
ANCI,20111013,1.65,1.65,1.59,1.65,12500
ANCX,20111013,7.97,8.01,7.97,8.01,1500
ANDE,20111013,33.57,33.64,32.8,33,130000
ANEN,20111013,20.23,20.63,20.14,20.54,79700
ANGO,20111013,14.92,15.19,14.65,15.01,133600
ANIK,20111013,6.06,6.16,6,6.08,9300
ANLY,20111013,3.5,3.5,3.49,3.49,26000
ANSS,20111013,50.25,50.96,50.07,50.87,193500
ANTH,20111013,5.79,5.83,5.66,5.81,31600
ANTP,20111013,2.14,2.27,1.95,2.05,7300
AOSL,20111013,7.93,8.17,7.84,8.03,40900
APAGF,20111013,79.89,81,78.62,81,8400
APEI,20111013,38,38.37,37.71,38.02,80800
APFC,20111013,7.3,7.56,7.25,7.4,11200
APOG,20111013,9.99,10.09,9.75,10.03,69900
APOL,20111013,44.08,44.11,42.66,43.09,1061500
APPY,20111013,14.7,17.04,14.7,16.68,8600
APRI,20111013,3.95,4.05,3.8,4.03,127200
APSA,20111013,15.04,15.04,14.9,14.9,600
APWC,20111013,3.09,3.15,3.01,3.1,6800
ARAY,20111013,3.82,3.95,3.82,3.91,630300
ARCC,20111013,14.27,14.35,14.08,14.26,1328400
ARCI,20111013,4.61,4.75,4.6,4.7,20200
ARCP,20111013,11.92,11.98,11.92,11.98,800
ARCW,20111013,2.98,2.98,2.98,2.98,200
ARDNA,20111013,81.9,82.45,81.9,82.45,300
AREX,20111013,22.33,22.5,20.93,21.98,466400
ARIA,20111013,9.83,10.03,9.63,9.94,2151100
ARII,20111013,17.83,18.29,17.14,18.23,41200
ARKR,20111013,13.1,13.1,12.79,13.03,600
ARLP,20111013,68.5,70,68,70,39200
ARMH,20111013,28.07,28.54,27.87,28.45,2854100
ARNA,20111013,1.49,1.5,1.43,1.46,813200
AROW,20111013,23,23,22.5,22.85,11200
ARQL,20111013,5.2,5.2,5.05,5.13,600600
ARRS,20111013,11.05,11.07,10.79,11,1074500
ARRY,20111013,2.08,2.2,2.07,2.18,330800
ARTC,20111013,29.57,30.14,29.24,30,51500
ARTNA,20111013,17.91,18.42,17.91,18.41,9900
ARTW,20111013,5.87,6,5.7,5.94,21800
ARTX,20111013,1.37,1.39,1.31,1.34,53500
ARUN,20111013,23.06,23.75,22.98,23.34,2356600
ARWR,20111013,0.39,0.42,0.39,0.42,47100
ASBB,20111013,11.63,11.63,11.3,11.45,152400
ASBC,20111013,10.61,10.63,10.31,10.51,1563100
ASBI,20111013,3.75,3.75,3.75,3.75,900
ASCA,20111013,18.14,18.45,17.82,18.15,165900
ASCMA,20111013,42.63,42.63,41.67,42.07,14000
ASEI,20111013,66.89,67.12,65.46,65.93,42600
ASFI,20111013,7.64,7.72,7.55,7.7,7200
ASIA,20111013,10,10,9.54,9.75,1241600
ASMI,20111013,28.09,28.3,27.57,28.21,61400
ASML,20111013,38.81,40.28,38.74,40.06,3528900
ASNA,20111013,14.43,14.63,13.885,14.095,967900
ASPS,20111013,37,37.09,36.6,36.6,30600
ASRV,20111013,1.9,1.92,1.9,1.92,1800
ASRVP,20111013,25.65,25.65,25.65,25.65,0
ASTC,20111013,0.56,0.6,0.56,0.59,17700
ASTE,20111013,32.96,32.96,32.29,32.7,84000
ASTI,20111013,0.85,0.85,0.8,0.8,64600
ASTM,20111013,2.38,2.44,2.36,2.39,54100
ASTX,20111013,1.84,1.86,1.8,1.83,139900
ASUR,20111013,2.18,2.2733,2.1733,2.1867,1500
ASYS,20111013,9.43,9.62,9.05,9.59,127300
ATAI,20111013,8.73,9.16,8.73,8.95,9800
ATAX,20111013,5.08,5.15,5.02,5.1,33200
ATEA,20111013,3,3,3,3,0
ATEC,20111013,2.17,2.24,2.12,2.24,75800
ATHN,20111013,60.3,61.41,60.17,61.03,348000
ATHX,20111013,1.58,1.58,1.53,1.54,46300
ATLO,20111013,17.7,17.75,17.26,17.75,5800
ATMI,20111013,18.6,18.85,18.55,18.75,98200
ATML,20111013,9.35,10,9.3,9.94,11478000
ATNI,20111013,33.41,33.41,32.51,33.23,13900
ATNY,20111013,3.35,3.35,3.25,3.34,49700
ATRC,20111013,11.27,11.4,11.13,11.34,24000
ATRI,20111013,221.8,226.47,221.45,224.26,1200
ATRM,20111013,0.97,1,0.95,0.98,10600
ATRO,20111013,31.93,32.69,31.79,32.55,25900
ATSG,20111013,5.14,5.25,5.04,5.25,163000
ATVI,20111013,12.74,13.05,12.7,12.92,7862000
ATX,20111013,12.72,12.75,12.53,12.74,45500
AUBN,20111013,19.39,19.39,19.39,19.39,200
AUDC,20111013,2.94,2.98,2.81,2.95,98400
AUXL,20111013,15.88,16.73,15.77,16.67,598500
AVAV,20111013,30.07,30.38,29.66,29.89,92500
AVEO,20111013,16.8,16.8,15.98,16.29,170500
AVGO,20111013,33.39,34.93,33.28,34.06,6020900
AVID,20111013,8.39,8.64,8.23,8.45,76900
AVNR,20111013,3.15,3.2,3.09,3.18,722000
AVNW,20111013,2.6,2.62,2.52,2.58,467700
AWAY,20111013,35.04,35.42,34.09,35.18,155500
AWRE,20111013,2.6,2.73,2.51,2.6,12700
AXAS,20111013,3.4,3.45,3.13,3.4,1161200
AXFN,20111013,19.8,19.8,19.24,19.65,1600
AXTI,20111013,5.17,5.68,5.1,5.54,887200
AZPN,20111013,16.71,16.89,16.63,16.79,377200
BABY,20111013,8.08,8.38,8.05,8.35,248500
BAGL,20111013,13.4,13.43,13.33,13.4,49500
BAMM,20111013,2.15,2.18,2.14,2.18,57000
BANC,20111013,11.56,12,11.54,12,7800
BANF,20111013,36.22,36.22,34.51,35.42,12900
BANFP,20111013,27.3,27.75,26.85,26.85,700
BANR,20111013,14.05,14.67,13.85,14.15,102400
BASI,20111013,1.27,1.36,1.25,1.29,1400
BBBY,20111013,59.56,60.38,59.07,59.79,2023000
BBEP,20111013,17.2,17.34,17.09,17.27,218400
BBGI,20111013,3.92,3.92,3.92,3.92,0
BBNK,20111013,10.54,10.8,10.54,10.8,6600
BBOX,20111013,24.92,25.36,24.68,24.83,34600
BBRG,20111013,18.18,18.67,18.14,18.59,73600
BBRY,20111013,23.33,23.74,22.88,23.61,18034700
BBSI,20111013,14.25,14.3,13.96,14.21,28600
BCBP,20111013,9.57,9.57,9.57,9.57,100
BCOM,20111013,16.2,16.2,16.2,16.2,0
BCPC,20111013,37.32,37.85,36.87,37,154600
BCRX,20111013,2.77,2.79,2.62,2.7,117800
BCSB,20111013,11.75,11.75,11.75,11.75,0
BDE,20111013,8.28,8.41,7.95,8.05,44200
BDGE,20111013,19.25,19.32,18.56,18.71,15000
BDMS,20111013,17.12,17.25,17.12,17.25,500
BDSI,20111013,1.02,1.09,1.01,1.06,235800
BEAT,20111013,2.84,2.88,2.82,2.85,29300
BEAV,20111013,34.27,34.51,33.46,33.95,867200
BEBE,20111013,7.1,7.16,6.93,7.03,334900
BECN,20111013,17.52,17.52,16.85,17.04,537000
BELFA,20111013,18.6,18.6,18.6,18.6,100
BELFB,20111013,17.84,17.91,17.35,17.44,28900
BERK,20111013,6.71,6.71,6.71,6.71,0
BFIN,20111013,7.99,7.99,7.81,7.96,20400
BFLY,20111013,2.24,2.24,2.14,2.24,700
BGCP,20111013,6.9,6.97,6.79,6.88,776900
BGFV,20111013,7.75,7.81,7.56,7.69,46600
BGMD,20111013,3.94,4.51,3.94,4.51,227500
BIB,20111013,29.665,30.255,29.665,30.255,1900
BICK,20111013,24.61,24.61,24.32,24.56,13000
BIDU,20111013,130.9,133.3,127.85,132.97,9253600
BIIB,20111013,98.46,102.31,98.11,101.32,2194700
BIOD,20111013,2.88,2.96,2.76,2.92,66900
BIOF,20111013,5.2,5.2,4.6,4.8,94700
BIOS,20111013,6.9,7.04,6.85,6.94,264100
BIRT,20111013,5.9,6.08,5.83,6.04,79900
BIS,20111013,41.16,41.16,39.93,39.93,1300
BJRI,20111013,48.21,48.85,47.27,48.44,142800
BKCC,20111013,8,8.12,7.81,7.9,355800
BKEP,20111013,6,6.08,5.49,5.54,70600
BKMU,20111013,2.9,2.92,2.75,2.92,55600
BKOR,20111013,2.21,2.91,2.21,2.91,2200
BKSC,20111013,10.32,10.32,10.15,10.15,300
BKYF,20111013,21.55,22.1,21.47,21.88,6500
BLDP,20111013,1.39,1.39,1.35,1.35,53000
BLDR,20111013,1.38,1.46,1.36,1.45,41900
BLIN,20111013,0.65,0.65,0.65,0.65,0
BLKB,20111013,25.04,25.6,24.88,25.49,108800
BLMT,20111013,10.25,10.31,10.2,10.27,104000
BLRX,20111013,3.56,3.56,3.56,3.56,0
BMC,20111013,36.54,38.71,36.43,38.69,5784300
BMRC,20111013,35.81,36.1,35.75,35.9,12800
BMRN,20111013,32.51,33.75,32.51,33.42,492700
BMTC,20111013,17.88,17.96,17.49,17.96,11200
BNCL,20111013,7.81,8.24,7.81,8.12,46700
BNCN,20111013,6.75,6.78,6.75,6.78,3300
BNSO,20111013,1.3,1.3,1.3,1.3,0
BOBE,20111013,30.89,31.45,30.82,31.12,147300
BOCH,20111013,3.3,3.35,3.3,3.3,3300
BODY,20111013,19.55,19.74,19.1,19.5,74600
BOFI,20111013,13.69,14.62,13.69,14.6,13600
BOKF,20111013,49.64,50.27,48.12,48.44,81900
BOLT,20111013,10.32,10.44,10,10.42,14800
BONA,20111013,4.27,4.51,4.25,4.44,18700
BONT,20111013,4.66,4.69,4.28,4.34,142600
BOOM,20111013,20.16,20.87,20.15,20.87,38700
BOSC,20111013,5.08,5.08,5.08,5.08,0
BPAX,20111013,14.1,14.88,13.98,14.82,1120300
BPFH,20111013,6.89,6.99,6.5,6.95,974800
BPFHW,20111013,1.92,1.92,1.92,1.92,0
BPHX,20111013,0.7,0.75,0.62,0.71,30500
BPOP,20111013,15.9,16.7,15.1,16,9729600
BPOPM,20111013,17.2,17.2,17.2,17.2,0
BPOPN,20111013,18.69,18.69,18,18.39,2800
BRCD,20111013,4.5,4.54,4.37,4.42,12486200
BRCM,20111013,36.65,37.4,36.52,37.02,7816500
BRID,20111013,9.41,9.41,9.41,9.41,0
BRKL,20111013,8.56,8.56,8.21,8.3,195500
BRKR,20111013,13.46,13.86,13.23,13.51,810500
BRKS,20111013,9.19,9.45,8.98,9.36,313900
BRLI,20111013,19.39,19.52,19.21,19.34,99300
BSDM,20111013,2.86,2.94,2.83,2.92,25600
BSET,20111013,7.57,7.82,7.48,7.7,12100
BSFT,20111013,36.01,37.68,35.43,37.56,745600
BSPM,20111013,2.52,2.64,2.52,2.61,54100
BSQR,20111013,4.55,4.56,4.51,4.56,6000
BSRR,20111013,10.43,10.6,10.23,10.55,7200
BSTC,20111013,15,15.08,14.84,15.05,13800
BTUI,20111013,4.22,4.28,4.01,4.02,4700
BUSE,20111013,4.96,4.96,4.78,4.85,97200
BVSN,20111013,10.25,10.25,9.42,9.85,24200
BWEN,20111013,4,4,3.7,3.9,481500
BWINA,20111013,24.48,24.48,24.48,24.48,0
BWINB,20111013,23.33,23.34,22.77,22.94,15800
BWLD,20111013,58.03,60.32,58.03,59.75,626900
BYFC,20111013,1.62,1.97,1.59,1.86,6400
CA,20111013,21.18,21.53,21.01,21.46,4609300
CAAS,20111013,4.9,4.99,4.86,4.92,44800
CAC,20111013,28.95,29.12,28.76,29.11,4800
CACB,20111013,5.6,5.74,5.56,5.74,5500
CACC,20111013,68.8,68.8,64.44,65.56,30500
CACH,20111013,5.05,5.05,5.04,5.04,1800
CADC,20111013,1.58,1.68,1.53,1.6,14800
CADX,20111013,6.2,6.26,6,6.01,350800
CAFI,20111013,1.17,1.17,1.13,1.13,700
CAKE,20111013,26.38,27.21,26.28,27.11,992400
CALD,20111013,5,5.15,4.95,5.1,50000
CALI,20111013,7.2,7.2,7.02,7.02,8300
CALL,20111013,11.175,11.255,10.96,11.075,15700
CALM,20111013,32.21,32.53,32.06,32.49,47100
CAMP,20111013,3.51,3.6,3.43,3.54,72500
CAMT,20111013,2,2,1.92,1.94,14500
CAR,20111013,11.85,11.85,11.43,11.74,1657000
CARB,20111013,14.01,14.35,13.51,14.2,34400
CART,20111013,2.99,3,2.99,3,1100
CARV,20111013,0.6,0.6,0.5,0.5,4300
CARZ,20111013,24.3,24.3,24.3,24.3,500
CASH,20111013,16.49,16.49,15.5,15.5,3200
CASM,20111013,1.85,1.93,1.85,1.85,37200
CASS,20111013,37.02,37.25,36.7,37.2,12200
CASY,20111013,46.6,47.09,45.6,46.38,136100
CATM,20111013,23.46,23.46,22.53,22.73,206200
CATY,20111013,12.89,13.04,12.58,12.95,468100
CAVM,20111013,30.51,31.28,29.89,30.78,940900
CBAK,20111013,3.75,3.8,3.7,3.75,77000
CBAN,20111013,2.35,2.56,2.28,2.28,15400
CBEY,20111013,7.51,7.63,7.45,7.57,78400
CBIN,20111013,9.44,9.44,9.44,9.44,0
CBLI,20111013,2.41,2.64,2.37,2.52,184900
CBMX,20111013,24.4,24.4,21,23.6,4500
CBMXW,20111013,1.7,1.7,1.7,1.7,0
CBNJ,20111013,7.94,8.22,7.54,8.11,38000
CBNK,20111013,13.15,13.16,13.15,13.16,200
CBOE,20111013,26.17,26.4,25.88,25.97,732700
CBPO,20111013,8.2,8.25,7.92,8.2,8600
CBRL,20111013,42.11,42.41,41.86,42.05,134100
CBRX,20111013,2.41,2.47,2.35,2.4,304400
CBSH,20111013,37.71,38,35.26,37.09,1297000
CBST,20111013,37.76,38.25,37.38,38.02,988000
CCBG,20111013,10.42,10.53,10.26,10.52,14600
CCCL,20111013,2.6,2.62,2.56,2.59,33900
CCIH,20111013,4.36,4.39,4.25,4.34,36600
CCIX,20111013,9.1,9.26,8.97,9.17,23500
CCMP,20111013,37.5,38.41,37.46,38.29,77400
CCNE,20111013,13.92,14.2,13.92,14.15,12300
CCOI,20111013,15,15.27,14.81,15.24,382200
CCRN,20111013,4.34,4.54,4.34,4.48,123000
CCUR,20111013,4.46,4.67,4.42,4.65,17400
CDNS,20111013,9.82,10.05,9.78,9.99,1723000
CDTI,20111013,3.99,4.54,3.78,3.88,1701600
CDXS,20111013,4.84,4.84,4.65,4.76,114200
CDZI,20111013,8.38,8.64,8.28,8.64,13700
CECE,20111013,5.29,5.33,5.22,5.3,21200
CECO,20111013,16.36,16.36,15.18,15.42,782600
CEDU,20111013,5.78,5.78,5.55,5.72,4700
CELG,20111013,65.2,66.79,64.83,66.36,2397200
CELGZ,20111013,1.44,1.44,1.38,1.38,9600
CENT,20111013,8.33,8.41,8.22,8.39,46700
CENTA,20111013,8.54,8.61,8.36,8.58,209900
CENX,20111013,9.97,10.1,9.66,9.89,1523900
CERN,20111013,67.75,69.04,67.68,68.83,1793100
CERS,20111013,2.01,2.18,2.01,2.12,102500
CETV,20111013,9.85,10.22,9.63,10.21,673600
CEVA,20111013,26.66,27.5,26.66,27.41,115300
CFBK,20111013,4.6,4.6,4.6,4.6,0
CFFI,20111013,23.37,23.68,22.77,23.47,2700
CFFN,20111013,10.88,10.92,10.69,10.69,1646300
CFNB,20111013,17.02,17.2,16.94,17.15,1000
CFNL,20111013,10.08,10.08,9.64,9.73,49400
CGEN,20111013,4.22,4.25,4.16,4.23,15600
CGNX,20111013,30.14,31.27,30.14,31.02,174600
CHCI,20111013,0.95,0.96,0.95,0.96,1900
CHCO,20111013,29.41,29.43,28.83,29,97000
CHDN,20111013,42.9,43.26,42.52,43.05,15500
CHDX,20111013,10.85,11.18,10.69,11.12,41900
CHEF,20111013,13.3,13.31,13.07,13.25,48800
CHEV,20111013,8.5,8.5,8.5,8.5,100
CHFC,20111013,18.21,18.21,17.5,17.86,33800
CHFN,20111013,9.65,9.75,9.51,9.75,5200
CHKE,20111013,14.02,14.02,13.45,13.82,31300
CHKP,20111013,56.14,57.95,56.12,57.59,1313800
CHLN,20111013,1.3,1.36,1.2,1.36,62900
CHNR,20111013,9.83,10.15,9.83,9.9,1000
CHOP,20111013,2.99,3.03,2.9,3,87500
CHRM,20111013,7.63,8.1,7.6,7.86,9300
CHRW,20111013,72.05,72.47,71.5,71.97,836900
CHSCP,20111013,29,29.1,28.45,28.61,23700
CHTP,20111013,4.39,4.5,4.36,4.46,163000
CHTR,20111013,48.61,49.01,48.12,48.57,134500
CHYR,20111013,1.94,1.95,1.91,1.91,1400
CIDM,20111013,1.17,1.24,1.15,1.19,6700
CIEN,20111013,11.75,11.96,11.36,11.77,6315000
CIMT,20111013,3.5,3.57,3.45,3.55,2600
CINF,20111013,26.39,26.59,26.01,26.49,1308200
CISG,20111013,5.91,6.48,5.91,6.4,728900
CITZ,20111013,4.63,4.73,4.61,4.73,1000
CIZN,20111013,17.5,17.77,17.44,17.67,1300
CJJD,20111013,1.54,1.55,1.52,1.55,5100
CKEC,20111013,6.21,6.37,6.17,6.3,10000
CKSW,20111013,9.4,9.6,9.07,9.55,109600
CLBH,20111013,2.36,2.4,2.28,2.28,2700
CLCT,20111013,14.34,14.61,14.34,14.51,11900
CLDX,20111013,2.48,2.54,2.4,2.54,98200
CLFD,20111013,5.62,5.74,5.51,5.71,7900
CLMS,20111013,11.54,11.68,11.18,11.66,82500
CLMT,20111013,17.8,17.86,17.6,17.75,312300
CLNE,20111013,11.08,11.38,10.7,11.32,577500
CLNT,20111013,0.37,0.4,0.35,0.35,52200
CLRO,20111013,5.02,5.02,5.02,5.02,0
CLSN,20111013,2.95,2.95,2.81,2.93,139900
CLUB,20111013,7.86,8.08,7.76,8.06,57200
CLWR,20111013,1.45,1.74,1.41,1.65,23703600
CLWT,20111013,3.355,3.465,3.355,3.465,7200
CMCO,20111013,12.64,12.99,12.48,12.89,40500
CMCSA,20111013,23.53,23.69,23.3,23.56,14959300
CMCSK,20111013,23.26,23.52,23.12,23.3,6071700
CME,20111013,257.57,259.71,254.04,256.3,460900
CMLS,20111013,2.74,2.86,2.67,2.81,840000
CMSB,20111013,7.66,7.66,7.66,7.66,0
CMTL,20111013,32.35,32.35,31.52,31.62,594900
CNBC,20111013,9.71,9.74,9.62,9.74,8800
CNBKA,20111013,26.5,27,26.41,27,2400
CNET,20111013,1.09,1.1,1.09,1.09,2000
CNIT,20111013,1.04,1.04,1,1.02,43500
CNMD,20111013,24.49,25.39,24.32,25.21,151900
CNQR,20111013,41.28,41.77,40.17,41.72,439800
CNSL,20111013,17.86,17.91,17.66,17.78,91700
CNTF,20111013,2.21,2.21,2.08,2.14,201900
CNTY,20111013,2.71,2.71,2.56,2.63,19100
CNYD,20111013,2.64,2.64,2.64,2.64,0
COBK,20111013,12.25,12.25,12.25,12.25,1800
COBR,20111013,3.54,3.54,3.54,3.54,100
COBZ,20111013,4.96,5.02,4.9,4.98,62700
COCO,20111013,1.95,2.02,1.83,1.93,1091600
COGO,20111013,2.06,2.17,2.06,2.11,102000
COHR,20111013,47.91,48.32,47.49,48.1,98200
COHU,20111013,11.11,11.38,10.94,11.29,48700
COKE,20111013,55.02,56.5,55.02,55.9,20700
COLB,20111013,16.27,16.42,15.82,16.22,118500
COLM,20111013,47.92,49.78,46.97,48.25,111700
CONN,20111013,8.04,8.65,8.01,8.62,262100
COOL,20111013,2.8,3.02,2.71,3,2105900
CORE,20111013,32.83,33.64,32.68,33.41,18500
CORT,20111013,3.18,3.21,3.17,3.2,282500
COSI,20111013,0.72,0.75,0.71,0.73,19600
COST,20111013,81.44,81.95,81.28,81.67,1839000
COWN,20111013,2.93,2.96,2.81,2.95,212500
CPBC,20111013,4.71,4.74,4.6,4.65,11800
CPGI,20111013,0.84,0.84,0.77,0.78,35100
CPHC,20111013,7.63,8,7.5,8,2700
CPHD,20111013,39.15,40.94,38.85,40.35,582800
CPIX,20111013,5.7,5.91,5.62,5.65,27500
CPLA,20111013,28.98,29.2,27.97,28.84,313000
CPLP,20111013,6.25,6.32,6.08,6.25,178300
CPNO,20111013,30.44,30.72,30.07,30.72,330500
CPRT,20111013,21.675,21.675,20.95,21.41,424800
CPRX,20111013,1.4,1.4,1.22,1.3,33900
CPSI,20111013,68.43,70.97,68.42,70.46,49300
CPSL,20111013,6.36,6.84,6.36,6.72,93900
CPSS,20111013,0.95,0.95,0.88,0.95,6600
CPST,20111013,1.08,1.09,1.06,1.09,1056400
CPTS,20111013,10.4,10.62,10.36,10.53,97900
CPWR,20111013,8.28,8.48,8.23,8.44,1062400
CRAI,20111013,21.98,22.08,20.93,21.9,23100
CRAY,20111013,6.22,6.32,6.01,6.23,185400
CRDC,20111013,2,2,1.89,1.89,44800
CRDS,20111013,4.72,4.85,4.5,4.85,20100
CREE,20111013,28.5,29.56,28.34,29.42,3494700
CREG,20111013,1.21,1.27,1.15,1.26,2200
CRESW,20111013,0.12,0.13,0.12,0.13,5500
CRESY,20111013,11.39,11.7,11.37,11.62,57300
CRFN,20111013,2.75,2.75,2.52,2.73,10800
CRIS,20111013,3.29,3.35,3.09,3.33,203100
CRMB,20111013,3.92,4,3.89,4,11900
CRMBW,20111013,0.29,0.29,0.29,0.29,3200
CRME,20111013,16.85,17.85,16.85,17.85,81100
CRMT,20111013,30.99,31.15,29.72,30.2,30700
CRNT,20111013,10,10.25,10,10.21,121000
CROX,20111013,26.14,26.95,26.02,26.76,1560200
CRRB,20111013,2.71,2.71,2.33,2.62,400
CRRC,20111013,7.26,7.69,7.03,7.53,14600
CRTX,20111013,6.91,7.01,6.64,7,34900
CRUS,20111013,16.95,17.66,16.91,17.58,1888300
CRVL,20111013,48.3,49.23,47.54,48.69,20200
CRWN,20111013,1.49,1.49,1.41,1.48,73000
CRWS,20111013,3.58,3.58,3.58,3.58,0
CRZO,20111013,22.38,23.37,22.06,23.01,1171700
CSBK,20111013,10.45,10.45,10.34,10.41,7300
CSCD,20111013,3.56,3.58,3.56,3.56,15400
CSCO,20111013,17.17,17.43,17.17,17.42,44237900
CSFL,20111013,5.6,5.61,5.42,5.53,44500
CSGP,20111013,54.05,54.82,53.3,54.39,45600
CSGS,20111013,13.85,13.85,13.54,13.76,101300
CSII,20111013,8.41,8.55,7.91,8.06,272900
CSIQ,20111013,3.6,3.76,3.57,3.71,766000
CSOD,20111013,14.89,14.89,14.49,14.83,73500
CSPI,20111013,3.61,3.61,3.45,3.45,3700
CSRE,20111013,11.65,11.8,11.53,11.55,38600
CSTR,20111013,51.31,52.11,50.37,51.99,802000
CSUN,20111013,1.14,1.19,1.09,1.1,181800
CSWC,20111013,81.39,82.5,81,81.91,1600
CTAS,20111013,29.23,29.34,28.81,29.23,632700
CTBI,20111013,25.9,25.9,25.04,25.55,16000
CTCH,20111013,3.3,3.3,3.27,3.27,2500
CTCM,20111013,12,12.08,11.72,11.85,865100
CTCT,20111013,18.41,19.28,18.06,18.9,379100
CTGX,20111013,11.56,11.57,11.29,11.51,20600
CTHR,20111013,1.91,1.91,1.84,1.84,17100
CTIB,20111013,4.29,4.3,4.25,4.3,1100
CTIC,20111013,6,6.2,5.8,6.15,1532900
CTRN,20111013,12.73,12.73,12.24,12.46,38600
CTRP,20111013,34.99,35.6,34.56,34.89,1529100
CTRX,20111013,29.36,29.36,28.56,28.73,228000
CTSH,20111013,71.02,71.33,70.08,71.02,2450000
CTWS,20111013,26.9,27.07,26.5,26.8,22600
CTXS,20111013,61.8,62.7,61.5,62.34,2110500
CU,20111013,30.53,30.61,29.79,30.33,12500
CUBA,20111013,6.23,6.34,6.2,6.3,3800
CUTR,20111013,7.12,7.29,7.1,7.2,27400
CVBF,20111013,8.69,8.69,8.25,8.46,729200
CVCO,20111013,36.53,36.96,35.67,36.94,10600
CVCY,20111013,5.36,5.4,5.3,5.4,1600
CVGI,20111013,9.07,9.07,8.67,8.89,213700
CVGW,20111013,19.71,19.86,19.47,19.68,37000
CVLT,20111013,40.23,41.96,39.9,41.55,327900
CVLY,20111013,8.85,8.85,8.85,8.85,0
CVTI,20111013,3.3,3.35,3.23,3.35,43900
CVV,20111013,16.1,16.25,15.75,16.04,42600
CWBC,20111013,2.39,2.39,2.39,2.39,0
CWCO,20111013,8.93,8.93,8.57,8.81,73500
CWEI,20111013,53.23,54.5,51.54,53.64,61800
CWST,20111013,5.74,5.99,5.65,5.91,65500
CWTR,20111013,4.6,4.6,4.36,4.44,662700
CXDC,20111013,4.23,4.3,4.15,4.21,28700
CXPO,20111013,2.57,2.6,2.5,2.59,40100
CY,20111013,15.78,16.95,15.77,16.82,3235900
CYAN,20111013,4.19,4.19,4.15,4.19,7200
CYBE,20111013,7.71,7.9,7.5,7.69,7600
CYBX,20111013,27.31,28.72,27.31,27.81,105000
CYCC,20111013,3.5,4.13,3.5,3.99,1917000
CYCCP,20111013,3.03,3.03,3.03,3.03,200
CYMI,20111013,44.59,45.4,44.23,45.36,134800
CYNO,20111013,11.89,11.98,11.75,11.88,19200
CYOU,20111013,31.44,31.44,29.81,30.2,496200
CYTK,20111013,1.3,1.34,1.18,1.18,232800
CYTR,20111013,2.38,2.45,2.24,2.31,1047000
CYTX,20111013,2.93,3.05,2.88,3.04,195700
CYTXW,20111013,1.55,1.55,1.55,1.55,0
CZFC,20111013,6.34,6.34,6.34,6.34,0
CZNC,20111013,15.57,16.2,15.28,16.2,18200
CZWI,20111013,5.05,5.05,5.05,5.05,0
DAEG,20111013,2.08,2.08,2.08,2.08,0
DAIO,20111013,4.25,4.5,4.25,4.5,4800
DAKT,20111013,9.43,9.61,9.34,9.5,51500
DARA,20111013,1.6,1.64,1.46,1.5,31500
DATE,20111013,9.05,9.47,8.9,8.99,62900
DAVE,20111013,8.02,8.18,7.96,8.14,21000
DBLE,20111013,7.21,7.41,7.12,7.4,33000
DBLEP,20111013,25.33,25.33,25.26,25.26,200
DCIX,20111013,5.05,5.11,4.86,4.95,49500
DCOM,20111013,11.69,11.94,11.51,11.67,126200
DCTH,20111013,3.43,3.74,3.38,3.65,530300
DECK,20111013,104.64,107.97,103.78,106.34,874100
DELL,20111013,15.99,16.45,15.97,16.36,21644200
DENN,20111013,3.75,3.79,3.54,3.55,453200
DEPO,20111013,6.01,6.35,5.95,6.28,923800
DEST,20111013,15.01,15.17,14.8,14.89,59700
DFZ,20111013,10.74,10.92,10.74,10.92,7000
DGAS,20111013,14.625,14.85,14.625,14.85,6400
DGICA,20111013,12.9,12.9,12.36,12.5,9700
DGICB,20111013,14.97,14.97,14.97,14.97,0
DGII,20111013,13.26,13.66,13.07,13.5,84200
DGIT,20111013,18.73,19.33,18.6,19.12,313700
DGLY,20111013,0.8,0.81,0.8,0.8,1600
DHIL,20111013,75.2,75.3,73.85,74.3,9300
DHRM,20111013,1.78,1.78,1.73,1.73,800
DIOD,20111013,18.65,20.38,18.45,20.34,551800
DISCA,20111013,40.37,40.76,40.02,40.6,967200
DISCB,20111013,37.66,37.66,37.66,37.66,0
DISCK,20111013,38.25,38.51,37.9,38.33,176100
DISH,20111013,27.4,27.56,27.16,27.31,2097400
DJCO,20111013,67.2,67.2,67.2,67.2,0
DLGC,20111013,10.9,10.9,10.05,10.85,13500
DLIA,20111013,1.41,1.41,1.31,1.36,17900
DLLR,20111013,21.75,22.22,21.55,22.08,131300
DLTR,20111013,39.915,40.375,39.61,39.65,1683200
DMLP,20111013,24.83,25.04,24.6,25.03,36400
DMND,20111013,71.45,73.07,70.14,70.26,550900
DMRC,20111013,27.49,27.74,26.83,27.43,21800
DNBF,20111013,9.61,9.75,9.53,9.7,12100
DNDN,20111013,8.95,9.91,8.75,9.84,6085700
DNKN,20111013,27.09,27.8,27,27.61,259300
DORM,20111013,18.925,19.425,18.64,19.225,16700
DOVR,20111013,3.55,3.55,3.55,3.55,0
DRAD,20111013,2.12,2.23,2.12,2.22,12100
DRAM,20111013,7.02,7.02,6.9,6.9,7700
DRCO,20111013,9.46,9.58,9.39,9.57,21500
DRIV,20111013,21.35,21.35,20.84,21,396600
DRRX,20111013,1.49,1.54,1.49,1.53,259900
DRWI,20111013,3.34,3.49,3.26,3.41,154100
DRYS,20111013,2.6,2.68,2.43,2.65,6940500
DSCI,20111013,7.93,8.04,7.92,8.04,4600
DSCO,20111013,1.83,1.86,1.76,1.83,60300
DSGX,20111013,6.44,6.44,6.27,6.32,1100
DSPG,20111013,5.84,6,5.8,5.92,53800
DSWL,20111013,2.43,2.43,2.39,2.39,6400
DTLK,20111013,8.62,9.1,8.5,8.96,212500
DTSI,20111013,26.85,26.94,26.51,26.78,56700
DTV,20111013,46.32,46.71,46.11,46.26,4672700
DVAX,20111013,2.22,2.45,2.18,2.44,1408100
DVOX,20111013,3.08,3.33,3.08,3.22,41100
DWA,20111013,18.23,18.56,17.91,18.52,490300
DWCH,20111013,5.25,5.28,5.25,5.28,200
DWSN,20111013,27.95,27.95,26.99,27.63,37900
DXCM,20111013,11.19,11.31,11.1,11.25,388800
DXPE,20111013,20.52,21.04,20.27,20.92,19800
DXYN,20111013,2.91,2.94,2.85,2.9,3500
DYAX,20111013,1.29,1.37,1.28,1.37,171800
DYNT,20111013,3.7,3.7,3.4,3.65,36600
DYSL,20111013,2.5,2.67,2.5,2.51,6900
EBAY,20111013,32.57,32.87,31.97,32.74,12044000
EBIX,20111013,16.23,16.39,15.87,16.38,217500
EBMT,20111013,10.27,10.27,10.04,10.26,1200
EBSB,20111013,12.5,12.5,12.14,12.49,8000
EBTC,20111013,13.8,14.77,13.8,14.77,5800
ECHO,20111013,13.46,14.05,13.41,14.05,53600
ECOL,20111013,16.57,16.97,16.36,16.74,25800
ECPG,20111013,26.02,26.55,25.55,26.38,66800
ECTE,20111013,3.2,3.2,2.9,2.99,44300
ECTY,20111013,1.86,1.9,1.75,1.84,26200
ECYT,20111013,10.86,11,10.64,10.92,125700
EDAC,20111013,7.42,7.62,7.42,7.61,1900
EDAP,20111013,1.99,2.15,1.82,2.09,82500
EDGW,20111013,2.72,2.76,2.61,2.61,1700
EDMC,20111013,20,20,17.39,17.65,285400
EDS,20111013,3.76,3.76,3.61,3.62,1800
EDUC,20111013,5.2,5.29,5.2,5.21,1800
EEFT,20111013,17.06,17.33,16.82,17.17,123300
EEI,20111013,15.46,15.46,14.78,15.01,2100
EFII,20111013,15.8,15.85,15.26,15.5,95700
EFSC,20111013,14.28,14.5,14.06,14.5,27300
EFUT,20111013,3.2,3.2,3.2,3.2,0
EGAN,20111013,6.27,7.19,5.72,7.09,251100
EGBN,20111013,13.19,13.19,12.64,12.77,23300
EGHT,20111013,4.32,4.48,4.25,4.47,935200
EGLE,20111013,6.56,6.64,6.4,6.64,436800
EGOV,20111013,11.9,11.97,11.83,11.92,177200
EHTH,20111013,14.06,14.35,14,14.11,104900
EIHI,20111013,13.16,13.18,12.93,13.15,4000
ELGX,20111013,11.08,11.18,10.9,11.07,242000
ELNK,20111013,6.51,6.67,6.48,6.64,936500
ELON,20111013,7.32,7.37,7.11,7.15,136800
ELOS,20111013,9.9,9.93,9.75,9.9,65500
ELRC,20111013,14.71,14.71,14.33,14.63,33900
ELSE,20111013,3.78,3.82,3.75,3.8,1500
ELTK,20111013,1.11,1.11,1.11,1.11,200
EMCF,20111013,15.5,15.5,15.5,15.5,0
EMCI,20111013,19.43,19.5,19.29,19.37,3700
EMFN,20111013,22.56,22.56,22.56,22.56,100
EMIF,20111013,28.33,28.35,27.98,28.3,6700
EMITF,20111013,2.88,3,2.71,2.71,2900
EMKR,20111013,4.28,4.4,4.24,4.4,315100
EMMS,20111013,0.67,0.88,0.64,0.76,64500
EMMSP,20111013,12.8,14.94,12.76,14.94,1100
EMMT,20111013,20.63,20.72,20.5,20.72,600
ENDP,20111013,28.99,29.39,28.51,29.36,945000
ENG,20111013,2.37,2.37,2.18,2.28,141800
ENMD,20111013,1.87,1.94,1.83,1.83,6100
ENOC,20111013,9.72,9.92,9.35,9.52,160000
ENSG,20111013,22.38,23,22.35,22.98,33600
ENTG,20111013,7.91,8.2,7.82,8.15,1412900
ENTR,20111013,4.97,5.32,4.93,5.28,1759300
ENZN,20111013,7.6,7.62,7.45,7.54,88900
EONC,20111013,1.55,1.55,1.35,1.35,2100
EPAX,20111013,5.96,6.04,5.82,6,48700
EPAY,20111013,22.26,22.34,21.83,22.2,142900
EPIQ,20111013,13.14,13.14,13.01,13.1,108500
EQIX,20111013,94.77,95.86,93.48,95.55,289500
ERIC,20111013,10.41,10.43,10.23,10.33,4887600
ERIE,20111013,73.76,74.49,73.67,74.17,57900
ERII,20111013,2.9,3.08,2.89,3.06,259100
EROC,20111013,9.76,9.89,9.7,9.88,116000
ESBF,20111013,13.1,13.35,12.9,13.32,12500
ESBK,20111013,16.19,16.19,16.19,16.19,0
ESCA,20111013,5,5,4.93,4.98,1200
ESEA,20111013,3.2,3.48,2.98,3.48,92100
ESGR,20111013,97.74,98.48,97.74,98.48,4400
ESIO,20111013,13.27,13.62,13.06,13.55,74000
ESLT,20111013,43.24,43.41,42.06,42.63,3700
ESMC,20111013,1.1,1.25,1.06,1.24,13700
ESRX,20111013,40.35,40.47,39.77,40.21,4419500
ESSA,20111013,11.19,11.29,11.01,11.28,12700
ESSX,20111013,3.14,3.24,3.04,3.05,10900
ESYS,20111013,4.06,4.35,4.06,4.35,800
ETFC,20111013,9.69,9.79,9.26,9.71,6240500
ETRM,20111013,1.82,1.83,1.77,1.8,16300
EUFN,20111013,16.81,16.81,16.5,16.74,12700
EVBS,20111013,2.05,2.05,2.05,2.05,0
EVEP,20111013,71.82,73,69.99,72.91,110500
EVOL,20111013,6.97,6.97,6.85,6.85,1800
EWBC,20111013,16.09,16.28,15.76,16.14,1101000
EXAC,20111013,14.76,15.29,14.65,15.29,9200
EXAR,20111013,6.21,6.27,6.15,6.24,109100
EXAS,20111013,8.02,8.15,7.77,8.14,566000
EXEL,20111013,5.63,5.69,5.43,5.63,481300
EXFO,20111013,5.73,5.83,5.56,5.62,219900
EXLP,20111013,20.97,22,20.55,21.7,106400
EXLS,20111013,24.5,24.99,24.22,24.83,81600
EXPD,20111013,43.95,44.12,43.4,43.96,1514500
EXPE,20111013,28.03,28.35,27.65,28.22,3800100
EXPO,20111013,44.66,45.25,44.42,45.03,20400
EXTR,20111013,3,3.04,2.91,2.96,223400
EXXI,20111013,25.55,26.23,24.88,25.99,522900
EZCH,20111013,34.06,34.75,33.98,34.32,82400
EZPW,20111013,30.39,30.73,29.05,29.3,600000
FABK,20111013,12.59,12.96,12.55,12.96,2000
FALC,20111013,3.12,3.17,3.1,3.14,53600
FARM,20111013,6.07,6.33,5.9,6,74400
FARO,20111013,38.02,38.97,37.69,38.3,78400
FAST,20111013,34.38,34.45,32.26,33.7,4386900
FBIZ,20111013,15.14,15.14,15.14,15.14,0
FBMI,20111013,4.77,4.77,4.77,4.77,0
FBMS,20111013,8.24,8.24,8.24,8.24,0
FBNC,20111013,11.59,11.63,11.28,11.53,26100
FBNK,20111013,11.31,11.5,11.31,11.5,65900
FBRC,20111013,10,10.04,9.76,9.88,114200
FBSS,20111013,11.41,11.41,11.38,11.4,1100
FCAL,20111013,3,3.01,2.99,3.01,5400
FCAP,20111013,18.08,18.1,18.08,18.1,500
FCBC,20111013,11.33,11.39,11.08,11.32,39400
FCCO,20111013,5.55,5.55,5.4,5.55,2700
FCCY,20111013,6.4,6.4,6.22,6.22,500
FCEL,20111013,1.03,1.03,0.97,0.99,979300
FCFC,20111013,6,6,6,6,0
FCFS,20111013,43.81,43.81,42.66,43.28,274200
FCHI,20111013,40.51,40.97,40.5,40.86,2900
FCLF,20111013,6.35,6.35,6.26,6.29,2000
FCNCA,20111013,156.96,157.04,153.23,154.55,10500
FCTY,20111013,3.5,3.5,3.39,3.4,12200
FCVA,20111013,2.3,2.3,2.3,2.3,0
FCZA,20111013,3.64,3.64,3.64,3.64,500
FDEF,20111013,14.29,14.46,14.17,14.46,13000
FDML,20111013,18.64,18.64,18.1,18.29,95800
FDUS,20111013,12.49,13.22,12.45,13,9200
FEFN,20111013,21.64,21.64,21.64,21.64,0
FEIC,20111013,31.72,32.01,30.7,31.78,232500
FEIM,20111013,9.73,9.8,9.36,9.52,12200
FELE,20111013,20.29,21.03,19.745,20.92,294900
FES,20111013,5.84,5.84,5.25,5.25,2100
FFBC,20111013,16.14,16.14,15.28,15.42,245500
FFBCW,20111013,4.7,4.73,4.7,4.73,400
FFBH,20111013,5.26,5.32,5.2,5.32,4600
FFCH,20111013,5.43,5.43,5.2,5.39,29100
FFCO,20111013,13.48,13.5,13.48,13.5,900
FFEX,20111013,1.58,1.59,1.34,1.5,46300
FFHL,20111013,2.29,2.4,2.29,2.35,13600
FFIC,20111013,12.09,12.2,11.85,12.18,44400
FFIN,20111013,29.1,29.1,28.09,28.6,90800
FFIV,20111013,87.43,88.1,85.9,87.45,1548900
FFKT,20111013,4.37,4.37,4.15,4.21,1000
FFKY,20111013,1.52,1.79,1.5,1.5,16200
FFN,20111013,1.95,2.1,1.9,1.91,37100
FFNM,20111013,3.55,3.55,3.55,3.55,100
FFNW,20111013,5.52,5.62,5.42,5.62,31000
FHCO,20111013,4.56,4.64,4.34,4.4,32500
FIBK,20111013,11.55,11.73,11,11.72,34900
FINL,20111013,20.72,21.05,20.31,20.48,828500
FIRE,20111013,27.49,28.1,27.19,28.03,229200
FISI,20111013,15.37,15.42,15.07,15.39,21700
FISV,20111013,55.99,56.38,55.43,56.29,936400
FITB,20111013,11.39,11.4,10.94,11.23,13699000
FITBP,20111013,135.56,136.55,135,135,25700
FIZZ,20111013,16.19,16.34,16.01,16.29,31400
FLDM,20111013,13.75,14.34,13.75,14.3,100000
FLEX,20111013,6.3,6.42,6.28,6.36,2926900
FLIC,20111013,24.67,25.33,24.49,25.18,8700
FLIR,20111013,26.95,26.97,26.37,26.81,987900
FLML,20111013,4.79,4.97,4.75,4.75,30300
FLOW,20111013,2.4,2.45,2.25,2.42,115300
FLWS,20111013,2.54,2.6,2.51,2.6,75200
FLXS,20111013,13.6,13.95,13.6,13.63,1700
FMBI,20111013,8.65,8.65,8.28,8.51,782000
FMCN,20111013,25.55,26.37,25.24,25.77,2804000
FMER,20111013,12.86,12.86,12.1,12.34,1392600
FMFC,20111013,3.06,3.1,3.03,3.05,4100
FMNB,20111013,4.65,4.71,4.65,4.71,300
FNBN,20111013,0.36,0.36,0.34,0.36,37400
FNFG,20111013,9.49,9.62,9.4,9.57,4546800
FNGN,20111013,19.88,20.16,18.86,19.47,360700
FNLC,20111013,12.74,13.03,12.74,13.03,7700
FNSR,20111013,18.81,19.04,17.97,18.14,5119600
FOLD,20111013,4.03,4.09,3.91,4.05,41600
FONE,20111013,24.51,24.65,24.33,24.65,2300
FONR,20111013,1.64,1.68,1.61,1.67,8000
FORD,20111013,2.03,2.19,2.03,2.12,12700
FORM,20111013,6.47,6.54,6.4,6.44,536600
FORR,20111013,34.74,35.7,34.64,35.62,74700
FORTY,20111013,13.75,13.89,13.75,13.89,600
FOSL,20111013,91.27,93.87,89.13,92.26,1189000
FRAN,20111013,21.15,21.82,19.19,21.76,98400
FRBK,20111013,1.41,1.41,1.4,1.4,17200
FRED,20111013,11.54,11.65,11.36,11.5,318200
FREE,20111013,9.1,9.4,8.7,9.4,5300
FRME,20111013,7.86,7.93,7.72,7.9,48900
FRNK,20111013,11.49,11.49,10.94,11.21,18800
FRP,20111013,5.99,6.03,5.57,6.02,74600
FSBK,20111013,3.65,3.68,3.51,3.68,2900
FSCI,20111013,27.89,28.58,27.22,28.58,12500
FSFG,20111013,15.52,15.52,15.51,15.52,600
FSLR,20111013,56.49,57,54.89,56.85,2580900
FSRV,20111013,26.98,27.04,26.42,26.54,15500
FSTR,20111013,24.38,24.86,23.77,24.79,24500
FSYS,20111013,21.54,21.78,21.09,21.72,154800
FTEK,20111013,5.79,5.8,5.58,5.65,53600
FTNT,20111013,17.52,18.6,17.5,18.57,2663000
FUBC,20111013,5.22,5.23,5.14,5.21,34500
FULL,20111013,6.76,6.98,6.76,6.98,5200
FULT,20111013,8.61,8.64,8.28,8.46,1552500
FUNC,20111013,3.56,3.56,3.56,3.56,0
FUND,20111013,6.39,6.59,6.39,6.54,26200
FURX,20111013,13.35,13.45,13.33,13.43,26300
FWLT,20111013,20.81,20.99,20.23,20.66,1062800
FWRD,20111013,29.06,29.49,28.98,29.24,182600
FXCB,20111013,12.86,12.97,12.79,12.95,15500
FXEN,20111013,4.86,5.05,4.65,4.97,246900
GABC,20111013,17.12,17.25,16.92,17.12,11400
GAGA,20111013,4.38,4.6,4.32,4.52,15400
GAI,20111013,3.3,3.31,3.27,3.27,900
GAIA,20111013,3.53,3.9,3.45,3.77,50900
GAIN,20111013,7.11,7.29,7.02,7.27,66400
GAME,20111013,4.5,4.56,4.47,4.51,450800
GASS,20111013,4.03,4.24,4,4.06,16000
GBCI,20111013,11.12,11.12,10.68,11,592300
GBDC,20111013,15.05,15.23,14.82,15.13,34300
GBLI,20111013,18.77,19.02,18.35,18.99,11400
GBNK,20111013,1.22,1.22,1.21,1.22,21600
GCBC,20111013,18.5,18.51,18.5,18.51,600
GCFB,20111013,2.48,2.5,2.47,2.47,800
GCOM,20111013,13.7,14.08,13.7,13.99,60400
GCVRZ,20111013,1,1.05,1,1.01,671100
GENC,20111013,7.15,7.24,7.14,7.17,9400
GENE,20111013,4.53,4.7,4.51,4.68,29700
GENT,20111013,5.9,6.44,5.9,6.14,25800
GERN,20111013,2.3,2.34,2.25,2.29,714600
GEVO,20111013,8.12,8.37,7.82,7.85,32500
GFED,20111013,4.11,4.4,4.11,4.4,1100
GFN,20111013,2.58,2.65,2.5,2.65,8200
GFNCL,20111013,3.5,3.5,3.5,3.5,0
GGAL,20111013,8.98,9.37,8.62,9.31,310800
GHDX,20111013,23.65,23.74,23.19,23.67,38000
GIFI,20111013,25.76,26.53,25.22,26.24,37600
GIGA,20111013,1.31,1.34,1.26,1.34,6700
GIGM,20111013,0.99,1.04,0.98,1.02,176100
GIII,20111013,26.55,27.45,26.55,27.11,113700
GILD,20111013,20.06,20.36,20.03,20.32,4656700
GILT,20111013,3.28,3.33,3.25,3.33,49100
GIVN,20111013,16.1,16.21,16,16.15,13100
GKNT,20111013,18.66,19.2,18.37,18.71,16400
GLAD,20111013,7.41,7.41,7.14,7.19,125700
GLBS,20111013,5.1,5.1,5,5,25700
GLBZ,20111013,7.85,7.85,7.85,7.85,0
GLCH,20111013,1.26,1.28,1.24,1.28,48100
GLDC,20111013,3.33,3.33,3.22,3.33,400
GLDD,20111013,4.97,5.02,4.87,5,160800
GLNG,20111013,33.72,34.47,33.2,34.31,303100
GLPW,20111013,24.55,25.03,24.38,25.03,15300
GLRE,20111013,21.83,21.91,21.59,21.68,95500
GLUU,20111013,2.62,2.79,2.57,2.74,1259500
GMAN,20111013,12.77,12.88,12.12,12.39,31800
GMCR,20111013,89.74,91.9,85.58,91.14,6447300
GMETP,20111013,8.25,8.25,8.25,8.25,0
GMLP,20111013,26.13,26.13,25.37,25.75,272900
GNCMA,20111013,9.17,9.17,8.83,9.05,134500
GNMK,20111013,5.46,5.74,5.36,5.61,11100
GNTX,20111013,26.82,27.31,26.27,27.19,893400
GNVC,20111013,2.92,2.98,2.88,2.98,54600
GOLD,20111013,101.98,102.55,99.05,100.86,418700
GOOD,20111013,16.28,16.57,16.12,16.49,26500
GOODO,20111013,23.7,23.72,23.7,23.72,400
GOODP,20111013,24.5,25,24.5,25,8600
GOOG,20111013,550.03,559,548.02,558.99,5687500
GPIC,20111013,6.45,6.61,6.45,6.45,3500
GPOR,20111013,26.7,27.65,25.65,27.46,684800
GPRC,20111013,2.3,2.34,2.22,2.28,22200
GPRE,20111013,9.57,9.88,9.42,9.86,112400
GRFS,20111013,12.72,12.74,12.42,12.66,417800
GRID,20111013,26.13,26.28,26.13,26.23,1800
GRIF,20111013,25.97,29.15,25.92,29.05,10600
GRMN,20111013,33.34,33.75,33.34,33.68,1129800
GROW,20111013,6.26,7,6.05,6.89,168500
GRVY,20111013,1.2,1.31,1.2,1.27,30600
GSBC,20111013,19.78,19.78,18.97,19.5,41500
GSIG,20111013,8.72,8.83,8.22,8.78,152700
GSIT,20111013,5.01,5.1,5,5.09,60700
GSJK,20111013,15.05,15.06,14.95,15.05,2800
GSM,20111013,16.83,16.83,16.37,16.71,620600
GSOL,20111013,6.7,6.85,6.04,6.6,182000
GSVC,20111013,13.69,13.69,13.14,13.16,49800
GTAT,20111013,7.54,7.94,7.32,7.9,2907300
GTIM,20111013,1.42,1.42,1.42,1.42,0
GTIV,20111013,4.38,4.66,4.05,4.46,1254400
GTLS,20111013,50.52,52.1,49.55,51.82,381200
GTXI,20111013,3.38,3.38,3.26,3.34,119500
GUID,20111013,6.31,6.34,6.17,6.26,21200
GULF,20111013,14.72,14.72,14.72,14.72,100
GURE,20111013,2.38,2.38,2.26,2.36,120300
GYRO,20111013,59.44,59.5,58,58,700
HA,20111013,4.68,4.88,4.64,4.82,640000
HAFC,20111013,1.01,1.03,1,1.01,304700
HAIN,20111013,30.72,31.03,30.27,30.66,137800
HALL,20111013,7.89,8.15,7.89,8.05,23300
HALO,20111013,6.24,6.28,6.07,6.1,347100
HAS,20111013,34.53,35.13,34.27,34.34,1907600
HAST,20111013,2.1,2.11,2.05,2.06,19900
HAUP,20111013,1.27,1.27,1.2,1.27,12300
HAYN,20111013,54.22,54.51,52.3,53.83,63200
HBAN,20111013,5.35,5.39,5.13,5.24,16524900
HBANP,20111013,1073.84,1075,1060.01,1068,100
HBCP,20111013,14.13,14.4,14.13,14.4,2000
HBHC,20111013,29.32,29.5,28.63,29.22,245800
HBIO,20111013,4.91,4.92,4.84,4.89,29000
HBNC,20111013,10.8445,10.9245,10.8445,10.9245,300
HBNK,20111013,13,13,12.95,13,4400
HBOS,20111013,10.44,10.8,10.44,10.6,2600
HCBK,20111013,6,6.01,5.76,5.81,5030300
HCCI,20111013,17.5,17.54,17.37,17.54,6100
HCIIP,20111013,8.44,9,8.44,9,800
HCKT,20111013,3.95,4,3.8,4,33200
HCOM,20111013,15,15.97,14.92,15.1,21500
HCSG,20111013,17.21,17.6,17.11,17.26,628700
HDNG,20111013,8.3,8.43,8.17,8.37,7500
HDSN,20111013,1.13,1.18,1.13,1.17,9800
HEES,20111013,9.18,9.33,9,9.16,180700
HELE,20111013,26.45,26.49,25.77,26.11,202900
HEOP,20111013,3.29,3.56,3.29,3.34,20300
HERO,20111013,3.16,3.25,3.05,3.25,2092600
HFBC,20111013,5.55,5.57,5.55,5.55,3700
HFBL,20111013,12.9,12.9,12.9,12.9,0
HFFC,20111013,8.9,8.9,8.9,8.9,3300
HFWA,20111013,12.72,13.04,12.63,12.84,28700
HGSH,20111013,1.05,1.05,1.05,1.05,100
HIBB,20111013,38.01,38.37,37.24,38.26,311700
HIFS,20111013,47,47,47,47,100
HIHO,20111013,2.55,2.67,2.45,2.45,22800
HILL,20111013,1.74,1.74,1.59,1.68,130800
HIMX,20111013,1.11,1.11,1.09,1.11,190500
HITK,20111013,33.31,34.15,32.85,33.92,102900
HITT,20111013,51.67,53.53,51.67,53.25,135700
HLIT,20111013,4.73,4.77,4.55,4.68,596600
HMIN,20111013,31.03,31.77,30.02,31.28,402100
HMNF,20111013,1.92,1.92,1.8,1.8,2400
HMNY,20111013,1,1,1,1,0
HMPR,20111013,4.86,4.92,4.71,4.92,9300
HMSY,20111013,25.05,25.38,25.05,25.35,254400
HNH,20111013,11.37,11.63,11.11,11.29,36300
HNRG,20111013,9.03,9.23,8.8,9.17,7500
HNSN,20111013,3.11,3.32,3.07,3.28,488200
HOFT,20111013,10.15,10.31,9.98,10.24,13400
HOGS,20111013,7.85,8.75,7.78,8.75,602500
HOLI,20111013,6.67,7.14,6.38,7.03,358700
HOLL,20111013,1.45,1.46,1.36,1.42,34600
HOLX,20111013,15.26,15.35,14.92,15.25,2289100
HOMB,20111013,22.5,22.71,22.1,22.54,73100
HOME,20111013,9.53,9.66,9.2,9.48,29800
HOTT,20111013,7.87,8.16,7.82,8.01,434300
HOVNP,20111013,1.64,2,1.64,1.71,800
HPCCP,20111013,25.75,25.75,25.2,25.45,2400
HPJ,20111013,1.26,1.26,1.21,1.21,1300
HPOL,20111013,0.53,0.55,0.41,0.44,108200
HRZN,20111013,14.54,14.9,14.37,14.65,18200
HSIC,20111013,64,64.46,62.85,64.42,1014100
HSII,20111013,16.82,17.06,15.78,16.76,154400
HSKA,20111013,8.06,8.2,8.05,8.2,7200
HSNI,20111013,33.95,34.75,33.88,34.13,431000
HSOL,20111013,2.18,2.27,2.11,2.24,495900
HSTM,20111013,13.25,13.86,13.18,13.67,54500
HTBK,20111013,4.36,4.37,4.26,4.36,13500
HTCH,20111013,1.83,1.97,1.82,1.94,152700
HTCO,20111013,10.66,10.8,10.6,10.8,30800
HTHT,20111013,13.83,13.99,13.41,13.88,127000
HTLD,20111013,14.32,14.65,14.26,14.47,726800
HTLF,20111013,16.14,16.32,15.89,16.32,8400
HTWR,20111013,64.18,64.24,59.7,62.04,631700
HUBG,20111013,31.07,31.51,30.77,31.45,329600
HURC,20111013,24.86,25.02,23.38,23.81,27500
HURN,20111013,34.39,34.86,33.96,34.73,48100
HWAY,20111013,10.44,10.59,10.28,10.43,103800
HWBK,20111013,6.35,6.5,6.25,6.45,1000
HWCC,20111013,11.13,11.13,10.44,10.89,90700
HWKN,20111013,35.67,38.9,35.67,37.5,53100
HYGS,20111013,5.84,5.84,5.67,5.68,300
HZNP,20111013,4.8,5.36,4.8,5.33,10300
IACI,20111013,40.61,41.79,39.85,41.3,815800
IART,20111013,37.58,38,37.4,37.65,142000
IBB,20111013,95.68,97.32,95.43,96.98,435400
IBCA,20111013,2.83,2.87,2.83,2.85,18200
IBCP,20111013,1.87,1.87,1.78,1.84,11300
IBCPO,20111013,12.11,12.11,12.11,12.11,200
IBKC,20111013,48.88,49.2,47.69,48.76,134000
IBKR,20111013,13.89,14.42,13.8,14.31,873500
IBOC,20111013,16.49,16.49,15.58,16.15,278300
ICAD,20111013,0.57,0.62,0.56,0.56,34400
ICCC,20111013,5.69,5.74,5.26,5.69,1800
ICFI,20111013,21.32,21.7,21.14,21.7,61400
ICGE,20111013,10.38,10.66,10.27,10.5,71000
ICLN,20111013,9.65,9.75,9.57,9.75,18400
ICLR,20111013,15.36,16.18,15.27,16.04,627400
ICON,20111013,17.02,17.02,16.37,16.65,646600
ICUI,20111013,39.71,39.93,39.24,39.4,57400
IDCC,20111013,48.02,49.64,47.69,49.01,975800
IDIX,20111013,4.84,5.14,4.77,5.07,295500
IDRA,20111013,1.02,1.18,1.02,1.14,4400
IDSA,20111013,6.38,6.38,5.81,6.07,23200
IDSY,20111013,4.74,4.96,4.62,4.73,54200
IDTI,20111013,5.59,5.84,5.56,5.78,1072300
IDXX,20111013,71.36,72.14,71.02,72.03,283000
IESC,20111013,2.13,2.16,2.11,2.16,2600
IFAS,20111013,25.69,25.7,25.41,25.7,1500
IFEU,20111013,27.83,27.83,27.83,27.83,200
IFGL,20111013,26.42,26.79,26.39,26.68,19700
IFNA,20111013,38.45,38.45,37.75,37.88,1800
IFON,20111013,0.63,0.65,0.63,0.63,24300
IFSM,20111013,32.42,32.79,32.42,32.79,600
IGLD,20111013,11.89,11.89,11.89,11.89,300
IGOI,20111013,15.6,16.08,15.24,16.08,13900
IGOV,20111013,104.33,105.3,104.32,105.22,15200
IGTE,20111013,13.24,13.5,13.09,13.39,259700
III,20111013,1,1.07,1,1.07,131600
IIIN,20111013,10.08,10.59,10.08,10.38,50500
IIJI,20111013,10.6,10.6,10.21,10.38,25600
IILG,20111013,13.61,13.7,13.5,13.62,168800
IIN,20111013,4.6,4.6,4.12,4.17,7900
IIVI,20111013,20.19,20.21,19.39,20.07,182000
IKAN,20111013,0.85,0.9,0.85,0.89,25100
IKNX,20111013,8.15,8.15,8.15,8.15,0
ILMN,20111013,26.15,27.46,25.57,27.15,5361800
IMGN,20111013,12.29,12.67,12.11,12.57,827500
IMKTA,20111013,15.09,15.35,14.56,15.19,24300
IMMR,20111013,6.62,6.78,6.6,6.73,65500
IMMU,20111013,3.33,3.36,3.28,3.36,237500
IMOS,20111013,4.85,5.21,4.81,5.05,50300
IMRS,20111013,3.3,3.34,3.26,3.28,52000
INAP,20111013,5.59,5.75,5.53,5.65,227100
INCY,20111013,15.69,15.69,14.75,14.98,3867000
INDB,20111013,24.94,25.25,24.29,24.7,59800
INDY,20111013,23.63,23.65,23.39,23.61,53800
INFA,20111013,46.04,47.73,45.92,47.44,1073900
INFI,20111013,7.18,7.19,6.88,7,42400
INFN,20111013,8.19,8.28,8.03,8.18,1249700
ININ,20111013,32.4,32.82,31.84,32.41,37900
INOC,20111013,1.2,1.2,1.2,1.2,0
INOD,20111013,3,3.1,3,3.1,6000
INPH,20111013,5.06,5.49,5.06,5.25,20600
INSM,20111013,3.52,3.54,3.3,3.5,157100
INTC,20111013,23.02,23.46,22.96,23.39,51290400
INTG,20111013,20.3,20.3,20.3,20.3,14300
INTL,20111013,23.29,23.74,23.01,23.65,20900
INTT,20111013,2.6,2.61,2.55,2.55,11700
INTU,20111013,51.71,52.14,51.41,51.99,2069700
INTX,20111013,15.6,15.86,15.29,15.79,39300
INVE,20111013,2.09,2.16,2.03,2.14,161800
INWK,20111013,8.07,8.21,7.87,8.12,58200
IOSP,20111013,27.16,27.77,26.87,27.71,87400
IPAR,20111013,17.16,17.16,16.51,16.79,51700
IPAS,20111013,1.19,1.2,1.15,1.18,72100
IPCC,20111013,55.81,56.4,55.04,56,18800
IPCI,20111013,2.99,3.04,2.96,2.96,7000
IPCM,20111013,38.5,39.49,38.3,39.27,139900
IPGP,20111013,56.19,56.19,53.95,55.8,247300
IPHS,20111013,45,45.3,44.05,44.86,83800
IPXL,20111013,19.61,19.61,18.71,19.17,457600
IRBT,20111013,28.86,29.19,28.52,28.87,128500
IRDM,20111013,6.08,6.11,5.98,6.06,634400
IRDMZ,20111013,1.17,1.17,1.17,1.17,0
IRIX,20111013,3.47,3.47,3.39,3.39,1200
IROQ,20111013,11,11,11,11,0
IRWD,20111013,11.58,12.05,11.54,12,162900
ISBC,20111013,13.54,13.66,13.36,13.64,262000
ISCA,20111013,22.38,22.78,21.88,22.66,112100
ISHG,20111013,102.59,102.92,102.25,102.89,6000
ISIG,20111013,2.3,2.35,2.3,2.31,6000
ISIL,20111013,11.53,12.04,11.53,11.93,1250900
ISIS,20111013,7.64,7.77,7.49,7.68,378400
ISLE,20111013,5.35,5.35,5.2,5.32,63600
ISNS,20111013,6.91,6.91,6.91,6.91,0
ISRG,20111013,381.78,388.49,381.63,387.25,205100
ISRL,20111013,71.04,71.04,71.04,71.04,100
ISSC,20111013,4.52,4.55,4.52,4.55,2000
ISSI,20111013,8.27,8.59,8.27,8.5,113800
ITIC,20111013,35.59,35.59,35.59,35.59,0
ITMN,20111013,21.57,23.26,21.47,23.02,944200
ITRI,20111013,33.62,34.97,32.84,33.2,542500
ITRN,20111013,12.38,12.42,12.35,12.42,2900
IVAC,20111013,6.98,7.32,6.94,7.1,103800
IVAN,20111013,1.18,1.44,1.12,1.41,3143000
IXYS,20111013,12.38,13.24,12.38,13.04,143800
JACK,20111013,21.13,21.23,20.85,21.15,201400
JADE,20111013,2.56,2.57,2.51,2.57,19500
JAKK,20111013,18.02,18.22,17.96,18.21,127500
JASO,20111013,9.55,9.9,9.05,9.45,3765000
JAXB,20111013,4.47,4.47,4.47,4.47,0
JAZZ,20111013,43.9,44.18,42.4,43.47,551700
JBHT,20111013,39.05,39.45,38.13,38.89,1450800
JBLU,20111013,4.47,4.61,4.36,4.57,3227800
JBSS,20111013,8.29,8.41,8.29,8.36,19300
JCOM,20111013,29.09,29.47,27.81,29,212500
JCS,20111013,14.65,14.92,14.46,14.63,6900
JCTCF,20111013,8.25,8.25,8.25,8.25,0
JDSU,20111013,10.74,10.85,10.3,10.53,5286700
JFBI,20111013,2.69,2.69,2.69,2.69,300
JJSF,20111013,48.76,49.23,48.34,49.09,21500
JKHY,20111013,30.56,31.05,30.54,30.94,448500
JMBA,20111013,1.42,1.42,1.37,1.41,391400
JOBS,20111013,45.64,45.64,43.28,45,55700
JOEZ,20111013,0.63,0.64,0.6,0.63,101100
JOSB,20111013,49.55,50,47.84,49,188700
JOUT,20111013,17.61,17.61,16.88,17.35,6900
JRCC,20111013,8.01,8.33,7.59,8.21,1587400
JRJC,20111013,1.88,1.99,1.86,1.94,38200
JST,20111013,8.05,8.26,8.05,8.19,26000
JVA,20111013,12.49,13.35,12.12,13.01,1696100
JXSB,20111013,13.32,13.32,13.25,13.25,1600
KALU,20111013,45.93,46.67,44.89,45.94,70200
KBALB,20111013,5.38,5.51,5.18,5.49,39600
KCAP,20111013,6,6.07,5.86,6.06,69600
KCLI,20111013,31.13,31.37,31,31.32,10100
KELYA,20111013,14.34,14.45,13.93,14.33,118600
KEQU,20111013,8.75,8.75,8.75,8.75,0
KERX,20111013,3.07,3.12,2.99,3.08,1174000
KEYN,20111013,22.71,23.3,22.5,22.85,161300
KEYW,20111013,8.98,8.98,8.42,8.74,170700
KFFB,20111013,6.54,6.55,6.44,6.44,1200
KFRC,20111013,11.37,11.74,11.3,11.68,89600
KGJI,20111013,1.21,1.25,1.2,1.25,23400
KINS,20111013,3.19,3.19,3.19,3.19,0
KIOR,20111013,15.58,15.87,15.16,15.7,108300
KIPS,20111013,1.05,1.1,1.04,1.1,4300
KIRK,20111013,10.31,10.47,10.25,10.38,99500
KLAC,20111013,43.77,44.08,43.42,43.76,3777600
KLIC,20111013,8.8,8.97,8.67,8.95,981500
KNDI,20111013,2.12,2.37,2.02,2.28,105000
KONA,20111013,6.14,6.56,6.14,6.38,32000
KONE,20111013,0.81,0.81,0.79,0.79,1900
KONG,20111013,4.26,4.5,4.18,4.49,51700
KOOL,20111013,1.23,1.24,1.13,1.21,27600
KOPN,20111013,3.9,3.95,3.82,3.92,135500
KOSS,20111013,5.81,5.82,5.55,5.55,1000
KRNY,20111013,9.35,9.45,9.24,9.44,30800
KSWS,20111013,4.54,4.77,4.52,4.76,190300
KTCC,20111013,3.65,3.65,3.57,3.58,5100
KTEC,20111013,11,11,10.81,10.81,500
KTOS,20111013,6.84,7,6.79,6.96,173900
KUTV,20111013,1.85,1.88,1.84,1.85,12900
KVHI,20111013,8.48,8.48,7.85,7.98,61400
LABC,20111013,15.99,15.99,15.99,15.99,0
LABL,20111013,26.06,26.8,26,26.75,21200
LACO,20111013,2.32,2.32,2.11,2.15,42300
LAKE,20111013,7.94,7.98,7.87,7.98,3600
LAMR,20111013,19.27,19.49,18.75,19.2,734400
LANC,20111013,63.09,63.79,62.96,63.48,54100
LARK,20111013,15.32,15.32,15.32,15.32,0
LAWS,20111013,15.44,15.85,15.44,15.85,5800
LAYN,20111013,24.74,24.94,24.2,24.84,76700
LBAI,20111013,8.42,8.58,8.13,8.52,31000
LBIX,20111013,3.12,3.12,3.12,3.12,0
LBTYA,20111013,38.5,38.98,37.75,38.43,876500
LBTYB,20111013,39.69,39.69,39.69,39.69,0
LBTYK,20111013,36.75,36.86,36.15,36.73,201000
LCAV,20111013,2.5,2.59,2.47,2.47,30300
LCNB,20111013,12.48,12.49,12.23,12.3,1100
LCUT,20111013,10.32,10.56,10.31,10.53,5400
LEAP,20111013,6.09,6.45,6.09,6.36,1038200
LECO,20111013,32.83,33.41,32.27,33.34,297100
LEDR,20111013,2.34,2.45,2.3,2.45,8700
LEDS,20111013,4.08,4.08,3.85,3.98,46800
LFUS,20111013,44.98,45.89,44.8,45.66,72800
LGCY,20111013,27.88,27.96,27.3,27.8,44800
LGND,20111013,13.77,13.82,13.46,13.76,161000
LHCG,20111013,16.89,17.67,16.82,17.56,205500
LIFE,20111013,37.02,37.53,36.8,37.31,1275200
LIME,20111013,3.02,3.06,2.98,2.98,4300
LINC,20111013,9.21,9.21,8.64,8.93,180400
LINE,20111013,36.7,37.32,36.4,37.19,456100
LINTA,20111013,15.48,15.74,15.32,15.52,4071700
LINTB,20111013,15.54,15.58,15.53,15.58,800
LION,20111013,6.1,6.4,6.1,6.19,1300
LIOX,20111013,2.61,2.66,2.54,2.63,163700
LIVE,20111013,1.77,1.77,1.73,1.73,400
LIWA,20111013,4.61,4.8,4.41,4.49,46400
LKFN,20111013,22.48,22.48,21.94,22.21,26100
LKQ,20111013,14.15,14.245,13.95,14.17,398600
LLEN,20111013,2.85,2.85,2.5,2.62,377400
LLNW,20111013,2.77,2.94,2.74,2.92,1529100
LLTC,20111013,30.21,31.46,30.04,31.36,3877600
LMAT,20111013,5.82,5.83,5.65,5.73,15700
LMCA,20111013,72.98,75.29,72.92,74.71,653900
LMIA,20111013,18.63,18.72,18.11,18.71,23900
LMNR,20111013,17.2,17.2,16.98,17.2,9500
LMNX,20111013,21.9,22.24,21.51,22.09,100700
LNBB,20111013,4.02,4.05,4.02,4.05,200
LNCE,20111013,21.45,21.83,21.23,21.44,479600
LNDC,20111013,5.65,5.66,5.55,5.64,53800
LOAN,20111013,1.1,1.1,1.06,1.06,7000
LOCM,20111013,2.34,2.42,2.3,2.37,141300
LOGI,20111013,8.89,8.89,8.4,8.68,858600
LOGM,20111013,35.36,35.63,34.38,35.47,142800
LOJN,20111013,3.22,3.22,3.14,3.14,4900
LONG,20111013,15.63,15.9,14.7,15.85,24100
LOOK,20111013,1.27,1.35,1.25,1.32,62400
LOPE,20111013,17.04,17.1,16.82,16.97,243100
LORL,20111013,56.65,56.65,54.64,54.89,67200
LPHI,20111013,6.21,6.31,6.21,6.29,26600
LPLA,20111013,27.61,27.63,26.84,26.96,128000
LPNT,20111013,36.35,37.08,35.71,37.07,419000
LPSB,20111013,8.54,8.54,8.54,8.54,0
LPSN,20111013,10.59,11.05,10.52,11.04,268200
LPTH,20111013,1.4,1.46,1.38,1.41,26600
LQDT,20111013,30.61,31.7,30.41,31.06,206800
LRAD,20111013,1.98,2.05,1.95,2.01,48300
LRCX,20111013,43.07,44.11,43.05,43.95,2040000
LSBI,20111013,12.86,12.86,12.86,12.86,200
LSBK,20111013,9.5,9.5,9.5,9.5,0
LSCC,20111013,5.82,5.93,5.79,5.88,924800
LSTR,20111013,43.15,43.47,42.47,43.42,141300
LTBR,20111013,2.61,2.63,2.32,2.5,21500
LTON,20111013,0.78,0.8,0.77,0.8,33400
LTRE,20111013,6.68,6.68,6.68,6.68,0
LTRX,20111013,1.69,1.7,1.69,1.7,5200
LTXC,20111013,5.87,6.04,5.84,5.91,465300
LUFK,20111013,48.94,50.37,48,50.26,737400
LULU,20111013,52.98,53.23,51.79,52.96,1984500
LUNA,20111013,1.14,1.3,1.14,1.3,21500
LWAY,20111013,10.59,10.9,10.59,10.9,4400
LXRX,20111013,1.12,1.15,1.07,1.15,237600
LYTS,20111013,6.71,6.89,6.58,6.71,40200
MAGS,20111013,2.36,2.36,2.36,2.36,0
MAKO,20111013,38.68,39.43,38.18,39.15,594500
MANH,20111013,37.07,37.1,36.68,37.01,84600
MANT,20111013,34.82,34.82,34.06,34.42,154600
MARPS,20111013,21.52,21.52,20.85,21,2200
MASC,20111013,6.99,7.75,6.99,7.72,97000
MASI,20111013,22.63,22.81,21.6,22.07,288300
MAT,20111013,27.99,28.08,27.54,27.78,5357300
MATR,20111013,4.5,4.52,4.5,4.52,1000
MATW,20111013,33.03,33.71,32.91,33.51,191600
MAXY,20111013,6.04,6.13,6.04,6.12,124500
MAYS,20111013,14.57,17,14.55,16.98,3200
MBFI,20111013,17.18,17.18,16.41,16.96,293300
MBLX,20111013,4.83,4.83,4.39,4.53,206500
MBND,20111013,2.84,2.92,2.58,2.79,69300
MBRG,20111013,14.38,14.73,14.25,14.73,17100
MBTF,20111013,1.1,1.15,1.05,1.05,14800
MBVT,20111013,25.96,26.19,25.96,26.19,3600
MBWM,20111013,8.22,8.33,8,8.1,1700
MCBC,20111013,2.68,2.97,2.61,2.64,31400
MCBI,20111013,4.5,4.6,4.47,4.5,25200
MCGC,20111013,4.22,4.3,4.18,4.28,298100
MCHP,20111013,34.37,35.53,34.29,35.31,3753300
MCHX,20111013,8.77,8.9,8.68,8.9,120400
MCOX,20111013,8,8.6,8,8.25,146500
MCRI,20111013,10.39,10.49,10.05,10.26,6400
MCRL,20111013,10.07,10.62,10.07,10.49,518500
MCRS,20111013,46.92,46.92,46.06,46.7,452600
MDAS,20111013,10.14,10.29,9.94,10.1,933600
MDCA,20111013,15.86,16.2,15.64,15.75,30000
MDCI,20111013,4.75,4.93,4.71,4.9,39400
MDCO,20111013,18.04,18.19,17.93,18.15,249300
MDH,20111013,1.98,2.09,1.96,1.96,8300
MDRX,20111013,18.49,19.37,18.43,19.19,2308100
MDSO,20111013,16.95,17.05,16.28,16.59,227900
MDVN,20111013,17.44,17.64,16.8,16.91,324700
MEAD,20111013,3.78,3.85,3.66,3.85,9700
MEAS,20111013,29.84,30.74,29.47,30.52,56800
MELA,20111013,6.24,6.68,5.82,6.52,1623900
MELI,20111013,58.71,60.31,58.04,60.12,324800
MEMS,20111013,2.29,2.3,2.12,2.3,7800
MENT,20111013,10.3,10.41,10.05,10.25,895100
MEOH,20111013,24.55,24.55,23.65,24.05,285500
MERC,20111013,6.6,6.92,6.51,6.91,422600
MERU,20111013,7,7.15,6.89,7.03,179000
METR,20111013,9.04,9.09,8.91,9.02,27900
MFI,20111013,5.21,5.61,5.21,5.32,4500
MFLR,20111013,8.81,8.81,8.81,8.81,0
MFLX,20111013,21.22,21.25,20.89,21.21,17500
MFNC,20111013,5.03,5.03,5.03,5.03,0
MFRI,20111013,7.05,7.28,7.05,7.15,7200
MFSF,20111013,7.6,7.6,7.6,7.6,0
MGAM,20111013,5.44,5.45,5.17,5.26,193700
MGEE,20111013,41.69,42.05,41.45,42.01,26200
MGIC,20111013,4.43,4.58,4.35,4.54,135300
MGLN,20111013,50.92,50.92,50.05,50.66,164600
MGPI,20111013,5.45,5.92,5.45,5.88,49400
MGRC,20111013,25.49,25.71,24.66,25.36,31000
MGYR,20111013,3.13,3.23,3.13,3.23,800
MHGC,20111013,6.48,6.5,6.26,6.39,53600
MHLD,20111013,7.95,7.95,7.68,7.87,131300
MIDD,20111013,78.42,78.42,76.13,77.61,107100
MIND,20111013,12.47,12.47,11.78,12.28,60800
MINI,20111013,17.05,17.33,16.77,17.19,75500
MITK,20111013,10.1,10.8,9.6,10.68,453600
MITL,20111013,2.18,2.21,2.1,2.21,9500
MKSI,20111013,23.98,24.72,23.88,24.56,192600
MKTAY,20111013,39.5,39.71,38.97,39.09,3900
MKTG,20111013,11.04,11.39,9.65,11.31,35200
MKTX,20111013,27.11,27.7,26.95,27.49,60600
MLAB,20111013,35.59,35.59,35.25,35.25,600
MLHR,20111013,20.79,21.44,20.66,21.38,483900
MLNK,20111013,3.85,3.96,3.85,3.94,225300
MLNX,20111013,33.63,33.86,33.31,33.5,244800
MLVF,20111013,6.25,6.25,6.25,6.25,0
MMLP,20111013,32.79,33.04,32.05,32.87,40000
MMSI,20111013,12.88,13.05,12.81,12.9,243500
MMUS,20111013,4.97,4.99,4.97,4.97,1300
MMYT,20111013,26.56,27.87,26.56,27.55,28200
MNDO,20111013,2.1,2.1,1.97,2,35600
MNGLU,20111013,10.25,10.25,10.25,10.25,0
MNGLW,20111013,0.75,0.75,0.75,0.75,0
MNKD,20111013,3.54,3.62,3.33,3.39,778000
MNOV,20111013,2.06,2.06,2.03,2.05,6400
MNRK,20111013,5.6333,5.7,5.6333,5.7,800
MNRO,20111013,35.3,35.42,34.32,34.76,275400
MNST,20111013,45.69,46.565,45.525,46.2,891000
MNTA,20111013,12.8,13.65,12.54,13.45,1203000
MNTG,20111013,1.8,1.82,1.66,1.7,9500
MNTX,20111013,3.66,3.66,3.51,3.51,13200
MOBI,20111013,4.19,4.3,4.07,4.12,118600
MOCO,20111013,14.25,14.76,14.19,14.4,26100
MOFG,20111013,13.9,14.26,13.86,14.26,2600
MOLX,20111013,21.97,22.27,21.82,22.08,1002100
MOLXA,20111013,18.32,18.56,18.21,18.39,138900
MORN,20111013,58.99,59.5,58.72,59.18,52400
MOSY,20111013,3.9,4.02,3.85,3.89,67300
MOVE,20111013,6.6,6.84,6.4,6.72,548900
MPAA,20111013,9.09,9.09,8.68,9.04,41200
MPAC,20111013,5.33,5.63,5.25,5.31,4200
MPB,20111013,7.03,7.03,7.03,7.03,0
MPEL,20111013,10.81,11.07,10.16,10.73,11845200
MPET,20111013,1.22,1.22,1.17,1.19,18100
MPWR,20111013,11.26,11.8,11.09,11.74,221400
MRCY,20111013,13.56,13.75,13.4,13.62,102800
MRGE,20111013,6.66,6.97,6.5,6.8,846400
MRLN,20111013,11.49,11.49,10.91,11.28,13400
MRTN,20111013,17.99,18.11,17.72,18.07,57600
MRVL,20111013,15.02,15.21,14.94,15.13,16933000
MSBF,20111013,5.03,5.03,5.03,5.03,300
MSCC,20111013,17.74,18.25,17.72,18.24,384000
MSEX,20111013,17.97,18.13,17.82,18.08,26300
MSFG,20111013,9.25,9.48,9.18,9.45,46900
MSFT,20111013,26.76,27.2,26.62,27.18,43830000
MSG,20111013,23.34,23.76,23.13,23.53,184400
MSON,20111013,1.86,1.86,1.86,1.86,0
MSPD,20111013,5.56,5.81,5.44,5.73,198500
MSTR,20111013,124.97,129.04,124.2,129.03,128600
MTEX,20111013,5.5,6.2,5.4,5.5,102200
MTGE,20111013,15.64,15.93,15.52,15.7,43600
MTRX,20111013,10.22,10.47,10.11,10.41,72200
MTSC,20111013,35.2,35.37,34.31,35.01,31800
MTSL,20111013,1.2,1.28,1.2,1.28,19800
MTSN,20111013,1.23,1.4,1.19,1.35,366700
MU,20111013,5.11,5.58,5.1,5.52,37580600
MVIS,20111013,6,6,5.2,5.92,266700
MVISW,20111013,0.2,0.2,0.2,0.2,0
MWIV,20111013,68.18,68.33,67.3,67.98,26200
MXIM,20111013,24.3,25.39,24.2,25.14,4281700
MXWL,20111013,19.6,19.99,19.6,19.95,92300
MYGN,20111013,20.19,20.68,20.13,20.46,369800
MYL,20111013,17.94,18.01,17.65,17.87,5804000
MYRG,20111013,19.16,19.54,18.86,19.5,46300
NAFC,20111013,26.05,26.05,25.43,25.5,104100
NAII,20111013,4.65,4.65,4.65,4.65,0
NANO,20111013,17.14,17.48,16.82,17.45,122100
NASB,20111013,10.05,10.22,10.01,10.05,4200
NATH,20111013,18.74,19.25,18.74,18.96,5100
NATI,20111013,25.09,25.25,24.61,25.02,172300
NATL,20111013,22.81,22.88,22.44,22.55,21800
NATR,20111013,14.78,15.29,14.78,15.28,30100
NAUH,20111013,7.78,7.85,7.48,7.78,18700
NAVG,20111013,43.11,44,43.11,43.83,28300
NAVR,20111013,1.55,1.56,1.5,1.54,44300
NBBC,20111013,3.74,3.74,3.5,3.55,10500
NBIX,20111013,6.06,6.49,6.06,6.42,272700
NBN,20111013,11.56,11.58,11.56,11.58,500
NBTB,20111013,20.22,20.42,19.69,20.1,60500
NBTF,20111013,17.35,17.87,17.3,17.5,1300
NCBC,20111013,3.16,3.62,3.16,3.55,3400
NCIT,20111013,14.08,14.08,13.55,13.7,30200
NCMI,20111013,15.06,15.45,14.62,14.75,332700
NCTY,20111013,3.96,4.1,3.92,3.99,45600
NDAQ,20111013,25.14,25.56,24.88,25.37,2738100
NDSN,20111013,45.06,45.06,42.99,43.54,389700
NECB,20111013,5.86,5.86,5.86,5.86,0
NEOG,20111013,36.36,37.56,36.13,37.31,147400
NEPT,20111013,2.3,2.41,2.25,2.37,83200
NETC,20111013,9.85,9.85,9.29,9.58,46600
NEWL,20111013,0.69,0.81,0.69,0.7,1500
NEWP,20111013,12.37,12.58,12.05,12.44,121400
NEWS,20111013,9.96,10.06,9.8,9.97,44300
NEWT,20111013,1.25,1.25,1.25,1.25,0
NFBK,20111013,13.38,13.66,13.37,13.59,45400
NFEC,20111013,0.63,0.65,0.63,0.65,4500
NFLX,20111013,112.6,118.97,111.25,117.01,9873500
NFSB,20111013,12.52,12.52,12.52,12.52,0
NGPC,20111013,6.69,6.72,6.46,6.69,50100
NHTB,20111013,11.2,11.93,11.2,11.72,700
NICE,20111013,32.82,32.94,32.08,32.9,80900
NICK,20111013,10.25,10.25,10.07,10.14,7300
NIHD,20111013,27.12,28.43,26.8,28.14,4295700
NILE,20111013,42.24,43.01,40.52,41.44,221300
NINE,20111013,1.3,1.31,1.3,1.31,21700
NKSH,20111013,26.2,26.48,25.75,26.1,7900
NKTR,20111013,5.12,5.15,4.93,5.02,692100
NLST,20111013,1.29,1.3,1.24,1.28,54000
NMRX,20111013,6.49,6.65,6.33,6.55,17400
NNBR,20111013,7.04,7.44,6.82,7.38,227800
NOVB,20111013,9.75,9.75,9.75,9.75,0
NPBC,20111013,7.2,7.45,7.06,7.24,1010200
NPSP,20111013,6.88,7,6.72,6.94,351500
NRCI,20111013,33.19,33.21,31.94,32.88,7300
NRIM,20111013,18.93,18.93,18.93,18.93,0
NSEC,20111013,10.09,10.09,10.09,10.09,0
NSIT,20111013,15.62,15.98,15.44,15.88,111100
NSPH,20111013,1.01,1.04,1,1.03,385500
NSSC,20111013,2.12,2.31,2.12,2.31,1700
NSYS,20111013,3.17,3.3,3.17,3.22,2200
NTAP,20111013,38.74,39.11,38.41,38.65,5395500
NTCT,20111013,12.94,13.1,12.51,12.92,552100
NTES,20111013,44.44,45.14,43.09,44.21,581000
NTGR,20111013,29.44,29.92,28.99,29.42,204400
NTIC,20111013,14.54,14.91,14.54,14.9,1800
NTLS,20111013,17.76,18.02,17.6,17.95,103900
NTRI,20111013,13.3,13.55,12.64,12.79,267500
NTRS,20111013,37.72,37.82,36.46,36.85,2830000
NTSC,20111013,4.9,4.9,4.77,4.77,3800
NTSP,20111013,5.21,5.4,5.02,5.36,148000
NTWK,20111013,6.5,6.6,6.4,6.5,44900
NUAN,20111013,22.55,23.45,22.4,23.3,4800600
NUCL,20111013,33.87,33.87,33.17,33.53,6900
NURO,20111013,9.18,9.6,9.18,9.6,6800
NUTR,20111013,13.32,13.32,12.49,13.3,18400
NUVA,20111013,16.96,17.17,16.62,17.14,436900
NVAX,20111013,1.73,1.78,1.65,1.71,625000
NVDA,20111013,14.54,15.49,14.5,15.46,21370700
NVEC,20111013,67.97,68.63,67.41,68.1,31400
NVGN,20111013,0.64,0.65,0.58,0.65,12000
NVMI,20111013,6.24,6.5,6.17,6.46,70700
NVSL,20111013,7.53,7.53,7.5,7.5,1000
NVTL,20111013,3.24,3.27,3.13,3.18,229800
NWBI,20111013,12.38,12.44,12.15,12.31,427200
NWFL,20111013,24.16,24.16,24.16,24.16,0
NWLI,20111013,138.95,139.14,136.9,138.52,2800
NWPX,20111013,23.2,24.01,22.05,23.81,44500
NWS,20111013,17.05,17.27,16.89,17.13,5140600
NWSA,20111013,16.92,17.23,16.78,17.12,13440100
NXPI,20111013,16.56,17.46,16.42,17.16,1770400
NXST,20111013,8.07,8.7,7.94,8.41,48400
NXTM,20111013,21.31,21.6,21.15,21.46,422600
NYMT,20111013,6.42,6.45,6.28,6.38,29900
NYMX,20111013,8.4,8.57,8.32,8.52,47700
NYNY,20111013,0.75,0.75,0.72,0.73,11900
OABC,20111013,14.08,14.12,13.86,14.12,26100
OBAF,20111013,14.52,14.52,14.25,14.33,63700
OBAS,20111013,6.55,6.55,5.85,6.15,4800
OBCI,20111013,2.01,2.04,2.01,2.04,3100
OCC,20111013,3.26,3.26,3.24,3.25,4200
OCFC,20111013,11.87,12.01,11.82,11.99,14900
OCLR,20111013,3.61,3.67,3.5,3.55,816100
OCLS,20111013,9.66,9.94,9.59,9.59,36900
OCZ,20111013,5.71,5.72,5.26,5.28,2084900
ODFL,20111013,21.9067,22.14,21.4267,22.0667,303900
OFED,20111013,11.35,11.35,11.35,11.35,0
OFIX,20111013,33.89,33.95,32.78,33.86,54200
OFLX,20111013,12.79,13.12,12.76,12.87,7200
OGXI,20111013,9.73,9.78,9.56,9.7,12200
OIIM,20111013,4.22,4.4,4.22,4.38,69500
OINK,20111013,1.73,1.79,1.71,1.71,7100
OKSB,20111013,4.42,4.47,4.26,4.42,42000
OKSBP,20111013,17.78,18.47,17.78,18.47,300
OLBK,20111013,6.94,6.94,6.56,6.59,900
OMAB,20111013,14.31,14.31,13.69,13.88,6200
OMCL,20111013,14.95,15.08,14.72,14.87,87200
OMER,20111013,4,4.07,3.88,4.02,16100
OMEX,20111013,2.74,2.91,2.63,2.83,528500
OMPI,20111013,9.8,10,9.7,9.99,26000
ONCY,20111013,4,4.17,3.89,4.12,53700
ONEQ,20111013,102.59,103.39,102.14,103.39,8300
ONFC,20111013,9,9,8.95,9,3900
ONNN,20111013,7.45,8.01,7.37,8.01,14080100
ONTY,20111013,6.18,6.39,6.12,6.35,263300
ONVI,20111013,3.11,3.11,2.87,2.93,30800
ONXX,20111013,35.31,36.65,34.36,35.86,3329100
OPEN,20111013,49.68,52.29,49.5,51.65,1209700
OPHC,20111013,0.61,0.61,0.61,0.61,100
OPLK,20111013,16.09,16.31,15.76,15.98,52600
OPOF,20111013,10.11,10.3,9.9,10.28,8500
OPTR,20111013,14.4,15.28,14.35,15,896700
OPTT,20111013,3.65,3.86,3.44,3.78,156100
OPXA,20111013,4.6,4.6,4.36,4.56,37700
ORBC,20111013,2.76,2.76,2.61,2.68,65000
ORBK,20111013,10.57,10.7,10.38,10.66,40100
ORBT,20111013,3.65,3.8,3.65,3.8,2700
ORCL,20111013,30.96,31.3,30.57,31.14,27161500
OREX,20111013,2.22,2.23,2.11,2.19,280400
ORIG,20111013,15.85,16,15.49,15.99,157800
ORIT,20111013,13.15,13.3,13.09,13.27,336400
ORLY,20111013,68.35,69.08,68.05,68.71,852800
ORRF,20111013,13.36,13.5,13.19,13.5,11400
OSBC,20111013,1.25,1.31,1.13,1.13,11400
OSBCP,20111013,4.08,4.08,4.08,4.08,1000
OSHC,20111013,10.74,10.74,10.74,10.74,0
OSIR,20111013,4.51,4.83,4.5,4.74,43400
OSIS,20111013,39.62,41,39.61,40.73,87600
OSN,20111013,1.62,1.69,1.62,1.64,16800
OSTK,20111013,10.03,10.24,9.84,10.17,48100
OSUR,20111013,9.05,9.08,8.79,8.82,249700
OTEX,20111013,51.9,53.59,51.59,53.11,150900
OTIV,20111013,1.62,1.65,1.52,1.6,129400
OTT,20111013,14.64,14.81,14.37,14.69,30400
OTTR,20111013,19.06,19.22,18.86,19.2,116200
OUTD,20111013,7.04,7.14,7.03,7.14,11900
OVBC,20111013,17.11,17.38,17.11,17.37,1200
OVLY,20111013,4.92,5,4.82,4.82,3000
OVRL,20111013,2.48,2.5,2.4,2.42,11200
OVTI,20111013,16.78,17.75,16.53,17.6,4845300
OXBT,20111013,2.2,2.32,2.2,2.32,94200
OXGN,20111013,1.01,1.06,0.98,1.04,116400
OXLC,20111013,13.22,13.33,13.22,13.33,900
OZRK,20111013,23.38,24.19,22.99,24.15,344000
PAAS,20111013,28.34,28.5,27.5,28.24,612400
PACB,20111013,3.9,3.9,3.4,3.73,460400
PACQ,20111013,9.49,9.49,9.49,9.49,0
PACQW,20111013,0.4,0.4,0.4,0.4,0
PACR,20111013,4.2,4.34,4.12,4.26,113900
PACW,20111013,15.57,15.83,15.07,15.44,103100
PAGG,20111013,27.81,28.22,27.66,28.17,67800
PANL,20111013,47.01,48.73,46.65,48.17,739500
PATH,20111013,2.35,2.4,2.27,2.38,14800
PATK,20111013,1.91,1.91,1.75,1.76,1600
PATR,20111013,21.51,22.99,21.01,22.72,5000
PAYX,20111013,28.13,28.27,27.95,28.24,2057700
PBCT,20111013,12.18,12.26,11.87,12.19,5357400
PBHC,20111013,8.06,8.06,8.06,8.06,700
PBIB,20111013,2.9,3.15,2.7,2.88,4900
PBIP,20111013,5.12,5.17,5.08,5.1,700
PBSK,20111013,10.9,10.95,10.87,10.88,20200
PCAR,20111013,38.55,38.96,37.9,38.79,2718200
PCBK,20111013,7.97,8.09,7.83,8.08,24000
PCCC,20111013,8.71,8.81,8.61,8.77,19300
PCH,20111013,33.9,34.09,33.2,33.71,216900
PCLN,20111013,485.06,495.75,483.93,493.77,1106600
PCO,20111013,2.57,2.57,2.48,2.53,174100
PCOM,20111013,9.31,9.55,9.1,9.55,120900
PCRX,20111013,9.86,10.25,9.7,10.01,52300
PCTI,20111013,6.24,6.24,6.03,6.09,19500
PCYC,20111013,12.18,13,12.18,12.8,963100
PCYO,20111013,2.04,2.06,1.97,1.97,3700
PDCO,20111013,29.11,29.19,28.38,28.85,1317500
PDEX,20111013,2.2,2.2,2.16,2.16,1300
PDFS,20111013,3.97,4.07,3.88,4.06,33300
PDII,20111013,6.46,6.56,6.29,6.34,13000
PDLI,20111013,5.4,5.45,5.15,5.37,3949600
PEBK,20111013,4.82,4.82,4.82,4.82,0
PEBO,20111013,11.92,12.1,11.89,12.1,10500
PEGA,20111013,32.75,33.29,32.55,33.15,151500
PEIX,20111013,0.32,0.33,0.31,0.33,876400
PENN,20111013,38.33,38.35,37.47,38.24,498400
PENX,20111013,5.3,5.3,5.3,5.3,0
PEOP,20111013,12.78,12.98,12.78,12.95,4100
PERF,20111013,15.5,15.9,14.72,15.57,1800
PERY,20111013,22.25,22.69,21.57,21.79,70600
PESI,20111013,1.26,1.27,1.24,1.25,44500
PETM,20111013,45.5,46.03,44.75,44.86,1818700
PETS,20111013,9.32,9.49,9.28,9.47,94200
PFBC,20111013,7.69,7.8,7.67,7.8,6300
PFBI,20111013,4.8,4.82,4.8,4.8,3800
PFBX,20111013,10.39,10.39,10.39,10.39,0
PFIN,20111013,3.97,4.15,3.97,4.1,3300
PFLT,20111013,10.16,10.38,10.16,10.18,24700
PFSW,20111013,3.95,4.08,3.94,4,9600
PGC,20111013,10.3,10.59,10.02,10.12,6100
PGNX,20111013,6.29,6.46,6.29,6.42,136500
PGTI,20111013,1.3,1.3,1.22,1.22,2100
PHII,20111013,21.25,21.25,21.25,21.25,0
PHIIK,20111013,21.93,22.33,21.81,22.33,7400
PHMD,20111013,13.7,13.95,13.25,13.73,4100
PICO,20111013,20.95,21.28,20.92,21.25,457500
PKBK,20111013,6.73,6.85,6.73,6.81,700
PKOH,20111013,14.35,14.51,13.85,14.51,15200
PLAB,20111013,6,6.43,6,6.42,973800
PLBC,20111013,2.26,2.35,2.14,2.35,5600
PLCC,20111013,0.87,0.87,0.87,0.87,0
PLCE,20111013,47.67,47.88,45.02,46.1,1126000
PLCM,20111013,21.42,21.95,21.21,21.8,1616300
PLMT,20111013,7.45,8,7.45,8,2500
PLNR,20111013,1.97,2.02,1.9,1.95,22000
PLPC,20111013,52.28,52.55,51.51,52.35,2200
PLTM,20111013,20.06,20.34,19.94,20.34,600
PLUG,20111013,1.9,1.9,1.85,1.89,39000
PLUS,20111013,25.32,26.38,25.24,25.99,9000
PLXS,20111013,26.55,26.72,26.1,26.51,130900
PLXT,20111013,3,3.1,2.88,3.09,135400
PMBC,20111013,3.2,3.25,2.95,3.05,11900
PMCS,20111013,6.63,6.74,6.6,6.67,1594000
PMD,20111013,8.51,8.6,8.43,8.55,11300
PMFG,20111013,17.78,18.36,17.6,18.25,50400
PMNA,20111013,10.96,10.96,10.89,10.96,3000
PMTC,20111013,17.39,17.58,17.1,17.54,1018300
PMTI,20111013,8,8.12,7.96,8.09,76100
PNBK,20111013,1.92,1.97,1.92,1.97,3200
PNFP,20111013,12.16,12.39,11.87,12.33,179900
PNNT,20111013,9.73,9.99,9.68,9.91,344100
PNQI,20111013,35.08,35.65,34.9,35.51,31500
PNRA,20111013,109.03,113.25,109.01,111.61,389400
PNRG,20111013,20.43,20.43,18.76,19.5,3000
PNTR,20111013,4.34,4.74,4.25,4.74,2400
PODD,20111013,15.3,15.48,14.67,15.04,409800
POOL,20111013,29.13,29.43,28.85,28.99,253300
POPE,20111013,39.98,40.48,39.98,40,3500
POWI,20111013,32.83,34.54,32.83,34.31,129000
POWL,20111013,33.02,33.02,32.09,32.61,24400
POWR,20111013,4.31,4.39,4.17,4.26,101700
POZN,20111013,2.82,2.82,2.6,2.72,41100
PPBI,20111013,5.76,5.87,5.75,5.75,1000
PPHM,20111013,1.06,1.07,1.03,1.05,109300
PRAA,20111013,66.13,66.42,64.73,65.58,71500
PRAN,20111013,1.59,1.62,1.46,1.57,123200
PRCP,20111013,5.33,5.44,5.11,5.44,6300
PRFT,20111013,8.49,9,8.48,8.98,136400
PRFZ,20111013,56.49,57.15,55.99,56.92,47900
PRGO,20111013,96.77,97.98,96.75,97.69,371600
PRGS,20111013,20.51,20.62,20.25,20.53,494700
PRGX,20111013,5.4,5.57,5.4,5.57,45100
PRIM,20111013,11.88,12.05,11.61,12.03,68400
PRKR,20111013,0.95,0.95,0.89,0.9,11100
PRLS,20111013,3.7,3.77,3.7,3.72,800
PRMW,20111013,5.6,5.84,5.25,5.48,639400
PROV,20111013,8.88,9.17,8.88,8.95,2300
PRPH,20111013,0.79,0.89,0.79,0.85,2400
PRSC,20111013,12.01,12.04,10.92,11.95,31800
PRTS,20111013,5.53,5.67,5.41,5.58,44800
PRXI,20111013,1.76,1.8,1.71,1.75,35100
PRXL,20111013,21.11,21.2,20.58,20.79,213400
PSAU,20111013,43.29,43.63,43.03,43.6,19400
PSBH,20111013,4.54,4.97,4.53,4.97,600
PSCC,20111013,29.54,29.68,29.38,29.68,31200
PSCD,20111013,26.02,26.13,25.73,26.09,17700
PSCE,20111013,30.18,30.73,29.65,30.52,69400
PSCF,20111013,24.48,24.48,23.85,24.25,16000
PSCH,20111013,29.14,29.42,28.99,29.35,37600
PSCI,20111013,25.74,25.74,25.13,25.28,6200
PSCM,20111013,24.6,24.6,24.11,24.41,6000
PSCT,20111013,25.85,26.32,25.76,26.23,19700
PSCU,20111013,28.95,28.95,28.42,28.67,6200
PSDV,20111013,4.09,4.15,4,4.11,23700
PSEC,20111013,8.93,8.93,8.68,8.87,979800
PSEM,20111013,7.96,8.05,7.45,7.64,75000
PSMT,20111013,74.04,75.68,72.08,73.5,291000
PSTB,20111013,3.79,3.9,3.79,3.84,43300
PSTI,20111013,2.4,2.44,2.37,2.4,36700
PSTR,20111013,3.46,3.49,3.37,3.47,2100
PSUN,20111013,1.28,1.32,1.23,1.28,185800
PTEK,20111013,1,1,0.98,0.98,5800
PTEN,20111013,18.63,18.83,17.89,18.53,5122000
PTIE,20111013,4.34,4.51,4.31,4.51,126300
PTIX,20111013,1.76,1.81,1.76,1.81,200
PTNR,20111013,11.09,11.09,10.82,10.99,66400
PTRY,20111013,13.21,13.62,13.07,13.49,119600
PTSI,20111013,10.54,10.85,10.09,10.69,8900
PTSX,20111013,0.85,0.85,0.85,0.85,0
PULB,20111013,6.45,6.45,6.43,6.43,1100
PURE,20111013,0.65,0.7,0.64,0.7,83000
PVFC,20111013,1.58,1.58,1.58,1.58,100
PVTB,20111013,9.07,9.31,8.52,8.97,624700
PVTBP,20111013,24.66,25.14,24.66,24.95,9700
PWER,20111013,5.3,5.35,5.02,5.34,2712800
PWOD,20111013,37.7,37.74,36.86,37.25,2300
PWRD,20111013,12.99,13.23,12.66,12.89,284700
PWX,20111013,12.2,12.3,12.2,12.3,1000
PXLW,20111013,1.95,2,1.9,2,1300
PZZA,20111013,31.83,32.53,31.83,32.21,121800
PZZI,20111013,3.28,3.33,3.28,3.3,16800
QABA,20111013,20.68,21.07,20.68,21.07,600
QADA,20111013,11.3,11.3,10.95,11.06,5400
QADB,20111013,10.99,10.99,10.99,10.99,0
QBAK,20111013,1.97,1.97,1.97,1.97,0
QCCO,20111013,3.05,3.47,3.05,3.29,7200
QCLN,20111013,10.59,10.8,10.58,10.8,700
QCOM,20111013,51.94,53.41,51.9,53.31,12545700
QCOR,20111013,32.32,32.98,32.06,32.73,561600
QCRH,20111013,9.02,9.02,8.98,8.98,200
QDEL,20111013,16.33,16.69,16.28,16.55,116000
QGEN,20111013,13.28,13.31,13.03,13.2,1675800
QKLS,20111013,22.56,22.8,21.6,22.8,9000
QLGC,20111013,13.63,13.89,13.57,13.77,980700
QLIK,20111013,24.62,25.74,24.31,25.57,821600
QLTI,20111013,6.75,7.01,6.75,6.98,32900
QLTY,20111013,10.4,10.82,10.29,10.71,85400
QNST,20111013,11.83,12.29,11.78,12.12,112300
QQEW,20111013,23.21,23.44,23.16,23.39,50300
QQQ,20111013,56.49,57.19,56.43,57.12,63443600
QQQX,20111013,13.46,13.5,13.25,13.41,61100
QQXT,20111013,21.29,21.39,21.26,21.29,6100
QSII,20111013,45.54,46.54,45.54,46.36,226800
QTEC,20111013,23.8,24.28,23.8,24.25,96500
QTWW,20111013,2.26,2.39,2.18,2.24,121000
QUIK,20111013,2.32,2.45,2.3,2.38,66600
RADA,20111013,2.28,2.28,2.2,2.2,500
RAIL,20111013,16.05,16.12,15.45,15.98,55500
RAND,20111013,2.93,2.93,2.67,2.8,700
RAVN,20111013,28.92,29.09,28.2,28.99,43100
RBCAA,20111013,19.39,19.7,18.86,19.65,8000
RBCN,20111013,9.46,10.19,9.46,10.12,975400
RBNF,20111013,2.7,2.73,2.67,2.73,1300
RBPAA,20111013,1,1,0.92,0.99,1900
RCII,20111013,30.55,30.94,30.4,30.61,339400
RCKB,20111013,9.7,9.77,9.54,9.77,38900
RCKY,20111013,10.9,11.3,10.9,11.25,10800
RCMT,20111013,4.35,4.35,4.16,4.28,12500
RCON,20111013,0.76,0.76,0.69,0.69,2800
RDA,20111013,8.63,9.07,8.34,8.63,52400
RDCM,20111013,4.36,4.75,4.36,4.75,4800
RDEN,20111013,32.99,33.11,32.28,32.54,91300
RDI,20111013,4.23,4.23,4.12,4.18,12200
RDIB,20111013,7.01,7.01,7.01,7.01,0
RDNT,20111013,2.33,2.36,2.28,2.32,58200
RDWR,20111013,11.645,11.815,10.76,11.775,71200
RECN,20111013,10.6,10.9,10.43,10.72,231300
REDF,20111013,7.25,7.65,7.09,7.63,412400
REFR,20111013,4.3,4.4,4.21,4.3,17600
REGN,20111013,63.73,65.98,63.06,65.1,862800
REIS,20111013,8.75,9.1,8.75,8.95,11800
RELL,20111013,13.29,13.65,13.29,13.55,69000
RELV,20111013,1.45,1.55,1.45,1.55,10000
RENT,20111013,13.54,14.12,13.34,14.11,30800
REXI,20111013,4.86,4.91,4.72,4.9,4300
REXX,20111013,13.01,13.48,12.48,13.14,669300
RFIL,20111013,3.05,3.13,2.99,3.06,18900
RFMD,20111013,6.89,7.25,6.84,7.21,8403000
RGCO,20111013,18.12,18.69,18.07,18.69,1000
RGDX,20111013,1.66,1.66,1.66,1.66,0
RGEN,20111013,3.21,3.23,3.1,3.15,16300
RGLD,20111013,64.61,65.43,63.55,64.79,796700
RICK,20111013,7.61,7.84,7.57,7.74,30500
RIGL,20111013,7.88,8.06,7.71,8,190000
RIMG,20111013,11.45,11.56,11.22,11.51,48800
RITT,20111013,4.49,4.57,4,4.37,14400
RIVR,20111013,16,16,15.98,16,1200
RJET,20111013,2.79,2.83,2.66,2.81,248500
RLOC,20111013,9.38,9.63,9.29,9.38,121900
RLOG,20111013,6.04,6.16,5.95,5.95,7100
RMBS,20111013,15.69,16.83,15.69,16.66,2966500
RMCF,20111013,8.5,8.55,8.25,8.34,16500
RMKR,20111013,0.86,0.92,0.86,0.92,3900
RMTI,20111013,7.8,8.16,7.78,8.16,52100
RNET,20111013,15.38,15.51,15.24,15.35,4700
RNIN,20111013,6.3,6.3,6,6,4800
RNST,20111013,13.94,13.95,13.64,13.93,44600
RNWK,20111013,9.06,9.16,8.88,9.08,83300
ROCK,20111013,9.67,9.91,9.5,9.81,66800
ROCM,20111013,7,7,6.92,6.95,5700
ROIA,20111013,1.35,1.35,1.3,1.3,2000
ROIAK,20111013,1.33,1.36,1.22,1.29,49800
ROIC,20111013,10.92,10.94,10.77,10.89,113100
ROICW,20111013,0.63,0.7,0.63,0.69,5200
ROLL,20111013,38.74,39.66,38.4,39.18,50200
ROMA,20111013,8.89,8.89,8.4,8.63,15000
ROSE,20111013,37.74,39.25,37.19,38.69,964500
ROSG,20111013,15,15.15,12.75,13.95,214000
ROST,20111013,41.63,42.105,41.3,41.675,963000
ROVI,20111013,47.47,49.13,47.33,49.04,907200
ROYL,20111013,2.1,3.55,2.09,3.53,2211500
RP,20111013,22.99,22.99,22.53,22.86,288000
RPRX,20111013,3.67,3.8,3.65,3.8,12800
RPTP,20111013,4.99,5,4.86,4.99,79700
RPXC,20111013,19.49,19.49,18.79,18.86,96600
RRD,20111013,15.41,15.6,15.16,15.51,2282700
RRGB,20111013,23.83,23.98,23.55,23.75,257500
RRST,20111013,5.21,5.51,5.21,5.51,400
RSOL,20111013,1.61,1.7,1.59,1.64,15000
RSTI,20111013,22.51,22.51,21.8,22.31,135200
RSYS,20111013,6.6,6.73,6.58,6.69,50200
RTEC,20111013,7.06,7.63,7.06,7.53,108000
RTIX,20111013,3.53,3.72,3.47,3.69,471400
RUE,20111013,24.8,25.27,24.25,24.75,161200
RUSHA,20111013,16.37,16.59,15.35,16.48,73400
RUSHB,20111013,13,13.16,12.68,13.15,9800
RUTH,20111013,4.73,4.91,4.73,4.9,106600
RVBD,20111013,21,21.66,20.9,21.48,3452200
RVSB,20111013,2.4,2.4,2.35,2.35,26000
RYAAY,20111013,27.14,27.73,26.92,27.56,187500
SAAS,20111013,3.6,3.72,3.48,3.6,139900
SAFM,20111013,47.36,47.88,47.02,47.66,153300
SAFT,20111013,40.06,40.53,39.64,39.96,33900
SAIA,20111013,12.63,12.87,11.98,12.82,75700
SALM,20111013,2.31,2.44,2.31,2.38,6700
SANM,20111013,8.02,8.19,7.88,8.11,669500
SANW,20111013,4.51,4.6,4.38,4.41,8300
SANWW,20111013,0.7,0.7,0.62,0.62,1400
SANWZ,20111013,0.22,0.22,0.22,0.22,500
SAPE,20111013,11.16,11.36,11.03,11.24,765400
SASR,20111013,16.24,16.34,15.53,15.94,38500
SATS,20111013,24.72,24.86,23.62,24.06,118900
SAVE,20111013,15.41,16.27,15.14,15.9,392400
SBAC,20111013,35.88,36.54,35.8,36.48,910700
SBBX,20111013,4.68,4.68,4.68,4.68,0
SBCF,20111013,1.58,1.58,1.5,1.51,139800
SBGI,20111013,9,9.03,8.75,8.94,473500
SBLK,20111013,19.95,19.95,19.2,19.95,102100
SBNY,20111013,52.28,52.45,50.31,51.48,200600
SBNYW,20111013,30.32,30.32,30.32,30.32,0
SBRA,20111013,9.72,9.85,9.46,9.55,453200
SBSA,20111013,1.16,1.24,1.16,1.2,24900
SBSI,20111013,19.63,19.83,19.31,19.76,20800
SBUX,20111013,41.2,41.64,40.85,41.09,6375100
SCBT,20111013,27.9,27.98,27.26,27.76,15600
SCHL,20111013,29.13,29.53,28.97,29.19,83400
SCHN,20111013,40.99,40.99,39.15,40.4,256200
SCLN,20111013,4.16,4.25,4.08,4.23,104800
SCMP,20111013,4.24,4.24,4.05,4.18,16200
SCOK,20111013,2.68,2.76,2.67,2.76,20900
SCON,20111013,16.32,16.8,15.96,16.44,56900
SCOR,20111013,18.65,19.43,18.63,19.23,259500
SCSC,20111013,34.81,35.1,34.43,34.91,76700
SCSS,20111013,15.53,15.98,15.27,15.76,661500
SCVL,20111013,16.84,16.84,16.4467,16.6867,41900
SDBT,20111013,2.37,2.64,2.29,2.64,2200
SDIX,20111013,1.82,1.87,1.78,1.85,8100
SEAC,20111013,8.36,8.42,8.21,8.27,90500
SEED,20111013,2.48,2.56,2.46,2.53,47700
SEIC,20111013,15.49,15.6,15.15,15.48,569300
SENEA,20111013,20.21,20.44,19.49,20.01,30800
SENEB,20111013,16.94,19.66,16.94,19.66,1200
SEV,20111013,6.05,6.05,6.05,6.05,0
SFLY,20111013,47.15,47.98,45.8,46.54,390700
SFNC,20111013,24.34,24.52,23.59,24.38,30100
SFST,20111013,6.25,6.25,6.06,6.06,1200
SGC,20111013,10.63,10.78,10.28,10.7,2400
SGEN,20111013,20.74,21,20.05,20.89,2482400
SGI,20111013,12.51,13.1,12.51,12.99,336700
SGMA,20111013,3.6,3.6,3.6,3.6,800
SGMO,20111013,3.33,3.42,3.28,3.39,293900
SGMS,20111013,7.97,8.08,7.86,8.03,398400
SGNT,20111013,20.79,22.03,20.79,21.67,170600
SGOC,20111013,3,3,3,3,0
SGRP,20111013,1.2,1.2,1.19,1.2,300
SHBI,20111013,4.74,4.93,4.5,4.93,4900
SHEN,20111013,12.46,12.62,11.9,12.56,50700
SHFL,20111013,9.86,10.14,9.83,10.12,580800
SHIP,20111013,3.14,3.21,2.95,3.15,3600
SHLD,20111013,69.88,71.49,69.27,69.55,433200
SHLM,20111013,19,19.19,18.59,19.04,158600
SHLO,20111013,8.56,8.93,8.56,8.72,13000
SHOO,20111013,34.21,34.57,33.95,34.32,215600
SHOR,20111013,5.84,5.97,5.72,5.8,181400
SIAL,20111013,64.49,64.78,63.77,64.65,427700
SIBC,20111013,11,11,11,11,1000
SIEB,20111013,1.69,1.69,1.69,1.69,0
SIFI,20111013,9.13,9.16,8.97,9.06,4300
SIFY,20111013,3.42,3.51,3.25,3.31,721000
SIGA,20111013,3.31,3.35,3.11,3.33,228000
SIGI,20111013,13.73,13.92,13.46,13.5,205800
SIGM,20111013,8.27,8.52,8.27,8.35,193100
SILC,20111013,15.12,15.22,15,15.1,17200
SIMG,20111013,6.33,6.72,6.25,6.67,897200
SIMO,20111013,13.75,14.6,13.58,14.5,745300
SINA,20111013,81.01,93.32,80.96,92.88,16539200
SINO,20111013,2.25,2.35,2.12,2.25,15500
SIRI,20111013,1.72,1.74,1.67,1.72,44353700
SIRO,20111013,44.12,44.6,43.68,44.19,288700
SIVB,20111013,42.06,42.07,40.2,41.39,437600
SIVBO,20111013,24.99,24.99,24.99,24.99,300
SKBI,20111013,1.78,1.88,1.76,1.8,1300
SKUL,20111013,14.86,16.17,14.86,15.82,204300
SKYW,20111013,12.17,12.42,12.04,12.29,313900
SKYY,20111013,17.3,17.69,17.27,17.64,14200
SLAB,20111013,34.38,35.75,34.38,35.33,395500
SLGN,20111013,37.99,38.09,37.41,38,167400
SLMAP,20111013,43.05,43.05,42.1,42.1,3400
SLP,20111013,3.05,3.09,3.05,3.09,5600
SLRC,20111013,21.53,21.57,21.02,21.43,153200
SLTC,20111013,3.89,3.9,3.74,3.9,2500
SLTM,20111013,1.86,1.86,1.72,1.78,81800
SLXP,20111013,33.11,33.12,31.97,32.91,633700
SMBC,20111013,21.61,21.61,21.61,21.61,0
SMCI,20111013,14.54,14.93,14.54,14.85,87100
SMED,20111013,4.55,4.62,4.45,4.62,19600
SMIT,20111013,3.94,3.94,3.63,3.93,1900
SMMF,20111013,2.64,2.64,2.45,2.45,9900
SMRT,20111013,6.25,6.31,6.1,6.2,121100
SMSI,20111013,1.45,1.49,1.32,1.44,717900
SMT,20111013,3.85,3.86,3.78,3.8,195600
SMTC,20111013,23.37,24.04,22.88,23.7,793100
SMTX,20111013,1.47,1.51,1.45,1.5,48100
SNAK,20111013,3.93,3.96,3.83,3.89,17200
SNBC,20111013,2.89,2.95,2.76,2.95,86500
SNCR,20111013,25.87,26.54,25.57,26.43,189000
SNDK,20111013,44.42,46.28,44.37,45.93,7504300
SNFCA,20111013,1.31,1.31,1.31,1.31,100
SNHY,20111013,24.45,24.84,24.05,24.81,45100
SNMX,20111013,3.41,3.61,3.4,3.43,124900
SNPS,20111013,25.62,26.18,25.6,26.08,976200
SNSS,20111013,1.25,1.45,1.21,1.3,97700
SNTA,20111013,3.06,3.26,3.05,3.23,68700
SNTS,20111013,2.9,3.05,2.9,3.03,99200
SOCB,20111013,1.7,1.7,1.7,1.7,0
SODA,20111013,36.61,36.97,34.84,35.92,1175900
SOFO,20111013,9.03,9.03,8.83,8.92,1100
SOHU,20111013,56.99,59.45,56.65,58.65,1533000
SOMH,20111013,7.23,7.28,7.2,7.2,800
SONA,20111013,6.09,6.13,6.02,6.02,1600
SONC,20111013,7.18,7.45,7.03,7.36,433100
SONS,20111013,2.22,2.32,2.19,2.29,1005700
SORL,20111013,2.84,2.94,2.77,2.82,87500
SOXX,20111013,49.68,51.12,49.68,50.93,243100
SPAN,20111013,14,14.29,13.95,14,4300
SPAR,20111013,4.55,4.55,4.46,4.52,73200
SPBC,20111013,10.48,10.48,10.48,10.48,0
SPCHA,20111013,1.8,1.8,1.8,1.8,0
SPCHB,20111013,2.3,2.38,2.3,2.38,600
SPEX,20111013,34.6,36.8,34.6,35.2,2300
SPIL,20111013,4.94,5.07,4.94,5.01,930400
SPIR,20111013,1.38,1.72,1.38,1.56,6200
SPLS,20111013,14.75,14.95,14.5,14.75,7184800
SPMD,20111013,1.62,1.65,1.59,1.6,39700
SPNC,20111013,7.25,7.38,7.19,7.36,64600
SPNS,20111013,3.01,3.1,3.01,3.04,400
SPPI,20111013,8.25,8.7,8.23,8.7,389800
SPPR,20111013,0.7,0.7,0.68,0.68,3400
SPPRO,20111013,19.05,19.05,19.05,19.05,0
SPPRP,20111013,7.56,7.56,7.56,7.56,0
SPRD,20111013,21.11,21.35,20.36,21.25,952900
SPRO,20111013,2.01,2.19,2,2.19,22200
SPRT,20111013,2.39,2.39,2.28,2.36,50200
SPSC,20111013,19.03,19.12,18.87,18.95,48100
SPTN,20111013,16.05,16.39,15.79,16.3,75600
SPU,20111013,1.96,1.97,1.86,1.94,11400
SQI,20111013,13.84,14.01,13.8,13.9,29100
SQNM,20111013,5.05,5.1,4.98,5.03,2278300
SQQQ,20111013,83.96,84.16,80.8,81.12,2936000
SRCE,20111013,22.97,23.19,22.75,22.93,28900
SRCL,20111013,83.31,83.66,82.8,83.57,239100
SRDX,20111013,8.93,9.09,8.85,9,44800
SREV,20111013,14.31,14.74,13.94,14.29,540900
SSBI,20111013,5.38,5.48,5.36,5.4,3900
SSFN,20111013,5.29,5.33,5.07,5.17,1000
SSNC,20111013,14.96,14.96,14.69,14.88,83500
SSRI,20111013,18.76,18.76,18.06,18.45,701800
SSRX,20111013,10.46,11.16,10.13,10.94,23900
SSYS,20111013,24.1,24.13,23.12,23.47,236300
STAA,20111013,8.78,9.27,8.64,9.21,514900
STAN,20111013,16.98,17.42,16.68,17.18,41100
STB,20111013,5.55,5.61,5.47,5.59,76000
STBA,20111013,18.65,18.75,17.97,18.31,43900
STBZ,20111013,13.1,13.32,12.94,13.31,34600
STEC,20111013,10.4,10.8,10.32,10.67,625200
STEI,20111013,6.34,6.46,6.26,6.42,234000
STEL,20111013,11.5,11.58,11.19,11.57,34000
STEM,20111013,1.96,2.03,1.95,1.98,82400
STFC,20111013,13.1,13.22,12.81,13,14600
STKL,20111013,5.28,5.52,5.23,5.49,103200
STLD,20111013,11.1,11.29,10.78,11.22,1947600
STLY,20111013,2.9,3.05,2.85,2.88,23400
STMP,20111013,25.17,25.58,24.57,25.02,234100
STND,20111013,13.97,13.98,13.97,13.98,5600
STNR,20111013,43.61,44.06,43.18,43.79,35600
STRA,20111013,87.61,89.96,85.34,89.4,163200
STRL,20111013,12.39,12.65,12.37,12.4,28500
STRM,20111013,1.65,1.65,1.55,1.6,10500
STRN,20111013,4.58,4.6,4.58,4.59,1100
STRS,20111013,6.5,6.55,6.35,6.55,6600
STRT,20111013,23.2,23.94,22.61,23.94,500
STSA,20111013,14.2,14.2,13.46,13.85,77300
STX,20111013,11.21,11.91,11.1,11.82,7754000
STXS,20111013,11.3,11.3,10.5,11.2,63800
SUBK,20111013,8.36,8.36,8.22,8.29,27300
SUMR,20111013,7.17,7.19,6.92,7.01,28400
SUNS,20111013,15.88,15.88,15.47,15.74,10100
SUPX,20111013,18.39,19.02,18.39,18.86,51000
SURG,20111013,5.9,6.09,5.74,6.06,93700
SUSQ,20111013,6.18,6.18,5.91,6.11,994700
SUTR,20111013,1.1,1.22,1.06,1.06,65500
SVA,20111013,2.33,2.41,2.22,2.23,533400
SVBI,20111013,2.43,2.57,2.4,2.5,5700
SVNT,20111013,3.78,3.8,3.57,3.78,2054000
SVVC,20111013,15.05,15.25,14.9,14.95,6900
SWHC,20111013,2.88,2.93,2.8,2.9,413900
SWIR,20111013,6.95,7.01,6.9,6.99,22900
SWKS,20111013,20.54,21.72,20.08,21.43,9505900
SWSH,20111013,4.23,4.42,4.17,4.41,370200
SYBT,20111013,21,21.04,20.4,20.88,30400
SYBTP,20111013,11.25,11.25,11.25,11.25,300
SYKE,20111013,15.72,15.82,15.35,15.5,125200
SYMC,20111013,17.58,17.88,17.49,17.78,7882600
SYMM,20111013,4.91,4.92,4.74,4.87,51800
SYMX,20111013,1.52,1.61,1.49,1.56,118400
SYNA,20111013,28.32,28.88,28.04,28.63,270800
SYNL,20111013,10.83,10.9,10.72,10.9,2700
SYNM,20111013,9,9,8.5,9,95800
SYNT,20111013,48.24,49.1,47.73,48.69,163400
SYPR,20111013,3.04,3.13,3.04,3.13,400
SYUT,20111013,5.38,5.49,5.23,5.38,55600
SZYM,20111013,8.64,8.64,7.68,8.34,447000
TACT,20111013,8.03,8.03,7.47,7.88,39500
TAIT,20111013,1,1,1,1,700
TASR,20111013,4.55,4.59,4.52,4.56,216600
TAST,20111013,9.24,9.25,9.02,9.14,17800
TATT,20111013,4.8,5.26,4.8,5.26,400
TAXI,20111013,9.85,10.2,9.82,10.14,56600
TAYC,20111013,6.46,6.77,6.46,6.71,12500
TAYCP,20111013,19.5,19.5,19.5,19.5,200
TAYD,20111013,8.3,8.3,7.67,7.8,32700
TBAC,20111013,1.07,1.12,1.05,1.1,61000
TBBK,20111013,7.49,7.6,7.38,7.57,71600
TBNK,20111013,19.98,19.98,19.56,19.7,27400
TBOW,20111013,2.03,2.11,1.81,1.81,90100
TCBI,20111013,26.13,26.24,25.55,26.04,370100
TCBIW,20111013,14.99,14.99,14.99,14.99,0
TCBK,20111013,14.07,14.1,13.86,13.96,19100
TCCO,20111013,7.26,7.26,7.25,7.26,900
TCRD,20111013,11.38,11.48,11.01,11.2,33700
TEAR,20111013,0.8,0.84,0.78,0.84,9300
TECD,20111013,46.39,47.62,46.35,47.42,574700
TECH,20111013,69.26,70.2,68.96,69.98,75100
TECUA,20111013,7.65,7.73,7.61,7.69,26500
TECUB,20111013,7.46,7.46,7.32,7.39,2000
TELK,20111013,8.1,8.7,8.1,8.4,34100
TESO,20111013,14.55,14.69,13.67,13.94,264300
TESS,20111013,13.48,13.68,13.42,13.6,38500
TFCO,20111013,3.61,3.61,3.6,3.6,300
TFM,20111013,39.2,39.2,37.61,38,357900
TFSL,20111013,8.83,8.92,8.75,8.84,248200
TGA,20111013,8.92,8.94,8.58,8.72,111600
TGE,20111013,5.1,5.17,4.9,5.16,20800
THFF,20111013,30.37,30.7,29.92,30.58,30600
THLD,20111013,1.53,1.57,1.53,1.56,19000
THOR,20111013,33.49,36.45,33.33,36.13,1668000
THRD,20111013,19.84,19.84,19.84,19.84,0
THRX,20111013,20.61,21.73,20.61,21.23,251200
THTI,20111013,1.7,1.72,1.57,1.6,2700
TIBX,20111013,25.27,26.19,25,26.16,2224700
TICC,20111013,8.4,8.48,8.31,8.47,82800
TIGR,20111013,2.43,2.43,2.35,2.35,7400
TINY,20111013,3.77,3.82,3.6,3.74,62100
TISA,20111013,2,2,1.96,2,41600
TITN,20111013,20.54,20.98,19.65,20.04,301400
TIVO,20111013,9.91,10.05,9.73,9.91,1390500
TKMR,20111013,1.8,1.8,1.8,1.8,100
TLAB,20111013,4.21,4.37,4.2,4.26,3240500
TLF,20111013,4.78,4.83,4.78,4.83,3800
TMNG,20111013,2.1,2.1,2.02,2.02,2000
TNAV,20111013,9.55,9.73,9.38,9.43,127200
TNGO,20111013,13.49,13.49,12.82,13.23,33400
TOFC,20111013,7.13,7.13,7.02,7.13,1600
TOPS,20111013,1.99,2.13,1.51,2.02,28800
TORM,20111013,11.24,11.64,11.24,11.64,900
TOWN,20111013,12.91,12.94,12.58,12.89,79700
TPGI,20111013,2.2,2.29,2.15,2.25,114100
TQNT,20111013,5.93,7.5,5.87,7.39,22533800
TQQQ,20111013,36.47,37.815,36.345,37.675,976200
TRAK,20111013,19.08,19.66,18.92,19.5,448400
TREE,20111013,5.17,5.17,4.91,5.04,6200
TRGT,20111013,17.01,17.44,16.64,17.34,232700
TRIB,20111013,9.65,9.85,9.53,9.79,10800
TRIT,20111013,3.98,4.04,3.85,4,25700
TRLG,20111013,30.98,31.57,30.63,31.4,160800
TRMB,20111013,18.835,18.905,18.385,18.55,446900
TRMD,20111013,13,18.7,12,13,11400
TRMK,20111013,20.69,20.74,20.03,20.47,265500
TRNS,20111013,11.58,12.45,11.58,11.86,500
TRNX,20111013,20.56,21.98,20.28,21.78,138900
TROW,20111013,52.81,53.07,51.12,52.34,2864000
TRS,20111013,16.17,16.51,15.48,15.99,139100
TRST,20111013,4.69,4.72,4.62,4.68,253600
TSBK,20111013,4.2,4.2,4.05,4.2,1800
TSCO,20111013,65.68,67.99,65.11,67.14,558600
TSEM,20111013,10.05,10.35,9.9,10.05,228300
TSLA,20111013,27.73,28.47,27.44,27.94,1043800
TSON,20111013,3.25,3.25,3.07,3.09,78800
TSPT,20111013,7.82,7.94,7.21,7.61,583100
TSRA,20111013,13.46,14.36,13.46,14.31,482500
TSRI,20111013,4.11,4.11,4.11,4.11,0
TSRX,20111013,6.6,6.74,6.52,6.72,10900
TST,20111013,1.81,1.87,1.75,1.84,54900
TSTC,20111013,4.32,4.77,4.32,4.74,154600
TSYS,20111013,3.72,3.74,3.62,3.72,181100
TTEC,20111013,16.52,16.54,16.16,16.37,55700
TTEK,20111013,20.18,20.5,19.89,20.43,529100
TTGT,20111013,6.55,6.55,6.11,6.46,35600
TTHI,20111013,1.63,1.7,1.58,1.65,10600
TTMI,20111013,10.75,11,10.63,11,524900
TTWO,20111013,14.24,14.41,14.16,14.29,839800
TUES,20111013,3.83,3.93,3.81,3.87,183900
TWER,20111013,2.92,2.96,2.84,2.9,172900
TWGP,20111013,22.97,23.06,22.42,22.63,201600
TWIN,20111013,28.59,28.59,27.28,27.99,61300
TWMC,20111013,1.9,2.11,1.83,2.04,74600
TWTC,20111013,17.04,17.08,16.68,17,341000
TXCC,20111013,2.35,2.36,2.27,2.34,13500
TXN,20111013,29.42,30.63,29.39,30.4,14573300
TXRH,20111013,13.69,14.04,13.69,13.92,942700
TYPE,20111013,12.36,12.7,12.36,12.64,128400
TZOO,20111013,30.44,31.39,29,29.27,812700
TZYM,20111013,2.92,2.93,2.7,2.85,9600
UACL,20111013,13.21,13.44,12.86,13.15,54000
UBCP,20111013,8.28,8.28,8.28,8.28,0
UBFO,20111013,2.87,2.87,2.87,2.87,100
UBNK,20111013,15.41,15.48,15.36,15.39,80800
UBOH,20111013,8.01,8.04,8.01,8.04,400
UBPS,20111013,5.75,5.75,5.75,5.75,0
UBSH,20111013,11.42,11.49,11.13,11.48,28500
UBSI,20111013,22.49,22.67,21.59,21.92,192500
UCBA,20111013,5.81,5.85,5.81,5.81,1000
UCBI,20111013,8.01,8.04,7.82,7.96,134900
UCFC,20111013,1.21,1.28,1.21,1.28,2200
UCTT,20111013,4.96,5.15,4.87,5.02,91600
UEIC,20111013,18.59,19.07,18.51,19.02,62100
UEPS,20111013,6.53,6.93,6.5,6.73,138700
UFCS,20111013,19.22,19.22,18.54,18.96,41000
UFPI,20111013,24.33,25.76,23.09,25.01,191700
UFPT,20111013,14.84,14.9,14.65,14.66,5000
UG,20111013,14.53,14.53,14.53,14.53,0
UHAL,20111013,71.72,71.72,69.33,70.47,17200
ULBI,20111013,4.89,4.91,4.82,4.89,3600
ULGX,20111013,0.94,0.96,0.85,0.89,12600
ULTA,20111013,67.73,69.54,67.07,67.96,628600
ULTI,20111013,52.39,52.55,51.06,52.48,171000
ULTR,20111013,2.46,2.46,2.3,2.36,75300
UMBF,20111013,35.84,35.84,34.1,34.53,126600
UMPQ,20111013,10.06,10.06,9.63,9.87,797000
UNAM,20111013,11.11,11.11,10.87,11,1100
UNB,20111013,19.59,19.8,19.59,19.8,1300
UNFI,20111013,38.35,38.65,37.69,38.01,190100
UNIS,20111013,4.85,4.9,4.81,4.85,132300
UNTD,20111013,5.72,5.78,5.63,5.74,673900
UNTK,20111013,4.32,4.46,4.28,4.39,40800
UNTY,20111013,6.51,6.6,6.5,6.6,4400
UNXL,20111013,5.1,5.16,5,5.1,23200
UPI,20111013,5.76,5.95,5.6,5.64,293300
URBN,20111013,24.11,24.23,23.58,23.89,1655300
URRE,20111013,9.3,9.3,8.3,8.7,665100
USAK,20111013,9.75,9.77,9.56,9.6,16300
USAP,20111013,32.38,33.32,30.06,33.06,41300
USAT,20111013,1.11,1.34,1.08,1.2,1587200
USATP,20111013,16,16,16,16,0
USATZ,20111013,0.7,0.7,0.5,0.61,78400
USBI,20111013,5.5,5.65,5.48,5.56,1800
USCR,20111013,4.17,4.18,3.82,3.89,2000
USEG,20111013,2.53,2.59,2.45,2.57,65900
USLM,20111013,45.6,46.99,45.6,46.33,3300
USMO,20111013,14.18,14.34,13.94,14.32,103500
USTR,20111013,30.48,30.71,30.13,30.49,144700
UTEK,20111013,19.97,20.42,19.61,20.35,128700
UTHR,20111013,39.2,39.78,38.61,39.75,1289000
UTIW,20111013,15.15,15.49,14.83,15.16,420700
UTMD,20111013,26.6,26.8,26.02,26.44,2500
UTSI,20111013,3.6,3.78,3.51,3.66,413000
UVSP,20111013,15.35,15.39,14.66,15.13,27100
VALU,20111013,12.42,12.5,12.2,12.5,3700
VALV,20111013,0.98,1,0.88,0.89,224300
VASC,20111013,11.92,12.5,11.74,12.46,40300
VBFC,20111013,1.65,1.65,1.65,1.65,0
VCBI,20111013,6.1,6.12,5.99,6.12,43400
VCIT,20111013,80.1,80.41,80.09,80.25,97400
VCLK,20111013,16.92,17.03,16.69,17.01,481500
VCLT,20111013,82.24,82.91,82.19,82.63,34700
VCSH,20111013,77.51,77.59,77.49,77.53,143500
VDSI,20111013,6,6.02,5.71,5.91,118300
VECO,20111013,26.91,28.01,26.54,27.73,876100
VELT,20111013,8.01,8.7,8.01,8.65,695500
VGIT,20111013,64.83,64.83,64.74,64.74,3100
VGLT,20111013,71.81,72.5,71.81,72,9500
VGSH,20111013,61.04,61.06,61,61.04,9300
VIA,20111013,51.4,51.4,50.56,51.27,9400
VIAB,20111013,42.35,42.81,42.04,42.53,3139400
VIAS,20111013,18.91,19.09,18.5,18.64,2700
VICL,20111013,2.67,2.73,2.61,2.71,260600
VICR,20111013,9.92,10.25,9.8,10.24,63300
VIDE,20111013,4.1,4.34,4.04,4.22,19000
VIFL,20111013,6.11,6.29,6.05,6.24,8100
VIMC,20111013,1.36,1.36,1.29,1.34,15800
VIRC,20111013,1.64,1.64,1.64,1.64,100
VISN,20111013,32.6,35.4,32.6,34,198000
VITC,20111013,5.41,5.45,5.2,5.26,53800
VIVO,20111013,17.04,17.04,16.59,16.75,142100
VLCCF,20111013,16.66,17.23,16.62,17.21,59000
VLGEA,20111013,24.06,24.76,24.01,24.76,3400
VLTR,20111013,20.59,21.57,20.4,21.48,175600
VLYWW,20111013,1.73,1.73,1.73,1.73,0
VMBS,20111013,51.8,51.95,51.58,51.76,43200
VMED,20111013,25.55,25.87,25.28,25.74,3350700
VNDA,20111013,5.54,5.79,5.51,5.74,137400
VNET,20111013,10.99,10.99,10,10.25,148900
VNQI,20111013,44.34,44.55,43.95,44.45,9900
VOCS,20111013,19.49,19.5,18.98,19.16,91700
VOD,20111013,27.11,27.48,27,27.48,6194200
VOLC,20111013,25.3,26.36,25.08,25.76,1837900
VONE,20111013,54.72,54.84,54.41,54.81,2500
VONG,20111013,57.23,57.87,57.21,57.73,2600
VONV,20111013,51.96,52.27,51.68,52.16,4600
VOXX,20111013,5.98,5.98,5.77,5.95,71500
VPFG,20111013,12.53,12.53,12.07,12.38,73200
VPHM,20111013,19.14,19.39,18.9,19.35,405000
VPRT,20111013,30.21,30.86,29.38,30.63,633700
VRA,20111013,37.83,39.17,37.62,38.63,591300
VRML,20111013,1.83,1.84,1.75,1.81,74300
VRNM,20111013,2.67,2.71,2.57,2.71,13000
VRNT,20111013,27.36,27.74,26.91,27.63,62200
VRSK,20111013,35.05,35.13,34.61,34.73,603300
VRSN,20111013,30.46,30.61,29.74,30.04,2844500
VRTA,20111013,1.15,1.15,1.15,1.15,0
VRTB,20111013,1.17,1.17,1.17,1.17,4400
VRTS,20111013,58.7,60.49,58.03,60.07,18100
VRTU,20111013,15.88,15.88,15.13,15.44,60400
VRTX,20111013,43.88,44.2,42.5,43.88,7828100
VSAT,20111013,37.27,37.74,36.5,36.97,165100
VSBN,20111013,10.52,10.52,10.52,10.52,0
VSCI,20111013,1.8,1.95,1.75,1.89,16300
VSCP,20111013,1.1,1.13,1.1,1.13,6500
VSEC,20111013,29.74,30,29.31,30,13200
VTHR,20111013,54.48,54.96,54.32,54.71,11100
VTNC,20111013,4.76,4.83,4.57,4.68,118400
VTSS,20111013,2.43,2.5,2.26,2.42,20200
VTUS,20111013,8.52,8.7,8.45,8.65,7600
VTWG,20111013,57.25,58.03,57.13,57.93,2500
VTWO,20111013,55.29,55.29,54.74,55.25,34900
VTWV,20111013,52.32,52.87,52.32,52.87,600
VVTV,20111013,2.54,2.68,2.44,2.63,332200
VVUS,20111013,8.3,8.51,8.24,8.48,568000
VXUS,20111013,43,43.54,42.77,43.43,33400
VYFC,20111013,5,5,4.83,5,3200
WABC,20111013,42.14,42.14,40.79,41.62,83100
WAFD,20111013,13.43,13.64,13.23,13.46,559300
WASH,20111013,22.04,22.25,21.63,22.16,22500
WAVX,20111013,2.82,2.88,2.82,2.87,100700
WAYN,20111013,8.5,8.5,8.5,8.5,0
WBCO,20111013,11.27,11.4,11.12,11.25,30500
WBKC,20111013,13.85,13.85,13.85,13.85,100
WBMD,20111013,29.83,31.05,29.76,30.76,960600
WBSN,20111013,17.95,18.08,17.68,18.05,271300
WCRX,20111013,15.89,16.24,15.6,16.21,1633000
WDC,20111013,27.08,28.92,27.07,28.66,5091300
WDFC,20111013,42.86,43.43,42.52,43.43,41800
WEBM,20111013,3.36,3.99,3.36,3.5,28700
WERN,20111013,22.54,22.7,21.91,22.56,525900
WETF,20111013,6.49,6.49,6.06,6.21,170900
WEYS,20111013,23.53,23.93,23.47,23.93,3900
WFD,20111013,6.77,6.9,6.77,6.87,39500
WFM,20111013,68.52,69,66.76,67.69,1262100
WIBC,20111013,2.95,2.99,2.86,2.97,119700
WIFI,20111013,7.93,7.97,7.15,7.33,67600
WILC,20111013,5.94,5.94,5.9,5.94,700
WILN,20111013,6.13,6.25,5.97,6.01,41000
WIN,20111013,11.65,11.66,11.5,11.6,4478600
WINA,20111013,48.93,49.8,48.34,48.91,11800
WIRE,20111013,23.12,23.4,22.75,23.06,71000
WLB,20111013,8.4,8.7,8.32,8.66,19400
WLBPZ,20111013,22,22,22,22,0
WLDN,20111013,3.86,3.87,3.86,3.87,1000
WLFC,20111013,10.96,11.35,10.96,11.28,400
WMAR,20111013,8.82,8.9,8.69,8.88,18200
WMGI,20111013,18,18.17,17.67,17.89,421900
WOOD,20111013,36.35,36.5,35.88,36.35,31400
WOOF,20111013,16.91,17.24,16.85,17.14,901300
WPCS,20111013,1.85,1.85,1.85,1.85,5200
WPPGY,20111013,49.9,50.08,49.28,49.89,28000
WPRT,20111013,28.66,28.72,27.28,28.35,696000
WRES,20111013,2.75,2.75,2.61,2.68,296900
WRLD,20111013,60.89,61.43,60.15,60.85,70400
WRLS,20111013,5.8,5.84,5.69,5.77,16000
WSB,20111013,2.23,2.23,2.2,2.2,6400
WSBC,20111013,18.95,18.95,18.37,18.79,69200
WSBF,20111013,2.55,2.7,2.46,2.5,14900
WSCI,20111013,6.05,6.05,5.76,6.05,3800
WSFS,20111013,35.11,35.33,34.48,35.03,20800
WSTG,20111013,10.62,10.75,10.25,10.75,4200
WSTL,20111013,2.41,2.48,2.32,2.39,138800
WTBA,20111013,9.61,9.79,9.6,9.69,25200
WTFC,20111013,29.01,29.01,27.65,28.3,279000
WTFCW,20111013,12.84,13.2,12.07,13.15,2900
WVFC,20111013,10.4,10.4,9.68,9.7,3100
WVVI,20111013,3,3,2.87,2.88,500
WWD,20111013,31.17,31.8,30.53,31.6,293200
WWWW,20111013,8.39,8.42,8.08,8.36,253000
WYNN,20111013,136.88,137.9,129.9,131.28,6072500
XBKS,20111013,3.31,3.31,3.31,3.31,100
XIDE,20111013,4.86,4.99,4.73,4.87,516500
XLNX,20111013,29.32,30.25,29.15,30.04,4199700
XNPT,20111013,5.79,5.89,5.63,5.8,334700
XOMA,20111013,1.8,1.8,1.68,1.72,220600
XRAY,20111013,33.12,33.19,32.38,32.77,1217700
XRTX,20111013,11.83,12.24,11.78,12.1,328800
XTEX,20111013,15.8,16.46,15.71,16.27,107700
XTXI,20111013,13.42,13.89,13.22,13.79,251700
XWES,20111013,2.97,3.03,2.9,3.03,24400
XXIA,20111013,9.11,9.37,9.1,9.27,541200
YAVY,20111013,1.7,1.71,1.68,1.7,7500
YHOO,20111013,15.74,16.37,15.54,15.93,32487200
YNDX,20111013,23.3,24.62,22.73,24.25,422600
YORW,20111013,16.5,16.76,16.25,16.76,25300
YRCW,20111013,0.06,0.06,0.05,0.06,16536600
Z,20111013,25.1,25.75,25.02,25.23,48200
ZAGG,20111013,12.7,13.04,12.5,13,688600
ZBRA,20111013,34,34.46,33.89,34.33,134000
ZEUS,20111013,19.42,19.42,18.28,18.75,27300
ZGNX,20111013,1.9,1.95,1.88,1.93,91600
ZHNE,20111013,1.07,1.12,1.01,1.01,122800
ZIGO,20111013,14.27,14.82,14,14.6,56600
ZINC,20111013,8.61,8.62,8.31,8.45,402800
ZION,20111013,17.18,17.18,16.14,16.84,4057100
ZIONW,20111013,3.44,3.61,3.44,3.61,1300
ZIOP,20111013,4.39,4.58,4.32,4.58,379600
ZIPR,20111013,1.29,1.38,1.29,1.3,6000
ZIXI,20111013,2.81,2.87,2.76,2.81,782400
ZLCS,20111013,1.03,1.04,1.01,1.02,455500
ZN,20111013,2.59,2.6,2.48,2.59,128500
ZOLT,20111013,6.99,7.16,6.79,7.15,126300
ZOOM,20111013,2,2.5,2,2.2,746000
ZUMZ,20111013,21.76,22.1,21.05,21.18,239100
