<ticker>,<date>,<open>,<high>,<low>,<close>,<vol>
AACC,20111213,3.53,3.77,3.44,3.51,12600
AAME,20111213,2,2.05,2,2.02,6000
AAON,20111213,21.35,21.5,20.39,20.51,55600
AAPL,20111213,393,395.4,387.1,388.81,12112000
AAWW,20111213,39.45,39.77,36.31,36.71,198200
AAXJ,20111213,50.29,50.65,49.48,49.74,374700
ABAX,20111213,27.51,27.99,26.49,26.57,106700
ABCB,20111213,10.08,10.15,9.65,9.7,52300
ABCD,20111213,2.8,2.83,2.7,2.75,60100
ABCO,20111213,35.07,36.04,35.07,35.27,44300
ABFS,20111213,18.87,19.02,17.83,17.94,305700
ABIO,20111213,8.4,8.52,8.16,8.34,40000
ABMD,20111213,20.92,21.5,20.34,20.44,438500
ABTL,20111213,3.75,3.9,3.65,3.9,164700
ACAD,20111213,1.05,1.06,1,1.01,101400
ACAS,20111213,6.8,6.83,6.52,6.59,3327800
ACAT,20111213,20.36,20.75,19.3,19.51,151700
ACCL,20111213,6.9,6.94,6.61,6.67,96600
ACET,20111213,6.66,6.68,6.38,6.44,47900
ACFC,20111213,2.24,2.3,2.02,2.12,10800
ACFN,20111213,5.54,5.55,5.4,5.47,30500
ACGL,20111213,36.8,37.07,36.17,36.36,488300
ACHC,20111213,8.25,8.54,7.95,8,48700
ACHN,20111213,7.69,7.9,7.29,7.33,886300
ACIW,20111213,30.07,30.15,28.79,29.01,233800
ACLS,20111213,1.3,1.31,1.22,1.22,248200
ACNB,20111213,13.65,13.65,13.63,13.65,1400
ACOR,20111213,22.61,22.76,21.99,22.04,233200
ACPW,20111213,3.4,3.4,3.1,3.15,928200
ACRX,20111213,2.8,2.83,2.77,2.77,2700
ACTG,20111213,33.19,33.27,30.61,31.16,531700
ACTS,20111213,1.82,1.87,1.79,1.85,57100
ACUR,20111213,3.77,3.85,3.58,3.58,49500
ACWI,20111213,42.43,42.62,41.48,41.59,448500
ACWX,20111213,37.2,37.42,36.38,36.46,325300
ACXM,20111213,12.79,12.91,12.27,12.32,403400
ADAT,20111213,1.5,1.54,1.4,1.54,91500
ADBE,20111213,27.55,27.7,26.89,26.99,8728700
ADEP,20111213,2.76,2.76,2.36,2.49,22100
ADES,20111213,19.65,20,19.5,19.78,72900
ADI,20111213,34.44,34.73,33.73,33.91,4092300
ADP,20111213,52.01,52.47,51.16,51.44,2362500
ADRA,20111213,23,23,23,23,100
ADRD,20111213,18.79,18.79,18.51,18.51,2700
ADRE,20111213,38.86,39.08,38.13,38.3,38600
ADRU,20111213,18.46,18.47,18.28,18.28,500
ADSK,20111213,33.6,33.89,32.5,32.7,3020500
ADTN,20111213,30.26,30.84,28.15,28.59,2478300
ADUS,20111213,3.63,3.64,3.5,3.61,13100
ADVS,20111213,26.1,26.36,25.3,25.4,203400
AEGN,20111213,15.46,15.69,14.98,15.05,255600
AEGR,20111213,16.82,16.9,16.32,16.52,123500
AEHR,20111213,0.68,0.69,0.57,0.69,9400
AEIS,20111213,10.22,10.45,9.89,9.95,269200
AEPI,20111213,25.83,26.06,25.11,25.2,14500
AERL,20111213,5.9,6.07,5.9,5.91,24600
AETI,20111213,4.54,4.56,4.32,4.55,23300
AEY,20111213,2.02,2.1,2.02,2.05,1100
AEZS,20111213,10.62,10.74,10.08,10.08,2542000
AFAM,20111213,14.65,14.65,14.1,14.27,92300
AFCB,20111213,11.7,12,11.7,12,5000
AFCE,20111213,14.7,14.92,14.27,14.39,80300
AFFX,20111213,3.91,4.01,3.85,3.92,1236900
AFFY,20111213,7.85,7.98,7.2,7.3,2482900
AFOP,20111213,7.92,7.96,7.82,7.82,8200
AFSI,20111213,26.28,26.52,25.57,25.75,202600
AGEN,20111213,2.33,2.33,2.28,2.29,40500
AGII,20111213,29.37,29.37,28.84,28.99,106700
AGNC,20111213,29,29.12,28.91,28.98,6679600
AGYS,20111213,8.09,8.25,7.77,7.87,187300
AHGP,20111213,51.08,51.55,50.35,51.48,43200
AHPI,20111213,3.39,3.39,3.39,3.39,0
AIMC,20111213,18.39,18.66,17.8,17.97,184300
AINV,20111213,6.7,6.75,6.42,6.48,2848100
AIRM,20111213,26.6967,27.27,25.78,25.8567,66500
AIRT,20111213,8.51,8.65,8.51,8.65,1300
AIXG,20111213,11.52,11.82,11.2,11.27,96200
AKAM,20111213,27.47,27.91,26.36,26.5,4030700
AKRX,20111213,10.76,11.14,10.64,10.7,1278500
ALCO,20111213,18.25,18.7,18.2,18.2,6900
ALGN,20111213,24.89,24.93,23.57,23.85,478200
ALGT,20111213,52.15,52.71,50.43,50.65,66400
ALIM,20111213,1.83,1.84,1.38,1.45,1177700
ALKS,20111213,15.69,15.94,15.25,15.37,823500
ALLB,20111213,10.05,10.05,9.85,9.85,700
ALLT,20111213,18.63,18.88,17.8,18.08,461000
ALNY,20111213,7.25,7.37,7.12,7.16,201800
ALOG,20111213,54.56,55.35,52.72,53.2,117000
ALOT,20111213,7.53,7.53,7.35,7.35,300
ALSK,20111213,4.96,4.99,4.85,4.86,467500
ALTE,20111213,22.56,22.7,22.09,22.21,460800
ALTI,20111213,0.88,0.88,0.82,0.87,47200
ALTR,20111213,35.82,35.96,34.38,34.66,6628800
ALVR,20111213,10.5,10.7,9.8,10,187500
ALXA,20111213,9.5,10,7.7,7.8,12435600
ALXN,20111213,65.13,65.92,63.34,63.82,1333800
AMAG,20111213,18.69,19.01,18.19,18.23,108500
AMAP,20111213,10.3,10.3,9.97,10.05,12900
AMAT,20111213,10.57,10.66,10.43,10.5,26734400
AMBT,20111213,6.1,6.13,6.1,6.13,4900
AMCC,20111213,6.92,7,6.5,6.54,641600
AMCF,20111213,3.31,3.33,3.27,3.33,4400
AMCN,20111213,3.65,3.91,3.51,3.71,454000
AMCX,20111213,35.92,36.35,35.5,35.91,263400
AMED,20111213,10.6,10.6,9.95,10.06,470400
AMGN,20111213,57.7,58.38,57.31,57.43,6843500
AMIC,20111213,4.04,4.24,3.7,4.21,6000
AMKR,20111213,4.38,4.41,4.16,4.16,2241900
AMNB,20111213,18.55,18.71,18.43,18.64,6800
AMOT,20111213,5.71,5.8,5.7,5.7,1900
AMOV,20111213,22.57,22.73,22.18,22.18,3900
AMPE,20111213,7.19,7.19,5,5,504400
AMRB,20111213,4.79,4.85,4.71,4.72,3000
AMRI,20111213,2.29,2.34,2.25,2.32,202300
AMRN,20111213,7.02,7.09,6.63,6.74,1214100
AMRS,20111213,11.22,11.35,11.16,11.3,167000
AMSC,20111213,4.04,4.07,3.87,3.9,524600
AMSF,20111213,23.1,23.37,22.47,22.63,44000
AMSG,20111213,26.4,26.43,25.64,25.75,260500
AMSWA,20111213,8.91,8.97,8.66,8.7,106200
AMWD,20111213,11.65,11.7,11.11,11.22,20600
AMZN,20111213,188.56,189.68,178.5,180.51,9306200
ANAC,20111213,5.68,6.16,5.62,5.96,311900
ANAD,20111213,2.25,2.25,2.02,2.06,353600
ANAT,20111213,71.35,71.57,70.2,70.43,8900
ANCB,20111213,6.2,6.2,6.2,6.2,6000
ANCI,20111213,1.35,1.41,1.26,1.26,25300
ANCX,20111213,8.3,8.56,8.27,8.56,3300
ANDE,20111213,43.67,44.26,42.37,42.64,101100
ANEN,20111213,17.2,17.2,16.4,16.51,127800
ANGI,20111213,17.97,17.97,16.17,16.75,467400
ANGO,20111213,15,15.06,14.36,14.43,68900
ANIK,20111213,8.8,8.8,8.6,8.62,42800
ANLY,20111213,5.45,5.46,5,5.05,41700
ANSS,20111213,60.66,61.01,59.18,59.4,308300
ANTH,20111213,6.66,6.75,6.37,6.4,69500
ANTP,20111213,1.86,2.1,1.85,1.9,8600
AOSL,20111213,7.98,8.03,7.71,7.79,161700
APAGF,20111213,84,84.2,79.91,80.01,26600
APEI,20111213,39.72,40.28,39.32,39.77,240000
APFC,20111213,7.87,7.89,7.61,7.61,1400
APOG,20111213,11.15,11.24,10.45,10.57,132000
APOL,20111213,50.94,51.32,49.74,50.04,1837900
APPY,20111213,9.24,9.9,8.46,9.66,19400
APRI,20111213,5.34,5.4,5.02,5.12,98500
APSA,20111213,15.49,15.49,13.87,14.99,2800
APWC,20111213,3.02,3.02,2.79,2.8,2000
ARAY,20111213,4.1,4.1,3.93,3.95,393400
ARCC,20111213,15.13,15.3,14.8,14.95,1623400
ARCI,20111213,5.24,5.38,5.23,5.38,17800
ARCP,20111213,10.36,10.4,10.24,10.38,56400
ARCW,20111213,3.01,3.01,3,3,1300
ARDNA,20111213,93.84,93.84,90.1,90.1,700
AREX,20111213,30.48,31.75,29.23,29.58,381900
ARIA,20111213,11.47,11.62,10.92,11.01,2669800
ARII,20111213,23.69,23.85,21.9,22.14,101600
ARKR,20111213,13.5,13.53,13.16,13.22,4400
ARLP,20111213,72.11,72.49,70.31,71.99,68700
ARMH,20111213,26.86,27.09,26,26.2,2564800
ARNA,20111213,2.25,2.36,2.03,2.13,4725700
AROW,20111213,23.22,23.3,22.55,22.6,21500
ARQL,20111213,5.52,5.64,5.26,5.29,210200
ARRS,20111213,10.42,10.48,10.12,10.16,720800
ARRY,20111213,2.38,2.39,2.27,2.27,173700
ARTC,20111213,29.84,30.48,29.65,29.79,197900
ARTNA,20111213,18.37,18.37,17.94,17.95,14600
ARTW,20111213,5.61,5.68,5.55,5.68,2500
ARTX,20111213,1.26,1.28,1.17,1.17,31800
ARUN,20111213,21.07,21.38,20.33,20.57,1969500
ASBB,20111213,11.68,11.74,11.68,11.74,4100
ASBC,20111213,10.45,10.49,10.08,10.19,1917200
ASBCW,20111213,0.95,0.95,0.95,0.95,0
ASBI,20111213,3.9,3.9,3.9,3.9,500
ASCA,20111213,17.52,17.76,16.82,16.92,436500
ASCMA,20111213,50.23,50.7,48.32,48.36,23000
ASEI,20111213,70.12,70.84,68.32,69.39,34100
ASFI,20111213,7.86,7.9,7.69,7.77,29600
ASIA,20111213,8.55,8.55,7.9,8.01,417200
ASMI,20111213,27.05,27.16,26.03,26.14,14800
ASML,20111213,39.82,40.25,38.93,39.11,2132100
ASNA,20111213,14.31,14.39,13.78,13.825,696000
ASPS,20111213,50.99,51.32,50.64,50.7,138100
ASRV,20111213,1.92,1.93,1.9,1.91,11900
ASRVP,20111213,25.5,25.5,25.5,25.5,0
ASTC,20111213,0.66,0.66,0.64,0.65,16100
ASTE,20111213,33.74,34.17,32.39,32.51,80200
ASTI,20111213,0.61,0.66,0.58,0.6,107200
ASTM,20111213,2.06,2.09,2.03,2.06,242900
ASTX,20111213,1.66,1.69,1.62,1.63,208900
ASUR,20111213,3.2533,3.8133,3.1667,3.3333,60300
ASYS,20111213,8.52,8.68,8,8.12,108900
ATAI,20111213,9.16,9.2,8.9,8.9,6000
ATAX,20111213,5.09,5.09,5,5.03,78800
ATEA,20111213,3.1,3.34,2.9,3.23,2500
ATEC,20111213,1.6,1.63,1.58,1.59,335800
ATHN,20111213,60.39,62.58,59.43,59.89,725500
ATHX,20111213,2.2,2.26,1.91,1.99,175100
ATLO,20111213,17.7,17.83,17.45,17.5,15900
ATMI,20111213,20.08,20.2,19.29,19.4,159300
ATML,20111213,8.64,8.75,8.15,8.2,10827900
ATNI,20111213,41.25,41.31,39.78,39.94,75100
ATNY,20111213,3.35,3.5,3.3,3.3,11400
ATRC,20111213,9.9,10.08,9.81,10.01,64800
ATRI,20111213,242.01,244.3,235.71,235.71,2400
ATRM,20111213,0.66,0.69,0.62,0.69,14500
ATRO,20111213,35.83,36.41,34.95,35.03,27200
ATSG,20111213,5.01,5.11,4.76,4.77,166000
ATVI,20111213,12.23,12.3,11.93,11.98,8336900
ATX,20111213,10.99,10.99,10.6,10.61,36100
AUBN,20111213,19.34,19.34,19.25,19.25,700
AUDC,20111213,3.67,3.71,3.54,3.55,116100
AUXL,20111213,17.51,18.6,17.51,17.99,458600
AVAV,20111213,31.61,32.1,30.65,30.83,113300
AVEO,20111213,16.95,17.02,16.12,16.22,230300
AVGO,20111213,29.54,30.09,29.07,29.24,3292700
AVID,20111213,7.58,7.8,7.4,7.45,113500
AVNR,20111213,2.33,2.4,1.99,1.99,4140500
AVNW,20111213,1.8,1.82,1.72,1.73,353200
AWAY,20111213,24.47,24.47,23.51,23.77,460300
AWRE,20111213,3.05,3.11,2.9,2.97,5000
AXAS,20111213,3.51,3.57,3.16,3.21,1516100
AXFN,20111213,18.55,18.97,18.55,18.55,300
AXTI,20111213,3.88,3.94,3.7,3.75,190900
AZPN,20111213,18.14,18.36,17.23,17.33,555700
BABY,20111213,8.49,8.92,8.49,8.77,244300
BAGL,20111213,14.3,14.3,13.76,13.84,13900
BAMM,20111213,2.19,2.32,2.19,2.32,48200
BANC,20111213,11.8,12.01,10.97,11.16,16000
BANF,20111213,36.81,37.05,35.23,35.41,13400
BANFP,20111213,26.99,26.99,26.99,26.99,100
BANR,20111213,16.07,16.85,15.95,16.53,123100
BASI,20111213,1.5,1.55,1.5,1.55,9600
BBBY,20111213,62.67,62.77,60.82,61.13,1395100
BBCN,20111213,9.15,9.2,8.69,8.75,462000
BBEP,20111213,17.95,18,17.42,17.49,578400
BBGI,20111213,3.5,3.74,3.5,3.52,800
BBNK,20111213,9.92,9.98,9.39,9.42,13300
BBOX,20111213,29.11,29.67,27.83,27.97,68900
BBRG,20111213,15.26,15.64,14.86,14.93,223700
BBRY,20111213,16.19,16.28,15.32,15.48,24477800
BBSI,20111213,19,19.15,18.4,18.48,28700
BCBP,20111213,9.97,9.97,9.97,9.97,0
BCOM,20111213,15.15,15.96,14.85,15.58,2200
BCPC,20111213,40.93,41.49,39.32,39.77,66000
BCRX,20111213,2.59,2.61,2.45,2.48,106700
BCSB,20111213,10.71,10.87,10,10,26800
BDE,20111213,7.6,7.79,7.25,7.29,40900
BDGE,20111213,18.85,19.16,18.66,18.78,10100
BDMS,20111213,16,16,16,16,0
BDSI,20111213,1.05,1.05,1,1.01,143400
BEAT,20111213,2.29,2.4,2.2,2.22,207200
BEAV,20111213,37.9,38.2,36.52,36.8,717600
BEBE,20111213,8.08,8.21,8.02,8.09,758500
BECN,20111213,18.82,18.87,17.93,18.04,321800
BELFA,20111213,21.53,21.53,20.6,21.09,2500
BELFB,20111213,19.28,19.61,18.61,18.8,24400
BERK,20111213,7.19,7.27,7.1,7.15,1900
BFIN,20111213,5.46,5.58,5.33,5.36,49600
BFLY,20111213,2.15,2.19,2.05,2.19,1600
BGCP,20111213,6.03,6.12,5.78,5.86,684400
BGFV,20111213,9.84,9.86,9.5,9.59,72800
BGMD,20111213,3.81,3.87,3.7,3.7,8100
BIB,20111213,32.32,32.7,31.34,31.34,2000
BICK,20111213,23.73,23.73,23.22,23.22,8900
BIDU,20111213,127.74,128.38,121.66,122.22,6812300
BIIB,20111213,110.86,112.04,109.94,110.09,1186900
BIOD,20111213,2.72,2.8,2.6,2.68,160100
BIOF,20111213,12.6,12.6,11.6,11.8,1006300
BIOS,20111213,5.55,5.68,5.35,5.39,254500
BIRT,20111213,6.17,6.23,5.78,5.8,164500
BIS,20111213,35.26,35.61,35.26,35.61,500
BJRI,20111213,46.99,47.34,45.34,45.53,333400
BKCC,20111213,8.79,8.81,8.55,8.56,469100
BKEP,20111213,6.12,6.12,6,6,34100
BKEPP,20111213,7.8,7.8,7.73,7.73,4600
BKMU,20111213,3.38,3.42,3.17,3.23,74800
BKOR,20111213,2.89,2.89,2.89,2.89,0
BKSC,20111213,9.8,9.8,9.8,9.8,200
BKYF,20111213,20.57,20.57,19.53,19.53,8000
BLDP,20111213,1.23,1.23,1.17,1.19,53600
BLDR,20111213,1.97,1.98,1.8,1.82,84700
BLIN,20111213,0.53,0.6,0.51,0.6,19100
BLKB,20111213,29.55,29.78,28.37,28.56,242300
BLMT,20111213,10.35,10.36,10.32,10.35,22700
BLRX,20111213,3.27,3.27,3.27,3.27,500
BMC,20111213,34.44,34.98,33.6,33.73,2429200
BMRC,20111213,36.13,36.8,35.1,35.2,19200
BMRN,20111213,33.28,33.55,32.18,32.31,793900
BMTC,20111213,18.7,18.95,18.42,18.5,26600
BNCL,20111213,8.56,8.7,8.3,8.37,74700
BNCN,20111213,7.2,7.2,7.2,7.2,1200
BNSO,20111213,1.22,1.22,1.22,1.22,0
BOBE,20111213,32.29,32.69,31.7,31.79,266200
BOCH,20111213,3.37,3.39,3.26,3.26,2900
BODY,20111213,22.34,22.5,21.41,21.59,122200
BOFI,20111213,16.19,16.19,15.76,16,68800
BOKF,20111213,54.95,55.22,53.44,53.76,85700
BOLT,20111213,11.43,11.49,11.27,11.28,33100
BONA,20111213,4.16,4.22,3.98,4.17,86300
BONT,20111213,3.38,3.38,3.04,3.12,181300
BOOM,20111213,21.36,21.57,19.81,20.14,69800
BOSC,20111213,3.04,3.04,3.04,3.04,500
BPAX,20111213,15.36,15.96,15.06,15.12,2108700
BPFH,20111213,8.04,8.07,7.61,7.7,563300
BPFHW,20111213,3.1,3.1,3.1,3.1,0
BPHX,20111213,0.68,0.8,0.68,0.71,284400
BPOP,20111213,12.8,13,12.2,12.5,12687300
BPOPM,20111213,17.49,17.49,17.39,17.39,200
BPOPN,20111213,17.35,17.7,17.11,17.7,3300
BRCD,20111213,5.56,5.66,5.4,5.44,7158000
BRCM,20111213,29.6,29.61,28.05,28.19,12394300
BRID,20111213,8.69,8.83,8.69,8.78,1100
BRKL,20111213,8.05,8.27,7.83,7.88,299600
BRKR,20111213,12.43,12.49,12.08,12.15,701700
BRKS,20111213,10.18,10.43,9.92,10.01,374700
BRLI,20111213,14.42,14.86,14.23,14.4,560600
BSDM,20111213,2.21,2.23,2.13,2.14,13100
BSET,20111213,8.05,8.05,7.75,8,6700
BSFT,20111213,37.3,37.89,35.86,36.24,455700
BSPM,20111213,1.8,1.8,1.59,1.74,94300
BSQR,20111213,3.78,3.84,3.75,3.75,24100
BSRR,20111213,9.62,9.62,9.03,9.14,17800
BSTC,20111213,16.53,17,16.27,16.68,12500
BTUI,20111213,2.82,2.87,2.7,2.75,3600
BUR,20111213,7.59,7.59,7.59,7.59,900
BUSE,20111213,5.17,5.22,4.94,4.97,120600
BVSN,20111213,9.52,10.18,9.25,9.99,316300
BWEN,20111213,9,9.2,8.2,8.5,2297400
BWINA,20111213,22.23,22.25,22.23,22.25,700
BWINB,20111213,21.73,21.73,21.06,21.21,9800
BWLD,20111213,62.8,63.34,60.43,60.5,452400
BYFC,20111213,1.84,1.84,1.84,1.84,0
CA,20111213,21.24,21.44,20.63,20.73,3887600
CAAS,20111213,4.19,4.23,4,4,25700
CAC,20111213,30.55,30.64,29.43,29.48,14500
CACB,20111213,4.46,4.49,4.11,4.19,8800
CACC,20111213,91.46,93.1,89.93,91.03,40300
CACH,20111213,6.19,6.27,6,6.26,8700
CADC,20111213,2.29,2.3,2.28,2.28,28300
CADX,20111213,3.81,3.9,3.69,3.72,363300
CAFI,20111213,1.21,1.21,1.2,1.2,5000
CAKE,20111213,28.29,28.57,27.57,27.63,739000
CALD,20111213,5.8,6.02,5.75,5.82,132300
CALI,20111213,6.18,6.18,5.46,6.06,5000
CALL,20111213,12,12.115,11.435,11.525,74700
CALM,20111213,34.5,34.64,33.49,33.57,94400
CAMP,20111213,4.28,4.38,4.1,4.14,133200
CAMT,20111213,1.83,1.86,1.8,1.81,28700
CAR,20111213,11.46,11.59,10.89,10.96,1618100
CARB,20111213,12.46,13.46,12.34,13.09,72000
CART,20111213,2.39,2.39,2.19,2.39,1000
CARV,20111213,12.47,12.47,11,11.5,4400
CARZ,20111213,23.05,23.05,23.05,23.05,0
CASH,20111213,14.77,14.77,14.77,14.77,500
CASM,20111213,1.69,1.7,1.58,1.7,600
CASS,20111213,36.64,36.91,34.51,34.78,10200
CASY,20111213,48.62,49,47.75,47.85,284600
CATM,20111213,26.54,27.3,25.83,25.98,328600
CATY,20111213,13.48,13.78,13.2,13.36,446800
CAVM,20111213,29.42,29.84,28.21,28.7,862700
CBAK,20111213,4.25,4.25,4.15,4.2,68000
CBAN,20111213,2.16,2.75,2.14,2.22,2500
CBEY,20111213,7.8,7.81,7.5,7.52,194700
CBIN,20111213,9.55,9.55,9.5,9.5,1200
CBLI,20111213,2.9,2.98,2.72,2.78,141200
CBMX,20111213,14.1,16.1,14.1,15.1,6000
CBMXW,20111213,1.7,1.7,1.7,1.7,100
CBNJ,20111213,7.28,7.38,7.06,7.08,10500
CBNK,20111213,13.81,13.81,13.3,13.7,3700
CBOE,20111213,26.06,26.3,25.48,25.63,599800
CBPO,20111213,11.42,11.75,11.25,11.62,38800
CBRL,20111213,50.34,50.37,49.4,49.54,252700
CBRX,20111213,2.27,2.3,2.16,2.17,360600
CBSH,20111213,37.27,37.51,36.34,36.55,295500
CBST,20111213,37.26,37.98,37.11,37.33,497400
CCBG,20111213,10.74,10.84,10.7,10.8,45700
CCCL,20111213,2.68,2.76,2.67,2.67,7300
CCIH,20111213,4.25,4.33,4.15,4.24,69700
CCIX,20111213,8.6,8.75,8.42,8.5,38800
CCMP,20111213,47.57,50.7,45.79,45.99,1411400
CCNE,20111213,15.36,15.36,14.91,14.97,11800
CCOI,20111213,17.45,17.74,17.36,17.52,708600
CCRN,20111213,5.4,5.4,4.87,5.13,134200
CCUR,20111213,3.45,3.49,3.4,3.45,26000
CDNS,20111213,10.67,10.75,10.27,10.33,1903400
CDTI,20111213,2.85,2.86,2.71,2.73,82300
CDXS,20111213,5.69,5.7,5.22,5.31,118900
CDZI,20111213,9.58,9.6,8.93,8.98,22300
CECE,20111213,5.99,6.03,5.84,5.98,9400
CECO,20111213,7.26,7.37,6.86,6.93,1187900
CEDU,20111213,5.9,5.9,5.55,5.86,21900
CELG,20111213,64.04,64.71,63.7,63.96,4324500
CELGZ,20111213,1.4,1.4,1.32,1.32,91800
CENT,20111213,8.08,8.09,7.77,7.88,53900
CENTA,20111213,8.26,8.31,7.96,8.09,235300
CENX,20111213,9.84,9.92,9.04,9.15,1672200
CERN,20111213,59.31,59.99,57.53,57.66,1589200
CERS,20111213,3.1,3.13,2.99,3.02,367300
CETV,20111213,7.79,7.84,7.51,7.53,530200
CEVA,20111213,27.81,28.27,27.02,27.09,305000
CFBK,20111213,3.8,3.85,3.55,3.55,2000
CFFI,20111213,22.55,23.55,22.55,22.92,2300
CFFN,20111213,11.29,11.42,11.22,11.28,846000
CFNB,20111213,15.32,15.65,15.21,15.21,2200
CFNL,20111213,11,11,10.38,10.57,187800
CGEN,20111213,4.5,4.6,4.45,4.48,207000
CGNX,20111213,36.34,36.57,34.91,35.11,268000
CHCI,20111213,1.12,1.12,1.06,1.07,10400
CHCO,20111213,32.54,33.21,31.81,31.95,49900
CHDN,20111213,48.82,49.39,47.5,47.51,20500
CHDX,20111213,8.74,9.39,8.4,8.46,47000
CHEF,20111213,15.81,15.81,15.12,15.35,240900
CHEV,20111213,8.02,8.13,7.89,7.96,4300
CHFC,20111213,20.41,20.69,19.9,20.01,61100
CHFN,20111213,9.54,9.65,9.17,9.17,7000
CHKE,20111213,11.69,12.14,11.59,11.81,94200
CHKP,20111213,53.71,54.13,52.73,52.92,1892200
CHLN,20111213,1.13,1.15,1.09,1.13,29500
CHNR,20111213,9.11,9.2,8.88,8.88,3300
CHOP,20111213,3.49,3.51,3.43,3.48,69000
CHRM,20111213,9.53,9.53,9.53,9.53,200
CHRW,20111213,67.99,68.53,66.28,66.7,733500
CHSCP,20111213,29.7,29.7,29.6,29.69,11300
CHTP,20111213,5.23,5.32,5.11,5.13,309600
CHTR,20111213,53.4,53.97,52.47,52.67,190500
CHYR,20111213,1.22,1.33,1.21,1.3,4700
CIDM,20111213,1.45,1.47,1.37,1.44,24700
CIEN,20111213,11.82,11.97,11.12,11.27,3809800
CIMT,20111213,3.27,3.34,3.22,3.29,1700
CINF,20111213,29.63,29.99,29.2,29.43,1576800
CISG,20111213,6.7,7.14,6.7,6.93,609700
CITZ,20111213,4.29,4.3,4.12,4.2,13400
CIZN,20111213,17.3,17.3,17.12,17.12,1300
CJJD,20111213,1.25,1.25,1.11,1.19,41400
CKEC,20111213,7.27,7.45,7.09,7.34,122200
CKSW,20111213,9.62,9.62,9.36,9.4,128400
CLBH,20111213,2.55,2.55,2.55,2.55,0
CLCT,20111213,14.06,14.2,13.84,13.86,21100
CLDX,20111213,2.82,2.82,2.67,2.68,132400
CLFD,20111213,5.86,5.86,5.71,5.78,16200
CLMS,20111213,13.1,13.22,12.54,12.64,89300
CLMT,20111213,19.3,19.57,18.82,18.9,234600
CLNE,20111213,12.5,12.67,11.81,11.91,744100
CLNT,20111213,0.28,0.28,0.24,0.25,7400
CLRO,20111213,4.31,4.31,4.17,4.17,15200
CLSN,20111213,2.05,2.1,1.95,1.97,288400
CLUB,20111213,7.23,7.23,6.87,6.92,78400
CLVS,20111213,13.2,13.21,12.31,12.9,92300
CLWR,20111213,2.21,2.25,2.14,2.15,19222600
CLWT,20111213,3.355,3.355,3.355,3.355,0
CMCO,20111213,12.81,13.02,12.26,12.33,36900
CMCSA,20111213,23.52,23.68,23.08,23.19,18070300
CMCSK,20111213,23.28,23.47,22.97,23.04,8172900
CME,20111213,244.45,245.74,238.24,241,421000
CMLS,20111213,3.16,3.2,3.1,3.14,190800
CMSB,20111213,8.68,8.81,8.44,8.78,1200
CMTL,20111213,29.25,29.71,28.84,28.98,423800
CNBC,20111213,9.63,9.76,9.5,9.5,24300
CNBKA,20111213,26.76,27.02,26.32,26.32,4400
CNET,20111213,1.12,1.18,1.1,1.18,5300
CNIT,20111213,0.83,0.88,0.8,0.8,156700
CNMD,20111213,25.35,25.75,24.79,24.89,91800
CNQR,20111213,52.69,53.04,50.58,50.96,560400
CNSL,20111213,18.46,18.93,18.46,18.53,117600
CNTF,20111213,1.71,1.76,1.66,1.66,92300
CNTY,20111213,2.32,2.4,2.31,2.35,6600
CNYD,20111213,2.95,2.95,2.95,2.95,0
COBK,20111213,12.35,12.4,12.35,12.35,32200
COBR,20111213,4.36,4.45,4.2,4.33,41100
COBZ,20111213,5.66,5.71,5.54,5.57,81300
COCO,20111213,2.5,2.62,2.21,2.27,1473100
COGO,20111213,1.8,1.83,1.79,1.8,114200
COHR,20111213,52.95,54.19,52.5,52.95,115700
COHU,20111213,10.97,11.2,10.58,10.71,58400
COKE,20111213,54.61,55.42,53.72,53.72,29500
COLB,20111213,18.92,19.18,18.24,18.36,230300
COLM,20111213,50.12,50.5,47.45,47.81,192300
CONN,20111213,12.65,12.97,11.71,11.75,675500
COOL,20111213,3,3.1,2.9,2.92,534000
CORE,20111213,39.96,40.52,39.6,39.85,98700
CORT,20111213,3.42,3.49,3.34,3.39,194300
COSI,20111213,0.72,0.75,0.66,0.66,148900
COST,20111213,84.6,84.71,83.38,83.63,2491100
COWN,20111213,2.66,2.7,2.57,2.59,416100
CPBC,20111213,4.7,4.7,4.6,4.69,1400
CPGI,20111213,1.11,1.11,1.04,1.05,45600
CPHC,20111213,12.49,12.49,12.03,12.1,600
CPHD,20111213,32.26,33.31,31.1,31.24,577100
CPIX,20111213,5.87,5.87,5.5,5.76,244600
CPLA,20111213,33.68,34.34,33.31,33.4,153400
CPLP,20111213,6.31,6.36,6.12,6.13,92200
CPNO,20111213,33.95,34.11,33.75,33.88,166100
CPRT,20111213,22.905,23.25,22.555,22.64,601200
CPRX,20111213,1.1,1.12,1.03,1.07,140700
CPSI,20111213,47.37,48.09,46.72,46.82,113300
CPSL,20111213,4.8,5.04,4.68,4.8,60400
CPSS,20111213,1.02,1.03,0.98,1.03,11200
CPST,20111213,1.03,1.06,1,1,2033100
CPTS,20111213,12.88,13.09,12.68,12.83,244500
CPWR,20111213,8.29,8.47,8.16,8.2,2026200
CRAI,20111213,19.27,19.73,19.13,19.38,24400
CRAY,20111213,6.26,6.37,6.17,6.2,166000
CRDC,20111213,2.32,2.36,2.23,2.23,24300
CRDS,20111213,5.96,5.96,5.25,5.5,12400
CREE,20111213,23.3,23.5,22.25,22.39,2887800
CREG,20111213,1.25,1.34,1.12,1.12,28200
CRESW,20111213,0.07,0.07,0.07,0.07,5100
CRESY,20111213,11.51,11.74,11.33,11.36,121700
CRFN,20111213,4.59,4.61,4.59,4.59,10000
CRIS,20111213,3.87,4,3.84,3.97,480200
CRMB,20111213,4.07,4.2,4.05,4.11,11200
CRMBU,20111213,3.95,3.95,3.95,3.95,0
CRMBW,20111213,0.23,0.23,0.2,0.21,14400
CRME,20111213,9.85,10,9.8,9.8,101000
CRMT,20111213,39.15,39.81,38.65,39.06,61100
CRNT,20111213,8.1,8.1,7.69,7.84,134100
CROX,20111213,15.87,16.04,14.8,15.05,2335700
CRRB,20111213,3.26,3.29,3.26,3.29,1100
CRRC,20111213,10.5,10.77,10.36,10.43,56300
CRTX,20111213,5.29,5.37,5.02,5.08,13500
CRUS,20111213,16.42,16.56,15.65,15.77,1384700
CRVL,20111213,44.2,44.47,43.14,43.76,16500
CRWN,20111213,1.39,1.39,1.25,1.26,169500
CRWS,20111213,3.44,3.55,3.38,3.46,14400
CRZO,20111213,28.88,29.23,27.27,27.55,864700
CSBK,20111213,9.79,9.79,9.35,9.38,36300
CSCD,20111213,3.19,3.22,3.05,3.07,138800
CSCO,20111213,18.59,18.85,18.34,18.47,48006800
CSFL,20111213,5.63,5.69,5.5,5.51,53000
CSGP,20111213,65.64,66.37,64.2,64.72,114800
CSGS,20111213,14.97,15.16,14.61,14.66,192000
CSII,20111213,8.96,9.15,8.7,8.72,77300
CSIQ,20111213,2.63,2.7,2.43,2.44,358900
CSOD,20111213,18.44,18.59,18.26,18.34,491100
CSPI,20111213,3.37,3.49,3.15,3.38,18800
CSRE,20111213,11.36,11.55,11.23,11.29,9100
CSTR,20111213,45.53,46.11,44.2,44.36,576500
CSUN,20111213,0.6,0.6,0.52,0.56,102100
CSWC,20111213,83.15,83.78,80.8,81,5200
CTAS,20111213,30.15,30.47,29.82,30,831200
CTBI,20111213,28.63,28.95,27.95,28.11,37200
CTCH,20111213,3.55,3.64,3.55,3.6,65200
CTCM,20111213,9.39,9.5,9.09,9.17,301500
CTCT,20111213,25.2,25.62,24.73,25.37,715800
CTGX,20111213,13.45,13.67,12.96,13.01,37400
CTHR,20111213,2.59,2.65,2.52,2.59,8600
CTIB,20111213,4.9,4.9,4.9,4.9,0
CTIC,20111213,5.75,5.75,5.5,5.5,1581000
CTRN,20111213,8.38,8.44,8.25,8.25,103400
CTRP,20111213,23.26,24.11,23.21,23.61,3774900
CTRX,20111213,28.575,28.765,28.085,28.25,308700
CTSH,20111213,67.75,68.68,66.42,66.91,1741800
CTWS,20111213,27.63,27.7,26.92,26.94,18800
CTXS,20111213,69.42,69.99,66.06,66.37,1787400
CU,20111213,30.91,31.15,29.55,29.69,22400
CUBA,20111213,6.27,6.45,6.21,6.22,18900
CUTR,20111213,7.2,7.23,7.01,7.06,182700
CVBF,20111213,9.84,9.87,9.44,9.52,707700
CVCO,20111213,42.84,43.16,39.34,39.81,64600
CVCY,20111213,5.7,5.7,5.7,5.7,0
CVGI,20111213,11.26,11.42,9.79,9.97,183900
CVGW,20111213,25.86,26,25,25.01,40100
CVLT,20111213,48.24,48.94,46.64,46.84,358500
CVLY,20111213,8.25,8.25,8.25,8.25,100
CVTI,20111213,2.95,2.96,2.83,2.85,16100
CVV,20111213,15.02,15.2,14.41,14.53,85300
CWBC,20111213,1.64,1.7,1.64,1.65,1000
CWCO,20111213,7.93,8.05,7.78,7.81,79000
CWEI,20111213,83.04,84.92,76.9,78.44,104600
CWST,20111213,6.42,6.47,6.25,6.25,55500
CWTR,20111213,4.4,4.56,4.2,4.4,669200
CXDC,20111213,4.99,5.05,4.9,4.94,70600
CXPO,20111213,2.7,2.78,2.67,2.7,130400
CY,20111213,17.69,17.81,16.65,16.72,5370500
CYAN,20111213,8.48,8.7,8.15,8.7,54100
CYBE,20111213,7.02,7.02,6.85,6.98,5600
CYBX,20111213,32.17,32.99,31.6,31.77,249600
CYCC,20111213,4.69,4.9,4.41,4.48,202200
CYCCP,20111213,3.02,3.02,3.02,3.02,0
CYMI,20111213,47.08,48.05,46,46.32,252000
CYNO,20111213,12.18,12.19,11.29,11.38,20200
CYOU,20111213,23.59,23.78,22.85,23.18,100700
CYTK,20111213,0.99,1.01,0.98,1,69300
CYTR,20111213,2.24,2.24,2.1,2.1,316900
CYTX,20111213,2.32,2.35,2.06,2.08,457100
CYTXW,20111213,1.25,1.28,1.2,1.2,2100
CZFC,20111213,6.51,6.52,6.25,6.52,4000
CZNC,20111213,17.24,17.47,16.86,16.93,26100
CZWI,20111213,5.06,5.15,5,5.13,4800
DAEG,20111213,2,2,1.67,1.95,300
DAIO,20111213,4.09,4.09,4.09,4.09,0
DAKT,20111213,9.86,9.97,9.47,9.55,88400
DARA,20111213,1.26,1.28,1.15,1.15,8600
DATE,20111213,6.64,6.97,6.55,6.57,165200
DAVE,20111213,9.27,9.33,9.15,9.15,2800
DBLE,20111213,7.18,7.32,6.6,6.73,192500
DBLEP,20111213,25.95,25.99,25.95,25.99,1400
DCIX,20111213,4.73,4.8,4.64,4.68,88400
DCOM,20111213,11.9,12.12,11.53,11.6,117800
DCTH,20111213,2.3,2.32,2.15,2.15,426800
DECK,20111213,102.57,103.18,98.32,99.15,1108000
DELL,20111213,15.56,15.67,15.1,15.19,20617100
DENN,20111213,3.35,3.56,3.34,3.42,948100
DEPO,20111213,4.53,4.6,4.38,4.4,321100
DEST,20111213,15.95,16.27,15.81,15.85,110400
DFZ,20111213,12.77,12.77,12.04,12.12,12500
DGAS,20111213,16.725,16.725,16.245,16.5,4300
DGICA,20111213,14,14.31,14,14.08,21600
DGICB,20111213,15.84,15.84,15.84,15.84,0
DGII,20111213,10.51,10.82,10.15,10.22,100700
DGIT,20111213,12.76,12.93,12.13,12.27,490600
DGLY,20111213,0.74,0.74,0.7,0.74,4200
DHIL,20111213,71.01,71.74,70.35,70.35,9700
DHRM,20111213,1.56,1.65,1.55,1.65,20700
DIOD,20111213,20.39,20.86,19.61,19.79,249300
DISCA,20111213,41.62,42.09,41.07,41.22,1472400
DISCB,20111213,41.96,41.96,41.96,41.96,0
DISCK,20111213,37.72,38.34,37.5,37.7,365300
DISH,20111213,25.84,26.55,25.84,26.25,3700400
DJCO,20111213,65.8,65.99,65.8,65.99,500
DLGC,20111213,5.95,5.95,5.1,5.15,29600
DLIA,20111213,1.32,1.32,1.3,1.3,22000
DLLR,20111213,18.05,18.23,16.98,17.3,395700
DLTR,20111213,41.64,41.745,40.57,40.74,1601000
DMLP,20111213,22.24,22.72,22.13,22.22,115100
DMND,20111213,32.3,33,29.51,29.69,3706800
DMRC,20111213,25.19,25.3,24.33,24.48,15000
DNBF,20111213,10.47,10.47,10.47,10.47,0
DNDN,20111213,7.56,7.66,7.1,7.17,5590800
DNKN,20111213,25.47,25.69,24.75,24.88,1169500
DORM,20111213,19.61,20.05,19.15,19.27,52700
DOVR,20111213,3.65,3.65,3.65,3.65,0
DRAD,20111213,1.83,1.89,1.8,1.86,36500
DRAM,20111213,6.18,6.18,5.82,6.12,2800
DRCO,20111213,10.64,10.82,10.45,10.56,33100
DRIV,20111213,15.16,15.22,14.75,14.78,825100
DRRX,20111213,1.29,1.36,1.28,1.28,262600
DRWI,20111213,4.19,4.22,3.84,3.91,347600
DRYS,20111213,2.29,2.32,2.13,2.15,5122400
DSCI,20111213,7.85,8.03,7.85,7.99,9700
DSCO,20111213,1.75,1.79,1.7,1.7,64900
DSGX,20111213,7.2,7.2,7.05,7.1,1300
DSPG,20111213,5.91,5.91,5.55,5.59,105800
DSWL,20111213,2.21,2.3,2.16,2.2,15100
DTLK,20111213,7.9,7.93,7.54,7.59,152900
DTSI,20111213,27.65,27.67,26.36,26.66,74900
DTV,20111213,46.75,47.08,45.85,45.99,5607600
DVAX,20111213,3.11,3.23,3.1,3.13,786600
DVOX,20111213,3.9,3.97,3.63,3.67,65400
DWA,20111213,17.81,17.98,17.5,17.58,545400
DWCH,20111213,5.31,5.66,5.31,5.6,19700
DWSN,20111213,36.15,37.19,35.76,36.01,131700
DXCM,20111213,8.18,8.35,8,8.04,443700
DXPE,20111213,30.46,31.28,29.86,30.01,78200
DXYN,20111213,2.95,2.96,2.95,2.96,1400
DYAX,20111213,1.37,1.38,1.26,1.3,223300
DYNT,20111213,3.35,3.45,3.35,3.45,1600
DYSL,20111213,1.87,1.87,1.7,1.83,15400
EBAY,20111213,31.28,31.71,30.61,30.84,10013300
EBIX,20111213,20.64,21.12,20.05,20.17,564800
EBMT,20111213,9.75,9.75,9.75,9.75,0
EBSB,20111213,12.57,12.59,12.25,12.3,16600
EBTC,20111213,14.48,14.48,13.93,13.93,4300
ECHO,20111213,16.68,17.1,16.61,16.76,87200
ECOL,20111213,17.43,17.52,16.93,17.03,95300
ECPG,20111213,21.58,21.58,20.2,20.41,365100
ECTE,20111213,2.25,2.35,2.03,2.04,94200
ECTY,20111213,0.97,1.08,0.96,1.04,109200
ECYT,20111213,4.01,4.29,3.46,3.57,8821600
EDAC,20111213,9.98,10.58,9.95,10.29,59900
EDAP,20111213,1.97,2.05,1.84,1.87,43900
EDGW,20111213,2.8,2.85,2.8,2.8,3100
EDMC,20111213,23.51,23.54,22.51,23.02,233600
EDS,20111213,4.75,4.75,4.55,4.61,19300
EDUC,20111213,5.29,5.33,5.1,5.1,2000
EEFT,20111213,17.59,17.84,16.95,17.03,148600
EEI,20111213,16.54,17.34,16.25,16.25,9400
EFII,20111213,14.2,14.35,13.72,13.81,132200
EFSC,20111213,14.33,14.81,13.92,14.02,45500
EFUT,20111213,4.67,4.68,4.56,4.56,7800
EGAN,20111213,4.94,6.06,4.68,5.88,167800
EGBN,20111213,14.23,14.49,14.22,14.24,31400
EGHT,20111213,3.87,3.88,3.65,3.7,310900
EGLE,20111213,4.28,4.32,4.2,4.28,458800
EGOV,20111213,12.78,12.93,12.45,12.5,166500
EHTH,20111213,15.46,15.73,15.13,15.25,185400
EIHI,20111213,13.6,13.61,13.6,13.61,700
ELGX,20111213,11.14,11.5,11.06,11.35,523300
ELNK,20111213,6.19,6.24,6.1,6.11,1124900
ELON,20111213,4.91,4.98,4.66,4.67,170000
ELOS,20111213,10.51,10.54,10.03,10.11,65800
ELRC,20111213,16.65,16.81,15.77,15.85,46900
ELSE,20111213,3.86,3.86,3.86,3.86,0
ELTK,20111213,1.28,1.28,1.13,1.26,143400
EMCF,20111213,15.72,15.72,15.72,15.72,200
EMCI,20111213,20.28,20.28,19.68,19.68,6300
EMFN,20111213,22.77,22.77,22.77,22.77,0
EMIF,20111213,28.93,28.98,28.28,28.28,21200
EMITF,20111213,2.88,2.94,2.85,2.89,5700
EMKR,20111213,3.84,3.84,3.44,3.48,918300
EMMS,20111213,0.8,0.84,0.8,0.8,37600
EMMSP,20111213,15.6,15.69,15.6,15.6,3200
EMMT,20111213,20,20,20,20,900
ENDP,20111213,36.15,36.41,34.93,35.08,1769100
ENG,20111213,2.12,2.23,2.07,2.07,247600
ENMD,20111213,1.45,1.65,1.45,1.49,17200
ENOC,20111213,10,10.26,9.6,9.68,329800
ENSG,20111213,25.24,25.52,24.24,24.31,81900
ENTG,20111213,8.69,8.86,8.22,8.26,786200
ENTR,20111213,5.14,5.18,4.84,4.94,1045500
ENZN,20111213,7,7.16,6.92,6.97,267100
EONC,20111213,1.17,1.18,1.02,1.02,2000
EPAX,20111213,4.56,4.69,4.31,4.37,50900
EPAY,20111213,21.84,22,20.98,21.13,122600
EPIQ,20111213,13.35,13.38,12.65,12.77,208700
EQIX,20111213,102.12,103.21,100.91,101.53,616000
ERIC,20111213,9.86,9.9,9.44,9.5,3832500
ERIE,20111213,76.77,77.28,75.33,75.8,27500
ERII,20111213,2.91,2.93,2.7,2.71,159000
EROC,20111213,11.19,11.25,11,11.19,408200
ESBF,20111213,13.51,13.75,13.16,13.63,13700
ESBK,20111213,16.15,16.15,16.15,16.15,0
ESCA,20111213,4.45,4.46,4.45,4.46,3000
ESEA,20111213,2.65,2.68,2.61,2.67,41400
ESGR,20111213,98.29,99.25,98.25,98.84,23100
ESIO,20111213,12.64,13.19,12.63,12.67,105000
ESLT,20111213,42,42.86,41.8,41.8,6700
ESMC,20111213,1.14,1.21,1.04,1.13,5900
ESRX,20111213,45.57,46.09,43.9,44.4,8470600
ESSA,20111213,10.3,10.47,10.22,10.24,35400
ESSX,20111213,2.87,2.9,2.73,2.75,29300
ESYS,20111213,4.69,4.7,4.69,4.7,500
ETFC,20111213,8.74,8.84,8.44,8.58,8345900
ETRM,20111213,2.05,2.05,1.9,1.95,44700
EUFN,20111213,15.16,15.3,14.66,14.81,68900
EVBS,20111213,2,2,1.85,1.85,5600
EVEP,20111213,66.31,66.31,64.5,64.86,268200
EVOL,20111213,7.4,7.47,6.88,7.43,127500
EWBC,20111213,18.87,19.08,18.27,18.44,1110400
EXAC,20111213,14.69,14.69,14.2,14.26,29200
EXAR,20111213,6.72,6.79,6.56,6.59,235900
EXAS,20111213,8.09,8.13,7.83,7.9,494200
EXEL,20111213,4.43,4.43,4.18,4.19,1056700
EXFO,20111213,5.26,5.4,5.25,5.31,104200
EXLP,20111213,21.3,21.95,21.15,21.94,121000
EXLS,20111213,23.75,24.16,23.03,23.23,136600
EXPD,20111213,41.31,41.6,40.15,40.43,1804400
EXPE,20111213,28.65,28.82,27.82,27.93,3324000
EXPO,20111213,46.06,47.2,44.15,44.47,55300
EXTR,20111213,2.98,2.99,2.81,2.81,403200
EXXI,20111213,30.67,31.31,29,29.39,584000
EZCH,20111213,29.82,30,29.43,29.92,354100
EZPW,20111213,29.09,29.21,28.4,28.54,387700
FABK,20111213,12.65,12.7,12.6,12.6,5600
FALC,20111213,2.6,2.62,2.47,2.49,101400
FARM,20111213,7.69,7.69,7.41,7.43,32700
FARO,20111213,48.55,48.63,45.58,46.02,101200
FAST,20111213,41.13,41.53,40.16,40.37,1982800
FBIZ,20111213,16.3,16.3,16.3,16.3,0
FBMI,20111213,5.26,5.49,5.25,5.36,1000
FBMS,20111213,7.57,7.57,7.57,7.57,0
FBNC,20111213,11.23,11.29,10.42,10.49,37500
FBNK,20111213,12.6,12.75,12.46,12.51,78100
FBRC,20111213,8.28,8.32,7.92,7.96,151700
FBSS,20111213,10.76,10.85,10.76,10.85,2800
FCAL,20111213,3.51,3.59,3.43,3.5,23300
FCAP,20111213,18.27,18.27,18.27,18.27,300
FCBC,20111213,12.48,12.49,11.92,12.03,48800
FCCO,20111213,6.25,6.45,6,6,800
FCCY,20111213,6.76,6.99,6.76,6.99,1400
FCEL,20111213,1.05,1.09,0.91,0.92,3140400
FCFC,20111213,6.93,6.93,6.72,6.72,8500
FCFS,20111213,37.47,37.96,36.07,36.39,222100
FCHI,20111213,41.05,41.05,41.05,41.05,0
FCLF,20111213,6,6,6,6,0
FCNCA,20111213,173.44,174.29,168.67,170.27,6600
FCTY,20111213,3.48,3.54,3.45,3.5,13600
FCVA,20111213,2.44,2.48,2.32,2.32,1000
FCZA,20111213,3.94,3.94,3.94,3.94,0
FDEF,20111213,13.97,13.97,13.36,13.48,31200
FDML,20111213,14.73,14.74,13.65,13.74,168500
FDUS,20111213,12.62,13,12.35,12.57,30700
FEIC,20111213,39.82,40.18,38.42,38.8,230500
FEIM,20111213,7.93,7.93,7.33,7.39,10900
FELE,20111213,22.31,22.43,21.645,21.84,198400
FES,20111213,6.49,6.5,6.39,6.48,45000
FFBC,20111213,16.3,16.53,15.69,15.8,169800
FFBCW,20111213,4.75,4.75,4.75,4.75,0
FFBH,20111213,4.9,5.05,4.88,4.95,6300
FFCH,20111213,8.1,8.15,7.76,7.84,87300
FFCO,20111213,13.3,13.3,13.3,13.3,0
FFEX,20111213,1.47,1.47,1.26,1.34,38200
FFHL,20111213,1.21,1.25,1.19,1.25,8200
FFIC,20111213,12.47,12.65,12.16,12.21,78400
FFIN,20111213,31.91,32.7,31.39,31.68,72900
FFIV,20111213,113.54,114.78,108.69,109.94,1708700
FFKT,20111213,4.22,4.35,4.22,4.35,2200
FFKY,20111213,1.15,1.15,1.05,1.05,2400
FFN,20111213,0.75,0.77,0.65,0.69,116400
FFNM,20111213,3.25,3.27,2.92,3.24,5100
FFNW,20111213,5.7,5.75,5.63,5.7,18900
FHCO,20111213,4.58,4.58,4.47,4.5,23400
FIBK,20111213,12.44,12.66,12.08,12.12,49000
FINL,20111213,21.54,21.67,20.42,20.6,602900
FIRE,20111213,34.1,34.38,33.43,33.49,654700
FISI,20111213,14.88,15.41,14.54,14.79,35900
FISV,20111213,58,58.73,57.32,57.65,971800
FITB,20111213,12.3,12.35,11.76,11.91,13555200
FITBP,20111213,140.85,141.59,140.77,140.77,1200
FIZZ,20111213,16.65,16.7,16.44,16.47,26300
FLDM,20111213,12.58,12.65,12.42,12.55,131100
FLEX,20111213,6.13,6.13,5.85,5.89,4004000
FLIC,20111213,26.49,26.66,25,25.31,19500
FLIR,20111213,25.13,25.43,24.93,25.02,1437300
FLML,20111213,5.25,5.5,5.21,5.26,51400
FLOW,20111213,3.44,3.52,3.41,3.45,408800
FLWS,20111213,2.31,2.38,2.25,2.27,141700
FLXS,20111213,13.9,13.9,13.75,13.76,3600
FMBI,20111213,9.61,9.82,9.2,9.29,426200
FMCN,20111213,21.14,21.26,20.18,20.4,3731700
FMER,20111213,14.43,14.53,13.92,14.03,654100
FMFC,20111213,2.79,2.85,2.75,2.85,3800
FMNB,20111213,4.41,4.75,4.41,4.7,12000
FNBN,20111213,11.51,11.51,11.5,11.5,1000
FNFG,20111213,8.69,8.87,8.61,8.69,6521700
FNGN,20111213,21.22,22.1,20.85,21.79,642600
FNLC,20111213,14.44,14.5,14,14.03,11000
FNSR,20111213,16.13,16.3,15.56,15.69,3389100
FOLD,20111213,3.28,3.32,3.13,3.15,19700
FONE,20111213,23.72,23.72,23.28,23.28,1400
FONR,20111213,1.69,1.7,1.66,1.67,13500
FORD,20111213,1.65,1.67,1.59,1.65,31900
FORM,20111213,5.69,5.73,5.36,5.4,358800
FORR,20111213,33.01,33.15,32.15,32.37,75800
FORTY,20111213,16.02,16.4,16,16.4,13700
FOSL,20111213,84.1,85.24,81.35,82.05,1214500
FRAN,20111213,19.46,19.46,18.43,18.81,330000
FRBK,20111213,1.41,1.48,1.4,1.47,12400
FRED,20111213,14.03,14.11,13.35,13.46,411600
FREE,20111213,5.6,6.4,5.5,5.5,4100
FRME,20111213,8.56,8.76,8.36,8.46,66100
FRNK,20111213,11.08,11.14,10.9,10.9,23400
FRP,20111213,4.38,4.59,4.05,4.08,41600
FSBK,20111213,3.55,3.6,3.47,3.55,2700
FSC,20111213,9.82,9.89,9.6,9.64,660200
FSCI,20111213,29.46,29.47,28.02,28.16,15900
FSFG,20111213,17.15,18.2,17.15,18.2,2600
FSGI,20111213,2.69,2.8,2.45,2.5,19900
FSLR,20111213,44.85,45.25,42.07,42.57,3471300
FSRV,20111213,24.71,24.75,24.3,24.54,38900
FSTR,20111213,27.09,27.67,25.89,26.21,33800
FSYS,20111213,17.74,17.74,16.04,16.2,339800
FTEK,20111213,6.11,6.14,5.65,5.68,76500
FTNT,20111213,24.1,24.19,23.18,23.31,1211100
FUBC,20111213,5.44,5.47,5,5.08,60500
FULL,20111213,7,7.02,6.97,6.97,9200
FULT,20111213,9.48,9.51,9.1,9.19,877400
FUNC,20111213,3.15,3.15,3.11,3.11,2800
FUND,20111213,6.52,6.52,6.24,6.24,124300
FURX,20111213,17.02,17.12,16.04,16.25,178300
FWLT,20111213,18.77,19.11,18.18,18.36,1787200
FWRD,20111213,32.66,33.03,31.48,31.65,102200
FXCB,20111213,12.4,12.54,12.15,12.16,25300
FXEN,20111213,5.1,5.1,4.66,4.71,280300
GABC,20111213,18.4,18.41,17.83,17.89,25200
GAGA,20111213,3.61,3.75,3.55,3.63,10800
GAI,20111213,3.36,3.36,3.35,3.35,700
GAIA,20111213,3.47,3.51,3.31,3.35,28900
GAIN,20111213,7.33,7.47,7.17,7.22,56900
GALE,20111213,0.51,0.53,0.49,0.5,838500
GAME,20111213,4.39,4.48,4.33,4.37,496800
GASS,20111213,4.01,4.12,4,4.06,14400
GBCI,20111213,11.87,12.05,11.44,11.51,264000
GBDC,20111213,15.3,15.47,15.06,15.14,28000
GBLI,20111213,18.63,18.78,18.03,18.11,37000
GBNK,20111213,1.45,1.45,1.38,1.45,213100
GCBC,20111213,17.43,17.43,17.43,17.43,100
GCFB,20111213,2.05,2.1,2.05,2.1,1200
GCOM,20111213,13.09,13.2,12.45,12.52,58400
GCVRZ,20111213,1.24,1.27,1.24,1.27,4123600
GENC,20111213,6.95,6.95,6.78,6.79,2900
GENE,20111213,3.56,3.89,3.5,3.55,25200
GENT,20111213,5.72,5.91,5.69,5.71,1800
GERN,20111213,1.57,1.6,1.48,1.48,906400
GEVA,20111213,19.93,20.26,19.9,20.22,67200
GEVO,20111213,6.12,6.39,5.85,6.01,60400
GFED,20111213,6.11,6.5,6.11,6.3,26600
GFN,20111213,2.54,2.6,2.48,2.6,400
GFNCL,20111213,3.3,3.3,3.3,3.3,0
GGAL,20111213,6.65,6.75,6.32,6.37,233800
GHDX,20111213,27.65,27.71,26.25,26.58,176200
GIFI,20111213,27.92,28.46,26.76,26.99,63900
GIGA,20111213,1.47,1.6,1.47,1.5,4500
GIGM,20111213,0.82,0.83,0.82,0.82,55200
GIII,20111213,24.56,24.82,23.29,23.55,349400
GILD,20111213,19.375,19.615,19.26,19.295,7930600
GILT,20111213,3.98,4.05,3.92,3.95,45200
GIVN,20111213,16.67,16.77,16.51,16.61,66600
GKNT,20111213,17.77,17.94,17.09,17.1,13900
GLAD,20111213,7.78,7.79,7.55,7.57,65200
GLBS,20111213,4.02,4.07,3.75,3.99,10000
GLBZ,20111213,7.94,7.94,7.94,7.94,0
GLCH,20111213,1.37,1.41,1.3,1.31,282100
GLDC,20111213,3.45,3.6,3.45,3.6,2400
GLDD,20111213,5.71,5.75,5.45,5.49,223600
GLNG,20111213,43.37,43.79,41.89,42.23,406200
GLPW,20111213,22.88,22.88,20.89,21.75,84900
GLRE,20111213,24.33,24.5,23.29,23.38,150900
GLUU,20111213,3.41,3.48,3.1,3.16,1406400
GMAN,20111213,13.02,13.25,12.92,13.07,62200
GMCR,20111213,57.07,57.15,49.4,49.95,11886900
GMETP,20111213,10,10.57,10,10.57,4000
GMLP,20111213,29.5,29.67,29.07,29.38,96200
GNCMA,20111213,10.27,10.42,9.57,9.65,206800
GNMK,20111213,4.44,4.5,4.25,4.44,30100
GNTX,20111213,30.29,30.44,28.02,28.2,1023200
GNVC,20111213,2.72,2.75,2.7,2.75,17500
GOLD,20111213,105.74,106.94,101.81,102.53,590900
GOOD,20111213,17.28,17.31,16.96,17.01,21100
GOODO,20111213,24,24,23.76,23.99,500
GOODP,20111213,24.47,24.47,24.45,24.45,400
GOOG,20111213,628.76,636.56,622.85,625.63,4028600
GPIC,20111213,6.45,6.45,6.22,6.41,8800
GPOR,20111213,31.32,32.31,29.7,30.09,796400
GPRC,20111213,1.9,1.9,1.84,1.84,3100
GPRE,20111213,10.47,10.6,10.15,10.21,283700
GRFS,20111213,10.24,10.36,10.1,10.36,1883900
GRID,20111213,24.2,24.24,23.95,23.95,1400
GRIF,20111213,27.04,27.16,26.28,26.28,3400
GRMN,20111213,38.17,38.54,37.76,38.38,4233000
GROW,20111213,6.5,6.57,6.35,6.44,25000
GRPN,20111213,22.95,24.5,22.3,23.32,2336200
GRVY,20111213,1.35,1.36,1.31,1.33,58800
GSBC,20111213,21.83,22.25,21.24,21.39,27400
GSIG,20111213,10.39,10.43,9.8,9.84,79800
GSIT,20111213,4.59,4.64,4.56,4.57,47100
GSJK,20111213,14.02,14.2,14,14,18600
GSM,20111213,14.08,14.13,13.17,13.24,673800
GSOL,20111213,5.33,5.33,5.07,5.15,56100
GSVC,20111213,15.13,15.39,14.92,15.2,111100
GTAT,20111213,7.77,7.88,7.51,7.55,2316300
GTIM,20111213,1.3,1.31,1.3,1.31,200
GTIV,20111213,6.07,6.14,5.75,5.83,389700
GTLS,20111213,61.75,62.2,57.69,58.21,365600
GTXI,20111213,2.77,2.78,2.59,2.59,81500
GUID,20111213,6.03,6.1,5.98,6.01,90000
GULF,20111213,14.81,14.92,14.81,14.9,4700
GURE,20111213,1.95,1.98,1.83,1.84,152400
GYRO,20111213,101.5,102.08,101.5,102.08,200
HA,20111213,6.11,6.15,5.82,5.85,531100
HAFC,20111213,0.87,0.88,0.85,0.85,1165000
HAIN,20111213,36.07,36.95,35.87,36,282700
HALL,20111213,7.74,7.74,7.33,7.42,30700
HALO,20111213,9.52,9.79,9.46,9.58,689100
HAS,20111213,36.61,36.62,34.72,34.81,1511200
HAST,20111213,1.51,1.56,1.46,1.5,52800
HAUP,20111213,0.87,0.94,0.83,0.85,11000
HAYN,20111213,57.44,57.65,52.53,53.04,194000
HBAN,20111213,5.18,5.2,5,5.05,10882400
HBANP,20111213,1059,1079,1050,1050,2600
HBCP,20111213,15.19,15.19,15.1,15.11,11000
HBHC,20111213,31.25,31.42,30.03,30.36,524600
HBIO,20111213,4.02,4.03,3.97,4.01,48300
HBNC,20111213,11.52,11.5667,11.4667,11.5333,400
HBNK,20111213,12.03,12.03,11.65,11.8,39800
HBOS,20111213,10.97,11.25,10.87,11.25,102900
HCBK,20111213,5.84,5.95,5.67,5.74,5134600
HCCI,20111213,16.34,16.39,16.24,16.25,15700
HCIIP,20111213,9.6,9.9,9.6,9.85,2700
HCKT,20111213,3.41,3.45,3.26,3.28,350700
HCOM,20111213,14.6,14.75,14.49,14.63,15900
HCSG,20111213,18.59,18.84,18.15,18.24,287200
HDNG,20111213,8.85,8.86,8.75,8.75,2200
HDSN,20111213,1.43,1.43,1.33,1.34,11700
HEES,20111213,13.22,13.4,12.43,12.69,243400
HELE,20111213,29.56,29.98,28.95,29.07,231800
HEOP,20111213,3.51,3.53,3.51,3.53,200
HERO,20111213,4.09,4.28,4.02,4.07,3359900
HFBC,20111213,6.1,6.11,6.1,6.1,12100
HFBL,20111213,14.11,14.16,14,14.05,2600
HFFC,20111213,10.35,10.35,10.35,10.35,0
HFWA,20111213,12.81,12.81,12.19,12.26,29100
HGSH,20111213,0.85,0.85,0.8,0.8,1600
HIBB,20111213,47.06,47.22,44.3,44.72,348900
HIFS,20111213,48.08,48.08,46.8,46.9,1600
HIHO,20111213,2.25,2.25,2.17,2.2,7500
HILL,20111213,1.41,1.43,1.36,1.38,104400
HIMX,20111213,1.02,1.03,1,1,212300
HITK,20111213,39.12,39.47,38.1,38.26,164900
HITT,20111213,51.44,51.84,49.69,49.91,201800
HLIT,20111213,5.3,5.34,4.99,5.02,717900
HMIN,20111213,29.76,30.07,28.13,28.33,331100
HMNF,20111213,1.97,2,1.8,1.95,2000
HMNY,20111213,1.35,1.35,1.22,1.22,1000
HMPR,20111213,2.85,2.94,2.7,2.74,29900
HMSY,20111213,31.53,31.79,30.58,30.82,947900
HNH,20111213,10.5,10.8,9.86,9.95,46900
HNRG,20111213,9.9,9.97,9.75,9.75,11900
HNSN,20111213,2.73,2.79,2.53,2.6,549600
HOFT,20111213,10.6,10.85,10.48,10.48,19700
HOGS,20111213,9.31,9.44,9.05,9.1,83900
HOLI,20111213,7.95,8,7.61,7.7,157500
HOLL,20111213,1.19,1.27,1.19,1.23,6500
HOLX,20111213,17.02,17.23,16.62,16.73,1556600
HOMB,20111213,24.6,24.97,24.07,24.14,59300
HOME,20111213,10.5,10.58,9.82,9.89,41400
HOTT,20111213,7.21,7.34,7,7.03,299800
HOVNP,20111213,1.44,1.49,1.37,1.49,1800
HPCCP,20111213,25.65,25.65,25.65,25.65,0
HPJ,20111213,1.09,1.15,1.09,1.14,39300
HPOL,20111213,0.7,0.84,0.59,0.7,158900
HRZN,20111213,16.02,16.24,15.85,15.89,19300
HSIC,20111213,62.58,63.44,61.46,61.84,487700
HSII,20111213,21.49,22.22,20.99,21.17,100600
HSKA,20111213,7.09,7.1,6.85,6.9,33600
HSNI,20111213,37.49,37.49,35.12,35.24,734300
HSOL,20111213,1.16,1.19,1.13,1.13,412900
HSTM,20111213,17.37,17.46,17,17.17,206400
HTBK,20111213,5.02,5.06,4.74,4.8,37700
HTCH,20111213,1.73,1.74,1.61,1.63,111800
HTCO,20111213,10.32,10.48,10.25,10.26,20800
HTHT,20111213,13.61,13.94,13.51,13.71,84700
HTLD,20111213,13.92,14.07,13.81,13.87,946300
HTLF,20111213,15.42,15.63,14.61,14.84,18200
HTWR,20111213,69.42,70.06,66.63,66.65,71200
HUBG,20111213,31.44,31.89,30.59,30.7,303300
HURC,20111213,21.72,22.17,20.79,20.79,17900
HURN,20111213,34.29,34.81,34.05,34.16,186500
HWAY,20111213,6.91,6.91,6.39,6.45,306500
HWBK,20111213,5.83,5.85,5.83,5.85,300
HWCC,20111213,12.49,12.97,12.48,12.75,110800
HWKN,20111213,38.39,38.4,36.38,36.49,20000
HYGS,20111213,5.5,5.55,5.37,5.37,8000
HZNP,20111213,4.75,4.83,4.6,4.61,19100
IACI,20111213,41.43,41.54,40.2,40.2,1195800
IART,20111213,31.67,32.02,31.06,31.11,96200
IBB,20111213,101.38,101.5,99.02,99.43,498700
IBCA,20111213,2.51,2.52,2.42,2.42,8700
IBCP,20111213,1.41,1.44,1.37,1.38,16800
IBCPO,20111213,13.35,13.35,11,13.3,500
IBKC,20111213,48.74,49.04,47.03,47.35,126600
IBKR,20111213,15.03,15.15,14.75,14.93,384500
IBOC,20111213,17.99,18.16,17.11,17.23,204400
ICAD,20111213,0.53,0.56,0.53,0.53,34700
ICCC,20111213,4.83,4.91,4.83,4.85,1200
ICFI,20111213,25.63,26.13,24.11,24.39,137700
ICGE,20111213,8.35,8.45,7.93,8,94500
ICLN,20111213,8.89,8.91,8.6,8.63,32000
ICLR,20111213,16.2,16.33,16,16.07,438700
ICON,20111213,17.54,17.74,16.67,16.79,646900
ICUI,20111213,43.77,44.19,43.04,43.24,35200
IDCC,20111213,41.48,41.53,39.01,39.12,1107800
IDIX,20111213,7.91,8.14,7.7,7.8,514700
IDRA,20111213,1.01,1.15,1.01,1.06,35900
IDSA,20111213,5.95,6,5.83,5.95,7700
IDSY,20111213,4.95,5.01,4.55,4.83,125300
IDTI,20111213,5.7,5.75,5.39,5.41,1002800
IDXX,20111213,75.42,75.8,74.12,74.49,295800
IEP,20111213,36.5,37.99,36.5,37.15,4200
IESC,20111213,2.16,2.16,1.81,2,26400
IFAS,20111213,24.58,24.82,24.52,24.52,600
IFEU,20111213,24.08,24.32,23.92,23.92,4800
IFGL,20111213,25.34,25.5,24.88,24.88,28500
IFNA,20111213,40.39,40.4,40,40,1800
IFON,20111213,0.65,0.67,0.65,0.65,25800
IFSM,20111213,31.42,31.42,30.54,30.54,600
IGLD,20111213,11.37,11.9,11.37,11.85,3500
IGOI,20111213,11.88,12.48,11.04,11.16,29200
IGOV,20111213,97.45,97.56,96.9,97.25,18300
IGTE,20111213,16.57,16.65,15.86,15.97,184200
III,20111213,1.09,1.13,1.07,1.09,28500
IIIN,20111213,10.69,10.92,10.36,10.38,58000
IIJI,20111213,8.87,8.97,8.7,8.7,8200
IILG,20111213,13.99,14.03,13.37,13.45,167700
IIN,20111213,6.89,7.1,6.67,6.9,19000
IIVI,20111213,17.84,17.98,17.15,17.27,199300
IKAN,20111213,0.85,0.88,0.82,0.86,32500
IKNX,20111213,7.63,7.63,7.63,7.63,0
ILMN,20111213,27.08,27.23,25.86,25.96,3572600
IMGN,20111213,12.01,12.18,11.43,11.49,514400
IMI,20111213,9.16,9.25,8.59,9.24,71900
IMKTA,20111213,15.3,15.3,14.78,14.81,70500
IMMR,20111213,5.95,6.04,5.65,5.7,75500
IMMU,20111213,3.22,3.24,3.14,3.15,343100
IMMY,20111213,1.1,1.1,1.1,1.1,100
IMOS,20111213,5.51,5.51,5.4,5.44,8900
IMRS,20111213,2.77,2.82,2.75,2.77,14500
INAP,20111213,5.74,5.84,5.56,5.59,386500
INCY,20111213,14.55,14.63,13.52,13.62,2052700
INDB,20111213,27.03,27.5,26.11,26.32,39100
INDY,20111213,20.65,20.75,20.33,20.4,76500
INFA,20111213,41.79,43,40.39,40.57,2310900
INFI,20111213,9.88,9.88,9.39,9.51,29600
INFN,20111213,6.85,6.9,6.45,6.54,611600
ININ,20111213,24.55,24.55,23.91,24.01,187500
INOC,20111213,1.07,1.07,1.07,1.07,200
INOD,20111213,3.75,3.84,3.7,3.84,7200
INPH,20111213,4.46,4.68,4.45,4.53,1800
INSM,20111213,3.17,3.35,3.03,3.06,57200
INTC,20111213,24.06,24.06,23.42,23.56,78518900
INTG,20111213,19.09,19.09,18.32,18.37,300
INTL,20111213,24.38,24.88,24.17,24.24,64700
INTT,20111213,2.34,2.34,2.17,2.23,118100
INTU,20111213,53.46,54.32,53.04,53.37,2633800
INTX,20111213,11.46,11.48,10.45,10.63,60900
INVE,20111213,2.1,2.13,2,2.01,99600
INWK,20111213,9.68,9.95,9.53,9.66,390300
IOSP,20111213,30.1,30.28,29.06,29.14,139200
IPAR,20111213,18.87,18.93,18.16,18.49,203200
IPAS,20111213,1.37,1.42,1.37,1.42,24300
IPCC,20111213,55.64,56.19,54.77,55.21,35900
IPCI,20111213,2.95,2.98,2.9,2.94,5700
IPCM,20111213,45.69,45.81,44.01,44.25,127200
IPGP,20111213,37.91,38.41,36.42,36.77,608500
IPHS,20111213,48.45,49.84,48,48.37,103400
IPXL,20111213,18.98,19.24,18.1,18.21,420900
IRBT,20111213,32.99,32.99,30.63,30.94,191300
IRDM,20111213,7.6,7.93,7.54,7.73,637700
IRDMZ,20111213,1.19,1.19,1.19,1.19,0
IRIX,20111213,3.6,3.75,3.59,3.74,14100
IROQ,20111213,11.1,11.25,11.1,11.1,2600
IRWD,20111213,11.87,12.23,11.56,11.8,319800
ISBC,20111213,13.35,13.58,13.01,13.05,120500
ISCA,20111213,25.36,25.48,24.75,24.87,224700
ISHG,20111213,97.76,98.1,96.82,96.83,15700
ISIG,20111213,1.96,1.96,1.77,1.79,25100
ISIL,20111213,10.3,10.38,9.95,10.04,997600
ISIS,20111213,7.13,7.21,6.85,6.85,550300
ISLE,20111213,4.52,4.66,4.26,4.3,110600
ISM,20111213,19.7,19.99,19.55,19.99,13700
ISNS,20111213,6.05,6.06,6.05,6.06,1200
ISRG,20111213,437.35,443.99,431.52,434.39,287800
ISRL,20111213,89,89,82.36,82.6,1000
ISSC,20111213,3.68,3.7,3.5,3.5,21600
ISSI,20111213,9.11,9.2,8.67,8.71,91200
ITIC,20111213,36.55,37.38,35.58,36.7,13600
ITMN,20111213,18.29,19.33,18.18,18.42,2082600
ITRI,20111213,35.78,36.19,34.91,35.02,398300
ITRN,20111213,12.61,12.78,12.5,12.78,8600
IVAC,20111213,7.34,7.45,7.01,7.09,82600
IVAN,20111213,0.9,0.92,0.86,0.87,785200
IXYS,20111213,10.75,10.83,10.24,10.29,60700
JACK,20111213,21.06,21.14,20.36,20.43,379600
JADE,20111213,2.23,2.23,2.1,2.11,69100
JAKK,20111213,17.83,18.9,17.4,17.42,317400
JASO,20111213,7.7,7.7,7.1,7.15,2519200
JAXB,20111213,3.35,3.35,3.08,3.08,200
JAZZ,20111213,36.1,36.86,35.49,35.69,590400
JBHT,20111213,44.49,44.85,43.19,43.41,591900
JBLU,20111213,5.12,5.14,4.89,4.92,5321500
JBSS,20111213,7.49,7.54,7.3,7.41,23400
JCOM,20111213,26.58,26.75,26.3,26.58,607600
JCS,20111213,14.95,14.95,13.76,13.76,13200
JCTCF,20111213,7.65,7.65,7.65,7.65,400
JDSU,20111213,10.67,10.76,9.93,10.08,7888200
JFBI,20111213,2.36,2.48,2.25,2.26,7500
JIVE,20111213,15.12,16.5,14.5,15.05,14996300
JJSF,20111213,53.48,53.51,51.44,51.98,46500
JKHY,20111213,33.45,33.7,32.5,32.65,379200
JMBA,20111213,1.37,1.4,1.33,1.33,242100
JOBS,20111213,44.55,45,43.13,44.07,44300
JOEZ,20111213,0.6,0.6,0.56,0.56,49200
JOSB,20111213,51.81,52.26,49.83,50.09,262800
JOUT,20111213,15.95,16.2,15.58,15.58,48300
JRCC,20111213,7.46,7.7,6.95,6.99,2035000
JRJC,20111213,1.85,1.89,1.78,1.8,94300
JSM,20111213,19.09,19.18,18.64,19.17,20800
JST,20111213,8.83,8.95,8.48,8.6,40900
JVA,20111213,9.12,9.13,8.63,8.77,190800
JXSB,20111213,14,14,14,14,100
KALU,20111213,45.88,47.07,43.78,44.08,136700
KBALB,20111213,5.83,5.9,5.44,5.47,68100
KCAP,20111213,6.56,6.72,6.48,6.65,123500
KCLI,20111213,30.79,31.13,30.38,30.57,16900
KELYA,20111213,13.67,13.89,13.19,13.28,230500
KELYB,20111213,13.67,13.67,13.67,13.67,100
KEQU,20111213,8.16,8.16,8.15,8.15,1400
KERX,20111213,2.6,2.67,2.44,2.5,1195000
KEYN,20111213,19.51,19.68,19.04,19.13,202400
KEYW,20111213,7.47,7.47,6.93,6.96,55800
KFFB,20111213,9.2,9.2,9.19,9.2,2900
KFRC,20111213,11.88,12.15,11.43,11.5,128700
KGJI,20111213,1.43,1.49,1.42,1.48,154000
KINS,20111213,3.2,3.2,3.2,3.2,0
KIOR,20111213,12.01,12.01,10.79,10.88,64800
KIPO,20111213,10.4,10.4,9.51,9.6,10800
KIPS,20111213,1.8,1.8,1.63,1.68,7800
KIRK,20111213,12.08,12.27,11.6,11.64,202900
KLAC,20111213,47.96,48.24,46.56,46.83,2550800
KLIC,20111213,9.18,9.3,8.58,8.74,1511700
KNDI,20111213,3.02,3.56,3.02,3.16,404600
KONA,20111213,5.43,5.51,5.23,5.32,101300
KONE,20111213,0.68,0.68,0.66,0.68,4200
KONG,20111213,4.54,4.55,4.47,4.53,24800
KOOL,20111213,0.83,0.83,0.81,0.82,32700
KOPN,20111213,4.05,4.09,3.73,3.76,203200
KOSS,20111213,5.18,5.2,5.18,5.2,3900
KRNY,20111213,9.68,9.79,9.42,9.55,29500
KSWS,20111213,2.91,2.92,2.76,2.78,149900
KTCC,20111213,4.59,4.62,4.55,4.58,12600
KTEC,20111213,13.35,14.4,13.35,13.6,4400
KTOS,20111213,5.88,5.93,5.63,5.66,331200
KUTV,20111213,1.15,1.16,1.11,1.12,12500
KVHI,20111213,7.83,7.88,7.58,7.59,40500
LABC,20111213,15.92,15.92,15.26,15.26,1900
LABL,20111213,24.79,25.44,24.72,24.75,44800
LACO,20111213,1.99,2,1.92,1.92,3600
LAKE,20111213,7.24,7.39,7.2,7.39,5100
LAMR,20111213,24.3,24.3,23.01,23.27,431700
LANC,20111213,69.58,70.33,68.26,68.57,84300
LARK,20111213,18.99,18.99,18.99,18.99,100
LAWS,20111213,15.4,15.72,15.22,15.65,20900
LAYN,20111213,23.08,23.55,22.45,22.66,120100
LBAI,20111213,8.67,8.79,8.23,8.28,39700
LBIX,20111213,2.87,2.9,2.87,2.9,2100
LBTYA,20111213,39.33,40.5,38.8,38.95,1443900
LBTYB,20111213,39.37,39.37,39.37,39.37,0
LBTYK,20111213,38.25,38.91,37.36,37.5,333000
LCAV,20111213,2.88,2.98,2.68,2.74,31900
LCNB,20111213,13.1,13.2,13,13,2000
LCUT,20111213,11.71,12.16,11.05,11.22,32100
LEAP,20111213,8.21,8.38,7.99,8.04,1377300
LECO,20111213,38.36,38.76,37.05,37.27,221800
LEDR,20111213,2.65,2.65,2.38,2.49,6400
LEDS,20111213,3.15,3.27,2.97,2.97,79500
LFUS,20111213,45.66,45.97,43.8,44.06,81900
LGCY,20111213,26.94,27.04,26.51,26.53,117700
LGND,20111213,11.89,11.97,11.57,11.59,124200
LHCG,20111213,13,13.12,12.48,12.58,121500
LIFE,20111213,38.8,39.02,38.12,38.3,1574300
LIME,20111213,3.27,3.3,3.2,3.3,7800
LINC,20111213,7.52,7.61,7.02,7.1,134100
LINE,20111213,37.28,37.65,37,37.39,660600
LINTA,20111213,15.95,16.12,15.43,15.58,3046000
LINTB,20111213,15.85,15.85,15.85,15.85,2900
LION,20111213,6,6.2,6,6,4600
LIOX,20111213,2.13,2.13,1.99,2.02,197500
LIVE,20111213,1.33,6.39,1.32,5.6,1246400
LIWA,20111213,5.15,5.15,4.97,4.97,395400
LKFN,20111213,25.21,25.57,24.69,24.73,60800
LKQ,20111213,15.115,15.25,14.49,14.58,638000
LLEN,20111213,2.75,2.8,2.56,2.56,296200
LLNW,20111213,3.05,3.05,2.85,2.87,960600
LLTC,20111213,30.02,30.19,29.05,29.19,2810600
LMAT,20111213,5.5,5.5,5.4,5.45,6800
LMCA,20111213,75.3,76.11,74.6,76.04,1126000
LMCB,20111213,74.6,74.6,74.6,74.6,0
LMIA,20111213,18.2,18.32,17.43,17.51,30000
LMNR,20111213,16.07,16.27,15.8,15.8,7600
LMNX,20111213,20.13,20.5,20.01,20.23,291900
LMOS,20111213,15.44,16.45,14.85,15.68,59700
LNBB,20111213,4.5,4.5,4.3,4.3,6000
LNCE,20111213,21.25,21.54,20.89,20.95,165200
LNDC,20111213,5.51,5.54,5.22,5.28,83000
LOAN,20111213,0.94,1,0.89,1,4100
LOCM,20111213,2.35,2.39,2.24,2.28,110900
LOGI,20111213,8.09,8.15,7.95,7.99,351700
LOGM,20111213,42.19,43.13,41.21,41.47,160300
LOJN,20111213,2.97,3.03,2.97,3.02,53100
LONG,20111213,13.36,13.94,13.25,13.78,1500
LOOK,20111213,1.33,1.33,1.26,1.29,34300
LOPE,20111213,14.87,14.94,14.12,14.16,196800
LORL,20111213,63.68,63.75,61.94,62.43,49200
LPHI,20111213,6.56,6.7,6.4,6.46,49800
LPLA,20111213,28.78,29.05,28.04,28.19,131600
LPNT,20111213,37.03,37.07,35.38,35.47,459100
LPSB,20111213,7.6,7.6,7.6,7.6,0
LPSN,20111213,13.45,13.5,13.15,13.18,406400
LPTH,20111213,1.05,1.14,1.04,1.1,3000
LQDT,20111213,37.13,38.88,35.91,36.29,299600
LRAD,20111213,1.76,1.76,1.72,1.76,23900
LRCX,20111213,42.35,42.56,40.07,40.18,2857200
LSBI,20111213,13.11,13.11,13.11,13.11,0
LSBK,20111213,9.51,9.51,9.5,9.5,2400
LSCC,20111213,6.26,6.29,5.89,5.93,1963100
LSTR,20111213,47.18,47.95,46.48,46.78,502800
LTBR,20111213,2.33,2.43,2.3,2.43,14400
LTON,20111213,1.37,1.41,1.33,1.39,152100
LTRE,20111213,7.25,7.74,6.31,7.32,22300
LTRX,20111213,2.09,2.45,2,2.42,19800
LTXC,20111213,6.22,6.22,5.74,5.77,155400
LUFK,20111213,71.76,73.6,68.5,69.53,474200
LULU,20111213,47.8,48.49,44.22,44.81,3866200
LUNA,20111213,1.22,1.32,1.02,1.08,28500
LWAY,20111213,9.5,9.55,9.12,9.13,4700
LXRX,20111213,1.19,1.19,1.12,1.14,431300
LYTS,20111213,5.7,5.99,5.65,5.69,63700
MAGS,20111213,4.5,4.8,4.11,4.18,226100
MAKO,20111213,26.61,27.2,25.26,25.67,912100
MANH,20111213,45.17,46.08,44.12,44.28,178500
MANT,20111213,32.78,33.38,32.29,32.47,249900
MARPS,20111213,25,25,23.81,24.92,900
MASC,20111213,8.17,8.17,7.97,8,13600
MASI,20111213,20.19,20.38,19.48,19.56,322900
MAT,20111213,28.73,28.85,27.92,28.01,3001200
MATR,20111213,4.68,4.9,4.68,4.9,4100
MATW,20111213,31.98,31.99,30.53,30.69,133100
MAXY,20111213,5.53,5.6,5.5,5.51,77400
MAYS,20111213,14.77,14.77,14.77,14.77,0
MBFI,20111213,17.07,17.25,16.27,16.41,270900
MBLX,20111213,4.47,4.73,4.45,4.52,190300
MBND,20111213,3.21,3.27,3.09,3.27,39300
MBRG,20111213,14.25,14.48,14.25,14.25,16000
MBTF,20111213,1,1,0.97,0.99,8700
MBVT,20111213,28.37,28.38,27.19,27.19,5300
MBWM,20111213,9.95,9.95,9.5,9.5,10000
MCBC,20111213,2.09,2.26,2.09,2.22,16300
MCBI,20111213,5.85,5.85,5.85,5.85,100
MCGC,20111213,4.33,4.37,4.11,4.16,588000
MCHP,20111213,34.9,34.99,33.71,33.98,1958300
MCHX,20111213,7.04,7.15,6.8,6.82,125900
MCOX,20111213,6.4,6.6,6.25,6.4,32200
MCRI,20111213,9.97,10.06,9.55,9.63,12700
MCRL,20111213,10.29,10.68,9.83,9.88,590600
MCRS,20111213,46.98,47.3,45.87,46.09,462400
MDAS,20111213,9.49,9.7,9.28,9.34,381200
MDCA,20111213,14.44,14.59,13.99,14.07,274100
MDCI,20111213,4.96,5,4.68,4.69,51900
MDCO,20111213,19.55,19.55,19.24,19.35,379700
MDH,20111213,2.3,2.44,2.3,2.44,2200
MDRX,20111213,18.25,18.53,17.6,17.77,2721200
MDSO,20111213,21.35,21.55,20.78,20.84,155700
MDVN,20111213,47.33,48.16,46.31,46.41,341300
MEAD,20111213,3.04,3.59,3.04,3.16,22300
MEAS,20111213,29.24,29.53,28.06,28.15,82700
MELA,20111213,4.59,4.64,4.4,4.46,194200
MELI,20111213,91.94,92.85,88.42,89.16,712300
MEMP,20111213,18.99,19.09,18.85,18.9,398400
MEMS,20111213,2.75,2.89,2.7,2.87,4900
MENT,20111213,12.87,12.98,12.39,12.49,825100
MEOH,20111213,22.71,23.04,22.43,22.49,227500
MERC,20111213,6,6.03,5.76,5.8,307100
MERU,20111213,4.25,4.4,3.94,3.96,166600
METR,20111213,8.6,8.69,8.23,8.28,52000
MFI,20111213,5.64,5.85,5.64,5.85,3500
MFLR,20111213,7.99,8,7.59,7.73,4600
MFLX,20111213,20.59,20.61,19.68,19.87,72700
MFNC,20111213,5.1,5.1,4.85,4.85,1600
MFRI,20111213,6.5,6.6,6.38,6.52,5300
MFRM,20111213,22.46,22.99,22.06,22.37,60700
MFSF,20111213,7.08,7.08,6.94,6.94,700
MGAM,20111213,7.75,7.84,7.05,7.21,230100
MGEE,20111213,44.77,45.35,44.54,44.67,64600
MGIC,20111213,5.54,5.65,5.5,5.53,146900
MGLN,20111213,48.62,49.91,47.25,47.37,233900
MGPI,20111213,4.71,4.78,4.43,4.72,32900
MGRC,20111213,28.2,28.2,27.25,27.34,74200
MGYR,20111213,2.52,2.55,2.52,2.55,500
MHGC,20111213,6.07,6.17,5.7,5.74,66700
MHLD,20111213,8.57,8.67,8.29,8.33,185700
MIDD,20111213,95.15,96.41,91.87,92.79,115300
MIND,20111213,20.87,20.99,20.22,20.3,273200
MINI,20111213,16.52,17,16.1,16.23,195500
MITK,20111213,8.04,8.38,7.88,7.97,288500
MITL,20111213,2.79,2.89,2.79,2.82,20200
MKSI,20111213,27.07,27.19,26.19,26.33,211300
MKTAY,20111213,33.71,33.71,32.86,32.93,2900
MKTG,20111213,8.91,8.94,8.38,8.46,68500
MKTX,20111213,28.96,29.19,27.51,27.63,127900
MLAB,20111213,40.35,40.35,40.35,40.35,300
MLHR,20111213,21.39,21.67,20.1,20.25,316900
MLNK,20111213,5.11,5.24,4.89,4.92,181400
MLNX,20111213,33.42,33.74,32.31,32.57,175900
MLVF,20111213,6,6,6,6,200
MMLP,20111213,33.2,33.2,32.66,32.92,44800
MMSI,20111213,13.5,13.65,13.32,13.39,212400
MMUS,20111213,4.45,4.73,4.45,4.45,6500
MMYT,20111213,23.86,24.16,23.86,23.97,84100
MNDO,20111213,1.9,1.95,1.9,1.9,30600
MNGL,20111213,9.52,9.52,9.52,9.52,0
MNGLU,20111213,10.15,10.15,10.15,10.15,0
MNKD,20111213,2.97,2.97,2.64,2.73,905500
MNOV,20111213,2.05,2.05,2.05,2.05,200
MNRK,20111213,6.65,6.6667,6.65,6.6667,600
MNRO,20111213,40.06,41.1,39.83,39.99,702000
MNST,20111213,48.275,48.345,47.165,47.35,840800
MNTA,20111213,15.88,16,15.63,15.85,565200
MNTG,20111213,1.8,2,1.73,1.97,50500
MNTX,20111213,4.37,4.37,4.12,4.16,22300
MOBI,20111213,3.97,3.98,3.76,3.82,49700
MOCO,20111213,15.61,15.83,15.61,15.71,3000
MOFG,20111213,14.3,14.31,14.3,14.3,2100
MOLX,20111213,24.26,24.48,23.4,23.56,676300
MOLXA,20111213,20.27,20.38,19.38,19.53,199900
MORN,20111213,59.49,59.94,57.79,58.17,66900
MOSY,20111213,2.99,3.02,2.77,2.83,64200
MOVE,20111213,6.26,6.26,5.9,5.93,604700
MPAA,20111213,7.09,7.14,6.85,6.85,82000
MPAC,20111213,6.4,6.6,6.06,6.5,18500
MPB,20111213,8,8,7.52,7.68,1600
MPEL,20111213,9.29,9.37,8.69,8.73,5958400
MPET,20111213,1.11,1.15,1.11,1.11,145400
MPWR,20111213,13.75,13.89,13.11,13.66,418100
MRCY,20111213,13.24,13.43,12.7,12.79,77600
MRGE,20111213,4.85,5.13,4.81,5,1091400
MRLN,20111213,12.98,12.99,12.53,12.7,13500
MRTN,20111213,18.59,18.75,18,18.09,57200
MRVL,20111213,14.21,14.4,13.68,13.77,10199600
MSBF,20111213,4.99,4.99,4.99,4.99,0
MSCC,20111213,17.42,17.68,16.58,16.68,406500
MSEX,20111213,18.29,18.44,17.88,17.89,37000
MSFG,20111213,8.23,8.25,7.76,7.85,77800
MSFT,20111213,25.73,26.1,25.65,25.76,54581000
MSG,20111213,29.78,30.13,29.13,29.5,171800
MSON,20111213,1.92,1.98,1.91,1.98,2100
MSPD,20111213,5.02,5.03,4.82,4.85,196200
MSTR,20111213,121.67,122.5,113.7,114.6,117600
MTEX,20111213,5.1,5.5,5.1,5.2,2200
MTGE,20111213,18.21,18.51,18.21,18.27,144100
MTRX,20111213,8.69,8.83,8.43,8.54,122200
MTSC,20111213,40.3,40.4,39.12,39.27,87100
MTSL,20111213,1.37,1.37,1.37,1.37,0
MTSN,20111213,1.35,1.4,1.28,1.31,67500
MU,20111213,5.8,5.95,5.57,5.61,20514900
MVIS,20111213,3.04,3.2,2.88,2.96,954300
MVISW,20111213,0.11,0.11,0.11,0.11,0
MWIV,20111213,68.33,68.74,67.32,68.3,86800
MXIM,20111213,25.74,26.25,25.05,25.2,3365000
MXWL,20111213,15.91,16.08,15.06,15.13,156000
MYGN,20111213,20.16,20.29,19.82,19.89,304100
MYL,20111213,20.26,20.56,19.88,20.04,8612200
MYRG,20111213,17.52,17.61,17,17.08,98700
NAFC,20111213,28.9,29.2,28.21,28.4,38600
NAII,20111213,8.6,8.74,8.48,8.59,15500
NANO,20111213,17.67,17.95,17.11,17.14,174100
NASB,20111213,10.09,10.09,9.94,10.09,4600
NATH,20111213,21.11,21.25,21.05,21.24,3800
NATI,20111213,26.07,26.31,25.06,25.15,187700
NATL,20111213,24.54,24.59,23.61,23.86,5500
NATR,20111213,15.27,15.44,14.58,14.6,42600
NAUH,20111213,7.31,7.31,6.97,7,16300
NAVG,20111213,46.85,47.74,46.2,46.45,34200
NAVR,20111213,1.69,1.69,1.61,1.64,36600
NBBC,20111213,3.76,3.85,3.71,3.71,20500
NBIX,20111213,7.5,7.68,7.35,7.5,420100
NBN,20111213,11.18,11.18,11.18,11.18,500
NBTB,20111213,21.52,21.74,20.84,20.95,78000
NBTF,20111213,19,19,19,19,300
NCBC,20111213,2.06,2.36,2.06,2.07,400
NCIT,20111213,12.39,12.39,11.78,11.98,35700
NCMI,20111213,12.77,12.98,12.39,12.45,264500
NCTY,20111213,7.07,7.09,6.92,6.92,18900
NDAQ,20111213,24.96,25.13,24.14,24.31,1855700
NDSN,20111213,47.19,47.63,45.96,46.23,325500
NECB,20111213,5.73,5.73,5.73,5.73,0
NEOG,20111213,35.88,35.9,34.64,34.82,60100
NEPT,20111213,2.75,2.76,2.6,2.65,21600
NETC,20111213,9.46,9.48,9.18,9.18,1200
NEWL,20111213,0.65,0.65,0.65,0.65,0
NEWP,20111213,13.82,14.21,13.23,13.32,235900
NEWS,20111213,10.08,10.18,9.56,9.63,95600
NEWT,20111213,1.12,1.17,1.09,1.13,17000
NFBK,20111213,14.18,14.3,13.79,13.84,34600
NFEC,20111213,0.54,0.54,0.54,0.54,200
NFLX,20111213,75.43,77.59,71.6,72.11,10380200
NFSB,20111213,12.78,12.78,12.78,12.78,0
NGPC,20111213,7.55,7.57,7.47,7.49,63100
NHTB,20111213,11.66,11.79,11.5,11.79,1600
NICE,20111213,34.24,34.46,33.25,33.43,158700
NICK,20111213,11.88,11.95,11.85,11.85,8600
NIHD,20111213,20.28,20.47,19.92,20.12,4075100
NILE,20111213,40.99,40.99,39.21,39.4,224300
NINE,20111213,1.3,1.3,1.3,1.3,0
NKSH,20111213,27,27,26.02,26.02,11500
NKTR,20111213,5.45,5.49,5.25,5.3,1486000
NLNK,20111213,6.99,6.99,6.75,6.91,53500
NLST,20111213,2.8,2.82,2.65,2.68,452200
NMRX,20111213,7.85,7.91,7.61,7.69,9900
NNBR,20111213,6.13,6.28,5.85,5.91,113600
NOVB,20111213,9.75,9.75,9.75,9.75,0
NPBC,20111213,8.39,8.43,8.08,8.17,762300
NPSP,20111213,6.21,6.32,6.02,6.13,672400
NRCI,20111213,34,34.26,34,34.05,2400
NRIM,20111213,17.5,17.72,17.5,17.5,2500
NSEC,20111213,8.82,8.82,8.46,8.56,2800
NSIT,20111213,15.57,15.71,14.94,15.09,197300
NSPH,20111213,1.35,1.39,1.29,1.37,171300
NSSC,20111213,2.16,2.21,2.1,2.2,50100
NSYS,20111213,3.01,3.09,3.01,3.02,1300
NTAP,20111213,37.54,38.97,37.5,37.92,8507200
NTCT,20111213,17.57,17.85,17.12,17.28,230200
NTES,20111213,48.01,48.32,46.77,47.16,812800
NTGR,20111213,36.76,37.13,35.43,35.65,263700
NTIC,20111213,12.45,13,12.45,12.81,1800
NTK,20111213,30,30,29,29.01,35200
NTLS,20111213,21.27,21.65,20.91,21.02,66100
NTRI,20111213,12.99,13.21,12.72,12.79,578900
NTRS,20111213,39.28,39.71,38.65,39.16,2860600
NTSC,20111213,4.48,4.59,4.39,4.58,2600
NTSP,20111213,6.93,7.24,6.82,7.06,533700
NTWK,20111213,4.7,4.7,4.3,4.5,206100
NUAN,20111213,24.83,25.07,24.16,24.41,4378900
NUCL,20111213,32.63,32.88,32.22,32.24,6400
NURO,20111213,8.82,9.18,8.4,8.4,34900
NUTR,20111213,11.26,11.4,10.65,10.74,23100
NUVA,20111213,12.76,12.82,12.14,12.2,657500
NVAX,20111213,1.43,1.43,1.28,1.31,441200
NVDA,20111213,14.72,14.9,14.04,14.13,12914800
NVEC,20111213,56.47,56.71,55.36,55.5,11700
NVGN,20111213,0.41,0.45,0.41,0.41,5600
NVMI,20111213,6.8,6.9,6.72,6.79,86700
NVSL,20111213,6.97,7,6.85,6.85,11400
NVTL,20111213,3.01,3.06,2.69,2.7,978900
NWBI,20111213,12.38,12.58,12.08,12.14,596700
NWFL,20111213,24.38,24.58,24.38,24.58,1000
NWLI,20111213,138.71,143.98,135.54,135.54,6500
NWPX,20111213,23.34,23.75,22.76,23,43400
NWS,20111213,17.96,18.12,17.64,17.7,2949500
NWSA,20111213,17.58,17.75,17.17,17.26,15626300
NXPI,20111213,16.77,16.83,14.85,15.35,2828800
NXST,20111213,7.22,7.98,7.22,7.72,25400
NXTM,20111213,17.65,17.93,16.9,17,551600
NYMT,20111213,6.78,6.84,6.66,6.73,74700
NYMX,20111213,7.93,8,7.57,7.58,73300
NYNY,20111213,0.61,0.63,0.59,0.62,82900
OABC,20111213,15.15,15.15,14.93,15,36500
OBAF,20111213,14.48,14.48,14.34,14.34,300
OBAS,20111213,5.8,5.9,5.25,5.3,27300
OBCI,20111213,2.02,2.02,1.98,2,56500
OCC,20111213,3.34,3.6,3.25,3.26,5900
OCFC,20111213,12.99,13.1,12.61,12.66,50000
OCLR,20111213,2.95,3.02,2.84,2.86,685100
OCLS,20111213,9.8,10.43,9.8,10.22,35400
OCZ,20111213,7.46,7.99,7.39,7.62,1656100
ODFL,20111213,26.5867,26.8333,25.8933,25.9933,477500
OFED,20111213,11.25,11.25,11.25,11.25,0
OFIX,20111213,34.04,34.41,32.89,33.06,65000
OFLX,20111213,13.5,13.5,13.3,13.3,2300
OGXI,20111213,11.4,11.78,11.16,11.19,44900
OIIM,20111213,4.38,4.39,4.15,4.19,83000
OINK,20111213,1.43,1.54,1.39,1.39,11900
OKSB,20111213,4.8,4.85,4.46,4.5,83100
OKSBP,20111213,17.76,18.04,17.75,18,6000
OLBK,20111213,7.99,7.99,7.99,7.99,0
OMAB,20111213,13.38,13.7,13.17,13.17,55000
OMCL,20111213,16.72,17.08,16.64,16.73,312300
OMER,20111213,4,4.09,4,4.01,13700
OMEX,20111213,2.38,2.38,2.26,2.27,370600
OMPI,20111213,9.95,10.1,9.72,9.78,35800
ONCY,20111213,3.9,3.9,3.7,3.79,74800
ONEQ,20111213,103.21,104,101.59,101.89,4500
ONFC,20111213,8.95,8.95,8.9,8.9,1300
ONNN,20111213,7.87,7.95,7.15,7.26,14810700
ONTY,20111213,8.05,8.17,7.86,8,766800
ONVI,20111213,2.95,2.95,2.81,2.93,12600
ONXX,20111213,39.28,39.91,37.88,38.21,1431300
OPEN,20111213,36.48,39.76,36.22,37.52,2185300
OPHC,20111213,0.55,0.55,0.55,0.55,0
OPLK,20111213,16.65,16.75,16,16.17,157100
OPOF,20111213,9.15,9.15,9.15,9.15,200
OPTR,20111213,11.7,12.08,11.63,11.7,765200
OPTT,20111213,3.12,3.12,3.03,3.1,26600
OPXA,20111213,4.72,4.76,4.44,4.48,35300
ORBC,20111213,3.14,3.17,2.94,3,96600
ORBK,20111213,10.09,10.2,9.81,10.02,49900
ORBT,20111213,3.42,3.5,3.38,3.5,13500
ORCL,20111213,31.69,31.9,30.6,30.83,25309900
OREX,20111213,1.67,1.69,1.61,1.62,189600
ORIG,20111213,12.86,12.9,12.4,12.52,80400
ORIT,20111213,12.86,12.91,12.56,12.6,229500
ORLY,20111213,81.1,81.21,78.57,78.91,939100
ORRF,20111213,8.17,8.27,7.9,7.93,18400
OSBC,20111213,1.35,1.35,1.26,1.26,1000
OSBCP,20111213,4.06,4.06,3.96,4.04,300
OSHC,20111213,10.06,10.25,10.06,10.07,2200
OSIR,20111213,4.94,4.94,4.77,4.78,29800
OSIS,20111213,47.81,48.34,45.01,45.08,119500
OSM,20111213,20.87,21.17,20,21.12,31300
OSN,20111213,0.95,0.95,0.9,0.94,35200
OSTK,20111213,8.1,8.15,7.8,7.91,47800
OSUR,20111213,9.37,9.49,9.06,9.16,305800
OTEX,20111213,54.96,54.96,53.24,53.46,236200
OTIV,20111213,1.24,1.25,1.22,1.22,199400
OTT,20111213,15.14,15.2,14.69,14.89,22000
OTTR,20111213,21.59,21.94,21.18,21.3,134400
OUTD,20111213,7.14,7.44,6.72,6.97,52200
OVBC,20111213,18.95,19.07,18.27,18.27,2900
OVLY,20111213,6.58,6.6,6.21,6.29,2300
OVRL,20111213,2.28,2.28,2.12,2.25,26200
OVTI,20111213,13.09,13.38,12.25,12.38,2408100
OXBT,20111213,2.04,2.29,2,2.01,33200
OXGN,20111213,1.15,1.21,1.11,1.15,747800
OXLC,20111213,14.98,14.98,14.35,14.49,11700
OZRK,20111213,27.85,28.2,27.59,27.78,259500
PAAS,20111213,23.83,25.21,23.7,23.92,1826400
PACB,20111213,2.67,2.67,2.51,2.55,140900
PACQ,20111213,9.41,9.41,9.41,9.41,0
PACQW,20111213,0.35,0.35,0.35,0.35,0
PACR,20111213,4.5,4.7,4.5,4.59,695000
PACW,20111213,18.44,18.9,18.14,18.32,162700
PAGG,20111213,26.71,26.71,26,26.04,24600
PANL,20111213,39.49,39.9,36.5,36.74,2246100
PATH,20111213,2.08,2.09,2,2.02,36800
PATK,20111213,3.81,3.81,3.45,3.46,20600
PATR,20111213,20.23,20.32,19.24,19.32,7300
PAYX,20111213,29.91,30.12,29.35,29.5,1690000
PBCT,20111213,12.61,12.66,12.25,12.34,3552100
PBHC,20111213,9.86,9.86,9.86,9.86,0
PBIB,20111213,2,2,1.95,1.95,6100
PBIP,20111213,4.95,4.95,4.95,4.95,700
PBSK,20111213,10.9,10.9,10.85,10.87,1800
PCAR,20111213,38.9,39.44,37.26,37.6,2786100
PCBK,20111213,8.62,8.7,8.28,8.29,36200
PCCC,20111213,10.63,11.02,10.36,10.42,27500
PCH,20111213,30.26,30.7,29.95,30.1,365500
PCLN,20111213,476.14,481.66,461.4,462.69,806400
PCO,20111213,2.7,2.7,2.54,2.56,219400
PCOM,20111213,7.86,8.18,7.8,7.81,61200
PCRX,20111213,8.4,8.4,8,8.17,145800
PCTI,20111213,7,7.03,6.79,6.92,15600
PCYC,20111213,12.78,14.08,12.76,13.71,3281100
PCYO,20111213,1.96,1.96,1.79,1.92,18800
PDCO,20111213,28.97,29.24,28.54,28.72,1103600
PDEX,20111213,2.05,2.1,2.05,2.08,7200
PDFS,20111213,6.25,6.42,6.18,6.25,68700
PDII,20111213,6.37,6.65,6.31,6.61,10700
PDLI,20111213,6.08,6.15,6.01,6.03,2016700
PEBK,20111213,5.5,5.5,5.25,5.3,7300
PEBO,20111213,14.32,14.5,13.9,13.91,39500
PEGA,20111213,32.09,32.57,30.44,30.62,229400
PEIX,20111213,1.25,1.25,1.1,1.15,5015100
PENN,20111213,36.18,36.31,35.12,35.14,486900
PENX,20111213,4.94,5.06,4.9,4.9,3100
PEOP,20111213,13.63,13.63,13.62,13.62,2300
PERF,20111213,19.69,19.69,17.99,17.99,1500
PERI,20111213,3.85,4.06,3.85,3.95,65800
PERY,20111213,14.2,14.3,13.34,13.51,195800
PESI,20111213,1.56,1.57,1.54,1.57,64900
PETM,20111213,49.27,49.33,48.22,48.54,693800
PETS,20111213,10.12,10.2,9.92,9.95,272600
PFBC,20111213,7.45,7.54,7.35,7.4,2800
PFBI,20111213,4.78,4.95,4.74,4.77,9700
PFBX,20111213,10.44,10.44,10.26,10.26,500
PFIN,20111213,3.8,3.8,3.8,3.8,200
PFLT,20111213,10.94,11.24,10.93,10.97,32000
PFSW,20111213,2.71,2.72,2.43,2.48,172800
PGC,20111213,10.09,10.19,10.09,10.1,3400
PGNX,20111213,7.42,7.6,7.17,7.21,153400
PGTI,20111213,1.1,1.15,1.05,1.06,41200
PHII,20111213,22,22,22,22,0
PHIIK,20111213,22.87,22.9,21.05,21.14,18400
PHMD,20111213,15.65,15.75,15.6,15.6,1900
PICO,20111213,21.76,21.92,21.25,21.31,105400
PKBK,20111213,5.9,5.9,5.65,5.65,4600
PKOH,20111213,19.58,19.58,18.4,18.61,87800
PLAB,20111213,6.14,6.22,5.88,5.91,553000
PLBC,20111213,2.5,2.5,2.5,2.5,0
PLCC,20111213,0.73,0.73,0.69,0.69,2200
PLCE,20111213,57.03,57.55,55.34,55.48,826600
PLCM,20111213,16.7,17.27,16.62,16.79,3089000
PLMT,20111213,6.04,6.04,5.93,6,2600
PLNR,20111213,1.91,1.96,1.9,1.91,23800
PLPC,20111213,53.54,53.96,52.01,52.21,9400
PLTM,20111213,18.48,18.72,18.07,18.08,4500
PLUG,20111213,2.28,2.28,2.16,2.17,98400
PLUS,20111213,28.44,28.5,27.87,27.87,11200
PLXS,20111213,28.44,28.83,27.61,27.82,224700
PLXT,20111213,2.77,2.78,2.67,2.71,169900
PMBC,20111213,3.39,3.41,3.08,3.24,6000
PMCS,20111213,5.34,5.37,5.12,5.15,4265300
PMD,20111213,9.14,9.14,8.72,8.75,2000
PMFG,20111213,20.22,20.93,19.33,19.75,64800
PMNA,20111213,10.67,10.67,10.67,10.67,0
PMTC,20111213,20.52,20.73,19.58,19.65,1298600
PMTI,20111213,8.31,8.34,7.93,7.97,47400
PNBK,20111213,1.79,1.8,1.78,1.8,600
PNFP,20111213,15.68,15.75,15.01,15.13,154000
PNNT,20111213,10.47,10.65,10.22,10.27,270400
PNQI,20111213,35.27,35.27,34.19,34.19,4500
PNRA,20111213,139.38,142.39,135.55,135.81,675300
PNRG,20111213,21.9,23.83,20.28,20.8,7000
PNTR,20111213,3.47,3.61,3.47,3.59,500
PODD,20111213,18.54,18.74,18.19,18.44,536500
POOL,20111213,29.7,29.97,28.71,28.89,260100
POPE,20111213,42.95,43,42.42,42.98,2600
POWI,20111213,35.08,35.52,33.77,33.85,198000
POWL,20111213,34.11,34.11,32.26,32.55,29800
POWR,20111213,5.76,5.76,5.36,5.37,49900
POZN,20111213,4.01,4.01,3.81,3.85,94600
PPBI,20111213,6.35,6.35,6.2,6.2,1000
PPHM,20111213,1.16,1.16,1.03,1.03,1059200
PRAA,20111213,68.66,69.37,66.25,66.78,49300
PRAN,20111213,1.53,1.53,1.48,1.49,58900
PRCP,20111213,5.03,5.1,5.01,5.1,6400
PRFT,20111213,7.82,8.02,7.8,7.87,170100
PRFZ,20111213,60.18,60.55,58.21,58.46,200400
PRGO,20111213,99.35,99.96,96.71,97.22,689300
PRGS,20111213,21.22,21.57,21.01,21.15,454800
PRGX,20111213,5.93,5.93,5.68,5.72,32100
PRIM,20111213,14.97,15.16,14.63,14.66,390300
PRKR,20111213,0.93,0.93,0.88,0.91,305100
PRLS,20111213,3.59,3.74,3.59,3.74,400
PRMW,20111213,3.27,3.34,3.03,3.07,519100
PROV,20111213,9.31,9.35,9.2,9.22,2600
PRPH,20111213,1.11,1.17,1.11,1.17,4200
PRSC,20111213,12.43,12.85,12.43,12.76,51700
PRTS,20111213,4.93,4.95,4.8,4.87,61500
PRXI,20111213,1.65,1.67,1.65,1.65,7800
PRXL,20111213,19.18,19.97,19.18,19.48,478500
PSAU,20111213,42.99,43.22,40.95,41.13,18500
PSBH,20111213,4.5,4.5,4.5,4.5,0
PSCC,20111213,30,30.1,30,30.1,700
PSCD,20111213,27.55,27.55,26.33,26.33,4300
PSCE,20111213,35.11,35.28,33.42,33.61,10300
PSCF,20111213,26.26,26.3,25.58,25.62,4900
PSCH,20111213,30.89,30.93,30.16,30.24,12600
PSCI,20111213,27.19,27.38,26.47,26.47,4400
PSCM,20111213,25.74,25.74,25.74,25.74,0
PSCT,20111213,28.44,28.44,27.46,27.48,9000
PSCU,20111213,30.1,30.42,29.87,29.87,5000
PSDV,20111213,1.36,1.36,1.19,1.2,66700
PSEC,20111213,9.27,9.35,9.13,9.17,1105500
PSEM,20111213,7.59,7.78,7.45,7.5,72200
PSMT,20111213,67.59,68.58,65.6,66.15,172000
PSTB,20111213,3.76,3.8,3.65,3.67,1264100
PSTI,20111213,2.6,2.69,2.5,2.59,127200
PSTR,20111213,2.72,2.72,2.42,2.49,15000
PSUN,20111213,1.72,1.75,1.66,1.69,1166500
PTEK,20111213,0.64,0.64,0.61,0.61,3500
PTEN,20111213,20.01,20.28,19.22,19.4,3570800
PTIE,20111213,3.76,3.97,3.69,3.74,167600
PTIX,20111213,1.99,1.99,1.86,1.86,300
PTNR,20111213,9.11,9.21,9,9.05,114200
PTRY,20111213,10.17,10.83,9.52,10.71,1620100
PTSI,20111213,9.32,9.63,9.3,9.32,1700
PTSX,20111213,1.12,1.12,1.02,1.1,2700
PULB,20111213,6.86,7.24,6.86,7.01,4600
PURE,20111213,0.48,0.48,0.41,0.44,76900
PVFC,20111213,1.61,1.62,1.58,1.61,9200
PVTB,20111213,9.8,9.86,9.38,9.45,479700
PVTBP,20111213,25.95,26,25.6,25.6,3300
PWER,20111213,4.13,4.19,3.9,3.97,1704500
PWOD,20111213,36.74,37.41,36.01,36.01,10800
PWRD,20111213,10.71,10.9,10.44,10.48,577800
PWX,20111213,12,12,11.71,11.9,1400
PXLW,20111213,2.05,2.25,1.99,2.25,193300
PZZA,20111213,37.18,37.6,36.37,36.5,238100
PZZI,20111213,5.82,5.91,5.12,5.52,373700
QABA,20111213,22.73,22.73,21.97,22.05,3400
QADA,20111213,11,11.01,10.56,10.56,90800
QADB,20111213,10.62,10.82,10.34,10.62,1200
QBAK,20111213,1.88,1.88,1.88,1.88,0
QCCO,20111213,3.69,4.11,3.69,4.05,27800
QCLN,20111213,9.89,9.89,9.56,9.63,4900
QCOM,20111213,55.39,55.73,53.79,54.19,13935900
QCOR,20111213,44.5,45.1,42.27,42.56,886600
QCRH,20111213,8.77,8.82,8.52,8.52,3200
QDEL,20111213,17.73,17.75,16.64,16.79,142200
QGEN,20111213,13.95,14.17,13.92,13.95,3434300
QKLS,20111213,22.08,22.08,19.92,19.92,15800
QLGC,20111213,15.14,15.14,14.46,14.58,669900
QLIK,20111213,29.84,29.98,27.93,28.08,970000
QLTI,20111213,6.66,6.71,6.6,6.6,49300
QLTY,20111213,10.14,10.3,9.82,9.94,55300
QNST,20111213,9.49,9.56,9.35,9.39,189300
QQEW,20111213,23.32,23.44,22.81,22.86,14400
QQQ,20111213,56.76,56.98,55.53,55.76,68557600
QQQC,20111213,14.11,14.11,13.5,13.5,1200
QQQX,20111213,13.2,13.34,13.09,13.1,91700
QQXT,20111213,21.13,21.13,20.74,20.74,7100
QSII,20111213,35.86,36.27,35.18,35.3,411600
QTEC,20111213,24.63,24.63,23.87,23.98,76000
QTWW,20111213,1.3,1.31,1.23,1.26,156000
QUIK,20111213,2.98,2.99,2.74,2.79,191200
RADA,20111213,1.88,1.95,1.88,1.89,9900
RAIL,20111213,21.28,21.6,20.03,20.15,62700
RAND,20111213,2.97,2.97,2.97,2.97,0
RAVN,20111213,29.585,29.95,28.615,28.865,30300
RBCAA,20111213,22.63,22.99,22,22.12,44400
RBCN,20111213,10.7,11.17,10.1,10.19,539300
RBNF,20111213,3.06,3.06,2.97,3.01,300
RBPAA,20111213,1.4,1.55,1.15,1.54,33800
RCII,20111213,36.63,36.75,34.86,34.99,842400
RCKB,20111213,10.37,10.4,10.17,10.24,61200
RCKY,20111213,9.17,9.18,9.02,9.08,3400
RCMT,20111213,5,5.17,4.92,5.15,19900
RCON,20111213,0.67,0.67,0.51,0.65,12000
RDA,20111213,10.9,10.9,10.44,10.5,11200
RDCM,20111213,4.42,4.51,4.34,4.5,15100
RDEN,20111213,35.73,36.42,35.52,35.92,132700
RDI,20111213,4.14,4.19,4.13,4.19,1800
RDIB,20111213,5.5,5.5,5.5,5.5,0
RDNT,20111213,2.2,2.27,2.08,2.12,86800
RDWR,20111213,14.725,14.835,14.525,14.61,127200
RECN,20111213,10.48,10.8,10.21,10.26,125300
RECV,20111213,4.72,4.82,4.25,4.25,4600
REDF,20111213,8.1,8.17,7.4,7.47,299200
REFR,20111213,3.44,3.54,3.11,3.19,83400
REGN,20111213,53.27,53.78,51.1,51.63,1004300
REIS,20111213,9.08,9.16,8.9,9.14,2100
RELL,20111213,12.45,12.58,11.97,12.01,159500
RELV,20111213,1.27,1.29,1.22,1.29,4200
RENT,20111213,14.43,14.59,13.47,13.49,48000
REXI,20111213,4.81,4.92,4.8,4.84,14800
REXX,20111213,14.63,15,13.93,14.11,682600
RFIL,20111213,3.69,3.72,3.48,3.54,11100
RFMD,20111213,5.5,5.57,5.15,5.19,6620600
RGCO,20111213,18.11,18.24,17.79,17.94,6400
RGDX,20111213,1.39,1.46,1.38,1.46,7800
RGEN,20111213,3.29,3.36,3.23,3.23,13600
RGLD,20111213,76.34,77.05,73.6,73.7,752700
RICK,20111213,8.32,8.44,8.12,8.19,33700
RIGL,20111213,7.47,7.54,7.19,7.24,193100
RIMG,20111213,11.4,11.4,11,11.11,56800
RITT,20111213,3.66,4.5,3.64,4.09,108900
RIVR,20111213,15.91,15.91,15.91,15.91,200
RJET,20111213,3.95,3.97,3.8,3.84,252600
RLOC,20111213,8.09,8.44,7.58,7.65,127100
RLOG,20111213,6.69,6.74,6.4,6.66,700
RMBS,20111213,7.39,7.54,7.09,7.13,1086600
RMCF,20111213,8.73,8.81,8.66,8.75,9200
RMKR,20111213,0.6,0.6,0.57,0.6,2800
RMTI,20111213,7.42,7.63,7.2,7.27,108700
RNET,20111213,15.89,16.03,15.75,15.76,15900
RNIN,20111213,6.15,6.3,5.75,6.3,79800
RNST,20111213,14.52,14.55,13.91,14,34600
RNWK,20111213,7.72,7.84,7.52,7.55,79700
ROCK,20111213,14.54,14.69,13.54,13.7,119300
ROCM,20111213,6.86,7,6.86,6.94,30700
ROIA,20111213,1.04,1.04,1.04,1.04,500
ROIAK,20111213,1.08,1.09,1.03,1.04,58600
ROIC,20111213,11.31,11.39,11.26,11.29,533300
ROICW,20111213,0.7,0.7,0.68,0.69,162800
ROLL,20111213,42.33,43,40.61,40.86,84400
ROMA,20111213,9.11,9.37,8.98,8.98,17000
ROSE,20111213,45.1,45.65,43.22,43.71,1329400
ROSG,20111213,3.75,4.35,3.75,4.35,97100
ROST,20111213,47.095,47.62,46.33,46.45,1135100
ROVI,20111213,26.78,26.8,25.26,25.57,1840900
ROYL,20111213,5.27,5.45,4.75,4.83,1671300
RP,20111213,25.97,26.26,25.34,25.52,179300
RPRX,20111213,5.24,5.25,4.92,4.95,15700
RPTP,20111213,6.39,6.63,6.27,6.45,800200
RPXC,20111213,13.16,13.34,12.78,12.81,238000
RRD,20111213,14.34,14.47,13.93,13.99,2024000
RRGB,20111213,28.33,28.66,27.76,27.89,200800
RRST,20111213,4.08,4.14,4,4.14,7600
RSOL,20111213,1.3,1.3,1.12,1.14,86500
RSTI,20111213,22.72,23.03,22.09,22.27,169300
RSYS,20111213,4.88,5.09,4.83,4.98,376000
RTEC,20111213,8.35,8.52,8.08,8.1,192100
RTIX,20111213,4.55,4.76,4.28,4.54,553400
RUE,20111213,23.37,23.37,21.91,22.15,169200
RUSHA,20111213,19.52,19.93,19.04,19.18,116200
RUSHB,20111213,16.1,16.22,15.67,15.78,2500
RUTH,20111213,5.19,5.23,5,5.07,161300
RVBD,20111213,26.08,26.59,24.66,24.91,2419300
RVSB,20111213,2.36,2.36,2.22,2.31,14500
RYAAY,20111213,30.32,30.39,29.28,29.34,152700
SAAS,20111213,4.71,4.75,4.63,4.67,305300
SAFM,20111213,52.29,52.54,50.6,50.88,299600
SAFT,20111213,40.36,40.5,39.25,39.43,26900
SAIA,20111213,12.71,12.83,12.25,12.33,59200
SALM,20111213,2.4,2.41,2.39,2.39,500
SANM,20111213,8.87,8.97,8.54,8.64,1388200
SANW,20111213,4.69,4.69,4.67,4.69,1900
SANWW,20111213,0.67,0.69,0.67,0.67,8200
SANWZ,20111213,0.23,0.23,0.23,0.23,0
SAPE,20111213,12.12,12.43,11.85,11.91,742300
SASR,20111213,17.51,17.81,16.82,16.95,64900
SATS,20111213,22.21,22.74,22,22.05,129700
SAVE,20111213,15.77,15.78,15.16,15.24,127700
SBAC,20111213,40.6,41.03,40.09,40.23,918000
SBBX,20111213,4.73,4.8,4.73,4.8,1100
SBCF,20111213,1.44,1.49,1.38,1.38,121100
SBGI,20111213,11.25,11.35,10.55,10.57,676100
SBLK,20111213,16.2,16.35,15.45,15.75,257300
SBNY,20111213,58.43,58.93,56.51,56.92,309900
SBNYW,20111213,34.12,34.12,34.12,34.12,200
SBRA,20111213,10.92,11.07,10.58,10.66,127800
SBSA,20111213,2.16,2.16,2.05,2.12,7200
SBSI,20111213,22.39,22.47,21.8,21.86,52100
SBUX,20111213,44.55,45,43.46,43.61,7252500
SCBT,20111213,27.99,28.09,26.92,27.06,34600
SCHL,20111213,26.82,26.83,25.05,25.21,229300
SCHN,20111213,46.78,47.11,44.6,45.09,169000
SCLN,20111213,4.6,4.6,4.45,4.46,113600
SCMP,20111213,4.05,4.19,3.85,3.87,33000
SCOK,20111213,3.03,3.04,2.7,2.88,44200
SCON,20111213,16.2,16.2,15.36,15.6,34300
SCOR,20111213,20.18,20.35,18.99,18.99,303000
SCSC,20111213,34.72,34.83,33.65,33.96,71400
SCSS,20111213,20.71,20.9,19.81,19.95,893500
SCVL,20111213,15.5733,15.8667,15.14,15.2733,60900
SDBT,20111213,2.26,2.32,2.2,2.2,7800
SDIX,20111213,1.7,1.7,1.55,1.56,32400
SEAC,20111213,7.96,7.96,7.37,7.44,149100
SEED,20111213,2.58,2.58,2.47,2.47,17700
SEIC,20111213,16.21,16.34,15.64,15.77,1010400
SENEA,20111213,22.98,23.43,22.75,23.35,32900
SENEB,20111213,21.23,21.23,21.23,21.23,0
SEV,20111213,4.97,5.33,4.75,5.31,3000
SFLY,20111213,26.08,26.72,24.5,24.67,1763600
SFNC,20111213,27.25,27.25,26.22,26.35,27700
SFST,20111213,7.23,7.23,6.8,7,2600
SGC,20111213,12.68,12.69,12.32,12.32,1000
SGEN,20111213,17.17,17.4,16.68,17.02,1619000
SGI,20111213,14.51,14.9,13.85,14.03,535000
SGMA,20111213,3.62,3.8,3.44,3.5,14100
SGMO,20111213,2.67,2.82,2.61,2.71,596400
SGMS,20111213,9.19,9.19,8.59,8.64,498000
SGNT,20111213,20.44,21.64,20.44,21.13,52200
SGOC,20111213,1.78,1.78,1.78,1.78,500
SGRP,20111213,1.15,1.15,1.06,1.06,2900
SGYPU,20111213,8,8.25,7.95,8.12,332800
SHBI,20111213,5.84,5.85,5.35,5.35,17100
SHEN,20111213,11.08,11.23,10.6,10.66,64600
SHFL,20111213,11.89,12.21,11.61,11.66,381600
SHIP,20111213,2.45,2.51,2.42,2.43,2000
SHLD,20111213,57.12,57.4,52.75,53.71,1028400
SHLM,20111213,21.39,21.75,20.78,20.91,136600
SHLO,20111213,8.62,8.66,8.03,8.1,11000
SHOO,20111213,35.76,35.86,33.99,34.2,291800
SHOR,20111213,5.84,6.07,5.84,5.94,213400
SIAL,20111213,64.06,65.02,62.59,62.96,620300
SIBC,20111213,10.62,10.89,10.61,10.72,7800
SIEB,20111213,1.57,1.57,1.57,1.57,300
SIFI,20111213,9.49,9.49,9.3,9.45,14900
SIFY,20111213,4.14,4.26,4.02,4.1,459900
SIGA,20111213,2.5,2.53,2.3,2.34,735400
SIGI,20111213,17.09,17.32,17.02,17.13,295400
SIGM,20111213,6.18,6.29,5.91,5.96,153900
SILC,20111213,18,18,17.47,17.83,3800
SIMG,20111213,4.86,4.93,4.57,4.58,741400
SIMO,20111213,20.35,21,18.75,18.85,1248600
SINA,20111213,58.51,58.89,56.02,57.01,4976800
SINO,20111213,2.1,2.16,2.04,2.12,28200
SIRI,20111213,1.8,1.85,1.79,1.8,44372900
SIRO,20111213,42.93,43.42,42.17,42.42,540800
SIVB,20111213,47.29,47.79,45.22,45.58,433400
SIVBO,20111213,25.02,25.02,25.02,25.02,200
SKBI,20111213,2.75,2.83,2.68,2.83,5800
SKUL,20111213,12.55,12.57,11.79,12.42,843000
SKYW,20111213,12.34,12.42,11.78,11.94,217900
SKYY,20111213,18.22,18.24,17.69,17.73,18800
SLAB,20111213,42.61,42.63,40.7,41.11,368700
SLGN,20111213,37.99,38.33,37.11,37.38,93000
SLM,20111213,12.9,13.12,12.78,12.94,4343400
SLMAP,20111213,40,40.4,40,40,1600
SLMBP,20111213,39.3,39.3,39.3,39.3,100
SLP,20111213,3.08,3.08,3.08,3.08,0
SLRC,20111213,22.48,22.65,21.9,22.06,387900
SLTC,20111213,3.16,3.17,3.03,3.03,800
SLTM,20111213,2.88,2.92,2.82,2.82,166500
SLXP,20111213,45.18,45.18,43.14,43.18,833900
SMBC,20111213,22.63,22.63,21.6,21.6,200
SMCI,20111213,15.34,15.44,14.6,14.71,164400
SMED,20111213,4.16,4.16,4.04,4.1,16700
SMIT,20111213,3.31,3.31,3.3,3.3,2700
SMMF,20111213,3.3,3.3,3.25,3.25,700
SMRT,20111213,6.64,6.64,6.28,6.39,92500
SMSI,20111213,1.08,1.11,1.05,1.06,382900
SMT,20111213,4.49,4.68,4.49,4.55,230200
SMTC,20111213,23.37,23.52,22.43,22.62,384300
SMTX,20111213,2.65,2.72,2.65,2.68,25900
SNAK,20111213,3.98,3.98,3.95,3.95,6600
SNBC,20111213,2.41,2.44,2.35,2.38,123700
SNCR,20111213,30.71,31.1,28.24,28.46,346400
SNDK,20111213,50.52,51.09,49.55,49.84,5960400
SNFCA,20111213,1.18,1.23,1.18,1.23,1800
SNHY,20111213,23.3,23.95,22.26,22.47,57300
SNMX,20111213,3.8,3.87,3.63,3.64,92400
SNPS,20111213,27.56,27.76,26.84,26.97,717600
SNSS,20111213,1.28,1.32,1.21,1.25,119800
SNTA,20111213,4.9,4.9,4.5,4.52,93400
SNTS,20111213,3.03,3.1,3.02,3.05,467900
SOCB,20111213,1.38,1.45,1.36,1.38,6400
SOCL,20111213,13.59,13.59,13.38,13.38,3900
SODA,20111213,35.22,35.59,33,33.17,748900
SOFO,20111213,7.69,8.16,7.4,7.71,2600
SOHU,20111213,50.24,50.45,47.35,47.7,1452600
SOMH,20111213,7.6,7.62,7.6,7.62,200
SONA,20111213,6.07,6.07,5.69,5.99,5400
SONC,20111213,7.15,7.23,6.91,6.92,286600
SONS,20111213,2.5,2.55,2.41,2.43,1224100
SORL,20111213,2.79,2.92,2.75,2.79,49200
SOXX,20111213,49.88,50.14,48.23,48.45,361300
SPAN,20111213,14.35,14.47,13.78,13.78,4200
SPAR,20111213,5.03,5.06,4.91,5,179600
SPBC,20111213,10.16,10.16,10.16,10.16,0
SPCHA,20111213,1.58,1.68,1.58,1.65,3100
SPCHB,20111213,2.26,2.31,2.07,2.09,7700
SPEX,20111213,24.8,25.2,24.2,24.8,25100
SPIL,20111213,4.24,4.3,4.2,4.22,1300300
SPIR,20111213,0.7,0.71,0.7,0.71,11300
SPLS,20111213,14.8,14.83,14.25,14.33,7985600
SPMD,20111213,2.54,2.59,2.38,2.55,85600
SPNC,20111213,7.36,7.5,7.09,7.13,125000
SPNS,20111213,3.01,3.01,2.9,2.95,31200
SPPI,20111213,14.18,14.59,13.48,13.72,1283600
SPPR,20111213,0.71,0.75,0.68,0.73,20600
SPPRO,20111213,22,22,20.76,20.76,400
SPPRP,20111213,6.77,6.77,6.77,6.77,0
SPRD,20111213,21.89,22.48,20.6,20.74,1388500
SPRO,20111213,1.85,1.86,1.84,1.84,2400
SPRT,20111213,2.03,2.06,1.98,1.99,102300
SPSC,20111213,25.51,26.77,25.32,26.03,246700
SPTN,20111213,17.87,18.23,17.5,17.69,94300
SPU,20111213,1.81,1.84,1.74,1.81,16300
SPWR,20111213,6.6,6.65,6.24,6.31,984500
SQI,20111213,15.23,15.3,14.57,14.75,57600
SQNM,20111213,3.93,3.98,3.7,3.71,1521000
SQQQ,20111213,76.64,81.76,75.8,80.8,2185800
SRCE,20111213,24.8,24.86,23.53,23.59,32700
SRCL,20111213,79.61,79.95,77.51,77.77,377400
SRDX,20111213,13.11,13.39,12.92,13,65200
SREV,20111213,14.38,14.54,13.93,14.33,893400
SSBI,20111213,5.59,5.59,5.59,5.59,11600
SSFN,20111213,5.17,5.17,5.17,5.17,100
SSNC,20111213,16.39,16.57,16.25,16.52,305200
SSRI,20111213,14.59,14.99,13.71,13.86,1708200
SSRX,20111213,11,11,10.28,10.44,78900
SSYS,20111213,31.72,32.18,30.06,30.3,147100
STAA,20111213,11.11,11.39,10.95,11.34,325600
STAN,20111213,17.2,17.4,16.71,16.74,42000
STB,20111213,6.22,6.35,6.15,6.18,142400
STBA,20111213,19.67,19.75,18.81,18.93,80500
STBZ,20111213,15.42,15.76,15.25,15.44,132900
STEC,20111213,9,9.63,8.96,9.41,2015600
STEI,20111213,5.86,5.88,5.61,5.64,430300
STEL,20111213,12.02,12.29,11.51,11.56,53200
STEM,20111213,1.42,1.78,1.42,1.66,334600
STFC,20111213,13.14,13.35,12.59,12.72,55300
STKL,20111213,5.08,5.2,5.03,5.04,86000
STLD,20111213,12.9,13.09,12.33,12.45,3440000
STLY,20111213,3.28,3.29,3.15,3.2,6300
STMP,20111213,25.72,25.9,23.77,23.86,230200
STND,20111213,15.1,15.23,15.1,15.1,21700
STNR,20111213,46.43,46.56,44.55,44.69,57300
STRA,20111213,96.47,97.98,90.15,90.95,164800
STRL,20111213,11.1,11.24,10.58,10.61,35700
STRM,20111213,1.55,1.62,1.55,1.55,5600
STRN,20111213,5.23,5.25,5.16,5.16,9600
STRS,20111213,7.17,7.76,7.17,7.76,600
STRT,20111213,21.65,21.95,21.31,21.94,3600
STSA,20111213,15.9,16.5,15.65,15.76,189100
STX,20111213,16.42,16.5,15.66,15.83,8259800
STXS,20111213,9,9.5,8.9,8.9,469000
SUBK,20111213,9.15,9.17,8.57,8.65,47000
SUMR,20111213,7.19,7.3,6.82,6.87,84900
SUNS,20111213,16.26,16.35,15.55,15.73,18400
SUPX,20111213,18.93,19.12,18.27,18.32,20100
SURG,20111213,6.39,6.39,5.83,6.21,313400
SUSQ,20111213,7.77,7.86,7.52,7.59,1673700
SUTR,20111213,1.16,1.23,1.15,1.19,24500
SVA,20111213,2.36,2.44,2.32,2.34,33400
SVBI,20111213,2.52,2.52,2.52,2.52,100
SVNT,20111213,2.17,2.2,2.09,2.09,1438400
SVVC,20111213,14.33,14.36,14.33,14.35,1900
SWHC,20111213,3.93,3.93,3.74,3.75,820400
SWIR,20111213,6.53,6.56,6.32,6.5,76200
SWKS,20111213,15.09,15.27,13.98,14.08,6766800
SWSH,20111213,3.66,3.85,3.51,3.52,1106000
SYBT,20111213,20.41,20.51,19.74,19.81,22100
SYBTP,20111213,11.25,11.25,11.25,11.25,1900
SYKE,20111213,15.8,15.99,15.23,15.29,266200
SYMC,20111213,15.98,16.11,15.58,15.66,6099000
SYMM,20111213,5.59,5.78,5.1,5.17,212700
SYMX,20111213,1.57,1.64,1.49,1.61,45800
SYNA,20111213,32.04,33,31.83,32.01,514400
SYNL,20111213,10.37,10.45,10,10.34,6700
SYNM,20111213,10.8,11,10.2,10.3,385100
SYNT,20111213,47.92,48.02,46.01,46.2,137700
SYPR,20111213,4.12,4.2,3.91,4,32200
SYUT,20111213,4.99,5.01,4.61,4.61,49800
SZYM,20111213,11.78,11.9,11.48,11.67,298300
TACT,20111213,6.55,6.65,6.41,6.5,10000
TAIT,20111213,1,1.02,0.99,1.02,12600
TASR,20111213,6.17,6.2,5.76,5.79,791400
TAST,20111213,10.62,10.62,10.11,10.14,40400
TATT,20111213,4.37,4.37,4.28,4.28,9500
TAXI,20111213,11.59,11.65,10.99,10.99,123400
TAYC,20111213,8.21,8.28,7.6,7.76,43100
TAYCP,20111213,22.98,23.02,22.98,23,3300
TAYD,20111213,7.1,7.23,7.08,7.14,1000
TBAC,20111213,1.06,1.12,1.06,1.1,8400
TBBK,20111213,7.68,7.79,7.44,7.54,93500
TBNK,20111213,19.71,19.85,19.5,19.5,29500
TBOW,20111213,1.94,1.95,1.9,1.9,13800
TCBI,20111213,29.1,29.61,27.65,27.95,390600
TCBIW,20111213,17.74,17.74,17.74,17.74,0
TCBK,20111213,14.55,14.55,13.93,13.96,20300
TCCO,20111213,7.84,7.85,7.62,7.85,1000
TCRD,20111213,11.42,11.64,11.27,11.33,43300
TEAR,20111213,1.28,1.48,1.24,1.24,312200
TECD,20111213,50.98,51.3,49.78,49.92,538400
TECH,20111213,65.51,65.75,64.9,65.24,144000
TECUA,20111213,5.14,5.25,4.72,4.78,48000
TECUB,20111213,5.11,5.11,4.93,4.93,1200
TELK,20111213,7.8,9.3,7.8,8.4,23100
TESO,20111213,12.54,12.74,12.04,12.15,127200
TESS,20111213,14.2,14.2,13.7,13.83,12300
TFCO,20111213,3.14,3.14,2.77,2.77,2100
TFM,20111213,40.76,42.07,40.3,40.73,232600
TFSL,20111213,9.14,9.19,8.96,9,305300
TGA,20111213,7.56,7.59,6.87,7.01,270600
TGE,20111213,7.38,7.53,7.3,7.37,198000
THFF,20111213,32.87,32.87,31.6,31.76,26300
THLD,20111213,1.41,1.45,1.31,1.31,124500
THOR,20111213,30.91,31.16,30.16,30.35,452800
THRD,20111213,21.77,21.77,21.77,21.77,100
THRX,20111213,23.46,23.74,22.57,22.78,309100
THTI,20111213,0.91,0.91,0.91,0.91,0
TIBX,20111213,26.63,26.84,24.46,24.65,5486600
TICC,20111213,9.11,9.22,8.91,8.99,232000
TIGR,20111213,2.11,2.11,2.05,2.05,7300
TINY,20111213,3.69,3.72,3.53,3.54,78900
TISA,20111213,2.11,2.17,2.07,2.15,17800
TITN,20111213,22.33,22.33,21.12,21.37,305100
TIVO,20111213,9.59,9.76,9.48,9.49,1929300
TKMR,20111213,1.61,1.61,1.61,1.61,0
TLAB,20111213,4.09,4.11,3.9,3.94,2351300
TLF,20111213,4.64,4.82,4.64,4.82,800
TMNG,20111213,1.64,1.7,1.48,1.69,10800
TNAV,20111213,8.39,8.41,8.05,8.07,87400
TNGO,20111213,14.01,14.3,13.57,14.25,135300
TOFC,20111213,8.2,8.2,8.2,8.2,0
TOPS,20111213,2.52,2.57,2.42,2.49,4300
TORM,20111213,14.89,14.89,14.89,14.89,0
TOWN,20111213,12.55,12.6,12.03,12.09,123600
TPGI,20111213,3.14,3.16,3.09,3.11,33500
TQNT,20111213,4.64,4.73,4.34,4.37,3154400
TQQQ,20111213,35.6,36.015,33.315,33.75,1206100
TRAK,20111213,27.41,27.64,26.43,26.54,433300
TREE,20111213,5.63,5.65,5.47,5.6,1100
TRGT,20111213,7.88,7.88,7.52,7.7,862400
TRIB,20111213,10.41,10.5,10.33,10.42,23000
TRIT,20111213,4.22,4.36,4.2,4.2,44500
TRLG,20111213,35.07,35.73,33.17,33.53,274600
TRMB,20111213,22.095,22.22,21.525,21.775,772200
TRMD,20111213,7.5,7.7,6.9,6.9,63400
TRMK,20111213,22.9,22.99,22,22.17,299200
TRNS,20111213,11.4,11.55,10.79,11.55,1900
TRNX,20111213,18.18,18.55,17.35,17.4,102900
TROW,20111213,56.35,56.77,54.47,55.03,2153800
TRS,20111213,18.73,18.87,17.67,17.87,209600
TRST,20111213,5.41,5.48,5.27,5.3,251300
TSBK,20111213,3.93,3.94,3.93,3.94,400
TSCO,20111213,74.57,75.25,72.23,72.76,607900
TSEM,20111213,9.45,9.6,9.3,9.3,448700
TSLA,20111213,30.57,30.93,28.91,29.45,994000
TSON,20111213,1.67,1.82,1.67,1.78,254900
TSPT,20111213,7.3,7.36,6.8,7.04,234500
TSRA,20111213,16.36,16.36,15.73,15.85,380800
TSRI,20111213,4,4,3.96,4,3100
TSRX,20111213,7.14,7.23,6.96,7,100900
TST,20111213,1.77,1.79,1.69,1.73,107400
TSTC,20111213,4.78,4.9,4.77,4.86,43800
TSYS,20111213,2.46,2.47,2.25,2.28,3733600
TTEC,20111213,16.48,16.65,15.9,16.01,141200
TTEK,20111213,22.17,22.22,21.33,21.48,311200
TTGT,20111213,6.38,6.45,6.19,6.26,64900
TTHI,20111213,1.34,1.35,1.24,1.29,58900
TTMI,20111213,11.38,11.46,10.93,11.01,434300
TTWO,20111213,14.33,14.37,13.67,13.82,3219400
TUES,20111213,3.19,3.25,3.06,3.11,201900
TWER,20111213,2.21,2.22,2.1,2.1,185800
TWGP,20111213,20.74,20.92,20.05,20.09,288600
TWIN,20111213,38.54,38.86,36,36.3,139900
TWMC,20111213,2.31,2.31,2.25,2.27,400
TWTC,20111213,19.35,19.75,18.94,19.03,2629800
TXCC,20111213,3.01,3.28,3.01,3.06,147000
TXN,20111213,29.35,29.5,28.32,28.41,10966700
TXRH,20111213,14.71,14.71,14.16,14.22,522300
TYPE,20111213,15.88,16.23,15.52,15.59,226000
TZOO,20111213,29.38,29.88,26.8,26.95,652200
TZYM,20111213,3.02,3.02,2.86,2.87,8000
UACL,20111213,16.89,16.89,15.71,15.92,10200
UBCP,20111213,8.25,8.44,8.25,8.44,4400
UBFO,20111213,2.28,2.35,2.28,2.28,6200
UBNK,20111213,15.7,15.7,15.31,15.31,36100
UBNT,20111213,20.02,21.14,19.7,20.82,282700
UBOH,20111213,7.15,7.25,7.05,7.05,11400
UBPS,20111213,5.77,5.77,5.77,5.77,0
UBSH,20111213,13.04,13.09,12.3,12.39,35700
UBSI,20111213,28.34,28.49,27.29,27.51,332800
UCBA,20111213,5.66,5.76,5.66,5.71,3000
UCBI,20111213,6.61,6.61,6.25,6.33,130200
UCFC,20111213,1,1,0.96,1,19000
UCTT,20111213,6.31,6.33,6.1,6.12,123700
UEIC,20111213,16.39,16.43,15.27,15.86,147400
UEPS,20111213,7.55,7.76,7.53,7.71,300300
UFCS,20111213,19.5,19.89,19.02,19.26,60500
UFPI,20111213,29.32,30,28.21,28.63,129400
UFPT,20111213,15.04,15.18,15,15.11,8200
UG,20111213,15.09,15.16,15.08,15.16,2800
UHAL,20111213,83.65,84.19,81.26,81.72,49100
ULBI,20111213,4.49,4.49,4.27,4.27,17800
ULGX,20111213,0.92,0.98,0.91,0.98,23200
ULTA,20111213,73.15,73.75,69.71,70.62,775600
ULTI,20111213,70.08,70.51,68.01,68.46,204800
ULTR,20111213,2.88,2.9,2.62,2.72,79000
UMBF,20111213,35.41,35.68,34.27,34.58,111000
UMPQ,20111213,12.73,12.82,12.27,12.37,867000
UNAM,20111213,11.79,11.79,11.79,11.79,0
UNB,20111213,18.85,18.85,18.85,18.85,200
UNFI,20111213,37.9,38.74,37.75,37.93,299900
UNIS,20111213,3.5,3.58,3.3,3.34,216800
UNTD,20111213,5.21,5.3,5.11,5.13,746900
UNTK,20111213,5.24,5.25,4.9,4.91,52000
UNTY,20111213,6.4,6.4,6.3,6.4,1500
UNXL,20111213,5.59,5.85,5.3,5.68,8000
UPI,20111213,4.46,4.57,4.26,4.3,45900
URBN,20111213,29.09,29.54,27.65,27.87,12447600
URRE,20111213,9.1,9.2,8.3,8.3,616400
USAK,20111213,7.86,7.92,7.76,7.84,900
USAP,20111213,35.67,35.77,32.34,32.48,41200
USAT,20111213,1.02,1.15,1.01,1.04,777100
USATP,20111213,16.76,16.76,16.76,16.76,0
USATZ,20111213,0.5,0.5,0.5,0.5,1400
USBI,20111213,4.5,4.75,4.5,4.75,5000
USCR,20111213,2.72,3,2.7,2.91,43900
USEG,20111213,2.74,2.79,2.66,2.67,159500
USLM,20111213,56.58,56.72,55.49,55.76,5700
USMO,20111213,13.87,14,13.53,13.56,132700
USTR,20111213,31.87,32.14,30.56,30.78,153300
UTEK,20111213,23.84,24.11,22.51,22.76,180300
UTHR,20111213,42.06,42.43,41.14,41.67,1499200
UTIW,20111213,13.75,13.95,13.18,13.36,441600
UTMD,20111213,26.68,26.68,26.68,26.68,0
UTSI,20111213,4.47,4.53,4.14,4.35,1676500
UVSP,20111213,14.5,14.5,13.77,13.99,28500
VALU,20111213,10.66,10.99,10.51,10.52,9600
VALV,20111213,0.81,0.81,0.72,0.72,62300
VASC,20111213,11.27,11.38,11.01,11.05,47400
VBFC,20111213,1.4,1.4,1.4,1.4,400
VCBI,20111213,6.81,6.9,6.65,6.65,58100
VCIT,20111213,81.39,81.78,81.25,81.74,101800
VCLK,20111213,15.86,16.03,15.29,15.34,936000
VCLT,20111213,83.93,85.32,83.89,84.8,51700
VCSH,20111213,77.69,77.73,77.62,77.7,125100
VDSI,20111213,8.05,8.11,7.41,7.46,226600
VECO,20111213,23.23,23.42,22.09,22.22,1091800
VELT,20111213,6.77,6.8,6.24,6.33,831200
VGIT,20111213,65.3,65.61,65.3,65.6,10600
VGLT,20111213,73.24,74.33,73.08,74.04,9000
VGSH,20111213,61.08,61.14,61.01,61.12,48800
VIA,20111213,47.51,48.5,46.97,47.95,65700
VIAB,20111213,43.34,43.66,42.85,43,3898800
VIAS,20111213,17.24,17.24,16.61,16.61,4000
VICL,20111213,4.56,4.64,4.36,4.38,526300
VICR,20111213,8.33,8.33,7.8,7.85,61800
VIDE,20111213,5.23,5.3,5.15,5.29,8200
VIFL,20111213,5.74,5.74,5.4,5.55,1700
VIMC,20111213,1.69,1.69,1.56,1.67,37400
VIRC,20111213,1.6,1.6,1.51,1.51,8400
VISN,20111213,26.4,27.2,26,26.6,39900
VITC,20111213,6.49,6.5,6.38,6.46,34100
VIVO,20111213,19.23,19.25,18.57,18.69,302600
VLCCF,20111213,15.55,15.75,15.03,15.09,128200
VLGEA,20111213,29.51,29.86,28.56,28.62,8900
VLTR,20111213,24.41,24.85,23.93,24,126900
VLYWW,20111213,1.75,1.75,1.75,1.75,0
VMBS,20111213,52.13,52.23,52.07,52.11,38900
VMED,20111213,21.52,21.79,21.17,21.66,8501300
VNDA,20111213,4.63,4.68,4.5,4.51,469700
VNET,20111213,8.95,9.05,8.79,8.99,96500
VNQI,20111213,42.1,42.35,41.36,41.47,22600
VOCS,20111213,22.64,23.05,21.55,21.69,98900
VOD,20111213,27.53,27.82,27.26,27.37,8745500
VOLC,20111213,22.02,22.73,22,22.6,638600
VONE,20111213,57.19,57.25,55.94,56.11,16300
VONG,20111213,59.46,59.46,58.41,58.44,3600
VONV,20111213,54.59,54.78,53.58,53.71,2000
VOXX,20111213,7.62,7.73,7.15,7.3,121500
VPFG,20111213,12.54,12.74,12.14,12.21,86100
VPHM,20111213,23.5,24.02,23.48,23.59,719300
VPRT,20111213,34.12,34.53,33.14,33.29,572600
VRA,20111213,36.97,37.08,35.02,35.75,794500
VRML,20111213,1.3,1.4,1.3,1.35,185400
VRNM,20111213,2.59,2.63,2.55,2.55,7400
VRNT,20111213,28.38,28.79,27.38,27.57,125700
VRSK,20111213,38.43,38.94,38.22,38.54,773000
VRSN,20111213,33.95,34.24,33.26,33.37,1279900
VRTA,20111213,1.12,1.12,1.1,1.1,3600
VRTB,20111213,1.19,1.25,1.19,1.19,2900
VRTS,20111213,76.41,76.81,73.33,73.65,13000
VRTU,20111213,15.59,15.87,14.75,14.97,76600
VRTX,20111213,29.56,29.62,28.49,28.66,2224000
VSAT,20111213,47.88,49.16,47.28,47.6,310100
VSBN,20111213,10.1,10.1,10.1,10.1,0
VSCI,20111213,2.08,2.16,2.08,2.12,18600
VSCP,20111213,0.88,0.95,0.88,0.92,8900
VSEC,20111213,25.16,25.16,23.89,24.02,4900
VTHR,20111213,57.08,57.08,55.99,56,2000
VTNC,20111213,5.59,5.74,5.4,5.61,67800
VTSS,20111213,2.45,2.5,2.35,2.37,49400
VTUS,20111213,8,8.05,7.78,8,6700
VTWG,20111213,61.72,61.72,59.27,59.53,22400
VTWO,20111213,59.08,59.16,57.88,57.88,23300
VTWV,20111213,56.23,56.23,56.23,56.23,0
VVTV,20111213,2.1,2.1,1.91,1.97,356900
VVUS,20111213,10.47,10.61,10.22,10.25,1097900
VXUS,20111213,42.22,42.43,41,41.18,771400
VYFC,20111213,4.85,4.88,4.54,4.54,500
WABC,20111213,42.63,43.27,41.29,41.59,168000
WAFD,20111213,13.42,13.56,13.07,13.17,613200
WASH,20111213,23.55,23.6,22.61,22.72,44300
WAVX,20111213,2.27,2.35,2.22,2.23,367700
WAYN,20111213,7.25,7.4,7.21,7.24,2100
WBCO,20111213,11.14,11.15,10.76,10.8,31700
WBKC,20111213,14.4,14.4,13.92,13.92,1000
WBMD,20111213,35.09,35.81,34.55,34.67,654900
WBSN,20111213,18.21,18.5,17.94,18,307400
WCRX,20111213,15.15,15.3,14.28,14.37,1967400
WDC,20111213,32.04,32.2,30.86,31.06,3346700
WDFC,20111213,39.98,40.83,39.51,39.89,82300
WEBM,20111213,3.57,3.85,3.5,3.57,19100
WERN,20111213,23.96,23.96,23.01,23.1,696400
WETF,20111213,5.93,6,5.59,5.68,224800
WEYS,20111213,24.37,24.37,23.32,23.36,7600
WFD,20111213,7.18,7.23,6.94,6.97,68500
WFM,20111213,68.66,68.98,67.11,67.51,921000
WIBC,20111213,3.34,3.37,3.16,3.19,149200
WIFI,20111213,8.43,8.45,8.3,8.34,65600
WILC,20111213,4.6,4.63,4.59,4.63,16100
WILN,20111213,5.26,5.27,4.99,5,62900
WIN,20111213,11.68,11.77,11.46,11.53,5734300
WINA,20111213,53.8,53.92,53.53,53.53,2000
WIRE,20111213,26.49,26.89,25.61,25.8,55000
WLB,20111213,10.58,11,10.29,10.3,50700
WLBPZ,20111213,25.25,25.25,25.25,25.25,100
WLDN,20111213,3.92,3.98,3.91,3.98,4300
WLFC,20111213,11.11,11.21,10.92,10.92,2000
WMAR,20111213,10.17,10.23,9.78,9.83,26500
WMGI,20111213,15.14,15.25,14.78,14.89,324200
WOOD,20111213,36.4,36.4,35.33,35.49,15100
WOOF,20111213,19.75,19.78,19.04,19.15,331900
WPCS,20111213,1.77,1.77,1.7,1.7,5700
WPPGY,20111213,51.22,51.45,49.05,49.74,165600
WPRT,20111213,29.97,29.98,28.95,29.15,634800
WRES,20111213,3.02,3.12,2.83,2.85,196000
WRLD,20111213,68.97,69.5,67.76,68.12,88500
WRLS,20111213,7.35,7.63,7.34,7.55,110200
WSB,20111213,2.54,2.54,2.54,2.54,0
WSBC,20111213,19.61,19.66,18.78,18.89,52600
WSBF,20111213,2.04,2.19,2.04,2.17,10300
WSCI,20111213,5.2,5.43,5.17,5.43,8300
WSFS,20111213,35.54,35.54,34.53,34.81,16000
WSTG,20111213,12.03,12.03,11.69,11.72,800
WSTL,20111213,2.14,2.14,2.04,2.04,158900
WTBA,20111213,9.26,9.27,8.54,8.71,23200
WTFC,20111213,27.7,28,26.85,26.99,192200
WTFCW,20111213,13.2,13.2,13.2,13.2,100
WVFC,20111213,9.05,9.08,9.02,9.06,1100
WVVI,20111213,3.01,3.01,3,3.01,800
WWD,20111213,40.59,40.85,38.54,39.03,301500
WWWW,20111213,9.72,9.8,9.19,9.42,312600
WYNN,20111213,109.33,110.49,103.77,104.41,2766100
XBKS,20111213,4.34,4.34,3.61,3.61,1200
XIDE,20111213,2.61,2.66,2.43,2.48,959600
XLNX,20111213,32.51,32.83,31.44,31.58,3738800
XNPT,20111213,3.99,4.14,3.91,3.93,274400
XOMA,20111213,1.49,1.49,1.41,1.43,148000
XRAY,20111213,35.96,36.13,35.02,35.18,939800
XRTX,20111213,14.25,14.53,13.82,13.9,342700
XTEX,20111213,16.16,16.27,15.51,15.7,123800
XTXI,20111213,12.89,13.22,12.5,12.62,358600
XWES,20111213,3.1,3.1,3.05,3.06,49400
XXIA,20111213,11.64,11.88,11.17,11.24,399700
YAVY,20111213,1.68,1.72,1.63,1.63,8200
YHOO,20111213,15.54,15.74,15.35,15.42,15584300
YNDX,20111213,18.7,18.87,17.92,18.49,1474400
YORW,20111213,17.12,17.29,16.92,16.96,22000
Z,20111213,24.35,24.49,22.55,22.59,47600
ZAGG,20111213,10.37,10.6,9.5,9.5,1218900
ZBRA,20111213,37.42,37.77,36.18,36.39,126200
ZEUS,20111213,24.15,24.81,22.94,23.19,62800
ZGNX,20111213,1.68,1.68,1.57,1.59,118800
ZHNE,20111213,0.89,0.89,0.85,0.86,12100
ZIGO,20111213,18.51,18.65,17.37,17.54,70700
ZINC,20111213,9.31,9.45,8.54,8.62,438600
ZION,20111213,15.35,15.51,14.91,15.04,4214000
ZIONW,20111213,2.68,2.68,2.6,2.6,2800
ZIOP,20111213,4.5,4.56,4.29,4.32,336000
ZIPR,20111213,1.05,1.1,1.04,1.06,26100
ZIXI,20111213,2.78,2.88,2.67,2.72,455900
ZLCS,20111213,1.17,1.19,1.08,1.08,581200
ZLTQ,20111213,12.3,12.42,11.92,12.1,105600
ZN,20111213,2.49,2.49,2.29,2.3,104900
ZOLT,20111213,8.03,8.21,7.52,7.64,284200
ZOOM,20111213,1.31,1.35,1.25,1.29,242300
ZUMZ,20111213,29.84,30.4,28.5,28.56,984400
