<ticker>,<date>,<open>,<high>,<low>,<close>,<vol>
AACC,20111219,3.45,3.7,3.45,3.58,13700
AAME,20111219,2,2,1.98,1.98,2200
AAON,20111219,21.35,21.4,20.4,20.46,73800
AAPL,20111219,382.47,384.85,380.48,382.21,8411700
AAWW,20111219,38.19,38.19,36.03,36.23,182000
AAXJ,20111219,49.02,49.25,48.22,48.45,1662100
ABAX,20111219,27.96,28.21,27.22,27.29,106500
ABCB,20111219,10.24,10.3,9.95,9.96,33400
ABCD,20111219,2.95,3,2.87,2.9,35200
ABCO,20111219,36.31,36.31,35.45,35.49,63400
ABFS,20111219,17.99,18.38,17.33,17.41,277800
ABIO,20111219,8.04,8.1,7.5,7.98,51100
ABMD,20111219,18.3,19.04,18.16,18.25,524400
ABTL,20111219,3.7,3.95,3.7,3.95,22000
ACAD,20111219,1.05,1.14,1.05,1.11,271500
ACAS,20111219,6.83,6.88,6.42,6.48,4119200
ACAT,20111219,19.21,19.58,18.57,18.62,91900
ACCL,20111219,6.62,6.87,6.37,6.37,131600
ACET,20111219,7,7,6.76,6.81,85800
ACFC,20111219,1.88,1.96,1.69,1.96,15300
ACFN,20111219,5.55,5.66,5.51,5.54,13400
ACGL,20111219,37.26,37.32,36.42,36.48,596400
ACHC,20111219,9.55,10.1,8.8,9.85,107400
ACHN,20111219,7.51,7.9,7.51,7.73,632300
ACIW,20111219,29.09,29.51,28.48,28.55,196000
ACLS,20111219,1.29,1.29,1.18,1.2,569100
ACNB,20111219,13.62,13.65,13.35,13.45,5500
ACOR,20111219,21.82,22.27,21.8,21.93,296100
ACPW,20111219,3.35,3.4,3.15,3.15,788100
ACRX,20111219,2.77,2.77,2.58,2.58,5500
ACTG,20111219,31.07,31.53,30.74,30.91,238600
ACTS,20111219,1.87,1.88,1.81,1.88,15600
ACUR,20111219,3.82,3.82,3.4,3.42,37700
ACWI,20111219,41.3,41.5,40.71,40.84,1070900
ACWX,20111219,36.06,36.21,35.68,35.69,753500
ACXM,20111219,12.32,12.44,11.75,11.77,474700
ADAT,20111219,1.42,1.46,1.28,1.44,257800
ADBE,20111219,28.06,28.29,27.4,27.5,6635700
ADEP,20111219,2.52,2.52,2.34,2.38,10000
ADES,20111219,20.21,23.15,20.21,22.1,343300
ADI,20111219,34.18,34.37,33.38,33.46,2761200
ADP,20111219,51.76,52.37,51.29,51.45,1757400
ADRA,20111219,21.91,22.24,21.69,21.69,3000
ADRD,20111219,18.04,18.13,17.81,17.82,36700
ADRE,20111219,37.07,37.22,36.41,36.49,58000
ADRU,20111219,17.92,17.92,17.9,17.9,300
ADSK,20111219,31.39,31.39,30.08,30.2,3965500
ADTN,20111219,28.51,28.72,27.71,27.84,671200
ADUS,20111219,3.53,3.59,3.46,3.59,29000
ADVS,20111219,24.42,24.83,24.23,24.29,257000
AEGN,20111219,14.6,15.09,14.02,14.28,230300
AEGR,20111219,16.47,16.5,16.16,16.24,37400
AEHR,20111219,0.55,0.79,0.55,0.59,15000
AEIS,20111219,10.12,10.61,9.95,10.01,389700
AEPI,20111219,27.21,27.43,26.35,26.73,19800
AERL,20111219,5.96,6,5.77,5.78,26500
AETI,20111219,4.32,4.5,4.32,4.48,25200
AEY,20111219,2.11,2.12,2.05,2.05,14600
AEZS,20111219,9.42,9.72,9.06,9.3,759200
AFAM,20111219,15.01,15.16,14.78,14.91,131800
AFCB,20111219,12,12,12,12,0
AFCE,20111219,14.79,15.03,14.29,14.36,54100
AFFX,20111219,3.83,3.88,3.68,3.7,926000
AFFY,20111219,6.39,6.5,6.05,6.05,1221400
AFOP,20111219,7.75,7.94,7.74,7.78,16100
AFSI,20111219,23.07,23.61,23.03,23.41,561300
AGEN,20111219,2.22,2.3,2.15,2.19,41100
AGII,20111219,28.93,29.27,28.2,28.25,70600
AGNC,20111219,29.16,29.21,28.81,28.96,10626300
AGYS,20111219,7.57,7.8,7.05,7.12,227800
AHGP,20111219,50.23,50.49,49.55,49.94,49300
AHPI,20111219,3.17,3.17,3.17,3.17,62300
AIMC,20111219,18.14,18.35,17.41,17.46,143100
AINV,20111219,6.24,6.29,5.97,5.99,4272500
AIRM,20111219,27.0367,28.0833,27.0367,27.4933,52700
AIRT,20111219,8.13,8.6,8.13,8.2,5000
AIXG,20111219,11.79,11.82,11.46,11.47,216700
AKAM,20111219,26.72,27.15,26.5,26.56,3332000
AKRX,20111219,11,11.39,10.84,10.89,1272300
ALCO,20111219,18.64,18.88,18.29,18.3,8900
ALGN,20111219,24,24.41,23.68,23.8,638300
ALGT,20111219,54.65,54.93,53.62,54.06,127500
ALIM,20111219,1.25,1.28,1.15,1.17,306700
ALKS,20111219,15.61,16.06,15.61,15.74,1289200
ALLB,20111219,10.25,10.35,10.24,10.35,10800
ALLT,20111219,17.26,17.49,16.48,16.61,337100
ALNY,20111219,7.8,7.93,7.61,7.62,145800
ALOG,20111219,55.5,56.27,54.3,54.4,37300
ALOT,20111219,7.15,7.15,7.15,7.15,700
ALSK,20111219,4.48,4.54,4.2,4.22,655600
ALTE,20111219,22.93,23.06,22.57,22.63,400500
ALTI,20111219,0.86,0.87,0.8,0.8,83000
ALTR,20111219,33.97,34.56,33.91,34.07,4600200
ALVR,20111219,10,10,9.5,9.6,53400
ALXA,20111219,6.2,7.7,6.1,7.1,1799700
ALXN,20111219,66.86,68.17,66.51,67.24,1328000
AMAG,20111219,18.87,19.13,18.33,18.37,147700
AMAP,20111219,9.44,9.57,8.95,8.95,49500
AMAT,20111219,10.33,10.5,10.11,10.13,11818900
AMBT,20111219,5.98,6.5,5.85,5.85,5400
AMCC,20111219,6.89,6.94,6.42,6.42,764800
AMCF,20111219,3.31,3.31,3.1,3.1,22400
AMCN,20111219,3.48,3.5,3.24,3.3,110700
AMCX,20111219,36.51,37.24,35.93,37,264200
AMED,20111219,10.44,10.55,9.98,10.02,331400
AMGN,20111219,60.32,61.12,59.97,60.17,8013100
AMIC,20111219,4.12,4.45,4.12,4.45,1000
AMKR,20111219,4.18,4.22,4.08,4.08,1027300
AMNB,20111219,18.99,19.22,18.76,19.11,13600
AMOT,20111219,5.6,5.6,5.16,5.16,3100
AMOV,20111219,22.22,22.22,20.88,20.88,10300
AMPE,20111219,4.35,5.05,4.35,4.97,173800
AMRB,20111219,4.65,4.65,4.65,4.65,0
AMRI,20111219,2.66,2.7,2.56,2.56,73700
AMRN,20111219,6.35,6.49,6.2,6.23,1077000
AMRS,20111219,10.35,10.47,9.9,9.95,112800
AMSC,20111219,3.73,3.73,3.49,3.5,617400
AMSF,20111219,23.4,23.63,22.92,23.01,88500
AMSG,20111219,25.8,26.22,25.62,25.65,131000
AMSWA,20111219,9.1,9.1,8.91,9.04,168200
AMWD,20111219,11.57,12.06,10.89,10.91,98500
AMZN,20111219,182.03,183.17,179,179.33,4535000
ANAC,20111219,6.04,6.33,5.81,5.85,76100
ANAD,20111219,2.12,2.19,2.02,2.02,439700
ANAT,20111219,70.57,70.94,69.2,70.83,36100
ANCB,20111219,6.08,6.08,6.08,6.08,0
ANCI,20111219,1.17,1.23,1.17,1.2,23700
ANCX,20111219,8.31,8.48,8.31,8.32,2900
ANDE,20111219,42.99,43.74,42.37,42.5,111500
ANEN,20111219,16.8,16.88,15.84,15.89,123200
ANGI,20111219,16.15,16.25,15,15.65,121600
ANGO,20111219,14.54,14.6,14.15,14.22,74800
ANIK,20111219,8.68,8.84,8.67,8.84,41400
ANLY,20111219,5.15,5.94,5.15,5.8,114400
ANSS,20111219,59.53,60.1,57.87,58.01,248300
ANTH,20111219,6.58,6.58,6.11,6.17,42900
ANTP,20111219,2.05,2.15,1.9,1.97,110400
AOSL,20111219,7.6,7.79,7.46,7.48,44700
APAGF,20111219,81.7,83.3,80.51,80.52,13800
APEI,20111219,41.84,42.82,41.75,41.9,215700
APFC,20111219,7.5,7.64,7.2,7.45,1600
APOG,20111219,11.89,12.34,11.4,11.48,113700
APOL,20111219,50.3,51.16,49.84,50.31,1393800
APPY,20111219,7.8,8.7,6,8.4,217700
APRI,20111219,4.95,5.13,4.69,4.85,168000
APSA,20111219,15.58,17.59,15.58,16.43,4300
APWC,20111219,2.7,2.72,2.65,2.65,1700
ARAY,20111219,4.26,4.3,4.17,4.2,336800
ARCC,20111219,14.86,14.9,14.62,14.65,1398800
ARCI,20111219,5.16,5.17,4.92,5.01,21600
ARCP,20111219,10.16,10.35,10.05,10.05,28900
ARCW,20111219,2.97,2.98,2.97,2.98,500
ARDNA,20111219,91.36,92.28,89.11,89.56,1600
AREX,20111219,29.52,30.1,28.07,28.32,342200
ARIA,20111219,11.43,11.8,11.36,11.4,3926800
ARII,20111219,24.04,24.48,23.06,23.34,63100
ARKR,20111219,13.01,13.68,13,13.1,800
ARLP,20111219,73.99,74.85,72.49,73.5,72500
ARMH,20111219,25.9,26.09,25.7,25.75,2739400
ARNA,20111219,2.06,2.12,1.99,2.01,1780900
AROW,20111219,23.31,23.45,22.52,22.59,27300
ARQL,20111219,5.41,5.5,5.12,5.14,160400
ARRS,20111219,10.21,10.45,10.08,10.1,913200
ARRY,20111219,2.33,2.38,2.16,2.18,189200
ARTC,20111219,30.77,31.17,30.58,30.87,226100
ARTNA,20111219,18.66,18.74,18.46,18.52,30800
ARTW,20111219,5.51,5.51,5.07,5.07,3500
ARTX,20111219,1.2,1.24,1.2,1.24,5300
ARUN,20111219,18.41,18.73,17.43,17.58,5904800
ARWR,20111219,4.1,4.29,4.05,4.14,21500
ASBB,20111219,11.65,11.75,11.62,11.67,31700
ASBC,20111219,10.45,10.48,10.19,10.31,1481500
ASBCW,20111219,0.87,0.88,0.85,0.88,2500
ASBI,20111219,3.9,3.9,3.9,3.9,2200
ASCA,20111219,18.01,18.3,17.43,17.51,278400
ASCMA,20111219,50,50.24,48.34,48.48,31200
ASEI,20111219,67.81,68.34,66.44,66.66,29200
ASFI,20111219,7.89,8.08,7.84,8,18100
ASIA,20111219,6.97,7.09,6.78,6.87,992800
ASMI,20111219,27.28,27.35,26.66,26.66,26600
ASML,20111219,39.63,39.79,39,39.05,1368000
ASNA,20111219,14.19,14.72,14.185,14.385,1439400
ASPS,20111219,49.93,50.09,49.42,49.55,71900
ASRV,20111219,2.01,2.02,1.9,1.9,1700
ASRVP,20111219,25.55,25.55,25.5,25.5,300
ASTC,20111219,0.68,0.68,0.6,0.64,21900
ASTE,20111219,31.97,32.31,30.56,30.72,83300
ASTI,20111219,0.51,0.55,0.47,0.5,96200
ASTM,20111219,1.88,1.93,1.76,1.79,226700
ASTX,20111219,1.66,1.69,1.62,1.63,138500
ASUR,20111219,4.16,4.2933,3.8933,4.1,16400
ASYS,20111219,8.24,8.5,7.98,8,126700
ATAI,20111219,8.99,9.04,8.98,8.98,300
ATAX,20111219,5,5.01,4.9,4.95,137100
ATEA,20111219,2.92,2.92,2.7,2.84,4400
ATEC,20111219,1.62,1.64,1.51,1.52,304400
ATHN,20111219,49.14,50,46.5,48.02,1482000
ATHX,20111219,1.73,1.89,1.72,1.77,79200
ATLO,20111219,18.39,18.69,18.27,18.31,11300
ATMI,20111219,20.01,20.17,19.31,19.42,93400
ATML,20111219,8.15,8.2,7.75,7.78,5426400
ATNI,20111219,39.29,39.58,38,38.07,20600
ATNY,20111219,3.32,3.5,3.26,3.32,10700
ATRC,20111219,10.97,11.3,10.88,11,39600
ATRI,20111219,238.56,241.9,234.35,234.35,2100
ATRM,20111219,0.6,0.63,0.6,0.6,3900
ATRO,20111219,36.04,36.15,35.25,35.37,57200
ATSG,20111219,4.94,4.99,4.58,4.6,178400
ATVI,20111219,11.92,11.97,11.62,11.65,8953200
ATX,20111219,11.4,11.47,11.19,11.19,9500
AUBN,20111219,19.16,19.17,19.16,19.17,600
AUDC,20111219,3.69,3.78,3.63,3.69,147400
AUXL,20111219,18.58,19.25,18.57,18.58,518200
AVAV,20111219,31.89,32.02,30.62,30.67,137900
AVEO,20111219,15.74,16.08,15.47,15.55,293300
AVGO,20111219,28.83,28.83,27.39,27.55,3112400
AVID,20111219,7.88,8.1,7.74,8.04,362000
AVNR,20111219,1.84,1.97,1.81,1.83,2198200
AVNW,20111219,1.75,1.8,1.63,1.64,209100
AWAY,20111219,23.3,23.93,19.94,20.88,692200
AWRE,20111219,2.92,3.1,2.87,3.02,7100
AXAS,20111219,3.31,3.32,3.05,3.08,1124800
AXFN,20111219,18.55,18.55,18.55,18.55,0
AXTI,20111219,3.83,3.91,3.79,3.82,140300
AZPN,20111219,17.51,17.8,16.94,17,476700
BABY,20111219,9.54,9.77,9.38,9.54,466200
BAGL,20111219,14.3,14.3,13.34,13.34,99600
BAMM,20111219,2.27,2.34,2.26,2.34,10700
BANC,20111219,11.23,11.28,10.76,10.8,18600
BANF,20111219,36.81,36.97,35.39,35.57,26900
BANFP,20111219,26.86,26.86,26.86,26.86,0
BANR,20111219,16.62,16.82,15.76,15.85,58900
BASI,20111219,1.5,1.54,1.31,1.48,4100
BBBY,20111219,61.13,61.81,60.54,60.68,2135200
BBCN,20111219,8.83,8.9,8.49,8.51,363300
BBEP,20111219,17.36,17.41,17.05,17.07,358500
BBGI,20111219,3.25,3.33,3,3.05,7900
BBNK,20111219,9.72,10.16,9.6,9.75,38600
BBOX,20111219,27.79,28.17,26.49,26.59,52800
BBRG,20111219,15.9,15.96,15.37,15.45,133000
BBRY,20111219,13.37,13.53,12.8,12.89,17076500
BBSI,20111219,19.2,19.41,18.79,19.02,48100
BCBP,20111219,9.73,10.06,9.73,10.06,300
BCOM,20111219,15.55,15.55,15.55,15.55,1000
BCPC,20111219,40.5,40.78,38.91,39.11,82400
BCRX,20111219,2.5,2.55,2.37,2.41,130000
BCSB,20111219,10.87,10.99,10.1,10.1,13200
BDE,20111219,7.4,7.48,7.12,7.2,79600
BDGE,20111219,20.42,20.47,19.57,19.93,40700
BDMS,20111219,15.8,15.8,15.5,15.5,5200
BDSI,20111219,1,1.02,0.97,0.98,48700
BEAT,20111219,2.45,2.5,2.37,2.41,82700
BEAV,20111219,36.75,37.21,36.5,36.76,807600
BEBE,20111219,8.24,8.31,8.15,8.17,411800
BECN,20111219,18.96,19.22,18.7,18.74,362400
BELFA,20111219,21.6,21.6,21.6,21.6,0
BELFB,20111219,19.39,19.47,18.74,18.78,37600
BERK,20111219,6.95,7.98,6.94,7.87,22000
BFIN,20111219,5.51,5.51,5.36,5.36,90300
BFLY,20111219,2.14,2.14,1.8,1.8,5100
BGCP,20111219,5.6,5.67,5.55,5.56,1215900
BGFV,20111219,9.81,10.45,9.81,10.01,171600
BGMD,20111219,4.34,4.34,3.88,3.91,11100
BIB,20111219,32.4,32.635,31.84,31.84,700
BICK,20111219,22.67,22.73,22.16,22.21,18300
BIDU,20111219,113.88,114.99,111.07,111.45,4955400
BIIB,20111219,110.51,112.93,109.8,109.99,1516200
BIOD,20111219,2.56,2.64,2.48,2.56,54300
BIOF,20111219,11.8,12.2,10.6,11.2,879700
BIOS,20111219,5.51,5.53,5.17,5.22,309000
BIRT,20111219,5.95,6,5.77,5.79,195800
BIS,20111219,35.07,36,35.05,36,1400
BJRI,20111219,45.78,46.17,44.31,44.52,221400
BKCC,20111219,8.23,8.38,7.96,7.98,580000
BKEP,20111219,5.75,5.83,5.6,5.76,77800
BKEPP,20111219,8.2,8.2,8.2,8.2,0
BKMU,20111219,3.21,3.29,3.01,3.02,139400
BKOR,20111219,2.72,2.72,2.72,2.72,200
BKSC,20111219,10.24,10.25,10,10.13,3900
BKYF,20111219,21.48,21.75,21.27,21.44,6600
BLDP,20111219,1.16,1.2,1.15,1.16,86400
BLDR,20111219,1.8,1.87,1.76,1.77,67800
BLIN,20111219,0.55,0.57,0.55,0.57,29800
BLKB,20111219,28.43,28.68,27.49,27.55,143500
BLMT,20111219,10.25,10.46,10.25,10.44,21000
BLRX,20111219,3.27,3.27,3.27,3.27,0
BMC,20111219,33.79,34.06,32.86,32.93,1669600
BMRC,20111219,36.43,36.43,35.46,35.51,12200
BMRN,20111219,31.91,32.62,31.7,31.86,816300
BMTC,20111219,19,19.01,18.44,18.45,23300
BNCL,20111219,8.22,8.51,8.15,8.22,84800
BNCN,20111219,6.99,7.11,6.7,6.75,2700
BNSO,20111219,1.33,1.34,1.21,1.21,1400
BOBE,20111219,31.81,32.27,31.23,31.37,263100
BOCH,20111219,3.26,3.3,3.21,3.23,9400
BODY,20111219,22.83,23.37,22.69,22.85,220900
BOFI,20111219,16.03,16.26,16.02,16.04,40400
BOKF,20111219,55.26,55.45,53.55,53.95,87300
BOLT,20111219,11.41,11.67,11.36,11.44,44600
BONA,20111219,4.06,4.23,4.06,4.08,10400
BONT,20111219,3.28,3.29,2.92,2.96,164800
BOOM,20111219,19.7,19.9,18.7,18.78,41700
BOSC,20111219,2.6,2.88,2.6,2.88,3000
BPAX,20111219,2.7,2.82,2.28,2.28,12034900
BPFH,20111219,7.53,7.69,7.33,7.41,660600
BPFHW,20111219,2.9,2.9,2.9,2.9,0
BPHX,20111219,0.76,0.79,0.7,0.7,54200
BPOP,20111219,12.3,12.3,10.8,11.2,16545300
BPOPM,20111219,17.33,17.34,16.25,16.25,6600
BPOPN,20111219,17.15,17.2,16.96,17.02,7100
BRCD,20111219,5.26,5.26,5.05,5.09,5119300
BRCM,20111219,28.94,28.99,27.59,27.74,8394000
BRID,20111219,9,9.34,8.56,9.04,1600
BRKL,20111219,7.84,8.08,7.8,7.85,352800
BRKR,20111219,12.31,12.47,11.89,11.94,444200
BRKS,20111219,10.26,10.39,9.88,9.92,270900
BRLI,20111219,15.57,15.67,15.13,15.16,348100
BSDM,20111219,2.24,2.5,2.2,2.43,186800
BSET,20111219,8.05,8.18,8.02,8.02,22200
BSFT,20111219,34.14,35.07,33.55,33.64,433800
BSPM,20111219,1.56,1.56,1.47,1.47,153000
BSQR,20111219,3.33,3.53,3.32,3.37,25800
BSRR,20111219,9.22,9.28,8.71,8.83,18900
BSTC,20111219,16.95,17,16.65,16.82,10900
BTUI,20111219,2.56,2.65,2.5,2.5,28700
BUSE,20111219,5.3,5.3,5.01,5.02,141500
BVSN,20111219,10.17,10.58,9.64,10.32,61000
BWEN,20111219,7.3,7.6,6.9,7,861000
BWINA,20111219,22.3,22.3,22.3,22.3,0
BWINB,20111219,22,22,21.37,21.49,21000
BWLD,20111219,62.61,65.21,62.16,64.43,931800
BYFC,20111219,1.67,1.67,1.67,1.67,100
CA,20111219,20.22,20.28,19.81,19.88,2521700
CAAS,20111219,3.54,3.54,3.26,3.32,101800
CAC,20111219,31.86,32.04,31.35,31.36,25200
CACB,20111219,4.14,4.14,3.81,3.91,6900
CACC,20111219,86.1,86.43,83.04,83.31,23100
CACH,20111219,6.11,6.34,6,6.11,45700
CADC,20111219,2.28,2.32,2.24,2.3,168800
CADX,20111219,3.81,3.88,3.64,3.65,344400
CAFI,20111219,1.17,1.34,1.17,1.18,30000
CAKE,20111219,27.42,27.82,26.88,26.91,756700
CALD,20111219,5.89,6,5.55,5.62,114400
CALI,20111219,6.06,6.06,5.16,5.34,5900
CALL,20111219,12.5,13.23,11.64,12.85,601300
CALM,20111219,34.03,34.21,33.17,33.19,99100
CAMP,20111219,4.59,4.74,4.59,4.72,72000
CAMT,20111219,1.8,1.8,1.7,1.73,11800
CAR,20111219,11.02,11.14,10.39,10.4,1817400
CARB,20111219,12.68,12.86,12.37,12.7,16400
CART,20111219,2.03,2.03,1.9,1.99,4400
CARV,20111219,10.43,11.01,10.39,10.82,3400
CARZ,20111219,22.27,22.27,22.27,22.27,0
CASH,20111219,14.51,14.51,14.51,14.51,200
CASM,20111219,1.51,1.52,1.5,1.5,19100
CASS,20111219,35.1,35.91,34.02,34.23,9300
CASY,20111219,48.09,49.25,48,48.18,175100
CATM,20111219,27.39,27.5,26.35,26.44,355300
CATY,20111219,14.04,14.19,13.48,13.68,411300
CAVM,20111219,27.32,27.68,25.98,25.99,803600
CBAK,20111219,4,4.15,3.75,3.75,71300
CBAN,20111219,2.29,2.38,2.29,2.32,600
CBEY,20111219,8.05,8.15,7.68,7.69,164700
CBIN,20111219,9.5,9.55,9.32,9.41,3400
CBLI,20111219,2.73,2.78,2.62,2.66,165900
CBMX,20111219,15.9,15.9,15.9,15.9,0
CBMXW,20111219,2.1,2.1,1,1.1,22800
CBNJ,20111219,7.22,7.28,7.09,7.22,30800
CBNK,20111219,13.75,13.96,13.66,13.96,2500
CBOE,20111219,26,26.16,25.66,25.77,564300
CBPO,20111219,11.78,11.78,11.27,11.55,8600
CBRL,20111219,49.62,50,48.52,48.75,104500
CBRX,20111219,2.59,2.59,2.48,2.48,614200
CBSH,20111219,37.04,37.23,35.88,36.06,652500
CBST,20111219,39.06,39.3,38.24,38.26,1121900
CCBG,20111219,10.12,10.12,9.72,9.76,26900
CCCL,20111219,2.65,2.69,2.6,2.61,18600
CCIH,20111219,4.1,4.13,3.85,3.89,63300
CCIX,20111219,8.75,8.75,8.31,8.35,46700
CCMP,20111219,46.5,47.08,45.63,45.68,117700
CCNE,20111219,15.06,15.09,14.83,14.83,12300
CCOI,20111219,16.96,17.18,16.34,16.38,247200
CCRN,20111219,5.6,5.76,5.43,5.46,86000
CCUR,20111219,3.29,3.43,3.26,3.42,16900
CDNS,20111219,10.4,10.41,10.07,10.12,2118700
CDTI,20111219,2.82,2.82,2.59,2.68,39500
CDXS,20111219,5.31,5.39,4.98,5,137400
CDZI,20111219,10.48,10.74,9.47,9.6,32700
CECE,20111219,5.77,5.84,5.68,5.71,32300
CECO,20111219,7.04,7.07,6.35,6.4,2173900
CEDU,20111219,5.95,5.95,5.72,5.86,21700
CELG,20111219,63.84,65,63.6,64.58,3186300
CELGZ,20111219,1.4,1.43,1.35,1.35,2400
CENT,20111219,8.1,8.16,7.6,7.63,39800
CENTA,20111219,8.32,8.38,7.78,7.81,204600
CENX,20111219,8.68,8.68,8.06,8.16,1983800
CERN,20111219,56.44,57.85,56.16,57.73,1627500
CERS,20111219,3.02,3.04,2.78,2.83,362900
CETV,20111219,6.87,6.97,6.21,6.25,416500
CEVA,20111219,28.3,28.67,27.44,27.57,155200
CFBK,20111219,3.4,3.4,3.4,3.4,5000
CFFI,20111219,25.06,25.31,24.5,25.12,3600
CFFN,20111219,11.2,11.34,11.16,11.21,526500
CFNB,20111219,15.91,16.25,15.65,15.73,4300
CFNL,20111219,10.88,10.92,10.37,10.42,90800
CGEN,20111219,4.75,4.81,4.5,4.58,107100
CGNX,20111219,34.88,35.77,34.19,34.25,153700
CHCI,20111219,1.07,1.07,1.06,1.06,24100
CHCO,20111219,32.83,33.89,32.27,32.59,98200
CHDN,20111219,49.26,49.75,47.45,47.5,17400
CHDX,20111219,8.57,8.81,8.1,8.12,117000
CHEF,20111219,15.69,16.3,14.94,14.99,110900
CHEV,20111219,8.02,8.02,7.7,7.9,3000
CHFC,20111219,20.7,20.9,20.02,20.1,55800
CHFN,20111219,9.65,9.65,9.21,9.24,9800
CHKE,20111219,12.12,12.34,11.9,12.01,23000
CHKP,20111219,54.29,54.83,52.92,53.05,1500200
CHLN,20111219,1,1.07,1,1.05,57300
CHNR,20111219,8.25,8.71,7.8,7.9,7200
CHOP,20111219,3.48,3.51,3.36,3.36,72700
CHRM,20111219,7.95,9.2,7.95,9.18,700
CHRW,20111219,67.09,67.49,65.29,65.44,623000
CHSCP,20111219,29.02,29.52,29.02,29.15,21200
CHTP,20111219,5.14,5.2,5.06,5.07,247600
CHTR,20111219,54.33,54.68,52.51,52.74,439900
CHYR,20111219,1.32,1.44,1.32,1.44,5400
CIDM,20111219,1.37,1.39,1.32,1.33,34000
CIEN,20111219,10.84,10.96,10.3,10.38,3129800
CIMT,20111219,3.18,3.34,3.18,3.34,2700
CINF,20111219,29.6,29.71,29.04,29.12,1218200
CISG,20111219,7.07,7.09,6.84,6.89,743700
CITZ,20111219,4.3,4.47,4.2,4.25,33000
CIZN,20111219,17.16,17.16,17.02,17.02,600
CJJD,20111219,1.13,1.15,1.1,1.11,23200
CKEC,20111219,7.55,7.55,6.94,6.97,38800
CKSW,20111219,9.68,9.68,9.55,9.62,66900
CLBH,20111219,2.48,2.48,2.45,2.45,1100
CLCT,20111219,13.67,13.86,13.62,13.72,13700
CLDX,20111219,2.92,2.92,2.65,2.67,244800
CLFD,20111219,5.84,6.35,5.76,6.18,108700
CLMS,20111219,12.71,12.85,12.26,12.33,88800
CLMT,20111219,18.92,18.97,18.8,18.85,132500
CLNE,20111219,11.92,12,11.38,11.43,637400
CLNT,20111219,0.25,0.33,0.25,0.26,132600
CLRO,20111219,4.12,4.16,3.95,4.16,19600
CLSN,20111219,1.95,1.98,1.8,1.81,292100
CLUB,20111219,7.24,7.24,6.95,7,72800
CLVS,20111219,12.55,12.61,11.8,11.93,41800
CLWR,20111219,2.06,2.11,2,2.03,11463400
CLWT,20111219,3.135,3.135,2.2,2.86,42000
CMCO,20111219,12.81,13.09,12.49,12.51,65400
CMCSA,20111219,23.32,23.4,22.71,22.86,13455700
CMCSK,20111219,23.11,23.23,22.56,22.71,3615700
CME,20111219,242,242.85,240.72,242,527200
CMLS,20111219,3.17,3.25,3.06,3.08,191000
CMSB,20111219,8.84,8.84,8.84,8.84,0
CMTL,20111219,28.51,28.83,27.88,27.94,274900
CNBC,20111219,9.87,9.87,9.5,9.51,21300
CNBKA,20111219,27.49,27.9,26.8,26.8,5300
CNDO,20111219,6.5,6.5,5.57,6,69800
CNET,20111219,1.15,1.15,1.09,1.1,24600
CNIT,20111219,0.79,0.83,0.74,0.78,67200
CNMD,20111219,24.74,25.02,24.12,24.19,56600
CNQR,20111219,51.01,51.28,49.97,50.15,497600
CNSL,20111219,19.17,19.19,18.53,18.79,158800
CNTF,20111219,1.65,1.72,1.61,1.64,63000
CNTY,20111219,2.31,2.31,2.23,2.3,145200
CNYD,20111219,2.67,2.68,2.41,2.41,43100
COBK,20111219,12.35,12.35,12.35,12.35,0
COBR,20111219,4.2,4.3,4.1,4.22,20200
COBZ,20111219,5.55,5.68,5.22,5.24,120000
COCO,20111219,2.29,2.41,2.1,2.1,842600
COGO,20111219,1.78,1.81,1.78,1.8,65900
COHR,20111219,51.91,52.05,49.97,50.01,66100
COHU,20111219,11.55,11.83,11,11.05,62700
COKE,20111219,54.72,55.76,54,54.03,15200
COLB,20111219,18.89,19.18,18.27,18.32,218000
COLM,20111219,46.35,46.98,45.43,45.82,231400
CONN,20111219,10.97,11.26,10.53,10.56,222100
COOL,20111219,2.8,2.86,2.61,2.62,687800
CORE,20111219,38.03,39,38.03,38.48,48500
CORT,20111219,3.48,3.5,3.37,3.37,125500
COSI,20111219,0.73,0.73,0.65,0.68,172700
COST,20111219,82.8,83.38,81.85,82.06,2236600
COWN,20111219,2.57,2.57,2.44,2.44,262600
CPBC,20111219,4.5,4.5,4.5,4.5,0
CPGI,20111219,1.04,1.08,1.04,1.05,41200
CPHC,20111219,11.09,11.09,10.6,10.8,2600
CPHD,20111219,31.72,31.89,31.22,31.69,698300
CPIX,20111219,5.96,6.07,5.76,5.76,10800
CPLA,20111219,33.15,33.8,32.37,32.56,114900
CPLP,20111219,6,6,5.75,5.79,185900
CPNO,20111219,33.13,33.36,32.75,32.85,126900
CPRT,20111219,23.05,23.23,22.645,22.98,336400
CPRX,20111219,1.07,1.2,1.06,1.1,124600
CPSI,20111219,47,47.23,46.21,46.35,127600
CPSL,20111219,4.68,4.8,4.56,4.56,47100
CPSS,20111219,0.93,1,0.91,0.98,6700
CPST,20111219,1.15,1.15,1.06,1.08,2569200
CPTS,20111219,13.2,13.6,13.15,13.15,168800
CPWR,20111219,8.1,8.11,7.91,7.95,2885700
CRAI,20111219,19.68,20.09,19.37,19.45,29000
CRAY,20111219,6.19,6.26,6.08,6.1,172500
CRDC,20111219,2.33,2.33,2.23,2.27,18500
CRDS,20111219,5.38,5.4,5.1,5.2,8600
CREE,20111219,21.77,22,20.31,20.32,4341000
CREG,20111219,1.24,1.24,1.16,1.16,7400
CRESW,20111219,0.08,0.08,0.07,0.07,3200
CRESY,20111219,11.72,11.88,11.5,11.5,99000
CRFN,20111219,4.57,4.57,4.57,4.57,400
CRIS,20111219,4.13,4.13,3.9,3.92,384100
CRMB,20111219,4.05,4.05,3.83,3.9,23400
CRMBU,20111219,3.95,3.95,3.95,3.95,0
CRMBW,20111219,0.18,0.18,0.09,0.15,96700
CRME,20111219,10.85,10.85,10.25,10.25,126100
CRMT,20111219,40.34,40.77,39,39.29,34400
CRNT,20111219,8.09,8.09,7.85,7.93,69800
CROX,20111219,14.92,15.03,14.52,14.55,1804000
CRRB,20111219,3.2,3.2,3.2,3.2,0
CRRC,20111219,10.7,11.09,10.7,10.76,32600
CRTX,20111219,5.59,5.88,5.29,5.52,22100
CRUS,20111219,15.25,15.32,14.75,14.83,1504000
CRVL,20111219,45.81,48.15,45.81,46.95,36300
CRWN,20111219,1.2,1.25,1.14,1.14,113900
CRWS,20111219,3.34,3.34,3.3,3.31,1000
CRZO,20111219,26.33,26.5,24.22,24.27,1152500
CSBK,20111219,9.51,9.51,9.1,9.21,9400
CSCD,20111219,3.14,3.15,2.98,3.02,3800
CSCO,20111219,17.96,18.01,17.62,17.69,39711500
CSFL,20111219,5.84,5.86,5.69,5.72,54700
CSGP,20111219,65.22,65.52,63.84,65.35,106200
CSGS,20111219,14.52,14.68,14.12,14.17,149500
CSII,20111219,9.41,9.62,9.21,9.23,39000
CSIQ,20111219,2.4,2.42,2.2,2.21,284200
CSOD,20111219,17.99,18.3,17.96,18.17,227700
CSPI,20111219,3.4,3.4,3.4,3.4,0
CSRE,20111219,11.07,11.16,10.94,10.95,24300
CSTR,20111219,46.47,47.31,45.09,45.44,875500
CSUN,20111219,0.48,0.53,0.46,0.48,202400
CSWC,20111219,78.9,78.99,76.3,76.35,18500
CTAS,20111219,30.81,31,30.48,30.67,1127200
CTBI,20111219,28.54,29,27.93,28.04,44800
CTCH,20111219,3.45,3.5,3.33,3.4,9100
CTCM,20111219,8.93,8.99,8.53,8.54,429600
CTCT,20111219,23.83,24.09,23.02,23.12,328200
CTGX,20111219,13.7,13.88,13.32,13.34,64800
CTHR,20111219,2.51,2.55,2.44,2.49,24200
CTIB,20111219,4.62,4.73,4.41,4.65,3500
CTIC,20111219,5.4,5.45,5.05,5.05,1017100
CTRN,20111219,8.16,8.16,7.87,7.92,51200
CTRP,20111219,22.96,23.19,22.52,22.53,2180700
CTRX,20111219,28.455,28.465,27.76,28.185,293200
CTSH,20111219,65.92,66.61,63.95,64.15,1840700
CTWS,20111219,28.26,28.41,27.34,27.34,11900
CTXS,20111219,64.78,64.78,61.32,61.52,2029700
CU,20111219,29.51,29.51,28.73,28.73,19400
CUBA,20111219,6.23,6.24,6.21,6.22,11300
CUTR,20111219,6.95,7.21,6.88,7.05,29900
CVBF,20111219,9.51,9.64,9.23,9.26,769700
CVCO,20111219,38.53,38.53,35.81,35.82,35500
CVCY,20111219,5.7,5.7,5.5,5.62,12300
CVGI,20111219,9.27,9.52,8.78,8.82,184100
CVGW,20111219,25.88,26.17,25.64,25.79,56900
CVLT,20111219,47.13,47.36,45.44,45.65,309100
CVLY,20111219,8.27,8.35,8.25,8.35,2300
CVTI,20111219,2.94,2.97,2.87,2.88,33200
CVV,20111219,13.75,13.81,11.51,11.57,240100
CWBC,20111219,1.55,1.55,1.55,1.55,1000
CWCO,20111219,9.28,9.28,8.65,8.73,73000
CWEI,20111219,78.13,79.04,73.9,74.34,152400
CWST,20111219,6.21,6.29,5.9,5.92,65100
CWTR,20111219,4.4,4.4,4.08,4.12,597700
CXDC,20111219,5.04,5.1,4.92,5.05,134600
CXPO,20111219,2.45,2.52,2.41,2.41,66300
CY,20111219,16.78,16.81,15.77,15.88,4148000
CYAN,20111219,8.47,8.88,8.41,8.51,80700
CYBE,20111219,7.1,7.1,6.83,7.08,7700
CYBX,20111219,32.85,32.99,32.64,32.89,259800
CYCC,20111219,3.99,3.99,3.64,3.85,170800
CYCCP,20111219,3.28,3.29,3.18,3.18,2400
CYMI,20111219,49.57,50,48.84,49.01,447600
CYNO,20111219,12.04,12.09,11.57,11.59,15000
CYOU,20111219,23.02,23.74,22.88,22.98,212900
CYTK,20111219,0.99,1,0.96,0.99,196700
CYTR,20111219,1.82,1.89,1.75,1.89,708300
CYTX,20111219,2.15,2.2,2.01,2.01,377000
CYTXW,20111219,1.1,1.1,1.1,1.1,200
CZFC,20111219,7,7,7,7,200
CZNC,20111219,17.99,18.08,17.03,17.21,22000
CZWI,20111219,5.05,5.08,5,5,2700
DAEG,20111219,1.8,1.8,1.75,1.78,17400
DAIO,20111219,3.89,3.95,3.85,3.9,600
DAKT,20111219,9.61,9.8,9.33,9.36,158100
DARA,20111219,1.04,1.13,1.04,1.12,6700
DATE,20111219,6.23,6.23,5.9,5.93,92200
DAVE,20111219,8.84,9.35,8.84,9.33,13600
DBLE,20111219,6.21,6.22,6.01,6.05,58300
DBLEP,20111219,25.99,26,25.81,25.82,3500
DCIX,20111219,4.8,4.97,4.69,4.95,356300
DCOM,20111219,11.66,11.75,11.3,11.36,108400
DCTH,20111219,1.89,1.98,1.87,1.88,489000
DECK,20111219,89.57,90.71,88.86,89.39,1666100
DELL,20111219,15.03,15.19,14.64,14.68,14961500
DENN,20111219,3.88,3.96,3.84,3.85,477900
DEPO,20111219,4.61,4.77,4.58,4.69,500100
DEST,20111219,16.16,16.22,15.85,15.96,70100
DFZ,20111219,12.05,12.46,12.03,12.06,28200
DGAS,20111219,16.6,16.6,16.5,16.53,1200
DGICA,20111219,14.51,14.52,14,14.04,40000
DGICB,20111219,15.84,15.84,15.84,15.84,0
DGII,20111219,10.54,10.63,10.42,10.45,70500
DGIT,20111219,12,12.24,11.22,11.25,580400
DGLY,20111219,0.71,0.74,0.64,0.7,20300
DHIL,20111219,72.24,72.24,69.9,69.95,7400
DHRM,20111219,1.5,1.5,1.5,1.5,400
DIOD,20111219,19.88,20.07,19.18,19.24,179000
DISCA,20111219,40.13,40.71,39.33,39.4,1198700
DISCB,20111219,41.96,41.96,41.96,41.96,0
DISCK,20111219,36.53,36.98,35.72,36.18,486300
DISH,20111219,25.8,25.99,25.04,25.14,2042600
DJCO,20111219,66.96,66.96,65.01,65.01,600
DLGC,20111219,5.9,6.2,4.95,5.05,29600
DLIA,20111219,1.2,1.25,1.2,1.23,7500
DLLR,20111219,18.01,18.12,17.37,17.45,256100
DLTR,20111219,41.53,41.59,40.575,40.665,2199400
DMLP,20111219,22.38,22.6,21.9,21.9,81100
DMND,20111219,27.2,27.85,26.86,27.08,1026500
DMRC,20111219,25.59,25.73,24.33,24.35,17500
DNBF,20111219,10.1,10.39,10.1,10.1,200
DNDN,20111219,7.62,7.8,7.22,7.29,2998200
DNKN,20111219,24.71,25.15,24.45,24.61,616500
DORM,20111219,18.735,18.735,18.435,18.51,34400
DOVR,20111219,3.46,3.55,3.42,3.45,4800
DRAD,20111219,1.82,1.86,1.78,1.84,43600
DRAM,20111219,5.52,5.7,5.28,5.34,32300
DRCO,20111219,10.84,11.25,10.67,11.03,48900
DRIV,20111219,14.36,14.42,13.53,13.54,1201000
DRRX,20111219,1.3,1.3,1.15,1.16,458400
DRWI,20111219,3.69,3.69,3.46,3.51,212400
DRYS,20111219,2.1,2.13,2.01,2.02,4587500
DSCI,20111219,7.79,7.87,7.6,7.71,19600
DSCO,20111219,1.52,1.55,1.45,1.49,160000
DSGX,20111219,7.04,7.08,6.98,7.08,2500
DSPG,20111219,5.49,5.63,5.28,5.31,105500
DSWL,20111219,2.2,2.3,2.2,2.3,10500
DTLK,20111219,7.6,7.71,7.39,7.42,234500
DTSI,20111219,27.18,27.18,26.23,26.32,71700
DTV,20111219,42.3,42.76,41.45,41.68,6567300
DVAX,20111219,3,3.16,2.89,3.02,1359500
DVOX,20111219,3.73,3.77,3.54,3.64,100300
DWA,20111219,17.32,17.49,16.73,16.82,1041800
DWCH,20111219,5.6,5.66,5.34,5.46,15300
DWSN,20111219,36.9,37.79,35.36,35.6,156400
DXCM,20111219,8.23,8.45,8.09,8.11,527800
DXPE,20111219,31.62,31.96,30.5,30.57,41900
DXYN,20111219,2.82,2.82,2.82,2.82,0
DYAX,20111219,1.36,1.39,1.27,1.3,263900
DYNT,20111219,3.3,3.4,3.3,3.35,3600
DYSL,20111219,1.6,1.78,1.59,1.61,22500
EBAY,20111219,30.6,30.81,29.64,29.76,11408600
EBIX,20111219,20.98,21.22,20.43,20.58,467500
EBMT,20111219,9.7,9.7,9.7,9.7,30000
EBSB,20111219,12.54,12.66,12.44,12.44,11000
EBTC,20111219,14.33,14.47,13.56,13.64,6000
ECHO,20111219,16.71,16.95,16.21,16.24,81800
ECOL,20111219,17.73,18.06,17.66,17.8,77300
ECPG,20111219,20.02,20.08,19.4,19.54,123400
ECTE,20111219,2.11,2.11,2,2,190700
ECTY,20111219,0.96,1,0.93,0.93,152200
ECYT,20111219,3.25,3.26,3.05,3.14,1275000
EDAC,20111219,10.63,10.7,10.38,10.44,30000
EDAP,20111219,1.8,1.83,1.75,1.77,21000
EDGW,20111219,2.82,2.82,2.68,2.71,24300
EDMC,20111219,22.56,22.95,22.13,22.66,205200
EDS,20111219,4.36,4.68,4.3,4.45,15400
EDUC,20111219,5.26,5.28,4.78,4.82,11600
EEFT,20111219,17.07,17.19,16.27,16.31,268200
EEI,20111219,15.86,15.86,15.86,15.86,200
EFII,20111219,14.16,14.16,13.85,13.9,273500
EFSC,20111219,15.02,15.05,14.7,14.8,41000
EFUT,20111219,4.75,4.75,4.51,4.51,17000
EGAN,20111219,6.4,6.89,6.4,6.81,78600
EGBN,20111219,14.5,14.55,14.06,14.25,35300
EGHT,20111219,3.68,3.69,3.52,3.55,294800
EGLE,20111219,4.32,4.32,4.2,4.2,550600
EGOV,20111219,12.57,12.82,12.46,12.51,238700
EHTH,20111219,14.99,15.33,14.77,14.83,82600
EIHI,20111219,13.6,13.98,13.42,13.85,22700
ELGX,20111219,11.71,11.85,11.22,11.27,282000
ELNK,20111219,6.19,6.27,6.06,6.06,863500
ELON,20111219,4.81,4.9,4.73,4.73,138500
ELOS,20111219,10.06,10.24,10,10.08,104100
ELRC,20111219,16.71,16.73,15.93,15.94,33700
ELSE,20111219,3.87,3.87,3.87,3.87,0
ELTK,20111219,1.24,1.27,1.16,1.24,8700
EMCF,20111219,15.99,15.99,15.99,15.99,0
EMCI,20111219,20.36,20.5,20.19,20.23,6700
EMFN,20111219,21.61,21.61,21.61,21.61,0
EMIF,20111219,27.99,28.33,27.6,27.6,15800
EMITF,20111219,2.52,2.74,2.52,2.66,5700
EMKR,20111219,3.4,3.48,3.28,3.32,190600
EML,20111219,20.61,20.61,20.61,20.61,0
EMMS,20111219,0.76,0.79,0.74,0.74,31600
EMMSP,20111219,15.5,15.5,15.5,15.5,0
EMMT,20111219,19.41,19.41,19.2,19.2,1700
ENDP,20111219,35.01,35.27,34.29,34.37,1038900
ENG,20111219,2.36,2.36,2.15,2.17,20700
ENMD,20111219,1.36,1.39,1.18,1.2,131900
ENOC,20111219,9.77,10.13,9.34,9.37,204900
ENSG,20111219,24.76,25.49,24.61,24.68,97200
ENTG,20111219,8.34,8.49,8.14,8.17,932200
ENTR,20111219,4.98,5.03,4.69,4.71,1047200
ENZN,20111219,6.54,6.73,6.45,6.5,437500
EONC,20111219,1.42,1.48,1.23,1.25,72700
EPAX,20111219,4.3,4.39,4.28,4.32,40000
EPAY,20111219,21.63,22.14,21.29,21.34,160500
EPIQ,20111219,12.04,12.16,11.79,11.85,98500
EQIX,20111219,99.38,100.36,98.39,99.49,625900
ERIC,20111219,9.56,9.58,9.34,9.35,3093100
ERIE,20111219,76.5,76.5,75.06,75.11,25500
ERII,20111219,2.64,2.71,2.6,2.64,134400
EROC,20111219,10.95,11.11,10.8,11.04,305400
ESBF,20111219,14.34,14.5,13.59,13.61,42300
ESBK,20111219,15.88,15.93,15.8,15.93,1700
ESCA,20111219,4.41,4.51,4.37,4.4,9400
ESEA,20111219,2.45,2.5,2.26,2.39,95500
ESGR,20111219,99.82,99.82,97.94,97.99,20800
ESIO,20111219,12.86,13.06,12.68,12.87,119600
ESLT,20111219,41.6,42.92,41.11,41.11,6400
ESMC,20111219,1.19,1.19,1.05,1.1,26800
ESRX,20111219,43.76,44.08,43.02,43.12,3938700
ESSA,20111219,10.38,10.82,10.38,10.55,23000
ESSX,20111219,2.77,2.84,2.54,2.69,79000
ESYS,20111219,4.34,4.42,4.26,4.36,1400
ETFC,20111219,7.74,7.84,7.42,7.49,7495400
ETRM,20111219,1.69,1.7,1.64,1.64,123700
EUFN,20111219,14.68,14.68,14.35,14.35,25500
EVBS,20111219,1.8,1.93,1.76,1.76,6600
EVEP,20111219,65,65.44,64.15,64.25,139700
EVOL,20111219,7.09,7.09,6.96,7.08,15500
EWBC,20111219,18.79,18.93,18.21,18.31,802900
EXAC,20111219,14.97,15.1,14.52,14.61,21400
EXAR,20111219,6.86,6.9,6.67,6.71,165500
EXAS,20111219,8.09,8.21,7.89,7.91,487400
EXEL,20111219,4.22,4.33,4.17,4.26,1617800
EXFO,20111219,5.31,5.47,5.3,5.38,97700
EXLP,20111219,20.65,20.95,20.25,20.36,165700
EXLS,20111219,23.18,23.18,22.64,22.77,81000
EXPD,20111219,40.58,40.84,39.13,39.28,1539300
EXPE,20111219,28.17,28.25,27.47,27.57,3416900
EXPO,20111219,46.38,47.16,44.95,45.1,28800
EXTR,20111219,2.81,2.93,2.68,2.71,557900
EXXI,20111219,28.42,28.98,27.83,27.95,745900
EZCH,20111219,29.56,29.67,29.03,29.15,187800
EZPW,20111219,26.62,26.8,25.69,25.75,389300
FABK,20111219,13,13,12.85,12.88,1200
FALC,20111219,2.64,2.66,2.59,2.65,216100
FARM,20111219,7.16,7.49,6.93,7.02,58300
FARO,20111219,45.4,46,44.21,44.32,43100
FAST,20111219,42.02,42.26,41.34,41.5,1370300
FBIZ,20111219,16.66,16.75,16.32,16.75,1600
FBMI,20111219,5.2,5.22,5.08,5.08,9900
FBMS,20111219,7.63,7.63,7.63,7.63,0
FBNC,20111219,11.48,11.5,10.8,10.88,34800
FBNK,20111219,13.38,13.4,13.03,13.06,41800
FBRC,20111219,8.24,8.28,7.96,8,205900
FBSS,20111219,10.69,10.84,10.68,10.68,1700
FCAL,20111219,3.28,3.53,3.16,3.2,16200
FCAP,20111219,18.51,18.55,18.51,18.55,700
FCBC,20111219,12.4,12.61,12.03,12.07,85700
FCCO,20111219,5.92,5.92,5.92,5.92,0
FCCY,20111219,6.58,6.58,6.53,6.53,1600
FCEL,20111219,0.92,0.93,0.88,0.88,671300
FCFC,20111219,6.51,6.65,6.51,6.51,1600
FCFS,20111219,36.25,37.04,35.76,35.81,319700
FCHI,20111219,40.23,40.88,39.77,39.77,1700
FCLF,20111219,6,6,6,6,0
FCNCA,20111219,172.16,172.16,166.2,168.75,10500
FCTY,20111219,3.54,3.54,3.54,3.54,0
FCVA,20111219,2.17,2.17,2.03,2.03,4700
FCZA,20111219,3.85,3.85,3.7,3.77,4400
FDEF,20111219,14.58,14.92,14.26,14.83,16600
FDML,20111219,13.73,13.81,13.06,13.09,154800
FDUS,20111219,12.8,13.21,12.27,12.27,24700
FEIC,20111219,39.8,40.2,38.84,38.92,303500
FEIM,20111219,7.26,7.28,7.15,7.25,27400
FELE,20111219,21.3,21.665,20.735,20.8,64000
FES,20111219,5.96,6.17,5.83,5.83,20900
FFBC,20111219,16.26,16.55,15.7,15.74,224100
FFBCW,20111219,5.01,5.01,5.01,5.01,400
FFBH,20111219,4.95,4.95,4.95,4.95,100
FFCH,20111219,8.08,8.21,7.6,7.6,96900
FFCO,20111219,13.3,13.3,13.3,13.3,300
FFEX,20111219,1.29,1.29,1.18,1.22,6600
FFHL,20111219,1.2,1.21,1.09,1.14,18000
FFIC,20111219,12.75,12.94,12.49,12.51,90000
FFIN,20111219,32.75,32.99,31.98,32.09,70800
FFIV,20111219,105.98,106.52,102.2,102.48,1626500
FFKT,20111219,4.05,4.18,4.02,4.1,28300
FFKY,20111219,1.16,1.45,1.16,1.45,8000
FFN,20111219,0.61,0.61,0.56,0.56,66600
FFNM,20111219,3.05,3.07,2.77,3.05,3600
FFNW,20111219,5.62,5.73,5.6,5.69,30700
FHCO,20111219,4.82,4.84,4.63,4.63,44500
FIBK,20111219,12.25,12.4,11.76,11.77,61200
FINL,20111219,21.3,21.5,20.57,20.73,882900
FIRE,20111219,35.49,35.86,33.47,33.62,476000
FISI,20111219,16.16,16.27,15.73,15.91,28800
FISV,20111219,57.63,57.97,56.29,56.45,601900
FITB,20111219,12.08,12.13,11.76,11.84,7517400
FITBP,20111219,139.71,140.8,138.42,138.42,5700
FIZZ,20111219,16.44,16.67,16.27,16.44,33200
FLDM,20111219,13.1,13.27,13,13.12,112700
FLEX,20111219,5.76,5.82,5.71,5.72,3795600
FLIC,20111219,26.64,26.65,25.4,25.42,9100
FLIR,20111219,25.08,25.49,24.66,24.73,922900
FLML,20111219,4.75,4.84,4.64,4.69,24900
FLOW,20111219,3.55,3.75,3.47,3.48,341200
FLWS,20111219,2.33,2.33,2.2,2.2,86100
FLXS,20111219,13.68,14.06,13.68,13.87,5700
FMBI,20111219,9.36,9.43,8.9,9,618300
FMCN,20111219,19.8,19.81,18.94,19.12,1861500
FMER,20111219,14.74,14.88,14.15,14.19,722100
FMFC,20111219,2.74,2.85,2.74,2.8,22000
FMNB,20111219,4.5,4.85,4.5,4.85,102900
FNBN,20111219,11.5,11.5,11.5,11.5,600
FNFG,20111219,8.51,8.57,8.26,8.3,5646400
FNGN,20111219,21.81,22.35,21.52,21.65,349000
FNLC,20111219,14.88,14.95,14.51,14.53,11600
FNSR,20111219,15.86,15.89,14.72,14.78,2402700
FOLD,20111219,3.36,3.38,3.08,3.12,27200
FONE,20111219,22.91,22.91,22.5,22.5,700
FONR,20111219,1.67,1.75,1.66,1.75,24700
FORD,20111219,1.6,1.67,1.6,1.65,14300
FORM,20111219,4.85,4.86,4.68,4.69,422100
FORR,20111219,33.31,33.72,32.32,32.42,35600
FORTY,20111219,16.09,16.21,15.51,15.52,5800
FOSL,20111219,81.25,82.94,80.38,80.51,1048600
FRAN,20111219,17.17,17.59,16.5,17.05,248900
FRBK,20111219,1.45,1.46,1.35,1.35,10100
FRED,20111219,13.65,14.01,13.53,13.58,277800
FREE,20111219,5,5.4,5,5,10000
FRME,20111219,8.91,8.97,8.58,8.58,92200
FRNK,20111219,11.35,11.35,11.11,11.14,15800
FRP,20111219,4.47,4.48,4.16,4.17,389200
FSBK,20111219,3.54,3.55,3.29,3.44,9500
FSC,20111219,9.62,9.65,9.35,9.36,627900
FSCI,20111219,29.35,29.35,28.49,28.5,20100
FSFG,20111219,17.03,17.75,17.03,17.04,400
FSGI,20111219,2.42,2.62,2.38,2.4,3400
FSLR,20111219,31.69,33.35,29.87,30.5,6829900
FSRV,20111219,24.21,24.25,23.95,24.09,25000
FSTR,20111219,27.18,27.63,26.44,26.6,35400
FSYS,20111219,15.97,16.19,15.35,15.55,313500
FTEK,20111219,6.03,6.1,5.69,5.72,84600
FTNT,20111219,22.21,22.24,21.5,21.58,1233000
FTR,20111219,5,5,4.79,4.82,13092000
FUBC,20111219,5.52,5.52,5.3,5.34,87000
FULL,20111219,6.8,6.85,6.76,6.76,31900
FULT,20111219,9.49,9.49,9.15,9.17,952700
FUNC,20111219,3.11,3.16,3.11,3.12,4300
FUND,20111219,6.26,6.26,6.07,6.07,57700
FURX,20111219,16.79,17.07,16.73,16.76,27600
FWLT,20111219,17.51,17.69,17.05,17.07,2354800
FWRD,20111219,32.77,33.14,30.64,30.82,184400
FXCB,20111219,12.72,12.75,12.25,12.31,24100
FXEN,20111219,4.7,4.7,4.37,4.4,275100
GABC,20111219,18.49,18.49,17.8,17.97,25300
GAGA,20111219,3.62,3.81,3.62,3.7,20400
GAI,20111219,3.35,3.4,3.35,3.4,5000
GAIA,20111219,3.27,3.28,3.12,3.14,27700
GAIN,20111219,7.43,7.43,7.15,7.15,79100
GALE,20111219,0.42,0.43,0.37,0.37,328200
GAME,20111219,4.56,4.56,4.21,4.27,392100
GASS,20111219,3.91,4.05,3.87,3.88,11600
GBCI,20111219,11.86,11.93,11.3,11.35,356100
GBDC,20111219,15.36,15.72,15.26,15.36,34900
GBLI,20111219,19.21,19.22,18.34,18.42,661900
GBNK,20111219,1.4,1.45,1.4,1.43,126800
GCBC,20111219,17.37,17.39,17.37,17.39,300
GCFB,20111219,2.05,2.09,1.95,2.09,2600
GCOM,20111219,12.47,12.59,11.83,11.95,62900
GCVRZ,20111219,1.25,1.26,1.2,1.22,982600
GENC,20111219,6.81,6.81,6.81,6.81,0
GENE,20111219,3.31,3.47,3.29,3.29,12700
GENT,20111219,6,6.23,5.68,5.93,24000
GERN,20111219,1.49,1.51,1.41,1.42,1162800
GEVA,20111219,21.05,22.7,21.05,22.5,59600
GEVO,20111219,6.46,6.46,5.71,5.93,144400
GFED,20111219,6.2,6.21,6.2,6.21,600
GFN,20111219,2.96,2.99,2.61,2.61,500
GFNCL,20111219,3.3,3.3,3.3,3.3,0
GGAL,20111219,6.29,6.34,5.92,5.93,352300
GHDX,20111219,26.31,26.85,26.07,26.14,122700
GIFI,20111219,27.63,27.71,26.56,26.81,96500
GIGA,20111219,1.45,1.55,1.41,1.43,3000
GIGM,20111219,0.81,0.85,0.81,0.82,117900
GIII,20111219,24.3,24.3,23.48,23.52,144000
GILD,20111219,18.575,18.985,18.49,18.735,8125900
GILT,20111219,3.87,3.87,3.75,3.75,50500
GIVN,20111219,16.71,16.76,16.6,16.65,32600
GKNT,20111219,17.17,17.39,16.29,16.29,10600
GLAD,20111219,7.63,7.71,7.48,7.48,81200
GLBS,20111219,2.98,3.26,2.98,3.12,34400
GLBZ,20111219,8.25,8.25,8.25,8.25,100
GLCH,20111219,1.64,1.69,1.4,1.55,248900
GLDC,20111219,3.47,3.53,3.45,3.49,1800
GLDD,20111219,5.29,5.36,5.05,5.08,221800
GLNG,20111219,43.39,43.74,41.72,41.92,464600
GLPW,20111219,23.18,23.29,21.92,22.3,34800
GLRE,20111219,23.21,23.4,22.6,22.63,114500
GLUU,20111219,3.19,3.26,3.03,3.07,754100
GMAN,20111219,13.25,13.53,12.88,13.03,43400
GMCR,20111219,45.38,46.74,45.19,45.97,4485700
GMETP,20111219,10.57,10.57,10.57,10.57,0
GMLP,20111219,29.1,29.8,29.03,29.65,59300
GNCMA,20111219,10.64,10.74,10.13,10.17,295400
GNMK,20111219,4.3,4.34,4.1,4.1,14300
GNTX,20111219,27.8,28.04,27.04,27.04,647700
GNVC,20111219,2.73,2.76,2.66,2.66,28900
GOLD,20111219,101.12,102.35,99.56,100.62,483100
GOOD,20111219,17.27,17.46,16.91,16.96,33700
GOODO,20111219,23.81,23.81,23.81,23.81,0
GOODP,20111219,24.69,24.69,23.71,23.84,3000
GOOG,20111219,627.99,628.5,620,621.83,2144100
GPIC,20111219,6.18,6.25,6.17,6.25,4700
GPOR,20111219,28.59,29.51,27.82,27.96,728300
GPRC,20111219,1.8,1.8,1.6,1.64,11700
GPRE,20111219,10.3,10.3,9.82,9.87,493100
GRFS,20111219,10,10.24,9.92,10.2,608600
GRID,20111219,23.99,24,23.67,23.69,3900
GRIF,20111219,26.14,26.83,25.6,25.9,7500
GRMN,20111219,38.1,38.49,37.86,38.02,1164800
GROW,20111219,6.09,6.18,6.04,6.07,57600
GRPN,20111219,23.05,23.37,21.68,22,1129400
GRVY,20111219,1.26,1.31,1.25,1.26,4300
GSBC,20111219,23.56,23.84,22.88,22.97,24900
GSIG,20111219,9.84,10,9.36,9.39,136800
GSIT,20111219,4.59,4.62,4.55,4.56,94600
GSJK,20111219,14.63,15,14.63,14.9,8600
GSM,20111219,13.22,13.42,13.04,13.21,631500
GSOL,20111219,5.06,5.17,4.81,4.83,65500
GSVC,20111219,13.86,14.24,13.03,13.2,75600
GTAT,20111219,7.2,7.28,6.94,7,1669800
GTIM,20111219,1.36,1.36,1.19,1.19,2300
GTIV,20111219,6.12,6.84,6.09,6.57,1067100
GTLS,20111219,56.12,57.11,54.8,55.14,386400
GTXI,20111219,2.75,2.86,2.59,2.59,63000
GUID,20111219,6.14,6.14,5.98,6.01,47700
GULF,20111219,14.69,14.69,14.37,14.37,43200
GURE,20111219,1.92,2.02,1.86,1.94,529000
GYRO,20111219,101,101.5,99.75,101.48,3500
HA,20111219,6.41,6.48,6,6.02,587200
HAIN,20111219,36.9,37.36,36.45,36.5,341300
HALL,20111219,7.63,7.69,7.31,7.35,28400
HALO,20111219,9.31,9.58,9.18,9.23,547200
HAS,20111219,33.62,33.65,32.68,32.78,1933500
HAST,20111219,1.36,1.37,1.26,1.28,110400
HAUP,20111219,0.78,0.81,0.6,0.69,43300
HAYN,20111219,52.25,52.73,49.93,50.18,100100
HBAN,20111219,5.1,5.12,4.97,5.01,11288800
HBANP,20111219,1061.12,1065,1060,1065,100
HBCP,20111219,15.21,15.25,15.19,15.25,7000
HBHC,20111219,31.23,31.88,30.33,30.47,649400
HBIO,20111219,4.1,4.16,4.03,4.04,46000
HBNC,20111219,11.5333,11.5333,11.5333,11.5333,0
HBNK,20111219,11.34,11.4,11.33,11.37,4800
HBOS,20111219,11.33,11.33,11.33,11.33,0
HCBK,20111219,6.07,6.11,5.88,5.95,5883300
HCCI,20111219,17.71,17.95,17.4,17.77,30100
HCIIP,20111219,9.55,9.55,9.54,9.54,5700
HCKT,20111219,3.7,3.84,3.67,3.69,117700
HCOM,20111219,15.18,15.18,14.5,14.5,7400
HCSG,20111219,16.9,17.51,16.55,17.17,886100
HDNG,20111219,8.19,8.19,7.85,7.85,33200
HDSN,20111219,1.35,1.4,1.35,1.37,19400
HEES,20111219,13.44,13.65,12.84,12.89,79600
HELE,20111219,29.33,29.51,28.34,28.36,190400
HEOP,20111219,3.45,3.45,3.45,3.45,100
HERO,20111219,4.16,4.23,3.8,3.84,3581200
HFBC,20111219,6,6,5.8,5.9,23100
HFBL,20111219,13.65,13.65,13.65,13.65,100
HFFC,20111219,10.09,10.1,9.99,10.1,3900
HFWA,20111219,13.27,13.44,12.69,12.74,24200
HGSH,20111219,0.78,0.78,0.78,0.78,1400
HIBB,20111219,44.45,45.07,44.18,44.4,391000
HIFS,20111219,49.24,49.24,48.79,48.79,700
HIHO,20111219,2.01,2.14,1.92,2.02,13700
HILL,20111219,1.4,1.4,1.33,1.35,158900
HIMX,20111219,0.99,1,0.99,0.99,198200
HITK,20111219,39.4,40.38,38.6,38.89,185100
HITT,20111219,49.1,49.24,47.96,48.07,219800
HLIT,20111219,5.07,5.1,4.86,4.87,754200
HMIN,20111219,25.76,26,25.01,25.09,200400
HMNF,20111219,1.77,2,1.77,1.83,10900
HMNY,20111219,1.82,2.59,1.82,2.04,20700
HMPR,20111219,2.73,2.77,2.64,2.7,22500
HMSY,20111219,31,31.39,29.96,30.5,1256700
HNH,20111219,10.37,10.48,9.75,9.86,10200
HNRG,20111219,10.23,10.24,9.9,9.9,14800
HNSN,20111219,2.51,2.56,2.39,2.43,273500
HOFT,20111219,10.46,10.69,10.46,10.55,23800
HOGS,20111219,8.66,8.89,8.19,8.53,234400
HOLI,20111219,7.84,7.84,7.54,7.67,38800
HOLL,20111219,1.22,1.3,1.17,1.22,5600
HOLX,20111219,16.86,17.11,16.48,16.49,2966500
HOMB,20111219,24.61,24.62,24.07,24.14,83400
HOME,20111219,10.57,10.64,10.03,10.03,36000
HOTT,20111219,6.84,6.95,6.75,6.77,388600
HOVNP,20111219,1.3,1.33,1.3,1.3,21300
HPCCP,20111219,25.64,25.65,25.64,25.64,600
HPJ,20111219,1.04,1.04,1.02,1.02,12400
HPOL,20111219,0.6,0.6,0.58,0.6,25700
HRZN,20111219,16,16.1,15.92,15.99,14400
HSIC,20111219,62.79,62.93,61.66,61.92,297700
HSII,20111219,21.32,22.06,20.99,21.16,138900
HSKA,20111219,7.01,7.09,6.95,6.95,20000
HSNI,20111219,36.64,36.9,35.1,35.2,385600
HSOL,20111219,1.08,1.1,0.99,1.01,726000
HSTM,20111219,17.04,17.48,16.86,17.23,153600
HTBK,20111219,4.96,5,4.81,4.82,38400
HTCH,20111219,1.58,1.63,1.5,1.55,81500
HTCO,20111219,10.81,10.94,10.61,10.72,22200
HTHT,20111219,13.35,13.35,12.63,12.67,118700
HTLD,20111219,13.94,14.42,13.71,13.72,622000
HTLF,20111219,16.01,16.18,15.35,15.47,16300
HTWR,20111219,69.53,69.68,67.58,68.26,61300
HUBG,20111219,31.82,32.1,30.56,30.63,243300
HURC,20111219,21.73,21.73,20.68,20.69,19700
HURN,20111219,37.96,38.26,37.5,37.91,186300
HWAY,20111219,6.6,6.79,6.38,6.47,247300
HWBK,20111219,5.79,5.88,5.75,5.75,2400
HWCC,20111219,13.32,13.69,13.1,13.21,127900
HWKN,20111219,35.93,36.74,35.26,35.33,21300
HYGS,20111219,5.3,5.38,5.21,5.35,17900
HZNP,20111219,4.75,4.76,4.43,4.45,23000
IACI,20111219,41.73,41.87,41.01,41.02,817600
IART,20111219,30.8,31.3,30.5,30.51,99200
IBB,20111219,100.24,101.76,99.81,100.04,172600
IBCA,20111219,2.45,2.5,2.41,2.42,13100
IBCP,20111219,1.35,1.35,1.27,1.33,13800
IBCPO,20111219,11.94,11.94,11.94,11.94,100
IBKC,20111219,48.33,49.2,47.27,47.51,83300
IBKR,20111219,14.76,14.81,14.38,14.46,344100
IBOC,20111219,17.94,18.08,16.74,17,375200
ICAD,20111219,0.54,0.54,0.5,0.51,113600
ICCC,20111219,4.65,4.81,4.6,4.6,400
ICFI,20111219,25.98,26.17,25.64,25.68,79500
ICGE,20111219,8.22,8.44,8.09,8.1,149600
ICLN,20111219,8.41,8.5,8.12,8.12,31900
ICLR,20111219,15.9,16.75,15.77,16.42,294300
ICON,20111219,16.94,17.01,16.06,16.09,971200
ICUI,20111219,44.46,44.93,43.62,43.8,40400
IDCC,20111219,39.77,39.96,39,39.05,772200
IDIX,20111219,7.27,7.39,7,7.15,645500
IDRA,20111219,1.1,1.16,1.08,1.12,23500
IDSA,20111219,5.51,5.51,5.3,5.31,7200
IDSY,20111219,4.96,5.07,4.89,4.89,38100
IDTI,20111219,5.5,5.53,5.24,5.24,929900
IDXX,20111219,74.02,74.66,73.05,73.21,196100
IEP,20111219,37.67,37.67,35.88,35.88,4600
IESC,20111219,2.03,2.03,2,2.01,2200
IFAS,20111219,23.9,24.12,23.9,24,1500
IFEU,20111219,23.46,23.59,23.46,23.46,1500
IFGL,20111219,24.83,25.05,24.46,24.5,41300
IFNA,20111219,40.84,40.84,40.09,40.09,1600
IFON,20111219,0.65,0.65,0.65,0.65,11800
IFSM,20111219,30.04,30.04,29.45,29.45,800
IGLD,20111219,11.86,12.05,11.76,11.82,1700
IGOI,20111219,9.96,10.2,9.84,10.08,43300
IGOV,20111219,97.84,98.25,97.78,98.23,14200
IGTE,20111219,16.51,16.69,15.81,15.83,301100
III,20111219,1.03,1.04,1.01,1.01,166700
IIIN,20111219,10.5,10.5,10.1,10.12,36800
IIJI,20111219,8.72,8.74,8.62,8.62,9800
IILG,20111219,13.05,13.18,12.45,12.54,208000
IIN,20111219,6.8,6.82,6.75,6.75,4900
IIVI,20111219,17.46,17.56,16.76,16.79,320500
IKAN,20111219,0.8,0.8,0.77,0.8,29500
IKNX,20111219,7.5,7.5,7.5,7.5,200
ILMN,20111219,27.16,27.28,26.09,26.17,1691200
IMGN,20111219,11.39,11.96,11.21,11.36,499600
IMI,20111219,9.05,9.19,8.51,8.92,65800
IMKTA,20111219,15.07,15.35,14.96,15,73900
IMMR,20111219,5.34,5.5,4.95,4.97,206900
IMMU,20111219,3.17,3.21,3.09,3.1,276200
IMMY,20111219,0.45,0.45,0.45,0.45,2500
IMOS,20111219,5.08,5.09,4.87,4.9,92700
IMRS,20111219,2.67,2.73,2.65,2.69,18300
INAP,20111219,5.68,5.7,5.45,5.48,218400
INCY,20111219,13.84,14.17,13.67,13.8,1571500
INDB,20111219,27.29,27.5,26.54,26.64,108200
INDY,20111219,19.93,19.93,19.48,19.49,152100
INFA,20111219,41.15,41.45,39.69,39.88,913000
INFI,20111219,9.49,10,9.03,9.04,32200
INFN,20111219,6.5,6.5,6.19,6.22,607700
ININ,20111219,23.79,23.96,22.42,22.53,95400
INOC,20111219,1.03,1.18,1.01,1.18,2900
INOD,20111219,3.72,3.83,3.7,3.7,19400
INPH,20111219,4.73,5,4.44,4.65,14200
INSM,20111219,3.21,3.22,2.92,2.95,49200
INTC,20111219,23.4,23.48,23.05,23.09,42252700
INTG,20111219,18.6,18.61,18.6,18.6,600
INTL,20111219,23.67,23.93,22.51,22.63,55200
INTT,20111219,2.32,2.35,2.31,2.32,17600
INTU,20111219,52.02,52.22,50.89,51.02,1640900
INTX,20111219,11.37,11.57,10.56,10.63,73200
INVE,20111219,2.09,2.12,2,2.01,84600
INWK,20111219,9.73,9.87,9.31,9.37,126900
IOSP,20111219,29.1,29.24,27.72,28.04,96000
IPAR,20111219,18.37,18.53,17.62,17.68,53200
IPAS,20111219,1.39,1.39,1.24,1.27,146800
IPCC,20111219,55.89,56.76,53.83,53.93,61800
IPCI,20111219,2.95,3.03,2.88,2.88,12300
IPCM,20111219,44.91,45.8,44.61,44.69,97500
IPGP,20111219,35.62,35.71,34.09,34.17,254200
IPHS,20111219,49.18,49.99,48.4,48.52,114900
IPXL,20111219,18.81,19.55,18.56,18.88,458900
IRBT,20111219,30.25,30.89,29.27,29.41,360100
IRDM,20111219,7.51,7.58,6.95,7.02,450900
IRDMZ,20111219,1.18,1.18,1.13,1.14,1700
IRIX,20111219,3.58,3.58,3.58,3.58,0
IROQ,20111219,11.14,11.15,11.1,11.12,10000
IRWD,20111219,11.61,11.82,11.27,11.3,103100
ISBC,20111219,13.13,13.24,12.9,12.93,167600
ISCA,20111219,24.33,25.07,23.88,23.93,140900
ISHG,20111219,97.3,97.3,96.88,96.91,9400
ISIG,20111219,2.05,2.12,2,2.01,17400
ISIL,20111219,10.18,10.32,9.97,10.04,1416000
ISIS,20111219,6.8,6.94,6.72,6.75,707800
ISLE,20111219,4.7,4.75,4.43,4.46,62700
ISM,20111219,20.46,20.74,20,20.3,3200
ISNS,20111219,5.94,6.25,5.87,6.25,8200
ISRG,20111219,434.31,436.95,431.07,432.19,196500
ISRL,20111219,83.75,84.9,83.75,84,900
ISSC,20111219,3.32,3.69,3.32,3.65,20200
ISSI,20111219,9.15,9.27,8.95,8.96,52200
ITIC,20111219,36.81,36.81,35.7,35.7,200
ITMN,20111219,11.28,11.47,10.99,10.99,4652200
ITRI,20111219,34.88,35.5,33.81,33.91,642400
ITRN,20111219,13.16,13.38,13.1,13.29,7000
IVAC,20111219,7.71,7.71,7.09,7.11,70800
IVAN,20111219,0.81,0.84,0.72,0.72,1511200
IXYS,20111219,10.92,11.02,10.54,10.58,90500
JACK,20111219,20.71,21.17,20.31,20.35,374400
JADE,20111219,2,2.01,1.9,1.94,70100
JAKK,20111219,14.16,17.35,13.45,13.85,1851900
JASO,20111219,6.3,6.35,6.05,6.15,1704000
JAXB,20111219,3,3,3,3,200
JAZZ,20111219,37.16,37.47,36.38,36.59,580100
JBHT,20111219,44.9,45.25,43.39,43.53,468200
JBLU,20111219,5.63,5.64,5.14,5.17,5880300
JBSS,20111219,7.25,7.45,7.23,7.23,32500
JCOM,20111219,26.58,26.92,26.39,26.67,530000
JCS,20111219,13.5,13.5,12.77,12.8,14900
JCTCF,20111219,8.2,8.4,7.82,7.96,4700
JDSU,20111219,9.55,9.64,9.22,9.27,4810500
JFBI,20111219,2.3,2.3,2.3,2.3,0
JIVE,20111219,15.04,15.47,14.8,15.26,234000
JJSF,20111219,52.51,53,51.17,51.52,45200
JKHY,20111219,33.39,33.73,32.81,32.89,378700
JMBA,20111219,1.31,1.35,1.23,1.26,441800
JOBS,20111219,42.99,43.14,42.3,42.73,58800
JOEZ,20111219,0.51,0.56,0.51,0.52,143200
JOSB,20111219,49,49.86,47.56,47.73,186200
JOUT,20111219,15.81,16,15.36,15.38,5900
JRCC,20111219,6.81,6.9,6.24,6.29,2478600
JRJC,20111219,1.75,1.76,1.7,1.7,38700
JSM,20111219,19.11,19.11,18.74,19.1,10800
JST,20111219,8.81,8.82,8.4,8.43,24500
JVA,20111219,8.18,8.41,8.02,8.06,137700
JXSB,20111219,13.75,13.75,13.75,13.75,100
KALU,20111219,43.12,43.97,42.45,43.01,148200
KBALB,20111219,5.64,5.81,5.45,5.47,75200
KCAP,20111219,6.7,6.71,6.51,6.53,61500
KCLI,20111219,31.66,31.71,30.83,31.36,5700
KELYA,20111219,13.13,13.28,12.56,12.61,195000
KELYB,20111219,13.67,13.67,13.67,13.67,0
KEQU,20111219,8.02,8.02,7.9,7.95,3500
KERX,20111219,2.5,2.5,2.37,2.41,774600
KEYN,20111219,20.63,20.74,20.3,20.35,157700
KEYW,20111219,7.09,7.16,6.85,6.86,65900
KFFB,20111219,9.13,9.13,9.13,9.13,0
KFRC,20111219,11.09,11.47,10.7,10.72,282200
KGJI,20111219,1.28,1.33,1.24,1.25,21400
KINS,20111219,3.2,3.33,3.14,3.14,8500
KIOR,20111219,10.91,11.36,10.73,10.79,72400
KIPO,20111219,9.19,9.19,8.27,8.68,2200
KIPS,20111219,1.75,1.75,1.51,1.56,6300
KIRK,20111219,12.6,13,12.34,12.39,217000
KLAC,20111219,46.05,46.56,45.06,45.19,3333700
KLIC,20111219,8.69,8.98,8.61,8.62,907800
KNDI,20111219,2.91,2.94,2.82,2.89,36100
KONA,20111219,5.85,5.99,5.55,5.82,70000
KONE,20111219,0.58,0.59,0.56,0.56,14500
KONG,20111219,4.35,4.35,4.2,4.2,19200
KOOL,20111219,0.83,0.86,0.8,0.81,13100
KOPN,20111219,3.86,3.94,3.66,3.67,190400
KOSS,20111219,5.15,5.15,5.04,5.04,5500
KRNY,20111219,9.39,9.46,9.03,9.12,20700
KSWS,20111219,2.55,2.6,2.5,2.5,79000
KTCC,20111219,4.55,4.6,4.5,4.59,7300
KTEC,20111219,13.47,13.47,12.8,13.15,8500
KTOS,20111219,5.96,6.09,5.72,5.77,371400
KUTV,20111219,0.97,1,0.97,0.97,12200
KVHI,20111219,7.69,7.8,7.35,7.41,58500
LABC,20111219,15.27,15.5,15.07,15.1,10800
LABL,20111219,26.21,26.3,25.09,25.25,60900
LACO,20111219,1.98,1.98,1.8,1.82,31700
LAKE,20111219,7.73,7.73,7.48,7.55,29300
LAMR,20111219,24.46,24.5,23.58,23.86,848900
LANC,20111219,71.97,71.97,69.81,70.04,98100
LARK,20111219,18.44,18.48,17.21,17.4,10100
LAWS,20111219,16,16,15.54,15.54,13700
LAYN,20111219,23.37,23.83,22.57,22.76,282200
LBAI,20111219,8.78,8.78,8.46,8.5,43900
LBIX,20111219,2.35,2.8,2.35,2.77,9300
LBTYA,20111219,39.65,39.98,38.7,38.86,1104700
LBTYB,20111219,39.37,39.37,39.37,39.37,0
LBTYK,20111219,38.34,38.65,37.84,37.96,324400
LCAV,20111219,2.78,2.94,2.78,2.9,80300
LCNB,20111219,12.98,12.98,12.9,12.9,1200
LCUT,20111219,12.48,12.48,11.46,11.52,35100
LEAP,20111219,8.17,8.24,7.66,7.75,1117600
LECO,20111219,38.24,38.6,37.19,37.31,184400
LEDR,20111219,2.4,2.47,2.38,2.47,20000
LEDS,20111219,2.88,2.9,2.82,2.83,56700
LFUS,20111219,42.7,43.11,41.1,41.25,103100
LGCY,20111219,26.78,27.12,26.17,26.29,151500
LGND,20111219,11.92,12.22,11.56,11.65,137800
LHCG,20111219,12.99,13.01,12.61,12.67,95300
LIFE,20111219,39,39.18,37.97,38.04,1020500
LIME,20111219,3.43,3.44,3.3,3.44,30400
LINC,20111219,7.93,8.2,7.65,7.65,182600
LINE,20111219,37.71,37.71,37.1,37.18,619300
LINTA,20111219,15.39,15.66,15.19,15.25,2296700
LINTB,20111219,15.64,15.94,15.64,15.94,2800
LION,20111219,5.98,5.98,5.98,5.98,0
LIOX,20111219,2,2.28,2,2.17,182700
LIVE,20111219,4.97,5.54,4.66,5.2,183400
LIWA,20111219,5.03,5.05,4.84,4.98,88700
LKFN,20111219,25.38,25.69,24.76,24.87,47700
LKQ,20111219,14.87,15.135,14.585,14.605,708300
LLEN,20111219,2.58,2.6,2.41,2.58,201800
LLNW,20111219,2.88,2.89,2.69,2.71,945900
LLTC,20111219,29,29.13,28.35,28.43,2136800
LMAT,20111219,5.51,5.51,5.48,5.51,3800
LMCA,20111219,76.22,77.12,74.91,75.08,752800
LMCB,20111219,75.57,75.57,75.57,75.57,0
LMIA,20111219,18.26,18.51,17.17,17.18,34200
LMNR,20111219,16.41,16.69,15.97,15.97,7400
LMNX,20111219,20.83,21.34,20.61,20.73,115800
LMOS,20111219,16.58,16.73,15.13,15.42,85100
LNBB,20111219,4.44,4.44,4.43,4.44,1800
LNCE,20111219,22.44,22.74,22.02,22.07,240500
LNDC,20111219,5.42,5.49,5.15,5.19,65100
LOAN,20111219,0.89,0.89,0.85,0.85,700
LOCM,20111219,2.3,2.3,2.16,2.16,95600
LOGI,20111219,7.5,7.54,7.17,7.21,411600
LOGM,20111219,41.47,42.48,40.4,40.57,125300
LOJN,20111219,2.89,3.11,2.88,3,116500
LONG,20111219,13.94,14.14,13.28,13.28,11200
LOOK,20111219,1.26,1.31,1.25,1.31,2600
LOPE,20111219,15.03,15.27,14.95,15.12,311700
LORL,20111219,62.04,62.22,60.59,60.7,53800
LPHI,20111219,6.84,6.85,6.55,6.81,70600
LPLA,20111219,28.35,28.65,27.51,28.25,204400
LPNT,20111219,36.07,36.24,35.2,35.28,298000
LPSB,20111219,8.2,8.2,8.2,8.2,0
LPSN,20111219,12.95,13.14,12.48,12.52,297300
LPTH,20111219,0.96,1.05,0.92,1,11500
LQDT,20111219,38.78,38.99,36.63,36.94,188200
LRAD,20111219,1.69,1.75,1.63,1.68,33700
LRCX,20111219,35.94,36.1,34.81,34.86,5316500
LSBI,20111219,13.2,13.2,13.2,13.2,0
LSBK,20111219,9.85,9.85,9.85,9.85,0
LSCC,20111219,5.81,5.95,5.62,5.64,1060200
LSTR,20111219,47.2,47.63,45.75,45.87,217100
LTBR,20111219,2.1,2.24,2.06,2.12,47700
LTON,20111219,1.32,1.37,1.32,1.37,115100
LTRE,20111219,6.19,6.69,5.9,5.9,11300
LTRX,20111219,2.46,2.78,2.46,2.51,4700
LTXC,20111219,5.91,5.92,5.64,5.65,171900
LUFK,20111219,67.46,68.27,64.62,64.87,359700
LULU,20111219,45.4,45.75,45,45.11,2324100
LUNA,20111219,1.3,1.38,1.3,1.37,600
LWAY,20111219,9.62,9.84,9.62,9.72,6000
LXRX,20111219,1,1.04,0.94,1.01,984400
LYTS,20111219,5.9,6.14,5.81,5.82,56300
MAGS,20111219,3.59,3.87,3.55,3.6,89000
MAKO,20111219,26.25,26.43,25.3,25.43,472000
MANH,20111219,44.69,44.85,42.78,42.94,153800
MANT,20111219,32.08,32.35,30.6,30.73,312000
MARPS,20111219,23.51,24.13,23.51,23.51,3500
MASC,20111219,7.93,8.08,7.93,8.04,22600
MASI,20111219,19.19,19.25,18.26,18.35,539000
MAT,20111219,27.74,27.86,27.13,27.18,4555600
MATR,20111219,4.79,4.79,4.79,4.79,300
MATW,20111219,30.75,31.05,29.52,29.61,137300
MAXY,20111219,5.64,5.64,5.48,5.49,67000
MAYS,20111219,13.75,13.75,13.75,13.75,100
MBFI,20111219,16.84,17.03,16.16,16.36,270200
MBLX,20111219,4.68,4.68,4.41,4.43,201500
MBND,20111219,3.33,3.33,3.15,3.25,21400
MBRG,20111219,14.15,14.37,14.03,14.25,5100
MBTF,20111219,0.97,0.98,0.94,0.96,8900
MBVT,20111219,27.5,27.82,27.45,27.45,6900
MBWM,20111219,9.75,9.99,9.6,9.84,32000
MCBC,20111219,2.24,2.24,2.1,2.11,10400
MCBI,20111219,5.6,5.62,5.6,5.6,2700
MCEP,20111219,17.98,18.2,17.95,18,100000
MCGC,20111219,4.1,4.11,3.84,3.85,538800
MCHP,20111219,34.82,35,33.91,34.01,1954000
MCHX,20111219,6.34,6.43,6.15,6.19,133700
MCOX,20111219,6,6.05,5.65,5.65,91400
MCRI,20111219,10.1,10.2,9.78,9.91,13900
MCRL,20111219,10.13,10.32,9.97,9.97,629600
MCRS,20111219,45.26,45.47,44.14,44.3,198900
MDAS,20111219,9.42,9.45,9.04,9.09,476400
MDCA,20111219,13.78,13.8,12.63,12.65,65400
MDCI,20111219,5.38,5.56,5.22,5.25,83100
MDCO,20111219,19.5,19.98,19.31,19.35,420100
MDH,20111219,2.38,2.43,2.28,2.43,12900
MDRX,20111219,17.52,17.67,17.32,17.33,1787400
MDSO,20111219,21.08,21.4,20.88,21.04,219700
MDVN,20111219,46.16,46.16,45.08,45.12,461600
MEAD,20111219,3.07,3.09,3.07,3.08,3200
MEAS,20111219,27.86,27.9,27,27.05,150600
MELA,20111219,3.56,3.76,3.49,3.5,426200
MELI,20111219,85.07,85.47,83,83.22,250200
MEMP,20111219,18.85,18.95,18.85,18.85,70400
MEMS,20111219,2.86,2.9,2.75,2.77,3000
MENT,20111219,12.66,12.75,12.48,12.5,1007400
MEOH,20111219,22.09,22.22,21.67,21.84,327900
MERC,20111219,6.52,6.67,6.31,6.38,292600
MERU,20111219,3.35,3.43,3.16,3.17,169100
METR,20111219,8.46,8.55,8.17,8.19,30600
MFI,20111219,5.79,5.8,5.77,5.8,3400
MFLR,20111219,8.17,8.21,7.84,7.84,1900
MFLX,20111219,20.67,21.01,20.36,20.42,40100
MFNC,20111219,5.25,5.25,5.25,5.25,0
MFRI,20111219,6.53,6.8,6.51,6.54,23000
MFRM,20111219,23.06,23.48,22.86,22.96,90500
MFSF,20111219,6.95,6.95,6.9,6.9,5000
MGAM,20111219,7.63,7.82,7.5,7.52,160400
MGEE,20111219,45.58,45.88,45,45,55600
MGIC,20111219,5.41,5.41,5.3,5.31,48100
MGLN,20111219,48.02,49.36,47.76,47.9,157600
MGPI,20111219,4.6,4.71,4.25,4.27,31600
MGRC,20111219,27.72,28,27.14,27.62,80000
MGYR,20111219,2.55,2.56,2.52,2.52,11700
MHGC,20111219,5.99,5.99,5.49,5.54,148100
MHLD,20111219,8.41,8.43,8.19,8.24,124900
MIDD,20111219,95.61,95.83,92.74,93.28,119600
MIND,20111219,20.31,20.56,19.74,19.85,147000
MINI,20111219,15.59,16.4,15.59,15.98,241300
MITK,20111219,7.11,7.32,7.05,7.11,230300
MITL,20111219,2.77,2.78,2.76,2.77,24800
MKSI,20111219,27.1,27.66,26.14,26.29,205700
MKTAY,20111219,31.13,31.24,30.44,30.44,20300
MKTG,20111219,8.1,8.84,8.1,8.5,265300
MKTX,20111219,28.9,29.15,28.79,28.95,211600
MLAB,20111219,40.55,41.27,40.1,40.49,2700
MLHR,20111219,20.86,21.43,20.08,20.17,277700
MLNK,20111219,5.13,5.15,4.86,4.87,286600
MLNX,20111219,32.52,33,32.07,32.2,137700
MLVF,20111219,6,6,6,6,0
MMLP,20111219,32.85,33.44,32.79,33.22,41300
MMSI,20111219,13.6,13.75,13.22,13.24,128300
MMUS,20111219,4.36,4.36,4.34,4.35,4800
MMYT,20111219,24.8,24.93,23.98,24.04,122000
MNDO,20111219,1.95,2.08,1.95,1.96,35900
MNGL,20111219,9.62,9.62,9.62,9.62,0
MNGLU,20111219,10.1,10.1,10.1,10.1,0
MNKD,20111219,2.69,2.83,2.65,2.76,560800
MNOV,20111219,1.91,1.95,1.81,1.9,13500
MNRK,20111219,6.225,6.5,5.95,6.2833,3400
MNRO,20111219,39.26,39.95,38.6,38.72,151800
MNST,20111219,48.12,49.18,47.46,47.635,910100
MNTA,20111219,16.26,16.37,15.75,15.76,416500
MNTG,20111219,1.8,1.95,1.79,1.85,13200
MNTX,20111219,4.14,4.16,4.05,4.06,26200
MOBI,20111219,3.59,3.64,3.29,3.32,154900
MOCO,20111219,15.69,15.79,15.68,15.7,2100
MOFG,20111219,14.32,14.32,14.3,14.3,600
MOLX,20111219,22.78,22.9,22.22,22.29,869400
MOLXA,20111219,19.04,19.08,18.43,18.5,291500
MORN,20111219,58.92,58.92,57.55,57.85,43800
MOSY,20111219,2.98,3,2.82,2.85,59200
MOVE,20111219,5.94,5.94,5.63,5.63,195200
MPAA,20111219,6.87,7.12,6.84,7.03,76600
MPAC,20111219,6.6,6.6,6.47,6.48,2300
MPB,20111219,7.98,8.43,7.75,8.27,3300
MPEL,20111219,9.1,9.22,8.79,8.81,3462700
MPET,20111219,0.97,1.02,0.94,0.97,123100
MPWR,20111219,14.3,14.49,13.69,13.71,175400
MRCY,20111219,12.89,12.92,12.35,12.39,124200
MRGE,20111219,4.69,4.7,4.55,4.56,803300
MRLN,20111219,13.07,13.18,12.9,12.99,25300
MRTN,20111219,18.51,18.58,17.7,17.77,46600
MRVL,20111219,13.6,13.65,13.19,13.22,6930100
MSBF,20111219,4.8,4.8,4.8,4.8,0
MSCC,20111219,16.39,16.41,15.84,15.88,324300
MSEX,20111219,18.38,18.56,17.99,17.99,34400
MSFG,20111219,8.44,8.6,8.12,8.15,59200
MSFT,20111219,26.02,26.12,25.46,25.53,52258200
MSG,20111219,29.2,29.57,28.82,28.99,328100
MSON,20111219,2,2,1.86,1.99,23200
MSPD,20111219,4.57,4.61,4.35,4.37,209100
MSTR,20111219,109.3,109.91,105.03,105.35,129900
MTEX,20111219,4.9,5.5,4.9,4.9,15800
MTGE,20111219,18.75,19,18.75,18.9,212900
MTRX,20111219,9.01,9.31,8.63,8.64,148600
MTSC,20111219,39.49,40.37,38.64,38.73,38200
MTSL,20111219,1.58,1.58,1.58,1.58,0
MTSN,20111219,1.3,1.33,1.25,1.27,207900
MU,20111219,5.7,5.74,5.44,5.45,31610700
MVIS,20111219,3.28,3.28,2.72,2.8,1408500
MVISW,20111219,0.12,0.12,0.12,0.12,0
MWIV,20111219,68.89,68.89,65.54,65.68,62700
MXIM,20111219,25.28,25.34,24.86,24.9,2343100
MXWL,20111219,15.19,15.29,14.89,14.95,185500
MYGN,20111219,19.98,20.38,19.98,20.07,272300
MYL,20111219,20.92,21.03,20.51,20.61,4885400
MYRG,20111219,18.32,18.64,17.69,17.94,108200
NAFC,20111219,29,29.16,28.05,28.16,45600
NAII,20111219,8,8.23,8,8.18,4400
NANO,20111219,17.41,17.61,16.86,16.9,286100
NASB,20111219,10.3,10.3,9.79,9.9,11100
NATH,20111219,21.1,21.1,21.02,21.1,5500
NATI,20111219,25.19,25.41,24.35,24.45,267100
NATL,20111219,25.45,26.07,25.16,25.5,13900
NATR,20111219,15.3,16.19,15.13,15.14,49800
NAUH,20111219,7.35,7.65,7.08,7.08,43200
NAVG,20111219,47.85,48.7,46.36,46.38,32100
NAVR,20111219,1.6,1.6,1.53,1.54,60500
NBBC,20111219,3.79,3.82,3.63,3.75,8000
NBIX,20111219,7.9,8.06,7.68,7.7,269000
NBN,20111219,11.39,11.68,11.28,11.38,4300
NBTB,20111219,21.77,21.99,21.15,21.16,70100
NBTF,20111219,19,19,19,19,300
NCBC,20111219,2.1,2.1,2.1,2.1,0
NCIT,20111219,12.31,12.35,11.64,11.67,40200
NCMI,20111219,12.29,12.33,11.84,11.85,246800
NCTY,20111219,7.79,8.2,7.72,8.05,85300
NDAQ,20111219,24.1,24.26,23.56,23.61,943400
NDSN,20111219,40.54,40.54,39.51,39.65,377400
NECB,20111219,5.63,5.65,5.6,5.65,2400
NEOG,20111219,34.44,34.61,33.18,33.35,136400
NEPT,20111219,2.56,2.56,2.45,2.47,42800
NETC,20111219,9.37,9.48,8.33,9.11,42100
NEWL,20111219,0.63,0.63,0.63,0.63,0
NEWP,20111219,13.26,13.66,12.98,13.01,148200
NEWS,20111219,9.47,9.6,8.76,8.8,62500
NEWT,20111219,1.09,1.13,1.07,1.13,35000
NFBK,20111219,14.3,14.39,13.98,13.98,22700
NFEC,20111219,0.54,0.54,0.54,0.54,0
NFLX,20111219,69.79,69.79,66.93,67.15,3461800
NFSB,20111219,12.78,12.78,12.78,12.78,0
NGPC,20111219,7.64,7.64,7.37,7.44,108400
NHTB,20111219,11.69,11.69,11.1,11.1,3400
NICE,20111219,32.35,32.68,32.02,32.4,610200
NICK,20111219,12.03,12.05,11.9,11.96,76200
NIHD,20111219,20,20.22,19.69,19.78,3099000
NILE,20111219,37.97,38.38,36.92,37.27,257700
NINE,20111219,1.29,1.3,1.29,1.29,5100
NKSH,20111219,27.12,27.13,26.06,26.07,7000
NKTR,20111219,5.27,5.39,5.16,5.19,1200100
NLNK,20111219,6.49,6.73,6.4,6.56,26900
NLST,20111219,2.6,2.66,2.5,2.5,235600
NMRX,20111219,8.24,8.3,7.82,7.87,14400
NNBR,20111219,5.8,5.84,5.32,5.34,128800
NOVB,20111219,9.61,9.85,9.61,9.61,3700
NPBC,20111219,8.24,8.48,8.2,8.26,676900
NPSP,20111219,6.17,6.23,6.09,6.11,609900
NRCI,20111219,34.69,34.75,34.21,34.47,4800
NRIM,20111219,17,17.02,16.95,16.95,5300
NSEC,20111219,8.75,8.8,8.32,8.4,2400
NSIT,20111219,15.34,15.62,14.11,14.15,213000
NSPH,20111219,1.2,1.4,1.2,1.27,161700
NSSC,20111219,2.17,2.2,2.14,2.14,24400
NSYS,20111219,2.75,2.77,2.51,2.51,5300
NTAP,20111219,35.78,35.94,35.01,35.16,4332000
NTCT,20111219,17.49,17.8,17.24,17.31,268000
NTES,20111219,47.26,47.54,45.6,45.68,572600
NTGR,20111219,35.4,35.74,34.22,34.33,235300
NTIC,20111219,12.5,12.56,12.45,12.45,5600
NTK,20111219,29.25,29.25,26.72,28.3,15400
NTLS,20111219,20.37,20.46,19.74,19.83,108900
NTRI,20111219,12.98,13.12,12.47,12.5,256100
NTRS,20111219,39,39.23,38.15,38.29,2010600
NTSC,20111219,5.08,5.09,5.05,5.09,800
NTSP,20111219,7.84,7.99,7.55,7.61,282800
NTWK,20111219,4.3,4.6,4.3,4.5,128600
NUAN,20111219,24.6,24.86,23.89,23.96,3514900
NUCL,20111219,31.3,31.3,30.85,30.85,5200
NURO,20111219,8.46,8.76,7.86,8.76,31100
NUTR,20111219,11.49,11.49,11.09,11.14,22300
NUVA,20111219,11.59,11.59,11.02,11.07,829800
NVAX,20111219,1.33,1.33,1.27,1.29,564500
NVDA,20111219,13.57,13.73,13.11,13.15,11585800
NVEC,20111219,55.34,55.6,54.73,55.01,11100
NVGN,20111219,0.44,0.44,0.4,0.4,7300
NVMI,20111219,7.17,7.23,6.89,6.96,47600
NVSL,20111219,6.91,6.91,6.8,6.85,7300
NVTL,20111219,3.06,3.09,2.96,2.97,238000
NWBI,20111219,12.25,12.38,12,12.01,968700
NWFL,20111219,25.5,25.58,25.5,25.58,1700
NWLI,20111219,131,133.65,130.26,131,9900
NWPX,20111219,24.82,24.82,23.3,23.53,44600
NWS,20111219,17.65,17.8,17.28,17.33,2536100
NWSA,20111219,17.09,17.15,16.68,16.75,12967800
NXPI,20111219,15.4,15.47,14.27,14.32,1270200
NXST,20111219,7.55,7.78,7.47,7.5,39500
NXTM,20111219,17.69,17.99,17.47,17.68,438800
NYMT,20111219,7.47,7.48,7.27,7.31,606800
NYMX,20111219,8.22,8.26,8,8.03,36800
OABC,20111219,15.37,15.37,15,15.1,21500
OBAF,20111219,14.35,14.35,14.33,14.35,2300
OBAS,20111219,5,5,4.85,4.95,48200
OBCI,20111219,2.06,2.06,1.99,1.99,49300
OCC,20111219,3.02,3.4,3.01,3.17,4800
OCFC,20111219,13.4,13.57,12.92,13.02,39900
OCLR,20111219,2.88,2.94,2.7,2.7,501700
OCLS,20111219,9.52,9.8,9.1,9.31,78400
OCZ,20111219,7.51,7.51,6.26,6.75,2335500
ODFL,20111219,26.4467,26.7067,25.5733,25.6467,341700
OFED,20111219,11.01,11.01,11.01,11.01,0
OFIX,20111219,32.97,33.37,32.2,32.29,86900
OFLX,20111219,13.5,13.54,13.32,13.32,2600
OGXI,20111219,11.13,11.33,10.9,10.92,25700
OIIM,20111219,4.13,4.13,3.97,4.03,213200
OINK,20111219,1.35,1.41,1.26,1.26,24400
OKSB,20111219,6.17,6.17,5.9,5.99,185800
OKSBP,20111219,21.97,22.52,21.63,21.63,6600
OLBK,20111219,8.12,8.12,8.12,8.12,300
OMAB,20111219,12.89,13.15,12.75,12.76,2200
OMCL,20111219,16.79,16.94,16.29,16.34,223900
OMER,20111219,4.05,4.05,3.94,3.99,4400
OMEX,20111219,2.33,2.38,2.29,2.31,454700
OMPI,20111219,10.2,10.27,9.95,9.96,53200
ONCY,20111219,3.59,3.61,3.5,3.53,84200
ONEQ,20111219,101.47,101.47,99.33,99.51,5900
ONFC,20111219,9.15,9.15,8.98,8.98,2400
ONNN,20111219,7.48,7.48,7.06,7.08,6743000
ONTY,20111219,7.83,7.89,7.5,7.52,570500
ONVI,20111219,2.94,2.95,2.9,2.9,2500
ONXX,20111219,39.64,40.51,39.29,39.48,872000
OPEN,20111219,40.5,40.63,39.8,39.93,638100
OPHC,20111219,0.42,0.42,0.42,0.42,500
OPLK,20111219,15.67,15.74,15.2,15.29,101200
OPOF,20111219,9.3,9.3,9.25,9.25,600
OPTR,20111219,12.2,12.71,11.94,11.99,792200
OPTT,20111219,3.01,3.05,2.77,2.87,251500
OPXA,20111219,4.28,4.28,4.2,4.2,39600
ORBC,20111219,3.1,3.1,2.95,2.98,62000
ORBK,20111219,10.03,10.08,9.84,9.86,119500
ORBT,20111219,3.61,3.68,3.51,3.68,1500
ORCL,20111219,29.41,29.44,28.5,28.61,24849700
OREX,20111219,1.59,1.66,1.58,1.59,561000
ORIG,20111219,12.01,12.2,11.93,12,66200
ORIT,20111219,12.69,12.87,12.4,12.48,539700
ORLY,20111219,80.4,80.47,78.73,78.97,512600
ORRF,20111219,8.21,8.25,7.98,7.98,9800
OSBC,20111219,1.27,1.32,1.21,1.21,9900
OSBCP,20111219,3.95,4.05,3.85,4.02,10500
OSHC,20111219,10.2,10.2,10.2,10.2,0
OSIR,20111219,5.18,5.4,5.18,5.23,79500
OSIS,20111219,46.95,47.15,45.25,45.33,59500
OSM,20111219,20.88,21.33,20.88,20.94,33800
OSN,20111219,0.83,0.86,0.8,0.86,8100
OSTK,20111219,7.99,8,7.75,7.76,95700
OSUR,20111219,9.14,9.29,8.75,8.76,148300
OTEX,20111219,51.15,51.15,49.7,50.71,353500
OTIV,20111219,1.21,1.23,1.14,1.17,58800
OTT,20111219,13.58,14.36,13.5,14.13,106000
OTTR,20111219,21.25,21.5,20.92,20.92,125200
OUTD,20111219,7.32,7.39,7.01,7.01,57600
OVBC,20111219,18.99,18.99,18.99,18.99,0
OVLY,20111219,6.88,7.02,6.88,6.88,400
OVRL,20111219,2.15,2.15,2.05,2.09,31600
OVTI,20111219,11.68,11.83,10.96,11,2068600
OXBT,20111219,1.88,1.93,1.55,1.57,49300
OXGN,20111219,1.07,1.09,1.01,1.04,128200
OXLC,20111219,13.39,13.41,13.1,13.1,9200
OZRK,20111219,28.98,29.23,28.29,28.41,264700
PAAS,20111219,22.2,22.39,21.31,21.38,1058400
PACB,20111219,2.5,2.51,2.25,2.28,301900
PACQ,20111219,9.41,9.41,9.41,9.41,0
PACQW,20111219,0.32,0.32,0.3,0.3,400
PACR,20111219,5.02,5.25,4.86,4.89,444800
PACW,20111219,18.72,19.07,17.86,17.96,165600
PAGG,20111219,25.84,25.84,25.41,25.45,62000
PANL,20111219,34.77,35.25,32.77,33.08,973800
PATH,20111219,1.88,1.9,1.67,1.72,38800
PATK,20111219,3.45,3.61,3.37,3.54,8900
PATR,20111219,20.85,21.6,20.74,20.79,6500
PAYX,20111219,29.83,30.2,29.49,29.6,2347800
PBCT,20111219,12.43,12.48,12.14,12.18,2676000
PBHC,20111219,8.85,8.85,8.85,8.85,0
PBIB,20111219,2.13,2.28,2.01,2.23,12200
PBIP,20111219,4.95,4.96,4.95,4.95,900
PBSK,20111219,10.84,10.84,10.8,10.8,5500
PCAR,20111219,36.5,36.78,35.38,35.48,2123800
PCBK,20111219,8.89,8.89,8.33,8.45,42700
PCCC,20111219,11.12,11.24,10.81,11.12,70300
PCH,20111219,29.98,30.13,29.35,29.44,341000
PCLN,20111219,456.65,465.45,455.1,459.73,865400
PCO,20111219,2.7,2.7,2.52,2.54,189300
PCOM,20111219,7.92,7.99,7.74,7.84,65800
PCRX,20111219,8.14,8.7,8.12,8.21,150100
PCTI,20111219,6.97,6.98,6.69,6.75,8400
PCYC,20111219,14.77,14.98,14.62,14.78,919500
PCYO,20111219,1.77,1.82,1.74,1.75,18900
PDCO,20111219,28.5,28.65,28.16,28.22,920400
PDEX,20111219,2.2,2.2,2.02,2.09,7300
PDFS,20111219,6.49,6.6,6.49,6.52,67500
PDII,20111219,5.89,5.89,5.59,5.71,7300
PDLI,20111219,6.01,6.04,5.76,5.77,2137200
PEBK,20111219,5.67,5.67,5.4,5.4,700
PEBO,20111219,15,15.08,14.54,14.63,22500
PEGA,20111219,29.94,30.14,27.83,28.14,432500
PEIX,20111219,0.92,0.95,0.83,0.85,3107300
PENN,20111219,36.35,36.48,35.8,35.85,434200
PENX,20111219,4.94,5.06,4.94,5,6800
PEOP,20111219,13.6,13.69,13.6,13.61,1100
PERF,20111219,19.28,19.4,19.1,19.39,1300
PERI,20111219,4.06,4.2,4.02,4.19,56800
PERY,20111219,13.44,13.53,12.88,13.02,436700
PESI,20111219,1.5,1.54,1.45,1.45,31900
PETM,20111219,50.64,51.28,50.29,50.34,1571900
PETS,20111219,9.87,10.04,9.53,9.57,145900
PFBC,20111219,7.5,7.65,7.36,7.65,10100
PFBI,20111219,4.72,4.81,4.72,4.81,1300
PFBX,20111219,10.34,10.34,10.34,10.34,0
PFIN,20111219,3.45,3.79,3.45,3.55,9200
PFLT,20111219,10.53,10.57,10.22,10.4,48600
PFSW,20111219,2.68,2.7,2.52,2.61,114900
PGC,20111219,10.21,10.36,10.21,10.21,15600
PGNX,20111219,6.65,6.82,6.41,6.48,210500
PGTI,20111219,1.02,1.06,0.98,1.06,55900
PHII,20111219,21.78,22.03,21.78,21.99,500
PHIIK,20111219,24.35,24.35,23.05,23.05,18000
PHMD,20111219,16.19,16.59,15.88,15.88,5400
PICO,20111219,20.17,20.18,18.97,19,221000
PKBK,20111219,5.52,5.52,5.3,5.3,5900
PKOH,20111219,19.23,19.42,18,18.11,76500
PLAB,20111219,5.95,6.03,5.58,5.63,437600
PLBC,20111219,2.19,2.19,2.19,2.19,400
PLCC,20111219,0.63,0.63,0.63,0.63,0
PLCE,20111219,53.21,55.65,52.16,52.75,973800
PLCM,20111219,16.32,16.49,15.47,15.5,1409700
PLMT,20111219,5.15,5.49,5,5.05,3300
PLNR,20111219,1.88,1.97,1.85,1.92,19800
PLPC,20111219,59.24,59.24,58.05,58.26,13300
PLTM,20111219,17.75,17.77,17.41,17.5,9400
PLUG,20111219,2.11,2.14,2.05,2.06,116100
PLUS,20111219,28.47,28.49,28,28,8800
PLXS,20111219,27.6,28,26.83,26.99,196900
PLXT,20111219,2.83,2.9,2.67,2.73,104400
PMBC,20111219,3.2,3.23,3.17,3.17,6800
PMCS,20111219,5.11,5.14,5.01,5.05,3304400
PMD,20111219,8.69,8.94,8.5,8.54,19200
PMFG,20111219,19.76,19.95,18.76,18.85,42800
PMNA,20111219,10.31,10.54,10.12,10.54,112500
PMTC,20111219,19.93,20.12,18.81,18.88,1356200
PMTI,20111219,8.21,8.39,8.05,8.11,214400
PNBK,20111219,1.73,1.75,1.73,1.75,1400
PNFP,20111219,15.01,15.31,15.01,15.17,258000
PNNT,20111219,10.35,10.47,10.06,10.08,339900
PNQI,20111219,34.13,34.23,33.51,33.57,5300
PNRA,20111219,135.79,137.82,134,134.62,296000
PNRG,20111219,21.29,21.56,21.29,21.56,1100
PNTR,20111219,3.35,3.35,3.35,3.35,0
PODD,20111219,17.55,17.91,17.42,17.61,476900
POOL,20111219,28.99,29.04,27.97,28,231700
POPE,20111219,42.62,42.65,42.6,42.6,1000
POWI,20111219,32.94,33.64,31.93,31.97,109100
POWL,20111219,31.7,31.93,30.31,30.47,36900
POWR,20111219,5.22,5.27,4.92,4.92,47800
POZN,20111219,3.95,3.96,3.75,3.77,204600
PPBI,20111219,6.12,6.22,6.12,6.18,5600
PPHM,20111219,0.97,0.99,0.92,0.93,619400
PRAA,20111219,64.74,64.84,63.25,63.45,77000
PRAN,20111219,1.52,1.53,1.45,1.46,82200
PRCP,20111219,4.96,4.96,4.72,4.73,7200
PRFT,20111219,8.55,8.85,8.44,8.72,186400
PRFZ,20111219,58.95,59.15,57.24,57.24,21700
PRGO,20111219,98.32,99.19,97.15,98.03,1109600
PRGS,20111219,20.16,20.39,19.26,19.3,430400
PRGX,20111219,5.95,6.05,5.74,5.76,38300
PRIM,20111219,14.93,14.95,14.51,14.6,238300
PRKR,20111219,0.88,0.92,0.87,0.87,98300
PRLS,20111219,3.67,3.76,3.66,3.66,400
PRMW,20111219,2.66,2.78,2.59,2.6,400000
PROV,20111219,9.27,9.36,9.25,9.33,95500
PRPH,20111219,1.14,1.18,1.13,1.18,4800
PRSC,20111219,13.48,13.84,13.24,13.35,106400
PRTS,20111219,5,5.04,4.61,4.65,47400
PRXI,20111219,1.65,1.66,1.63,1.66,39000
PRXL,20111219,19.78,19.95,19.22,19.27,251800
PSAU,20111219,39.67,39.73,38.69,38.86,7400
PSBH,20111219,4.5,4.5,4.5,4.5,0
PSCC,20111219,30.33,30.33,29.89,29.89,900
PSCD,20111219,26.64,26.64,25.89,25.89,5300
PSCE,20111219,33.28,33.48,31.95,32.03,15500
PSCF,20111219,26.08,26.08,25.4,25.4,5900
PSCH,20111219,31.02,31.19,30.59,30.63,50600
PSCI,20111219,26.79,26.79,26.07,26.07,2800
PSCM,20111219,24.85,24.87,24.56,24.56,400
PSCT,20111219,27.7,27.77,26.98,26.98,6500
PSCU,20111219,30.26,30.26,29.8,29.8,20500
PSDV,20111219,1.13,1.2,1.1,1.1,67000
PSEC,20111219,9.23,9.25,9.08,9.08,890300
PSEM,20111219,7.86,7.87,7.46,7.49,56500
PSMT,20111219,67.26,68.67,67.26,67.68,145900
PSTB,20111219,3.89,3.9,3.65,3.66,84000
PSTI,20111219,2.61,2.65,2.53,2.57,73500
PSTR,20111219,2.58,2.58,2.35,2.43,16300
PSUN,20111219,1.64,1.66,1.48,1.48,544400
PTEK,20111219,0.64,0.73,0.61,0.69,16400
PTEN,20111219,19.6,19.89,18.42,18.48,4009300
PTIE,20111219,3.8,3.8,3.68,3.74,193800
PTIX,20111219,1.68,1.73,1.68,1.68,2200
PTNR,20111219,8.98,9.06,8.81,8.82,165300
PTRY,20111219,11.3,11.53,10.99,11.03,152300
PTSI,20111219,9.4,9.4,9.25,9.26,3500
PTSX,20111219,1.02,1.1,1.02,1.09,6200
PULB,20111219,6.82,6.93,6.65,6.88,10300
PURE,20111219,0.4,0.43,0.37,0.37,311800
PVFC,20111219,1.48,1.6,1.47,1.5,5900
PVTB,20111219,10,10.18,9.62,9.76,646500
PVTBP,20111219,25.6,26.08,25.6,25.63,11400
PWER,20111219,3.86,3.93,3.75,3.77,1343000
PWOD,20111219,38.24,38.24,37.07,37.07,4100
PWRD,20111219,11.18,11.28,10.7,10.74,275300
PWX,20111219,12.18,12.18,11.97,11.97,1900
PXLW,20111219,2.18,2.32,2.11,2.15,4700
PZZA,20111219,37.39,37.62,36.47,36.5,227900
PZZI,20111219,5.55,5.56,5.35,5.36,59800
QABA,20111219,22.42,22.42,22.09,22.11,1500
QADA,20111219,10.45,10.77,10.4,10.4,11000
QADB,20111219,10.87,10.89,10.49,10.49,700
QBAK,20111219,1.85,1.85,1.81,1.81,300
QCCO,20111219,3.97,4.11,3.78,3.83,43400
QCLN,20111219,9.3,9.37,9.05,9.06,21900
QCOM,20111219,53.06,53.07,51.76,51.92,11687800
QCOR,20111219,44.1,44.85,43.89,44.04,731000
QCRH,20111219,8.73,8.75,8.73,8.73,600
QDEL,20111219,15.97,16.18,15.27,15.42,245000
QGEN,20111219,13.43,13.53,13.2,13.22,1840000
QKLS,20111219,18.96,18.96,16.08,16.08,108800
QLGC,20111219,14.83,14.84,14.3,14.43,1238000
QLIK,20111219,26.76,27.51,25.86,26.08,735900
QLTI,20111219,6.59,6.7,6.46,6.5,193500
QLTY,20111219,10.01,10.16,9.64,9.85,42800
QNST,20111219,9.72,9.9,9.72,9.83,218600
QQEW,20111219,22.67,22.71,22.23,22.23,9600
QQQ,20111219,55.06,55.2,54.17,54.32,46733800
QQQC,20111219,13.38,13.4,13.08,13.08,1100
QQQX,20111219,13.01,13.01,12.66,12.67,41200
QQXT,20111219,20.61,20.61,20.31,20.31,5800
QSII,20111219,35.1,35.57,35.1,35.24,465300
QTEC,20111219,23.6,23.6,23.02,23.08,48400
QTWW,20111219,0.77,0.79,0.72,0.72,509400
QUIK,20111219,2.62,2.68,2.52,2.53,97800
RADA,20111219,1.84,1.89,1.84,1.85,13200
RAIL,20111219,20.39,20.87,20.04,20.1,67400
RAND,20111219,2.99,2.99,2.99,2.99,200
RAVN,20111219,29.55,30.525,29.55,30.395,150600
RBCAA,20111219,22.53,23.33,22.23,22.88,22800
RBCN,20111219,9.59,9.59,8.9,8.91,345900
RBNF,20111219,3.05,3.15,3,3,3300
RBPAA,20111219,1.31,1.34,1.3,1.3,1000
RCII,20111219,35.27,35.96,35.08,35.18,772100
RCKB,20111219,10.35,10.42,10.11,10.16,65400
RCKY,20111219,9,9,8.76,8.76,7700
RCMT,20111219,5.26,5.26,5.01,5.01,54400
RCON,20111219,0.41,0.41,0.4,0.4,9800
RDA,20111219,10.93,10.93,10.4,10.5,38900
RDCM,20111219,4.6,4.6,4.3,4.42,15100
RDEN,20111219,36,36.38,34.93,34.99,146400
RDI,20111219,4.2,4.2,4.1,4.17,4900
RDIB,20111219,5.5,5.5,5.5,5.5,0
RDNT,20111219,2.19,2.22,2.12,2.12,60300
RDWR,20111219,15,15.41,14.53,14.98,274000
RECN,20111219,10.37,10.56,10.13,10.19,331200
RECV,20111219,3.94,4.17,3.53,3.6,15000
REDF,20111219,7.8,7.9,7.2,7.29,171900
REFR,20111219,3.29,3.46,3.2,3.3,25400
REGN,20111219,53.09,53.92,52.45,53.2,1328900
REIS,20111219,9.18,9.18,9.18,9.18,0
RELL,20111219,12.25,12.41,11.99,12.05,42100
RELV,20111219,1.21,1.24,1.2,1.2,7200
RENT,20111219,13.58,13.9,13.18,13.23,44900
REXI,20111219,4.78,4.78,4.65,4.65,10100
REXX,20111219,14.12,14.31,13.32,13.54,612700
RFIL,20111219,3.49,3.73,3.43,3.69,4200
RFMD,20111219,5.17,5.25,4.97,5,5050200
RGCO,20111219,17.95,17.99,17.72,17.99,7100
RGDX,20111219,1.32,1.32,1.24,1.25,31700
RGEN,20111219,3.28,3.32,3.25,3.3,283500
RGLD,20111219,70.02,70.31,67.38,67.39,790400
RICK,20111219,8.7,8.85,8.65,8.66,66300
RIGL,20111219,7.23,7.42,7.04,7.05,211300
RIMG,20111219,11.18,11.19,11.01,11.02,31500
RITT,20111219,4.65,4.66,4,4.09,34300
RIVR,20111219,15.43,15.52,15.42,15.5,5200
RJET,20111219,4.08,4.16,3.8,3.81,256400
RLOC,20111219,7.17,7.3,6.91,7.02,133300
RLOG,20111219,6.25,6.32,6.15,6.3,1200
RMBS,20111219,7.29,7.34,6.93,6.96,1036300
RMCF,20111219,8.66,8.95,8.61,8.94,21200
RMKR,20111219,0.45,0.51,0.38,0.51,1004100
RMTI,20111219,7.69,7.73,7.57,7.64,41300
RNET,20111219,15.94,16.18,15.69,16.02,27500
RNIN,20111219,5.4,6.25,5.4,5.95,90300
RNST,20111219,14.69,14.81,14.26,14.27,51100
RNWK,20111219,7.82,7.82,7.4,7.41,92900
ROCK,20111219,13.69,14.09,13.12,13.22,135200
ROCM,20111219,7.8,7.92,7.58,7.6,31700
ROIA,20111219,1,1,0.98,0.98,1700
ROIAK,20111219,1.01,1.04,0.95,0.98,65100
ROIC,20111219,11.6,11.6,11.5,11.5,408200
ROICW,20111219,0.7,0.7,0.68,0.68,9800
ROLL,20111219,41.01,41.11,39.72,39.91,54500
ROMA,20111219,9.63,9.79,9.32,9.33,15600
ROSE,20111219,43.02,43.57,41.77,41.89,561600
ROSG,20111219,4.05,4.05,3.6,3.6,74700
ROST,20111219,47.34,47.9,46.13,46.25,1805400
ROVI,20111219,23.96,24.3,23.58,23.71,1807400
ROYL,20111219,4.48,4.49,4.2,4.22,307100
RP,20111219,26,26.2,24.54,24.83,164700
RPRX,20111219,4.75,4.93,4.75,4.86,40900
RPTP,20111219,6.64,7.06,6.17,6.22,1126500
RPXC,20111219,12.97,13.32,11.92,11.97,193500
RRD,20111219,14.35,14.45,13.7,13.78,2214100
RRGB,20111219,28.4,28.58,27.74,27.82,121800
RRST,20111219,3.98,3.98,3.85,3.98,1300
RSOL,20111219,1.1,1.25,1.06,1.15,68800
RSTI,20111219,22.11,22.39,21.23,21.3,108700
RSYS,20111219,5.43,5.56,5.18,5.21,213200
RTEC,20111219,8.69,8.82,8.53,8.6,231200
RTIX,20111219,4.61,4.7,4.39,4.4,253200
RUE,20111219,21.6,21.72,20.61,20.74,273400
RUSHA,20111219,19.38,19.65,18.57,18.61,48900
RUSHB,20111219,15.56,15.59,15.1,15.13,900
RUTH,20111219,5.18,5.59,5.12,5.18,296100
RVBD,20111219,23.66,23.88,23.05,23.2,1953800
RVSB,20111219,2.27,2.27,2.25,2.25,2300
RYAAY,20111219,29.72,29.81,29.12,29.16,148800
SAAS,20111219,4.58,4.69,4.34,4.39,110700
SAFM,20111219,52.08,52.85,50.6,50.68,240700
SAFT,20111219,39.81,40.18,39,39.05,28000
SAIA,20111219,12.77,12.92,12.29,12.34,110300
SALM,20111219,2.22,2.4,2.12,2.3,50200
SANM,20111219,9.03,9.15,8.65,8.67,633400
SANW,20111219,4.63,4.7,4.63,4.69,3800
SANWW,20111219,0.6,0.6,0.6,0.6,0
SANWZ,20111219,0.23,0.23,0.23,0.23,0
SAPE,20111219,11.91,12.09,11.6,11.67,569200
SASR,20111219,17.82,17.97,17.63,17.73,97200
SATS,20111219,20.71,21.07,20.35,20.46,326600
SAVE,20111219,15.14,15.49,15.1,15.25,166600
SBAC,20111219,40.09,40.33,39.38,39.57,559600
SBBX,20111219,4.4,4.53,4.33,4.4,1500
SBCF,20111219,1.53,1.54,1.36,1.37,434900
SBGI,20111219,10.75,10.89,10.36,10.52,387200
SBLK,20111219,15,15,14.4,14.85,216300
SBNY,20111219,58.45,58.94,57.33,57.52,326700
SBNYW,20111219,34.5,34.5,34.5,34.5,0
SBRA,20111219,11,11.11,10.93,10.97,285600
SBSA,20111219,1.98,2,1.98,1.98,15000
SBSI,20111219,21.65,21.73,21.35,21.41,70100
SBUX,20111219,43.86,44,43.31,43.62,5234700
SCBT,20111219,28.43,28.49,27.05,27.25,45600
SCHL,20111219,28.09,28.41,27.21,27.33,124000
SCHN,20111219,42.97,44.66,41.35,41.54,1155800
SCLN,20111219,4.79,4.86,4.41,4.42,175100
SCMP,20111219,4.11,4.17,3.97,3.99,89900
SCOK,20111219,2.42,2.42,2.25,2.34,42300
SCON,20111219,14.52,15,13.92,14.76,98700
SCOR,20111219,18.8,19.38,18.15,18.2,204600
SCSC,20111219,33.84,34.74,33.5,33.55,186900
SCSS,20111219,19.74,20.94,19.44,20.12,1345300
SCVL,20111219,15.8267,16.1467,15.7667,15.8467,73900
SDBT,20111219,2.23,2.23,2.2,2.23,24900
SDIX,20111219,1.59,1.63,1.55,1.55,18100
SEAC,20111219,7.26,7.3,6.89,6.92,85700
SEED,20111219,2.61,2.61,2.5,2.5,42000
SEIC,20111219,16.42,16.53,15.94,15.98,895500
SENEA,20111219,25.03,25.28,24.59,24.79,31800
SENEB,20111219,25.09,25.09,24.61,24.61,300
SEV,20111219,4.67,5.05,4.61,5.05,4000
SFLY,20111219,23.21,24.33,23,23.08,1057800
SFNC,20111219,27.3,27.58,26.44,26.54,24000
SFST,20111219,6.75,6.92,6.75,6.92,1400
SGC,20111219,12.11,12.76,12.1,12.65,2900
SGEN,20111219,16.58,16.68,16.2,16.36,1289500
SGI,20111219,10.9,10.9,10.24,10.54,987900
SGMA,20111219,3.42,3.49,3.4,3.49,1000
SGMO,20111219,2.78,2.87,2.6,2.7,333400
SGMS,20111219,8.01,8.15,7.66,7.69,436500
SGNT,20111219,22.27,22.27,21.51,21.94,112200
SGOC,20111219,1.51,1.51,1.5,1.5,3800
SGRP,20111219,1.14,1.14,1.14,1.14,200
SGYPU,20111219,8.2,8.25,8.15,8.15,10400
SGYPW,20111219,0.75,0.8,0.75,0.8,15000
SHBI,20111219,5.05,5.22,5,5.1,21100
SHEN,20111219,11.31,11.59,10.84,10.86,38800
SHFL,20111219,11.13,11.13,10.61,10.68,410100
SHIP,20111219,2.21,2.8,2.21,2.44,38400
SHLD,20111219,46.72,48.1,44.81,45.19,2011400
SHLM,20111219,21.62,21.9,20.76,20.83,240700
SHLO,20111219,8.54,8.78,8.19,8.29,17100
SHOO,20111219,33.81,34.2,32.9,33.71,293500
SHOR,20111219,6.17,6.2,5.96,5.97,183600
SIAL,20111219,63.28,64.11,62.66,62.91,866300
SIBC,20111219,10.3,10.3,10.3,10.3,200
SIEB,20111219,1.34,1.34,1.34,1.34,0
SIFI,20111219,9.45,9.5,9.45,9.5,23300
SIFY,20111219,4.23,4.38,4.03,4.18,469800
SIGA,20111219,2.17,2.23,2.01,2.02,625300
SIGI,20111219,17.48,17.7,17.21,17.24,211300
SIGM,20111219,5.91,5.99,5.68,5.73,221000
SILC,20111219,17.53,17.69,17.37,17.42,3800
SIMG,20111219,4.38,4.48,4.2,4.2,520500
SIMO,20111219,19.85,20,19.3,19.38,291000
SINA,20111219,54.05,54.8,51.23,52.81,6166300
SINO,20111219,2.2,2.5,2.19,2.25,17400
SIRI,20111219,1.78,1.83,1.78,1.81,39485600
SIRO,20111219,42.53,42.64,41.82,42.06,439100
SIVB,20111219,45.49,45.67,43.91,44.08,257200
SIVBO,20111219,25.07,25.07,25,25.02,1600
SKBI,20111219,2.69,2.69,2.67,2.69,400
SKUL,20111219,12.05,12.22,12,12.11,415200
SKYW,20111219,12.75,12.93,12.27,12.31,218800
SKYY,20111219,17.42,17.42,17,17.02,31000
SLAB,20111219,42.49,42.61,40.76,41.02,267900
SLGN,20111219,37.94,38.56,37.29,37.41,126400
SLM,20111219,13.51,13.58,13.02,13.1,4614400
SLMAP,20111219,40,40.25,39.8,40.2,3600
SLMBP,20111219,39.3,39.3,39.3,39.3,0
SLP,20111219,2.97,3.01,2.95,2.95,5300
SLRC,20111219,21.55,21.61,21.1,21.13,406800
SLTC,20111219,2.73,2.85,2.73,2.82,2600
SLTM,20111219,3.01,3.04,2.86,2.87,181800
SLXP,20111219,44.18,44.34,43.02,43.23,815500
SMBC,20111219,21.86,22,21.86,22,600
SMCI,20111219,14.96,15.18,14.52,14.56,148000
SMED,20111219,4.4,4.48,4.02,4.12,80000
SMIT,20111219,3.35,3.4,3.35,3.4,1200
SMMF,20111219,3.15,3.25,2.99,3.25,7700
SMRT,20111219,6.68,6.79,6.52,6.54,130000
SMSI,20111219,1.17,1.21,1.12,1.13,418000
SMT,20111219,4.03,4.08,3.97,3.97,113300
SMTC,20111219,23.24,23.45,22.53,22.6,363000
SMTX,20111219,2.6,2.75,2.55,2.72,88400
SNAK,20111219,3.6,3.78,3.6,3.64,30500
SNBC,20111219,2.27,2.4,2.19,2.23,171000
SNCR,20111219,31.52,32.19,31.32,31.51,937600
SNDK,20111219,48.35,48.48,46.65,46.9,4317100
SNFCA,20111219,1.2,1.21,1.2,1.21,2100
SNHY,20111219,23.04,23.63,22.84,23.06,105900
SNMX,20111219,3.79,3.95,3.63,3.65,85800
SNPS,20111219,26.95,27.21,26.42,26.49,867300
SNSS,20111219,1.23,1.27,1.2,1.2,111200
SNTA,20111219,4.82,4.9,4.72,4.79,124500
SNTS,20111219,3.22,3.23,3.09,3.11,181600
SOCB,20111219,1.4,1.41,1.4,1.4,4900
SOCL,20111219,12.9,12.9,12.8,12.8,2100
SODA,20111219,31.02,31.5,30.2,30.42,662000
SOFO,20111219,7.28,7.74,7.28,7.52,5100
SOHU,20111219,48.44,48.9,46.53,46.82,1139600
SOMH,20111219,7.76,7.76,7.76,7.76,0
SONA,20111219,5.98,5.98,5.9,5.95,6800
SONC,20111219,6.8,6.95,6.49,6.49,458300
SONS,20111219,2.49,2.49,2.34,2.35,1291200
SORL,20111219,2.69,2.78,2.6,2.67,149200
SOXX,20111219,48.05,48.16,46.61,46.64,446100
SPAN,20111219,13.55,13.6,13.55,13.57,700
SPAR,20111219,5.01,5.01,4.69,4.69,107100
SPBC,20111219,10,10,10,10,0
SPCHA,20111219,1.67,1.67,1.67,1.67,100
SPCHB,20111219,2.25,2.25,2.24,2.24,300
SPEX,20111219,24.2,25.2,23.6,23.6,46900
SPIL,20111219,4.07,4.1,3.95,3.98,1275600
SPIR,20111219,0.65,0.7,0.62,0.62,14900
SPLS,20111219,14.13,14.23,13.75,13.8,8351700
SPMD,20111219,3.15,3.3,2.65,2.88,163700
SPNC,20111219,7.3,7.38,6.84,6.87,99000
SPNS,20111219,2.85,2.99,2.8,2.99,2800
SPPI,20111219,14.6,15.22,14.58,14.62,2617100
SPPR,20111219,0.71,0.73,0.71,0.71,9600
SPPRO,20111219,20,20,20,20,600
SPPRP,20111219,6.85,6.85,6.43,6.78,5000
SPRD,20111219,20.36,20.79,19.55,19.63,796800
SPRO,20111219,1.98,1.98,1.8,1.8,200
SPRT,20111219,1.9,1.95,1.7,1.7,355000
SPSC,20111219,26.86,26.86,25.7,25.82,46400
SPTN,20111219,18.5,18.55,17.92,17.98,66600
SPU,20111219,1.85,1.9,1.8,1.84,29100
SPWR,20111219,5.12,5.3,5.06,5.15,915400
SQI,20111219,14.15,14.64,14.1,14.4,57900
SQNM,20111219,4.01,4.08,3.78,3.83,2090100
SQQQ,20111219,83.16,87.08,82.44,86.32,2086300
SRCE,20111219,24.74,24.75,23.82,23.87,18700
SRCL,20111219,76.84,77.7,76.22,76.38,321600
SRDX,20111219,13.83,14.21,13.66,14.14,167000
SREV,20111219,14.72,15,14.54,14.64,632400
SSBI,20111219,5.3,5.3,5.29,5.29,1400
SSFN,20111219,5.22,5.22,5.17,5.17,800
SSNC,20111219,17.72,17.94,17.47,17.56,223600
SSRI,20111219,13.47,13.48,12.87,12.93,1132500
SSRX,20111219,9.75,10.16,9.62,10.05,285400
SSYS,20111219,30.34,30.91,29.25,29.38,192000
STAA,20111219,11.37,11.65,10.56,10.61,374100
STAN,20111219,17.78,18.35,17.66,17.71,47000
STB,20111219,6.35,6.44,6.25,6.39,87900
STBA,20111219,19.15,19.38,18.55,18.62,67500
STBZ,20111219,14.95,15.3,14.9,14.94,197200
STEC,20111219,9.13,9.21,8.64,8.7,711700
STEI,20111219,5.41,5.5,5.17,5.23,651800
STEL,20111219,11.43,11.61,10.96,11.05,89200
STEM,20111219,0.83,0.83,0.78,0.78,649900
STFC,20111219,12.8,12.93,12.63,12.69,27500
STKL,20111219,5.05,5.08,4.95,4.95,72700
STLD,20111219,12.56,12.68,11.99,12.04,2227600
STLY,20111219,3.09,3.25,2.96,3.25,49600
STMP,20111219,25.53,25.53,24.74,25,252900
STND,20111219,14.9,15,14.9,14.9,2700
STNR,20111219,46.61,47.07,44.62,44.78,24800
STRA,20111219,93.87,95.2,91,91.49,91900
STRL,20111219,11.88,11.95,11,11.07,54400
STRM,20111219,1.51,1.58,1.42,1.43,6700
STRN,20111219,5,5.07,4.9,5.07,9100
STRS,20111219,7.74,7.74,7.24,7.24,500
STRT,20111219,20.9,21.43,20.9,21.41,4900
STSA,20111219,15.84,16.06,15.37,15.46,128500
STX,20111219,15.54,15.62,15.02,15.07,4976000
STXS,20111219,9,9.5,8.2,8.4,746300
SUBK,20111219,8.6,8.68,8.41,8.42,52600
SUMR,20111219,6.99,7.01,6.74,6.74,26100
SUNS,20111219,16.12,16.24,15.5,15.82,28200
SUPX,20111219,18.75,19.05,18.12,18.13,26700
SURG,20111219,7.07,7.19,6.85,6.98,259800
SUSQ,20111219,8.05,8.09,7.75,7.81,1576700
SUTR,20111219,1.1,1.1,1.06,1.06,45700
SVA,20111219,2.21,2.23,2.13,2.16,551000
SVBI,20111219,2.35,2.35,2.35,2.35,100
SVNT,20111219,2.07,2.16,2.06,2.06,1056200
SVVC,20111219,14.8,14.8,14.6,14.61,1500
SWHC,20111219,3.92,3.97,3.83,3.83,566300
SWIR,20111219,6.3,6.39,6.02,6.07,144300
SWKS,20111219,14.5,14.86,14.4,14.74,8226000
SWSH,20111219,3.26,3.27,3.09,3.1,1203300
SYBT,20111219,20.59,20.65,20.08,20.15,17900
SYBTP,20111219,11.4,11.4,11.4,11.4,800
SYKE,20111219,15,15.33,14.79,14.81,311700
SYMC,20111219,15.5,15.64,15.23,15.29,6071900
SYMM,20111219,5.41,5.6,5.29,5.3,102500
SYMX,20111219,1.69,1.75,1.49,1.57,144200
SYNA,20111219,30.79,31.2,29.4,29.47,423300
SYNL,20111219,10.26,10.35,10.01,10.17,2000
SYNM,20111219,10.3,10.3,9.9,9.9,334700
SYNT,20111219,45.2,46.07,44.94,45.05,132100
SYPR,20111219,4.2,4.2,3.94,3.94,4100
SYUT,20111219,4.31,4.34,4.04,4.05,35000
SZYM,20111219,11.16,11.5,10.14,10.25,645700
TACT,20111219,7.12,7.85,7.12,7.76,23000
TAIT,20111219,1.02,1.08,1.01,1.06,9700
TASR,20111219,5.7,5.95,5.5,5.52,510200
TAST,20111219,11.1,11.2,10.79,10.85,123200
TATT,20111219,4.34,4.34,4.02,4.18,5800
TAXI,20111219,11.41,11.56,11.4,11.42,37400
TAYC,20111219,7.99,8.2,7.69,7.69,49900
TAYCP,20111219,22.95,23.11,22.94,22.97,10000
TAYD,20111219,6.8,6.8,6.55,6.63,2200
TBAC,20111219,0.95,1.06,0.95,0.95,2100
TBBK,20111219,7.55,7.58,7.22,7.28,61100
TBNK,20111219,19.71,19.85,19.5,19.51,23800
TBOW,20111219,1.83,1.87,1.75,1.75,33000
TCBI,20111219,29.09,29.57,28.02,28.12,283300
TCBIW,20111219,17.26,17.26,17.26,17.26,100
TCBK,20111219,14.59,14.62,14,14,26900
TCCO,20111219,7.69,7.69,7.56,7.67,3000
TCRD,20111219,11.46,11.74,11.36,11.49,48700
TEAR,20111219,1.2,1.22,1.05,1.08,210300
TECD,20111219,49.87,50.29,48.49,48.62,305100
TECH,20111219,67.55,68.71,66.23,66.48,110400
TECUA,20111219,5.03,5.22,4.68,4.7,76700
TECUB,20111219,5.05,5.05,5,5,2100
TELK,20111219,7.5,7.5,6,6.3,148600
TESO,20111219,11.72,11.89,10.9,10.96,173600
TESS,20111219,13.76,14.09,13.76,14,10300
TFCO,20111219,3.48,3.48,3.48,3.48,0
TFM,20111219,41.51,42.41,40.56,40.72,294500
TFSL,20111219,8.69,8.74,8.53,8.61,371100
TGA,20111219,7.13,7.31,6.95,7.19,130200
TGE,20111219,7.02,7.14,6.82,7.1,175500
THFF,20111219,32.99,32.99,31.68,31.93,24900
THLD,20111219,1.29,1.29,1.22,1.25,97100
THOR,20111219,30.61,30.83,29.89,30.03,311400
THRD,20111219,22.44,22.44,22.19,22.2,3200
THRX,20111219,22.24,22.5,21.19,21.36,392300
THTI,20111219,0.84,0.84,0.74,0.82,700
TIBX,20111219,23.84,23.98,22.9,22.98,2378500
TICC,20111219,8.37,8.59,8.22,8.24,275200
TIGR,20111219,2.1,2.13,2.05,2.12,24600
TINY,20111219,3.6,3.67,3.51,3.51,112500
TISA,20111219,2.13,2.13,2.09,2.11,12400
TITN,20111219,20.94,21.27,20.38,20.63,269500
TIVO,20111219,8.95,9.07,8.82,8.83,1320100
TKMR,20111219,1.59,1.59,1.4,1.55,16400
TLAB,20111219,3.86,3.93,3.78,3.89,6793400
TLF,20111219,4.66,4.66,4.66,4.66,0
TMNG,20111219,1.52,1.52,1.52,1.52,0
TNAV,20111219,8.22,8.33,7.86,7.95,81700
TNGO,20111219,14.83,15.2,14.45,14.93,102800
TOFC,20111219,8.63,8.63,8.63,8.63,0
TOPS,20111219,2.16,2.16,2.01,2.03,4900
TORM,20111219,14.93,15.29,14.93,15.1,1600
TOWN,20111219,12.44,12.61,12.01,12.05,79100
TPGI,20111219,3.19,3.24,3.13,3.2,30200
TQNT,20111219,4.56,4.64,4.51,4.51,3089100
TQQQ,20111219,32.77,32.98,31.19,31.435,1045400
TRAK,20111219,27.01,27.35,26.5,26.6,294800
TREE,20111219,5.23,5.39,5.23,5.29,2900
TRGT,20111219,7.75,7.9,7.69,7.78,403500
TRIB,20111219,10.39,10.39,10.25,10.25,25900
TRIT,20111219,4.22,4.36,4.12,4.14,71000
TRLG,20111219,34.14,34.83,33.7,33.82,217700
TRMB,20111219,21.52,21.88,21.36,21.375,661600
TRMD,20111219,7,7.3,6.7,6.7,21800
TRMK,20111219,22.67,23.07,22.08,22.21,318500
TRNS,20111219,11.13,11.8,11.11,11.8,1500
TRNX,20111219,18.21,18.6,17,17.01,68600
TROW,20111219,54.31,54.73,53.57,53.68,2480200
TRS,20111219,17.04,17.43,16.07,16.14,239400
TRST,20111219,5.37,5.42,5.3,5.31,284600
TSBK,20111219,3.77,3.93,3.76,3.93,2400
TSCO,20111219,73.09,73.73,71.21,71.56,431300
TSEM,20111219,9.3,9.45,9.15,9.15,588300
TSLA,20111219,28.11,28.5,27.37,27.75,986900
TSON,20111219,1.98,2.06,1.91,2.04,144500
TSPT,20111219,7.01,7.19,6.87,6.95,230700
TSRA,20111219,16.11,16.2,15.82,15.83,394800
TSRI,20111219,4,4,4,4,0
TSRX,20111219,7.39,7.39,5.83,6.01,557300
TST,20111219,1.71,1.74,1.67,1.71,284900
TSTC,20111219,4.5,4.5,4.31,4.38,61500
TSYS,20111219,2.29,2.35,2.26,2.28,447900
TTEC,20111219,15.87,15.99,15.39,15.42,129300
TTEK,20111219,21.02,21.31,20.66,20.7,295800
TTGT,20111219,6.71,6.79,6.55,6.57,69200
TTHI,20111219,1.25,1.26,1.15,1.22,77500
TTMI,20111219,11.2,11.24,10.86,10.9,355900
TTWO,20111219,13.61,13.75,13.38,13.48,1274000
TUES,20111219,3.59,3.59,3.35,3.35,233200
TWER,20111219,2.08,2.28,2.05,2.2,1032100
TWGP,20111219,20.52,20.59,19.96,19.98,201500
TWIN,20111219,36.65,37.56,35.96,36.11,125100
TWMC,20111219,2.26,2.53,2.26,2.48,57000
TWTC,20111219,19.1,19.29,18.86,18.9,792600
TXCC,20111219,2.84,3.08,2.75,2.97,96200
TXN,20111219,28.74,28.78,27.9,27.95,7476000
TXRH,20111219,14.31,14.57,13.88,13.93,606400
TYPE,20111219,16.5,17.01,16.09,16.15,248800
TZOO,20111219,27.48,28.5,26.5,26.74,296200
TZYM,20111219,3.23,3.23,3,3,700
UACL,20111219,17.01,17.13,16.27,16.27,32800
UBCP,20111219,8.58,8.6,8.25,8.6,4400
UBFO,20111219,2.39,2.57,2.29,2.35,4400
UBNK,20111219,16.08,16.2,15.4,15.53,26200
UBNT,20111219,20.94,20.95,20.4,20.54,401800
UBOH,20111219,7.03,7.09,7,7,7700
UBPS,20111219,6,6,6,6,0
UBSH,20111219,13.21,13.25,12.59,12.72,49500
UBSI,20111219,28.01,28.64,27.25,27.41,403300
UCBA,20111219,5.67,5.67,5.37,5.38,11100
UCBI,20111219,6.66,6.74,6.4,6.41,411600
UCFC,20111219,1.11,1.18,1.11,1.13,21900
UCTT,20111219,5.98,6.03,5.85,5.89,133400
UEIC,20111219,16.5,16.53,15.53,15.64,96100
UEPS,20111219,8.29,8.29,8.08,8.2,91300
UFCS,20111219,19.94,20.52,19.69,19.73,49300
UFPI,20111219,27.75,28.38,27.17,27.43,187700
UFPT,20111219,15.13,15.28,15.03,15.03,7600
UG,20111219,15.25,15.25,14.8,14.8,1500
UHAL,20111219,84.07,84.44,82.08,82.26,33700
ULBI,20111219,4.07,4.24,3.98,4.1,125700
ULGX,20111219,1.01,1.04,1.01,1.01,2700
ULTA,20111219,67.63,68,64.7,64.91,966500
ULTI,20111219,67.61,67.68,65.77,65.93,213200
ULTR,20111219,2.89,2.89,2.63,2.63,29200
UMBF,20111219,35.64,35.91,34.92,35.05,163200
UMPQ,20111219,12.33,12.4,11.86,11.99,1104000
UNAM,20111219,11.5,12.04,11.49,12.03,8500
UNB,20111219,18.9,18.9,18.9,18.9,0
UNFI,20111219,38.84,39.5,37.99,38.24,425100
UNIS,20111219,3.04,3.06,2.82,2.95,374100
UNTD,20111219,5.33,5.53,5.23,5.25,858400
UNTK,20111219,4.64,4.67,4.3,4.31,53800
UNTY,20111219,6.3,6.3,6.3,6.3,1900
UNXL,20111219,5.25,5.29,4.88,5,18100
UPI,20111219,4.45,4.55,4.22,4.25,120200
URBN,20111219,26.68,26.96,26.1,26.14,1775400
URRE,20111219,8.5,8.6,7.8,7.9,414700
USAK,20111219,8.22,8.22,7.34,7.7,3400
USAP,20111219,33.55,33.63,32.57,32.75,29000
USAT,20111219,1.03,1.05,0.94,0.96,467300
USATP,20111219,16.44,16.44,16.44,16.44,0
USATZ,20111219,0.49,0.49,0.3,0.44,3100
USBI,20111219,3.95,4.11,3.95,4.05,2700
USCR,20111219,2.47,2.47,2.42,2.44,10900
USEG,20111219,2.75,2.77,2.62,2.63,155200
USLM,20111219,59.4,59.5,58.84,59.03,3600
USMO,20111219,14.28,14.44,13.93,13.95,125200
USTR,20111219,31.29,31.55,30.68,30.78,392800
UTEK,20111219,23.15,23.46,22.65,22.79,293100
UTHR,20111219,43.53,44.25,42.83,42.89,1421700
UTIW,20111219,13.03,13.25,12.55,12.61,414700
UTMD,20111219,26.58,26.58,26.58,26.58,0
UTSI,20111219,4.29,4.29,4.14,4.14,96900
UVSP,20111219,14.43,14.52,14.09,14.11,41200
VALU,20111219,10.5,10.72,10.25,10.36,9700
VALV,20111219,0.68,0.73,0.67,0.68,31600
VASC,20111219,11.47,11.57,11.13,11.16,48400
VBFC,20111219,1.27,1.37,1.27,1.37,600
VCBI,20111219,7.27,7.39,7.08,7.18,114700
VCIT,20111219,81.95,82.22,81.94,82.16,92600
VCLK,20111219,15.95,16.11,15.55,15.58,666000
VCLT,20111219,86.59,87.29,86.39,87.22,41700
VCSH,20111219,77.82,77.84,77.66,77.83,182300
VDSI,20111219,7.35,7.45,7.01,7.03,154400
VECO,20111219,22.36,22.46,21.57,21.68,1183800
VELT,20111219,7.13,7.13,6.53,6.6,641700
VGIT,20111219,65.78,65.91,65.78,65.91,4100
VGLT,20111219,75.95,76.64,75.91,76.62,47100
VGSH,20111219,61.06,61.1,61.05,61.09,5600
VIA,20111219,46.32,48.15,46.11,46.13,14000
VIAB,20111219,43.14,43.3,41.98,42.08,2974500
VIAS,20111219,17.25,17.31,16.83,16.83,3600
VICL,20111219,4.3,4.46,4.2,4.32,652000
VICR,20111219,7.76,8.14,7.6,7.65,138600
VIDE,20111219,5.5,5.55,5.22,5.32,6800
VIFL,20111219,5.2,5.26,5.2,5.2,4800
VIMC,20111219,1.62,1.62,1.41,1.53,71200
VIRC,20111219,1.32,1.32,1.32,1.32,0
VISN,20111219,27,27,25.4,26,569900
VITC,20111219,6.14,6.58,6.09,6.23,52300
VIVO,20111219,18.4,18.83,18.32,18.6,222200
VLCCF,20111219,14.46,14.5,13.56,13.74,338200
VLGEA,20111219,28.77,29.11,27.78,28.02,12700
VLTR,20111219,24.28,24.51,23.83,23.84,128600
VLYWW,20111219,1.9,1.9,1.9,1.9,400
VMBS,20111219,52.01,52.22,52.01,52.2,11500
VMED,20111219,21.05,21.28,20.51,20.66,3342600
VNDA,20111219,4.51,4.54,4.33,4.36,369700
VNET,20111219,9.6,9.7,9.21,9.22,80400
VNQI,20111219,41.25,41.25,40.56,40.65,58600
VOCS,20111219,21.48,21.71,21.34,21.43,102500
VOD,20111219,27.12,27.23,26.93,26.98,6109700
VOLC,20111219,22.12,22.35,21.63,21.76,402300
VONE,20111219,56.03,56.03,55.05,55.15,16600
VONG,20111219,57.38,57.49,57.27,57.27,1100
VONV,20111219,53.88,53.88,52.92,52.92,12500
VOXX,20111219,7.73,7.9,7.48,7.5,82000
VPFG,20111219,12.71,12.86,12.51,12.63,160300
VPHM,20111219,27.2,27.73,27.02,27.21,1369800
VPRT,20111219,32.5,32.82,29.32,30.21,1645500
VRA,20111219,33.19,33.43,30.46,30.82,646800
VRML,20111219,1.2,1.2,1.1,1.1,66900
VRNM,20111219,2.59,2.61,2.5,2.5,24600
VRNT,20111219,27.74,27.95,26.89,26.99,135400
VRSK,20111219,39.4,39.52,39,39.07,980400
VRSN,20111219,34.85,35.17,34.6,34.8,2312400
VRTA,20111219,1.11,1.11,1.1,1.1,3300
VRTB,20111219,1.17,1.2,1.15,1.18,13900
VRTS,20111219,72.74,74.17,72.74,73.45,26600
VRTU,20111219,15.15,15.62,14.9,14.95,135100
VRTX,20111219,34.68,34.97,32.94,33.21,3770200
VSAT,20111219,47.28,47.69,45.71,45.81,118500
VSBN,20111219,11.19,11.19,10.52,10.85,21700
VSCI,20111219,2,2.03,1.92,1.96,18400
VSCP,20111219,0.86,0.93,0.85,0.85,21100
VSEC,20111219,23.15,23.84,22.32,22.32,9300
VTHR,20111219,55.98,55.98,55.11,55.11,3000
VTNC,20111219,5.08,5.18,4.83,4.87,14900
VTSS,20111219,2.35,2.41,2.29,2.38,75800
VTUS,20111219,7.37,7.77,7.37,7.6,28500
VTWG,20111219,59.91,60.14,58.38,58.45,10300
VTWO,20111219,58.05,58.05,56.42,56.42,5700
VTWV,20111219,55.12,55.12,54.69,54.69,1000
VVTV,20111219,1.84,1.9,1.8,1.8,382100
VVUS,20111219,10.17,10.29,9.74,9.79,1601300
VXUS,20111219,41.14,41.14,40.28,40.47,142500
VYFC,20111219,4.9,4.9,4.9,4.9,0
WABC,20111219,42.45,42.72,41.08,41.23,124400
WAFD,20111219,13,13.37,12.98,13.07,835900
WASH,20111219,23.5,23.76,22.96,23.02,30200
WAVX,20111219,2.14,2.22,2.1,2.1,286400
WAYN,20111219,7.48,7.5,7.48,7.5,1000
WBCO,20111219,11.53,11.75,11.11,11.17,26700
WBKC,20111219,14.15,14.15,14.15,14.15,0
WBMD,20111219,38.21,38.36,37.2,37.61,669000
WBSN,20111219,18.65,18.65,17.6,17.74,335300
WCRX,20111219,14,14.19,13.73,13.74,1527600
WDC,20111219,31.14,31.35,30.46,30.64,2229300
WDFC,20111219,40.62,40.85,39.59,39.63,42400
WEBM,20111219,3.22,3.22,2.8,2.87,165300
WERN,20111219,23.68,23.95,22.92,22.96,556500
WETF,20111219,5.75,5.95,5.75,5.86,89500
WEYS,20111219,22.98,23.64,22.84,22.94,8200
WFD,20111219,7.31,7.35,7.12,7.13,62600
WFM,20111219,66.51,67.2,65.77,66.06,1305500
WIBC,20111219,3.26,3.35,3.08,3.08,174300
WIFI,20111219,9.16,9.19,8.77,8.8,63500
WILC,20111219,4.66,4.66,4.49,4.59,34100
WILN,20111219,5.33,5.39,5.27,5.28,35200
WIN,20111219,11.62,11.69,11.45,11.51,6212600
WINA,20111219,57.28,57.5,56.65,56.97,7700
WIRE,20111219,25.92,26.48,25.12,25.19,45200
WLB,20111219,11.39,11.49,10.78,10.82,36300
WLBPZ,20111219,25,26.5,25,26.5,300
WLDN,20111219,3.91,3.91,3.91,3.91,0
WLFC,20111219,11.25,11.31,11.25,11.31,1900
WMAR,20111219,10.38,10.56,10.16,10.41,59100
WMGI,20111219,15.29,15.55,15.04,15.16,261400
WOOD,20111219,35.34,35.35,34.75,34.76,16000
WOOF,20111219,19.44,19.6,19.07,19.1,682600
WPCS,20111219,1.7,1.7,1.6,1.63,44200
WPPGY,20111219,49.6,49.86,49,49.01,62100
WPRT,20111219,29.65,30,29.14,29.39,828700
WRES,20111219,3.04,3.12,2.97,2.99,485900
WRLD,20111219,69.83,70.96,69.32,69.71,135300
WRLS,20111219,7.75,7.84,7.6,7.61,38800
WSB,20111219,2.5,2.5,2.5,2.5,0
WSBC,20111219,19.74,19.84,18.9,19.02,45100
WSBF,20111219,1.86,1.9,1.75,1.8,34500
WSCI,20111219,5.23,5.48,5.23,5.4,4100
WSFS,20111219,35.19,35.19,33.87,33.96,25800
WSTG,20111219,12.01,12.23,11.84,12.15,3400
WSTL,20111219,2.04,2.08,2.02,2.02,158600
WTBA,20111219,9.38,9.38,9.02,9.21,36400
WTFC,20111219,27.52,27.72,26.56,26.67,194000
WTFCW,20111219,12.97,12.97,12.97,12.97,400
WVFC,20111219,9.19,9.19,9,9.09,1300
WVVI,20111219,3.01,3.01,3,3,10000
WWD,20111219,39.27,39.8,37.79,37.86,340700
WWWW,20111219,9.74,9.89,9.49,9.59,168300
WYNN,20111219,106.5,108.65,101.9,102.2,1896800
XBKS,20111219,3.8,3.8,3.7,3.7,4000
XIDE,20111219,2.5,2.6,2.35,2.35,1129600
XLNX,20111219,30.85,31.41,30.56,30.61,5278300
XNPT,20111219,3.92,4,3.8,3.89,310800
XOMA,20111219,1.18,1.19,1.07,1.1,228100
XRAY,20111219,34.89,35.17,34.42,34.48,1135700
XRTX,20111219,13.27,14.04,13.27,13.7,238800
XTEX,20111219,15.83,16.2,15.75,16.01,154800
XTXI,20111219,12.53,12.65,11.91,12,248900
XWES,20111219,3.05,3.05,2.99,2.99,23300
XXIA,20111219,10.81,10.93,10.2,10.21,263100
YAVY,20111219,1.75,1.76,1.68,1.68,2800
YHOO,20111219,14.95,15,14.57,14.62,21455700
YNDX,20111219,17.5,17.57,16.6,16.95,763000
YORW,20111219,17.3,17.38,16.97,17.02,20300
Z,20111219,23.02,23.02,22,22.76,95900
ZAGG,20111219,9.16,9.16,8.5,8.55,918000
ZBRA,20111219,37.17,37.17,35.25,35.3,374100
ZEUS,20111219,24,24.57,23.3,23.36,40700
ZGNX,20111219,1.54,1.54,1.41,1.42,328500
ZHNE,20111219,0.85,0.86,0.83,0.86,34700
ZIGO,20111219,17.87,18.1,17.25,17.31,49200
ZINC,20111219,8.65,8.69,8.32,8.42,379500
ZION,20111219,15.1,15.25,14.52,14.63,3115700
ZIONW,20111219,2.6,2.6,2.44,2.44,99000
ZIOP,20111219,4.55,4.59,4.37,4.4,308500
ZIPR,20111219,1.06,1.06,1.01,1.02,30700
ZIXI,20111219,2.82,2.88,2.76,2.77,267000
ZLCS,20111219,1.17,1.27,1.16,1.18,1363200
ZLTQ,20111219,13.69,13.69,11.88,11.95,205300
ZN,20111219,2.35,2.38,2.23,2.23,118800
ZNGA,20111219,9.5,9.6,8.75,9.05,18404600
ZOLT,20111219,7.64,7.74,7.3,7.32,141800
ZOOM,20111219,1.11,1.11,1.02,1.02,98400
ZUMZ,20111219,28.17,28.56,27.09,27.19,620000
