<ticker>,<date>,<open>,<high>,<low>,<close>,<vol>
AACC,20110303,5.77,5.86,5.33,5.85,16300
AAME,20110303,2.1,2.12,2.1,2.12,500
AAON,20110303,20.6133,20.7133,20.2,20.2867,62100
AAPL,20110303,357.2,359.79,355.92,359.56,17885200
AAWW,20110303,68.33,70,68.31,69.84,205700
AAXJ,20110303,61.03,61.62,60.92,61.5,591200
ABAX,20110303,27.15,27.87,27.15,27.6,93400
ABCB,20110303,10.04,10.15,10,10.04,59100
ABCD,20110303,3.69,3.7,3.58,3.69,28700
ABCO,20110303,24.715,25.245,24.62,25.21,101200
ABFS,20110303,24.26,24.68,23.91,24.45,136500
ABIO,20110303,18.3,18.48,17.7,17.94,26200
ABMD,20110303,13.27,13.61,13.24,13.6,133500
ABTL,20110303,5.55,5.8,5.4,5.75,690900
ACAD,20110303,1.5,1.63,1.5,1.61,340600
ACAS,20110303,9.29,9.35,9.2,9.31,3425700
ACAT,20110303,13.23,13.88,13.13,13.59,101900
ACCL,20110303,8.57,8.9,7.83,8.08,490800
ACET,20110303,7.96,8.08,7.86,7.92,88100
ACFN,20110303,3.9,3.97,3.78,3.83,20700
ACGL,20110303,30.1333,30.2267,29.9867,30.0233,540800
ACHN,20110303,5.95,6.05,5.79,5.99,236800
ACIW,20110303,32.07,32.95,31.61,31.74,264100
ACLS,20110303,2.83,2.92,2.78,2.89,1528800
ACNB,20110303,15.26,15.26,15.26,15.26,200
ACOR,20110303,22.45,22.45,21.57,22.06,630500
ACPW,20110303,11.4,11.75,11.15,11.75,307600
ACRX,20110303,3.46,3.46,3.25,3.4,51800
ACTG,20110303,32.63,36.44,32.27,33.93,1604900
ACTS,20110303,2.54,2.6,2.51,2.54,225300
ACUR,20110303,3.26,3.3,3.16,3.26,39800
ACWI,20110303,48.82,49.15,48.63,49.12,285200
ACWX,20110303,45.71,46.08,45.7,46.05,269300
ACXM,20110303,16.54,17.01,16.46,16.88,217200
ADAT,20110303,1.06,1.08,1.06,1.08,15300
ADBE,20110303,34.82,35.35,34.8,35.05,3148500
ADEP,20110303,3.99,3.99,3.96,3.99,2500
ADES,20110303,13.51,14.2,13.5,14.1,13100
ADI,20110303,40.11,40.99,40.08,40.96,3159500
ADP,20110303,50.13,50.7,50.05,50.53,2740600
ADRA,20110303,29.35,29.46,29.29,29.45,5100
ADRD,20110303,23.14,23.24,23.12,23.22,10300
ADRE,20110303,47.4,47.64,47.24,47.62,40000
ADRU,20110303,22.52,22.68,22.52,22.68,11300
ADSK,20110303,40.79,41.93,40.71,41.17,1989700
ADTN,20110303,45.49,47.37,45.49,47.24,1069100
ADUS,20110303,4.58,4.7,4.4,4.69,28700
ADVS,20110303,28.15,28.47,27.98,28.29,226800
AEGR,20110303,14.7,15.03,14.62,15.03,7600
AEHR,20110303,1.8,1.8,1.68,1.78,21600
AEIS,20110303,16.35,16.9,16.29,16.74,1004200
AEPI,20110303,28.46,29.56,28.46,29.22,10900
AERL,20110303,10.25,10.75,9.97,10.49,361800
AETI,20110303,2.62,2.62,2.62,2.62,0
AEY,20110303,3.15,3.19,3.13,3.19,23800
AEZS,20110303,10.68,10.92,10.44,10.8,1501000
AFAM,20110303,39.1,39.27,38.22,38.37,154400
AFCB,20110303,13.94,13.95,13.86,13.86,9300
AFCE,20110303,14.64,14.7,14.54,14.6,39300
AFFX,20110303,5,5.17,4.99,5.17,792500
AFFY,20110303,6.49,6.5,6.33,6.41,194600
AFOP,20110303,12.89,13.28,12.83,13,91800
AFSI,20110303,19.19,19.49,19.14,19.36,159000
AGEN,20110303,0.93,0.95,0.92,0.94,193900
AGII,20110303,37.42,37.42,36.61,36.74,107500
AGNC,20110303,29.7,29.74,29.57,29.62,2199200
AGYS,20110303,5.27,5.35,5.2,5.34,97700
AHGP,20110303,55.35,55.41,54.82,55.32,29300
AHPI,20110303,4.69,5.03,4.56,5.01,9600
AIMC,20110303,21.47,21.61,20.91,21.08,233200
AINV,20110303,12.19,12.38,12.15,12.27,1868900
AIRM,20110303,19.4967,19.7933,19.2767,19.6133,37200
AIRT,20110303,9.72,9.72,9.65,9.7,2900
AIXG,20110303,44.6,44.64,44.02,44.5,143500
AKAM,20110303,38.52,39.06,37.71,37.78,7047300
AKRX,20110303,5.83,5.88,5.67,5.7,444200
ALCO,20110303,27.4,27.53,27.2,27.52,12700
ALGN,20110303,21.01,21.88,21.01,21.6,523200
ALGT,20110303,41.48,42.89,41.36,42.6,152900
ALIM,20110303,7.85,8,7.04,7.9,113800
ALKS,20110303,12.12,12.58,11.86,12.56,4237700
ALLB,20110303,11.01,11.1,11,11.05,9400
ALLT,20110303,15.55,16.25,15.3,16.1,258400
ALNY,20110303,10.6,10.69,10.5,10.57,150400
ALOG,20110303,53.5,54.55,53.24,54.49,30900
ALOT,20110303,7.65,7.65,7.45,7.54,2100
ALSK,20110303,10.05,10.13,10,10.07,440900
ALTE,20110303,21.7,22.05,21.56,21.82,424700
ALTI,20110303,2.55,2.58,2.45,2.52,114300
ALTR,20110303,43.03,44.32,42.93,44.2,6588000
ALVR,20110303,18.4,19.6,18.4,19.6,361500
ALXA,20110303,12.2,13.2,12.2,13.1,540200
ALXN,20110303,49.57,49.76,49.155,49.735,590800
AMAG,20110303,17.64,17.95,17.57,17.79,179500
AMAP,20110303,15.95,16.5,15.76,16.5,158400
AMAT,20110303,16.49,16.93,16.49,16.85,17573500
AMCC,20110303,10.63,10.76,10.27,10.58,982700
AMCF,20110303,4.86,5.06,4.85,4.95,29000
AMCN,20110303,6.26,6.33,5.97,6.22,476800
AMED,20110303,36.01,36.25,35.51,35.76,287500
AMGN,20110303,51.64,52.54,51.46,52.37,6533200
AMIC,20110303,5.25,5.25,5.25,5.25,0
AMKR,20110303,7.42,7.59,7.39,7.58,1657200
AMNB,20110303,21.15,21.71,21.15,21.66,7700
AMOT,20110303,7.63,7.67,7.31,7.36,20500
AMOV,20110303,28.15,28.42,28.15,28.42,3800
AMRB,20110303,6.44,6.47,6.41,6.45,6900
AMRI,20110303,4.48,4.59,4.46,4.56,77300
AMRN,20110303,7.71,7.8,7.47,7.51,1315700
AMRS,20110303,30.63,32.6,30.63,31.76,67100
AMSC,20110303,26.75,27.09,26.67,26.89,774800
AMSF,20110303,19.85,19.89,19.7,19.83,68900
AMSG,20110303,23.73,24.02,23.49,23.99,173200
AMSWA,20110303,6.79,6.95,6.74,6.95,148500
AMWD,20110303,19.84,20.63,19.71,19.97,29900
AMZN,20110303,174,174.46,172.05,172.79,4139100
ANAC,20110303,7.8,7.99,7.58,7.66,160900
ANAD,20110303,5.15,5.27,4.92,5.23,3626400
ANAT,20110303,78.85,80.61,78.84,80.52,29700
ANCB,20110303,10.79,10.85,10.7,10.75,14700
ANCI,20110303,4.95,4.95,4.89,4.89,15600
ANCX,20110303,7,7.1,6.95,7.1,16700
ANDE,20110303,48.59,49.11,47.97,48.36,203000
ANEN,20110303,19.88,19.96,19.64,19.74,44600
ANGO,20110303,17.19,17.19,16.84,16.92,73700
ANIK,20110303,9.19,9.4,9.16,9.18,117200
ANLY,20110303,4.55,4.64,4.42,4.5,24800
ANSS,20110303,55.52,56.08,55.18,55.28,665500
ANTH,20110303,5.6,5.83,5.52,5.73,56000
ANTP,20110303,3.45,3.45,3.4,3.4,3300
AOSL,20110303,13.1,13.1,12.69,13.04,56900
APAGF,20110303,77.36,78.91,77,78.91,14100
APEI,20110303,42.49,43.49,42.31,43.29,153900
APFC,20110303,6.14,6.15,6.12,6.15,5000
APOG,20110303,13.83,13.98,13.76,13.86,74100
APOL,20110303,45.04,45.41,44.57,45.26,1774600
APPY,20110303,3.48,3.54,3.48,3.54,69100
APRI,20110303,5.16,5.3,5.09,5.11,434800
APSA,20110303,15.4,15.52,14.52,14.52,1900
ARAY,20110303,9.94,10.25,9.93,10.07,342900
ARCC,20110303,17.61,17.78,17.56,17.75,1828200
ARCI,20110303,4.49,4.56,4.39,4.43,21400
ARCW,20110303,2.94,2.94,2.94,2.94,0
ARDNA,20110303,78.9,79.27,78.71,79.27,1100
AREX,20110303,32.2,32.33,31.09,31.96,189400
ARIA,20110303,5.85,5.98,5.81,5.93,1317300
ARII,20110303,21.16,22.13,21.12,21.8,158500
ARKR,20110303,14.3,14.3,14.25,14.3,3400
ARLP,20110303,77.5,77.74,76.85,77.23,76000
ARMH,20110303,29.6,29.92,29.14,29.39,4828200
ARNA,20110303,1.62,1.64,1.59,1.61,1242800
AROW,20110303,24.29,24.85,24.29,24.63,18800
ARQL,20110303,6.44,6.44,6.22,6.24,274200
ARRS,20110303,13.13,13.37,13.01,13.24,1151500
ARRY,20110303,2.81,2.86,2.79,2.82,109000
ARTC,20110303,34.44,34.9,34.24,34.73,126600
ARTNA,20110303,19.75,19.99,19.55,19.81,51400
ARTW,20110303,10.5,11.23,10.4,11.1,20100
ARTX,20110303,1.43,1.45,1.4,1.41,11700
ARUN,20110303,28.65,31.21,28.65,31.11,5150800
ARWR,20110303,0.66,0.67,0.64,0.65,434700
ASBC,20110303,14.54,14.68,14.5,14.6,918000
ASBI,20110303,5.1,5.1,4.84,4.84,3200
ASCA,20110303,17.6,18.12,17.55,18.07,382200
ASCMA,20110303,40.93,43.12,40.93,42.49,94100
ASEI,20110303,92.94,93.75,92.77,93.12,61500
ASFI,20110303,8.51,8.57,8.4,8.53,23000
ASIA,20110303,19.92,20.43,19.91,20.28,345100
ASMI,20110303,41.19,41.57,40.97,41.38,30700
ASML,20110303,45.67,45.92,45.41,45.82,1700400
ASNA,20110303,15.38,15.98,15.02,15.795,1223900
ASPS,20110303,30.16,30.29,29.8,29.91,87100
ASRV,20110303,2.25,2.27,2.25,2.27,1200
ASRVP,20110303,24.77,24.77,24.77,24.77,100
ASTC,20110303,1.17,1.17,1.15,1.16,39500
ASTE,20110303,34.7,34.91,34.33,34.55,70600
ASTI,20110303,3.05,3.05,2.8,2.89,463300
ASTM,20110303,2.16,2.19,2.1,2.17,311000
ASUR,20110303,1.7,1.7,1.6933,1.6933,1800
ASYS,20110303,23,24.08,23,23.9,468700
ATAI,20110303,7.89,8.02,7.84,7.88,28500
ATAX,20110303,5.62,5.66,5.62,5.66,55300
ATEA,20110303,3.26,3.3,3.17,3.25,8700
ATEC,20110303,2.67,2.82,2.66,2.72,713600
ATHN,20110303,44.88,46.12,44.88,45.92,328200
ATHX,20110303,2.55,2.58,2.53,2.57,50800
ATLO,20110303,18.17,18.49,18.16,18.49,6800
ATMI,20110303,18.31,18.55,18.28,18.44,176700
ATML,20110303,14.51,14.61,14.07,14.59,9521200
ATNI,20110303,33.4,33.85,32.96,32.98,167300
ATRC,20110303,10.19,10.32,10.1,10.25,33000
ATRI,20110303,173.55,174.74,172.95,174.74,2200
ATRM,20110303,1.81,1.82,1.77,1.77,17800
ATRO,20110303,21.69,22.49,21.65,22.49,21200
ATSG,20110303,7.94,8.09,7.78,8.06,341700
ATVI,20110303,11.07,11.23,11.07,11.21,7879300
ATX,20110303,10.78,11.1,10.78,11,10500
AUBN,20110303,19.92,19.92,19.92,19.92,0
AUDC,20110303,6.68,6.95,6.66,6.86,169900
AUXL,20110303,22.65,23.08,22.65,22.96,479000
AVAV,20110303,29.32,29.62,28.98,29.11,252600
AVEO,20110303,13.5,13.68,13.39,13.59,102500
AVGO,20110303,32.79,33.08,32.35,33,3284700
AVID,20110303,21.67,22.24,21.67,21.87,75700
AVNR,20110303,3.55,3.56,3.45,3.54,4005300
AVNW,20110303,6.14,6.27,6.12,6.15,363900
AWRE,20110303,3.6,3.68,3.6,3.6,1200
AXAS,20110303,5.86,5.93,5.62,5.78,1552900
AXFN,20110303,25.5,25.5,25.5,25.5,0
AXTI,20110303,7.27,7.44,7.13,7.25,608200
AZPN,20110303,15,15,14.8,14.88,537100
BABY,20110303,16.29,16.62,16.27,16.51,233400
BAGL,20110303,15.35,15.76,15.1,15.7,24800
BAMM,20110303,5.63,5.84,5.58,5.79,19600
BANC,20110303,16.17,16.54,16.01,16.4,27700
BANF,20110303,42.27,43.02,42,43.02,23200
BANFP,20110303,26.55,26.55,26.55,26.55,0
BANR,20110303,17.57,17.92,17.22,17.71,768000
BASI,20110303,1.97,1.98,1.9,1.98,24800
BBBY,20110303,48.35,49.1,48.27,48.88,1933600
BBEP,20110303,22.18,22.32,22.08,22.23,212900
BBGI,20110303,6.48,6.69,6.21,6.69,7700
BBNK,20110303,9.16,9.21,8.99,9.19,2000
BBOX,20110303,37.54,38.01,37.14,37.5,99700
BBRG,20110303,18.19,18.34,17.94,18.23,47000
BBRY,20110303,66.9,68.81,66.63,68.45,12623000
BBSI,20110303,14.65,15.09,14.65,15.07,12700
BCBP,20110303,10.78,11.23,10.27,10.53,5400
BCOM,20110303,30.25,30.26,30.25,30.25,300
BCPC,20110303,35.56,36.2,35.56,36.08,99300
BCRX,20110303,4.25,4.28,4.16,4.18,162900
BCSB,20110303,12.65,12.65,12.65,12.65,0
BDE,20110303,6.51,6.59,6.28,6.5,28800
BDGE,20110303,21.5,22.08,21.4,21.43,9800
BDMS,20110303,19.16,19.42,19.16,19.39,1400
BDSI,20110303,3.58,3.68,3.52,3.54,57000
BEAT,20110303,4.85,4.91,4.85,4.86,117900
BEAV,20110303,34.61,35.57,34.55,35.36,1031700
BEBE,20110303,5.83,5.95,5.82,5.91,376500
BECN,20110303,20.8,21.57,20.78,21.47,574300
BELFA,20110303,23.98,24.59,23.98,24.47,2700
BELFB,20110303,21.33,21.76,20.82,21.55,20900
BERK,20110303,7.25,7.41,7.2,7.2,800
BFIN,20110303,8.66,8.69,8.61,8.69,19500
BFLY,20110303,3.2,3.26,3.08,3.24,5300
BGCP,20110303,9.46,10.07,9.44,9.92,1319400
BGFV,20110303,12.52,12.96,12.35,12.5,57500
BGMD,20110303,8.73,8.75,8.6,8.7,5100
BIB,20110303,30.68,30.68,30.68,30.68,0
BICK,20110303,31.73,31.9,31.44,31.9,21200
BIDU,20110303,121.81,122.14,120.22,121.85,4044200
BIIB,20110303,70.05,71.95,70.04,71.42,1815500
BIOD,20110303,8.2,8.4,8.08,8.16,586500
BIOF,20110303,18.4,21,18.4,19,3283300
BIOS,20110303,4.19,4.29,4.19,4.27,550100
BIRT,20110303,4.82,4.88,4.8,4.81,447200
BIS,20110303,48.3,48.32,47.5,47.68,21700
BJRI,20110303,35.7,36.88,35.7,36.75,156100
BKCC,20110303,12.42,12.58,12.39,12.55,586800
BKMU,20110303,4.45,4.46,4.38,4.39,101000
BKOR,20110303,4.9,4.9,4.9,4.9,0
BKSC,20110303,11.66,11.75,11.66,11.75,200
BKYF,20110303,20.21,20.56,20.21,20.38,8300
BLDP,20110303,2.27,2.29,2.2,2.22,381100
BLDR,20110303,2.44,2.53,2.43,2.45,190800
BLIN,20110303,1.2,1.2,1.2,1.2,2900
BLKB,20110303,26.72,27.44,26.64,27.16,244900
BMC,20110303,49.06,50.31,49.05,50.26,1708900
BMRC,20110303,36.13,36.32,35.95,36.05,6800
BMRN,20110303,24.28,24.62,24.17,24.37,692800
BMTC,20110303,20.46,20.68,20.31,20.45,43100
BNCL,20110303,9,9,8.86,8.97,53700
BNCN,20110303,8.12,8.12,8.1,8.1,400
BNSO,20110303,2.36,2.36,2.22,2.3,4900
BOBE,20110303,30.63,31.09,30.45,30.7,260500
BOCH,20110303,4.03,4.35,4.02,4.27,56700
BODY,20110303,16.8,17.1,16.8,16.9,109700
BOFI,20110303,14.75,14.98,14.55,14.96,41800
BOKF,20110303,51.62,52.17,51.6,51.96,63700
BOLT,20110303,14.75,14.94,14.66,14.78,10800
BONA,20110303,7.1,7.13,7.01,7.02,70600
BONT,20110303,15.88,15.97,15.34,15.53,100900
BOOM,20110303,25.97,26.6,25.34,25.4,202400
BOSC,20110303,6.96,7,6.8,6.88,11300
BPAX,20110303,13.8,15.24,12.78,12.9,10675000
BPFH,20110303,7.06,7.25,7.06,7.18,440800
BPFHW,20110303,2.69,2.69,2.69,2.69,100
BPHX,20110303,1.87,1.94,1.86,1.89,38000
BPOP,20110303,31.9,32.1,31.2,31.5,11417600
BPOPM,20110303,19,19,19,19,4000
BPOPN,20110303,20.37,20.75,20.35,20.75,4700
BRCD,20110303,6.29,6.42,6.25,6.38,12036800
BRCM,20110303,42.1,42.6,41.98,42.21,6339300
BRID,20110303,11.4,11.74,11.4,11.74,2100
BRKL,20110303,10.31,10.45,10.31,10.38,237000
BRKR,20110303,19.39,19.78,19.36,19.57,637800
BRKS,20110303,13.42,13.94,13.42,13.62,842000
BRLI,20110303,20.7,22.35,20.69,22.3,542900
BSDM,20110303,4.42,4.49,4.31,4.36,114600
BSET,20110303,7.71,7.96,7.71,7.77,45100
BSFT,20110303,36.52,37.7,36.41,37.65,244800
BSPM,20110303,7.26,7.32,7.2,7.23,88400
BSQR,20110303,11.44,11.92,11.17,11.72,222500
BSRR,20110303,11.05,11.14,10.96,11.11,33200
BSTC,20110303,26.34,26.62,26.34,26.52,4000
BTUI,20110303,11.56,12.1,11.56,11.72,101100
BUSE,20110303,4.98,5.08,4.98,5.08,209000
BVSN,20110303,13,13,13,13,0
BWEN,20110303,15.3,15.6,14.7,14.9,537900
BWINA,20110303,21.46,21.46,21.46,21.46,0
BWINB,20110303,24.02,24.08,23.77,24.07,10700
BWLD,20110303,51.18,51.93,50.66,51.2,347200
BYFC,20110303,2.3,2.3,2.3,2.3,0
CA,20110303,24.5,24.83,24.48,24.72,3330600
CAAS,20110303,11.22,11.39,11.01,11.36,94100
CAC,20110303,34.07,34.31,33.53,33.87,16200
CACB,20110303,9.08,9.37,8.88,9.35,6400
CACC,20110303,71,71.92,70.87,71.92,25600
CACH,20110303,4.05,4.2,4.03,4.1,11600
CADC,20110303,4.66,4.7,4.53,4.57,62100
CADX,20110303,7.47,7.64,7.44,7.51,150000
CAFI,20110303,2.1,2.1,2.1,2.1,1100
CAKE,20110303,28.73,29.67,28.72,29.32,1012400
CALD,20110303,6.07,6.24,6.03,6.1,448500
CALI,20110303,15.6,15.84,15,15.84,27200
CALL,20110303,10.455,10.82,10.455,10.685,34700
CALM,20110303,28.18,28.3,27.74,28.02,167900
CAMP,20110303,3.14,3.14,3.01,3.05,201800
CAMT,20110303,3.98,4.4,3.98,4.4,302100
CAR,20110303,15.41,16.33,15.36,16.16,2488500
CART,20110303,3.1,3.11,3.1,3.11,3400
CARV,20110303,1.22,1.22,0.99,1,41100
CASH,20110303,18.5,18.59,17.6,17.67,14400
CASM,20110303,2.98,2.99,2.91,2.95,8900
CASS,20110303,38.74,39.21,38.46,38.92,16900
CASY,20110303,40.55,41.37,40.5,40.86,456700
CATM,20110303,19.26,19.55,19.19,19.47,353300
CATY,20110303,17.73,18.36,17.58,17.9,1046800
CAVM,20110303,43.09,44.39,43.05,44.31,718500
CBAK,20110303,9.05,9.15,8.85,8.95,132600
CBAN,20110303,4.17,4.17,4.17,4.17,0
CBEY,20110303,12.75,13,12.36,12.77,723900
CBIN,20110303,12.76,12.76,12.76,12.76,0
CBLI,20110303,7.09,7.19,7.05,7.09,70400
CBMX,20110303,25.4,25.7,25,25.6,5200
CBMXW,20110303,2.9,2.9,2.9,2.9,0
CBNJ,20110303,9.85,9.86,9.7,9.73,3300
CBNK,20110303,13.67,13.77,13.67,13.77,700
CBOE,20110303,27.84,28.6,27.84,28.12,768700
CBPO,20110303,16.94,17.24,16.82,16.89,69800
CBRL,20110303,48.78,49.59,48.49,48.79,368900
CBRX,20110303,3.47,3.47,3.36,3.4,350900
CBSH,20110303,39.98,40.79,39.88,40.61,263200
CBST,20110303,22.2,22.25,21.88,22.01,631300
CCBG,20110303,12.4,12.63,12.33,12.63,14800
CCCL,20110303,6.92,7.2,6.65,6.83,25300
CCIH,20110303,21.44,21.75,20.73,21.11,82300
CCIX,20110303,7.51,7.73,7.45,7.67,35600
CCMP,20110303,48.7,50,48.7,50,171600
CCNE,20110303,14.18,14.39,14.13,14.39,10000
CCOI,20110303,14.62,15.28,14.47,15.12,280600
CCRN,20110303,7.72,7.89,7.72,7.87,63000
CCUR,20110303,5.8,5.88,5.76,5.85,6100
CDNS,20110303,10,10.09,9.89,9.98,2488500
CDTI,20110303,5.41,7,5.4,6.22,101800
CDXS,20110303,10.71,10.76,10.51,10.74,287900
CDZI,20110303,11.89,12.4,11.89,12.4,12300
CECE,20110303,5.74,5.95,5.7,5.95,22500
CECO,20110303,23.72,24.31,23.5,24.15,586200
CEDU,20110303,7.73,7.73,7.63,7.7,4600
CELG,20110303,53.96,54.54,53.66,54.04,4320800
CELGZ,20110303,2.6,2.64,2.55,2.6,8500
CENT,20110303,9.45,9.52,9.4,9.45,152600
CENTA,20110303,9.53,9.7,9.53,9.66,273800
CENX,20110303,16.12,16.46,16.1,16.39,1446900
CERN,20110303,51.385,52.385,51.23,52.27,533300
CERS,20110303,3.32,3.39,3.28,3.36,445100
CETV,20110303,20.3,20.85,20.29,20.68,1252200
CEVA,20110303,23.55,24.5,23.17,24.29,127700
CFBK,20110303,7.2,7.5,7.2,7.5,17500
CFFI,20110303,23.01,23.01,23,23.01,600
CFFN,20110303,12.69,12.7,12.45,12.47,1651400
CFNB,20110303,14.52,14.55,14.47,14.55,1700
CFNL,20110303,11.05,11.11,10.97,11.05,69300
CGEN,20110303,5.1,5.19,5.06,5.14,62600
CGNX,20110303,28.25,29.34,28.09,29.03,517000
CHCI,20110303,1.47,1.55,1.44,1.45,116200
CHCO,20110303,34.72,35.21,34.67,34.94,36900
CHDN,20110303,42.27,42.67,42.18,42.42,24700
CHDX,20110303,17.85,18,17.69,17.91,40500
CHEV,20110303,8.45,8.5,8.4,8.5,4000
CHFC,20110303,20.06,20.14,19.93,20.06,39100
CHFN,20110303,9.8515,9.8911,9.8416,9.8911,3300
CHKE,20110303,16.77,17.17,16.62,17.04,40500
CHKP,20110303,49.32,50.6,49.25,50.44,1147300
CHLN,20110303,2.42,2.5,2.42,2.47,25900
CHNR,20110303,13.1,13.67,12.73,12.94,7500
CHOP,20110303,5.47,5.55,5.42,5.42,257700
CHRM,20110303,10.8,10.95,10.55,10.68,6000
CHRW,20110303,71.96,73.92,71.93,73.86,1671700
CHSCP,20110303,29.89,29.9,29.81,29.83,8600
CHTP,20110303,3.98,4.15,3.91,4.11,530700
CHTR,20110303,48.75,49.21,47.57,47.85,203700
CHYR,20110303,2.71,2.74,2.6,2.61,12300
CIDM,20110303,1.56,1.57,1.53,1.54,113500
CIEN,20110303,27.92,28.94,27.8,28.71,6035700
CIMT,20110303,4.38,4.6,4.3,4.43,72400
CINF,20110303,33.34,33.62,33.22,33.53,2646100
CISG,20110303,15.88,16.13,15.6,15.91,1005000
CITZ,20110303,5.7,5.76,5.7,5.75,3700
CIZN,20110303,20.98,20.98,20.05,20.6,3100
CJJD,20110303,3.99,4,3.9,4,14400
CKEC,20110303,6.93,7.03,6.8,6.9,96600
CKSW,20110303,8.14,8.25,8.05,8.1,86000
CLBH,20110303,3.81,4,3.81,3.82,2200
CLCT,20110303,14.13,14.24,14.1,14.17,25500
CLDX,20110303,4.27,4.27,3.79,4.12,731900
CLFD,20110303,4.99,5.27,4.9,5.24,86100
CLMS,20110303,16.1,17.15,16.1,17.09,170200
CLMT,20110303,21.09,21.15,20.92,21.11,194000
CLNE,20110303,14,14.15,13.76,13.91,1445700
CLRO,20110303,4.75,4.84,4.71,4.71,10100
CLSN,20110303,2.48,2.48,2.37,2.39,57500
CLUB,20110303,4.57,4.68,4.57,4.66,20800
CLWR,20110303,4.93,5.26,4.87,5.22,9208800
CLWT,20110303,7.15,7.7,7.095,7.7,13200
CMCO,20110303,17.52,18,17.37,17.84,38700
CMCSA,20110303,25.28,25.86,25.22,25.77,17030500
CMCSK,20110303,23.84,24.4,23.83,24.33,5185100
CME,20110303,306.9,311.55,306.01,308.14,469900
CMLS,20110303,5.07,5.11,5,5.02,49100
CMSB,20110303,9.23,9.23,9.2,9.2,600
CMTL,20110303,27.68,27.9,27.36,27.47,265100
CNBC,20110303,9.15,9.15,9.07,9.09,15100
CNBKA,20110303,26.93,27.19,26.93,27.19,2500
CNET,20110303,4.1,4.1,4.01,4.01,4400
CNIT,20110303,4.86,4.99,4.85,4.97,124400
CNMD,20110303,26.37,26.67,26.2,26.6,107100
CNQR,20110303,50.01,51.63,50,51.45,462500
CNSL,20110303,17.92,18.29,17.78,17.84,197700
CNTF,20110303,4.77,4.78,4.49,4.55,296700
CNTY,20110303,2.62,2.63,2.59,2.6,12400
CNYD,20110303,8.51,8.53,8.14,8.44,17500
COBK,20110303,12.75,12.76,12.75,12.76,900
COBR,20110303,4.05,4.12,3.81,4.01,17000
COBZ,20110303,6.54,6.75,6.41,6.72,65500
COCO,20110303,5.29,5.31,5.12,5.24,2970900
COGO,20110303,8.12,8.34,8.12,8.34,151600
COHR,20110303,60.46,62.33,60.34,62.22,100900
COHU,20110303,14.97,15.29,14.84,15.08,57000
COKE,20110303,57.92,58.36,57.64,58.36,30300
COLB,20110303,19.69,20.26,19.57,20.14,311800
COLM,20110303,61.47,62.69,61.29,62.23,91300
CONN,20110303,4.56,4.68,4.25,4.58,203300
COOL,20110303,1.57,1.66,1.54,1.63,342000
CORE,20110303,33.96,34.13,33.89,34.07,27800
CORT,20110303,3.88,4.02,3.84,4.01,389300
COSI,20110303,1.44,1.45,1.41,1.44,64200
COST,20110303,72.25,72.6,71.62,72.49,2985500
COWN,20110303,4.19,4.21,4.15,4.2,267400
CPBC,20110303,4.95,4.95,4.85,4.85,2300
CPGI,20110303,3.35,3.35,3.13,3.25,30800
CPHC,20110303,10.9,11.5,10.5,11.33,11600
CPHD,20110303,26.8,27,26.6,26.93,231800
CPIX,20110303,5.67,5.88,5.57,5.83,64900
CPLA,20110303,56,58.49,55.98,57.59,230400
CPLP,20110303,9.64,9.72,9.35,9.58,198100
CPNO,20110303,35.41,35.65,35,35.22,241200
CPRT,20110303,20.685,20.915,20.08,20.725,582000
CPRX,20110303,1.09,1.13,1.09,1.12,43800
CPSI,20110303,55.66,56.75,55.3,56.37,84500
CPSL,20110303,20.28,20.76,20.04,20.28,221700
CPSS,20110303,1.39,1.4,1.2,1.3,74700
CPST,20110303,1.5,1.52,1.48,1.51,2923400
CPTS,20110303,14.41,14.41,14.21,14.4,250100
CPWR,20110303,11.1,11.3,11.08,11.28,1610700
CRAI,20110303,24.87,25.19,24.75,25.18,15000
CRAY,20110303,7.15,7.4,7.14,7.4,148200
CRDC,20110303,3.23,3.49,3.23,3.32,98400
CREE,20110303,51.51,51.92,51.19,51.21,1635400
CREG,20110303,2.72,2.85,2.66,2.7,15100
CRESW,20110303,0.25,0.25,0.25,0.25,0
CRESY,20110303,17.42,17.97,17.3,17.34,222700
CRFN,20110303,3.97,4.06,3.96,4.05,35500
CRIS,20110303,2.98,3.03,2.97,3,381000
CRME,20110303,27.65,28.35,27.35,27.65,88800
CRMT,20110303,24.61,24.97,24.59,24.79,60900
CRNT,20110303,12.48,12.61,12.36,12.47,407700
CROX,20110303,17.74,17.97,17.5,17.92,3573100
CRRB,20110303,4.44,4.99,4.43,4.95,1300
CRRC,20110303,14.03,14.1,13.96,14.1,46300
CRTX,20110303,5.51,5.63,5.44,5.52,140000
CRUS,20110303,23.69,25.14,23.69,24.98,4622100
CRVL,20110303,49.5,49.82,49.14,49.74,51700
CRWN,20110303,2.46,2.64,2.44,2.61,441400
CRWS,20110303,5.07,5.07,4.92,4.96,10400
CRZO,20110303,36.2,36.66,35.47,36.26,443100
CSBK,20110303,11.55,11.76,11.5,11.75,30100
CSCD,20110303,6,6.53,6,6.26,423100
CSCO,20110303,18.63,18.65,18.5,18.53,57031200
CSFL,20110303,7.05,7.05,7,7.05,40200
CSGP,20110303,57.95,57.98,56.44,57.63,85900
CSGS,20110303,19.75,20,19.59,19.71,229100
CSII,20110303,9.44,9.82,9.43,9.59,50000
CSIQ,20110303,14.31,14.38,13.71,13.92,1962000
CSPI,20110303,4.37,4.37,4.31,4.37,2000
CSTR,20110303,43.25,44.07,42.93,43.57,1102900
CSUN,20110303,4.53,4.54,4.37,4.52,203300
CSWC,20110303,97.65,98.6,97.65,98.6,3100
CTAS,20110303,28.06,28.49,27.91,28.33,804700
CTBI,20110303,28.83,29.15,28.83,28.98,20800
CTCH,20110303,3.71,3.75,3.65,3.72,49700
CTCM,20110303,21.47,21.91,21.32,21.66,486800
CTCT,20110303,29.24,30.06,29.24,29.39,218500
CTGX,20110303,12.31,12.86,12.27,12.84,120400
CTHR,20110303,3.76,3.8,3.5,3.53,67000
CTIB,20110303,6.4,6.55,6.19,6.19,24300
CTIC,20110303,1.35,1.4,1.25,1.4,6763400
CTRN,20110303,21.97,22.19,21.75,22.12,56700
CTRP,20110303,38.78,39.1,38.22,38.88,1365800
CTSH,20110303,75.05,77.2,74.9,76.84,2050500
CTWS,20110303,25.05,25.19,24.73,25.06,19700
CTXS,20110303,70.63,71.31,70.02,70.5,1903300
CU,20110303,43.63,43.99,43.63,43.99,38900
CUBA,20110303,7.18,7.3,7.18,7.24,13500
CUTR,20110303,9.79,9.9,9.68,9.84,53100
CVBF,20110303,8.27,8.38,8.21,8.32,541200
CVCO,20110303,41.42,42.21,41.19,41.99,102600
CVCY,20110303,6.09,6.09,6.05,6.09,2300
CVGI,20110303,15.45,15.89,15.35,15.88,97800
CVGW,20110303,20.76,21.38,20.33,21.16,262000
CVLT,20110303,34.91,35.57,34.91,35.37,376800
CVLY,20110303,10.7,10.88,10.31,10.31,2400
CVTI,20110303,8.79,9.01,8.79,8.88,145200
CVV,20110303,10.85,10.86,10.35,10.48,32800
CWBC,20110303,4.54,4.54,4.54,4.54,0
CWCO,20110303,10.87,11.18,10.75,11.03,55400
CWEI,20110303,103.81,103.81,99.09,99.82,54600
CWST,20110303,7.18,7.33,6.98,7,142100
CWTR,20110303,11.68,11.92,11.48,11.64,535600
CXDC,20110303,6.88,7.01,6.71,6.95,155300
CXPO,20110303,4.15,4.2,3.91,4.04,130000
CY,20110303,21.1,21.5,20.89,21.37,3973200
CYAN,20110303,3.65,3.71,3.55,3.55,8400
CYBE,20110303,8.98,8.99,8.75,8.88,6800
CYBX,20110303,33.12,34.03,32.94,33.47,277800
CYCC,20110303,8.61,9.94,8.61,9.59,629500
CYCCP,20110303,3.79,4.09,3.79,4.09,300
CYMI,20110303,50.41,51.18,50.37,51.17,236200
CYNO,20110303,12.97,13.12,12.75,12.9,107900
CYOU,20110303,38.84,38.87,37.07,37.84,102000
CYTK,20110303,1.56,1.56,1.52,1.54,435500
CYTR,20110303,6.16,6.58,6.16,6.51,356700
CYTX,20110303,6.3,6.4,6.03,6.32,845000
CYTXW,20110303,3.89,4.15,3.89,4.15,26200
CZFC,20110303,8.98,8.98,8.98,8.98,100
CZNC,20110303,15.17,15.56,15.12,15.56,36500
CZWI,20110303,4.95,5.04,4.95,5.04,400
DAIO,20110303,5.75,5.91,5.74,5.85,15200
DAKT,20110303,11.16,11.31,10.93,11.2,309700
DARA,20110303,3.32,3.33,3.24,3.25,40600
DAVE,20110303,10.15,10.21,9.79,10.06,35600
DBLE,20110303,10.7,10.99,10.2,10.85,171600
DBLEP,20110303,25.85,26.23,25.85,26.23,3600
DCIX,20110303,12.2,12.25,12.1,12.22,49300
DCOM,20110303,15.5,15.71,15.45,15.62,80800
DCTH,20110303,6.37,6.52,6.3,6.32,730100
DECK,20110303,86.03,87.24,84.91,86.24,1637300
DELL,20110303,15.58,15.83,15.56,15.73,22108400
DENN,20110303,3.97,4.15,3.94,4.05,1045300
DEPO,20110303,8.55,8.65,8.42,8.63,943000
DEST,20110303,22.74,22.74,22.14,22.51,99000
DFZ,20110303,10.79,10.89,10.64,10.7,39500
DGAS,20110303,15.62,15.62,15.62,15.62,200
DGICA,20110303,12.82,13.17,12.75,13.17,13700
DGICB,20110303,18.5,18.5,18.5,18.5,0
DGII,20110303,10.87,11.22,10.83,10.95,57000
DGIT,20110303,33.74,34.44,33.62,34.08,214300
DGLY,20110303,1.71,1.73,1.68,1.69,8500
DHIL,20110303,74.52,77.39,74.52,76.71,17100
DHRM,20110303,5.35,5.35,5.15,5.26,38200
DIOD,20110303,30.65,31,30.3,30.96,384800
DISCA,20110303,42.56,42.85,42.31,42.75,1298600
DISCB,20110303,42.62,42.62,42.62,42.62,100
DISCK,20110303,37.95,38.13,37.54,37.77,426700
DISH,20110303,23.2,23.98,23.13,23.77,3335000
DJCO,20110303,72,72,72,72,0
DLGC,20110303,23.4,24.1,23.25,23.3,22200
DLIA,20110303,1.7,1.7,1.64,1.65,167900
DLLR,20110303,20.9,21.41,20.9,21.26,252600
DLTR,20110303,25.475,25.855,25.44,25.655,1504800
DMLP,20110303,27.89,27.9,27.1,27.32,64400
DMND,20110303,49.75,51.05,49.5,50.98,221400
DMRC,20110303,29.64,29.64,28.72,29.16,143500
DNBF,20110303,10.7,10.7,10.7,10.7,0
DNDN,20110303,33.73,33.79,32.57,32.77,3874200
DORM,20110303,17.36,17.77,17.16,17.67,65000
DOVR,20110303,3.25,3.25,3.25,3.25,0
DRAD,20110303,2.62,2.65,2.49,2.55,80200
DRAM,20110303,14.16,15.12,14.1,14.34,33700
DRCO,20110303,14.99,15.25,14.95,15.21,9300
DRIV,20110303,34.29,34.82,34.29,34.46,289600
DRRX,20110303,3.06,3.13,2.9,3.13,632000
DRWI,20110303,7.93,8.05,7.87,7.98,255100
DRYS,20110303,5.05,5.1,4.99,5.05,8622100
DSCI,20110303,9.8,9.8,9.5,9.65,130200
DSCO,20110303,2.08,2.09,2.02,2.07,195200
DSGX,20110303,6.98,7,6.81,6.82,19900
DSPG,20110303,7.71,7.89,7.57,7.8,103800
DSWL,20110303,3.4,3.48,3.37,3.38,21300
DTLK,20110303,6.37,6.7,6.37,6.58,173600
DTSI,20110303,45.83,46.48,45.01,45.88,209300
DTV,20110303,45.69,46.63,45.69,46.26,6546000
DVAX,20110303,3,3.04,2.98,3.01,298300
DVOX,20110303,5.72,5.77,5.7,5.72,26500
DWA,20110303,27.64,27.89,27.23,27.4,919400
DWCH,20110303,5.26,5.5,5.26,5.27,30200
DWSN,20110303,49.44,50,49.04,49.85,72000
DXCM,20110303,14.38,14.77,14.38,14.58,225000
DXPE,20110303,21.91,22.27,21.83,22.07,40400
DXYN,20110303,4.82,4.92,4.68,4.73,21200
DYAX,20110303,1.74,1.8,1.66,1.68,665200
DYNT,20110303,4.45,4.8,4.35,4.7,66100
DYSL,20110303,4.75,4.79,4.75,4.79,2200
EBAY,20110303,32.44,33.58,32.4,32.93,8376300
EBIX,20110303,27.44,29.08,27.42,28.71,1306500
EBMT,20110303,11.37,11.4,11.37,11.4,700
EBSB,20110303,13.04,13.13,12.98,13.06,15000
EBTC,20110303,14.76,14.76,14.76,14.76,100
ECHO,20110303,12.27,12.56,12.23,12.5,113600
ECOL,20110303,16.57,16.96,16.52,16.82,47000
ECPG,20110303,26,26.02,25.54,25.98,81000
ECTY,20110303,3.85,3.99,3.84,3.88,28600
ECYT,20110303,7.22,7.45,7.22,7.3,10700
EDAC,20110303,3.6,3.6,3.56,3.56,300
EDAP,20110303,3.56,3.56,3.44,3.5,64900
EDGW,20110303,3.51,3.6,3.2,3.3,229300
EDMC,20110303,19.51,19.95,19.21,19.71,224400
EDS,20110303,7.6,7.6,7.4,7.5,34700
EDUC,20110303,6.6,6.6,6.49,6.5,1400
EEFT,20110303,17.87,18.34,17.75,18.34,145200
EEI,20110303,15.11,15.11,15.05,15.05,1100
EFII,20110303,15.18,15.44,15.05,15.27,194800
EFSC,20110303,12.9,12.95,12.74,12.95,25400
EFUT,20110303,5.74,5.81,5.69,5.81,2700
EGBN,20110303,14.31,14.51,14.27,14.51,22200
EGHT,20110303,2.73,2.79,2.72,2.76,322600
EGLE,20110303,16.6,16.64,16.28,16.48,1694300
EGOV,20110303,10.75,11.17,10.72,10.88,542400
EHTH,20110303,12.67,13.27,12.67,13.26,243300
EIHI,20110303,13,13.06,12.95,13.04,4200
ELGX,20110303,6.19,6.3,6.1,6.14,267300
ELNK,20110303,8.17,8.22,8.05,8.05,3177300
ELON,20110303,8.64,8.96,8.58,8.8,124200
ELOS,20110303,14.43,14.5,14.14,14.25,276600
ELRC,20110303,16,16.25,15.89,16.09,33100
ELSE,20110303,4.45,4.6,4.45,4.51,4200
ELTK,20110303,1.24,1.31,1.21,1.31,8800
EMCF,20110303,17.56,17.56,17.56,17.56,0
EMCI,20110303,24.47,24.62,24.41,24.62,11200
EMFN,20110303,27.59,28.21,27.59,27.94,27300
EMIF,20110303,33.78,34.26,33.78,34.18,11800
EMITF,20110303,11.45,11.45,11.45,11.45,200
EMKR,20110303,11.8,11.84,11.12,11.32,1884200
EMMS,20110303,1.17,1.19,1.14,1.19,166100
EMMSP,20110303,17.5,17.5,17.5,17.5,0
EMMT,20110303,27.75,27.75,27.63,27.75,3500
ENDP,20110303,35.85,36.42,35.78,36.28,1352700
ENG,20110303,4.93,5.04,4.75,5.01,43100
ENMD,20110303,4.77,4.94,4.77,4.94,20400
ENOC,20110303,18.86,19.3,18.85,19.11,398500
ENSG,20110303,31.5,32.4,31.3,31.6,108000
ENTG,20110303,8.83,9.15,8.83,9.14,1537600
ENTR,20110303,9.59,9.62,9.2,9.29,3505900
ENZN,20110303,10.75,10.81,10.59,10.74,498300
EONC,20110303,1.9,1.99,1.9,1.95,8800
EPAX,20110303,10.7,10.7,10.38,10.46,91600
EPAY,20110303,21.66,21.68,21.18,21.29,150900
EPIQ,20110303,13.4,13.69,13.4,13.65,96200
EQIX,20110303,84.99,86.34,84.96,85.19,693500
ERIC,20110303,12.91,13.06,12.83,12.87,11980100
ERIE,20110303,69.73,70.71,69.71,70.57,55000
ERII,20110303,3.37,3.44,3.36,3.44,172900
EROC,20110303,9.72,9.73,9.64,9.72,182000
ESBF,20110303,11.325,11.55,11.1667,11.35,21400
ESBK,20110303,17.3,17.3,17.3,17.3,0
ESCA,20110303,6.15,6.21,6.14,6.15,8000
ESEA,20110303,3.82,3.87,3.8,3.85,20700
ESGR,20110303,83.35,83.73,83.03,83.08,40200
ESIO,20110303,15.77,16.47,15.5,16.38,120200
ESLT,20110303,51.04,51.45,51.04,51.45,2600
ESMC,20110303,1.21,1.3,1.21,1.22,5400
ESRX,20110303,56.91,57.33,56.7,56.99,3199600
ESSA,20110303,13.07,13.08,12.91,13.07,24900
ESSX,20110303,6.8,7.25,6.79,7.23,72600
ESYS,20110303,4.91,4.93,4.39,4.5,4000
ETFC,20110303,15.75,16.01,15.75,15.93,3019200
ETRM,20110303,2.7,2.75,2.63,2.7,13100
EUFN,20110303,24.03,24.03,23.89,23.99,4100
EVBS,20110303,3.83,3.83,3.83,3.83,0
EVEP,20110303,46.74,46.93,46.17,46.3,198400
EVOL,20110303,7.98,8.05,7.93,8.05,57300
EWBC,20110303,22.86,23.49,22.77,23.26,1338000
EXAC,20110303,18.79,18.99,18.57,18.69,20000
EXAR,20110303,6.34,6.57,6.3,6.52,145900
EXAS,20110303,5.5,5.56,5.37,5.44,373300
EXEL,20110303,12.5,12.82,11.76,11.84,2920400
EXFO,20110303,11.58,11.8,11.52,11.75,176300
EXLP,20110303,28.35,28.49,28.1,28.4,244800
EXLS,20110303,21.45,22.49,21.45,22.46,51700
EXPD,20110303,48.39,49.34,48.3,49.22,1707300
EXPE,20110303,20.1,20.3,20,20.2,8965700
EXPO,20110303,39.5,39.7,39.17,39.56,62700
EXTR,20110303,3.73,3.85,3.7,3.81,1005000
EXXI,20110303,33.67,34.4,33.5,34.2,870100
EZCH,20110303,29.53,30.35,29.53,30.25,217800
EZPW,20110303,28.99,29.68,28.8,29.39,281100
FABK,20110303,13.68,13.75,13.68,13.75,1200
FALC,20110303,4.67,4.8,4.63,4.78,94100
FARM,20110303,12.14,12.27,11.94,12,25800
FARO,20110303,36.75,37.95,36.62,37.84,99800
FAST,20110303,30.675,31.41,30.66,31.175,834200
FBIZ,20110303,12.29,12.3,12.2,12.3,3300
FBMI,20110303,6.75,7,6.75,6.92,10300
FBMS,20110303,8.99,8.99,8.99,8.99,0
FBNC,20110303,14.27,14.55,14.26,14.5,19100
FBSS,20110303,13.2,13.2,13.2,13.2,0
FCAL,20110303,3.9,3.92,3.87,3.89,26700
FCAP,20110303,16.24,16.24,16.24,16.24,0
FCBC,20110303,12.52,12.72,12.45,12.59,35900
FCCO,20110303,6.71,6.71,6.4,6.4,1800
FCCY,20110303,9.05,9.05,9.05,9.05,1200
FCEL,20110303,1.74,1.75,1.69,1.7,1161200
FCFC,20110303,6.85,7,6.85,6.97,1100
FCFS,20110303,33.18,34.3,33.17,34.08,243900
FCHI,20110303,50.81,51.13,50.61,51.13,12700
FCLF,20110303,7.26,7.26,7.1,7.1,1600
FCNCA,20110303,204,207.34,203.28,207.34,10900
FCTY,20110303,4.07,4.07,4.07,4.07,300
FCVA,20110303,4.08,4.08,4.08,4.08,0
FCZA,20110303,4.14,4.19,4.05,4.19,10400
FDEF,20110303,13.99,14.15,13.99,14.02,3100
FDML,20110303,22.79,23.71,22.68,23.18,159100
FEFN,20110303,27.63,27.63,27.63,27.63,0
FEIC,20110303,34.96,35.11,34.73,34.88,406900
FEIM,20110303,8.16,8.16,7.49,7.93,45300
FELE,20110303,21.775,22.475,21.775,22.11,125000
FFBC,20110303,16.75,17.16,16.66,17.08,205600
FFBCW,20110303,6.69,6.69,6.69,6.69,0
FFBH,20110303,2.72,3.3,2.65,2.72,40500
FFCH,20110303,10.41,10.57,10.32,10.5,34600
FFCO,20110303,13.53,13.95,13.4,13.95,1100
FFEX,20110303,3.96,4.01,3.96,3.98,17900
FFHL,20110303,5.24,5.42,5.02,5.26,64100
FFIC,20110303,14.16,14.23,14,14.15,77100
FFIN,20110303,33.6667,34.2733,33.6067,33.9467,93400
FFIV,20110303,115.36,116.48,113.75,114.35,3047100
FFKT,20110303,7.01,7.16,7.01,7.15,1000
FFKY,20110303,4.1,4.1,4.1,4.1,400
FFNM,20110303,3.67,3.67,3.52,3.55,1300
FFNW,20110303,5.88,5.91,5.83,5.86,28100
FHCO,20110303,4.8,4.84,4.77,4.8,194200
FIBK,20110303,14.31,14.6,14.28,14.58,46700
FINL,20110303,17.77,18.2,17.51,17.88,797100
FIRE,20110303,25.85,27.22,25.59,26.96,440600
FISI,20110303,18.82,19.22,18.82,19.22,14400
FISV,20110303,62.09,62.57,61.97,62.1,1304300
FITB,20110303,14.01,14.29,14.01,14.09,15117800
FITBP,20110303,150.09,150.75,150.09,150.75,4600
FIZZ,20110303,12.6,12.83,12.54,12.6,50600
FLDM,20110303,14.18,14.18,13.94,14.07,24300
FLEX,20110303,7.86,8.15,7.85,8.13,7995700
FLIC,20110303,26.83,26.84,26.39,26.64,20200
FLIR,20110303,32.14,32.74,32.04,32.73,1006900
FLML,20110303,6.51,6.93,6.45,6.92,26500
FLOW,20110303,4.01,4.15,3.88,4.1,312700
FLWS,20110303,2.74,2.92,2.7,2.83,443400
FLXS,20110303,15,15.48,15,15.35,4500
FMBI,20110303,12.04,12.09,11.93,11.95,645100
FMCN,20110303,27.13,28.15,27.09,28.09,2212900
FMER,20110303,16.62,16.74,16.42,16.63,1294600
FMFC,20110303,3.71,3.77,3.61,3.71,4200
FNBN,20110303,0.31,0.36,0.31,0.32,41400
FNFG,20110303,14.6,14.74,14.5,14.53,2067400
FNGN,20110303,24.95,25.2,24.86,25,170700
FNLC,20110303,14.57,14.79,14.55,14.73,9300
FNSR,20110303,41.01,42.59,41.01,42.13,3849900
FOLD,20110303,6.14,6.18,6.12,6.12,10100
FONE,20110303,29.87,30.16,29.85,30.14,18000
FONR,20110303,1.97,2.15,1.97,2,54600
FORD,20110303,3.68,3.68,3.6,3.67,7600
FORM,20110303,9.55,9.68,9.48,9.61,374300
FORR,20110303,36.63,37.59,36.62,37.37,106200
FORTY,20110303,18.59,18.68,18.51,18.51,4700
FOSL,20110303,76.78,80.59,76.66,80.33,1232400
FRBK,20110303,2.93,3.13,2.92,2.98,46700
FRED,20110303,13.63,13.81,13.02,13.73,200900
FREE,20110303,30.4,31.1,30.2,31,19200
FRME,20110303,8.79,8.99,8.77,8.99,37400
FRP,20110303,23,23.19,22.85,22.85,11700
FSBK,20110303,5.22,5.39,5.22,5.36,15600
FSCI,20110303,26.51,27.91,26.39,27.7,29600
FSFG,20110303,16.6,16.6,16.6,16.6,0
FSGI,20110303,0.84,0.88,0.82,0.83,19000
FSLR,20110303,149.24,150.6,143.9,145.91,2973900
FSRV,20110303,32.21,32.95,32.06,32.95,8300
FSTR,20110303,41.68,41.86,41.04,41.44,29700
FSYS,20110303,23.8,26.56,23.6,24.8,1946900
FTEK,20110303,7.23,7.65,7.23,7.53,120900
FTNT,20110303,20.365,21.25,20.315,21.115,1079100
FUBC,20110303,6.58,6.85,6.51,6.85,339000
FULL,20110303,8.7,8.7,8.5,8.5,5400
FULT,20110303,10.67,11.07,10.67,11.05,1389100
FUNC,20110303,3.76,3.76,3.6,3.65,2800
FUND,20110303,7.95,8.16,7.95,8.14,91800
FURX,20110303,16.69,16.75,16.58,16.75,14000
FWLT,20110303,36.42,37,36,36.84,969800
FWRD,20110303,29.37,30.48,29.37,30.34,138800
FXCB,20110303,12.89,13.02,12.8,12.97,30500
FXEN,20110303,11,11.79,10.83,11.76,664800
GABC,20110303,17.08,17.09,16.93,17.04,14400
GAGA,20110303,9.29,9.29,8.95,8.99,20700
GAI,20110303,7.45,7.45,7.39,7.4,9200
GAIA,20110303,7.65,7.67,7.57,7.62,28100
GAIN,20110303,8.06,8.3,8.06,8.28,50100
GAME,20110303,6.75,6.75,6.52,6.62,2164100
GASS,20110303,6.88,6.88,6.69,6.72,27900
GBCI,20110303,15.77,16,15.72,15.85,554000
GBDC,20110303,17.08,17.23,17.08,17.17,14900
GBLI,20110303,22,22.5,22,22.45,27400
GBNK,20110303,1.27,1.28,1.24,1.25,49100
GCBC,20110303,18.24,18.24,18.03,18.24,400
GCFB,20110303,3.96,3.99,3.9,3.99,6400
GCOM,20110303,10.37,10.56,10.3,10.56,36000
GENC,20110303,7.65,7.78,7.51,7.73,5900
GENE,20110303,2.89,2.97,2.69,2.79,46100
GENT,20110303,9.5,9.58,9.08,9.4,28700
GERN,20110303,4.85,4.96,4.83,4.95,1408800
GEVO,20110303,19.34,19.5,18.82,19.1,59200
GFED,20110303,5.8,5.8,5.8,5.8,200
GFN,20110303,3.5,3.58,3.4,3.4,5800
GFNCL,20110303,3.32,3.32,3.32,3.32,0
GGAL,20110303,14.22,14.38,14.07,14.32,222100
GHDX,20110303,26.11,26.12,25.52,25.62,266300
GIFI,20110303,32.26,33.08,32.23,32.71,138800
GIGA,20110303,2.66,2.67,2.54,2.61,1800
GIGM,20110303,1.18,1.26,1.16,1.21,835200
GIII,20110303,39.03,39.56,38.82,39.07,111900
GILD,20110303,19.725,20.025,19.665,19.995,8622700
GILT,20110303,4.95,5,4.89,5,10700
GIVN,20110303,18.85,19.4,18.84,19.34,67500
GKNT,20110303,26.14,27.14,25.67,25.67,29100
GLAD,20110303,11.45,11.49,11.42,11.47,87300
GLBS,20110303,8.99,8.99,8.12,8.36,2900
GLBZ,20110303,8.17,8.17,8.05,8.15,5300
GLCH,20110303,1.94,2.02,1.91,1.99,508600
GLDC,20110303,3.08,3.08,3.08,3.08,0
GLDD,20110303,8.16,8.38,7.99,8.03,550400
GLNG,20110303,19.14,19.74,18.94,19.41,398900
GLPW,20110303,22.88,22.88,22.67,22.76,700
GLRE,20110303,27.3,28.13,27.3,27.96,84600
GLUU,20110303,4.31,4.38,4.05,4.22,2504300
GMAN,20110303,14.42,14.43,14.2,14.37,17900
GMCR,20110303,41,42.1,40.88,42.01,1842200
GMETP,20110303,10.56,10.56,10.56,10.56,0
GNCMA,20110303,12,12.17,11.87,11.89,102300
GNMK,20110303,4.2,4.44,4.2,4.44,7800
GNTX,20110303,30.35,30.41,29.19,29.28,1569800
GNVC,20110303,0.42,0.43,0.42,0.42,759400
GOLD,20110303,81.54,81.68,79.7,80.51,580800
GOOD,20110303,18.57,18.68,18.44,18.65,36800
GOODO,20110303,24.66,24.69,24.64,24.64,1900
GOODP,20110303,24.85,24.85,24.85,24.85,0
GOOG,20110303,606.38,611.49,605,609.56,1949300
GPIC,20110303,7.45,7.45,7.4,7.45,900
GPOR,20110303,28.44,29.17,28.15,28.75,460500
GPRC,20110303,5.96,6,5.9,5.98,24400
GPRE,20110303,13,13,11.78,12.29,1152500
GRID,20110303,34.44,34.53,34.44,34.53,600
GRIF,20110303,32.37,32.98,32.25,32.98,3100
GRMN,20110303,33.6,34.23,33.39,34.2,1498000
GROW,20110303,8.29,8.4,8.25,8.34,70300
GRVY,20110303,2.14,2.15,2.1,2.14,17900
GSBC,20110303,20.5,20.99,20.37,20.6,34400
GSIG,20110303,12.72,13.05,12.72,12.98,76300
GSIT,20110303,9.33,9.5,9.21,9.49,116500
GSM,20110303,23.45,23.92,23.27,23.61,1012900
GSOL,20110303,10.8,11.01,10.79,10.92,28500
GTIM,20110303,2.98,2.98,2.98,2.98,0
GTIV,20110303,27.84,27.96,27.38,27.46,259400
GTLS,20110303,43.96,44.88,43.91,44.81,315300
GTXI,20110303,2.3,2.41,2.3,2.37,84800
GUID,20110303,7.49,7.6,7.49,7.56,13700
GULF,20110303,15.05,15.44,14.96,15.44,34500
GYRO,20110303,78.91,79.5,78.4,78.99,2700
HA,20110303,6.46,6.82,6.41,6.7,821500
HAFC,20110303,1.29,1.29,1.28,1.29,295100
HAIN,20110303,30.02,30.44,29.58,29.72,494400
HALL,20110303,9.07,9.07,8.94,9.04,19500
HALO,20110303,6.77,6.86,6.68,6.78,431000
HAS,20110303,45.26,46.27,45.21,46.13,841300
HAST,20110303,6.11,6.11,5.86,5.98,16400
HAUP,20110303,2.26,2.26,2.18,2.18,134500
HAYN,20110303,50.79,51.7,50.51,51,99400
HBAN,20110303,6.69,6.78,6.64,6.7,18097900
HBANP,20110303,1150,1150,1150,1150,0
HBCP,20110303,13.99,14.04,13.98,14.01,9600
HBHC,20110303,33.75,34.27,33.71,34.13,326700
HBIO,20110303,4.34,4.35,4.3,4.32,35300
HBNC,20110303,12.8533,12.8533,12.8445,12.8445,1400
HBNK,20110303,12.5,12.5,12.4,12.5,3300
HBOS,20110303,13.52,13.52,13.25,13.44,12700
HCBK,20110303,10.06,10.25,10.06,10.14,9854300
HCCI,20110303,11.95,12,11.81,11.92,3100
HCKT,20110303,3.54,3.8,3.54,3.79,95900
HCSG,20110303,17.63,17.77,17.39,17.69,269200
HDNG,20110303,13.59,13.6,13.28,13.39,82200
HDSN,20110303,1.93,2.02,1.9,2,35400
HEES,20110303,17.03,18.99,17.03,18.64,955700
HELE,20110303,27.53,28.08,27.3,27.95,267400
HEOP,20110303,3.28,3.64,3.28,3.51,9800
HERO,20110303,5.62,5.89,5.52,5.85,11197000
HFBC,20110303,9.38,9.45,9.3,9.45,5100
HFBL,20110303,13,13,13,13,0
HFFC,20110303,10.99,11.1,10.99,11.01,18100
HFWA,20110303,14.77,14.95,14.76,14.89,39600
HGSH,20110303,2.8,2.85,2.7,2.73,15100
HIBB,20110303,30.5,31.01,30.09,30.66,423400
HIFS,20110303,49.99,50,49.99,50,300
HIHO,20110303,3.42,3.5,3.38,3.38,4800
HILL,20110303,3.19,3.31,3,3.1,589400
HIMX,20110303,2.59,2.67,2.57,2.66,323400
HITK,20110303,18.91,19.97,18.82,19.96,418300
HITT,20110303,61.05,62.67,61.05,62.5,113400
HLIT,20110303,9.69,9.8,9.64,9.74,1248400
HMIN,20110303,36.6,38.2,36.39,37.58,1334600
HMNF,20110303,2.61,2.62,2.48,2.48,7500
HMPR,20110303,27,27,23.75,25,908100
HMSY,20110303,25.25,25.96,25.2067,25.82,203100
HNH,20110303,12.33,12.45,12.1,12.28,16500
HNRG,20110303,10.16,10.34,10.1,10.34,5800
HNSN,20110303,2.08,2.12,2.06,2.1,505700
HOFT,20110303,13.04,13.22,13.01,13.21,25100
HOGS,20110303,18.5,18.89,18.5,18.78,172500
HOLI,20110303,14.36,14.45,14.1,14.37,248400
HOLL,20110303,1.73,1.78,1.71,1.75,34100
HOLX,20110303,20.87,21.46,20.65,21.14,6225200
HOMB,20110303,22.6,23.24,22.6,22.92,80900
HOME,20110303,11.07,11.2,11,11.2,29300
HOTT,20110303,5.41,5.73,5.41,5.57,530000
HOVNP,20110303,7.07,7.7,6.56,7.2,25800
HPCCP,20110303,26.36,26.9,26.12,26.57,1700
HPJ,20110303,3.33,3.4,3.3,3.32,30100
HPOL,20110303,0.92,0.97,0.91,0.97,145600
HRZN,20110303,15.96,16.04,15.7,16.01,38300
HSIC,20110303,68.47,69.88,68.13,69.6,459400
HSII,20110303,26.94,28,26.71,27.09,110000
HSKA,20110303,6.64,6.74,6.4,6.4,10700
HSNI,20110303,30.88,31.08,30.28,30.77,311300
HSOL,20110303,8.75,8.75,8.41,8.45,844500
HSTM,20110303,7.44,7.44,7.32,7.34,18200
HTBK,20110303,4.58,4.65,4.52,4.65,17800
HTCH,20110303,3.03,3.08,3.03,3.07,106200
HTCO,20110303,9.41,9.49,9.2,9.29,37500
HTHT,20110303,17,19.73,16.64,19,458300
HTLD,20110303,16.66,16.99,16.54,16.91,344300
HTLF,20110303,16.51,16.63,16.33,16.46,14600
HTWR,20110303,81.39,83.52,81.08,83.12,151700
HUBG,20110303,35.21,36.46,35.1,36.31,175100
HURC,20110303,29.91,30.18,29.06,29.16,29700
HURN,20110303,27.6,28.02,27.42,27.89,93800
HWAY,20110303,14.78,15.12,14.7,14.92,125000
HWBK,20110303,9,9,9,9,0
HWCC,20110303,13.3,13.33,13.2,13.29,46500
HWKN,20110303,36.78,38.13,36.5,37.04,87200
HYGS,20110303,4.98,5,4.85,4.85,6200
IACI,20110303,31.31,31.86,31.27,31.73,893300
IART,20110303,50.22,51.14,50.11,51,138900
IBB,20110303,95.15,96.19,95.15,96.04,347500
IBCA,20110303,2.79,2.79,2.72,2.76,30000
IBCP,20110303,3.4,3.68,3.35,3.6,158800
IBCPO,20110303,15.56,16.2,15.55,16.2,400
IBKC,20110303,57.29,57.9,57.15,57.56,106400
IBKR,20110303,16.15,16.26,15.84,15.9,446100
IBOC,20110303,18.93,18.95,18.83,18.95,394800
ICAD,20110303,1.24,1.26,1.24,1.25,41300
ICCC,20110303,3.07,3.07,3.07,3.07,0
ICFI,20110303,22.31,23.12,22.28,22.94,267600
ICGE,20110303,13.4,13.8,13.35,13.72,81700
ICLN,20110303,17.37,17.37,17,17.05,12900
ICLR,20110303,19.79,20.46,19.75,20.28,371400
ICON,20110303,21.93,22.02,21.79,22,496900
ICUI,20110303,42.65,43.16,42.23,43,62800
IDCC,20110303,47.5,47.69,46.68,47.33,616100
IDIX,20110303,3.12,3.19,3.1,3.15,87800
IDRA,20110303,2.56,2.63,2.5,2.58,48000
IDSA,20110303,10.8,11.08,10.75,10.84,44200
IDSY,20110303,4.79,4.85,4.64,4.65,31100
IDTI,20110303,7.8,7.93,7.74,7.9,2132300
IDXX,20110303,78.78,79.89,78.78,79.13,301200
IESC,20110303,4.01,4.25,4,4.23,14900
IFAS,20110303,31.81,31.97,31.69,31.94,5500
IFEU,20110303,32.41,32.62,32.2,32.62,20500
IFGL,20110303,31.88,32.07,31.82,32.03,32400
IFNA,20110303,42.61,43.11,42.45,42.74,600
IFON,20110303,0.96,1,0.92,0.94,41800
IFSM,20110303,39.81,40.02,39.81,39.99,6800
IGLD,20110303,29.1,29.35,28.86,29.01,7000
IGOI,20110303,44.4,47.52,44.4,46.32,163900
IGOV,20110303,103.9,103.9,103.37,103.73,14300
IGTE,20110303,17.7,18.75,17.61,18.73,333400
III,20110303,2.26,2.31,2.24,2.3,82700
IIIN,20110303,11.88,12.32,11.86,11.98,113500
IIJI,20110303,8.14,8.23,8.1,8.19,20100
IILG,20110303,16.94,17.23,16.78,17.09,105500
IIN,20110303,3.94,3.99,3.93,3.99,2900
IIVI,20110303,24.77,25.66,24.65,25.615,120900
IKAN,20110303,1.23,1.33,1.22,1.3,933100
IKNX,20110303,8.55,8.55,8.18,8.42,800
ILMN,20110303,67.75,69.43,67.74,68.73,1114600
IMGN,20110303,9.06,9.3,9.02,9.27,446000
IMKTA,20110303,19.02,19.56,18.98,19.38,18900
IMMR,20110303,6.98,7.1,6.94,7,113900
IMMU,20110303,3.5,3.58,3.5,3.58,353700
IMOS,20110303,7.45,7.64,7.4,7.53,88000
IMRS,20110303,7.39,7.5,7.37,7.42,126300
INAP,20110303,6.84,6.89,6.61,6.71,528600
INCY,20110303,13.71,14.04,13.6,13.94,515500
INDB,20110303,27,27.38,26.99,27.37,48800
INDY,20110303,28.31,28.5,28.09,28.47,99300
INFA,20110303,46.65,47.02,46.41,46.54,706600
INFI,20110303,5.6,5.75,5.6,5.75,14200
INFN,20110303,8.04,8.28,7.96,8.2,1776100
ININ,20110303,34.67,35.94,34.57,35.82,89100
INOC,20110303,1.35,1.35,1.35,1.35,0
INOD,20110303,2.76,2.82,2.72,2.72,121800
INPH,20110303,4.94,5.68,4.76,5.2,407400
INSM,20110303,0.5,0.5,0.5,0.5,0
INTC,20110303,21.66,21.88,21.65,21.79,50503900
INTG,20110303,21.25,21.28,21.25,21.25,2700
INTL,20110303,25,25.1,24.88,25.07,75600
INTT,20110303,4.08,4.15,3.96,4.04,210400
INTU,20110303,52.2,53.61,52.16,52.9,2808600
INTX,20110303,10.13,10.13,10.05,10.1,2200
INVE,20110303,2.69,3.55,2.61,3.19,925600
INWK,20110303,7.94,8.05,7.86,7.95,218900
IOSP,20110303,26.34,27.09,26.25,26.58,47100
IPAR,20110303,18.47,18.78,18.37,18.75,39100
IPAS,20110303,1.64,1.67,1.58,1.66,396700
IPCC,20110303,60.02,61.68,60.02,60.83,35000
IPCI,20110303,4.23,4.23,3.95,4,28200
IPCM,20110303,43.25,43.94,42.97,43.13,115300
IPGP,20110303,54.92,56,54.71,55.5,249400
IPHS,20110303,42.83,43.15,42.62,43.03,96500
IPXL,20110303,22,22.92,21.97,22.71,1024000
IRBT,20110303,28.05,29.41,27.99,29.18,182100
IRDM,20110303,9.19,9.36,9.1,9.22,500400
IRDMZ,20110303,1.75,1.75,1.75,1.75,600
IRIX,20110303,3.78,4,3.7,3.88,8200
IRWD,20110303,12.5,12.69,12.44,12.54,241500
ISBC,20110303,14.22,14.31,14.03,14.16,267000
ISCA,20110303,27.49,28.13,27.48,27.94,128300
ISHG,20110303,106.53,106.64,106.23,106.64,2100
ISIG,20110303,6.89,6.9,6.76,6.82,49600
ISIL,20110303,12.8,12.96,12.73,12.79,1316600
ISIS,20110303,9.01,9.07,8.94,8.96,725900
ISLE,20110303,9.33,9.55,9.25,9.47,179500
ISNS,20110303,13.18,13.8,13.18,13.39,5800
ISRG,20110303,327.56,332.5,325.45,331.72,332700
ISRL,20110303,68,72.8,66.06,72.8,2000
ISSC,20110303,6.08,6.1,5.92,6.02,14100
ISSI,20110303,9.74,10.15,9.74,10.08,298900
ITIC,20110303,31.5,31.82,30.65,30.65,20600
ITMN,20110303,39.07,41,39,40.23,2908700
ITRI,20110303,56.71,56.99,56.36,56.54,225600
ITRN,20110303,16.47,16.58,16.29,16.38,29300
IVAC,20110303,12.24,13.31,12.24,12.78,118400
IVAN,20110303,3.5,3.61,3.49,3.58,1706900
IXYS,20110303,12.7,13.11,12.68,13.04,93000
JACK,20110303,22,22.18,21.86,22.15,554800
JADE,20110303,4.06,4.13,3.95,4.07,165000
JAKK,20110303,18.72,18.73,18.54,18.67,120400
JASO,20110303,37,37.25,34.4,35.45,17166100
JAXB,20110303,6.75,6.75,6.7,6.7,2700
JAZZ,20110303,25.5,26.89,25.31,26.26,1331600
JBHT,20110303,41.49,43.24,41.49,43.11,1049200
JBLU,20110303,5.53,5.68,5.53,5.63,5700900
JBSS,20110303,11.78,11.9,11.75,11.83,15400
JCOM,20110303,29.25,29.73,28.97,29.57,166500
JCS,20110303,16.13,16.24,16.1,16.12,4100
JCTCF,20110303,10.76,10.76,10.51,10.75,9400
JDSU,20110303,25.08,25.39,24.7,25.14,8740200
JFBI,20110303,4.3,4.3,4.2,4.28,1100
JJSF,20110303,43.95,44.98,43.73,44.36,136500
JKHY,20110303,31.95,32.55,31.93,32.49,360300
JMBA,20110303,2.24,2.31,2.23,2.24,470400
JOBS,20110303,57.79,60.82,57.72,60.6,172000
JOEZ,20110303,1.1,1.1,1.07,1.08,385000
JOSB,20110303,46.4,47.45,45.4,47.43,477400
JOUT,20110303,15.25,15.45,15.24,15.33,6400
JRCC,20110303,20.2,20.32,20.07,20.27,1120800
JRJC,20110303,5.33,5.37,5.23,5.24,46600
JST,20110303,11.46,11.65,11.31,11.51,40600
JVA,20110303,4.1,4.11,4,4.1,9000
JXSB,20110303,12.47,12.5,12.47,12.5,13500
KALU,20110303,48.26,49.27,48.26,48.86,99000
KBALB,20110303,7.19,7.44,7.16,7.37,44300
KCAP,20110303,8.51,8.71,8.34,8.58,93900
KCLI,20110303,33.86,34.85,33.86,34.45,18600
KELYA,20110303,20.86,22.04,20.77,21.61,299200
KELYB,20110303,21.94,21.94,21.94,21.94,0
KEQU,20110303,11.86,12.24,11.67,11.84,6100
KERX,20110303,3.87,3.88,3.81,3.84,564500
KEYN,20110303,17.14,18.22,16.93,17.96,151100
KEYW,20110303,13.6,13.6,13.09,13.13,79000
KFFB,20110303,9.75,9.75,9.05,9.25,7200
KFRC,20110303,17.77,18.14,17.73,18.06,489400
KGJI,20110303,2.76,2.9,2.76,2.89,114300
KINS,20110303,3.44,3.44,3.44,3.44,0
KIPS,20110303,6.1,6.3,6.01,6.01,11000
KIRK,20110303,15.21,15.5,15.19,15.5,100500
KLAC,20110303,50.21,51.83,49.96,51.15,4605100
KLIC,20110303,9.71,9.97,9.66,9.84,983900
KNDI,20110303,4.09,4.48,4.07,4.33,571300
KONA,20110303,4.78,4.93,4.7,4.7,9500
KONE,20110303,2.56,2.62,2.53,2.6,36100
KONG,20110303,7.45,8.28,7.42,8.17,1286200
KOOL,20110303,2.59,2.68,2.55,2.62,114200
KOPN,20110303,4.3,4.35,4.15,4.24,581500
KOSS,20110303,7.01,7.3,7.01,7.3,10500
KRNY,20110303,9.63,9.75,9.63,9.74,16300
KSWS,20110303,9.86,10.2,9.86,10.15,63800
KTCC,20110303,4.73,4.76,4.61,4.61,44300
KTEC,20110303,19.62,20.49,19.62,20.35,2500
KTOS,20110303,14.47,14.64,14.14,14.28,161700
KUTV,20110303,3.73,3.78,3.69,3.69,11000
KVHI,20110303,14.33,14.56,14,14.26,47900
LABC,20110303,14.94,14.94,14.94,14.94,0
LABL,20110303,19.9,20.47,19.72,20.3,35100
LACO,20110303,2.65,2.88,2.65,2.73,97700
LAKE,20110303,8.28,8.28,7.95,8.07,36800
LAMR,20110303,38.3,38.78,37.39,37.54,622600
LANC,20110303,56.91,57.68,56.15,56.75,267700
LARK,20110303,17.47,17.47,17.47,17.47,0
LAWS,20110303,24.19,24.57,21.2,21.98,147700
LAYN,20110303,32.65,33.1,32.45,33.02,67600
LBAI,20110303,9.54,9.85,9.54,9.84,34900
LBIX,20110303,3.45,3.6,3.45,3.6,21300
LBTYA,20110303,42.43,44.22,42.42,43.74,2701000
LBTYB,20110303,43.03,43.03,43.03,43.03,100
LBTYK,20110303,40.18,42.09,40.18,41.86,974400
LCAV,20110303,7.04,7.2,6.99,7.14,103400
LCUT,20110303,11.77,11.79,11.66,11.77,27500
LEAP,20110303,11.61,12.02,11.54,11.79,1721600
LECO,20110303,35.625,37.195,35.625,37.085,152100
LEDR,20110303,2.64,2.71,2.62,2.71,41300
LEDS,20110303,15.7,15.76,15.29,15.59,140000
LFUS,20110303,52.83,54.75,52.64,54.47,168800
LGCY,20110303,31,32,30.85,31.53,166200
LGND,20110303,11.09,11.1,10.95,11,136900
LHCG,20110303,26.72,28.4,26.15,27.98,1065700
LIFE,20110303,52.9,53.94,52.86,53.75,1096300
LIME,20110303,4.9,5,4.9,4.95,43900
LINC,20110303,15.46,16.42,15.36,16.11,612800
LINE,20110303,38.59,38.61,38.4,38.52,1569200
LINTA,20110303,16.11,16.41,15.98,16.34,4683400
LINTB,20110303,16,16,16,16,0
LION,20110303,8.28,8.44,8.15,8.24,21500
LIOX,20110303,3.7,3.83,3.69,3.81,239000
LIVE,20110303,3.75,4.96,3.75,3.95,36000
LIWA,20110303,11.12,11.13,10.85,10.98,217400
LKFN,20110303,21.96,22.53,21.96,22.48,32300
LLEN,20110303,7.53,7.8,7.41,7.79,492800
LLNW,20110303,7.36,7.45,7.18,7.3,2055800
LLTC,20110303,34.46,34.95,34.38,34.84,1586800
LMAT,20110303,6.99,7.2,6.93,7.2,134300
LMCA,20110303,74.6,75.65,74.27,75.21,773200
LMIA,20110303,17.62,17.98,17.57,17.93,24500
LMNR,20110303,22.56,22.56,21.19,21.55,8300
LMNX,20110303,18.93,19.58,18.85,19.32,100100
LNBB,20110303,5.55,5.55,5.55,5.55,1000
LNCE,20110303,18.23,18.42,18.07,18.22,161300
LNDC,20110303,6.01,6.3,6,6.25,100700
LOAN,20110303,1.56,1.6,1.56,1.6,5500
LOCM,20110303,3.97,4.14,3.92,3.93,729800
LOGI,20110303,19.25,19.71,19.24,19.55,1321400
LOGM,20110303,34.83,35.42,33.35,34.74,1433200
LOJN,20110303,5.9,6.09,5.85,6.02,43500
LONG,20110303,13.05,14.31,13.05,14.04,17600
LOOK,20110303,1.7,1.72,1.67,1.7,17200
LOPE,20110303,15.97,16.53,15.96,16.46,408700
LORL,20110303,78.92,79.84,78.09,78.63,50900
LPHI,20110303,8.49,8.6,8.26,8.48,268000
LPLA,20110303,32.81,32.86,32.14,32.33,115400
LPNT,20110303,39.05,39.05,38.59,39.02,553500
LPSB,20110303,9.93,9.93,9.93,9.93,100
LPSN,20110303,10.16,10.65,10.1,10.54,482500
LPTH,20110303,1.43,1.45,1.43,1.45,5100
LQDT,20110303,15.75,15.96,15.58,15.81,66800
LRAD,20110303,2.18,2.36,2.18,2.28,104500
LRCX,20110303,57.5,59.1,57.4,58.39,3010400
LSBI,20110303,15.36,15.36,15.36,15.36,0
LSBK,20110303,11,14,10.06,10.5,800
LSCC,20110303,6.59,6.84,6.54,6.84,2230300
LSTR,20110303,44.06,45.6,44.06,45.36,460500
LTBR,20110303,5.43,5.79,5.43,5.57,58800
LTON,20110303,1.49,1.57,1.47,1.57,106300
LTRE,20110303,9.19,9.2,9.07,9.12,11000
LTRX,20110303,3.83,3.99,3.83,3.9,2500
LTXC,20110303,9.39,9.55,9.36,9.47,444100
LUFK,20110303,80.65,84.19,80.1,83.8,629900
LULU,20110303,37.63,38.155,37.13,37.83,1428100
LUNA,20110303,1.84,1.84,1.79,1.8,4100
LWAY,20110303,9.02,9.02,8.9,8.99,9700
LXRX,20110303,1.92,1.94,1.88,1.94,644800
LYTS,20110303,7.57,7.83,7.42,7.7,93100
MAGS,20110303,3.05,3.1,3.01,3.01,12700
MAKO,20110303,19.91,20.39,19.62,20.06,485100
MANH,20110303,32.18,32.38,32.15,32.27,78300
MANT,20110303,43.74,43.93,43.55,43.67,161300
MARPS,20110303,22.98,23,22.45,22.45,1200
MASC,20110303,7.18,7.25,6.66,6.7,110500
MASI,20110303,30.2,30.77,30.2,30.74,303100
MAT,20110303,25.24,25.68,25.24,25.58,3182400
MATW,20110303,36.41,37.2,36.41,37.07,65700
MAXY,20110303,4.17,4.18,4.13,4.16,78600
MBFI,20110303,20.2,20.55,20.2,20.55,299800
MBLX,20110303,9.28,9.68,9.18,9.49,285000
MBND,20110303,3.49,3.88,3.49,3.75,82300
MBRG,20110303,16.1,16.16,15.92,16.09,6700
MBTF,20110303,1.82,1.84,1.75,1.78,12300
MBVT,20110303,25.34,25.51,25.18,25.45,24400
MBWM,20110303,8.62,9.35,8.52,9.08,47300
MCBC,20110303,3.28,3.42,3.11,3.12,115600
MCBI,20110303,7.05,7.09,6.96,7.04,5400
MCGC,20110303,7.25,7.29,7.14,7.28,339600
MCHP,20110303,37.04,37.61,37.04,37.58,1662700
MCHX,20110303,8.95,9.3,8.88,9.18,128200
MCOX,20110303,30.5,32.35,30.25,31.8,1213000
MCRI,20110303,9.88,10.23,9.86,10.23,15800
MCRL,20110303,13.45,13.57,13.38,13.48,232100
MCRS,20110303,47.97,49.15,47.97,49.03,239100
MDAS,20110303,15.25,15.67,15.03,15.57,2897700
MDCA,20110303,17.5,18.15,17.21,17.86,96800
MDCI,20110303,8.35,8.4,8.21,8.27,52600
MDCO,20110303,16.96,17.27,16.95,17.17,294000
MDH,20110303,2.77,2.83,2.76,2.79,17300
MDRX,20110303,20.89,21.5,20.88,21.33,2488100
MDSO,20110303,26.76,26.78,26.38,26.49,148200
MDVN,20110303,16.8,17.19,16.79,17.06,174800
MEAD,20110303,4.15,4.16,3.84,4,1900
MEAS,20110303,31.6,33.27,31.46,32.89,197100
MELA,20110303,3.13,3.16,2.79,3.1,1251100
MELI,20110303,65.89,66.7,65.41,66.39,728600
MEMS,20110303,3.2,3.2,3.15,3.16,8500
MENT,20110303,15.89,16.05,15.83,15.96,1368600
MEOH,20110303,28.44,28.97,28.39,28.85,288300
MERC,20110303,13.84,14.71,13.76,14.04,906700
MERU,20110303,23.14,23.66,22.79,22.9,83400
METR,20110303,12.32,12.32,12.1,12.31,21800
MFI,20110303,4.63,4.83,4.63,4.7,12300
MFLR,20110303,8.37,8.37,8.37,8.37,0
MFLX,20110303,28.56,29.14,28.42,28.95,36600
MFNC,20110303,5.8,5.8,5.8,5.8,0
MFRI,20110303,11.85,12.2,11.63,11.94,7600
MFSF,20110303,9.45,9.45,9.45,9.45,0
MGAM,20110303,5.44,5.58,5.41,5.49,98200
MGEE,20110303,40.41,40.93,39.62,40.87,100200
MGIC,20110303,6.67,7.1,6.65,6.98,813500
MGLN,20110303,47.9,49.4,47.9,49.1,213900
MGPI,20110303,9.05,9.24,8.84,8.99,141800
MGRC,20110303,26.87,27.39,26.82,27.1,62900
MGYR,20110303,4.05,4.07,4.05,4.06,700
MHGC,20110303,8.39,8.6,8.37,8.52,189200
MHLD,20110303,7.94,8.03,7.85,7.94,120500
MIDD,20110303,88.84,89.6,88.16,89.37,182400
MIND,20110303,10.76,10.92,10.52,10.65,10600
MINI,20110303,22.42,23.79,22.42,23.13,245200
MITL,20110303,5.8,5.8,5.59,5.73,21400
MKSI,20110303,31,32.22,30.84,32.11,575200
MKTAY,20110303,42.92,43.31,42.92,43.3,2000
MKTX,20110303,21.14,22.11,21.14,22.09,198700
MLAB,20110303,30.01,30.01,29.5,30,1300
MLHR,20110303,26.4,27.1,26.4,26.85,246600
MLNK,20110303,6.85,6.95,6.81,6.94,196200
MLNX,20110303,26.26,26.75,26.26,26.5,124400
MLVF,20110303,8.2,8.99,8.2,8.71,1200
MMLP,20110303,39.81,39.81,39.04,39.25,76500
MMSI,20110303,13.6,13.92,13.568,13.896,512900
MMUS,20110303,5.12,5.2,5.1,5.1,5000
MMYT,20110303,26,26.96,26,26.56,136000
MNDO,20110303,3.2,3.29,3.13,3.25,133500
MNKD,20110303,3.83,3.83,3.71,3.8,790000
MNOV,20110303,3.35,3.85,3.34,3.7,21700
MNRK,20110303,6.7583,6.85,6.7583,6.8,2500
MNRO,20110303,32.41,33.8,32.39,33.71,397400
MNST,20110303,27.79,28.425,27.79,28.285,1437200
MNTA,20110303,13.83,14.3,13.67,14.25,719100
MNTG,20110303,2.66,2.74,2.64,2.7,44400
MNTX,20110303,5.69,5.9,5.69,5.85,91300
MOBI,20110303,10.44,10.72,10.3,10.68,189200
MOCO,20110303,13.5,13.63,13.32,13.32,15000
MOFG,20110303,14.53,14.76,14.53,14.76,6200
MOLX,20110303,27.61,27.85,27.45,27.7,859200
MOLXA,20110303,22.67,23.06,22.58,22.97,252900
MORN,20110303,58.52,60.46,58.51,59.88,96300
MOSY,20110303,5.7,5.74,5.62,5.74,50400
MOVE,20110303,8.36,8.8,8.32,8.64,3682300
MPAA,20110303,13.43,14.23,13.43,14.2,44900
MPAC,20110303,5.01,5.19,4.96,4.96,5700
MPB,20110303,9.5,9.5,9.5,9.5,0
MPEL,20110303,7.16,7.42,7.12,7.31,7030700
MPET,20110303,2.7,2.7,2.59,2.65,127100
MPWR,20110303,15.28,15.37,15.04,15.31,285700
MRCY,20110303,19.79,19.9,19.54,19.59,129100
MRGE,20110303,4.97,5.11,4.94,5.05,335500
MRLN,20110303,11.09,12.62,11.09,12.49,25300
MRTN,20110303,20.89,21.6,20.89,21.45,36800
MRVL,20110303,18.15,18.42,17.78,18.22,21865300
MSBF,20110303,5.4,5.4,5.15,5.15,400
MSCC,20110303,22.27,22.73,22.27,22.72,574900
MSEX,20110303,18.44,18.57,18.43,18.53,28900
MSFG,20110303,10.07,10.45,10,10.25,50300
MSFT,20110303,26.26,26.4,26.18,26.2,68271500
MSG,20110303,29.35,29.71,29.04,29.71,310000
MSON,20110303,2.24,2.29,2.1,2.24,83000
MSPD,20110303,7.56,7.93,7.56,7.85,653500
MSTR,20110303,117.64,121.68,116.92,120.03,205200
MTEX,20110303,18.6,19.2,18.4,19,32200
MTRX,20110303,13.67,14.15,13.65,14.04,132600
MTSC,20110303,47,48.72,46.95,47.77,109400
MTSL,20110303,1.74,2.15,1.74,1.94,96900
MTSN,20110303,2.55,2.55,2.49,2.53,301800
MU,20110303,11.28,11.63,11.26,11.57,35260400
MVIS,20110303,12.88,13.04,12.16,12.32,707200
MVISW,20110303,0.49,0.49,0.49,0.49,0
MWIV,20110303,69.72,71.88,69.57,71.22,73100
MXIM,20110303,27.31,28.04,27.27,27.74,4525400
MXWL,20110303,18.93,18.95,17.85,17.9,139800
MYGN,20110303,19.39,19.65,19.21,19.63,1051700
MYL,20110303,22.84,23.21,22.82,23.1,7439100
MYRG,20110303,22.31,22.58,21.95,22.38,102600
NAFC,20110303,42.5,44.94,36.75,38.72,277000
NAII,20110303,5.5,5.5,5.5,5.5,0
NANO,20110303,17.88,18.1,17.73,17.96,332000
NASB,20110303,15.29,15.57,15.08,15.57,8300
NATH,20110303,17.68,17.97,17.6,17.7,7800
NATI,20110303,31.46,31.91,31.27,31.54,396800
NATL,20110303,21.19,21.24,20.52,20.82,15200
NATR,20110303,8.49,8.72,8.35,8.5,8300
NAUH,20110303,7.68,7.92,7.68,7.74,21300
NAVG,20110303,52.54,53.27,52.1,52.32,66700
NAVR,20110303,2.06,2.12,2.01,2.04,88000
NBBC,20110303,5.14,5.16,5.1,5.16,8200
NBIX,20110303,6.66,7.05,6.66,7,505700
NBN,20110303,14.6,14.6,14.6,14.6,300
NBTB,20110303,22.24,23.04,22.21,22.54,306000
NBTF,20110303,20.75,20.89,20.28,20.28,800
NCBC,20110303,5.17,5.17,4.87,4.87,700
NCIT,20110303,23.05,23.67,23.02,23.62,34400
NCMI,20110303,18.78,19.03,18.72,18.99,152200
NCTY,20110303,7.11,7.3,7.06,7.22,118400
NDAQ,20110303,28.12,28.58,28.12,28.39,1552900
NDSN,20110303,54.075,55.5,54.075,55.195,261600
NECB,20110303,6.14,6.14,6.14,6.14,100
NEOG,20110303,37.66,39.89,37.47,39.58,130600
NEPT,20110303,2.41,2.47,2.37,2.46,14700
NETC,20110303,10.47,10.47,10.24,10.4,41700
NEWL,20110303,2.43,2.58,2.43,2.45,2000
NEWP,20110303,16.69,17.21,16.63,17.03,225200
NEWS,20110303,10.62,10.88,10.46,10.82,62400
NEWT,20110303,1.73,1.8,1.63,1.7,15200
NFBK,20110303,13.09,13.35,13.06,13.35,24500
NFEC,20110303,3.8,4.15,3.79,3.9,27600
NFLX,20110303,206.5,207.09,200.35,203.37,5042200
NFSB,20110303,14.2,14.23,14.19,14.2,20000
NGPC,20110303,9.64,9.9,9.64,9.9,80000
NHTB,20110303,13.12,13.39,13.1,13.31,4800
NICE,20110303,33.23,34.28,33.13,34.2,405800
NICK,20110303,12.51,12.75,12.38,12.67,2500
NIHD,20110303,39.63,40.01,39.51,39.77,1884200
NILE,20110303,53.83,54.66,53.5,53.8,170200
NINE,20110303,1.36,1.39,1.36,1.39,1000
NKSH,20110303,28.39,28.71,28.29,28.64,7500
NKTR,20110303,9.18,9.19,8.55,8.9,2240200
NLST,20110303,2.33,2.5,2.31,2.46,452300
NMRX,20110303,8.8,8.86,8.52,8.69,43300
NNBR,20110303,13.29,13.29,12.93,13.12,56100
NOVB,20110303,10.48,10.61,10.48,10.61,200
NPBC,20110303,7.86,8.05,7.8,7.98,504500
NPSP,20110303,7.68,7.84,7.59,7.72,584900
NRCI,20110303,31.02,31.79,31.02,31.74,2500
NRIM,20110303,18.84,18.97,18.83,18.95,2100
NSEC,20110303,12.5,12.5,12.5,12.5,0
NSIT,20110303,18.16,18.35,18.09,18.33,196400
NSPH,20110303,3.19,3.25,3.12,3.17,101300
NSSC,20110303,2.24,2.35,2.18,2.35,7300
NSYS,20110303,4.49,4.49,4.49,4.49,0
NTAP,20110303,51.53,52.83,51.25,52.46,5331200
NTCT,20110303,26.34,27.11,26.28,27.11,352900
NTES,20110303,46,47.39,45.94,47.2,1520400
NTGR,20110303,32.68,33.38,32.55,33,330100
NTIC,20110303,15.95,16.18,15.9,16,12400
NTLS,20110303,19.06,19.22,19.01,19.13,140700
NTRI,20110303,13.77,14.15,13.55,13.7,1081300
NTRS,20110303,51.48,52.17,51.44,51.83,1623800
NTSC,20110303,7.31,7.31,7.21,7.24,2000
NTSP,20110303,12.5,12.91,12.44,12.84,98400
NTWK,20110303,18.8,19.1,18.3,19,598300
NUAN,20110303,18.23,18.37,18.09,18.1,2221700
NUCL,20110303,46.29,46.3,46.06,46.3,2300
NURO,20110303,3.06,3.24,2.94,3.18,77600
NUTR,20110303,14.61,14.81,14.59,14.81,10600
NUVA,20110303,26.95,27.73,26.74,27.33,589900
NVAX,20110303,2.8,2.83,2.66,2.68,2114400
NVDA,20110303,21.23,21.35,20.24,20.87,39842500
NVEC,20110303,57.58,59.25,57.35,59.25,60800
NVGN,20110303,0.76,0.9,0.72,0.75,69700
NVMI,20110303,9.62,10.47,9.62,10.14,731200
NVSL,20110303,8.5,8.53,8.48,8.5,6200
NVTL,20110303,5.56,5.65,5.47,5.5,1188900
NWBI,20110303,12.2,12.44,12.2,12.4,847300
NWFL,20110303,27.32,27.66,27.32,27.66,400
NWLI,20110303,171.27,171.5,169.72,171.18,4400
NWPX,20110303,23.46,23.5,22.48,22.53,52900
NWS,20110303,18.31,18.91,18.23,18.49,3138100
NWSA,20110303,17.43,18.11,17.43,17.64,23534300
NXPI,20110303,30.37,31.69,29.47,31.17,1790900
NXST,20110303,7.03,7.11,6.99,7.11,18900
NXTM,20110303,21.19,22.45,21.03,22.14,603100
NYMT,20110303,7.2,7.25,7.15,7.24,12800
NYMX,20110303,6.32,6.71,6.32,6.67,78500
NYNY,20110303,0.79,0.79,0.77,0.79,62400
OABC,20110303,15.68,15.75,15.58,15.66,40500
OBAF,20110303,14,14.01,14,14.01,7200
OBAS,20110303,8.6,8.7,8.1,8.2,2600
OBCI,20110303,1.9,1.96,1.9,1.9,11200
OCFC,20110303,13.69,13.96,13.64,13.86,25000
OCLR,20110303,17.07,17.58,17.02,17.4,1784200
OCLS,20110303,14.7,14.84,14.42,14.63,40600
OCZ,20110303,7.44,8.24,7.38,8.11,951000
ODFL,20110303,20.42,21.4467,20.4133,21.3733,744600
OFED,20110303,12.4,12.4,12.4,12.4,0
OFIX,20110303,31.75,33.16,31.69,32.91,179900
OFLX,20110303,13,13.14,12.95,13.14,2700
OGXI,20110303,15.3,15.81,15.28,15.45,22700
OIIM,20110303,8.25,8.28,8.03,8.25,369300
OINK,20110303,4.91,4.91,4.83,4.83,22200
OKSB,20110303,14.06,14.63,13.97,14.35,105100
OKSBP,20110303,27.25,27.25,27.25,27.25,0
OLBK,20110303,8.93,8.95,8.9,8.9,1800
OMAB,20110303,14.72,14.9,14.53,14.84,37300
OMCL,20110303,13.29,13.65,13.23,13.56,74000
OMER,20110303,6.75,6.95,6.6,6.69,93900
OMEX,20110303,3,3.12,2.9,2.97,228600
OMPI,20110303,11.45,11.61,11.4,11.54,65900
ONCY,20110303,6.41,6.5,6.28,6.41,190800
ONEQ,20110303,109.6,110.36,109.38,110.36,7700
ONFC,20110303,8.95,9.03,8.85,9.03,5500
ONNN,20110303,11.2,11.29,10.98,11.08,7003200
ONTY,20110303,3.21,3.26,3.18,3.2,52200
ONVI,20110303,4.3,4.31,4.3,4.3,900
ONXX,20110303,35.1,36,35.1,35.9,521800
OPEN,20110303,87.48,90.79,87.34,89.11,1316100
OPHC,20110303,2.4,2.41,2.29,2.29,3600
OPLK,20110303,26.48,27.5,26.38,27.23,290600
OPOF,20110303,11.41,11.63,11.41,11.63,1200
OPTR,20110303,11.65,11.76,11.43,11.5,319300
OPTT,20110303,5.09,5.12,5,5.01,50300
OPXA,20110303,7.12,7.48,7.04,7.24,125100
ORBC,20110303,3.78,3.86,3.6,3.64,122500
ORBK,20110303,13.99,14.14,13.9,13.98,97200
ORBT,20110303,3.73,3.73,3.73,3.73,0
ORCL,20110303,32.48,33.19,32.43,33.03,24169800
OREX,20110303,2.98,3.02,2.97,2.98,1261700
ORIT,20110303,12.9,12.9,12.68,12.77,244000
ORLY,20110303,56.2,56.79,55.74,56.55,838200
ORRF,20110303,26.87,26.89,26.52,26.79,6700
OSBC,20110303,1.02,1.05,0.97,1,70400
OSBCP,20110303,2.6,2.98,2.6,2.76,1600
OSHC,20110303,12.1,12.28,12.1,12.24,3500
OSIR,20110303,6.6,6.75,6.6,6.75,44100
OSIS,20110303,37.83,39.09,37.83,38.57,91700
OSN,20110303,4.28,4.35,4.21,4.28,17400
OSTK,20110303,15.13,15.63,14.92,15.43,250600
OSUR,20110303,6.88,7.14,6.84,7.11,323300
OTEX,20110303,57.59,58.42,57.33,58.4,514900
OTIV,20110303,2.94,3.19,2.82,2.99,804900
OTT,20110303,19.61,19.68,19.35,19.5,38300
OTTR,20110303,22.25,22.58,22.05,22.47,85600
OUTD,20110303,7.69,7.8,7.59,7.66,39200
OVBC,20110303,21.4,21.4,21,21.27,2000
OVLY,20110303,5.93,5.93,5.93,5.93,0
OVRL,20110303,1.73,1.73,1.54,1.66,21200
OVTI,20110303,31.38,33.52,31.12,33.49,7856700
OXBT,20110303,2.04,2.05,2,2.03,3700
OXGN,20110303,0.14,0.14,0.14,0.14,0
OXLC,20110303,19.12,19.49,19.11,19.29,8500
OZRK,20110303,21.495,21.95,21.495,21.885,71100
PAAS,20110303,39.19,39.3,38.13,38.45,2317900
PACB,20110303,15.07,15.22,14.86,15.07,121100
PACR,20110303,5.49,5.65,5.49,5.62,400100
PACW,20110303,20.49,20.81,20.43,20.71,129800
PAGG,20110303,33.37,33.63,33.2,33.53,40700
PANL,20110303,40.34,41.77,40.3,41.72,263400
PATH,20110303,7.69,7.87,7.59,7.75,34800
PATK,20110303,2.06,2.12,2.01,2.12,1600
PATR,20110303,25.91,26.35,25.49,26.29,9700
PAYX,20110303,33.25,33.65,33.21,33.45,1394700
PBCT,20110303,12.83,12.92,12.7,12.8,5735700
PBHC,20110303,9.25,9.25,9.25,9.25,400
PBIB,20110303,8.35,8.45,8.33,8.42,8600
PBIP,20110303,6.39,6.39,6.39,6.39,0
PCAR,20110303,49.47,50.54,49.44,50.24,2123500
PCBK,20110303,10.04,10.11,10,10.11,23100
PCCC,20110303,8.62,8.81,8.51,8.77,29900
PCH,20110303,37.62,37.95,37.55,37.77,155200
PCLN,20110303,453.75,464.8,453.75,464.79,1546700
PCOM,20110303,9.7,10.17,9.61,10.17,17700
PCRX,20110303,7.02,7.05,6.86,7.05,9900
PCTI,20110303,7.42,7.49,7.41,7.46,42700
PCYC,20110303,5.06,5.1,4.93,5,669600
PCYO,20110303,4.23,4.23,4.05,4.16,1300
PDCO,20110303,33.13,33.51,33.1,33.36,777600
PDEX,20110303,2.47,2.52,2.47,2.47,12200
PDFS,20110303,6.78,7.04,6.73,6.95,272400
PDII,20110303,8.46,8.46,8.33,8.44,33200
PDLI,20110303,5.85,5.94,5.82,5.94,5228500
PEBK,20110303,7.2,7.21,6.89,7.15,2900
PEBO,20110303,13.26,13.45,13.15,13.36,15100
PEGA,20110303,39.46,39.8,39.03,39.47,121600
PEIX,20110303,0.74,0.82,0.73,0.75,5914000
PENN,20110303,37.24,37.5,36.82,37.3,409600
PENX,20110303,5.97,6,5.92,5.92,7400
PEOP,20110303,13.85,13.87,13.75,13.75,16600
PERF,20110303,9.73,13.17,9.56,10.86,22600
PERY,20110303,28.01,28.25,27.35,27.56,1946300
PESI,20110303,1.47,1.47,1.45,1.46,40900
PETM,20110303,41.99,43.39,41.92,42.56,1543400
PETS,20110303,14.93,14.94,14.65,14.73,203400
PFBC,20110303,1.57,1.57,1.47,1.51,77800
PFBI,20110303,6.86,7.5,6.86,7.5,9800
PFBX,20110303,16.41,17,16.41,16.41,2100
PFIN,20110303,3.23,3.23,3.23,3.23,0
PFSW,20110303,3.49,3.67,3.41,3.44,60600
PGC,20110303,13.42,13.42,13.11,13.3,14300
PGNX,20110303,5.74,5.85,5.59,5.82,189500
PGTI,20110303,2.43,2.45,2.32,2.37,61800
PHII,20110303,22,22.21,21.83,22.21,800
PHIIK,20110303,20.26,21.21,20.17,21.08,19100
PHMD,20110303,5.56,5.58,5.42,5.42,20000
PICO,20110303,29.52,29.96,29.52,29.9,77200
PKBK,20110303,9.52,9.54,9.52,9.54,700
PKOH,20110303,21.31,22.58,21.31,22.38,26800
PLAB,20110303,9.48,9.84,9.46,9.81,1895300
PLBC,20110303,3.55,3.55,3.55,3.55,0
PLCC,20110303,1.13,1.13,1.12,1.12,900
PLCE,20110303,44.96,45.42,43.89,44.07,598600
PLCM,20110303,24.12,24.945,24,24.815,901300
PLNR,20110303,2.66,2.7,2.6,2.61,141100
PLPC,20110303,68.71,69.54,67.09,68.57,16600
PLTM,20110303,34.51,34.86,34.51,34.65,59600
PLUG,20110303,0.73,0.73,0.66,0.7,717200
PLUS,20110303,27.5,28.26,27.32,28.22,12200
PLXS,20110303,29.94,30.32,29.77,30.2,438300
PLXT,20110303,3.73,3.8,3.71,3.72,267500
PMBC,20110303,4.64,4.67,4.63,4.67,3400
PMCS,20110303,8.05,8.17,8.01,8.14,2499400
PMD,20110303,8.59,8.72,8.56,8.62,11400
PMFG,20110303,16.94,17.13,16.73,16.88,28100
PMNA,20110303,12.24,12.24,11.94,12.02,91900
PMTC,20110303,23.3,23.57,23.07,23.57,1384500
PMTI,20110303,15.34,16.16,15.31,16.12,72300
PNBK,20110303,2.32,2.32,2.26,2.27,3600
PNFP,20110303,16.12,16.83,15.99,16.6,240800
PNNT,20110303,12.74,12.76,12.56,12.66,476100
PNQI,20110303,36.5,36.95,36.5,36.84,6800
PNRA,20110303,116.86,121.25,116.44,119.56,604300
PNRG,20110303,27.25,28.5,26.19,28.3,6100
PNTR,20110303,5.76,5.76,5.76,5.76,1800
PODD,20110303,17.86,18.2,17.76,18.11,159400
POOL,20110303,24.72,24.98,24.59,24.96,200200
POPE,20110303,42,44.85,41.66,44.75,5900
POWI,20110303,40.18,41.27,40.1,40.52,163100
POWL,20110303,36.71,37.15,36.6,36.71,79700
POWR,20110303,7.29,7.5,7.24,7.3,70800
POZN,20110303,5.11,5.2,5,5.06,161900
PPBI,20110303,6.8,6.9,6.8,6.85,6700
PPHM,20110303,2.2,2.25,2.12,2.22,330300
PRAA,20110303,82.25,84.5,82.25,84.5,125400
PRAN,20110303,1.46,1.47,1.4,1.47,57900
PRCP,20110303,6.78,6.9,6.58,6.64,59200
PRFT,20110303,12.23,12.65,11.98,12.11,111300
PRFZ,20110303,67.89,68.78,67.83,68.63,35300
PRGO,20110303,76.33,77.64,76.33,77.45,520200
PRGS,20110303,28.27,29,28.24,28.91,610600
PRGX,20110303,6.08,6.15,6,6.08,112800
PRIM,20110303,8.56,8.99,8.49,8.93,93500
PRKR,20110303,0.85,0.85,0.8,0.81,285900
PRLS,20110303,3.24,3.3,3.22,3.22,3100
PRMW,20110303,11.81,11.93,11.57,11.66,23100
PROV,20110303,8.49,8.61,8.48,8.53,27900
PRPH,20110303,1.43,1.43,1.35,1.35,3400
PRSC,20110303,15.54,15.61,15.25,15.45,28800
PRTS,20110303,7.77,7.79,7.57,7.65,117200
PRXI,20110303,1.72,1.73,1.65,1.69,58500
PRXL,20110303,22.67,23.68,22.65,23.46,356700
PSAU,20110303,49.21,49.45,48.57,48.79,11000
PSBH,20110303,5.54,5.58,5.29,5.43,2100
PSDV,20110303,3.87,3.94,3.82,3.85,42100
PSEC,20110303,12.2,12.34,12.18,12.33,1346500
PSEM,20110303,10.05,10.08,9.9,9.99,53700
PSMT,20110303,35.21,35.6,34.84,34.99,81400
PSTB,20110303,5.1,5.27,4.9,5.05,24700
PSTI,20110303,2.48,2.48,2.29,2.37,548900
PSTR,20110303,6.53,6.53,5.92,5.94,190300
PSUN,20110303,4.6,4.6,4.42,4.43,694300
PTEK,20110303,0.62,0.62,0.62,0.62,0
PTEN,20110303,26.99,27.69,26.72,27.52,2424000
PTIE,20110303,6.8,7.28,6.78,7.22,539300
PTIX,20110303,2.09,2.12,2.03,2.07,10200
PTNR,20110303,18.33,18.46,18.28,18.34,268000
PTRY,20110303,14.99,15.25,14.74,14.98,242700
PTSI,20110303,11.64,11.88,11.64,11.88,5300
PTSX,20110303,0.75,0.75,0.75,0.75,0
PULB,20110303,7.42,7.47,7.3,7.47,26600
PURE,20110303,1.85,1.87,1.8,1.82,151400
PVFC,20110303,1.88,1.88,1.88,1.88,200
PVTB,20110303,14.65,15.28,14.59,15.26,823800
PVTBP,20110303,27,27,26.72,26.85,7500
PWER,20110303,8.66,8.75,8.26,8.34,6458100
PWOD,20110303,38.24,38.81,38.24,38.81,5500
PWRD,20110303,20.33,20.85,20.16,20.78,484900
PWX,20110303,16.97,16.97,16.97,16.97,0
PXLW,20110303,3.66,3.74,3.53,3.53,25500
PZZA,20110303,28.74,29.41,28.73,29.2,86700
PZZI,20110303,1.95,1.99,1.95,1.96,5200
QABA,20110303,25.2,25.29,25.01,25.23,1200
QADA,20110303,8.97,9.33,8.97,9.14,4700
QADB,20110303,8.51,8.67,8.3,8.65,13600
QBAK,20110303,1.8,1.87,1.8,1.8,3100
QCCO,20110303,3.95,3.99,3.86,3.97,5100
QCLN,20110303,16.96,17.13,16.96,17.08,28500
QCOM,20110303,57.67,58.98,57.67,58.84,13214600
QCOR,20110303,12.8,13.06,12.56,13.03,1614800
QCRH,20110303,7.72,7.99,7.72,7.92,2400
QDEL,20110303,12.31,12.99,12.29,12.68,394000
QGEN,20110303,20.75,20.88,20.72,20.78,1145900
QKLS,20110303,72.48,72.72,71.52,72,13000
QLGC,20110303,17.84,18,17.75,17.86,1262900
QLIK,20110303,25.38,25.69,24.55,24.86,1612000
QLTI,20110303,6.87,7.07,6.8,6.97,133200
QLTY,20110303,10.16,10.23,9.91,10.05,105200
QNST,20110303,22.64,22.97,22.63,22.95,170400
QQEW,20110303,25.21,25.34,25.21,25.29,14600
QQQ,20110303,57.68,58.37,57.67,58.26,64249900
QQQX,20110303,14.89,15.25,14.89,15.24,75800
QQXT,20110303,22.04,22.31,22.04,22.31,7800
QSII,20110303,40.495,41.185,40.345,40.885,239900
QTEC,20110303,27.62,27.84,27.5,27.77,182800
QTWW,20110303,0.38,0.38,0.38,0.38,0
QUIK,20110303,4.85,4.99,4.82,4.95,340900
RADA,20110303,2.72,2.91,2.72,2.87,49700
RAIL,20110303,27.93,28.39,27.84,28.3,61000
RAND,20110303,3.24,3.25,3.2,3.2,9300
RAVN,20110303,27.375,27.845,27.25,27.5,53100
RBCAA,20110303,18,18.25,17.85,18.06,30300
RBCN,20110303,24.03,24.31,23.19,23.4,684000
RBNF,20110303,3.48,3.49,3.44,3.44,3300
RBPAA,20110303,1.7,1.75,1.61,1.7,12600
RCII,20110303,33.32,33.97,32.92,33.88,625300
RCKB,20110303,16.17,16.36,16.15,16.34,62000
RCKY,20110303,14.75,15.04,14.51,15,26000
RCMT,20110303,5.03,5.15,4.86,4.98,56900
RCON,20110303,4.48,4.48,4.48,4.48,100
RDA,20110303,13.55,14.29,13.05,14.1,41600
RDCM,20110303,10.44,10.75,10.44,10.53,26300
RDEN,20110303,28.87,29.4,28.76,29.33,123000
RDI,20110303,5.06,5.09,5,5.06,16400
RDIB,20110303,8.13,8.13,8.13,8.13,0
RDNT,20110303,3.27,3.46,3.24,3.39,165700
RDWR,20110303,18.8,19.025,18.66,18.85,145100
RECN,20110303,19.39,20.15,19.28,20.03,273800
REDF,20110303,5.85,6.1,5.85,5.97,229000
REFR,20110303,7.57,7.7,7.35,7.39,126100
REGN,20110303,36.41,37.6,36.21,37.49,286400
REIS,20110303,7.41,7.41,7.41,7.41,0
RELL,20110303,13.23,13.25,12.9,13.15,45700
RELV,20110303,2.06,2.08,1.98,1.98,15500
RENT,20110303,26.3,26.79,26.07,26.55,19800
REXI,20110303,6.25,6.3,6.19,6.26,5500
REXX,20110303,12.17,12.17,11.71,11.76,414100
RFIL,20110303,4.33,4.33,4.2,4.245,5500
RFMD,20110303,7.2,7.26,7.12,7.2,5731100
RGCO,20110303,15.92,15.92,15.92,15.92,0
RGDX,20110303,2.25,2.25,2.25,2.25,2800
RGEN,20110303,4.85,4.87,4.8,4.85,17700
RGLD,20110303,50.88,50.88,50.12,50.28,355900
RICK,20110303,10.71,10.91,10.64,10.87,52200
RIGL,20110303,6.81,7.35,6.8,7.29,319300
RIMG,20110303,15.15,15.26,14.98,15.09,19800
RITT,20110303,7.19,7.88,6.22,6.97,15700
RIVR,20110303,15.24,15.24,15.24,15.24,0
RJET,20110303,6.08,6.19,6.02,6.08,552200
RLOC,20110303,17.99,19.19,17.92,18.63,185100
RLOG,20110303,7.79,8.08,7.69,7.98,34600
RMBS,20110303,20.65,20.72,20.39,20.55,517900
RMCF,20110303,10.19,10.37,10.18,10.19,4300
RMKR,20110303,1.32,1.35,1.31,1.32,5400
RMTI,20110303,9.25,9.4,9.12,9.23,23600
RNET,20110303,14.86,14.86,14.47,14.59,18700
RNIN,20110303,6.35,6.6,6.05,6.25,126600
RNST,20110303,15.68,16.05,15.68,15.94,73500
RNWK,20110303,3.82,3.93,3.82,3.91,201200
ROCK,20110303,11.07,11.32,10.86,11,141400
ROCM,20110303,10.65,11.06,10.6,11.05,35200
ROIA,20110303,2.25,2.25,1.74,1.94,53200
ROIAK,20110303,1.93,2.14,1.67,1.92,2690300
ROIC,20110303,10.74,10.94,10.73,10.9,368000
ROICW,20110303,1,1,0.89,0.98,82800
ROLL,20110303,36.96,37.71,36.92,37.48,52400
ROMA,20110303,10.74,10.8,10.63,10.67,37800
ROSE,20110303,42.7,43.81,42.25,43.66,793000
ROSG,20110303,8.55,9,8.25,8.25,260300
ROST,20110303,36.305,36.43,35.59,36.205,1391000
ROVI,20110303,55.92,56.8,55.88,56.73,1614500
ROYL,20110303,7.7,7.79,6.86,7.05,7446600
RP,20110303,23.5,24,23.23,23.99,430500
RPRX,20110303,6.07,6.5,6.05,6.36,828300
RPTP,20110303,3.63,3.65,3.51,3.63,37700
RRD,20110303,18.33,18.67,18.18,18.67,2807600
RRGB,20110303,23.79,24.3,23.65,23.82,227000
RRST,20110303,7.4,7.5,7.36,7.39,9100
RSOL,20110303,2.75,2.78,2.71,2.72,1700
RSTI,20110303,39.27,40.18,38.81,40.08,208900
RSYS,20110303,8.37,8.6,8.34,8.56,82900
RTEC,20110303,11.21,11.49,11.09,11.2,232800
RTIX,20110303,2.69,2.81,2.65,2.69,264300
RUE,20110303,33.15,33.57,32.71,32.94,127900
RUSHA,20110303,19.64,19.89,19.24,19.54,144300
RUSHB,20110303,17.21,17.29,17.13,17.16,700
RUTH,20110303,4.99,5.01,4.86,4.99,224700
RVBD,20110303,41.5,43.28,41.41,42.92,3596600
RVSB,20110303,3.07,3.07,3.07,3.07,3500
RYAAY,20110303,29,29.03,28.52,28.69,225600
SAAS,20110303,3.14,3.28,3.12,3.23,82500
SAFM,20110303,41.37,41.87,40.89,41.25,556700
SAFT,20110303,47.92,48.7,47.7,48.2,39000
SAIA,20110303,15.25,15.57,15.11,15.23,34000
SALM,20110303,4.31,4.33,4.09,4.27,1200
SANM,20110303,15.39,16.04,15.36,15.89,1076500
SANW,20110303,4.35,4.43,4.35,4.39,5800
SANWW,20110303,0.45,0.45,0.45,0.45,0
SANWZ,20110303,0.16,0.16,0.16,0.16,0
SAPE,20110303,11.41,11.73,11.41,11.7,530800
SASR,20110303,18.92,18.93,18.58,18.69,51200
SATS,20110303,35.56,36.74,35.56,36.31,295300
SBAC,20110303,42.02,42.44,41.88,42,1334000
SBBX,20110303,5.65,5.65,5.65,5.65,0
SBCF,20110303,1.66,1.66,1.63,1.65,98700
SBGI,20110303,12.64,12.99,12.6,12.88,719500
SBLK,20110303,38.25,38.7,37.65,38.4,271200
SBNY,20110303,52.02,53.02,51.89,52.89,254300
SBNYW,20110303,30.83,30.85,30.83,30.84,1600
SBRA,20110303,18.43,18.63,17.85,17.89,195500
SBSA,20110303,0.97,0.98,0.95,0.98,34700
SBSI,20110303,22.44,22.67,22.35,22.51,42300
SBUX,20110303,32.49,33.26,32.47,33.01,6553700
SCBT,20110303,31.8,32.2,31.8,32.2,17500
SCHL,20110303,31.08,31.49,30.98,31.44,81700
SCHN,20110303,63.52,64.4,63.04,64.24,212400
SCLN,20110303,4.28,4.38,4.24,4.31,190800
SCMP,20110303,4.27,4.34,4.24,4.29,44200
SCOK,20110303,9.98,10.55,9.98,10.5,193900
SCON,20110303,35.88,50.28,35.16,44.76,10263300
SCOR,20110303,27.4,28.03,27.34,27.93,229500
SCSC,20110303,36.78,37.7,36.64,37.2,92000
SCSS,20110303,11.25,11.74,11.18,11.47,703200
SCVL,20110303,17.4067,17.6867,17.2333,17.5533,32300
SDBT,20110303,2.66,2.7,2.41,2.56,57700
SDIX,20110303,2.17,2.29,2.17,2.23,37700
SEAC,20110303,9.11,9.39,9.03,9.33,73900
SEED,20110303,8.9,8.97,8.37,8.65,417400
SEIC,20110303,22.57,23.04,22.54,22.94,869000
SENEA,20110303,27.49,27.5,27.28,27.48,42500
SENEB,20110303,27.64,27.64,27.64,27.64,0
SFLY,20110303,42.11,42.81,41.85,42.18,323100
SFNC,20110303,28.29,28.48,28.11,28.36,27600
SFST,20110303,8.56,8.6,8.49,8.5,3200
SGC,20110303,11.35,11.35,11.35,11.35,1400
SGEN,20110303,15.16,15.16,14.82,15.01,866700
SGI,20110303,15.75,18.48,15.66,18.14,2129500
SGMA,20110303,8.16,8.33,8.08,8.12,5300
SGMO,20110303,8.2,8.24,7.72,7.86,621700
SGMS,20110303,9.5,9.56,9.25,9.4,806500
SGOC,20110303,4.55,4.55,4.55,4.55,400
SGRP,20110303,1.2,1.55,1.16,1.5,50500
SHBI,20110303,9.77,9.96,9.76,9.86,5500
SHEN,20110303,17.01,17.39,16.85,17.17,38500
SHFL,20110303,9.47,9.6,9.38,9.41,272400
SHIP,20110303,0.75,0.77,0.74,0.77,293100
SHLD,20110303,84.9,85.45,83.5,84.5,470800
SHLM,20110303,22.45,22.89,22.37,22.66,103800
SHLO,20110303,11.93,11.93,11.61,11.8,14900
SHOO,20110303,28.56,29.5667,28.4733,29.26,300600
SHOR,20110303,6.82,7.01,6.76,6.81,268600
SIAL,20110303,63.49,64.81,63.48,64.58,765400
SIEB,20110303,1.81,1.85,1.81,1.85,400
SIFI,20110303,9.6,9.65,9.5,9.56,18100
SIFY,20110303,2.7,2.85,2.67,2.77,374800
SIGA,20110303,14,14.82,13.85,14.75,800900
SIGI,20110303,17.84,18.09,17.84,17.91,95800
SIGM,20110303,12.75,12.84,11.85,11.91,1370100
SILC,20110303,17.26,18.2,17.2,17.91,45900
SIMG,20110303,9,9.59,8.54,9.36,7629000
SIMO,20110303,9.25,9.5,8.98,9,608300
SINA,20110303,78.08,80.16,78.01,79.25,3190500
SINO,20110303,2.18,2.28,2.18,2.28,1500
SIRI,20110303,1.8,1.83,1.8,1.82,44920800
SIRO,20110303,51.35,51.78,51.14,51.64,383600
SIVB,20110303,52.87,53.87,52.84,53.86,620100
SIVBO,20110303,24.8,24.8,24.77,24.8,1400
SKBI,20110303,7.75,7.78,7.62,7.62,20400
SKYW,20110303,16.04,16.27,15.98,16.12,300700
SLAB,20110303,44.88,45.44,44.87,45.4,259700
SLGN,20110303,36.79,37.27,36.68,37.1,217400
SLMAP,20110303,42.7,43.3,42.7,43.03,4800
SLP,20110303,3.23,3.29,3.23,3.24,23200
SLRC,20110303,25.1,25.17,24.73,24.75,283200
SLTC,20110303,6.09,6.28,6.09,6.28,7000
SLTM,20110303,3,3.22,3,3.18,334800
SLXP,20110303,33.91,34.16,33.6,33.74,1601600
SMBC,20110303,22.99,23.25,22.5,22.5,2300
SMCI,20110303,15.37,15.82,15.37,15.8,159900
SMED,20110303,5.7,5.78,5.6,5.69,117900
SMIT,20110303,3.26,3.65,3.26,3.65,900
SMMF,20110303,4.09,4.2,4.09,4.1,600
SMRT,20110303,8.48,8.85,8.43,8.75,294800
SMSI,20110303,8.65,8.79,8.52,8.55,889200
SMT,20110303,9.32,9.41,9.2,9.29,329600
SMTC,20110303,23.91,24.42,23.91,24.23,407100
SMTX,20110303,3.68,3.74,3.64,3.67,151600
SNAK,20110303,4.08,4.08,3.99,3.99,31500
SNBC,20110303,4.39,4.39,4.26,4.35,15200
SNCR,20110303,33.32,34.45,33.32,33.89,167200
SNDK,20110303,48.45,48.95,48.18,48.22,4951600
SNFCA,20110303,1.75,1.75,1.7,1.7,1700
SNHY,20110303,25.3333,25.8467,25.3333,25.6,68200
SNMX,20110303,6.5,7.11,6.3,7.01,255000
SNPS,20110303,27.79,28.02,27.76,27.83,1183700
SNTA,20110303,5.14,5.32,5.1,5.19,116200
SNTS,20110303,3.16,3.31,3.15,3.3,347200
SOCB,20110303,3.25,3.26,3.23,3.23,4000
SODA,20110303,41.08,41.48,40.2,40.65,215600
SOFO,20110303,14.94,14.95,14.75,14.83,5000
SOHU,20110303,79.98,80.63,79.17,79.68,607400
SOMH,20110303,9.29,9.4,9.04,9.16,2000
SONA,20110303,7.4,7.4,7.4,7.4,1400
SONC,20110303,8.93,9.01,8.89,8.97,769400
SONS,20110303,3.98,4.12,3.94,3.99,6399000
SORL,20110303,7.07,7.14,7,7.01,15400
SOXX,20110303,62.34,63.1,62.27,62.83,197300
SPAN,20110303,15.31,15.31,15.31,15.31,0
SPAR,20110303,6.28,6.4,6.22,6.4,186200
SPBC,20110303,11.26,11.27,11.25,11.27,6500
SPCHA,20110303,2.13,2.19,2.1,2.17,3300
SPCHB,20110303,2.35,2.4,2.35,2.4,200
SPEX,20110303,9.6,9.6,8.4,9,150100
SPIL,20110303,6.98,7.06,6.88,6.98,2320400
SPIR,20110303,5.43,5.43,5.28,5.32,8400
SPLS,20110303,21.14,21.15,20.79,21.05,14285600
SPMD,20110303,7.3,7.42,6.33,6.38,628300
SPNC,20110303,4.74,4.84,4.71,4.76,57100
SPNS,20110303,3.92,4.08,3.92,4.06,13100
SPPI,20110303,6.83,6.87,6.71,6.81,392900
SPPR,20110303,1.81,1.88,1.81,1.85,35600
SPPRO,20110303,28.45,28.5,28.45,28.5,2100
SPPRP,20110303,9.33,9.7,9.08,9.6,18100
SPRD,20110303,20.85,21.62,20.68,21.62,2419000
SPRO,20110303,2.41,2.41,2.41,2.41,0
SPRT,20110303,5.47,5.94,5.47,5.82,383000
SPSC,20110303,15.4,15.8,15.2,15.43,37400
SPTN,20110303,14.73,15.06,14.63,14.7,103700
SPU,20110303,4.85,4.87,4.45,4.6,305900
SQI,20110303,14.53,14.69,14.2,14.61,5500
SQNM,20110303,6.04,6.08,5.92,6.01,3834100
SQQQ,20110303,102.4,102.4,98.68,99.24,770900
SRCE,20110303,19.35,19.68,19.26,19.68,25000
SRCL,20110303,85.87,87.33,85.81,86.97,487300
SRDX,20110303,12.7,13.05,12.7,12.97,38000
SSBI,20110303,6.75,6.99,6.75,6.99,10500
SSFN,20110303,6.04,6.04,6.04,6.04,0
SSNC,20110303,19.86,19.89,19.5,19.74,96200
SSRI,20110303,28.81,28.99,27.55,27.83,2076600
SSRX,20110303,15,15,14.96,14.98,82200
SSYS,20110303,45.74,49.37,45.09,49.01,403000
STAA,20110303,5.59,5.79,5.56,5.79,79700
STAN,20110303,18.7,19.28,18.7,18.96,23600
STBA,20110303,22,22.72,22,22.71,75200
STEC,20110303,20.25,20.95,20.11,20.68,1223100
STEI,20110303,7.7,7.86,7.62,7.8,513700
STEL,20110303,14.58,14.9,14.37,14.89,37500
STEM,20110303,0.92,0.93,0.91,0.91,455600
STFC,20110303,17.19,17.19,16.94,17.03,16000
STKL,20110303,7.15,7.31,7.1,7.12,404100
STLD,20110303,18.19,18.59,17.91,18.56,3400800
STLY,20110303,5.29,5.6,5.25,5.46,64600
STMP,20110303,13.16,13.22,13,13.05,55100
STND,20110303,14.45,14.7,14.45,14.62,7300
STNR,20110303,46.03,46.5,45.62,46.09,99000
STRA,20110303,143.94,145.48,141.24,143.39,181100
STRL,20110303,13.23,13.43,13.19,13.25,34400
STRM,20110303,1.88,1.89,1.66,1.82,23000
STRN,20110303,7.85,7.85,7.59,7.75,4000
STRS,20110303,12.98,13.5,12.89,13.46,4300
STRT,20110303,33.59,33.59,33.4,33.4,3400
STSA,20110303,17.05,17.17,16.72,17.08,324600
STX,20110303,12.7,12.95,12.6,12.65,9844700
STXS,20110303,38.2,38.8,36.4,36.8,312300
SUBK,20110303,20.69,20.8,20.64,20.74,13600
SUMR,20110303,7.09,7.16,7,7.16,35000
SUNS,20110303,19.49,19.49,19.36,19.4,53600
SUPX,20110303,22.88,23.05,22.74,22.9,50400
SURG,20110303,5.22,5.22,5.1,5.17,160600
SUSQ,20110303,9.5,9.76,9.47,9.62,653500
SUTR,20110303,1.77,1.83,1.68,1.78,198800
SVA,20110303,4.48,4.6,4.45,4.49,127400
SVBI,20110303,4.67,4.99,4.67,4.99,2200
SVNT,20110303,10.27,10.49,10.19,10.48,4892500
SWHC,20110303,3.98,4.02,3.92,3.94,424400
SWIR,20110303,10.36,10.41,10.27,10.39,194900
SWKS,20110303,35.27,35.86,34.89,35.41,4186300
SWSH,20110303,6.15,6.15,6,6.07,423200
SYBT,20110303,24.27,24.31,24.24,24.3,21100
SYBTP,20110303,11.5,11.7,11.5,11.7,800
SYKE,20110303,18.22,18.35,18.07,18.27,543100
SYMC,20110303,17.6,18,17.58,17.96,7430900
SYMM,20110303,5.9,6.04,5.79,5.92,160500
SYMX,20110303,1.14,1.15,1.07,1.12,172300
SYNA,20110303,29.5,29.99,29.43,29.75,233800
SYNL,20110303,14.34,14.34,14,14.25,3200
SYNM,20110303,18.1,19.5,17.5,19.4,866500
SYNT,20110303,51.1,51.44,50.84,51.42,166200
SYPR,20110303,4.36,4.43,4.22,4.43,3900
SYUT,20110303,11.52,11.68,11.39,11.58,32200
TACT,20110303,9.83,9.96,9.74,9.89,12900
TAIT,20110303,1.57,1.6,1.45,1.47,10300
TASR,20110303,4,4.1,3.91,4.09,730300
TAST,20110303,7.94,8.04,7.85,7.97,171300
TATT,20110303,5.53,5.53,5.5,5.51,3400
TAXI,20110303,8.07,8.2,8.07,8.12,39000
TAYC,20110303,10.92,10.92,10.68,10.9,18000
TAYCP,20110303,25.05,25.08,25,25,1300
TAYD,20110303,5.15,5.15,4.86,5,1200
TBAC,20110303,2.99,3,2.98,2.99,4300
TBBK,20110303,8.8,9.18,8.75,9.02,2450200
TBNK,20110303,19.54,19.56,19.49,19.56,22800
TBOW,20110303,4.52,4.68,4.51,4.52,8700
TCBI,20110303,25.19,25.53,25.17,25.37,209800
TCBK,20110303,15.76,15.97,15.75,15.97,22900
TCCO,20110303,10.27,10.42,10.2,10.25,8100
TCRD,20110303,13.48,13.95,13.45,13.87,52500
TEAR,20110303,2.15,2.17,2.15,2.17,1500
TECD,20110303,50.62,51.6,50.56,51.28,393600
TECH,20110303,72.12,73.22,72.11,72.9,65900
TECUA,20110303,11.76,12.11,11.69,11.87,46400
TECUB,20110303,11.79,11.85,11.79,11.85,500
TELK,20110303,31.5,31.5,30.6,31.2,41400
TESO,20110303,18.95,18.95,18.48,18.64,175500
TESS,20110303,11.96,12.22,11.86,11.96,33000
TFCO,20110303,3.27,3.27,3.27,3.27,0
TFM,20110303,40.7,41.5,40.52,40.68,122700
TFSL,20110303,10.89,10.89,10.77,10.78,350700
TGA,20110303,14.38,14.59,14.21,14.48,248000
TGE,20110303,6.68,6.91,6.64,6.78,44200
THFF,20110303,32.14,32.58,31.78,32.29,21700
THLD,20110303,2.23,2.25,2.16,2.18,115900
THOR,20110303,28.27,29.35,28.27,28.93,636200
THRD,20110303,21.91,21.91,20.77,20.77,2800
THRX,20110303,23.12,23.49,23,23.31,448100
THTI,20110303,3.6,3.6,3.6,3.6,0
TIBX,20110303,24.99,25.75,24.67,25.33,1826100
TICC,20110303,12.27,12.31,12.12,12.28,303000
TIGR,20110303,4.79,4.8,4.71,4.75,16200
TINY,20110303,5.79,5.82,5.68,5.74,107700
TISA,20110303,1.11,1.16,1.07,1.15,19400
TITN,20110303,25.89,27.27,25.72,27.2,384500
TIVO,20110303,8.98,9.6,8.8,9.45,5223600
TKMR,20110303,4.64,4.9,4.64,4.85,6500
TLAB,20110303,5.27,5.39,5.22,5.39,8958400
TLF,20110303,5.1,5.1,5.01,5.01,2500
TMNG,20110303,2.47,2.55,2.45,2.54,6000
TNAV,20110303,11.18,11.51,11.09,11.12,246200
TOFC,20110303,8.24,8.24,8.24,8.24,0
TOPS,20110303,0.92,0.93,0.86,0.86,97500
TORM,20110303,13.5,13.85,13.22,13.55,16700
TOWN,20110303,14.84,14.94,14.63,14.81,52200
TPGI,20110303,3.4,3.63,3.4,3.59,108100
TQNT,20110303,14.07,14.58,14.02,14.37,4450800
TQQQ,20110303,43.29,44.81,43.29,44.58,694700
TRAK,20110303,19.59,20.14,19.59,20.13,444600
TREE,20110303,6.51,6.56,6.48,6.48,6900
TRGT,20110303,28.53,30.04,28.52,29.94,169000
TRIB,20110303,9.07,9.57,9.07,9.53,152000
TRIT,20110303,12.7,12.98,12.61,12.98,48400
TRLG,20110303,23.91,24,23.58,23.71,302000
TRMB,20110303,24.65,25.4,24.65,25.24,474800
TRMD,20110303,68.9,70.3,68.2,69.7,19400
TRMK,20110303,22.53,22.84,22.44,22.81,512200
TRNS,20110303,8.15,8.15,8.01,8.01,600
TRNX,20110303,18.58,18.94,18.5,18.58,57400
TROW,20110303,66.26,67.84,66.13,67.62,1206400
TRS,20110303,18.5,20.1,18.25,20.08,445000
TRST,20110303,6.08,6.11,6,6.1,228900
TSBK,20110303,5.57,5.82,5.39,5.52,1900
TSCO,20110303,52.43,53.31,52,53.09,410100
TSEM,20110303,19.65,20.1,19.65,19.8,1205000
TSLA,20110303,24.48,24.79,24.06,24.36,640100
TSON,20110303,3.39,3.44,3.32,3.44,47200
TSPT,20110303,9.14,9.49,9.14,9.49,24200
TSRA,20110303,17.13,17.49,17.13,17.3,510700
TSRI,20110303,4.9,4.9,4.9,4.9,0
TSRX,20110303,6.69,6.75,6.31,6.35,54300
TST,20110303,3.24,3.32,3.22,3.31,70600
TSTC,20110303,8.43,8.59,8.33,8.42,172700
TSYS,20110303,4.23,4.29,4.2,4.22,521400
TTEC,20110303,20.79,20.91,20.27,20.6,318300
TTEK,20110303,22.67,23.21,22.62,22.95,271200
TTGT,20110303,8.41,8.66,8.33,8.54,115000
TTHI,20110303,5.1,5.45,5.09,5.24,254300
TTMI,20110303,17.55,18.39,17.45,18.2,572800
TTWO,20110303,16.01,16.27,15.96,16.14,1525900
TUES,20110303,4.66,4.95,4.64,4.87,317500
TWER,20110303,4.37,4.6,4.35,4.57,383800
TWGP,20110303,23.54,24.01,23.5,23.81,334300
TWIN,20110303,31.5,33.11,30,32.79,110100
TWMC,20110303,1.78,2.18,1.76,1.94,886300
TWTC,20110303,18.25,18.45,18.16,18.32,700500
TXCC,20110303,2.66,2.77,2.61,2.67,124200
TXN,20110303,36.27,36.71,36.12,36.56,12224400
TXRH,20110303,16.7,17.1,16.67,16.99,1043300
TYPE,20110303,13,13.25,12.86,13.13,132100
TZOO,20110303,41.41,43.62,41.28,43.5,438800
UACL,20110303,17.17,17.69,16.88,17.42,14800
UBCP,20110303,8.72,8.75,8.36,8.41,3300
UBFO,20110303,3.16,3.2,3.16,3.2,2500
UBNK,20110303,15.72,15.9,15.65,15.69,37800
UBOH,20110303,9.37,9.42,9.19,9.42,700
UBSH,20110303,11.5,11.67,11.5,11.62,34500
UBSI,20110303,28.43,28.59,28.16,28.5,118200
UCBA,20110303,7.75,7.75,7.75,7.75,0
UCBI,20110303,1.34,1.35,1.32,1.33,1059300
UCFC,20110303,1.44,1.48,1.4,1.48,4600
UCTT,20110303,10.37,10.5,10.23,10.3,133700
UEIC,20110303,27.59,28.57,27.38,27.99,30900
UEPS,20110303,10,10.1,9.7,10.01,269200
UFCS,20110303,20.56,20.82,20.28,20.6,51600
UFPI,20110303,34.86,37.24,34.85,36.25,126500
UFPT,20110303,17.17,17.73,16.95,17.29,90200
UG,20110303,15.19,15.3,15.19,15.3,3000
UHAL,20110303,96.65,98.58,95.06,97.86,48700
ULBI,20110303,5.43,5.49,5.4,5.45,56200
ULGX,20110303,0.6,0.62,0.6,0.62,5800
ULTA,20110303,41.47,42.68,41.12,42.25,374500
ULTI,20110303,53.88,55.77,53.84,55.77,192700
ULTR,20110303,5.29,5.4,5.29,5.4,80500
UMBF,20110303,39.67,39.96,39.54,39.84,117900
UMPQ,20110303,11.39,11.65,11.27,11.29,1531100
UNAM,20110303,9.41,9.47,9.41,9.47,300
UNB,20110303,19.55,19.63,19.19,19.25,1500
UNFI,20110303,42.68,45.96,42.04,44.37,1151300
UNIS,20110303,4.65,4.88,4.65,4.82,136100
UNTD,20110303,5.96,6.05,5.89,6.01,961000
UNTK,20110303,9.76,9.8,9.74,9.74,27100
UNTY,20110303,6.75,6.8,6.5,6.55,8800
UNXL,20110303,6.7,6.7,6.6,6.6,10900
UPI,20110303,5.12,5.3,5.03,5.25,211700
URBN,20110303,38.26,38.56,37.67,38.32,1993700
URRE,20110303,28.3,29.9,27.9,29.1,1748700
USAK,20110303,13.17,13.49,13.07,13.4,19100
USAP,20110303,33.06,34,33.06,33.98,27000
USAT,20110303,1.75,2.72,1.75,2.5,6608300
USATP,20110303,19.73,20.98,19.03,19.03,2600
USATZ,20110303,0.94,1.58,0.9,1.36,178600
USBI,20110303,8.1,8.28,7.79,8.27,700
USCR,20110303,10.32,10.32,9.59,10.07,95000
USEG,20110303,6.41,6.58,6.37,6.43,287800
USLM,20110303,39.79,39.8,39.36,39.75,2900
USMO,20110303,14.2,14.39,14.19,14.29,125600
USTR,20110303,34.385,34.705,34.22,34.335,89300
UTEK,20110303,25.71,26.47,25.71,26.29,553900
UTHR,20110303,68.41,69.87,68.41,69.13,583300
UTIW,20110303,19.85,19.92,19.6,19.65,514600
UTMD,20110303,27,27.28,26.99,26.99,3000
UTSI,20110303,6.39,6.54,6.39,6.51,491800
UVSP,20110303,17.67,17.95,17.67,17.95,20000
VALU,20110303,14.28,14.42,14.21,14.42,4200
VALV,20110303,5.28,5.65,5.25,5.47,28000
VASC,20110303,11.13,11.27,11.13,11.27,41700
VBFC,20110303,2.87,3.03,2.87,3,1200
VCBI,20110303,5.91,5.98,5.87,5.93,41700
VCIT,20110303,79,79.02,78.71,78.82,38700
VCLK,20110303,14.93,15.5,14.85,15.17,1345400
VCLT,20110303,76.28,76.58,76.08,76.25,6600
VCSH,20110303,77.57,77.58,77.47,77.47,118100
VDSI,20110303,8.98,9.4,8.94,8.96,245100
VECO,20110303,47.96,48.4,47.29,47.64,801700
VELT,20110303,13.58,14.15,13.35,13.68,270200
VGIT,20110303,60.51,60.51,60.37,60.37,2500
VGLT,20110303,58.58,58.58,58.29,58.29,1200
VGSH,20110303,60.5,60.52,60.44,60.46,4600
VIA,20110303,51.27,52.85,51.27,52.73,19500
VIAB,20110303,44.81,46.16,44.68,46.13,4371500
VIAS,20110303,22.69,22.95,22.18,22.62,36200
VICL,20110303,2.22,2.24,2.16,2.22,338200
VICR,20110303,15.03,15.26,14.87,15.03,93900
VIDE,20110303,3.79,3.9,3.79,3.79,5700
VIFL,20110303,4.32,4.39,4.12,4.2,13300
VIMC,20110303,3.21,3.21,3.08,3.09,318200
VIRC,20110303,3.28,3.45,3.1,3.41,12800
VISN,20110303,85.8,87.6,84.6,86,293700
VIVO,20110303,21.63,22.17,21.63,22.07,186400
VLCCF,20110303,24.25,24.65,24.06,24.62,391700
VLGEA,20110303,30.46,30.46,29.73,30.03,8300
VLTR,20110303,24.75,24.98,24.47,24.52,273600
VLYWW,20110303,3.18,3.18,2.19,2.41,6100
VMBS,20110303,50.2,50.22,50.18,50.19,2800
VMED,20110303,27.09,27.55,26.95,27.19,14418600
VNDA,20110303,7.59,7.74,7.49,7.62,116000
VNQI,20110303,50.81,51.15,50.65,51.1,55500
VOCS,20110303,24.17,25.35,24.17,24.68,79600
VOD,20110303,29.44,29.6,29.42,29.58,5620300
VOLC,20110303,25.91,27.34,25.83,27.24,353600
VONE,20110303,60.72,61.1,60.65,61.1,8000
VONG,20110303,62.19,62.48,62.19,62.45,1300
VONV,20110303,59.44,59.81,59.44,59.8,2600
VOXX,20110303,8.3,8.35,8.13,8.16,64500
VPFG,20110303,13.35,13.55,12.94,13.08,170200
VPHM,20110303,18.11,18.41,18.11,18.26,1002000
VPRT,20110303,49.86,50.2,48.51,48.69,454300
VRA,20110303,34.77,34.77,33.65,33.8,64900
VRML,20110303,4.94,5.18,4.82,5.08,322600
VRNM,20110303,3.19,3.4,3.19,3.23,81000
VRNT,20110303,34.66,34.85,34.34,34.66,51100
VRSK,20110303,31.64,31.79,31.1,31.3,1253200
VRSN,20110303,35.9,36.25,35.87,35.95,1545600
VRTA,20110303,1.42,1.42,1.23,1.23,7500
VRTB,20110303,1.56,1.71,1.56,1.69,18000
VRTS,20110303,57.84,59.35,57.71,58.86,24300
VRTU,20110303,16.85,16.96,16.83,16.89,44400
VRTX,20110303,47.83,50.83,47.03,49.95,5722600
VSAT,20110303,40.82,41.49,40.73,41.16,178200
VSBN,20110303,11.77,11.77,11.77,11.77,0
VSCI,20110303,1.99,2.07,1.99,2.05,60900
VSCP,20110303,1.98,2.02,1.93,1.96,107000
VSEC,20110303,27.25,28.52,27.25,28.48,14000
VTHR,20110303,61.36,61.36,61.36,61.36,500
VTNC,20110303,12.82,13.65,12.65,13.53,28100
VTSS,20110303,5.62,5.63,5.26,5.48,177900
VTUS,20110303,9.29,9.37,9,9.2,15700
VTWG,20110303,66.13,66.54,66.13,66.54,500
VTWO,20110303,64.65,65.51,64.55,65.41,9200
VTWV,20110303,63.49,63.49,63.49,63.49,400
VVTV,20110303,6.39,6.75,6.39,6.74,134000
VVUS,20110303,7.03,7.13,6.95,7.05,1355300
VXUS,20110303,51.13,51.45,51.09,51.42,26400
VYFC,20110303,4.63,4.63,4.63,4.63,0
WABC,20110303,51.98,52.67,51.64,52.09,141800
WAFD,20110303,17.83,17.87,17.63,17.78,351500
WASH,20110303,22.75,23.21,22.7,23.19,23500
WAVX,20110303,3.87,3.91,3.82,3.86,483800
WAYN,20110303,8.49,8.6,8.49,8.6,300
WBCO,20110303,13.81,14.05,13.7,13.82,22500
WBKC,20110303,13.65,13.65,13.65,13.65,0
WBMD,20110303,57,57.93,56.9,57.55,424100
WBSN,20110303,21.39,21.54,21.35,21.51,314200
WCRX,20110303,23.71,24.29,23.64,24.24,1750500
WDC,20110303,30.1,30.97,30.02,30.36,4446800
WDFC,20110303,40.6,41.18,40.53,41.06,50500
WEBM,20110303,10.15,10.85,9.52,10.01,680300
WERN,20110303,24.12,25.1,23.92,25.01,1296600
WEYS,20110303,25.35,25.49,25.11,25.41,6800
WFD,20110303,8.88,8.96,8.88,8.93,38500
WFM,20110303,58.48,59.26,58.34,58.42,1568600
WIBC,20110303,6.59,6.61,6.56,6.58,55200
WILC,20110303,7.42,7.51,7.37,7.37,7200
WIN,20110303,12.49,12.66,12.37,12.5,15621800
WINA,20110303,37.37,37.46,36.22,37.06,3600
WIRE,20110303,22.91,23.3,22.87,23.25,59300
WLDN,20110303,4.36,4.41,4.35,4.4,8000
WLFC,20110303,13.33,13.41,13.18,13.18,6800
WMAR,20110303,10.31,10.5,10.16,10.46,140300
WMGI,20110303,16.05,16.61,15.96,16.5,734300
WOOD,20110303,48.16,48.67,48.16,48.61,110100
WOOF,20110303,25.13,25.78,25.1,25.74,448000
WPCS,20110303,2.75,2.76,2.75,2.75,3300
WPPGY,20110303,68.51,68.68,68.03,68.17,61000
WPRT,20110303,18.5,18.65,18.18,18.31,426800
WRES,20110303,4.62,4.63,4.13,4.22,2220800
WRLD,20110303,61,62.35,60.54,61.74,175600
WRLS,20110303,6.76,6.83,6.71,6.75,59100
WSB,20110303,3.2,3.27,3.2,3.27,200
WSBC,20110303,20.73,20.99,20.72,20.91,51500
WSBF,20110303,3.26,3.53,2.88,3.04,15000
WSCI,20110303,4.9,4.9,4.72,4.9,3300
WSFS,20110303,45.31,45.33,44.14,45.15,30000
WSTG,20110303,14.99,15.02,14.87,14.9,8400
WSTL,20110303,3.34,3.35,3.23,3.28,81400
WTBA,20110303,7.33,7.46,7.29,7.46,29900
WTFC,20110303,33.68,33.86,33.29,33.75,155700
WTFCW,20110303,15.97,16,15.97,16,1800
WVFC,20110303,8.71,8.71,8.71,8.71,0
WVVI,20110303,3.28,3.36,3.26,3.29,2700
WWD,20110303,32.49,33.1,32.12,32.91,421800
WWWW,20110303,12.63,13.03,12.51,12.88,588400
WYNN,20110303,126.88,131.08,126.75,130.53,2438300
XBKS,20110303,5.2,5.2,5.2,5.2,0
XIDE,20110303,11.73,12.21,11.64,12.17,794600
XLNX,20110303,34.89,35.42,34.83,35.11,6676400
XNPT,20110303,7.45,7.62,7.4,7.59,579400
XOMA,20110303,5.32,5.32,5.05,5.12,754700
XRAY,20110303,36.88,37.47,36.88,37.47,622500
XRTX,20110303,12.81,13.01,12.79,12.9,256200
XTEX,20110303,17,17,16.83,16.98,160100
XTXI,20110303,10.37,10.5,10.26,10.35,419000
XWES,20110303,3,3.2,3,3.06,51400
XXIA,20110303,17.79,18.47,17.39,17.45,466300
YAVY,20110303,2.29,2.34,2.25,2.28,33400
YHOO,20110303,16.85,17.05,16.76,16.86,35202000
YORW,20110303,16.27,16.55,16.25,16.55,17700
YRCW,20110303,2.24,2.44,2.17,2.37,2157700
ZAGG,20110303,8,8.55,7.42,8.49,4656300
ZBRA,20110303,37.03,37.64,36.96,37.39,429700
ZEUS,20110303,27.5,29.37,27.48,29.35,120400
ZGNX,20110303,4.29,4.29,4.12,4.16,67500
ZHNE,20110303,2.33,2.44,2.28,2.37,81600
ZIGO,20110303,14.44,14.46,14.18,14.27,36000
ZINC,20110303,17.08,17.79,16.89,17.78,654300
ZION,20110303,22.87,23.12,22.68,22.84,2764200
ZIONW,20110303,6.71,6.85,6.7,6.85,3000
ZIOP,20110303,5.97,6.03,5.9,5.95,539100
ZIPR,20110303,2.91,2.91,2.9,2.91,15000
ZIXI,20110303,3.58,3.71,3.55,3.59,1559000
ZLCS,20110303,2.07,2.09,2.05,2.08,696500
ZN,20110303,5.95,6,4.81,5.14,706700
ZOLT,20110303,14.11,14.54,14.06,14.39,253400
ZOOM,20110303,3.89,3.99,3.89,3.97,43600
ZUMZ,20110303,27.6,28.25,26.55,27.36,1007600
