<ticker>,<date>,<open>,<high>,<low>,<close>,<vol>
AACC,20110128,7.06,7.06,5.99,6.07,43000
AAME,20110128,2.2,2.2,2.2,2.2,0
AAON,20110128,18.6733,18.6733,17.5067,17.6267,40400
AAPL,20110128,344.17,344.4,333.53,336.1,21144800
AAWW,20110128,53.03,53.22,50.51,50.55,230300
AAXJ,20110128,62.65,62.72,61.01,61.15,691300
ABAX,20110128,26.96,28.44,26.43,26.79,354400
ABCB,20110128,10.17,10.23,9.5,9.65,89000
ABCD,20110128,3.35,3.35,3.28,3.3,58700
ABCO,20110128,25.175,25.265,24.6,24.705,69500
ABFS,20110128,26.59,26.75,25.35,25.36,131800
ABIO,20110128,18.96,18.96,18.36,18.72,14800
ABMD,20110128,10,10.01,9.79,9.81,136000
ABTL,20110128,4.55,4.55,4.3,4.4,180700
ACAD,20110128,1.71,1.75,1.69,1.71,591300
ACAS,20110128,8.23,8.25,7.91,7.97,4982300
ACAT,20110128,16.33,16.4,15.59,15.65,147500
ACCL,20110128,8.6,8.63,8.31,8.34,158900
ACET,20110128,8.98,9,8.5,8.57,157600
ACFC,20110128,1.93,1.93,1.85,1.88,3100
ACFN,20110128,4.01,4.01,3.93,3.97,30000
ACGL,20110128,29.8167,29.8667,29.25,29.2667,351100
ACHN,20110128,4.45,4.48,4.28,4.4,84800
ACIW,20110128,26.55,26.7,25.59,25.75,110800
ACLS,20110128,3.45,3.59,3.43,3.49,2421500
ACNB,20110128,15.76,15.76,15.32,15.32,400
ACOR,20110128,22.63,22.98,21.91,21.95,1216300
ACPW,20110128,11.6,11.65,11.1,11.3,276600
ACTG,20110128,25.69,25.69,23.5,23.84,578500
ACTS,20110128,2.38,2.38,2.33,2.36,236400
ACUR,20110128,3.07,3.16,2.95,2.97,82400
ACWI,20110128,47.89,47.89,46.81,46.83,442900
ACWX,20110128,44.8,44.86,43.88,43.94,84200
ACXM,20110128,17.18,17.31,16.71,17.01,660300
ADAT,20110128,0.9,0.9,0.88,0.88,41200
ADBE,20110128,33.93,33.99,32.34,32.49,6506600
ADEP,20110128,4.75,4.75,4.57,4.72,1200
ADES,20110128,11.91,12.06,11.6,12,17100
ADI,20110128,39.3,39.49,38.26,38.3,4059400
ADP,20110128,48.79,49.12,47.76,47.89,2864500
ADRA,20110128,28.5,28.57,28.04,28.05,5300
ADRD,20110128,22.41,22.41,21.99,22.02,4600
ADRE,20110128,46.85,46.85,45.66,45.84,81500
ADRU,20110128,21.93,21.93,21.52,21.52,5200
ADSK,20110128,40.84,41.39,39.36,39.97,2590100
ADTN,20110128,42.72,42.75,41.16,41.72,1312400
ADUS,20110128,4.76,4.76,4.58,4.6,24500
ADVS,20110128,30.01,30.18,28.86,29.13,163400
AEGR,20110128,12.85,12.88,11.75,11.75,15100
AEHR,20110128,1.39,1.4,1.28,1.28,20900
AEIS,20110128,15.35,15.4,14.73,14.81,456300
AEPI,20110128,28.36,28.48,27.43,27.43,20200
AERL,20110128,11.9,12.41,10.82,11.01,1078800
AETI,20110128,2.41,2.45,2.3,2.43,3200
AEY,20110128,3.08,3.12,3.05,3.06,4600
AEZS,20110128,9.96,10.32,9.84,9.9,1126900
AFAM,20110128,35.53,35.53,34.8,34.81,68500
AFCB,20110128,13.1,13.1,13.1,13.1,0
AFCE,20110128,15.09,15.11,14.2,14.61,132200
AFFX,20110128,5.07,5.08,4.78,4.87,836600
AFFY,20110128,7.13,7.21,6.78,6.8,579700
AFOP,20110128,17.8,19.14,17.35,17.98,274000
AFSI,20110128,19,19.19,18.5,18.5,242000
AGEN,20110128,0.95,0.97,0.92,0.92,342800
AGII,20110128,36.61,36.61,35.32,35.64,135400
AGNC,20110128,28.91,28.95,28.62,28.69,3365600
AGYS,20110128,5.78,5.88,5.55,5.56,169400
AHGP,20110128,47.41,48.59,47.41,48.36,44400
AHPI,20110128,4.3,4.4,4.3,4.4,20000
AIMC,20110128,21.16,21.16,20.56,20.72,294600
AINV,20110128,11.92,11.94,11.45,11.49,2088400
AIRM,20110128,17.6033,17.7167,16.99,17.0967,66500
AIRT,20110128,9.77,9.8,9.63,9.66,10200
AIXG,20110128,41.95,42.01,40.57,40.84,233500
AKAM,20110128,48.45,49.49,47.32,47.75,4488400
AKRX,20110128,5.21,5.21,4.95,4.99,353400
ALCO,20110128,25.53,25.53,24.38,24.38,11600
ALGN,20110128,20.85,20.92,20.31,20.35,1116700
ALGT,20110128,49.75,49.83,47.07,47.24,263800
ALIM,20110128,9.79,9.97,9.25,9.57,43400
ALKS,20110128,13.34,13.36,12.78,12.79,737000
ALLT,20110128,12.55,12.55,11.49,11.64,259800
ALNY,20110128,10.59,10.62,10.29,10.29,356300
ALOG,20110128,52.24,52.39,51,51.2,48200
ALOT,20110128,7.85,7.85,7.85,7.85,0
ALSK,20110128,9.4,9.45,9.21,9.26,449900
ALTE,20110128,22.25,22.42,21.6,21.82,559900
ALTI,20110128,2.6,2.6,2.48,2.6,77900
ALTR,20110128,38.67,38.7,37.11,37.41,7009500
ALVR,20110128,21.8,22.2,21.1,21.6,279300
ALXA,20110128,14.5,15.4,13.7,14.2,1574600
ALXN,20110128,42.63,42.695,40.71,41.17,876300
AMAG,20110128,17.93,18.02,17.17,17.42,393400
AMAP,20110128,16.95,17.07,16.18,16.39,102800
AMAT,20110128,16.2,16.25,15.67,15.77,24074100
AMCC,20110128,10.18,10.47,9.65,9.8,3652800
AMCF,20110128,4.9,4.9,4.81,4.81,7800
AMCN,20110128,7.09,7.12,6.61,6.78,164700
AMED,20110128,36.25,36.61,35.25,35.35,484500
AMGN,20110128,56.61,56.61,55.11,55.29,6928200
AMIC,20110128,5,5,5,5,0
AMKR,20110128,8.21,8.25,7.78,8,2123500
AMNB,20110128,20.93,21.03,20.67,20.67,13700
AMOT,20110128,8.31,8.34,8.15,8.32,12400
AMOV,20110128,28.645,28.695,27.955,27.955,3200
AMRB,20110128,6.65,6.68,6.3,6.67,19100
AMRI,20110128,5.46,5.48,5.11,5.13,167200
AMRN,20110128,8.64,8.99,8.5,8.79,2393700
AMRS,20110128,33.01,33.43,30.74,31.13,137900
AMSC,20110128,28.41,28.76,27.29,27.39,812500
AMSF,20110128,17.96,18.18,17.6,17.7,89500
AMSG,20110128,21.53,21.55,21,21.03,120200
AMSWA,20110128,6.6,6.68,6.4,6.41,63900
AMWD,20110128,21,21.66,19.12,19.12,35900
AMZN,20110128,171.45,173.71,166.9,171.14,19914800
ANAC,20110128,7.94,8.01,7.35,7.51,66700
ANAD,20110128,7.5,7.5,7,7,1016600
ANAT,20110128,87.66,87.7,84.24,84.28,14400
ANCB,20110128,10.09,10.15,9.96,10.1,186800
ANCI,20110128,4.26,4.47,4.23,4.41,32100
ANCX,20110128,6.95,6.99,6.8,6.99,9600
ANDE,20110128,40.35,40.35,39.05,39.09,163700
ANEN,20110128,22.5,22.5,20.29,20.42,106900
ANGO,20110128,16.55,16.6,16.04,16.24,98800
ANIK,20110128,7.05,7.05,6.97,7,27800
ANLY,20110128,3.1,3.18,3.08,3.18,14200
ANSS,20110128,52.61,53.22,51.61,51.85,453300
ANTH,20110128,3.96,3.98,3.8,3.88,33900
ANTP,20110128,3.55,3.59,3.55,3.56,9300
AOSL,20110128,14.28,14.28,14.05,14.06,57000
APAGF,20110128,64.45,64.45,58.01,62.5,39800
APEI,20110128,35.69,35.84,34,34.15,154300
APFC,20110128,6.1,6.15,6.07,6.12,3000
APOG,20110128,13.78,13.79,13.15,13.15,198000
APOL,20110128,42.34,42.49,40.94,41.02,3068800
APPY,20110128,3.72,3.9,3.6,3.6,188800
APRI,20110128,3.84,3.9,3.75,3.87,352700
APSA,20110128,16.35,16.5,16.26,16.26,2800
ARAY,20110128,7.52,9.45,7.4,8.91,4688600
ARCC,20110128,16.78,16.87,16.45,16.45,2095700
ARCI,20110128,3.2,3.2,3.15,3.19,3300
ARCW,20110128,2.85,3.05,2.85,3.02,400
ARDNA,20110128,84.18,84.18,80.86,82.21,1300
AREX,20110128,26.16,26.65,25.88,26.26,176200
ARIA,20110128,6.54,6.61,6.2,6.31,2313100
ARII,20110128,20.1,20.1,19.09,19.2,79200
ARKR,20110128,14.63,14.63,14.63,14.63,200
ARLP,20110128,68.27,69.05,67.5,68.46,86700
ARMH,20110128,25.43,25.49,24.58,24.78,5511100
ARNA,20110128,1.75,1.8,1.61,1.63,10329500
AROW,20110128,24.97,24.97,23.89,23.89,81300
ARQL,20110128,6.41,6.53,6.15,6.32,519700
ARRS,20110128,12.63,12.66,12.31,12.35,2551400
ARRY,20110128,2.97,3.01,2.75,2.83,548700
ARTC,20110128,28.69,28.69,27.56,27.82,196700
ARTNA,20110128,19.48,19.63,19.02,19.02,16400
ARTW,20110128,12.86,12.86,12,12.24,25500
ARTX,20110128,1.6,1.63,1.6,1.62,17000
ARUN,20110128,22.23,22.29,21.27,21.33,2163900
ARWR,20110128,0.9,0.9,0.87,0.87,125000
ASBC,20110128,14.19,14.25,13.83,13.83,1060500
ASBI,20110128,5.1,5.1,5.07,5.07,1300
ASCA,20110128,15.4,15.6,15.08,15.25,372000
ASCMA,20110128,38.92,38.98,37.66,38.05,68500
ASEI,20110128,89.22,89.88,87.5,88.11,76500
ASFI,20110128,8.15,8.15,7.57,7.59,22900
ASIA,20110128,18.25,18.85,18.05,18.41,1622500
ASMI,20110128,37.33,37.41,36.65,36.75,51000
ASML,20110128,42.54,42.61,41.19,42.08,5064300
ASNA,20110128,13.595,13.645,13.23,13.31,840500
ASPS,20110128,28.64,28.78,28.53,28.67,40600
ASRV,20110128,2.18,2.22,2.1,2.12,30800
ASRVP,20110128,25,26,25,26,300
ASTC,20110128,1.34,1.34,1.24,1.25,96900
ASTE,20110128,31.41,31.67,29.82,29.82,150800
ASTI,20110128,3.31,3.32,3.1,3.14,428200
ASTM,20110128,2.66,2.69,2.61,2.62,617000
ASUR,20110128,1.88,1.9333,1.88,1.9333,4600
ASYS,20110128,27.07,27.3,25.35,25.67,253700
ATAI,20110128,4.09,4.09,3.95,4.04,11000
ATAX,20110128,5.51,5.53,5.44,5.49,200000
ATEA,20110128,3.1,3.1,3,3.05,11100
ATEC,20110128,2.6,2.61,2.38,2.42,504600
ATHN,20110128,43.58,43.99,43.09,43.15,387900
ATHX,20110128,2.9,2.91,2.51,2.51,525400
ATLO,20110128,19.34,19.34,17.87,17.87,15000
ATMI,20110128,21.05,21.14,20.46,20.55,226900
ATML,20110128,14.26,14.28,13.71,13.86,9027100
ATNI,20110128,39.23,39.23,37.32,37.63,92800
ATRC,20110128,10.88,11.14,10.88,11.09,12400
ATRI,20110128,178.97,178.97,166.11,166.11,3400
ATRM,20110128,2.18,2.18,1.92,2.03,27700
ATRO,20110128,22.99,23.04,22.12,22.51,29200
ATSG,20110128,7.45,7.5,7,7.28,544600
ATVI,20110128,11.2,11.42,11.08,11.21,8190900
ATX,20110128,9.61,10,9.59,9.8,14400
AUBN,20110128,20,20,20,20,200
AUDC,20110128,7.26,7.33,6.85,6.95,401600
AUXL,20110128,23.14,23.4,22.84,23.02,769800
AVAV,20110128,28.15,28.26,27.52,27.7,104900
AVEO,20110128,14.71,14.71,13.05,13.15,55900
AVGO,20110128,29.3,29.36,27.87,28.05,1372100
AVID,20110128,16.93,17.13,16.5,16.5,127300
AVNR,20110128,4.16,4.2,3.96,3.99,2770600
AVNW,20110128,5.26,5.26,5.04,5.06,265200
AWRE,20110128,3.89,3.9,3.72,3.79,15900
AXAS,20110128,4.49,4.7,4.4,4.66,3215800
AXFN,20110128,24.95,24.95,24.95,24.95,100
AXTI,20110128,11.16,11.34,10.7,10.81,504700
AZPN,20110128,14.33,14.46,14.08,14.21,696400
BABY,20110128,15.19,15.32,14.82,14.9,197400
BAGL,20110128,15.78,15.8,15.56,15.57,65900
BAMM,20110128,5.91,5.96,5.59,5.59,30700
BANC,20110128,13.68,13.8,13.66,13.75,42800
BANF,20110128,42.14,42.71,40.93,41.02,27800
BANFP,20110128,27.4,28,27.4,27.8,1900
BANR,20110128,16.52,17.15,16.1,16.8,2619500
BASI,20110128,2.4,2.4,2.27,2.28,4600
BBBY,20110128,50.65,50.87,48.51,48.6,2758300
BBEP,20110128,22,22,21.59,21.68,159400
BBGI,20110128,5.84,5.84,5.29,5.29,5800
BBNK,20110128,8.99,8.99,8.99,8.99,0
BBOX,20110128,36.31,36.35,34.84,35.17,74200
BBRG,20110128,17.2,17.2,16.16,16.31,101600
BBRY,20110128,62.04,62.19,59.86,60.15,10683800
BBSI,20110128,14.79,14.81,14.36,14.36,22900
BCBP,20110128,10.84,10.92,10.66,10.92,2800
BCOM,20110128,33.64,33.73,33.3,33.3,700
BCPC,20110128,34.9,35.11,33.61,33.62,110700
BCRX,20110128,4.54,4.54,4.19,4.21,387300
BCSB,20110128,12.25,12.25,12.25,12.25,0
BDE,20110128,7.03,7.09,6.94,7.01,17600
BDGE,20110128,23.27,23.45,21.61,21.7,18000
BDMS,20110128,19.73,19.75,19.42,19.42,1300
BDSI,20110128,3.33,3.33,3.26,3.28,47000
BEAT,20110128,4.62,4.62,4.32,4.36,232100
BEAV,20110128,39.66,39.74,38.14,38.24,571300
BEBE,20110128,5.75,5.81,5.59,5.6,314700
BECN,20110128,18.35,18.37,17.94,18.04,878100
BELFA,20110128,25.05,25.05,24.5,24.5,3000
BELFB,20110128,23.97,23.97,22.39,22.41,28600
BERK,20110128,7.82,7.84,7.09,7.14,18900
BFIN,20110128,9.33,9.33,9.06,9.09,48100
BFLY,20110128,3.15,3.28,3.15,3.15,1000
BGCP,20110128,8.15,8.15,7.73,7.83,740300
BGFV,20110128,13.45,13.45,12.67,13.02,115900
BIB,20110128,30.255,30.255,29.715,29.715,400
BICK,20110128,31.99,32.14,31.16,31.4,39200
BIDU,20110128,109.49,109.75,104.83,106.54,7939800
BIIB,20110128,67.3,67.48,64.85,65.08,2319000
BIOD,20110128,9.04,9.4,8.44,8.6,1285200
BIOF,20110128,28,28,24,24.8,835900
BIOS,20110128,5.12,5.17,5.07,5.11,277600
BIRT,20110128,5.65,5.69,5.45,5.48,173300
BIS,20110128,50.14,50.14,50.14,50.14,200
BJRI,20110128,36.23,36.35,34.9,35.07,234400
BKCC,20110128,11.77,11.82,11.51,11.54,611600
BKMU,20110128,4.79,4.79,4.5,4.52,171100
BKOR,20110128,4.45,4.45,4.45,4.45,0
BKSC,20110128,11.96,12.07,11.96,11.96,900
BKYF,20110128,20.9,20.9,20.9,20.9,100
BLDP,20110128,1.66,1.66,1.61,1.64,203200
BLDR,20110128,2.39,2.4,2.18,2.22,232000
BLIN,20110128,1.4,1.45,1.4,1.45,1600
BLKB,20110128,26.79,26.96,25.9,26,175300
BMC,20110128,48.5,48.74,46.69,46.98,2142600
BMRC,20110128,35.51,35.75,34.78,34.89,24800
BMRN,20110128,25.69,25.73,25.37,25.45,979400
BMTC,20110128,17.21,17.21,16.85,16.89,43900
BNCL,20110128,9.16,9.16,8.75,8.79,163100
BNCN,20110128,8.86,8.88,8.54,8.77,13700
BNSO,20110128,1.88,1.9,1.88,1.9,5200
BOBE,20110128,32.66,32.7,31.38,31.42,116300
BOCH,20110128,4,4.2,4,4.2,16900
BODY,20110128,17.63,18,17.25,17.35,42700
BOFI,20110128,15.76,15.76,14.87,14.91,50200
BOKF,20110128,53.13,53.34,51.5,51.51,128500
BOLT,20110128,13.69,13.93,13.35,13.86,11900
BONA,20110128,7.89,7.89,7.15,7.31,142900
BONT,20110128,11.87,11.87,11.08,11.14,98700
BOOM,20110128,20.85,20.87,19.85,19.95,83900
BOSC,20110128,5.88,5.92,5.84,5.88,1800
BPAX,20110128,11.4,11.4,10.98,11.16,1446100
BPFH,20110128,6.56,6.98,6.4,6.72,1701800
BPHX,20110128,2.37,2.39,2.25,2.33,57400
BPOP,20110128,32.3,32.9,31.8,31.8,7732200
BPOPM,20110128,19.74,19.74,19.74,19.74,0
BPOPN,20110128,21,21.5,21,21.5,4500
BRCD,20110128,5.9,5.94,5.6,5.6,16603000
BRCM,20110128,46.62,46.66,44.27,44.32,6824400
BRID,20110128,12.12,12.75,11.5,11.5,2500
BRKL,20110128,11.19,11.2,10.86,10.99,379800
BRKR,20110128,17.75,17.91,17.42,17.5,1041300
BRKS,20110128,12.3,12.36,11.5,11.55,632700
BRLI,20110128,23.89,23.89,22.97,23.12,172000
BSDM,20110128,4.35,4.43,4.2,4.37,361100
BSET,20110128,5.97,6.73,5.86,6.62,137400
BSFT,20110128,27.36,27.36,25.81,26.43,195500
BSPM,20110128,7.2,7.65,7.2,7.53,271400
BSQR,20110128,9.44,9.47,9.02,9.14,151100
BSRR,20110128,10.61,10.68,10.42,10.52,41600
BSTC,20110128,22.62,23.99,22.62,23.47,11800
BTUI,20110128,10.89,11.86,10.86,11.4,11300
BUSE,20110128,5.15,5.28,4.99,5.06,317200
BVSN,20110128,12.28,12.28,12.13,12.22,1500
BWEN,20110128,19.8,19.9,18.9,19.2,924300
BWINA,20110128,21.64,21.64,21.64,21.64,100
BWINB,20110128,23.34,23.34,22.43,22.6,14400
BWLD,20110128,43.3,44.11,43.25,43.9,773000
BYFC,20110128,2.44,2.44,2.44,2.44,300
CA,20110128,23.82,24.07,23.29,23.38,7912600
CAAS,20110128,13.5,13.54,13,13.07,242700
CAC,20110128,36.4,36.4,34.56,34.56,13200
CACB,20110128,9.85,9.85,9.21,9.61,3900
CACC,20110128,58.81,58.81,56.46,57.21,43200
CACH,20110128,4.04,4.1,3.95,3.97,10100
CADC,20110128,4.75,4.75,4.48,4.5,53700
CADX,20110128,7.64,7.64,7.22,7.29,369000
CAFI,20110128,2,2,2,2,0
CAKE,20110128,30.1,30.39,29.4,29.49,947300
CALD,20110128,6.15,6.16,6.06,6.13,155500
CALI,20110128,18.36,18.54,18.24,18.42,8500
CALL,20110128,10.14,10.195,9.75,10.06,51700
CALM,20110128,29.3,29.39,28.41,28.41,121500
CAMP,20110128,3.09,3.14,3.05,3.07,24200
CAMT,20110128,3.66,3.75,3.52,3.54,50900
CAR,20110128,14.22,14.6,13.8,13.93,2218300
CART,20110128,3.1,3.1,3.1,3.1,4600
CARV,20110128,2.39,2.39,2.09,2.17,4800
CASH,20110128,14.86,14.87,14.85,14.86,1400
CASM,20110128,3.06,3.11,3.06,3.11,2500
CASS,20110128,38.28,38.47,36.57,36.58,27400
CASY,20110128,42.9,43.07,42.56,42.76,203300
CATM,20110128,17.05,17.2,16.4,16.53,200200
CATY,20110128,17.6,17.83,17.1,17.12,709900
CAVM,20110128,41.04,41.14,39,39.65,1036100
CBAK,20110128,10.35,10.8,10.05,10.05,1183700
CBAN,20110128,4.2,4.27,4.2,4.25,1400
CBEY,20110128,15.12,15.12,14.4,14.67,630100
CBIN,20110128,10.82,10.82,10.82,10.82,0
CBLI,20110128,7,7.07,6.6,6.62,438400
CBMX,20110128,27.1,27.9,26.3,26.9,21000
CBMXW,20110128,2.5,2.5,2.5,2.5,100
CBNJ,20110128,9.95,10,9.95,9.95,19600
CBNK,20110128,13.75,14.36,13.75,14.12,6000
CBOE,20110128,23.01,23.08,22.65,22.97,324400
CBPO,20110128,16.41,16.47,16.03,16.21,40700
CBRL,20110128,51.95,52.07,50.27,50.31,236000
CBRX,20110128,2.47,2.47,2.26,2.3,723100
CBSH,20110128,41.48,41.82,41,41.06,307200
CBST,20110128,22.72,22.74,22.24,22.24,765700
CCBG,20110128,12.89,12.9,12.19,12.21,42600
CCCL,20110128,7.61,7.92,7.61,7.91,22900
CCIH,20110128,22.61,22.75,21.48,22.56,85200
CCIX,20110128,6.52,6.52,6.27,6.3,48100
CCMP,20110128,45.8,45.91,45.18,45.53,217400
CCNE,20110128,14.27,14.27,13.68,13.68,25800
CCOI,20110128,13.84,13.84,13.21,13.28,215400
CCRN,20110128,7.47,7.51,7.11,7.19,109100
CCUR,20110128,5.45,5.46,5.11,5.2,14000
CDNS,20110128,8.72,8.83,8.45,8.48,3121500
CDTI,20110128,7.6,7.7,6.94,7.21,81200
CDXS,20110128,9.27,9.39,9.1,9.17,96500
CDZI,20110128,12.73,12.73,12,12.03,48400
CECE,20110128,5.68,5.73,5.64,5.65,21900
CECO,20110128,23.4,23.42,22.44,22.62,1088400
CEDU,20110128,7.83,7.83,7.56,7.78,8900
CELG,20110128,54.67,54.7,51.1,51.18,12028100
CELGZ,20110128,2.61,2.61,2.39,2.41,100300
CENT,20110128,10.32,10.32,9.88,9.91,42900
CENTA,20110128,10.25,10.43,9.59,9.59,264100
CENX,20110128,14.67,14.85,14.22,14.29,1584700
CERN,20110128,48.56,49.24,48.17,48.245,727700
CERS,20110128,3.45,3.51,3.2,3.24,884800
CETV,20110128,19.1,19.14,18.1,18.25,382400
CEVA,20110128,24.39,24.45,23.06,23.16,461100
CFBK,20110128,9.75,9.75,9.55,9.55,1800
CFFI,20110128,23.35,23.35,22.91,22.91,1600
CFFN,20110128,11.87,11.94,11.67,11.84,1699400
CFNB,20110128,14.1,14.1,13.86,14.07,10700
CFNL,20110128,11.6,11.61,11.02,11.21,152600
CGEN,20110128,5.58,5.61,5.26,5.41,123800
CGNX,20110128,32.49,32.5,31.07,31.17,278800
CHCI,20110128,1.39,1.46,1.29,1.32,100600
CHCO,20110128,34.84,34.97,34.43,34.6,163900
CHDN,20110128,42.82,42.89,41.27,41.88,44400
CHDX,20110128,15.66,15.67,15.06,15.22,55500
CHEV,20110128,8.52,8.52,8.49,8.5,2200
CHFC,20110128,21.34,21.43,20.48,20.51,115600
CHFN,20110128,9.1584,9.1584,9.0792,9.0792,400
CHKE,20110128,18.37,18.4,17.99,18.15,86800
CHKP,20110128,46.86,47.47,45.6,46.22,2508200
CHLN,20110128,2.75,2.8,2.65,2.65,123200
CHNR,20110128,12.7,12.8,12.18,12.22,8300
CHOP,20110128,5.95,5.95,5.85,5.87,112600
CHRM,20110128,10.2,10.27,10.2,10.27,1400
CHRW,20110128,77.98,78.08,75.9,76.03,1670500
CHSCP,20110128,29.15,29.19,29.1,29.19,8600
CHTP,20110128,6.2,6.23,5.73,5.96,524700
CHTR,20110128,42.23,42.23,41.22,42.04,38000
CHYR,20110128,2.92,3.1,2.92,2.92,1900
CIDM,20110128,1.53,1.6,1.51,1.53,24500
CIEN,20110128,23.96,24.48,23.11,23.5,6689400
CIMT,20110128,4.28,4.39,3.75,3.91,199100
CINF,20110128,32.88,32.95,32.15,32.16,1086800
CISG,20110128,17.29,17.42,16.75,17.07,588000
CITZ,20110128,5.7,5.7,5.52,5.67,7600
CIZN,20110128,19.85,19.85,19.85,19.85,0
CJJD,20110128,4.68,4.68,4.5,4.58,25000
CKEC,20110128,7.17,7.17,6.92,6.94,94900
CKSW,20110128,7.54,7.66,7.36,7.37,180300
CLBH,20110128,4.02,4.02,3.53,3.75,900
CLCT,20110128,13.85,13.86,13.74,13.82,28400
CLDX,20110128,3.43,3.89,3.4,3.79,1437200
CLFD,20110128,4.44,4.6,4.38,4.53,108400
CLMS,20110128,16.04,16.44,15.34,15.37,276400
CLMT,20110128,24.24,24.34,24.05,24.32,136100
CLNE,20110128,12.51,12.52,11.87,11.97,2052800
CLRO,20110128,4.88,4.88,4.71,4.79,7700
CLSN,20110128,2.45,2.52,2.44,2.49,71700
CLUB,20110128,4.14,4.14,4.1,4.1,70700
CLWR,20110128,5.45,5.5,5.28,5.29,3326100
CLWT,20110128,7.755,7.81,7.15,7.81,59200
CMCO,20110128,18.4,18.62,16.67,17.06,889300
CMCSA,20110128,23.31,23.6,22.68,22.84,18572500
CMCSK,20110128,21.85,22.16,21.37,21.46,4802000
CME,20110128,309.7,312.5,303.5,304.89,420700
CMLS,20110128,4.01,4.01,3.8,3.8,43900
CMSB,20110128,9.2,9.2,9.2,9.2,0
CMTL,20110128,30.02,30.12,28,28.12,735500
CNBC,20110128,8.74,8.75,8.58,8.7,5400
CNBKA,20110128,27.43,27.43,26.45,26.45,2400
CNET,20110128,4.05,4.1,3.97,4.1,14300
CNIT,20110128,4.61,4.64,4.51,4.55,240800
CNMD,20110128,26.18,26.36,25.62,26.02,153900
CNQR,20110128,51.15,51.63,49.79,50.04,421200
CNSL,20110128,18.21,18.29,17.78,17.8,136800
CNTF,20110128,4.13,4.13,4,4.01,53000
CNTY,20110128,2.54,2.57,2.48,2.57,32900
CNYD,20110128,9.34,9.75,9.19,9.68,18900
COBK,20110128,12.15,12.35,12.15,12.35,2200
COBR,20110128,3.42,3.55,3.3,3.41,39400
COBZ,20110128,5.95,6.44,5.95,6.34,436900
COCO,20110128,5.95,5.95,5.43,5.44,6144800
COGO,20110128,8.74,8.76,8.59,8.63,137700
COHR,20110128,52.5,55.82,51.72,53.44,967100
COHU,20110128,15.2,15.44,14.85,15.13,209300
COKE,20110128,55.22,55.5,53.21,53.41,44400
COLB,20110128,20.14,20.28,19.67,19.72,215000
COLM,20110128,62.01,63,60.75,61.18,206800
CONN,20110128,4.55,4.58,4.39,4.41,207200
COOL,20110128,1.24,1.25,1.19,1.25,255900
CORE,20110128,34.47,34.47,33.79,33.79,32800
CORT,20110128,4.19,4.25,3.97,4.09,669500
COSI,20110128,1.39,1.4,1.33,1.4,86600
COST,20110128,73.33,73.58,71.75,71.93,2425900
COWN,20110128,4.77,4.77,4.44,4.5,139000
CPBC,20110128,4.9,5,4.9,5,10300
CPGI,20110128,3.87,3.94,3.87,3.9,36900
CPHC,20110128,13.35,13.35,13,13.25,1700
CPHD,20110128,25.25,25.25,23.05,23.91,826900
CPIX,20110128,6.22,6.23,5.97,6.05,67400
CPLA,20110128,57.96,58.39,56.61,57.2,160500
CPLP,20110128,9.89,9.95,9.8,9.92,189100
CPNO,20110128,33.46,33.99,33.39,33.92,363000
CPRT,20110128,19.78,19.955,19.5,19.555,823600
CPRX,20110128,1.16,1.19,1.12,1.18,29000
CPSI,20110128,49,51.04,47.64,50.84,395800
CPSL,20110128,20.64,20.88,19.92,19.92,317800
CPSS,20110128,1.28,1.28,1.18,1.22,28900
CPST,20110128,1.18,1.2,1.13,1.14,3542800
CPTS,20110128,13.73,13.83,13.4,13.55,341200
CPWR,20110128,11.5,11.52,10.39,10.48,9128200
CRAI,20110128,25.69,25.69,24.62,24.85,29000
CRAY,20110128,7.36,8.1,7.35,7.42,365300
CRDC,20110128,4.96,4.96,3.95,4.19,611800
CREE,20110128,51.85,52.05,50.05,50.78,3566800
CREG,20110128,2.98,2.99,2.95,2.99,21100
CRESW,20110128,0.27,0.29,0.27,0.27,41300
CRESY,20110128,19.05,19.06,17.6,17.94,191300
CRFN,20110128,2.3,2.35,2.22,2.22,25000
CRIS,20110128,3,3.01,2.85,2.86,854900
CRME,20110128,34.6,34.6,32.95,33.2,163600
CRMT,20110128,26.73,26.78,25.91,26.19,54400
CRNT,20110128,13.05,13.1,12.92,13,759700
CROX,20110128,16.73,16.76,16.24,16.31,2175300
CRRB,20110128,4.45,5.02,4.45,5.02,600
CRRC,20110128,14.86,14.86,14.19,14.2,48000
CRTX,20110128,5.83,5.91,5.75,5.8,37800
CRUS,20110128,21.53,21.72,20.39,20.72,8982700
CRVL,20110128,49,50.01,48.8,48.95,41700
CRWN,20110128,2.42,2.52,2.38,2.39,176800
CRWS,20110128,4.91,4.91,4.79,4.8,2600
CRZO,20110128,32,32.98,31.7,32.63,407500
CSBK,20110128,11.74,11.74,11.3,11.31,23400
CSCD,20110128,6.35,6.39,5.96,6.05,193400
CSCO,20110128,21.49,21.57,20.86,20.93,46540400
CSFL,20110128,7.78,7.87,7.19,7.34,89600
CSGP,20110128,57.87,57.87,56.29,56.3,104600
CSGS,20110128,19.45,19.56,19.05,19.26,238700
CSII,20110128,12.02,12.02,11.67,11.83,23600
CSIQ,20110128,14.28,14.48,13.7,13.71,1225600
CSPI,20110128,3.95,3.95,3.78,3.94,11500
CSTR,20110128,41.12,41.94,40.76,41.49,1685300
CSUN,20110128,4.49,4.51,4.23,4.37,316600
CSWC,20110128,98,99.58,97.73,97.73,4000
CTAS,20110128,29.2,29.22,27.85,27.9,2250600
CTBI,20110128,29.93,29.93,28.4,28.78,43900
CTCH,20110128,3.87,3.87,3.65,3.84,30000
CTCM,20110128,22.86,23,22.14,22.27,257100
CTCT,20110128,28.77,29.11,27.53,27.91,226400
CTGX,20110128,11.82,11.86,11.36,11.39,54900
CTHR,20110128,2.74,2.75,2.65,2.67,26400
CTIB,20110128,6.05,6.05,5.95,6,6000
CTIC,20110128,1.85,1.85,1.75,1.75,3279500
CTRN,20110128,23.63,23.71,22.8,23.27,147800
CTRP,20110128,43.98,44,40.51,40.65,3301500
CTSH,20110128,73.33,73.45,70.65,71.63,2226700
CTWS,20110128,25.55,25.66,24.25,24.4,37100
CTXS,20110128,65.08,65.77,62.84,63.76,2949600
CU,20110128,43.15,43.15,42,42.1,26000
CUBA,20110128,7.59,7.59,7.25,7.26,11200
CUTR,20110128,8.38,8.38,8.01,8.08,43700
CVBF,20110128,8.61,8.76,8.46,8.47,927700
CVCO,20110128,44.03,44.03,40.29,41.64,47500
CVCY,20110128,5.7,5.7,5.7,5.7,0
CVGI,20110128,17.03,17.07,15.89,16,282900
CVGW,20110128,23.6,23.89,23.15,23.29,65500
CVLT,20110128,30.47,30.95,29.65,29.9,446600
CVLY,20110128,10.4,10.45,10.38,10.38,400
CVTI,20110128,9.12,9.12,8.28,8.88,21600
CVV,20110128,8.06,8.09,7.56,7.78,8300
CWBC,20110128,4.5,4.68,4.34,4.42,5800
CWCO,20110128,10.47,11.18,10.37,11.17,261200
CWEI,20110128,84.37,87.83,84.37,85.06,47000
CWST,20110128,7.87,8,7.63,7.7,345500
CWTR,20110128,11.56,11.84,11.4,11.72,872200
CXDC,20110128,6.5,6.62,6.42,6.59,194500
CXPO,20110128,4.16,4.18,4.06,4.13,67700
CY,20110128,21.78,22.3,20.72,21.15,6915300
CYAN,20110128,3.01,3.01,2.91,2.93,4500
CYBE,20110128,9.53,9.53,9.27,9.49,3700
CYBX,20110128,34.13,34.49,32.73,33.07,211300
CYCC,20110128,10.36,10.5,10.08,10.08,420500
CYCCP,20110128,3.64,3.64,3.6,3.6,400
CYMI,20110128,49,49.34,47.82,48.05,329500
CYNO,20110128,10.97,11.15,10.84,10.94,45900
CYOU,20110128,32,32,30.9,31.55,141000
CYTK,20110128,1.91,1.93,1.86,1.9,363600
CYTR,20110128,5.67,5.74,5.39,5.39,577800
CYTX,20110128,5.58,5.67,5.32,5.42,494900
CYTXW,20110128,4,4,4,4,0
CZFC,20110128,8.25,8.25,8.11,8.11,300
CZNC,20110128,15.84,15.99,14.37,14.96,33800
CZWI,20110128,4.36,4.73,4.36,4.73,7800
DAIO,20110128,6.2,6.23,6.06,6.21,9100
DAKT,20110128,15.59,15.73,14.8,14.81,232800
DARA,20110128,3.72,3.8,3.62,3.7,56500
DAVE,20110128,10.61,10.65,10.17,10.27,33400
DBLE,20110128,6.67,7.9,6.67,7.29,285000
DBLEP,20110128,26,26.19,26,26,1100
DCIX,20110128,12.7,12.85,12.5,12.65,20800
DCOM,20110128,15.02,15.32,14.96,15.17,157700
DCTH,20110128,9.46,9.59,9.24,9.39,503500
DECK,20110128,76.75,76.98,74,74.41,925300
DELL,20110128,13.47,13.5,13.06,13.15,22676400
DENN,20110128,3.75,3.81,3.7,3.72,676800
DEPO,20110128,6.22,6.33,6.1,6.24,2126600
DEST,20110128,22.53,22.73,21,21.275,113900
DFZ,20110128,10.84,11.44,10.42,10.42,117300
DGAS,20110128,16.165,16.375,15.975,15.975,2000
DGICA,20110128,13.44,13.54,12.47,12.69,28300
DGICB,20110128,18.69,18.69,18.69,18.69,0
DGII,20110128,10.7,10.75,10.24,10.26,92100
DGIT,20110128,28.28,28.54,27.15,27.4,309000
DGLY,20110128,1.63,1.64,1.63,1.64,30900
DHIL,20110128,69.53,69.53,67.16,67.85,7400
DHRM,20110128,5.46,5.77,5.46,5.72,5400
DIOD,20110128,26.21,26.24,24.95,24.95,327300
DISCA,20110128,39.27,39.6,38.59,38.66,1744500
DISCB,20110128,39.99,39.99,39.99,39.99,0
DISCK,20110128,34.12,34.44,33.55,33.57,726700
DISH,20110128,21.62,21.75,20.85,21.03,2670400
DJCO,20110128,72,72,72,72,0
DLGC,20110128,25.15,25.15,24.95,24.95,5800
DLIA,20110128,1.89,1.89,1.78,1.8,65000
DLLR,20110128,20.64,20.98,19.2867,20.0667,417300
DLTR,20110128,26.06,26.06,25.27,25.495,1490000
DMLP,20110128,27.59,28,27.57,27.73,36800
DMND,20110128,51.37,51.67,49.94,49.95,161300
DMRC,20110128,30.42,31.05,29.83,29.94,31700
DNBF,20110128,10.36,10.39,10.36,10.39,500
DNDN,20110128,35.46,35.76,34.66,34.89,3286000
DORM,20110128,17.13,17.13,15.695,15.76,73700
DOVR,20110128,2.77,2.97,2.77,2.93,700
DRAD,20110128,2.3,2.3,2.25,2.28,6800
DRAM,20110128,11.76,11.76,10.86,11.4,18800
DRCO,20110128,13.73,13.76,13.5,13.59,13200
DRIV,20110128,31.99,33.75,29.77,30.78,6088400
DRRX,20110128,3.21,3.27,3.01,3.05,345900
DRWI,20110128,7.33,7.34,7.08,7.19,420900
DRYS,20110128,4.88,5.02,4.77,4.85,19523300
DSCI,20110128,7.1,7.37,6.35,6.63,138500
DSCO,20110128,3.31,3.34,3.07,3.12,217300
DSGX,20110128,6.97,6.97,6.76,6.92,10000
DSPG,20110128,7.8,7.82,7.44,7.56,118000
DSWL,20110128,3.4,3.4,3.05,3.06,39800
DTLK,20110128,6.42,6.58,6.11,6.3,185600
DTSI,20110128,45.97,45.97,45.11,45.21,118300
DTV,20110128,42.52,42.96,41.87,42.17,5687100
DVAX,20110128,3.2,3.2,3,3,665800
DVOX,20110128,5.53,5.54,5.35,5.39,176900
DWA,20110128,29.16,29.2,28.22,28.4,771400
DWCH,20110128,3.38,3.39,3.36,3.36,500
DWSN,20110128,32.59,33.28,32.44,33.19,43500
DXCM,20110128,14.46,14.5,13.73,14.1,549700
DXPE,20110128,22.19,22.19,21.48,21.6,33700
DXYN,20110128,4.5,4.5,4.5,4.5,0
DYAX,20110128,1.97,1.98,1.85,1.91,557700
DYNT,20110128,4.75,4.75,4.2,4.7,24400
DYSL,20110128,4.82,4.82,4.5,4.71,2900
EBAY,20110128,30.83,31.2,30.09,30.31,12760400
EBIX,20110128,23.4,23.45,22.5,22.51,382800
EBMT,20110128,11.39,11.4,11.3,11.4,5200
EBSB,20110128,12.6,12.6,12.26,12.26,19900
EBTC,20110128,15.25,15.45,14.75,14.89,12700
ECHO,20110128,12.17,12.17,11.5,11.51,67500
ECOL,20110128,17.49,17.54,16.81,16.81,76600
ECPG,20110128,23.06,23.06,21.95,21.97,61400
ECTY,20110128,3.48,3.48,3.32,3.34,29600
EDAC,20110128,3.71,3.72,3.71,3.72,3900
EDAP,20110128,4.13,4.24,4,4,112000
EDGW,20110128,2.3,2.3,2.3,2.3,200
EDMC,20110128,18.11,18.2,17.78,17.83,253900
EDS,20110128,8.3,8.3,8.1,8.18,16200
EDUC,20110128,6.65,6.78,6.61,6.78,1500
EEFT,20110128,18.86,18.86,18.23,18.24,206500
EEI,20110128,15.08,15.2,15.08,15.2,3000
EFII,20110128,15.69,15.77,14.83,14.88,328900
EFSC,20110128,13.22,13.38,12.75,12.79,65400
EFUT,20110128,5.45,5.45,5.31,5.35,2200
EGBN,20110128,13.86,13.96,13.42,13.49,90800
EGHT,20110128,2.68,2.71,2.6,2.66,668700
EGLE,20110128,16.28,16.76,16.24,16.44,2787300
EGOV,20110128,10.2,10.24,10.04,10.1,345600
EHTH,20110128,13.33,13.95,12.61,12.66,552400
EIHI,20110128,13.37,13.37,12.9,12.94,18600
ELGX,20110128,5.9,5.9,5.43,5.75,765800
ELNK,20110128,8.67,8.69,8.48,8.51,1644200
ELON,20110128,9.4,9.4,8.8,8.86,225900
ELOS,20110128,10.95,11.05,10.63,10.66,179700
ELRC,20110128,15.52,15.59,14.76,14.78,41400
ELSE,20110128,4.49,4.71,4.35,4.45,4300
ELTK,20110128,1.42,1.47,1.4,1.4,4600
EMCF,20110128,16.6,16.6,16.6,16.6,0
EMCI,20110128,22.5,22.86,21.77,21.92,30100
EMFN,20110128,27.56,27.56,26.79,26.79,1800
EMIF,20110128,34.39,34.39,33.56,33.68,22700
EMITF,20110128,12.63,12.63,12.39,12.4,3200
EMKR,20110128,5.88,5.88,5.6,5.68,290700
EMMS,20110128,1,1.09,0.99,1.03,236100
EMMSP,20110128,19.94,19.94,19.94,19.94,0
EMMT,20110128,27.58,27.58,26.76,26.8,4400
ENDP,20110128,34.41,34.47,33.41,33.53,689300
ENG,20110128,4.94,4.94,4.61,4.64,114000
ENMD,20110128,5.21,5.28,5.04,5.11,23300
ENOC,20110128,25.83,26.57,25.45,25.68,443300
ENSG,20110128,25.21,25.33,24.87,25.1,111400
ENTG,20110128,7.57,7.74,7.25,7.27,1991900
ENTR,20110128,11.84,11.92,10.88,11.13,5189000
ENZN,20110128,11.59,11.59,11.18,11.19,431200
EONC,20110128,1.77,1.92,1.77,1.9,29500
EPAX,20110128,11.27,11.46,10.8,10.96,93300
EPAY,20110128,21.2,23.16,21.1,22.9,669100
EPIQ,20110128,13.49,13.5,12.99,12.99,138200
EQIX,20110128,92.71,93.02,87.98,88.82,2319900
ERIC,20110128,12.39,12.51,12.18,12.2,4740500
ERIE,20110128,66.3,69.66,65.7,68.01,306000
ERII,20110128,3.5,3.56,3.38,3.38,756800
EROC,20110128,9.2,9.27,9.1,9.17,264800
ESBF,20110128,12.6167,12.9167,11.475,11.475,16000
ESBK,20110128,17.03,17.03,17.03,17.03,0
ESCA,20110128,6.19,6.23,5.94,5.96,11800
ESEA,20110128,3.63,3.64,3.58,3.6,48400
ESGR,20110128,81.21,81.21,80.6,80.75,22000
ESIO,20110128,17.94,18.33,16.11,16.17,260000
ESLT,20110128,50.5,51,48.73,48.78,149800
ESMC,20110128,1.32,1.32,1.3,1.3,1000
ESRX,20110128,57.96,57.97,55.77,56.16,4128600
ESSA,20110128,12.66,12.66,12.35,12.43,51000
ESSX,20110128,6.1,6.14,5.89,5.96,12300
ESYS,20110128,4.56,4.98,4.56,4.93,2200
ETFC,20110128,16.75,17.05,16.32,16.35,4924700
ETRM,20110128,2.71,2.74,2.65,2.66,32700
EUFN,20110128,23.45,23.62,23.07,23.09,5200
EVBS,20110128,4.68,4.68,4.45,4.45,1800
EVEP,20110128,42.73,42.99,41.96,42.21,222400
EVOL,20110128,8.07,8.18,8.07,8.15,8500
EWBC,20110128,21.64,22.2,21.53,21.56,2272500
EXAC,20110128,17.64,17.64,16.78,16.82,25500
EXAR,20110128,6.41,6.48,6.2,6.2,214300
EXAS,20110128,5.85,5.85,5.55,5.61,660000
EXEL,20110128,8.97,8.97,8.37,8.62,2885100
EXFO,20110128,10.02,10.02,9.8,9.91,135800
EXLP,20110128,27.45,27.48,26.92,26.94,130600
EXLS,20110128,20.33,20.33,18.75,19.04,73400
EXPD,20110128,53.19,53.33,50.59,50.62,2053000
EXPE,20110128,25.35,25.37,24.77,24.98,4202600
EXPO,20110128,37.5,37.8,37.11,37.15,55700
EXTR,20110128,3.41,3.44,3.23,3.24,461100
EXXI,20110128,27.5,27.88,26.82,27.58,1245800
EZCH,20110128,31.02,31.12,29.6,29.92,302800
EZPW,20110128,28.49,28.56,27.22,27.22,406900
FABK,20110128,13.3,13.3,13.3,13.3,0
FALC,20110128,3.73,3.77,3.6,3.65,145900
FARM,20110128,13.12,13.16,12.74,12.8,28000
FARO,20110128,31.68,31.68,30.01,30.56,61500
FAST,20110128,30.125,30.145,28.805,28.88,1331000
FBIZ,20110128,12.38,12.38,12.05,12.05,1300
FBMI,20110128,6.6,7.04,6.6,6.91,3700
FBMS,20110128,8.61,8.61,8.61,8.61,0
FBNC,20110128,16.43,16.56,15.43,15.5,48100
FBSS,20110128,13.06,13.1,13.05,13.05,1700
FCAL,20110128,3.14,3.19,3.08,3.16,107800
FCAP,20110128,15.55,15.55,15.54,15.54,1500
FCBC,20110128,13.96,14.01,13.12,13.47,74800
FCCO,20110128,6.55,6.62,6.35,6.57,400
FCCY,20110128,8.57,8.57,8.55,8.55,700
FCEL,20110128,1.93,1.97,1.84,1.85,1690700
FCFC,20110128,7.59,7.7,7.3,7.5,6400
FCFS,20110128,33.85,34.07,32.31,32.31,231700
FCHI,20110128,50.8,50.83,49.75,49.83,42100
FCLF,20110128,7.5,7.5,7.5,7.5,0
FCNCA,20110128,200.85,202.47,199.11,200,12000
FCTY,20110128,4.2,4.24,4.2,4.21,1900
FCVA,20110128,3.98,3.98,3.98,3.98,0
FCZA,20110128,4.55,4.87,4.55,4.65,7800
FDEF,20110128,13.05,13.05,12.9,13,11500
FDML,20110128,23.87,23.87,22.57,22.59,80200
FEFN,20110128,27.46,27.46,27.46,27.46,0
FEIC,20110128,27.57,27.72,27.16,27.16,301800
FEIM,20110128,7.29,7.49,7.11,7.2,25700
FELE,20110128,21.07,21.17,20.51,20.515,139500
FFBC,20110128,17.37,17.38,16.69,16.9,444600
FFBCW,20110128,6.69,6.72,6.69,6.7,9800
FFBH,20110128,2.8,2.8,1.92,2.45,205100
FFCH,20110128,11.62,11.62,10.35,10.5,60600
FFCO,20110128,13.63,13.8,13.63,13.8,400
FFEX,20110128,4.14,4.14,4.03,4.11,15500
FFHL,20110128,4.39,4.39,4.11,4.3,73200
FFIC,20110128,14.78,14.79,14.23,14.27,150200
FFIN,20110128,33.5467,33.5467,32,32.5867,157200
FFIV,20110128,112.82,113.18,107.8,109.58,4307700
FFKT,20110128,7.77,7.86,7.62,7.86,17200
FFKY,20110128,4.27,4.57,4.16,4.4,6900
FFNM,20110128,3.94,3.94,3.94,3.94,400
FFNW,20110128,4.46,4.46,4.35,4.41,33800
FHCO,20110128,5.4,5.46,5.11,5.11,73200
FIBK,20110128,13.65,13.7,13.07,13.08,44100
FINL,20110128,16.06,16.1,15.36,15.39,1199700
FIRE,20110128,24.21,24.64,23.96,24.39,454000
FISI,20110128,18.97,18.97,18,18.4,46500
FISV,20110128,62.97,63.26,61.02,61.33,746300
FITB,20110128,14.83,15,14.62,14.64,22081300
FITBP,20110128,150,150.15,150,150.14,1000
FIZZ,20110128,12.9,12.9,12.44,12.74,66400
FLEX,20110128,8.44,8.44,7.94,8.06,7150800
FLIC,20110128,29.5,29.5,28.43,28.5,31600
FLIR,20110128,30.68,31.2,30.45,30.63,1831000
FLML,20110128,6.23,6.25,6.1,6.11,9800
FLOW,20110128,3.95,4.02,3.72,3.72,190300
FLWS,20110128,2.98,3.1,2.75,2.85,598200
FLXS,20110128,16.73,16.85,16.55,16.82,6000
FMBI,20110128,11.99,12.15,11.75,11.78,1031800
FMCN,20110128,24.75,24.77,23.94,24.17,965600
FMER,20110128,18.7,18.78,18.36,18.47,1422100
FMFC,20110128,3.89,3.89,3.76,3.79,10300
FNBN,20110128,0.5,0.5,0.48,0.5,15500
FNFG,20110128,14.43,14.43,13.96,13.98,2597400
FNGN,20110128,23.17,23.26,22.76,22.95,138900
FNLC,20110128,15.57,15.57,14.42,14.53,23200
FNSR,20110128,32.86,33.99,31.74,32.36,4244200
FOLD,20110128,5.73,5.75,5.35,5.42,37500
FONR,20110128,1.3,1.3,1.25,1.26,11200
FORD,20110128,3.47,3.47,3.35,3.39,17900
FORM,20110128,9.09,9.09,8.6,8.61,667900
FORR,20110128,36.91,36.91,35.56,35.69,50200
FORTY,20110128,19.79,20.05,19.06,19.25,8200
FOSL,20110128,70.79,71.44,69,69.96,529100
FRBK,20110128,3.23,3.3,3.15,3.16,87700
FRED,20110128,13.68,13.68,13.24,13.39,257700
FREE,20110128,34.5,35.4,34.5,34.9,25700
FRME,20110128,9.27,9.29,8.96,9.06,86000
FRP,20110128,24.35,24.51,24,24.32,11500
FSBK,20110128,5.95,5.97,5.74,5.74,60900
FSCI,20110128,24.91,24.95,24.11,24.23,15200
FSFG,20110128,17.13,17.13,17.12,17.12,800
FSGI,20110128,0.91,0.96,0.85,0.91,26600
FSLR,20110128,151.3,153,147.42,147.49,1256600
FSRV,20110128,29.14,29.21,29,29.05,12700
FSTR,20110128,41.87,41.87,39.29,39.92,55400
FSYS,20110128,27.22,27.32,26.16,26.23,375900
FTEK,20110128,8.25,8.5,8,8.08,164500
FTNT,20110128,19.025,19.22,17.975,18.475,1079200
FUBC,20110128,6.99,6.99,6.75,6.75,58000
FULL,20110128,8.81,8.95,8.65,8.89,7200
FULT,20110128,10.56,10.74,10.39,10.39,1219200
FUNC,20110128,4.45,4.5,4.19,4.4,5300
FUND,20110128,7.74,7.74,7.56,7.57,103800
FURX,20110128,16.77,16.92,16.02,16.25,27700
FWLT,20110128,37.56,37.72,35.94,36.06,2147000
FWRD,20110128,28.83,28.93,27.67,27.69,111600
FXCB,20110128,12.27,12.42,12.24,12.24,112400
FXEN,20110128,9.03,9.5,8.85,9.35,712400
GABC,20110128,17.89,18,17.25,17.44,33200
GAGA,20110128,7.4,7.98,7.3,7.71,34900
GAI,20110128,8.32,8.36,8.31,8.32,600
GAIA,20110128,7.76,7.76,7.33,7.48,58200
GAIN,20110128,7.2,7.21,6.81,6.92,138100
GAME,20110128,5.84,6.01,5.8,5.92,997100
GASS,20110128,6.83,6.98,6.7,6.88,31900
GBCI,20110128,14.99,15.01,14.16,14.45,953100
GBDC,20110128,16.71,16.99,16.14,16.2,33200
GBLI,20110128,20.48,20.48,19.28,19.32,49100
GBNK,20110128,1.58,1.59,1.5,1.5,50200
GCBC,20110128,17.56,18.41,17.56,18.41,200
GCFB,20110128,3.61,3.8,3.57,3.75,5600
GCOM,20110128,9.34,9.37,9,9.3,129300
GENC,20110128,7.62,7.88,7.62,7.88,7700
GENE,20110128,3.1,3.22,2.9,2.95,131600
GENT,20110128,8.85,8.85,8.64,8.85,41500
GERN,20110128,4.9,4.92,4.72,4.72,1639900
GFED,20110128,6,6,5.95,5.95,1800
GFN,20110128,2.73,2.78,2.73,2.73,4700
GFNCL,20110128,2.62,2.62,2.62,2.62,0
GGAL,20110128,15.88,16,15.54,15.68,340100
GHDX,20110128,23.01,23.01,21.7,22.37,210600
GIFI,20110128,27.61,27.61,26.56,26.86,73700
GIGA,20110128,2.89,2.92,2.85,2.89,3700
GIGM,20110128,1.15,1.18,1.11,1.14,702500
GIII,20110128,35.54,35.8,34.47,34.92,182200
GILD,20110128,19.36,19.645,19.075,19.105,9593800
GILT,20110128,5.27,5.27,5.1,5.1,24200
GIVN,20110128,17.72,17.84,17.29,17.4,103400
GKNT,20110128,18.7,18.91,17.9,18.36,29200
GLAD,20110128,11.35,11.5,11.05,11.05,150500
GLBS,20110128,9.63,9.63,9.25,9.25,2900
GLBZ,20110128,8.02,8.02,8.02,8.02,0
GLCH,20110128,2.22,2.27,2.08,2.11,447900
GLDC,20110128,3.24,3.24,3.24,3.24,0
GLDD,20110128,8.42,8.47,8.18,8.2,568500
GLNG,20110128,17.33,17.42,16.85,16.89,311300
GLPW,20110128,23.6,23.6,23.17,23.32,65300
GLRE,20110128,28.84,29.01,27.91,28.15,133500
GLUU,20110128,3.23,3.35,2.87,2.94,4102500
GMAN,20110128,16.09,16.09,14.46,14.61,87100
GMCR,20110128,34.62,34.95,33.69,33.76,3088300
GMETP,20110128,11,11,11,11,100
GNCMA,20110128,12.46,12.6,11.73,12.04,215200
GNMK,20110128,4.81,4.97,4.81,4.85,6200
GNTX,20110128,33.43,33.53,31.97,32.22,1354000
GNVC,20110128,0.56,0.58,0.55,0.56,599900
GOLD,20110128,75.93,77.43,75.44,76.43,1318700
GOOD,20110128,18.16,18.82,18.02,18.07,224700
GOODO,20110128,24.41,24.41,23.9,24.2,3900
GOODP,20110128,24.55,24.55,24.55,24.55,100
GOOG,20110128,619.07,620.36,599.76,600.99,4233900
GPIC,20110128,6.63,7,6.63,6.7,19000
GPOR,20110128,21.59,21.72,21.23,21.31,195100
GPRC,20110128,6.04,6.5,6,6.02,35600
GPRE,20110128,11.31,11.46,11.1,11.16,681900
GRID,20110128,33.83,33.83,33.23,33.24,17100
GRIF,20110128,29.66,29.66,28.88,28.88,7400
GRMN,20110128,31.58,31.58,30.29,30.81,1022400
GROW,20110128,7.31,7.34,7.17,7.19,33500
GRVY,20110128,2.06,2.19,2.03,2.03,30100
GSBC,20110128,22.79,22.81,21.7,21.75,48500
GSIT,20110128,9.82,9.82,8.6,9.27,744500
GSM,20110128,18.17,18.29,17.83,18.04,539900
GSOL,20110128,9.7,9.75,9.29,9.52,61000
GTIV,20110128,24.38,24.59,23.59,23.6,175300
GTLS,20110128,36.57,37.04,35.5,35.73,235600
GTXI,20110128,2.9,2.93,2.71,2.93,154000
GUID,20110128,7.01,7.01,6.65,6.68,37700
GULF,20110128,16.95,17.07,16.55,16.72,33900
GYRO,20110128,77.5,77.54,77.5,77.5,1100
HA,20110128,7.7,7.7,7.45,7.5,486800
HAFC,20110128,1.47,1.47,1.29,1.32,3666300
HAIN,20110128,27.45,27.45,26.56,26.58,299900
HALL,20110128,8.73,8.73,8.47,8.5,68800
HALO,20110128,7.19,7.21,6.66,6.68,518300
HAS,20110128,44.78,45.05,43.81,43.91,1098900
HAST,20110128,5.41,5.48,5.4,5.42,8300
HAUP,20110128,2.52,2.53,2.39,2.42,140800
HAWK,20110128,7.26,7.3,6.98,7.02,138400
HAYN,20110128,48.81,48.81,46.73,48,111100
HBAN,20110128,7.3,7.44,7.06,7.07,25094100
HBANP,20110128,1125,1130,1125,1130,100
HBCP,20110128,13.92,13.98,13.65,13.65,12300
HBHC,20110128,33.3,33.45,32.66,32.84,330100
HBIO,20110128,4.31,4.31,4.25,4.25,32300
HBNC,20110128,11.8933,12.3645,11.8933,12.2222,1800
HBNK,20110128,11.61,12.25,11.61,12.15,47400
HBOS,20110128,12,12.04,11.63,11.63,6600
HCBK,20110128,11.1,11.11,10.89,10.95,8505800
HCCI,20110128,11.4,11.76,11.4,11.57,2700
HCKT,20110128,3.56,3.57,3.5,3.5,55200
HCSG,20110128,16.1,16.17,15.71,15.79,320800
HDNG,20110128,8.95,9,8.7,8.7,58700
HDSN,20110128,1.96,2.15,1.96,2.14,108500
HEES,20110128,12.35,12.43,11.71,11.89,112000
HELE,20110128,29.42,29.42,28.02,28.23,149000
HEOP,20110128,3.58,3.65,3.53,3.6,154400
HERO,20110128,3.37,3.4,3.2,3.31,2222900
HFBC,20110128,9.45,9.55,9.36,9.55,1300
HFBL,20110128,12.36,12.5,12.36,12.5,25600
HFFC,20110128,11,11.05,10.9,11.05,3900
HFWA,20110128,14.74,14.99,14.53,14.76,71300
HGSH,20110128,3.05,3.19,2.95,3.02,4400
HIBB,20110128,33.6,33.62,32.45,32.48,235400
HIFS,20110128,48.87,48.87,48.87,48.87,0
HIHO,20110128,4.03,4.03,3.49,3.65,7000
HILL,20110128,3,3.05,2.89,2.9,368500
HIMX,20110128,2.59,2.62,2.55,2.55,285400
HITK,20110128,23.35,23.35,22.76,22.95,77400
HITT,20110128,60.98,61.56,59.11,59.52,193600
HLIT,20110128,8.39,8.46,8.1,8.15,1077100
HMIN,20110128,37.79,37.79,35.01,35.34,984600
HMNF,20110128,3,3.1,2.78,2.83,1200
HMPR,20110128,17.25,17.5,17,17.5,140200
HMSY,20110128,22,22.0933,21.5867,21.5867,182500
HNH,20110128,11.6,12,11.6,11.87,9000
HNRG,20110128,11.32,11.49,10.75,10.78,5400
HNSN,20110128,1.57,1.59,1.5,1.51,294300
HOFT,20110128,14.07,14.07,13.79,13.99,75100
HOGS,20110128,19.02,19.2,18.56,18.99,204500
HOLI,20110128,15.85,16.37,15.85,16.15,441000
HOLL,20110128,1.92,1.94,1.92,1.93,33200
HOLX,20110128,20.16,20.2,19.7,19.92,2624800
HOMB,20110128,20.72,20.72,20.47,20.52,126700
HOME,20110128,11.35,11.46,10.79,10.79,62900
HOTT,20110128,5.54,5.55,5.35,5.38,667700
HOVNP,20110128,6.06,6.24,5.73,6,7000
HPCCP,20110128,25.75,25.75,25.5,25.72,1300
HPJ,20110128,3.63,3.64,3.45,3.48,57300
HPOL,20110128,1.36,1.36,1.02,1.07,202900
HRZN,20110128,15.9,15.95,15.72,15.89,74400
HSIC,20110128,65.65,66.45,64.56,65.42,782100
HSII,20110128,28.03,28.03,26.59,26.84,98600
HSKA,20110128,4.9,5.01,4.7,4.85,23000
HSNI,20110128,28.15,28.9,28.12,28.43,575000
HSTM,20110128,7.18,7.19,6.84,7.04,51600
HTBK,20110128,4.64,4.82,4.59,4.75,36900
HTCH,20110128,3.45,3.47,3.25,3.3,382400
HTCO,20110128,10,10.04,9.95,10.04,24600
HTHT,20110128,21.59,21.61,20.8,20.98,97600
HTLD,20110128,16.48,16.5,15.93,15.94,698200
HTLF,20110128,17.7,17.83,16.14,16.15,37400
HTWR,20110128,96.71,96.71,87,91.09,459500
HUBG,20110128,36.83,36.83,33.65,34.77,809900
HURC,20110128,25.75,25.99,25.18,25.19,14200
HURN,20110128,26.33,26.42,25.6,25.62,78200
HWAY,20110128,12.25,12.42,12.07,12.36,362300
HWBK,20110128,9.28,9.28,9.2,9.2,700
HWCC,20110128,13.44,13.44,12.86,12.88,76800
HWKN,20110128,38.94,40.49,38.6,40.01,125800
HYGS,20110128,4.61,4.61,4.32,4.32,7700
IACI,20110128,28.57,28.92,28.05,28.17,1500900
IART,20110128,47.07,47.15,46.23,46.37,121900
IBB,20110128,96.1,96.1,93,93.04,654200
IBCA,20110128,2.8,2.8,2.65,2.65,352900
IBCP,20110128,3.32,3.33,3.03,3.11,378500
IBCPO,20110128,14.12,14.12,14,14,1700
IBKC,20110128,57.1,57.18,56.3,56.7,218200
IBKR,20110128,16.59,16.71,16.13,16.17,393700
IBOC,20110128,19.21,19.35,18.57,18.58,226600
ICAD,20110128,1.41,1.45,1.38,1.38,93300
ICCC,20110128,3.19,3.19,3.19,3.19,0
ICFI,20110128,24.63,24.63,23.52,23.81,71400
ICGE,20110128,12.21,12.36,11.86,11.93,260800
ICLN,20110128,16.82,16.82,16.23,16.23,20100
ICLR,20110128,22.91,22.91,22.35,22.59,235100
ICON,20110128,20.37,20.53,19.61,19.71,961100
ICUI,20110128,39.82,39.82,39.07,39.15,67500
IDCC,20110128,48.4,48.62,47,47.29,698700
IDIX,20110128,4.68,4.68,4.3,4.32,149000
IDRA,20110128,2.89,2.92,2.76,2.85,22500
IDSA,20110128,13.93,13.99,12.64,12.76,73900
IDSY,20110128,4.15,4.15,3.93,3.98,51200
IDTI,20110128,6.57,6.57,6.26,6.28,1973200
IDXX,20110128,73.4,74,70.54,70.86,604300
IESC,20110128,3.78,3.9,3.78,3.84,10300
IFAS,20110128,32,32,31.55,31.61,3600
IFEU,20110128,29.96,30,29.94,30,3800
IFGL,20110128,31.63,31.63,30.91,30.94,33900
IFNA,20110128,41.77,41.77,41.77,41.77,0
IFON,20110128,1.2,1.2,1.08,1.1,78600
IFSM,20110128,39.49,39.49,38.94,38.94,16100
IGLD,20110128,30.94,31.06,29.87,30.1,9700
IGOI,20110128,44.64,44.76,42,42,430900
IGOV,20110128,102.49,102.67,101.95,102.58,10800
IGTE,20110128,15.35,15.41,14.7,15.09,796000
III,20110128,1.96,1.97,1.86,1.95,52200
IIIN,20110128,11.4,11.55,11.28,11.42,120300
IIJI,20110128,7.16,7.18,7.04,7.08,24900
IILG,20110128,15.76,15.76,15.38,15.42,180900
IIN,20110128,4.08,4.08,4.08,4.08,0
IIVI,20110128,24.665,24.9,24.47,24.755,177200
IKAN,20110128,1.3,1.34,1.21,1.23,383400
IKNX,20110128,7.48,7.5,7.09,7.09,1000
ILMN,20110128,70.52,71.1,68.89,69.05,1493800
IMGN,20110128,8.78,8.78,8.06,8.27,1286700
IMKTA,20110128,19.57,19.73,18.6,18.79,41200
IMMR,20110128,6.04,6.04,5.81,5.82,130400
IMMU,20110128,3.35,3.4,3.23,3.26,550100
IMMY,20110128,3.05,3.05,3.05,3.05,600
IMRS,20110128,7.96,7.96,7.7,7.75,159600
INAP,20110128,7.5,7.7,7.3,7.5,1212500
INCY,20110128,15.22,15.22,14.64,14.64,1484500
INDB,20110128,28.5,28.86,27.38,27.59,74300
INDY,20110128,27.99,27.99,27.1,27.15,171400
INFA,20110128,45.64,47.69,44.18,45.66,2679800
INFI,20110128,5.75,5.78,5.49,5.56,46800
INFN,20110128,7.34,7.75,7.22,7.37,11209900
ININ,20110128,33,33.65,31.57,32.52,214300
INOC,20110128,1.35,1.35,1.34,1.34,1000
INOD,20110128,2.86,2.89,2.86,2.88,22500
INPH,20110128,1.86,1.88,1.85,1.88,1100
INSM,20110128,0.6,0.61,0.59,0.59,577700
INTC,20110128,21.76,21.89,21.35,21.46,55193000
INTG,20110128,21.78,22,21.75,22,10200
INTL,20110128,24.98,25.04,23.82,24.07,45500
INTT,20110128,4.15,4.15,3.65,3.77,257000
INTU,20110128,47.54,47.67,46.02,46.77,2800700
INTX,20110128,10.18,10.25,9.99,10.09,10700
INVE,20110128,2.7,2.7,2.55,2.55,21800
INWK,20110128,6.49,6.49,6.24,6.35,166400
IOSP,20110128,20,20.13,19.69,19.88,35500
IPAR,20110128,18.71,18.74,17.51,17.78,83000
IPAS,20110128,1.58,1.59,1.44,1.52,376500
IPCC,20110128,63.3,63.67,60.9,60.92,42500
IPCI,20110128,4.91,4.99,4.45,4.47,91700
IPCM,20110128,39.15,39.15,37.52,37.53,92200
IPGP,20110128,34.08,35.25,33.43,33.54,380600
IPHS,20110128,34.01,34.15,33.4,33.77,102200
IPXL,20110128,23.63,23.63,23,23.39,704300
IRBT,20110128,27.26,27.27,26.71,27,167200
IRDM,20110128,8.19,8.25,8.01,8.02,273900
IRDMZ,20110128,1.34,1.34,1.34,1.34,0
IRIX,20110128,3.77,3.82,3.75,3.77,5500
IRWD,20110128,11.08,11.14,10.79,11,222400
ISBC,20110128,13.34,13.72,13.25,13.38,618100
ISCA,20110128,29.46,29.74,28.98,29.07,318900
ISHG,20110128,105.47,105.47,104.89,104.91,4900
ISIG,20110128,7.18,7.18,7.05,7.14,45300
ISIL,20110128,15.01,15.1,14.53,14.76,2647500
ISIS,20110128,9.51,9.55,9.02,9.04,986900
ISLE,20110128,9.79,9.81,9.13,9.2,433100
ISNS,20110128,13.14,13.14,12.9,12.9,10500
ISRG,20110128,335.39,335.94,325.95,327.93,571000
ISRL,20110128,71.81,71.81,66.27,69.82,700
ISSC,20110128,5.87,6.02,5.86,5.93,28000
ISSI,20110128,10.9,10.97,10.2,10.31,755600
ITIC,20110128,31.47,31.47,31,31.2,1300
ITMN,20110128,37.29,37.5,36.26,36.92,967900
ITRI,20110128,59.5,59.83,57.59,57.83,361700
ITRN,20110128,16.95,16.95,16.2,16.4,23400
IVAC,20110128,13.34,13.34,12.86,12.98,151000
IVAN,20110128,3.4,3.48,3.36,3.43,2956200
IXYS,20110128,11.41,11.45,10.83,11.07,224300
JACK,20110128,23.11,23.22,21.74,21.76,638800
JADE,20110128,3.84,3.85,3.72,3.76,125800
JAKK,20110128,18.14,18.44,17.33,17.4,208700
JASO,20110128,35.7,35.75,34,34.05,8089600
JAXB,20110128,6.95,6.95,6.95,6.95,0
JAZZ,20110128,22.8,23,22.24,22.32,586300
JBHT,20110128,42.84,42.84,41.01,41.35,3224100
JBLU,20110128,6.29,6.37,5.71,5.88,26157900
JBSS,20110128,12.06,12.06,11.43,11.49,25000
JCOM,20110128,28.23,28.24,26.76,26.89,391000
JCS,20110128,15.17,15.17,14.86,15.03,3700
JCTCF,20110128,9.4,9.87,9.4,9.45,6900
JDSU,20110128,17,17.85,16.89,16.92,11375800
JFBI,20110128,4.23,4.25,4.23,4.24,2600
JJSF,20110128,43.72,43.72,42.42,42.62,85600
JKHY,20110128,30.18,30.22,29.29,29.44,519100
JMBA,20110128,2.17,2.2,2.1,2.15,679700
JOBS,20110128,56.32,56.32,52.58,53.5,127200
JOEZ,20110128,1.6,1.61,1.56,1.56,369200
JOSB,20110128,43.1,43.23,41.83,41.95,606600
JOUT,20110128,15.42,15.42,15.19,15.19,13400
JRCC,20110128,21.6,22.48,21.41,22.24,1041700
JRJC,20110128,5.91,5.91,5.68,5.71,78700
JST,20110128,10.16,10.16,9.93,10.1,70800
JVA,20110128,3.98,3.99,3.93,3.95,16700
JXSB,20110128,11.63,11.64,11.62,11.63,2200
KALU,20110128,49.54,49.54,47.64,47.67,110200
KBALB,20110128,7.02,7.15,6.8,6.82,128500
KCAP,20110128,7.1,7.11,6.95,6.99,124000
KCLI,20110128,33.46,33.46,31.77,31.99,11400
KELYA,20110128,19.86,19.95,19.04,19.49,205100
KELYB,20110128,20.45,20.45,20.45,20.45,0
KEQU,20110128,13.91,13.91,13.75,13.75,300
KERX,20110128,4.13,4.2,4.05,4.16,977100
KEYN,20110128,18.48,18.59,17.38,17.44,584000
KEYW,20110128,14.48,14.94,14.12,14.34,63600
KFFB,20110128,9.4,9.4,9.4,9.4,0
KFRC,20110128,17.85,17.89,17.36,17.59,258600
KGJI,20110128,3.17,3.17,2.86,2.9,504200
KINS,20110128,3.2,3.45,3.05,3.45,2400
KIRK,20110128,13.83,13.88,13.4,13.48,170500
KLAC,20110128,45.26,45.99,43.02,43.69,4161500
KLIC,20110128,9.99,10,9.4,9.41,2652000
KNDI,20110128,4.53,4.57,4.35,4.37,193700
KONA,20110128,5.03,5.03,4.94,5.03,24100
KONE,20110128,3.13,3.18,2.81,2.91,99300
KONG,20110128,7.02,7.04,6.98,7.02,31500
KOOL,20110128,3.6,3.63,3.4,3.5,90300
KOPN,20110128,4.06,4.07,3.99,4,413600
KOSS,20110128,5.75,5.86,5.75,5.86,600
KRNY,20110128,9.28,9.28,9,9.01,39900
KSWS,20110128,12.73,12.78,12.11,12.15,118600
KTCC,20110128,5.79,5.81,5.51,5.6,69000
KTEC,20110128,17.17,17.17,16.21,16.72,30500
KTOS,20110128,14.36,14.36,13.61,13.86,135700
KUTV,20110128,4.85,4.85,4.67,4.72,34100
KVHI,20110128,12.41,12.44,11.96,12.03,140600
LABC,20110128,14.62,14.75,14.61,14.75,800
LABL,20110128,17.86,17.98,16.66,16.8,52800
LACO,20110128,2.96,3.03,2.91,2.96,62000
LAKE,20110128,8.73,8.85,8.56,8.79,2800
LAMR,20110128,38.43,38.67,36.64,36.96,498600
LANC,20110128,57.2,57.33,55.72,55.87,162300
LARK,20110128,16.3,16.3,16.3,16.3,0
LAWS,20110128,24.41,24.63,23.39,23.61,11800
LAYN,20110128,32.24,32.96,31.36,31.42,156700
LBAI,20110128,10.18,10.18,9.56,9.67,84200
LBIX,20110128,3.9,3.95,3.57,3.57,20600
LBTYA,20110128,41.28,41.57,40.39,40.58,843300
LBTYB,20110128,39.13,39.13,39.13,39.13,0
LBTYK,20110128,39.05,39.11,37.99,38.25,275000
LCAV,20110128,7.01,7.01,6.74,6.78,58200
LCUT,20110128,13.21,13.21,12.34,12.65,32900
LEAP,20110128,14.27,14.7,13.95,13.97,1801100
LECO,20110128,34.11,34.11,33.07,33.14,98900
LEDR,20110128,2.42,2.49,2.4,2.48,8300
LEDS,20110128,18.43,18.47,18.17,18.26,203000
LFUS,20110128,52.5,52.5,50.72,50.76,123800
LGCY,20110128,28.73,29.12,28.25,29.09,175500
LGND,20110128,8.75,8.75,8.65,8.65,135800
LHCG,20110128,28.96,28.96,27.56,27.56,170500
LIFE,20110128,54.05,54.45,52.73,53.42,2092800
LIME,20110128,5.16,5.17,4.75,4.84,114100
LINC,20110128,15.92,15.92,15.05,15.19,304800
LINE,20110128,39.03,39.03,38.26,38.61,731000
LINTA,20110128,16.19,16.26,15.65,15.85,3117100
LINTB,20110128,15.7,15.7,15.7,15.7,300
LION,20110128,8.3,8.35,8.06,8.25,7700
LIOX,20110128,4.08,4.1,3.91,3.91,408900
LIVE,20110128,6,6,5.83,5.83,2900
LIWA,20110128,11.05,11.05,10.47,10.66,181100
LKFN,20110128,21.78,21.8,20.55,21.11,113200
LLEN,20110128,8.63,8.64,8.06,8.24,786400
LLNW,20110128,6.36,6.53,6.32,6.42,1418700
LLTC,20110128,35.51,35.59,34.39,34.58,3516800
LMAT,20110128,7.05,7.15,7,7.05,20700
LMCA,20110128,65.46,65.92,64.1,65.05,236400
LMIA,20110128,18.78,18.78,17.92,18.22,45800
LMNR,20110128,24.87,25.75,22.24,22.24,33000
LMNX,20110128,17.37,17.49,16.78,16.9,159300
LNBB,20110128,5.21,5.33,5.15,5.28,2300
LNCE,20110128,21.5,21.5,20.5,20.72,218300
LNDC,20110128,6.56,6.59,6.32,6.32,90400
LOAN,20110128,1.38,1.48,1.37,1.37,6200
LOCM,20110128,4.37,4.38,4.04,4.1,1346200
LOGI,20110128,19.1,19.27,18.81,19.13,1428500
LOGM,20110128,39.35,39.64,38.5,38.8,288100
LOJN,20110128,6.85,6.93,6.35,6.37,90900
LONG,20110128,17.61,17.61,17,17.11,2300
LOOK,20110128,1.77,1.77,1.75,1.75,119000
LOPE,20110128,18.38,18.65,17.91,18.15,241100
LORL,20110128,76.29,76.79,74.13,74.46,51700
LPHI,20110128,12.32,12.32,10.67,10.92,428800
LPLA,20110128,33.11,33.44,32.69,33.08,181400
LPNT,20110128,35.43,35.56,34.77,34.96,354600
LPSB,20110128,9.45,9.45,9.45,9.45,300
LPSN,20110128,11.14,11.14,10.5,10.64,271500
LPTH,20110128,1.73,1.73,1.63,1.67,13500
LQDT,20110128,13.83,13.95,13.52,13.81,153300
LRAD,20110128,2.2,2.25,2.13,2.19,40600
LRCX,20110128,52.23,52.23,48.94,49.63,2967500
LSBI,20110128,14.96,15.99,14.96,15.99,1900
LSBK,20110128,9.35,9.35,9.35,9.35,0
LSCC,20110128,6.4,6.56,6.11,6.14,5384100
LSTR,20110128,42.18,42.18,40.68,40.8,299800
LTBR,20110128,5.88,5.88,5.69,5.76,36400
LTON,20110128,1.51,1.51,1.47,1.49,29000
LTRE,20110128,8.76,8.76,8.34,8.34,17900
LTRX,20110128,3.54,3.54,3.54,3.54,0
LTXC,20110128,8.99,9.03,8.63,8.64,1409700
LUFK,20110128,63.57,65.47,63,64.52,251800
LULU,20110128,35.165,35.625,34.01,34.305,1464000
LUNA,20110128,1.94,2,1.86,2,29100
LWAY,20110128,9.45,9.45,9.05,9.09,15300
LXRX,20110128,1.82,1.88,1.72,1.72,1188500
LYTS,20110128,7.73,7.79,7.35,7.65,155300
MAGS,20110128,2.88,2.92,2.8,2.82,4600
MAKO,20110128,15.75,15.96,15.4,15.47,282800
MANH,20110128,30.27,30.46,29.37,29.96,195000
MANT,20110128,40.1,40.37,39.91,40.06,313500
MARPS,20110128,21.77,22.5,21.75,21.76,3600
MASC,20110128,6.52,7.14,6.5,6.95,181900
MASI,20110128,28.42,28.45,27.58,27.58,315500
MAT,20110128,24.33,24.41,23.49,23.51,2820100
MATW,20110128,36.13,36.15,35.37,35.38,138300
MAXY,20110128,3.99,4,3.87,3.92,154900
MAYS,20110128,19.4,19.4,19.4,19.4,0
MBFI,20110128,18.14,19.96,18.14,19.32,762700
MBLX,20110128,9.08,9.2,8.38,8.83,324000
MBND,20110128,3.07,3.12,3.07,3.12,1600
MBRG,20110128,14.62,14.84,14.6,14.74,2700
MBTF,20110128,1.92,1.92,1.8,1.8,32300
MBVT,20110128,27.52,27.68,26.92,27.12,22400
MBWM,20110128,9.38,9.39,9.05,9.16,5600
MCBC,20110128,4.23,4.4,4.16,4.22,27100
MCBI,20110128,3.95,3.95,3.85,3.93,12200
MCGC,20110128,7.19,7.23,6.9,6.91,402800
MCHP,20110128,38.18,38.25,36.65,36.89,3510500
MCHX,20110128,9.54,9.57,9.28,9.4,94600
MCOX,20110128,30.05,30.4,29.15,29.25,104900
MCRI,20110128,11.45,11.61,10.72,10.73,33900
MCRL,20110128,13.33,13.97,13.1,13.43,948800
MCRS,20110128,45.99,47.27,44.69,45.05,598300
MDAS,20110128,20.13,20.16,19.69,19.77,405700
MDCA,20110128,17.17,17.22,16.51,16.81,47500
MDCI,20110128,8.6,8.65,8.26,8.27,45500
MDCO,20110128,16.11,16.11,15.28,15.37,372600
MDH,20110128,2.85,2.98,2.76,2.93,11200
MDRX,20110128,20.96,21.25,20.5,20.84,2352000
MDSO,20110128,25.22,25.26,24.77,24.84,106700
MDVN,20110128,13.89,13.99,13.27,13.5,451800
MEAD,20110128,3.61,3.69,3.52,3.69,900
MEAS,20110128,28.25,28.25,26.77,26.8,98600
MELA,20110128,3.02,3.04,2.82,2.88,612700
MELI,20110128,69.52,70.79,67.09,67.14,851500
MEMS,20110128,3.15,3.15,3.1,3.1,6300
MENT,20110128,12.71,12.85,12.51,12.61,1144500
MEOH,20110128,28.79,28.82,27.49,27.57,1940400
MERC,20110128,8.6,8.7,8.36,8.45,136800
MERU,20110128,18.25,18.31,17.86,17.95,42300
METR,20110128,12.69,12.69,11.91,12.01,75400
MFI,20110128,4.09,4.15,4,4.15,9000
MFLR,20110128,9.15,9.15,9.15,9.15,1100
MFLX,20110128,28.89,28.89,28.25,28.52,130500
MFNC,20110128,6,6,6,6,0
MFRI,20110128,11.02,11.08,10.79,10.81,9100
MFSF,20110128,9.81,9.81,9.8,9.8,5000
MGAM,20110128,5.69,5.69,5.34,5.39,145700
MGEE,20110128,42.61,42.63,41.25,41.36,69300
MGIC,20110128,8.42,8.99,8.2,8.23,2063700
MGLN,20110128,49.47,49.77,48.43,48.46,177700
MGPI,20110128,10,10.33,9.55,9.57,45700
MGRC,20110128,25.58,25.58,25.06,25.19,106100
MGYR,20110128,4.15,4.15,4.15,4.15,800
MHGC,20110128,9.65,9.65,8.93,9.01,121700
MHLD,20110128,8.25,8.32,8,8.05,203700
MIDD,20110128,83.83,84.11,81.31,81.7,91000
MIND,20110128,11.13,11.13,10.92,11.06,30400
MINI,20110128,20.78,20.88,20.06,20.28,203200
MITL,20110128,5.61,5.61,5.41,5.5,20200
MKSI,20110128,28.8,29.23,28.25,28.28,750100
MKTAY,20110128,43.18,43.79,42.24,42.59,10500
MKTX,20110128,20.99,21,20.18,20.35,121800
MLAB,20110128,29.32,29.32,28.42,28.42,1900
MLHR,20110128,24.85,24.89,23.77,24.01,323200
MLNK,20110128,6.43,6.52,6.2,6.2,239400
MLNX,20110128,28.2,28.85,26.64,26.72,427400
MLVF,20110128,7.87,7.87,7.87,7.87,0
MMLP,20110128,41.63,42.35,41.42,41.68,74500
MMSI,20110128,11.84,11.936,11.424,11.68,231000
MMUS,20110128,5.1,5.1,5.1,5.1,0
MMYT,20110128,29.03,29.15,28.19,28.73,81800
MNDO,20110128,2.69,2.7,2.63,2.63,29200
MNKD,20110128,5.25,5.27,5.04,5.05,3683200
MNOV,20110128,4.75,5,4.75,4.98,2900
MNRK,20110128,7.1583,7.2083,6.9667,7.1417,13000
MNRO,20110128,33.74,33.88,33,33.1,345700
MNST,20110128,27.925,28.375,27.475,27.575,599600
MNTA,20110128,12.99,13.14,12.4,12.48,1451100
MNTG,20110128,2.32,2.4,2.24,2.33,20000
MNTX,20110128,5.39,5.44,5.21,5.38,78600
MOBI,20110128,6.36,6.6,6.04,6.3,345600
MOCO,20110128,12.62,12.99,12.62,12.76,1700
MOFG,20110128,13.92,14.18,13.87,13.87,20800
MOLX,20110128,26.85,26.93,25.74,25.81,1723500
MOLXA,20110128,22.25,22.4,21.47,21.5,156500
MORN,20110128,53.54,53.84,52.75,52.8,36800
MOSY,20110128,6.01,6.04,5.73,5.75,141500
MOVE,20110128,8.32,8.56,8.16,8.48,1677400
MPAA,20110128,14.65,14.83,14.23,14.33,58400
MPAC,20110128,5.21,5.3,5.2,5.3,800
MPB,20110128,8.98,10.15,8.98,9.86,9100
MPEL,20110128,7.5,7.79,7.3,7.47,6624300
MPET,20110128,2.69,2.69,2.56,2.61,453200
MPWR,20110128,14.99,15.04,14.51,14.65,399000
MRCY,20110128,19.64,19.7,18.8,18.84,139700
MRGE,20110128,4.38,4.38,4.17,4.22,264600
MRLN,20110128,12.97,13,12.79,12.87,31000
MRTN,20110128,21.28,21.34,20.87,21.11,107400
MRVL,20110128,20.25,20.31,19.09,19.16,17031800
MSBF,20110128,6,6,6,6,0
MSCC,20110128,23.33,23.38,22.1,22.35,1793600
MSEX,20110128,18.3,18.45,17.67,17.67,62200
MSFG,20110128,9.89,9.89,9.21,9.23,76400
MSFT,20110128,28.9,28.93,27.45,27.75,141259100
MSG,20110128,25.02,25.33,24.64,24.91,153700
MSON,20110128,2.29,2.44,2.28,2.44,1500
MSPD,20110128,7.25,7.35,6.97,7.03,767100
MSTR,20110128,105.73,108.45,104.51,105.45,215500
MTEX,20110128,17.8,17.8,16.7,16.9,54100
MTRX,20110128,11.27,11.35,10.79,10.92,88800
MTSC,20110128,38.39,38.39,36.97,37.17,50300
MTSL,20110128,2,2,1.83,1.89,25900
MTSN,20110128,2.41,2.42,2.3,2.31,358800
MU,20110128,10.76,10.77,10.16,10.37,51669100
MVIS,20110128,16,16.24,15.2,15.2,984200
MVISW,20110128,0.52,0.69,0.52,0.69,6600
MWIV,20110128,63.5,63.5,60.38,62.62,173200
MXIM,20110128,26.56,26.61,25.43,25.84,4396200
MXWL,20110128,18.06,18.1,17.43,17.75,202400
MYGN,20110128,20.02,21.29,19.02,19.3,7079600
MYL,20110128,23.76,23.85,22.88,22.91,4806400
MYRG,20110128,21.99,21.99,21.04,21.3,124300
NAFC,20110128,38.15,38.42,37.93,38.29,89000
NAII,20110128,5.25,5.34,5.25,5.27,2100
NANO,20110128,17.59,17.82,16.57,16.99,678400
NASB,20110128,16.36,16.36,15.27,15.31,9300
NATH,20110128,16.53,16.7,16.24,16.4,2800
NATI,20110128,29.1467,29.36,28.1333,28.3267,576900
NATL,20110128,21.72,21.72,20.87,21.25,28800
NATR,20110128,8.37,8.37,7.75,7.85,19300
NAUH,20110128,6.86,6.86,6.66,6.7,27700
NAVG,20110128,51.01,51.01,49.2,49.25,41000
NAVR,20110128,2.1,2.12,2.08,2.1,22500
NBBC,20110128,5.29,5.29,5,5.14,104000
NBIX,20110128,7.54,7.61,7.27,7.42,480700
NBN,20110128,15.31,15.34,15.24,15.3,1100
NBTB,20110128,24.23,24.3,23.3,23.56,115100
NBTF,20110128,23.75,23.75,23.5,23.5,1100
NCBC,20110128,5.02,5.5,5.02,5.24,1800
NCIT,20110128,21.84,21.84,20.7,21.12,53100
NCMI,20110128,17.9,18.12,17.22,17.46,243000
NCTY,20110128,8,8,7.73,7.81,36200
NDAQ,20110128,25.14,25.21,24.32,24.5,2189700
NDSN,20110128,46.585,47,45.62,46.035,212700
NECB,20110128,6.15,6.3,6.1,6.29,212400
NEOG,20110128,37.9,37.9,35.9,36.2,94900
NEPT,20110128,2.1,2.13,2.04,2.06,72700
NETC,20110128,11.71,11.71,11.2,11.25,74800
NEWL,20110128,2.44,2.55,2.44,2.44,2600
NEWP,20110128,17.68,18.38,17.26,17.47,694500
NEWS,20110128,10.14,10.38,9.64,9.73,97700
NEWT,20110128,1.89,1.89,1.86,1.88,700
NFBK,20110128,13.5,13.52,12.75,12.76,39300
NFEC,20110128,4.64,4.64,4.42,4.42,4400
NFLX,20110128,211.69,218,208.65,217.98,8976200
NFSB,20110128,12.41,12.8,12.41,12.8,800
NGPC,20110128,9.38,9.76,9.13,9.15,90000
NHTB,20110128,12.95,13.29,12.9,13.2,10800
NICE,20110128,34.83,34.84,33.26,33.4,180900
NICK,20110128,12.49,12.49,12.07,12.12,29200
NIHD,20110128,44.08,44.17,42.25,42.4,1717500
NILE,20110128,58.79,58.79,56.61,57.07,182000
NINE,20110128,1.42,1.42,1.41,1.42,2400
NKSH,20110128,28.91,28.91,28.01,28.02,12300
NKTR,20110128,11.6,11.64,11.23,11.28,1156700
NLST,20110128,2.17,2.2,2.12,2.18,202700
NMRX,20110128,9.3,9.51,9.15,9.2,25400
NNBR,20110128,13.55,13.58,12.83,12.96,119800
NOVB,20110128,9,9,8.5,8.75,1400
NPBC,20110128,8.55,8.57,8.08,8.17,1129800
NPSP,20110128,7.68,7.86,7.43,7.61,731000
NRCI,20110128,31.64,31.64,30.47,30.47,2200
NRIM,20110128,18.75,18.92,18.71,18.9,3500
NSEC,20110128,11.75,12,11.75,12,700
NSIT,20110128,14.81,14.88,14,14.35,205900
NSPH,20110128,3.86,3.89,3.62,3.62,54400
NSSC,20110128,1.79,1.82,1.76,1.82,1000
NSYS,20110128,4.11,4.16,4.11,4.16,300
NTAP,20110128,55.24,55.85,53.51,54.03,4921800
NTCT,20110128,24.02,24.35,23.04,23.27,327500
NTES,20110128,40.22,40.67,39.55,40.02,515400
NTGR,20110128,35.81,36,34.15,34.18,274700
NTIC,20110128,14.51,14.51,14.51,14.51,0
NTLS,20110128,19.88,20.04,19.72,19.84,190100
NTRI,20110128,19.3,19.34,18.84,18.86,196900
NTRS,20110128,52.1,53.04,51.42,51.69,2161100
NTSC,20110128,7.75,7.75,7.56,7.74,1100
NTSP,20110128,13.95,14.16,13.71,14,279900
NTWK,20110128,22.8,22.8,20.8,20.8,1535900
NUAN,20110128,20.62,20.65,19.93,20.14,1811800
NUCL,20110128,45.49,45.51,44.9,44.9,1800
NURO,20110128,3.42,3.6,3.3,3.42,159400
NUTR,20110128,13.66,13.75,13.31,13.45,90400
NUVA,20110128,28.78,28.8,27.23,27.46,1053000
NVAX,20110128,2.25,2.27,2.15,2.15,883300
NVDA,20110128,24.53,24.94,23.2,23.76,27373400
NVEC,20110128,60.38,61.07,57,57.03,44900
NVGN,20110128,1.25,1.25,1.01,1.05,344500
NVMI,20110128,10.12,10.18,8.82,9.21,561600
NVSL,20110128,8.88,8.88,8.73,8.79,1700
NVTL,20110128,7.51,7.51,7.13,7.15,355700
NWBI,20110128,11.85,11.89,11.69,11.71,933200
NWFL,20110128,27,27.95,27,27.95,700
NWLI,20110128,172.55,174.52,171.31,172.03,15100
NWPX,20110128,21.79,21.93,21.14,21.44,59900
NWS,20110128,17.09,17.25,16.62,16.7,2724600
NWSA,20110128,15.64,15.77,14.99,15.08,21375300
NXPI,20110128,26,26.05,24.25,24.57,1013900
NXST,20110128,5.15,5.25,4.83,4.84,23900
NXTM,20110128,23.95,24,23.57,23.77,297600
NYMT,20110128,7.25,7.25,7.17,7.18,31200
NYMX,20110128,6.98,7.06,6.73,6.81,125000
NYNY,20110128,0.9,0.91,0.86,0.87,95400
OABC,20110128,14.97,14.97,14.54,14.8,53300
OBAF,20110128,14.15,14.23,14.05,14.05,2700
OBAS,20110128,8,8,7.7,7.7,16100
OBCI,20110128,2.06,2.1,2.03,2.04,25600
OCFC,20110128,13.74,13.81,13.31,13.35,51200
OCLR,20110128,13.35,13.47,12.8,13.27,2209500
OCLS,20110128,14.28,14.42,14.07,14.28,25300
OCZ,20110128,8.13,8.18,7.55,7.74,993400
ODFL,20110128,22.1667,22.1667,21.4533,21.46,298300
OFED,20110128,12,12.06,11.81,12,21600
OFIX,20110128,29.9,29.95,28.59,28.78,116900
OFLX,20110128,13.14,13.61,12.3,12.4,8900
OGXI,20110128,16.04,16.04,15.78,15.89,55200
OIIM,20110128,6.95,6.95,6.41,6.6,505600
OINK,20110128,5.52,5.6,5.28,5.34,74400
OKSB,20110128,14.65,14.82,13.82,13.98,127900
OKSBP,20110128,27.07,27.07,27.07,27.07,0
OLBK,20110128,8.44,8.44,8.44,8.44,0
OMAB,20110128,15.43,15.5,15.3,15.42,49100
OMCL,20110128,13.95,14.01,12.86,13.5,401000
OMER,20110128,6.47,6.55,6.24,6.24,142000
OMEX,20110128,3.34,3.35,3.1,3.2,311700
OMPI,20110128,10.7,10.7,10.48,10.59,62100
ONCY,20110128,6.17,6.44,6,6.36,338900
ONEQ,20110128,108.81,108.81,105.57,105.9,36400
ONFC,20110128,8.1,8.2,8.08,8.08,1900
ONNN,20110128,11.38,11.41,10.87,10.93,10914900
ONTY,20110128,3.16,3.16,3.06,3.08,46600
ONVI,20110128,4.05,4.5,4.05,4.28,1600
ONXX,20110128,35.61,35.82,34.32,34.51,788300
OPEN,20110128,78.95,79.99,75.51,77.32,650200
OPHC,20110128,3.54,3.54,3.54,3.54,400
OPLK,20110128,23.82,24.43,22.99,23.77,1745700
OPOF,20110128,11.36,11.99,11.35,11.4,1800
OPTR,20110128,11.29,11.3,10.65,10.66,252200
OPTT,20110128,5.46,5.6,5.26,5.37,32800
OPXA,20110128,10.6,10.6,9.44,10.16,339300
ORBC,20110128,2.84,2.99,2.82,2.98,62300
ORBK,20110128,14.87,14.99,14.76,14.79,121300
ORBT,20110128,3.82,3.82,3.5,3.73,15500
ORCL,20110128,33.2,33.3,31.83,32,30820300
OREX,20110128,8.73,8.93,8.19,8.32,3619600
ORIT,20110128,12.13,12.14,11.85,12,329300
ORLY,20110128,57.64,57.77,56.44,56.51,1092400
ORRF,20110128,27.37,27.71,26.04,26.04,14500
OSBC,20110128,1.54,1.55,1.49,1.5,118500
OSBCP,20110128,3.62,3.84,3.61,3.8,2900
OSHC,20110128,12.05,12.05,11.88,11.88,400
OSIR,20110128,7.08,7.12,6.57,6.59,201900
OSIS,20110128,38.05,38.13,36.97,37.27,119500
OSN,20110128,4.35,4.35,4.1,4.25,46800
OSTK,20110128,15.35,15.36,14.63,14.83,126400
OSUR,20110128,6.8,6.8,6.32,6.44,202000
OTEX,20110128,49.25,49.88,48.84,48.87,283200
OTIV,20110128,3.94,4.02,3.58,3.8,328600
OTT,20110128,19.46,19.52,18.88,19.31,43600
OTTR,20110128,23.06,23.19,22.63,22.69,137400
OUTD,20110128,8.19,8.25,7.93,7.95,48700
OVBC,20110128,19.4,19.4,19.4,19.4,0
OVLY,20110128,6.04,6.05,5.9,5.95,4200
OVRL,20110128,2.47,2.47,2.25,2.27,45800
OVTI,20110128,27.43,27.78,26,26.01,1746500
OXBT,20110128,1.93,1.98,1.9,1.9,20600
OXGN,20110128,0.2,0.2,0.19,0.2,1551800
OXLC,20110128,20,20.1,19.9,20,2800
OZRK,20110128,21.97,22.11,21.34,21.46,63900
PAAS,20110128,32.03,33.53,31.87,33.22,2035400
PACB,20110128,15.45,15.51,14.99,15.08,197200
PACR,20110128,6.77,6.77,6.43,6.5,789100
PACW,20110128,20.56,20.78,19.99,20.03,195400
PAGG,20110128,33,33,32.15,32.36,68000
PANL,20110128,34.01,34.73,33.5,33.57,370300
PATH,20110128,7.66,7.75,7.15,7.21,80800
PATK,20110128,2.05,2.1,2.04,2.05,38800
PATR,20110128,31.3,31.3,29.63,29.63,10700
PAYX,20110128,32.53,32.53,31.6,31.69,2415500
PBCT,20110128,13.25,13.31,12.93,12.96,6592900
PBHC,20110128,8.4,8.4,8.4,8.4,0
PBIB,20110128,10,10.15,9.73,9.8,17800
PBIP,20110128,6.57,6.75,6.57,6.75,1200
PCAR,20110128,56.86,56.88,54.29,54.82,2707800
PCBK,20110128,10.42,10.49,10.09,10.19,49500
PCCC,20110128,9,9.1,8.56,8.56,50300
PCH,20110128,37.6,37.71,36.6,36.75,350400
PCLN,20110128,435.63,439,424,425.31,1278500
PCTI,20110128,7.01,7.02,6.92,7,80000
PCYC,20110128,5.23,5.28,4.88,4.88,681400
PCYO,20110128,4.08,4.1,3.94,3.94,14900
PDCO,20110128,33.18,33.29,32.83,32.98,1043000
PDEX,20110128,2.1,2.1,2.1,2.1,0
PDFS,20110128,5.75,5.99,5.57,5.67,137400
PDII,20110128,9.18,9.18,8.33,8.37,28300
PDLI,20110128,5.07,5.07,4.88,4.93,1829500
PEBK,20110128,6.15,6.15,6.15,6.15,0
PEBO,20110128,13.79,14.08,13.06,13.45,85800
PEGA,20110128,33.71,34.23,32.94,33.58,326600
PEIX,20110128,0.89,0.89,0.85,0.86,1084000
PENN,20110128,37.21,37.46,36.16,36.38,702500
PENX,20110128,6.22,6.27,6.03,6.1,28200
PEOP,20110128,14.25,14.37,14.11,14.37,32200
PERF,20110128,7.94,7.94,7.94,7.94,100
PERY,20110128,29.1,29.42,28.32,28.37,89800
PESI,20110128,1.55,1.62,1.49,1.58,147200
PETM,20110128,40.95,41.2,39.93,40.17,839000
PETS,20110128,15.29,15.5,14.86,14.91,363300
PFBC,20110128,1.95,1.97,1.8,1.86,22100
PFBI,20110128,6.55,6.55,6.55,6.55,3600
PFBX,20110128,13.92,13.94,13.92,13.94,300
PFIN,20110128,3.73,3.73,3.73,3.73,0
PFSW,20110128,3.33,3.48,3.28,3.41,101600
PGC,20110128,13.64,13.7,13.2,13.25,26500
PGNX,20110128,5.95,5.95,5.56,5.6,274500
PGTI,20110128,2.44,2.46,2.37,2.39,47400
PHII,20110128,22.14,22.6,22.14,22.6,1900
PHIIK,20110128,20.78,20.82,20.08,20.51,54300
PHMD,20110128,5.36,5.42,5.36,5.42,200
PICO,20110128,31.87,31.87,30.8,30.86,85300
PKBK,20110128,9.71,10.19,9.7,9.7,6100
PKOH,20110128,22.55,23,21,21.25,68000
PLAB,20110128,6.72,6.79,6.5,6.54,559300
PLBC,20110128,2.75,2.81,2.7,2.8,3000
PLCC,20110128,1.07,1.07,1.07,1.07,100
PLCE,20110128,43.47,43.7,42.12,42.27,573100
PLCM,20110128,22.005,22.085,21.495,21.725,1082800
PLNR,20110128,2.54,2.54,2.4,2.42,18600
PLPC,20110128,64,64.29,61.51,61.51,13300
PLTM,20110128,33.33,33.37,32.31,32.38,13400
PLUG,20110128,0.8,0.83,0.75,0.75,926100
PLUS,20110128,25.42,25.42,24.55,24.55,6700
PLXS,20110128,27.89,28.1,27.02,27.14,271000
PLXT,20110128,3.37,3.41,3.19,3.19,290600
PMBC,20110128,3.75,3.82,3.71,3.82,2100
PMCS,20110128,7.95,8.04,7.7,7.77,25728800
PMD,20110128,8.36,8.59,8.35,8.36,6800
PMFG,20110128,16.24,16.24,14.96,15.91,62700
PMNA,20110128,13.46,13.53,13,13.08,38700
PMTC,20110128,22.68,22.94,21.78,21.79,2178200
PMTI,20110128,15.37,15.78,15,15.15,175500
PNBK,20110128,2.4,2.46,2.35,2.35,9900
PNFP,20110128,14.41,14.46,13.9,13.91,209500
PNNT,20110128,12.58,12.66,12.16,12.16,186800
PNQI,20110128,36.39,36.39,35.68,35.72,9600
PNRA,20110128,97.09,97.49,94.78,94.86,359300
PNRG,20110128,20.84,21.14,20.84,21.14,1300
PNTR,20110128,5.96,5.96,5.96,5.96,0
PODD,20110128,16.98,17.07,16.48,16.61,219400
POOL,20110128,24.82,25.09,24.26,24.35,480000
POPE,20110128,38.5,39.5,37.92,38.5,4600
POWI,20110128,37.47,37.78,36.54,36.64,281300
POWL,20110128,38.49,38.6,37.55,37.7,63900
POWR,20110128,7.51,7.57,7.11,7.25,79500
POZN,20110128,6.65,6.65,6.19,6.2,199600
PPBI,20110128,6.5,6.59,6.5,6.58,1200
PPHM,20110128,2.53,2.68,2.38,2.38,842700
PRAA,20110128,72.56,72.82,71.59,71.7,80600
PRAN,20110128,1.32,1.32,1.26,1.27,61500
PRCP,20110128,5.31,5.37,5.31,5.37,27300
PRFT,20110128,12.09,12.09,11.35,11.45,153800
PRFZ,20110128,65.81,65.81,64,64.28,21200
PRGO,20110128,74.1,74.45,72.69,72.79,660400
PRGS,20110128,28.6867,28.9933,28.2467,28.4533,414800
PRGX,20110128,6.19,6.23,6.1,6.13,116800
PRIM,20110128,8.72,8.73,8.31,8.31,69800
PRKR,20110128,0.58,0.58,0.47,0.54,689900
PRLS,20110128,3.18,3.26,3.18,3.2,2100
PRMW,20110128,11.9,12.39,11.51,11.93,32900
PROV,20110128,7.51,7.7,7.51,7.65,51500
PRPH,20110128,1.36,1.38,1.36,1.38,200
PRSC,20110128,14.79,14.79,14.19,14.24,92700
PRTS,20110128,9.21,9.21,8.56,8.67,110000
PRXI,20110128,1.58,1.61,1.58,1.61,36500
PRXL,20110128,23,23.3,22.81,23.09,1951900
PSAU,20110128,43.84,44.47,43.83,43.83,29200
PSBH,20110128,4.6,4.65,4.6,4.65,700
PSDV,20110128,4.83,4.9,4.68,4.88,120400
PSEC,20110128,11.6,11.62,11.36,11.38,1102200
PSEM,20110128,10.42,10.42,9.73,9.74,104600
PSMT,20110128,38.22,38.22,36.7,36.8,121600
PSTB,20110128,5.57,5.75,5.42,5.69,24200
PSTI,20110128,3.15,3.2,3.08,3.13,2104100
PSTR,20110128,4.26,4.32,4.11,4.29,46900
PSUN,20110128,4.38,4.47,4.21,4.27,1228500
PTEK,20110128,0.7,0.77,0.7,0.75,177200
PTEN,20110128,22.4,23.24,22.4,22.78,5987600
PTIE,20110128,6.45,6.45,6.04,6.13,164200
PTIX,20110128,1.7,1.75,1.69,1.7,18900
PTNR,20110128,20.54,20.71,19.84,20.04,1228000
PTRY,20110128,17.19,17.19,16.56,16.58,131700
PTSI,20110128,12.08,12.08,11.22,11.22,6500
PTSX,20110128,0.9,0.9,0.9,0.9,0
PULB,20110128,7.53,7.53,7.34,7.46,7600
PURE,20110128,2.05,2.06,2,2.01,175800
PVFC,20110128,1.81,1.92,1.8,1.82,27400
PVTB,20110128,15.53,15.55,14.89,15.13,511200
PVTBP,20110128,26.75,26.75,26.45,26.45,800
PWER,20110128,10.66,10.69,10.34,10.39,4376400
PWOD,20110128,38.13,38.4,36.57,36.6,17300
PWRD,20110128,23.15,23.4,22.54,22.69,428700
PWX,20110128,16.5,18.05,16.48,18.05,4900
PXLW,20110128,3.45,3.64,3.39,3.4,213400
PZZA,20110128,29.09,29.17,28.57,28.58,119700
PZZI,20110128,1.91,1.95,1.91,1.91,3500
QABA,20110128,25.25,25.25,24.76,24.76,3400
QADA,20110128,8.8,9,8.66,8.75,30900
QADB,20110128,9.37,9.98,9.19,9.2,3400
QBAK,20110128,1.94,1.94,1.9,1.9,6300
QCCO,20110128,4.01,4.02,3.99,4.02,800
QCLN,20110128,17.07,17.09,16.58,16.63,33100
QCOM,20110128,54.1,54.69,53.39,53.74,22937900
QCOR,20110128,15.96,16,15.32,15.64,795500
QCRH,20110128,7.77,7.8,7.75,7.75,5400
QDEL,20110128,13.86,13.92,13.1,13.12,168200
QGEN,20110128,18.67,18.7,18.02,18.13,1314300
QKLS,20110128,79.2,79.92,78,79.68,44700
QLGC,20110128,18.01,18.16,17.52,17.65,2655600
QLIK,20110128,23.99,23.99,23.01,23.09,470500
QLTI,20110128,7,7.25,6.93,7.22,247200
QLTY,20110128,10.4,11.07,9.73,9.75,221000
QNST,20110128,22.43,22.51,22.26,22.43,477500
QQEW,20110128,24.87,24.87,24.12,24.17,23100
QQQ,20110128,57.16,57.22,55.47,55.73,123359800
QQQX,20110128,14.8,14.8,14.46,14.55,64100
QQXT,20110128,21.82,21.82,21.28,21.33,10700
QSII,20110128,38.265,39.795,37.775,38.725,688400
QTEC,20110128,27.34,27.35,26.36,26.54,306400
QTWW,20110128,0.47,0.47,0.44,0.45,781300
QUIK,20110128,6.02,6.05,5.73,5.84,383900
RADA,20110128,2.79,2.79,2.79,2.79,100
RAIL,20110128,29.43,29.64,28.69,28.85,66100
RAND,20110128,3.11,3.11,3.11,3.11,0
RAVN,20110128,23.82,23.905,22.525,22.71,53000
RBCAA,20110128,20.32,20.32,18.17,18.6,201800
RBCN,20110128,19.1,19.1,18.5,18.9,608300
RBNF,20110128,4.25,4.25,3.63,3.71,17400
RBPAA,20110128,1.65,1.65,1.6,1.6,400
RCII,20110128,30.89,30.89,29.82,29.91,509400
RCKB,20110128,14.9,14.9,14.8,14.8,62700
RCKY,20110128,11.3,11.3,11.02,11.03,15800
RCMT,20110128,4.68,4.7,4.56,4.63,39800
RCON,20110128,4.28,4.36,4.14,4.36,12200
RDA,20110128,13.3,13.52,13.3,13.48,2100
RDCM,20110128,13.26,13.29,12.95,13.16,42300
RDEN,20110128,24.99,25.98,24.89,25.45,292100
RDI,20110128,4.98,5.06,4.97,5,5900
RDIB,20110128,9,9,9,9,0
RDNT,20110128,3.41,3.55,3.25,3.5,198700
RDWR,20110128,18.65,18.83,18.23,18.55,447200
RECN,20110128,20.22,20.22,19.71,19.86,303800
REDF,20110128,7.1,7.5,7.01,7.05,872000
REFR,20110128,6.9,6.97,6.61,6.65,68900
REGN,20110128,34.91,34.91,33.36,33.45,361100
REIS,20110128,6.94,6.95,6.94,6.95,300
RELL,20110128,12.97,12.97,12.6,12.9,162100
RELV,20110128,2.34,2.35,2.11,2.22,4600
RENT,20110128,27.33,27.33,26.7,26.98,34500
REXI,20110128,7,7,6.88,6.91,16500
REXX,20110128,11.8,11.89,11.5,11.56,721300
RFIL,20110128,3.45,3.45,3.45,3.45,0
RFMD,20110128,6.93,6.93,6.63,6.79,11431600
RGCO,20110128,15.895,15.895,15.525,15.525,600
RGDX,20110128,2.3,2.36,2.29,2.33,1000
RGEN,20110128,5.28,5.28,5.08,5.1,48100
RGLD,20110128,46.03,47.25,45.87,46.62,478300
RICK,20110128,8.89,8.9,8.55,8.82,69800
RIGL,20110128,6.94,6.96,6.81,6.82,195800
RIMG,20110128,14.42,14.42,14.15,14.15,23000
RITT,20110128,5.94,5.94,5.54,5.56,12700
RIVR,20110128,15.55,15.55,15.55,15.55,0
RJET,20110128,6.43,6.45,6.23,6.28,896800
RLOC,20110128,22.48,22.73,21.27,22.1,159200
RLOG,20110128,5.27,5.27,5.1,5.1,2700
RMBS,20110128,21.04,21.54,20.54,20.61,1240900
RMCF,20110128,10.32,10.39,10.01,10.08,29300
RMKR,20110128,1.39,1.4,1.33,1.4,5900
RMTI,20110128,9.5,9.5,9.37,9.37,18100
RNET,20110128,13.45,13.62,13.1,13.44,96100
RNIN,20110128,7.05,7.25,6.9,7.05,74000
RNST,20110128,16.49,16.49,15.78,16.07,66300
RNWK,20110128,3.95,3.95,3.77,3.77,449500
ROCK,20110128,11.84,12.01,11.02,11.07,159100
ROCM,20110128,10.69,10.72,10.17,10.3,37000
ROIA,20110128,1.35,1.35,1.27,1.31,1700
ROIAK,20110128,1.3,1.33,1.24,1.26,381800
ROIC,20110128,9.89,9.9,9.72,9.75,220700
ROICW,20110128,0.68,0.69,0.67,0.69,26600
ROLL,20110128,36.69,36.69,34.36,34.69,96900
ROMA,20110128,10.49,10.49,10.26,10.29,29900
ROSE,20110128,36.73,37.93,36.55,37.66,749300
ROSG,20110128,12.6,12.75,12.3,12.45,50300
ROST,20110128,33.54,33.605,32.64,32.73,929800
ROVI,20110128,63.5,64.16,60.53,60.97,3132900
ROYL,20110128,2.28,2.28,2.2,2.26,33800
RP,20110128,28.23,29.22,27.17,27.2,144300
RPRX,20110128,2.71,2.74,2.6,2.63,156200
RPTP,20110128,3.78,3.82,3.7,3.73,230800
RRD,20110128,18.08,18.1,17.51,17.72,2357400
RRGB,20110128,21,21,20.51,20.65,254700
RRST,20110128,7.62,7.71,7.6,7.6,5200
RSOL,20110128,2.88,2.88,2.71,2.77,27000
RSTI,20110128,38.4,38.95,38.28,38.52,351800
RSYS,20110128,8.65,8.7,8.45,8.46,75400
RTEC,20110128,10.22,10.45,9.7,9.76,439900
RTIX,20110128,2.69,2.7,2.55,2.59,274400
RUE,20110128,29.65,30.08,29.08,29.25,68300
RUSHA,20110128,19.86,19.96,18.78,18.87,203100
RUSHB,20110128,17.12,17.12,16.23,16.23,14400
RUTH,20110128,4.95,4.97,4.55,4.7,853300
RVBD,20110128,37,37.84,35.32,35.53,9174800
RVSB,20110128,2.92,3.15,2.9,2.99,95100
RYAAY,20110128,30.35,30.45,30.13,30.25,729100
SAAS,20110128,3.17,3.26,3.15,3.23,24300
SAFM,20110128,41.82,41.85,40.83,41.03,308700
SAFT,20110128,49.72,49.72,48.42,48.68,36100
SAIA,20110128,15.4,15.41,14.69,14.85,53200
SALM,20110128,3.08,3.2,3.08,3.2,9300
SANM,20110128,15.38,15.6,14.86,14.87,2808200
SANW,20110128,4.83,4.83,4.61,4.64,12900
SANWW,20110128,0.73,0.73,0.73,0.73,200
SANWZ,20110128,0.38,0.38,0.36,0.36,500
SAPE,20110128,12.52,12.55,11.75,11.79,1641300
SASR,20110128,19.45,19.64,18.31,18.97,84500
SATS,20110128,27.65,27.7,26.87,26.89,288700
SBAC,20110128,41.08,41.23,40.71,40.95,911400
SBBX,20110128,6.02,6.02,6.02,6.02,0
SBCF,20110128,1.66,1.69,1.59,1.69,297500
SBGI,20110128,8.53,8.57,8.23,8.43,451200
SBLK,20110128,39.6,39.6,38.55,39,143400
SBNY,20110128,53.66,54.04,52.34,52.57,263600
SBNYW,20110128,30.83,30.83,28.59,30.45,800
SBRA,20110128,18.97,19.03,18.51,18.64,78000
SBSA,20110128,0.91,0.96,0.91,0.96,6200
SBSI,20110128,20.64,20.9,20.16,20.27,58200
SBUX,20110128,33.06,33.12,31.52,31.73,13411700
SCBT,20110128,32.32,32.87,30.87,31.17,43500
SCHL,20110128,31.01,31.01,29.35,29.82,228400
SCHN,20110128,62.08,62.46,60.03,60.26,211300
SCLN,20110128,4.06,4.08,3.9,3.92,209700
SCMP,20110128,4.37,4.37,4.25,4.25,24000
SCOK,20110128,12,12.29,11.4,11.62,335600
SCON,20110128,18.6,18.6,18,18.36,30300
SCOR,20110128,23.89,24.19,23.57,23.8,267100
SCSC,20110128,38.02,39.93,35.57,36.68,364500
SCSS,20110128,10.46,10.48,10.03,10.03,493100
SCVL,20110128,17.0667,17.2533,16.3333,16.4,50000
SDBT,20110128,2.91,2.91,2.85,2.85,18200
SDIX,20110128,2.35,2.37,2.26,2.28,47700
SEAC,20110128,8.73,8.76,8.37,8.37,118000
SEED,20110128,10.12,10.15,9.73,9.76,258000
SEIC,20110128,23,23.07,22.4,22.76,1950700
SENEA,20110128,24.2,25.84,24.2,25.11,41600
SENEB,20110128,22.45,23.12,22.45,23.12,400
SFLY,20110128,33.63,33.96,32.8,32.81,259300
SFNC,20110128,29.05,29.07,28.29,28.3,62700
SFST,20110128,8.05,8.05,8.05,8.05,200
SGC,20110128,10.7,10.7,10.7,10.7,0
SGEN,20110128,16.97,17.01,16,16.16,1332000
SGI,20110128,10.62,10.86,10.11,10.3,302500
SGMA,20110128,7.13,7.19,7,7.19,4000
SGMO,20110128,7.76,7.76,7.36,7.39,402200
SGMS,20110128,10.49,10.56,9.92,10.12,930900
SGOC,20110128,4.5,5,4.5,4.85,2100
SGRP,20110128,1.06,1.06,1.06,1.06,200
SHBI,20110128,9.99,10.1,9.9,9.92,6300
SHEN,20110128,17.29,17.37,16.16,16.31,75700
SHFL,20110128,10.75,10.78,10.33,10.41,363000
SHIP,20110128,0.92,0.94,0.9,0.91,131800
SHLD,20110128,76.82,79.97,75.51,76.08,977200
SHLM,20110128,21.92,22.07,21.18,21.21,184700
SHLO,20110128,13.51,13.51,12.85,12.85,13200
SHOO,20110128,26.4,26.5467,25.0467,25.1467,494700
SHOR,20110128,8.19,8.2,7.18,7.27,619800
SIAL,20110128,64,64.17,62.18,62.4,553600
SIEB,20110128,1.78,1.78,1.78,1.78,0
SIFY,20110128,2.59,2.72,2.52,2.53,589200
SIGA,20110128,12.03,12.06,11.75,11.76,308800
SIGI,20110128,18.24,18.25,17.91,18,253800
SIGM,20110128,14.43,14.43,13.93,13.93,502700
SILC,20110128,20.24,20.53,19.7,20.09,65000
SIMG,20110128,7.16,7.29,6.76,6.79,1376200
SIMO,20110128,5.18,5.31,5.15,5.3,360100
SINA,20110128,82.91,83.73,79.65,80.68,2435200
SINO,20110128,2.27,2.27,2.27,2.27,600
SIRI,20110128,1.61,1.65,1.61,1.62,44610900
SIRO,20110128,44.35,44.48,43.41,43.53,247600
SIVB,20110128,53.06,53.37,52.17,52.42,460200
SIVBO,20110128,24.3,24.43,24.3,24.3,3600
SKBI,20110128,8.17,8.17,7.79,7.88,61900
SKYW,20110128,16.05,16.05,15.1,15.14,308700
SLAB,20110128,44.62,44.75,43.1,43.65,722600
SLGN,20110128,37.42,37.83,36.62,36.7,223200
SLMAP,20110128,41.83,41.92,41.25,41.25,2800
SLP,20110128,3.18,3.19,2.98,3.03,32700
SLRC,20110128,24.57,24.8,23.91,24.24,65900
SLTC,20110128,4.76,4.76,4.54,4.74,400
SLTM,20110128,2.82,2.82,2.69,2.69,219400
SLXP,20110128,41.8,41.88,40.15,40.5,981700
SMBC,20110128,18.82,18.82,18.82,18.82,0
SMCI,20110128,13.98,14.31,13.85,14.29,554500
SMED,20110128,3.71,3.94,3.71,3.88,173400
SMIT,20110128,4,4.09,3.9,3.9,2200
SMMF,20110128,3.82,3.87,3.82,3.87,500
SMRT,20110128,8.08,8.1,7.75,7.89,207700
SMSI,20110128,13,13,12.69,12.74,568700
SMT,20110128,9.71,9.8,9.63,9.69,463400
SMTC,20110128,22.17,22.33,21.56,21.74,905100
SMTX,20110128,3.44,3.47,3.37,3.4,83700
SNAK,20110128,4.28,4.36,4.25,4.25,13800
SNBC,20110128,4.11,4.19,4.07,4.09,40900
SNCR,20110128,29.01,29.2,27.8,27.83,300000
SNDK,20110128,51.38,51.48,46.16,46.8,25888600
SNFCA,20110128,1.87,1.99,1.86,1.99,2800
SNHY,20110128,24.96,24.9733,23.7333,23.88,47100
SNMX,20110128,6.27,6.27,5.82,5.9,158100
SNPS,20110128,27.43,27.6,26.78,26.84,1180900
SNSS,20110128,0.44,0.44,0.41,0.41,1114300
SNTA,20110128,5.15,5.15,4.86,4.9,120200
SNTS,20110128,3.34,3.4,3.1,3.14,486900
SOCB,20110128,3.49,3.49,2.9,3.03,21700
SODA,20110128,39.4,40,38.8,39.69,353600
SOFO,20110128,15.5,15.89,14.91,14.92,20100
SOHU,20110128,74,75.6,72.87,73.88,2033400
SOMH,20110128,9.3,9.36,9.3,9.36,600
SONA,20110128,7.95,7.95,7.22,7.32,68700
SONC,20110128,10.15,10.29,9.64,9.64,1090000
SONS,20110128,2.88,2.89,2.76,2.78,2739000
SORL,20110128,7.74,7.74,7.51,7.57,64600
SOXX,20110128,61.09,61.19,58.95,59.26,154700
SPAN,20110128,14.58,14.69,14.22,14.64,5700
SPAR,20110128,6.69,6.73,6.4,6.44,264300
SPBC,20110128,9.93,9.93,9.93,9.93,100
SPCHA,20110128,2.49,2.49,2.49,2.49,200
SPCHB,20110128,2.96,3,2.81,2.94,8700
SPEX,20110128,11.6,11.8,10.4,10.4,321700
SPIL,20110128,7.11,7.11,6.75,6.77,3333900
SPIR,20110128,5.31,5.31,5,5.04,7000
SPLS,20110128,22.87,22.97,22.24,22.32,6020700
SPMD,20110128,8.49,8.6,7.52,7.57,507200
SPNC,20110128,4.81,4.88,4.5,4.52,103200
SPNS,20110128,3.18,3.22,3.08,3.22,16800
SPPI,20110128,6.23,6.29,5.97,5.97,675000
SPPR,20110128,1.69,1.75,1.67,1.68,41900
SPPRO,20110128,27.62,28.1,27.62,28.03,1000
SPPRP,20110128,9.22,9.22,9.22,9.22,1000
SPRD,20110128,21,21.47,20.63,20.86,1875600
SPRO,20110128,2.3,2.31,2.3,2.3,7300
SPRT,20110128,6.1,6.2,5.65,5.71,348600
SPSC,20110128,15.84,15.84,15.5,15.55,13800
SPTN,20110128,15,15.05,14.71,14.75,202800
SPU,20110128,5,5.02,4.86,4.9,83700
SQI,20110128,13.06,13.47,13.06,13.38,1000
SQNM,20110128,6.99,7.08,6.65,6.66,2294300
SQQQ,20110128,107.28,116.6,106.96,115.16,1390000
SRCE,20110128,19.28,19.28,18.6,18.75,50800
SRCL,20110128,79.46,79.85,78.04,78.44,550600
SRDX,20110128,12.17,12.17,11.8,11.93,187700
SSBI,20110128,6.46,6.5,6.42,6.49,27700
SSFN,20110128,6.22,6.25,6.22,6.25,3100
SSNC,20110128,19,19.11,18.25,18.25,109000
SSRI,20110128,22.62,23.92,22.41,23.29,1581500
SSRX,20110128,15.65,15.65,15.02,15.2,20800
SSYS,20110128,33.66,33.78,32.15,32.5,113800
STAA,20110128,5.63,5.64,5.35,5.36,127100
STAN,20110128,18.86,18.86,17.65,17.91,71000
STBA,20110128,22.37,22.43,21.62,21.72,87000
STEC,20110128,21.08,21.27,20.24,20.73,1526000
STEI,20110128,6.62,6.62,6.31,6.34,310600
STEL,20110128,15.02,15.1,14.16,14.61,87700
STEM,20110128,0.96,0.98,0.93,0.93,1231300
STFC,20110128,15.81,15.82,14.9,15.08,43600
STKL,20110128,7.38,7.41,7.03,7.05,266800
STLD,20110128,18.66,18.78,17.97,18.09,4389300
STLY,20110128,4.18,4.26,4.01,4.04,19700
STMP,20110128,11.94,12.31,11.94,12.11,83100
STND,20110128,14.13,14.13,14.13,14.13,100
STNR,20110128,47.31,47.31,44.09,44.91,54400
STRA,20110128,119.83,119.89,118.21,119.1,170400
STRL,20110128,13.57,13.77,12.6,12.83,82100
STRM,20110128,1.84,1.85,1.78,1.85,8500
STRN,20110128,7.68,7.68,7.41,7.6,3100
STRS,20110128,10.16,10.16,9.71,9.92,3900
STRT,20110128,32.14,32.4,29.5,31.75,12100
STSA,20110128,18.03,18.18,17.51,17.73,93200
STX,20110128,14.06,14.19,13.45,13.8,12905700
STXS,20110128,34.5,35.3,32.4,32.4,745900
SUBK,20110128,21.81,21.91,21,21,40200
SUMR,20110128,7.88,7.92,7.55,7.67,88200
SUPX,20110128,23.06,23.27,22.55,22.74,80100
SURG,20110128,4.99,5,4.75,4.82,114700
SUSQ,20110128,9.6,9.63,9.37,9.57,1894400
SUTR,20110128,2.03,2.03,2,2,90100
SVA,20110128,4.67,4.69,4.45,4.52,331000
SVBI,20110128,5.3,5.5,4.56,5.5,26000
SVNT,20110128,9.73,9.75,9.24,9.38,5719800
SWHC,20110128,3.59,3.61,3.54,3.55,579000
SWIR,20110128,14.31,14.42,13.94,14.15,166300
SWKS,20110128,33,33,30.93,31.33,6499700
SYBT,20110128,24.19,24.19,23.49,23.71,85500
SYBTP,20110128,11.59,11.59,11.59,11.59,0
SYKE,20110128,19.6,19.6,19.03,19.03,195900
SYMC,20110128,17.97,18.04,17.21,17.46,18833800
SYMM,20110128,6.38,6.38,5.96,6.07,138000
SYMX,20110128,1.13,1.13,1.11,1.13,6100
SYNA,20110128,28.5,28.7,28.11,28.36,698700
SYNL,20110128,11.76,11.96,11.76,11.96,3600
SYNM,20110128,16.3,16.4,15.8,15.8,395400
SYNT,20110128,55.37,55.97,53.88,54.25,98700
SYPR,20110128,4.26,4.27,4.16,4.2,9200
SYUT,20110128,12.5,12.73,11.57,11.6,79200
TACT,20110128,9.4,9.42,9.4,9.42,1700
TAIT,20110128,1.28,1.36,1.28,1.36,1800
TASR,20110128,4.21,4.27,4.19,4.2,704500
TAST,20110128,7.05,7.13,6.86,6.95,52700
TATT,20110128,5.54,5.54,5.45,5.45,4600
TAXI,20110128,8.1,8.23,7.83,7.85,52800
TAYC,20110128,10.9,10.9,10.11,10.29,210600
TAYCP,20110128,25.06,25.06,24.87,24.91,12400
TAYD,20110128,4.99,4.99,4.85,4.85,1100
TBAC,20110128,2.81,2.9,2.8,2.9,3700
TBBK,20110128,9.61,9.61,9.24,9.29,69600
TBNK,20110128,20.27,20.27,19.51,19.51,28500
TCBI,20110128,24.66,25.11,24.23,24.47,697200
TCBIW,20110128,14,14,14,14,0
TCBK,20110128,15.67,15.68,14.83,15.04,82800
TCCO,20110128,12.75,12.8,12.33,12.8,14100
TCRD,20110128,13.34,13.34,12.72,12.81,24400
TEAR,20110128,2.18,2.22,2.11,2.18,28300
TECD,20110128,47.39,47.5,46.14,46.4,278100
TECH,20110128,69.32,70,68.36,68.6,126500
TECUA,20110128,12.88,12.92,12.2,12.24,75700
TECUB,20110128,12.75,12.75,12.75,12.75,0
TELK,20110128,33,33,30,31.2,138800
TESO,20110128,14.65,14.91,14.41,14.75,150800
TESS,20110128,12.19,12.19,11.78,11.78,20300
TFCO,20110128,3.3,3.3,3.3,3.3,0
TFM,20110128,37.6,38.65,36.25,36.29,77300
TFSL,20110128,9.75,9.84,9.54,9.66,667200
TGA,20110128,13.15,13.5,12.84,13.31,988200
TGE,20110128,4.59,4.61,4.52,4.57,52000
THFF,20110128,32.27,32.71,30.6,31.46,41000
THLD,20110128,1.72,2.1,1.68,1.83,267900
THOR,20110128,22.76,23.78,22.33,23.13,9675300
THRD,20110128,22.36,22.61,22.1,22.61,5500
THRX,20110128,22.99,23.09,20.98,20.98,732700
THTI,20110128,3.64,3.68,3.64,3.64,200
TIBX,20110128,21.68,22.07,21.19,21.56,3659700
TICC,20110128,12.22,12.22,11.93,11.97,311000
TIGR,20110128,4.7,4.75,4.7,4.71,5700
TINY,20110128,5.35,5.46,5.09,5.09,213300
TISA,20110128,1.16,1.16,1.13,1.15,13500
TITN,20110128,24.13,24.27,23.52,23.84,138800
TIVO,20110128,9.71,9.75,9.32,9.36,2798700
TKMR,20110128,6.73,6.73,6,6.07,35900
TLAB,20110128,5.5,5.5,5.32,5.38,9359800
TLF,20110128,5.11,5.11,4.86,5.03,5100
TMNG,20110128,2.6,2.6,2.54,2.55,12700
TNAV,20110128,8.3,9.09,8.12,8.95,861000
TOFC,20110128,8.32,8.7,8.32,8.7,600
TOPS,20110128,1.01,1.07,0.99,1.01,117800
TORM,20110128,9.06,9.21,8.77,8.83,15100
TOWN,20110128,15.64,15.86,14.84,15.06,69200
TPGI,20110128,3.89,3.97,3.83,3.83,125300
TQNT,20110128,13.53,13.59,12.79,12.87,3224700
TQQQ,20110128,42.5725,42.6525,38.7825,39.3475,662800
TRAK,20110128,20,20.05,19.54,19.68,290600
TREE,20110128,8.45,8.45,8.3,8.39,7500
TRGT,20110128,26.88,26.91,25.19,25.32,130500
TRIB,20110128,8.29,8.34,8.28,8.3,11700
TRIT,20110128,12.74,12.8,12.07,12.18,93000
TRLG,20110128,21.16,21.34,20.14,20.22,245500
TRMB,20110128,22.445,22.58,21.925,22.145,667100
TRMD,20110128,69.9,71.3,69.8,70,21300
TRMK,20110128,24.74,25.01,24.05,24.07,439800
TRNS,20110128,7.99,7.99,7.33,7.83,1200
TROW,20110128,68.9,68.98,64.96,65.85,2830100
TRS,20110128,19.31,19.54,18.9,18.9,149700
TRST,20110128,6.26,6.26,6,6.05,382300
TSBK,20110128,4.85,4.87,4.64,4.64,14400
TSCO,20110128,52.93,53.14,50.55,50.69,1310100
TSEM,20110128,21.6,21.6,20.7,21,776600
TSLA,20110128,24.88,24.88,23.75,24.01,1048800
TSON,20110128,3.79,3.82,3.51,3.57,136600
TSPT,20110128,8.88,8.88,8.41,8.42,21900
TSRA,20110128,19.66,19.66,17.1,17.11,2803600
TSRI,20110128,5.02,5.02,4.98,4.99,5800
TSRX,20110128,4.3,4.4,4.12,4.4,66700
TST,20110128,3.15,3.18,3.03,3.11,221300
TSTC,20110128,8.49,8.77,8.4,8.44,386300
TSYS,20110128,4.22,4.36,4.01,4.03,775000
TTEC,20110128,21.64,21.83,21.33,21.44,214700
TTEK,20110128,23.74,23.99,23.11,23.13,357000
TTGT,20110128,7.22,7.25,6.68,6.85,48500
TTHI,20110128,1.93,2.11,1.92,2.04,44800
TTMI,20110128,16.31,16.35,15.75,15.9,985400
TTWO,20110128,12.79,12.88,12.21,12.41,2694600
TUES,20110128,5.07,5.08,4.93,4.98,553300
TWER,20110128,4.19,4.26,3.95,4.03,336100
TWGP,20110128,26.64,26.75,26.15,26.15,225800
TWIN,20110128,33.15,33.3,31.48,32.22,91200
TWMC,20110128,1.84,1.84,1.83,1.83,1600
TWTC,20110128,16.9,16.98,16.7,16.94,1125200
TXCC,20110128,2.12,2.12,2.09,2.09,23900
TXN,20110128,34.58,34.87,34.02,34.27,10601500
TXRH,20110128,17.38,17.47,16.75,16.81,547700
TYPE,20110128,11.47,11.6,11.11,11.15,81100
TZOO,20110128,48.28,49,45.28,46.08,237800
UACL,20110128,15.86,16.03,15,15,10300
UBCP,20110128,8.21,8.3,8.06,8.3,2300
UBFO,20110128,3.5,3.5,3.5,3.5,0
UBNK,20110128,15.77,15.77,15.25,15.3,41300
UBOH,20110128,10.51,10.51,10.05,10.05,1300
UBSH,20110128,12.82,12.91,12.12,12.12,166600
UBSI,20110128,29.35,29.55,28.46,28.47,209900
UCBA,20110128,7.65,7.74,7.21,7.74,2000
UCBI,20110128,1.7,1.86,1.66,1.81,1234400
UCFC,20110128,1.5,1.53,1.5,1.5,18100
UCTT,20110128,12.95,13.09,11.91,12.04,307400
UEIC,20110128,27.25,27.77,26.59,26.78,54300
UEPS,20110128,11.61,11.61,11.34,11.46,138000
UFCS,20110128,20.68,20.72,19.92,20.18,88900
UFPI,20110128,38.65,38.65,36.61,37,91600
UFPT,20110128,16.89,17.36,15.95,16.35,189100
UG,20110128,14.2,14.2,14.11,14.11,1400
UHAL,20110128,91.97,91.97,88,88.98,33100
ULBI,20110128,6.9,6.95,6.85,6.92,29700
ULGX,20110128,0.61,0.63,0.59,0.63,11600
ULTA,20110128,37.12,37.12,36.07,36.73,546900
ULTI,20110128,50.02,50.38,47.95,48.22,97100
ULTR,20110128,5.61,5.64,5.41,5.44,113700
UMBF,20110128,41.6,41.88,40.58,40.9,196400
UMPQ,20110128,11.51,11.66,11.1,11.12,1934600
UNAM,20110128,9.45,9.45,9.45,9.45,0
UNB,20110128,18.99,18.99,18.99,18.99,400
UNFI,20110128,37.25,37.61,36.72,36.84,275700
UNIS,20110128,4.98,5.08,4.71,4.72,185500
UNTD,20110128,7.36,7.45,7.08,7.08,613900
UNTK,20110128,9.68,9.88,9.2,9.44,70500
UNTY,20110128,6.58,6.58,6.58,6.58,0
UNXL,20110128,6.81,6.81,6.8,6.8,500
UPI,20110128,5.26,5.36,5.06,5.17,202600
URBN,20110128,34.38,34.41,33.62,33.82,2977300
URRE,20110128,27.5,27.6,25.2,25.4,3361600
USAK,20110128,12.41,12.55,12.05,12.06,24500
USAP,20110128,31.58,31.7,30.9,31.5,41900
USAT,20110128,1.89,1.89,1.65,1.74,1201000
USATP,20110128,16.53,16.53,16.53,16.53,100
USATZ,20110128,0.9,0.9,0.85,0.87,5100
USBI,20110128,10.69,10.69,10.69,10.69,0
USEG,20110128,5.71,5.78,5.61,5.72,263700
USLM,20110128,40.37,40.97,37.35,39,12700
USMO,20110128,17.51,17.58,16.81,16.86,119600
USTR,20110128,32.225,32.345,30.79,31.05,146200
UTEK,20110128,24.72,24.72,23.4,23.41,259400
UTHR,20110128,68.4,68.94,67.85,67.94,801100
UTIW,20110128,22.12,22.21,21.52,21.6,457900
UTMD,20110128,26.65,27,26.65,26.75,1700
UTSI,20110128,6.48,6.48,6.18,6.24,757400
UVSP,20110128,17.85,17.91,17.38,17.51,62500
VALU,20110128,13.19,13.33,12.99,12.99,10000
VALV,20110128,5.4,5.43,5.4,5.4,18900
VASC,20110128,10.95,10.95,10.46,10.58,65300
VBFC,20110128,2.65,2.99,2.65,2.86,22400
VCBI,20110128,6.13,6.16,5.93,6.06,74400
VCIT,20110128,79.03,79.68,79.03,79.52,25600
VCLK,20110128,14.1,14.23,13.67,13.75,1157000
VCLT,20110128,76.72,77.34,76.51,77.09,5300
VCSH,20110128,77.77,77.91,77.71,77.85,116600
VDSI,20110128,7.43,7.43,7.1,7.33,169800
VECO,20110128,45.04,45.08,42.5,43.24,1614600
VELT,20110128,15,15.89,13.99,15.58,9958100
VGIT,20110128,60.98,61.44,60.98,61.43,3600
VGLT,20110128,58.83,59.59,58.7,59.55,6800
VGSH,20110128,60.67,60.67,60.58,60.65,72400
VIA,20110128,48.7,49.07,47.66,47.76,14300
VIAB,20110128,42.51,42.85,41.16,41.54,3765800
VIAS,20110128,19.99,20.6,19.41,20.51,21400
VICL,20110128,2.03,2.03,1.93,1.93,397000
VICR,20110128,15,15.12,14.5,14.56,94900
VIDE,20110128,3.93,3.93,3.93,3.93,0
VIFL,20110128,3.63,3.79,3.62,3.73,2500
VIMC,20110128,3.38,3.4,3.25,3.3,55700
VIRC,20110128,3.05,3.05,3.05,3.05,4900
VISN,20110128,92.4,93.4,89.6,91.8,174200
VIVO,20110128,22.26,22.41,21.35,21.38,402700
VLCCF,20110128,23.55,24.23,23.37,23.48,449600
VLGEA,20110128,32.33,32.4,31.85,31.88,15100
VLTR,20110128,24.8,25.57,23.93,24.14,474100
VLYWW,20110128,3,3,3,3,0
VMBS,20110128,50.36,50.48,50.35,50.45,10200
VMED,20110128,25.78,25.86,24.75,24.93,2635600
VNDA,20110128,8.08,8.25,7.98,8.01,153300
VNQI,20110128,50.84,50.84,49.69,49.82,46500
VOCS,20110128,27.08,27.35,26.33,26.58,72500
VOD,20110128,28.46,28.62,28.09,28.24,9592600
VOLC,20110128,27.21,27.31,26.12,26.78,667200
VONE,20110128,58.56,58.56,58.34,58.4,2900
VONG,20110128,60.83,60.83,59.66,59.66,5000
VONV,20110128,58.33,58.33,57.31,57.31,6100
VOXX,20110128,7.43,7.5,7.15,7.15,108400
VPFG,20110128,12.61,12.67,12.37,12.38,136900
VPHM,20110128,17.07,17.07,16.38,16.5,902800
VPRT,20110128,45.95,51.01,45.49,49.45,1729400
VRA,20110128,34.02,34.84,32.63,33.85,131000
VRML,20110128,7.42,7.44,7.09,7.22,112800
VRNM,20110128,3.04,3.05,3,3.01,45700
VRNT,20110128,35.12,35.4,34.04,34.2,188800
VRSK,20110128,34.18,34.24,33.64,33.75,495100
VRSN,20110128,32.65,34.26,32.62,33.75,5768100
VRTA,20110128,1.24,1.64,1.12,1.55,34900
VRTB,20110128,1.58,1.73,1.57,1.68,17700
VRTS,20110128,47.5,47.79,46.94,47.24,20700
VRTU,20110128,17.15,17.25,16.77,16.99,130300
VRTX,20110128,39.86,40.44,38.66,39.01,2319700
VSAT,20110128,43.49,43.66,42.74,42.79,271000
VSBN,20110128,11.78,11.78,11.78,11.78,0
VSCI,20110128,1.59,1.6,1.52,1.52,23000
VSCP,20110128,2.31,2.31,2.23,2.28,107700
VSEC,20110128,30.99,31,29.93,29.93,20700
VTHR,20110128,59.61,59.68,58.45,58.52,44400
VTNC,20110128,14.4,14.4,13.74,13.77,31800
VTUS,20110128,6.3,6.31,6.3,6.31,2900
VTWG,20110128,63.58,63.68,62.18,62.18,12900
VTWO,20110128,62.5,62.5,61.11,61.11,5600
VTWV,20110128,61,61,60.18,60.18,800
VVTV,20110128,6.87,6.93,6.21,6.45,520900
VVUS,20110128,8.63,8.78,8.35,8.38,2887400
VXUS,20110128,50.07,53.83,49.26,49.33,40700
VYFC,20110128,3.44,3.44,3.43,3.44,1200
WABC,20110128,50.88,51.23,50.1,50.13,178800
WAFD,20110128,17.4,17.41,17.05,17.15,606800
WASH,20110128,20.93,21.23,20.41,20.71,94400
WAVX,20110128,4.05,4.06,3.8,3.8,1075400
WAYN,20110128,9.5,9.5,9.5,9.5,0
WBCO,20110128,13.6,13.75,13.12,13.16,42400
WBKC,20110128,12.25,12.26,12.01,12.14,10400
WBMD,20110128,53.16,53.56,52.21,52.24,322200
WBSN,20110128,19.72,19.91,19.2,19.23,450400
WCRX,20110128,24.35,24.35,23.42,23.46,1512500
WDC,20110128,34.72,35.12,33.15,33.94,6394200
WDFC,20110128,39.18,39.47,38.9,39.25,101700
WEBM,20110128,11.13,11.69,9.94,10.01,433900
WERN,20110128,25.55,25.55,24.16,24.25,2354800
WEYS,20110128,23.33,23.33,22.74,22.78,18400
WFD,20110128,8.69,8.75,8.38,8.44,105600
WFM,20110128,52.09,52.24,50.26,50.44,1812900
WIBC,20110128,6.5,6.54,6.42,6.46,405200
WILC,20110128,7.27,7.27,6.99,7.01,14200
WIN,20110128,12.88,12.9,12.64,12.69,5682200
WINA,20110128,33,33.1,32.53,32.53,4500
WIRE,20110128,23.26,23.27,22.26,22.4,83800
WLDN,20110128,4.3,4.42,4.21,4.4,4600
WLFC,20110128,13.34,13.5,13.34,13.46,6100
WMAR,20110128,12.62,12.66,12,12.38,65700
WMGI,20110128,15.11,15.27,14.74,14.82,437500
WOOD,20110128,48.88,48.88,47.78,47.83,27400
WOOF,20110128,23.17,23.17,22.67,22.69,483200
WPCS,20110128,2.75,2.75,2.69,2.74,38600
WPPGY,20110128,62.15,62.34,61.29,61.68,80800
WPRT,20110128,15.73,15.87,15.44,15.55,512200
WRES,20110128,5.38,5.39,5.21,5.26,452700
WRLD,20110128,58.93,58.93,56.65,56.75,215900
WRLS,20110128,7.54,7.62,7.12,7.15,159600
WSB,20110128,2.8,2.85,2.8,2.85,3400
WSBC,20110128,18.82,18.94,18.16,18.77,78800
WSBF,20110128,2.77,2.77,2.63,2.64,29000
WSCI,20110128,4.9,4.91,4.83,4.85,1400
WSFS,20110128,46.51,46.51,43.37,44.3,42400
WSTG,20110128,11.89,12.23,11.85,12.13,6100
WSTL,20110128,3.27,3.28,3,3.16,395400
WTBA,20110128,7.07,7.52,6.75,6.84,55900
WTFC,20110128,33.78,34.18,32.81,32.83,227300
WVFC,20110128,8.75,8.75,8.75,8.75,200
WVVI,20110128,3.44,3.5,3.4,3.44,2700
WWWW,20110128,9.85,9.87,9.25,9.36,317200
WYNN,20110128,119.44,120.75,114.4,114.51,2189900
XBKS,20110128,5.77,5.77,5.32,5.32,200
XIDE,20110128,10.16,10.16,9.55,9.57,709000
XLNX,20110128,32.92,33.24,32.09,32.19,5862100
XNPT,20110128,8.07,8.09,7.68,7.8,330500
XOMA,20110128,5.7,5.7,5.53,5.57,1114700
XRAY,20110128,36.54,36.95,35.37,35.75,1283300
XRTX,20110128,13.36,13.4,12.95,13.15,521900
XTEX,20110128,15,15.25,14.88,15.15,122600
XTXI,20110128,8.5,8.57,8.29,8.52,334200
XWES,20110128,2.52,2.53,2.5,2.5,3500
XXIA,20110128,15.84,15.94,15.06,15.23,636100
YAVY,20110128,2.82,2.82,2.59,2.69,24000
YHOO,20110128,16.15,16.21,15.68,15.83,24736100
YORW,20110128,16.93,16.94,16.06,16.09,32600
YRCW,20110128,4.39,4.4,4.02,4.15,2026800
ZAGG,20110128,9.3,9.54,9.11,9.3,1264200
ZBRA,20110128,39.56,39.76,38.21,38.27,156800
ZEUS,20110128,28.09,28.31,27.36,27.39,68400
ZGNX,20110128,4.96,4.96,4.76,4.8,49500
ZHNE,20110128,2.48,2.49,2.47,2.48,96000
ZIGO,20110128,11.38,11.38,10.34,10.38,48400
ZINC,20110128,12.69,12.73,12.28,12.3,188500
ZION,20110128,23.79,24.14,23.42,23.43,4340600
ZIONW,20110128,7.12,7.34,7.12,7.15,54200
ZIOP,20110128,6,6.25,5.71,5.74,672400
ZIPR,20110128,2.68,2.68,2.62,2.66,22200
ZIXI,20110128,4.59,4.61,4.36,4.41,709300
ZLCS,20110128,2.04,2.1,1.95,1.97,1367700
ZN,20110128,4.6,4.62,4.45,4.45,67400
ZOLT,20110128,11.73,11.88,11.12,11.13,266200
ZOOM,20110128,4.18,4.28,4.1,4.12,86200
ZUMZ,20110128,23.16,23.26,22.24,22.31,283800
