<ticker>,<date>,<open>,<high>,<low>,<close>,<vol>
AACC,20110221,5.76,5.76,5.76,5.76,0
AAME,20110221,2.1,2.1,2.1,2.1,0
AAON,20110221,20.62,20.62,20.62,20.62,0
AAPL,20110221,350.56,350.56,350.56,350.56,0
AAWW,20110221,72.26,72.26,72.26,72.26,0
AAXJ,20110221,61.59,61.59,61.59,61.59,0
ABAX,20110221,26.55,26.55,26.55,26.55,0
ABCB,20110221,9.98,9.98,9.98,9.98,0
ABCD,20110221,3.87,3.87,3.87,3.87,0
ABCO,20110221,26.11,26.11,26.11,26.11,0
ABFS,20110221,25.42,25.42,25.42,25.42,0
ABIO,20110221,18.6,18.6,18.6,18.6,0
ABMD,20110221,13.25,13.25,13.25,13.25,0
ABTL,20110221,5.9,5.9,5.9,5.9,0
ACAD,20110221,1.67,1.67,1.67,1.67,0
ACAS,20110221,9.46,9.46,9.46,9.46,0
ACAT,20110221,14.14,14.14,14.14,14.14,0
ACCL,20110221,8.66,8.66,8.66,8.66,0
ACET,20110221,8.36,8.36,8.36,8.36,0
ACFN,20110221,3.95,3.95,3.95,3.95,0
ACGL,20110221,30.04,30.04,30.04,30.04,0
ACHN,20110221,4.98,4.98,4.98,4.98,0
ACIW,20110221,29.89,29.89,29.89,29.89,0
ACLS,20110221,2.89,2.89,2.89,2.89,0
ACNB,20110221,15.75,15.75,15.75,15.75,0
ACOR,20110221,21.27,21.27,21.27,21.27,0
ACPW,20110221,12.6,12.6,12.6,12.6,0
ACRX,20110221,3.65,3.65,3.65,3.65,0
ACTG,20110221,25.36,25.36,25.36,25.36,0
ACTS,20110221,2.48,2.48,2.48,2.48,0
ACUR,20110221,3.41,3.41,3.41,3.41,0
ACWI,20110221,49.24,49.24,49.24,49.24,0
ACWX,20110221,45.92,45.92,45.92,45.92,0
ACXM,20110221,17.57,17.57,17.57,17.57,0
ADAT,20110221,1.12,1.12,1.12,1.12,0
ADBE,20110221,35.39,35.39,35.39,35.39,0
ADEP,20110221,4.31,4.31,4.31,4.31,0
ADES,20110221,15.35,15.35,15.35,15.35,0
ADP,20110221,49.94,49.94,49.94,49.94,0
ADRA,20110221,29.65,29.65,29.65,29.65,0
ADRD,20110221,23.25,23.25,23.25,23.25,0
ADRE,20110221,47.29,47.29,47.29,47.29,0
ADRU,20110221,22.67,22.67,22.67,22.67,0
ADSK,20110221,43.4,43.4,43.4,43.4,0
ADTN,20110221,46.21,46.21,46.21,46.21,0
ADUS,20110221,4.4,4.4,4.4,4.4,0
ADVS,20110221,30.81,30.81,30.81,30.81,0
AEGR,20110221,14.61,14.61,14.61,14.61,0
AEHR,20110221,1.56,1.56,1.56,1.56,0
AEIS,20110221,15.53,15.53,15.53,15.53,0
AEPI,20110221,29.29,29.29,29.29,29.29,0
AERL,20110221,10.19,10.19,10.19,10.19,0
AETI,20110221,2.65,2.65,2.65,2.65,0
AEY,20110221,2.97,2.97,2.97,2.97,0
AEZS,20110221,10.2,10.2,10.2,10.2,0
AFAM,20110221,38.36,38.36,38.36,38.36,0
AFCB,20110221,13.25,13.25,13.25,13.25,0
AFCE,20110221,14.98,14.98,14.98,14.98,0
AFFX,20110221,5.21,5.21,5.21,5.21,0
AFFY,20110221,6.83,6.83,6.83,6.83,0
AFOP,20110221,13.36,13.36,13.36,13.36,0
AFSI,20110221,19.66,19.66,19.66,19.66,0
AGEN,20110221,0.95,0.95,0.95,0.95,0
AGII,20110221,38.49,38.49,38.49,38.49,0
AGNC,20110221,29.27,29.27,29.27,29.27,0
AGYS,20110221,5.68,5.68,5.68,5.68,0
AHGP,20110221,54.56,54.56,54.56,54.56,0
AHPI,20110221,4.85,4.85,4.85,4.85,0
AIMC,20110221,22.08,22.08,22.08,22.08,0
AINV,20110221,12.22,12.22,12.22,12.22,0
AIRM,20110221,19.4767,19.4767,19.4767,19.4767,0
AIRT,20110221,9.7,9.7,9.7,9.7,0
AIXG,20110221,41.43,41.43,41.43,41.43,0
AKAM,20110221,41.57,41.57,41.57,41.57,0
AKRX,20110221,5.56,5.56,5.56,5.56,0
ALCO,20110221,24.35,24.35,24.35,24.35,0
ALGN,20110221,20.79,20.79,20.79,20.79,0
ALGT,20110221,44,44,44,44,0
ALIM,20110221,8.59,8.59,8.59,8.59,0
ALKS,20110221,14.62,14.62,14.62,14.62,0
ALLB,20110221,11.19,11.19,11.19,11.19,0
ALLT,20110221,15.67,15.67,15.67,15.67,0
ALNY,20110221,11.37,11.37,11.37,11.37,0
ALOG,20110221,54.16,54.16,54.16,54.16,0
ALOT,20110221,7.64,7.64,7.64,7.64,0
ALSK,20110221,9.91,9.91,9.91,9.91,0
ALTE,20110221,22.05,22.05,22.05,22.05,0
ALTI,20110221,2.58,2.58,2.58,2.58,0
ALTR,20110221,41.71,41.71,41.71,41.71,0
ALVR,20110221,20.4,20.4,20.4,20.4,0
ALXA,20110221,13.4,13.4,13.4,13.4,0
ALXN,20110221,47.32,47.32,47.32,47.32,0
AMAG,20110221,17.99,17.99,17.99,17.99,0
AMAP,20110221,15.77,15.77,15.77,15.77,0
AMAT,20110221,16.47,16.47,16.47,16.47,0
AMCC,20110221,10.81,10.81,10.81,10.81,0
AMCF,20110221,5.03,5.03,5.03,5.03,0
AMCN,20110221,6.99,6.99,6.99,6.99,0
AMED,20110221,38.08,38.08,38.08,38.08,0
AMGN,20110221,52.24,52.24,52.24,52.24,0
AMIC,20110221,5,5,5,5,0
AMKR,20110221,7.68,7.68,7.68,7.68,0
AMNB,20110221,22.19,22.19,22.19,22.19,0
AMOT,20110221,8.9,8.9,8.9,8.9,0
AMOV,20110221,28.81,28.81,28.81,28.81,0
AMRB,20110221,6.2,6.2,6.2,6.2,0
AMRI,20110221,4.55,4.55,4.55,4.55,0
AMRN,20110221,8.85,8.85,8.85,8.85,0
AMRS,20110221,30.28,30.28,30.28,30.28,0
AMSC,20110221,27.37,27.37,27.37,27.37,0
AMSF,20110221,19.9,19.9,19.9,19.9,0
AMSG,20110221,23.85,23.85,23.85,23.85,0
AMSWA,20110221,6.78,6.78,6.78,6.78,0
AMWD,20110221,20.74,20.74,20.74,20.74,0
AMZN,20110221,186.5,186.5,186.5,186.5,0
ANAC,20110221,7.59,7.59,7.59,7.59,0
ANAD,20110221,5.86,5.86,5.86,5.86,0
ANAT,20110221,84.75,84.75,84.75,84.75,0
ANCB,20110221,10.29,10.29,10.29,10.29,0
ANCI,20110221,4.89,4.89,4.89,4.89,0
ANCX,20110221,6.83,6.83,6.83,6.83,0
ANDE,20110221,48,48,48,48,0
ANEN,20110221,19.44,19.44,19.44,19.44,0
ANGO,20110221,16.9,16.9,16.9,16.9,0
ANIK,20110221,8.81,8.81,8.81,8.81,0
ANLY,20110221,3.15,3.15,3.15,3.15,0
ANSS,20110221,55.09,55.09,55.09,55.09,0
ANTH,20110221,5.04,5.04,5.04,5.04,0
ANTP,20110221,3.74,3.74,3.74,3.74,0
AOSL,20110221,13.22,13.22,13.22,13.22,0
APAGF,20110221,68.19,68.19,68.19,68.19,0
APEI,20110221,43.49,43.49,43.49,43.49,0
APFC,20110221,6.16,6.16,6.16,6.16,0
APOG,20110221,14.62,14.62,14.62,14.62,0
APOL,20110221,45.82,45.82,45.82,45.82,0
APPY,20110221,3.78,3.78,3.78,3.78,0
APRI,20110221,4.39,4.39,4.39,4.39,0
APSA,20110221,16,16,16,16,0
ARAY,20110221,10.13,10.13,10.13,10.13,0
ARCC,20110221,17.61,17.61,17.61,17.61,0
ARCI,20110221,4.41,4.41,4.41,4.41,0
ARCW,20110221,2.8,2.8,2.8,2.8,0
ARDNA,20110221,77.59,77.59,77.59,77.59,0
AREX,20110221,32.48,32.48,32.48,32.48,0
ARIA,20110221,5.8,5.8,5.8,5.8,0
ARII,20110221,22.82,22.82,22.82,22.82,0
ARKR,20110221,14.46,14.46,14.46,14.46,0
ARLP,20110221,75.36,75.36,75.36,75.36,0
ARMH,20110221,30.48,30.48,30.48,30.48,0
ARNA,20110221,1.67,1.67,1.67,1.67,0
AROW,20110221,24.45,24.45,24.45,24.45,0
ARQL,20110221,6.25,6.25,6.25,6.25,0
ARRS,20110221,13.63,13.63,13.63,13.63,0
ARRY,20110221,2.81,2.81,2.81,2.81,0
ARTC,20110221,33.75,33.75,33.75,33.75,0
ARTNA,20110221,19.54,19.54,19.54,19.54,0
ARTW,20110221,14.18,14.18,14.18,14.18,0
ARTX,20110221,1.53,1.53,1.53,1.53,0
ARUN,20110221,31.22,31.22,31.22,31.22,0
ARWR,20110221,0.72,0.72,0.72,0.72,0
ASBC,20110221,14.92,14.92,14.92,14.92,0
ASBI,20110221,5.12,5.12,5.12,5.12,0
ASCA,20110221,17.3,17.3,17.3,17.3,0
ASCMA,20110221,40.09,40.09,40.09,40.09,0
ASEI,20110221,93.55,93.55,93.55,93.55,0
ASFI,20110221,8.41,8.41,8.41,8.41,0
ASIA,20110221,20.79,20.79,20.79,20.79,0
ASMI,20110221,41.38,41.38,41.38,41.38,0
ASML,20110221,45.07,45.07,45.07,45.07,0
ASNA,20110221,15.65,15.65,15.65,15.65,0
ASPS,20110221,30.34,30.34,30.34,30.34,0
ASRV,20110221,2.17,2.17,2.17,2.17,0
ASRVP,20110221,24.75,24.75,24.75,24.75,0
ASTC,20110221,1.24,1.24,1.24,1.24,0
ASTE,20110221,34.82,34.82,34.82,34.82,0
ASTI,20110221,3.58,3.58,3.58,3.58,0
ASTM,20110221,2.32,2.32,2.32,2.32,0
ASUR,20110221,1.8267,1.8267,1.8267,1.8267,0
ASYS,20110221,25.05,25.05,25.05,25.05,0
ATAI,20110221,4.54,4.54,4.54,4.54,0
ATAX,20110221,5.53,5.53,5.53,5.53,0
ATEA,20110221,3.19,3.19,3.19,3.19,0
ATEC,20110221,2.71,2.71,2.71,2.71,0
ATHN,20110221,47.43,47.43,47.43,47.43,0
ATHX,20110221,2.56,2.56,2.56,2.56,0
ATLO,20110221,18.99,18.99,18.99,18.99,0
ATMI,20110221,18.21,18.21,18.21,18.21,0
ATML,20110221,15.69,15.69,15.69,15.69,0
ATNI,20110221,39.5,39.5,39.5,39.5,0
ATRC,20110221,11.27,11.27,11.27,11.27,0
ATRI,20110221,173.65,173.65,173.65,173.65,0
ATRM,20110221,1.89,1.89,1.89,1.89,0
ATRO,20110221,22.4,22.4,22.4,22.4,0
ATSG,20110221,8.29,8.29,8.29,8.29,0
ATVI,20110221,11.07,11.07,11.07,11.07,0
ATX,20110221,10.5,10.5,10.5,10.5,0
AUBN,20110221,19.65,19.65,19.65,19.65,0
AUDC,20110221,7.12,7.12,7.12,7.12,0
AUXL,20110221,22.05,22.05,22.05,22.05,0
AVAV,20110221,29.43,29.43,29.43,29.43,0
AVEO,20110221,13.89,13.89,13.89,13.89,0
AVGO,20110221,33.85,33.85,33.85,33.85,0
AVID,20110221,22.48,22.48,22.48,22.48,0
AVNR,20110221,3.8,3.8,3.8,3.8,0
AVNW,20110221,6.26,6.26,6.26,6.26,0
AWRE,20110221,3.73,3.73,3.73,3.73,0
AXAS,20110221,5.36,5.36,5.36,5.36,0
AXFN,20110221,26.34,26.34,26.34,26.34,0
AXTI,20110221,9.15,9.15,9.15,9.15,0
AZPN,20110221,15.86,15.86,15.86,15.86,0
BABY,20110221,15.42,15.42,15.42,15.42,0
BAGL,20110221,16.51,16.51,16.51,16.51,0
BAMM,20110221,5.86,5.86,5.86,5.86,0
BANF,20110221,43.03,43.03,43.03,43.03,0
BANFP,20110221,26.55,26.55,26.55,26.55,0
BANR,20110221,17.5,17.5,17.5,17.5,0
BASI,20110221,2.41,2.41,2.41,2.41,0
BBBY,20110221,50.82,50.82,50.82,50.82,0
BBEP,20110221,22.14,22.14,22.14,22.14,0
BBGI,20110221,6.8,6.8,6.8,6.8,0
BBNK,20110221,9.19,9.19,9.19,9.19,0
BBOX,20110221,38.94,38.94,38.94,38.94,0
BBRG,20110221,17.5,17.5,17.5,17.5,0
BBRY,20110221,69.86,69.86,69.86,69.86,0
BBSI,20110221,15.31,15.31,15.31,15.31,0
BCBP,20110221,11.1,11.1,11.1,11.1,0
BCOM,20110221,33.5,33.5,33.5,33.5,0
BCPC,20110221,35.5,35.5,35.5,35.5,0
BCRX,20110221,4.2,4.2,4.2,4.2,0
BCSB,20110221,12.5,12.5,12.5,12.5,0
BDE,20110221,7,7,7,7,0
BDGE,20110221,22.35,22.35,22.35,22.35,0
BDMS,20110221,19.14,19.14,19.14,19.14,0
BDSI,20110221,3.6,3.6,3.6,3.6,0
BEAT,20110221,4.82,4.82,4.82,4.82,0
BEAV,20110221,36.76,36.76,36.76,36.76,0
BEBE,20110221,6.07,6.07,6.07,6.07,0
BECN,20110221,21.49,21.49,21.49,21.49,0
BELFA,20110221,24.5,24.5,24.5,24.5,0
BELFB,20110221,22.8,22.8,22.8,22.8,0
BERK,20110221,7.67,7.67,7.67,7.67,0
BFIN,20110221,8.99,8.99,8.99,8.99,0
BFLY,20110221,3.27,3.27,3.27,3.27,0
BGCP,20110221,9.2,9.2,9.2,9.2,0
BGFV,20110221,14.05,14.05,14.05,14.05,0
BGMD,20110221,8.29,8.29,8.29,8.29,0
BIB,20110221,31.04,31.04,31.04,31.04,0
BICK,20110221,31.7,31.7,31.7,31.7,0
BIDU,20110221,126.8,126.8,126.8,126.8,0
BIIB,20110221,67.64,67.64,67.64,67.64,0
BIOD,20110221,7.84,7.84,7.84,7.84,0
BIOF,20110221,19,19,19,19,0
BIOS,20110221,4.65,4.65,4.65,4.65,0
BIRT,20110221,5.2,5.2,5.2,5.2,0
BIS,20110221,48.47,48.47,48.47,48.47,0
BJRI,20110221,36.34,36.34,36.34,36.34,0
BKCC,20110221,12.14,12.14,12.14,12.14,0
BKMU,20110221,4.5,4.5,4.5,4.5,0
BKOR,20110221,4.94,4.94,4.94,4.94,0
BKSC,20110221,11.79,11.79,11.79,11.79,0
BKYF,20110221,20.48,20.48,20.48,20.48,0
BLDP,20110221,2.12,2.12,2.12,2.12,0
BLDR,20110221,2.71,2.71,2.71,2.71,0
BLIN,20110221,1.22,1.22,1.22,1.22,0
BLKB,20110221,26.64,26.64,26.64,26.64,0
BMC,20110221,50.98,50.98,50.98,50.98,0
BMRC,20110221,34.94,34.94,34.94,34.94,0
BMRN,20110221,27.23,27.23,27.23,27.23,0
BMTC,20110221,21.33,21.33,21.33,21.33,0
BNCL,20110221,8.99,8.99,8.99,8.99,0
BNCN,20110221,8.17,8.17,8.17,8.17,0
BNSO,20110221,2.3,2.3,2.3,2.3,0
BOBE,20110221,32.22,32.22,32.22,32.22,0
BOCH,20110221,4.05,4.05,4.05,4.05,0
BODY,20110221,17.95,17.95,17.95,17.95,0
BOFI,20110221,15.15,15.15,15.15,15.15,0
BOKF,20110221,51.62,51.62,51.62,51.62,0
BOLT,20110221,14.21,14.21,14.21,14.21,0
BONA,20110221,7.47,7.47,7.47,7.47,0
BONT,20110221,16.25,16.25,16.25,16.25,0
BOOM,20110221,22.37,22.37,22.37,22.37,0
BOSC,20110221,6.64,6.64,6.64,6.64,0
BPAX,20110221,12.54,12.54,12.54,12.54,0
BPFH,20110221,7.34,7.34,7.34,7.34,0
BPFHW,20110221,2.69,2.69,2.69,2.69,0
BPHX,20110221,2.18,2.18,2.18,2.18,0
BPOP,20110221,33.7,33.7,33.7,33.7,0
BPOPM,20110221,19.1,19.1,19.1,19.1,0
BPOPN,20110221,20.7,20.7,20.7,20.7,0
BRCD,20110221,6.38,6.38,6.38,6.38,0
BRCM,20110221,42.09,42.09,42.09,42.09,0
BRID,20110221,11.22,11.22,11.22,11.22,0
BRKL,20110221,10.85,10.85,10.85,10.85,0
BRKR,20110221,18.92,18.92,18.92,18.92,0
BRKS,20110221,12.81,12.81,12.81,12.81,0
BRLI,20110221,22.41,22.41,22.41,22.41,0
BSDM,20110221,4.55,4.55,4.55,4.55,0
BSET,20110221,7.29,7.29,7.29,7.29,0
BSFT,20110221,39.21,39.21,39.21,39.21,0
BSPM,20110221,7.53,7.53,7.53,7.53,0
BSQR,20110221,12.95,12.95,12.95,12.95,0
BSRR,20110221,11,11,11,11,0
BSTC,20110221,26.04,26.04,26.04,26.04,0
BTUI,20110221,11.1,11.1,11.1,11.1,0
BUSE,20110221,4.9,4.9,4.9,4.9,0
BVSN,20110221,12.85,12.85,12.85,12.85,0
BWEN,20110221,18.3,18.3,18.3,18.3,0
BWINA,20110221,21.46,21.46,21.46,21.46,0
BWINB,20110221,24.31,24.31,24.31,24.31,0
BWLD,20110221,54.48,54.48,54.48,54.48,0
BYFC,20110221,2.61,2.61,2.61,2.61,0
CA,20110221,25.21,25.21,25.21,25.21,0
CAAS,20110221,11.88,11.88,11.88,11.88,0
CAC,20110221,34.86,34.86,34.86,34.86,0
CACB,20110221,9.5,9.5,9.5,9.5,0
CACC,20110221,70.4,70.4,70.4,70.4,0
CACH,20110221,3.97,3.97,3.97,3.97,0
CADC,20110221,4.66,4.66,4.66,4.66,0
CADX,20110221,8.02,8.02,8.02,8.02,0
CAFI,20110221,2.15,2.15,2.15,2.15,0
CAKE,20110221,29.49,29.49,29.49,29.49,0
CALD,20110221,6,6,6,6,0
CALI,20110221,20.28,20.28,20.28,20.28,0
CALL,20110221,9.82,9.82,9.82,9.82,0
CALM,20110221,28.8,28.8,28.8,28.8,0
CAMP,20110221,3.2,3.2,3.2,3.2,0
CAMT,20110221,4.65,4.65,4.65,4.65,0
CAR,20110221,16.2,16.2,16.2,16.2,0
CART,20110221,3.2,3.2,3.2,3.2,0
CARV,20110221,1.3,1.3,1.3,1.3,0
CASH,20110221,16.9,16.9,16.9,16.9,0
CASM,20110221,2.88,2.88,2.88,2.88,0
CASS,20110221,39.58,39.58,39.58,39.58,0
CASY,20110221,43.1,43.1,43.1,43.1,0
CATM,20110221,19.19,19.19,19.19,19.19,0
CATY,20110221,18.79,18.79,18.79,18.79,0
CAVM,20110221,44.73,44.73,44.73,44.73,0
CBAK,20110221,9.4,9.4,9.4,9.4,0
CBAN,20110221,4.15,4.15,4.15,4.15,0
CBEY,20110221,14.56,14.56,14.56,14.56,0
CBIN,20110221,13.99,13.99,13.99,13.99,0
CBLI,20110221,7.03,7.03,7.03,7.03,0
CBMX,20110221,24.5,24.5,24.5,24.5,0
CBMXW,20110221,2.9,2.9,2.9,2.9,0
CBNJ,20110221,9.88,9.88,9.88,9.88,0
CBNK,20110221,13.95,13.95,13.95,13.95,0
CBOE,20110221,27.11,27.11,27.11,27.11,0
CBPO,20110221,17.3,17.3,17.3,17.3,0
CBRL,20110221,53.34,53.34,53.34,53.34,0
CBRX,20110221,3.04,3.04,3.04,3.04,0
CBSH,20110221,40.95,40.95,40.95,40.95,0
CBST,20110221,22.12,22.12,22.12,22.12,0
CCBG,20110221,12.86,12.86,12.86,12.86,0
CCCL,20110221,7.26,7.26,7.26,7.26,0
CCIH,20110221,17.37,17.37,17.37,17.37,0
CCIX,20110221,7.21,7.21,7.21,7.21,0
CCMP,20110221,49.72,49.72,49.72,49.72,0
CCNE,20110221,13.86,13.86,13.86,13.86,0
CCOI,20110221,14.57,14.57,14.57,14.57,0
CCRN,20110221,8.15,8.15,8.15,8.15,0
CCUR,20110221,6,6,6,6,0
CDNS,20110221,10.11,10.11,10.11,10.11,0
CDTI,20110221,7.53,7.53,7.53,7.53,0
CDXS,20110221,10.5,10.5,10.5,10.5,0
CDZI,20110221,12.73,12.73,12.73,12.73,0
CECE,20110221,6.23,6.23,6.23,6.23,0
CECO,20110221,24.37,24.37,24.37,24.37,0
CEDU,20110221,7.78,7.78,7.78,7.78,0
CELG,20110221,53.47,53.47,53.47,53.47,0
CELGZ,20110221,2.4,2.4,2.4,2.4,0
CENT,20110221,9.39,9.39,9.39,9.39,0
CENTA,20110221,9.17,9.17,9.17,9.17,0
CENX,20110221,16.98,16.98,16.98,16.98,0
CERN,20110221,49.89,49.89,49.89,49.89,0
CERS,20110221,3.53,3.53,3.53,3.53,0
CETV,20110221,18.96,18.96,18.96,18.96,0
CEVA,20110221,25.02,25.02,25.02,25.02,0
CFBK,20110221,8.25,8.25,8.25,8.25,0
CFFI,20110221,23.51,23.51,23.51,23.51,0
CFNB,20110221,14.42,14.42,14.42,14.42,0
CFNL,20110221,11.06,11.06,11.06,11.06,0
CGEN,20110221,5.16,5.16,5.16,5.16,0
CGNX,20110221,29.7,29.7,29.7,29.7,0
CHCI,20110221,1.8,1.8,1.8,1.8,0
CHCO,20110221,34.98,34.98,34.98,34.98,0
CHDN,20110221,42.23,42.23,42.23,42.23,0
CHDX,20110221,17.9,17.9,17.9,17.9,0
CHEV,20110221,8.75,8.75,8.75,8.75,0
CHFC,20110221,20.6,20.6,20.6,20.6,0
CHFN,20110221,9.802,9.802,9.802,9.802,0
CHKE,20110221,17.49,17.49,17.49,17.49,0
CHKP,20110221,51.6,51.6,51.6,51.6,0
CHLN,20110221,2.68,2.68,2.68,2.68,0
CHNR,20110221,13.94,13.94,13.94,13.94,0
CHOP,20110221,5.77,5.77,5.77,5.77,0
CHRM,20110221,10.31,10.31,10.31,10.31,0
CHRW,20110221,74.99,74.99,74.99,74.99,0
CHSCP,20110221,29.5,29.5,29.5,29.5,0
CHTP,20110221,4.32,4.32,4.32,4.32,0
CHTR,20110221,46.44,46.44,46.44,46.44,0
CHYR,20110221,2.8,2.8,2.8,2.8,0
CIDM,20110221,1.76,1.76,1.76,1.76,0
CIEN,20110221,27.69,27.69,27.69,27.69,0
CIMT,20110221,4.36,4.36,4.36,4.36,0
CINF,20110221,34.18,34.18,34.18,34.18,0
CISG,20110221,18.12,18.12,18.12,18.12,0
CITZ,20110221,5.65,5.65,5.65,5.65,0
CIZN,20110221,20,20,20,20,0
CJJD,20110221,3.95,3.95,3.95,3.95,0
CKEC,20110221,7.23,7.23,7.23,7.23,0
CKSW,20110221,8.21,8.21,8.21,8.21,0
CLBH,20110221,4.1,4.1,4.1,4.1,0
CLCT,20110221,14.09,14.09,14.09,14.09,0
CLDX,20110221,3.72,3.72,3.72,3.72,0
CLFD,20110221,5.35,5.35,5.35,5.35,0
CLMS,20110221,17.09,17.09,17.09,17.09,0
CLMT,20110221,23.83,23.83,23.83,23.83,0
CLNE,20110221,11.96,11.96,11.96,11.96,0
CLRO,20110221,4.73,4.73,4.73,4.73,0
CLSN,20110221,2.58,2.58,2.58,2.58,0
CLUB,20110221,4.17,4.17,4.17,4.17,0
CLWR,20110221,5.64,5.64,5.64,5.64,0
CLWT,20110221,7.15,7.15,7.15,7.15,0
CMCO,20110221,18.73,18.73,18.73,18.73,0
CMCSA,20110221,25.67,25.67,25.67,25.67,0
CMCSK,20110221,24.18,24.18,24.18,24.18,0
CME,20110221,302.84,302.84,302.84,302.84,0
CMLS,20110221,5.05,5.05,5.05,5.05,0
CMSB,20110221,9.12,9.12,9.12,9.12,0
CMTL,20110221,28.62,28.62,28.62,28.62,0
CNBC,20110221,9.2,9.2,9.2,9.2,0
CNBKA,20110221,27.9,27.9,27.9,27.9,0
CNET,20110221,4.03,4.03,4.03,4.03,0
CNIT,20110221,4.69,4.69,4.69,4.69,0
CNMD,20110221,27.41,27.41,27.41,27.41,0
CNQR,20110221,53.15,53.15,53.15,53.15,0
CNSL,20110221,18.34,18.34,18.34,18.34,0
CNTF,20110221,4.31,4.31,4.31,4.31,0
CNTY,20110221,2.78,2.78,2.78,2.78,0
CNYD,20110221,8.58,8.58,8.58,8.58,0
COBK,20110221,13.08,13.08,13.08,13.08,0
COBR,20110221,3.89,3.89,3.89,3.89,0
COBZ,20110221,6.61,6.61,6.61,6.61,0
COCO,20110221,5.28,5.28,5.28,5.28,0
COGO,20110221,8.93,8.93,8.93,8.93,0
COHR,20110221,61.16,61.16,61.16,61.16,0
COHU,20110221,15.16,15.16,15.16,15.16,0
COKE,20110221,55.13,55.13,55.13,55.13,0
COLB,20110221,20.37,20.37,20.37,20.37,0
COLM,20110221,64.99,64.99,64.99,64.99,0
CONN,20110221,4.23,4.23,4.23,4.23,0
COOL,20110221,1.58,1.58,1.58,1.58,0
CORE,20110221,34.18,34.18,34.18,34.18,0
CORT,20110221,4.05,4.05,4.05,4.05,0
COSI,20110221,1.46,1.46,1.46,1.46,0
COST,20110221,75.43,75.43,75.43,75.43,0
COWN,20110221,4.3,4.3,4.3,4.3,0
CPBC,20110221,5.2,5.2,5.2,5.2,0
CPGI,20110221,3.5,3.5,3.5,3.5,0
CPHC,20110221,12.7,12.7,12.7,12.7,0
CPHD,20110221,25.39,25.39,25.39,25.39,0
CPIX,20110221,6.3,6.3,6.3,6.3,0
CPLA,20110221,56.8,56.8,56.8,56.8,0
CPLP,20110221,9.81,9.81,9.81,9.81,0
CPNO,20110221,35.45,35.45,35.45,35.45,0
CPRT,20110221,20.705,20.705,20.705,20.705,0
CPRX,20110221,1.2,1.2,1.2,1.2,0
CPSI,20110221,53.97,53.97,53.97,53.97,0
CPSL,20110221,21.12,21.12,21.12,21.12,0
CPSS,20110221,1.22,1.22,1.22,1.22,0
CPST,20110221,1.52,1.52,1.52,1.52,0
CPTS,20110221,14.94,14.94,14.94,14.94,0
CPWR,20110221,11.23,11.23,11.23,11.23,0
CRAI,20110221,25.62,25.62,25.62,25.62,0
CRAY,20110221,7.54,7.54,7.54,7.54,0
CRDC,20110221,3.71,3.71,3.71,3.71,0
CREE,20110221,54.68,54.68,54.68,54.68,0
CREG,20110221,2.95,2.95,2.95,2.95,0
CRESW,20110221,0.25,0.25,0.25,0.25,0
CRESY,20110221,17.75,17.75,17.75,17.75,0
CRFN,20110221,2.15,2.15,2.15,2.15,0
CRIS,20110221,2.94,2.94,2.94,2.94,0
CRME,20110221,30,30,30,30,0
CRMT,20110221,24.33,24.33,24.33,24.33,0
CRNT,20110221,12.85,12.85,12.85,12.85,0
CROX,20110221,18.01,18.01,18.01,18.01,0
CRRB,20110221,4.4,4.4,4.4,4.4,0
CRRC,20110221,14.3,14.3,14.3,14.3,0
CRTX,20110221,5.43,5.43,5.43,5.43,0
CRUS,20110221,24.58,24.58,24.58,24.58,0
CRVL,20110221,49,49,49,49,0
CRWN,20110221,2.4,2.4,2.4,2.4,0
CRWS,20110221,5,5,5,5,0
CRZO,20110221,36.86,36.86,36.86,36.86,0
CSBK,20110221,11.48,11.48,11.48,11.48,0
CSCD,20110221,6,6,6,6,0
CSCO,20110221,18.85,18.85,18.85,18.85,0
CSFL,20110221,7.1,7.1,7.1,7.1,0
CSGP,20110221,61.06,61.06,61.06,61.06,0
CSGS,20110221,19.79,19.79,19.79,19.79,0
CSII,20110221,9.94,9.94,9.94,9.94,0
CSIQ,20110221,15.8,15.8,15.8,15.8,0
CSPI,20110221,4.32,4.32,4.32,4.32,0
CSTR,20110221,45.47,45.47,45.47,45.47,0
CSUN,20110221,4.8,4.8,4.8,4.8,0
CSWC,20110221,100,100,100,100,0
CTAS,20110221,29.19,29.19,29.19,29.19,0
CTBI,20110221,29.8,29.8,29.8,29.8,0
CTCH,20110221,3.94,3.94,3.94,3.94,0
CTCM,20110221,22.1,22.1,22.1,22.1,0
CTCT,20110221,30.74,30.74,30.74,30.74,0
CTGX,20110221,12.62,12.62,12.62,12.62,0
CTHR,20110221,3.91,3.91,3.91,3.91,0
CTIB,20110221,6.27,6.27,6.27,6.27,0
CTIC,20110221,1.65,1.65,1.65,1.65,0
CTRN,20110221,21.33,21.33,21.33,21.33,0
CTRP,20110221,39.49,39.49,39.49,39.49,0
CTSH,20110221,77.73,77.73,77.73,77.73,0
CTWS,20110221,25.17,25.17,25.17,25.17,0
CTXS,20110221,72.63,72.63,72.63,72.63,0
CU,20110221,43.4,43.4,43.4,43.4,0
CUBA,20110221,7.45,7.45,7.45,7.45,0
CUTR,20110221,9.6,9.6,9.6,9.6,0
CVBF,20110221,8.7,8.7,8.7,8.7,0
CVCO,20110221,41.06,41.06,41.06,41.06,0
CVCY,20110221,6.02,6.02,6.02,6.02,0
CVGI,20110221,18.36,18.36,18.36,18.36,0
CVGW,20110221,23.57,23.57,23.57,23.57,0
CVLT,20110221,37.67,37.67,37.67,37.67,0
CVLY,20110221,10.35,10.35,10.35,10.35,0
CVTI,20110221,9.81,9.81,9.81,9.81,0
CVV,20110221,12.43,12.43,12.43,12.43,0
CWBC,20110221,4.56,4.56,4.56,4.56,0
CWCO,20110221,11.01,11.01,11.01,11.01,0
CWEI,20110221,102.33,102.33,102.33,102.33,0
CWST,20110221,7.5,7.5,7.5,7.5,0
CWTR,20110221,12.12,12.12,12.12,12.12,0
CXDC,20110221,7.17,7.17,7.17,7.17,0
CXPO,20110221,3.95,3.95,3.95,3.95,0
CY,20110221,22.03,22.03,22.03,22.03,0
CYAN,20110221,3.62,3.62,3.62,3.62,0
CYBE,20110221,9,9,9,9,0
CYBX,20110221,33.37,33.37,33.37,33.37,0
CYCC,20110221,10.01,10.01,10.01,10.01,0
CYCCP,20110221,3.89,3.89,3.89,3.89,0
CYMI,20110221,52.17,52.17,52.17,52.17,0
CYNO,20110221,14.27,14.27,14.27,14.27,0
CYOU,20110221,36.83,36.83,36.83,36.83,0
CYTK,20110221,1.52,1.52,1.52,1.52,0
CYTR,20110221,6.79,6.79,6.79,6.79,0
CYTX,20110221,5.69,5.69,5.69,5.69,0
CYTXW,20110221,3.75,3.75,3.75,3.75,0
CZFC,20110221,8.94,8.94,8.94,8.94,0
CZNC,20110221,15,15,15,15,0
CZWI,20110221,5.1,5.1,5.1,5.1,0
DAIO,20110221,6.06,6.06,6.06,6.06,0
DAKT,20110221,16.26,16.26,16.26,16.26,0
DARA,20110221,3.51,3.51,3.51,3.51,0
DAVE,20110221,10.25,10.25,10.25,10.25,0
DBLE,20110221,9.67,9.67,9.67,9.67,0
DBLEP,20110221,26,26,26,26,0
DCIX,20110221,12.2,12.2,12.2,12.2,0
DCOM,20110221,15.57,15.57,15.57,15.57,0
DCTH,20110221,11.3,11.3,11.3,11.3,0
DECK,20110221,90.03,90.03,90.03,90.03,0
DELL,20110221,15.43,15.43,15.43,15.43,0
DENN,20110221,4.13,4.13,4.13,4.13,0
DEPO,20110221,8.51,8.51,8.51,8.51,0
DEST,20110221,22.365,22.365,22.365,22.365,0
DFZ,20110221,10.52,10.52,10.52,10.52,0
DGAS,20110221,15.485,15.485,15.485,15.485,0
DGICA,20110221,12.81,12.81,12.81,12.81,0
DGICB,20110221,18.75,18.75,18.75,18.75,0
DGII,20110221,11.77,11.77,11.77,11.77,0
DGIT,20110221,33.79,33.79,33.79,33.79,0
DGLY,20110221,1.71,1.71,1.71,1.71,0
DHIL,20110221,72.5,72.5,72.5,72.5,0
DHRM,20110221,5.54,5.54,5.54,5.54,0
DIOD,20110221,30.93,30.93,30.93,30.93,0
DISCA,20110221,43.91,43.91,43.91,43.91,0
DISCB,20110221,43.33,43.33,43.33,43.33,0
DISCK,20110221,39.05,39.05,39.05,39.05,0
DISH,20110221,23.47,23.47,23.47,23.47,0
DJCO,20110221,73.8,73.8,73.8,73.8,0
DLGC,20110221,25,25,25,25,0
DLIA,20110221,1.92,1.92,1.92,1.92,0
DLLR,20110221,20.92,20.92,20.92,20.92,0
DLTR,20110221,26.36,26.36,26.36,26.36,0
DMLP,20110221,27.23,27.23,27.23,27.23,0
DMND,20110221,51.95,51.95,51.95,51.95,0
DMRC,20110221,29.81,29.81,29.81,29.81,0
DNBF,20110221,11.2,11.2,11.2,11.2,0
DNDN,20110221,33.79,33.79,33.79,33.79,0
DORM,20110221,17.125,17.125,17.125,17.125,0
DOVR,20110221,3.32,3.32,3.32,3.32,0
DRAD,20110221,2.41,2.41,2.41,2.41,0
DRAM,20110221,14.22,14.22,14.22,14.22,0
DRCO,20110221,14.72,14.72,14.72,14.72,0
DRIV,20110221,35.69,35.69,35.69,35.69,0
DRRX,20110221,3.4,3.4,3.4,3.4,0
DRWI,20110221,7.6,7.6,7.6,7.6,0
DRYS,20110221,5.03,5.03,5.03,5.03,0
DSCI,20110221,9.66,9.66,9.66,9.66,0
DSCO,20110221,2.16,2.16,2.16,2.16,0
DSGX,20110221,6.8,6.8,6.8,6.8,0
DSPG,20110221,7.98,7.98,7.98,7.98,0
DSWL,20110221,3.2,3.2,3.2,3.2,0
DTLK,20110221,7.94,7.94,7.94,7.94,0
DTSI,20110221,45.83,45.83,45.83,45.83,0
DTV,20110221,44.3,44.3,44.3,44.3,0
DVAX,20110221,3.08,3.08,3.08,3.08,0
DVOX,20110221,6.11,6.11,6.11,6.11,0
DWA,20110221,28.66,28.66,28.66,28.66,0
DWCH,20110221,5.19,5.19,5.19,5.19,0
DWSN,20110221,45.78,45.78,45.78,45.78,0
DXCM,20110221,14.82,14.82,14.82,14.82,0
DXPE,20110221,22.26,22.26,22.26,22.26,0
DXYN,20110221,4.66,4.66,4.66,4.66,0
DYAX,20110221,1.94,1.94,1.94,1.94,0
DYNT,20110221,4.4,4.4,4.4,4.4,0
DYSL,20110221,4.82,4.82,4.82,4.82,0
EBAY,20110221,34.53,34.53,34.53,34.53,0
EBIX,20110221,25.03,25.03,25.03,25.03,0
EBMT,20110221,11.25,11.25,11.25,11.25,0
EBSB,20110221,13.23,13.23,13.23,13.23,0
EBTC,20110221,14.46,14.46,14.46,14.46,0
ECHO,20110221,13.35,13.35,13.35,13.35,0
ECOL,20110221,17,17,17,17,0
ECPG,20110221,27.21,27.21,27.21,27.21,0
ECTY,20110221,3.85,3.85,3.85,3.85,0
ECYT,20110221,7.06,7.06,7.06,7.06,0
EDAC,20110221,3.52,3.52,3.52,3.52,0
EDAP,20110221,3.85,3.85,3.85,3.85,0
EDGW,20110221,2.35,2.35,2.35,2.35,0
EDMC,20110221,18.28,18.28,18.28,18.28,0
EDS,20110221,8,8,8,8,0
EDUC,20110221,6.72,6.72,6.72,6.72,0
EEFT,20110221,18.78,18.78,18.78,18.78,0
EEI,20110221,14.7,14.7,14.7,14.7,0
EFII,20110221,15.51,15.51,15.51,15.51,0
EFSC,20110221,13.25,13.25,13.25,13.25,0
EFUT,20110221,5.16,5.16,5.16,5.16,0
EGBN,20110221,14.46,14.46,14.46,14.46,0
EGHT,20110221,2.61,2.61,2.61,2.61,0
EGLE,20110221,17.04,17.04,17.04,17.04,0
EGOV,20110221,10,10,10,10,0
EHTH,20110221,12.8,12.8,12.8,12.8,0
EIHI,20110221,13.15,13.15,13.15,13.15,0
ELGX,20110221,5.97,5.97,5.97,5.97,0
ELNK,20110221,8.38,8.38,8.38,8.38,0
ELON,20110221,8.98,8.98,8.98,8.98,0
ELOS,20110221,13.66,13.66,13.66,13.66,0
ELRC,20110221,15.94,15.94,15.94,15.94,0
ELSE,20110221,4.88,4.88,4.88,4.88,0
ELTK,20110221,1.29,1.29,1.29,1.29,0
EMCF,20110221,17.59,17.59,17.59,17.59,0
EMCI,20110221,25.45,25.45,25.45,25.45,0
EMFN,20110221,27.42,27.42,27.42,27.42,0
EMIF,20110221,33.92,33.92,33.92,33.92,0
EMITF,20110221,11.65,11.65,11.65,11.65,0
EMKR,20110221,9.6,9.6,9.6,9.6,0
EMMS,20110221,1.15,1.15,1.15,1.15,0
EMMSP,20110221,17.9,17.9,17.9,17.9,0
EMMT,20110221,27.69,27.69,27.69,27.69,0
ENDP,20110221,34.49,34.49,34.49,34.49,0
ENG,20110221,4.92,4.92,4.92,4.92,0
ENMD,20110221,5.15,5.15,5.15,5.15,0
ENOC,20110221,18.82,18.82,18.82,18.82,0
ENSG,20110221,30.54,30.54,30.54,30.54,0
ENTG,20110221,9.15,9.15,9.15,9.15,0
ENTR,20110221,9.65,9.65,9.65,9.65,0
ENZN,20110221,11.15,11.15,11.15,11.15,0
EONC,20110221,1.86,1.86,1.86,1.86,0
EPAX,20110221,10.95,10.95,10.95,10.95,0
EPAY,20110221,22.02,22.02,22.02,22.02,0
EPIQ,20110221,13.57,13.57,13.57,13.57,0
EQIX,20110221,90.99,90.99,90.99,90.99,0
ERIC,20110221,12.52,12.52,12.52,12.52,0
ERIE,20110221,69.21,69.21,69.21,69.21,0
ERII,20110221,3.41,3.41,3.41,3.41,0
EROC,20110221,9.66,9.66,9.66,9.66,0
ESBF,20110221,12.0167,12.0167,12.0167,12.0167,0
ESBK,20110221,17.5,17.5,17.5,17.5,0
ESCA,20110221,5.61,5.61,5.61,5.61,0
ESEA,20110221,4.01,4.01,4.01,4.01,0
ESGR,20110221,83.18,83.18,83.18,83.18,0
ESIO,20110221,15.64,15.64,15.64,15.64,0
ESLT,20110221,51.78,51.78,51.78,51.78,0
ESMC,20110221,1.44,1.44,1.44,1.44,0
ESRX,20110221,56.77,56.77,56.77,56.77,0
ESSA,20110221,12.98,12.98,12.98,12.98,0
ESSX,20110221,6.62,6.62,6.62,6.62,0
ESYS,20110221,4.97,4.97,4.97,4.97,0
ETFC,20110221,17.73,17.73,17.73,17.73,0
ETRM,20110221,2.65,2.65,2.65,2.65,0
EUFN,20110221,24.65,24.65,24.65,24.65,0
EVBS,20110221,3.82,3.82,3.82,3.82,0
EVEP,20110221,44.65,44.65,44.65,44.65,0
EVOL,20110221,8,8,8,8,0
EWBC,20110221,23.23,23.23,23.23,23.23,0
EXAC,20110221,18.88,18.88,18.88,18.88,0
EXAR,20110221,6.33,6.33,6.33,6.33,0
EXAS,20110221,5.57,5.57,5.57,5.57,0
EXEL,20110221,10.76,10.76,10.76,10.76,0
EXFO,20110221,11.57,11.57,11.57,11.57,0
EXLP,20110221,29.5,29.5,29.5,29.5,0
EXLS,20110221,21.74,21.74,21.74,21.74,0
EXPD,20110221,54.83,54.83,54.83,54.83,0
EXPE,20110221,20.96,20.96,20.96,20.96,0
EXPO,20110221,38.8,38.8,38.8,38.8,0
EXTR,20110221,4.06,4.06,4.06,4.06,0
EXXI,20110221,32.24,32.24,32.24,32.24,0
EZCH,20110221,30.01,30.01,30.01,30.01,0
EZPW,20110221,27.94,27.94,27.94,27.94,0
FABK,20110221,13.65,13.65,13.65,13.65,0
FALC,20110221,4.84,4.84,4.84,4.84,0
FARM,20110221,14.89,14.89,14.89,14.89,0
FARO,20110221,30.89,30.89,30.89,30.89,0
FAST,20110221,31.85,31.85,31.85,31.85,0
FBIZ,20110221,12.2,12.2,12.2,12.2,0
FBMI,20110221,7.03,7.03,7.03,7.03,0
FBMS,20110221,9.02,9.02,9.02,9.02,0
FBNC,20110221,14.24,14.24,14.24,14.24,0
FBSS,20110221,13.55,13.55,13.55,13.55,0
FCAL,20110221,3.39,3.39,3.39,3.39,0
FCAP,20110221,15.7,15.7,15.7,15.7,0
FCBC,20110221,13.32,13.32,13.32,13.32,0
FCCO,20110221,6.65,6.65,6.65,6.65,0
FCCY,20110221,9,9,9,9,0
FCEL,20110221,1.8,1.8,1.8,1.8,0
FCFC,20110221,7.04,7.04,7.04,7.04,0
FCFS,20110221,34,34,34,34,0
FCHI,20110221,50.55,50.55,50.55,50.55,0
FCLF,20110221,7.5,7.5,7.5,7.5,0
FCNCA,20110221,203.49,203.49,203.49,203.49,0
FCTY,20110221,4.39,4.39,4.39,4.39,0
FCVA,20110221,3.8,3.8,3.8,3.8,0
FCZA,20110221,4.3,4.3,4.3,4.3,0
FDEF,20110221,14.09,14.09,14.09,14.09,0
FDML,20110221,21.03,21.03,21.03,21.03,0
FEFN,20110221,27.4,27.4,27.4,27.4,0
FEIC,20110221,32.46,32.46,32.46,32.46,0
FEIM,20110221,7.8,7.8,7.8,7.8,0
FELE,20110221,21.815,21.815,21.815,21.815,0
FFBC,20110221,17.56,17.56,17.56,17.56,0
FFBCW,20110221,7,7,7,7,0
FFBH,20110221,3.33,3.33,3.33,3.33,0
FFCH,20110221,10.44,10.44,10.44,10.44,0
FFCO,20110221,14,14,14,14,0
FFEX,20110221,4.71,4.71,4.71,4.71,0
FFHL,20110221,6.06,6.06,6.06,6.06,0
FFIC,20110221,14.79,14.79,14.79,14.79,0
FFIN,20110221,33.5,33.5,33.5,33.5,0
FFIV,20110221,120.85,120.85,120.85,120.85,0
FFKT,20110221,7.67,7.67,7.67,7.67,0
FFKY,20110221,4.01,4.01,4.01,4.01,0
FFNM,20110221,3.52,3.52,3.52,3.52,0
FFNW,20110221,5.27,5.27,5.27,5.27,0
FHCO,20110221,5.02,5.02,5.02,5.02,0
FIBK,20110221,15.15,15.15,15.15,15.15,0
FINL,20110221,17.56,17.56,17.56,17.56,0
FIRE,20110221,25.33,25.33,25.33,25.33,0
FISI,20110221,19.24,19.24,19.24,19.24,0
FISV,20110221,63.52,63.52,63.52,63.52,0
FITB,20110221,14.99,14.99,14.99,14.99,0
FITBP,20110221,153.25,153.25,153.25,153.25,0
FIZZ,20110221,12.71,12.71,12.71,12.71,0
FLDM,20110221,14.39,14.39,14.39,14.39,0
FLEX,20110221,8.42,8.42,8.42,8.42,0
FLIC,20110221,27.72,27.72,27.72,27.72,0
FLIR,20110221,32.29,32.29,32.29,32.29,0
FLML,20110221,6.9,6.9,6.9,6.9,0
FLOW,20110221,4.1,4.1,4.1,4.1,0
FLWS,20110221,2.8,2.8,2.8,2.8,0
FLXS,20110221,15.85,15.85,15.85,15.85,0
FMBI,20110221,12.5,12.5,12.5,12.5,0
FMCN,20110221,26.71,26.71,26.71,26.71,0
FMER,20110221,17.36,17.36,17.36,17.36,0
FMFC,20110221,4,4,4,4,0
FNBN,20110221,0.35,0.35,0.35,0.35,0
FNFG,20110221,15.06,15.06,15.06,15.06,0
FNGN,20110221,25.2,25.2,25.2,25.2,0
FNLC,20110221,14.81,14.81,14.81,14.81,0
FNSR,20110221,41.99,41.99,41.99,41.99,0
FOLD,20110221,6.53,6.53,6.53,6.53,0
FONE,20110221,30.21,30.21,30.21,30.21,0
FONR,20110221,1.32,1.32,1.32,1.32,0
FORD,20110221,3.6,3.6,3.6,3.6,0
FORM,20110221,9.06,9.06,9.06,9.06,0
FORR,20110221,36.09,36.09,36.09,36.09,0
FORTY,20110221,20.1,20.1,20.1,20.1,0
FOSL,20110221,78.89,78.89,78.89,78.89,0
FRBK,20110221,3.02,3.02,3.02,3.02,0
FRED,20110221,14.17,14.17,14.17,14.17,0
FREE,20110221,31.2,31.2,31.2,31.2,0
FRME,20110221,9.06,9.06,9.06,9.06,0
FRP,20110221,24.78,24.78,24.78,24.78,0
FSBK,20110221,5.46,5.46,5.46,5.46,0
FSCI,20110221,27.48,27.48,27.48,27.48,0
FSFG,20110221,16.35,16.35,16.35,16.35,0
FSGI,20110221,0.98,0.98,0.98,0.98,0
FSLR,20110221,168.22,168.22,168.22,168.22,0
FSRV,20110221,30.84,30.84,30.84,30.84,0
FSTR,20110221,40.03,40.03,40.03,40.03,0
FSYS,20110221,28.13,28.13,28.13,28.13,0
FTEK,20110221,7.95,7.95,7.95,7.95,0
FTNT,20110221,20.85,20.85,20.85,20.85,0
FUBC,20110221,6.45,6.45,6.45,6.45,0
FULL,20110221,8.66,8.66,8.66,8.66,0
FULT,20110221,11.04,11.04,11.04,11.04,0
FUNC,20110221,3.63,3.63,3.63,3.63,0
FUND,20110221,8.15,8.15,8.15,8.15,0
FURX,20110221,16,16,16,16,0
FWLT,20110221,39.48,39.48,39.48,39.48,0
FWRD,20110221,30.95,30.95,30.95,30.95,0
FXCB,20110221,13.22,13.22,13.22,13.22,0
FXEN,20110221,9.99,9.99,9.99,9.99,0
GABC,20110221,17.55,17.55,17.55,17.55,0
GAGA,20110221,9.31,9.31,9.31,9.31,0
GAI,20110221,7.95,7.95,7.95,7.95,0
GAIA,20110221,7.73,7.73,7.73,7.73,0
GAIN,20110221,7.77,7.77,7.77,7.77,0
GAME,20110221,6.07,6.07,6.07,6.07,0
GASS,20110221,6.59,6.59,6.59,6.59,0
GBCI,20110221,14.71,14.71,14.71,14.71,0
GBDC,20110221,17.25,17.25,17.25,17.25,0
GBLI,20110221,21.82,21.82,21.82,21.82,0
GBNK,20110221,1.33,1.33,1.33,1.33,0
GCBC,20110221,18.25,18.25,18.25,18.25,0
GCFB,20110221,4.18,4.18,4.18,4.18,0
GCOM,20110221,11.02,11.02,11.02,11.02,0
GENC,20110221,7.92,7.92,7.92,7.92,0
GENE,20110221,3.09,3.09,3.09,3.09,0
GENT,20110221,8.44,8.44,8.44,8.44,0
GERN,20110221,5.07,5.07,5.07,5.07,0
GEVO,20110221,19.84,19.84,19.84,19.84,0
GFED,20110221,5.85,5.85,5.85,5.85,0
GFN,20110221,3.06,3.06,3.06,3.06,0
GFNCL,20110221,3.2,3.2,3.2,3.2,0
GGAL,20110221,15.27,15.27,15.27,15.27,0
GHDX,20110221,23.6,23.6,23.6,23.6,0
GIFI,20110221,28.29,28.29,28.29,28.29,0
GIGA,20110221,2.55,2.55,2.55,2.55,0
GIGM,20110221,1.22,1.22,1.22,1.22,0
GIII,20110221,37.25,37.25,37.25,37.25,0
GILD,20110221,19.65,19.65,19.65,19.65,0
GILT,20110221,5.39,5.39,5.39,5.39,0
GIVN,20110221,20.02,20.02,20.02,20.02,0
GKNT,20110221,29.59,29.59,29.59,29.59,0
GLAD,20110221,11.65,11.65,11.65,11.65,0
GLBS,20110221,9.11,9.11,9.11,9.11,0
GLBZ,20110221,8.51,8.51,8.51,8.51,0
GLCH,20110221,1.91,1.91,1.91,1.91,0
GLDC,20110221,3.08,3.08,3.08,3.08,0
GLDD,20110221,8.03,8.03,8.03,8.03,0
GLNG,20110221,18.95,18.95,18.95,18.95,0
GLPW,20110221,23.49,23.49,23.49,23.49,0
GLRE,20110221,29.25,29.25,29.25,29.25,0
GLUU,20110221,4.11,4.11,4.11,4.11,0
GMAN,20110221,16.7,16.7,16.7,16.7,0
GMCR,20110221,41.81,41.81,41.81,41.81,0
GMETP,20110221,11.75,11.75,11.75,11.75,0
GNCMA,20110221,12.07,12.07,12.07,12.07,0
GNMK,20110221,4.22,4.22,4.22,4.22,0
GNTX,20110221,32.33,32.33,32.33,32.33,0
GNVC,20110221,0.48,0.48,0.48,0.48,0
GOLD,20110221,81.86,81.86,81.86,81.86,0
GOOD,20110221,18.57,18.57,18.57,18.57,0
GOODO,20110221,25,25,25,25,0
GOODP,20110221,25,25,25,25,0
GOOG,20110221,630.08,630.08,630.08,630.08,0
GPIC,20110221,7.11,7.11,7.11,7.11,0
GPOR,20110221,27.08,27.08,27.08,27.08,0
GPRC,20110221,6.26,6.26,6.26,6.26,0
GPRE,20110221,11.48,11.48,11.48,11.48,0
GRID,20110221,34.9,34.9,34.9,34.9,0
GRIF,20110221,32.72,32.72,32.72,32.72,0
GRMN,20110221,33.02,33.02,33.02,33.02,0
GROW,20110221,8,8,8,8,0
GRVY,20110221,2,2,2,2,0
GSBC,20110221,21.67,21.67,21.67,21.67,0
GSIG,20110221,13.4,13.4,13.4,13.4,0
GSIT,20110221,9.78,9.78,9.78,9.78,0
GSM,20110221,22.9,22.9,22.9,22.9,0
GSOL,20110221,11.27,11.27,11.27,11.27,0
GTIM,20110221,3.9,3.9,3.9,3.9,0
GTIV,20110221,26.98,26.98,26.98,26.98,0
GTLS,20110221,40.8,40.8,40.8,40.8,0
GTXI,20110221,2.75,2.75,2.75,2.75,0
GUID,20110221,7.86,7.86,7.86,7.86,0
GULF,20110221,16.23,16.23,16.23,16.23,0
GYRO,20110221,78,78,78,78,0
HA,20110221,7.34,7.34,7.34,7.34,0
HAFC,20110221,1.36,1.36,1.36,1.36,0
HAIN,20110221,30.88,30.88,30.88,30.88,0
HALL,20110221,8.8,8.8,8.8,8.8,0
HALO,20110221,6.84,6.84,6.84,6.84,0
HAS,20110221,45.74,45.74,45.74,45.74,0
HAST,20110221,6.24,6.24,6.24,6.24,0
HAUP,20110221,2.51,2.51,2.51,2.51,0
HAWK,20110221,4.4,4.4,4.4,4.4,0
HAYN,20110221,53.91,53.91,53.91,53.91,0
HBAN,20110221,7.22,7.22,7.22,7.22,0
HBANP,20110221,1140,1140,1140,1140,0
HBCP,20110221,14.64,14.64,14.64,14.64,0
HBHC,20110221,35.22,35.22,35.22,35.22,0
HBIO,20110221,4.53,4.53,4.53,4.53,0
HBNC,20110221,12.8978,12.8978,12.8978,12.8978,0
HBNK,20110221,12.34,12.34,12.34,12.34,0
HBOS,20110221,12.99,12.99,12.99,12.99,0
HCBK,20110221,11.41,11.41,11.41,11.41,0
HCCI,20110221,11.88,11.88,11.88,11.88,0
HCKT,20110221,3.62,3.62,3.62,3.62,0
HCSG,20110221,17.51,17.51,17.51,17.51,0
HDNG,20110221,11.55,11.55,11.55,11.55,0
HDSN,20110221,1.97,1.97,1.97,1.97,0
HEES,20110221,15.42,15.42,15.42,15.42,0
HELE,20110221,29.96,29.96,29.96,29.96,0
HEOP,20110221,3.73,3.73,3.73,3.73,0
HERO,20110221,4.14,4.14,4.14,4.14,0
HFBC,20110221,9.5,9.5,9.5,9.5,0
HFBL,20110221,13.3,13.3,13.3,13.3,0
HFFC,20110221,11,11,11,11,0
HFWA,20110221,14.85,14.85,14.85,14.85,0
HGSH,20110221,2.58,2.58,2.58,2.58,0
HIBB,20110221,32.07,32.07,32.07,32.07,0
HIFS,20110221,50.1,50.1,50.1,50.1,0
HIHO,20110221,3.58,3.58,3.58,3.58,0
HILL,20110221,3.46,3.46,3.46,3.46,0
HIMX,20110221,2.66,2.66,2.66,2.66,0
HITK,20110221,23.41,23.41,23.41,23.41,0
HITT,20110221,64.63,64.63,64.63,64.63,0
HLIT,20110221,9.56,9.56,9.56,9.56,0
HMIN,20110221,34.19,34.19,34.19,34.19,0
HMNF,20110221,2.3,2.3,2.3,2.3,0
HMPR,20110221,20,20,20,20,0
HMSY,20110221,24.64,24.64,24.64,24.64,0
HNH,20110221,12.31,12.31,12.31,12.31,0
HNRG,20110221,10.21,10.21,10.21,10.21,0
HNSN,20110221,2.18,2.18,2.18,2.18,0
HOFT,20110221,13.1,13.1,13.1,13.1,0
HOGS,20110221,18.55,18.55,18.55,18.55,0
HOLI,20110221,14.32,14.32,14.32,14.32,0
HOLL,20110221,1.95,1.95,1.95,1.95,0
HOLX,20110221,20.61,20.61,20.61,20.61,0
HOMB,20110221,22.81,22.81,22.81,22.81,0
HOME,20110221,10.83,10.83,10.83,10.83,0
HOTT,20110221,5.59,5.59,5.59,5.59,0
HOVNP,20110221,7.9,7.9,7.9,7.9,0
HPCCP,20110221,26.7,26.7,26.7,26.7,0
HPJ,20110221,3.28,3.28,3.28,3.28,0
HPOL,20110221,1.01,1.01,1.01,1.01,0
HRZN,20110221,15.95,15.95,15.95,15.95,0
HSIC,20110221,69.85,69.85,69.85,69.85,0
HSII,20110221,28.47,28.47,28.47,28.47,0
HSKA,20110221,5.81,5.81,5.81,5.81,0
HSNI,20110221,30.99,30.99,30.99,30.99,0
HSOL,20110221,9.47,9.47,9.47,9.47,0
HSTM,20110221,7.97,7.97,7.97,7.97,0
HTBK,20110221,5.05,5.05,5.05,5.05,0
HTCH,20110221,3.3,3.3,3.3,3.3,0
HTCO,20110221,10.32,10.32,10.32,10.32,0
HTHT,20110221,17.14,17.14,17.14,17.14,0
HTLD,20110221,17.81,17.81,17.81,17.81,0
HTLF,20110221,16.7,16.7,16.7,16.7,0
HTWR,20110221,90.25,90.25,90.25,90.25,0
HUBG,20110221,37.82,37.82,37.82,37.82,0
HURC,20110221,28.34,28.34,28.34,28.34,0
HURN,20110221,29.67,29.67,29.67,29.67,0
HWAY,20110221,14.07,14.07,14.07,14.07,0
HWBK,20110221,8.85,8.85,8.85,8.85,0
HWCC,20110221,13.66,13.66,13.66,13.66,0
HWKN,20110221,39.28,39.28,39.28,39.28,0
HYGS,20110221,4.86,4.86,4.86,4.86,0
IACI,20110221,31.93,31.93,31.93,31.93,0
IART,20110221,50.94,50.94,50.94,50.94,0
IBB,20110221,95.32,95.32,95.32,95.32,0
IBCA,20110221,2.85,2.85,2.85,2.85,0
IBCP,20110221,4.4,4.4,4.4,4.4,0
IBCPO,20110221,15.25,15.25,15.25,15.25,0
IBKC,20110221,57.17,57.17,57.17,57.17,0
IBKR,20110221,15.82,15.82,15.82,15.82,0
IBOC,20110221,19.57,19.57,19.57,19.57,0
ICAD,20110221,1.34,1.34,1.34,1.34,0
ICCC,20110221,3.6,3.6,3.6,3.6,0
ICFI,20110221,24.79,24.79,24.79,24.79,0
ICGE,20110221,13.63,13.63,13.63,13.63,0
ICLN,20110221,17.91,17.91,17.91,17.91,0
ICLR,20110221,22.15,22.15,22.15,22.15,0
ICON,20110221,22.04,22.04,22.04,22.04,0
ICUI,20110221,42.51,42.51,42.51,42.51,0
IDCC,20110221,58.13,58.13,58.13,58.13,0
IDIX,20110221,3.2,3.2,3.2,3.2,0
IDRA,20110221,2.78,2.78,2.78,2.78,0
IDSA,20110221,13.49,13.49,13.49,13.49,0
IDSY,20110221,5.28,5.28,5.28,5.28,0
IDTI,20110221,8.25,8.25,8.25,8.25,0
IDXX,20110221,79.33,79.33,79.33,79.33,0
IESC,20110221,4.02,4.02,4.02,4.02,0
IFAS,20110221,31.68,31.68,31.68,31.68,0
IFEU,20110221,31.6,31.6,31.6,31.6,0
IFGL,20110221,31.69,31.69,31.69,31.69,0
IFNA,20110221,42.67,42.67,42.67,42.67,0
IFON,20110221,1.06,1.06,1.06,1.06,0
IFSM,20110221,40.34,40.34,40.34,40.34,0
IGLD,20110221,29.74,29.74,29.74,29.74,0
IGOI,20110221,48.6,48.6,48.6,48.6,0
IGOV,20110221,102.31,102.31,102.31,102.31,0
IGTE,20110221,19.04,19.04,19.04,19.04,0
III,20110221,2.3,2.3,2.3,2.3,0
IIIN,20110221,12.6,12.6,12.6,12.6,0
IIJI,20110221,7.91,7.91,7.91,7.91,0
IILG,20110221,17.39,17.39,17.39,17.39,0
IIN,20110221,3.91,3.91,3.91,3.91,0
IIVI,20110221,25.725,25.725,25.725,25.725,0
IKAN,20110221,1.26,1.26,1.26,1.26,0
IKNX,20110221,8,8,8,8,0
ILMN,20110221,72.27,72.27,72.27,72.27,0
IMGN,20110221,9.17,9.17,9.17,9.17,0
IMKTA,20110221,19.67,19.67,19.67,19.67,0
IMMR,20110221,7.26,7.26,7.26,7.26,0
IMMU,20110221,3.49,3.49,3.49,3.49,0
IMRS,20110221,7.31,7.31,7.31,7.31,0
INAP,20110221,7.34,7.34,7.34,7.34,0
INCY,20110221,14.13,14.13,14.13,14.13,0
INDB,20110221,27.71,27.71,27.71,27.71,0
INDY,20110221,27.8,27.8,27.8,27.8,0
INFA,20110221,48.59,48.59,48.59,48.59,0
INFI,20110221,5.56,5.56,5.56,5.56,0
INFN,20110221,8.28,8.28,8.28,8.28,0
ININ,20110221,36.92,36.92,36.92,36.92,0
INOC,20110221,1.36,1.36,1.36,1.36,0
INOD,20110221,2.79,2.79,2.79,2.79,0
INPH,20110221,5.84,5.84,5.84,5.84,0
INSM,20110221,0.59,0.59,0.59,0.59,0
INTC,20110221,22.14,22.14,22.14,22.14,0
INTG,20110221,21.86,21.86,21.86,21.86,0
INTL,20110221,24.77,24.77,24.77,24.77,0
INTT,20110221,4.21,4.21,4.21,4.21,0
INTU,20110221,54.11,54.11,54.11,54.11,0
INTX,20110221,9.89,9.89,9.89,9.89,0
INVE,20110221,2.58,2.58,2.58,2.58,0
INWK,20110221,8.25,8.25,8.25,8.25,0
IOSP,20110221,27.11,27.11,27.11,27.11,0
IPAR,20110221,18.55,18.55,18.55,18.55,0
IPAS,20110221,1.53,1.53,1.53,1.53,0
IPCC,20110221,62.53,62.53,62.53,62.53,0
IPCI,20110221,4.42,4.42,4.42,4.42,0
IPCM,20110221,40.11,40.11,40.11,40.11,0
IPGP,20110221,52.37,52.37,52.37,52.37,0
IPHS,20110221,43.32,43.32,43.32,43.32,0
IPXL,20110221,23.35,23.35,23.35,23.35,0
IRBT,20110221,29.13,29.13,29.13,29.13,0
IRDM,20110221,8.31,8.31,8.31,8.31,0
IRDMZ,20110221,1.4,1.4,1.4,1.4,0
IRIX,20110221,3.49,3.49,3.49,3.49,0
IRWD,20110221,12.25,12.25,12.25,12.25,0
ISBC,20110221,13.74,13.74,13.74,13.74,0
ISCA,20110221,29.75,29.75,29.75,29.75,0
ISHG,20110221,105.22,105.22,105.22,105.22,0
ISIG,20110221,7.2,7.2,7.2,7.2,0
ISIL,20110221,12.97,12.97,12.97,12.97,0
ISIS,20110221,9.05,9.05,9.05,9.05,0
ISLE,20110221,9.52,9.52,9.52,9.52,0
ISNS,20110221,13.34,13.34,13.34,13.34,0
ISRG,20110221,340.92,340.92,340.92,340.92,0
ISRL,20110221,63.44,63.44,63.44,63.44,0
ISSC,20110221,5.99,5.99,5.99,5.99,0
ISSI,20110221,10.21,10.21,10.21,10.21,0
ITIC,20110221,32.21,32.21,32.21,32.21,0
ITMN,20110221,37.06,37.06,37.06,37.06,0
ITRI,20110221,57.71,57.71,57.71,57.71,0
ITRN,20110221,16.4,16.4,16.4,16.4,0
IVAC,20110221,12.68,12.68,12.68,12.68,0
IVAN,20110221,3.48,3.48,3.48,3.48,0
IXYS,20110221,12.12,12.12,12.12,12.12,0
JACK,20110221,24.11,24.11,24.11,24.11,0
JADE,20110221,4.1,4.1,4.1,4.1,0
JAKK,20110221,18.22,18.22,18.22,18.22,0
JASO,20110221,42.6,42.6,42.6,42.6,0
JAXB,20110221,6.73,6.73,6.73,6.73,0
JAZZ,20110221,23.27,23.27,23.27,23.27,0
JBHT,20110221,42.82,42.82,42.82,42.82,0
JBLU,20110221,6.09,6.09,6.09,6.09,0
JBSS,20110221,11.83,11.83,11.83,11.83,0
JCOM,20110221,30.01,30.01,30.01,30.01,0
JCS,20110221,16.02,16.02,16.02,16.02,0
JCTCF,20110221,9.27,9.27,9.27,9.27,0
JDSU,20110221,25.2,25.2,25.2,25.2,0
JFBI,20110221,3.89,3.89,3.89,3.89,0
JJSF,20110221,45.79,45.79,45.79,45.79,0
JKHY,20110221,32.29,32.29,32.29,32.29,0
JMBA,20110221,2.42,2.42,2.42,2.42,0
JOBS,20110221,59.95,59.95,59.95,59.95,0
JOEZ,20110221,1.16,1.16,1.16,1.16,0
JOSB,20110221,47.27,47.27,47.27,47.27,0
JOUT,20110221,15.22,15.22,15.22,15.22,0
JRCC,20110221,21.18,21.18,21.18,21.18,0
JRJC,20110221,5.35,5.35,5.35,5.35,0
JST,20110221,11.5,11.5,11.5,11.5,0
JVA,20110221,4.12,4.12,4.12,4.12,0
JXSB,20110221,12.41,12.41,12.41,12.41,0
KALU,20110221,52.77,52.77,52.77,52.77,0
KBALB,20110221,7.59,7.59,7.59,7.59,0
KCAP,20110221,8.3,8.3,8.3,8.3,0
KCLI,20110221,33.71,33.71,33.71,33.71,0
KELYA,20110221,22.74,22.74,22.74,22.74,0
KELYB,20110221,21.94,21.94,21.94,21.94,0
KEQU,20110221,13.82,13.82,13.82,13.82,0
KERX,20110221,4.05,4.05,4.05,4.05,0
KEYN,20110221,19.48,19.48,19.48,19.48,0
KEYW,20110221,13.31,13.31,13.31,13.31,0
KFFB,20110221,8.81,8.81,8.81,8.81,0
KFRC,20110221,18,18,18,18,0
KGJI,20110221,2.98,2.98,2.98,2.98,0
KINS,20110221,3.2,3.2,3.2,3.2,0
KIPS,20110221,7.45,7.45,7.45,7.45,0
KIRK,20110221,15.74,15.74,15.74,15.74,0
KLAC,20110221,49.89,49.89,49.89,49.89,0
KLIC,20110221,10.04,10.04,10.04,10.04,0
KNDI,20110221,4.03,4.03,4.03,4.03,0
KONA,20110221,5.1,5.1,5.1,5.1,0
KONE,20110221,2.76,2.76,2.76,2.76,0
KONG,20110221,7.49,7.49,7.49,7.49,0
KOOL,20110221,2.93,2.93,2.93,2.93,0
KOPN,20110221,4.19,4.19,4.19,4.19,0
KOSS,20110221,7.1,7.1,7.1,7.1,0
KRNY,20110221,9.68,9.68,9.68,9.68,0
KSWS,20110221,9.97,9.97,9.97,9.97,0
KTCC,20110221,4.8,4.8,4.8,4.8,0
KTEC,20110221,19.55,19.55,19.55,19.55,0
KTOS,20110221,14.27,14.27,14.27,14.27,0
KUTV,20110221,3.95,3.95,3.95,3.95,0
KVHI,20110221,15.53,15.53,15.53,15.53,0
LABC,20110221,14.7,14.7,14.7,14.7,0
LABL,20110221,18.82,18.82,18.82,18.82,0
LACO,20110221,2.92,2.92,2.92,2.92,0
LAKE,20110221,8.25,8.25,8.25,8.25,0
LAMR,20110221,41.54,41.54,41.54,41.54,0
LANC,20110221,58.24,58.24,58.24,58.24,0
LARK,20110221,17.74,17.74,17.74,17.74,0
LAWS,20110221,24.35,24.35,24.35,24.35,0
LAYN,20110221,32.08,32.08,32.08,32.08,0
LBAI,20110221,9.67,9.67,9.67,9.67,0
LBIX,20110221,3.4,3.4,3.4,3.4,0
LBTYA,20110221,42.19,42.19,42.19,42.19,0
LBTYB,20110221,42.38,42.38,42.38,42.38,0
LBTYK,20110221,40.45,40.45,40.45,40.45,0
LCAV,20110221,7.21,7.21,7.21,7.21,0
LCUT,20110221,12.63,12.63,12.63,12.63,0
LEAP,20110221,13.92,13.92,13.92,13.92,0
LECO,20110221,36.74,36.74,36.74,36.74,0
LEDR,20110221,2.66,2.66,2.66,2.66,0
LEDS,20110221,17.6,17.6,17.6,17.6,0
LFUS,20110221,51.79,51.79,51.79,51.79,0
LGCY,20110221,30.4,30.4,30.4,30.4,0
LGND,20110221,9.98,9.98,9.98,9.98,0
LHCG,20110221,29.38,29.38,29.38,29.38,0
LIFE,20110221,54.41,54.41,54.41,54.41,0
LIME,20110221,5.02,5.02,5.02,5.02,0
LINC,20110221,15.88,15.88,15.88,15.88,0
LINE,20110221,38.79,38.79,38.79,38.79,0
LINTA,20110221,17.41,17.41,17.41,17.41,0
LINTB,20110221,17.41,17.41,17.41,17.41,0
LION,20110221,8.68,8.68,8.68,8.68,0
LIOX,20110221,3.68,3.68,3.68,3.68,0
LIVE,20110221,5,5,5,5,0
LIWA,20110221,10.82,10.82,10.82,10.82,0
LKFN,20110221,21.94,21.94,21.94,21.94,0
LLEN,20110221,7.49,7.49,7.49,7.49,0
LLNW,20110221,8.03,8.03,8.03,8.03,0
LLTC,20110221,35.83,35.83,35.83,35.83,0
LMAT,20110221,6.88,6.88,6.88,6.88,0
LMIA,20110221,17.4,17.4,17.4,17.4,0
LMNR,20110221,24.17,24.17,24.17,24.17,0
LMNX,20110221,18.85,18.85,18.85,18.85,0
LNBB,20110221,5.47,5.47,5.47,5.47,0
LNCE,20110221,18.31,18.31,18.31,18.31,0
LNDC,20110221,6.35,6.35,6.35,6.35,0
LOAN,20110221,1.5,1.5,1.5,1.5,0
LOCM,20110221,3.92,3.92,3.92,3.92,0
LOGI,20110221,19.37,19.37,19.37,19.37,0
LOGM,20110221,38.76,38.76,38.76,38.76,0
LOJN,20110221,6.37,6.37,6.37,6.37,0
LONG,20110221,14.05,14.05,14.05,14.05,0
LOOK,20110221,1.74,1.74,1.74,1.74,0
LOPE,20110221,17.43,17.43,17.43,17.43,0
LORL,20110221,78.91,78.91,78.91,78.91,0
LPHI,20110221,8.09,8.09,8.09,8.09,0
LPLA,20110221,32.91,32.91,32.91,32.91,0
LPNT,20110221,36.68,36.68,36.68,36.68,0
LPSB,20110221,9.92,9.92,9.92,9.92,0
LPSN,20110221,10.66,10.66,10.66,10.66,0
LPTH,20110221,1.55,1.55,1.55,1.55,0
LQDT,20110221,15.96,15.96,15.96,15.96,0
LRAD,20110221,2.15,2.15,2.15,2.15,0
LRCX,20110221,56.1,56.1,56.1,56.1,0
LSBI,20110221,15.3,15.3,15.3,15.3,0
LSBK,20110221,9.75,9.75,9.75,9.75,0
LSCC,20110221,6.47,6.47,6.47,6.47,0
LSTR,20110221,45.35,45.35,45.35,45.35,0
LTBR,20110221,6.06,6.06,6.06,6.06,0
LTON,20110221,1.46,1.46,1.46,1.46,0
LTRE,20110221,9.24,9.24,9.24,9.24,0
LTRX,20110221,4.06,4.06,4.06,4.06,0
LTXC,20110221,9.6,9.6,9.6,9.6,0
LUFK,20110221,77.05,77.05,77.05,77.05,0
LULU,20110221,41.06,41.06,41.06,41.06,0
LUNA,20110221,1.89,1.89,1.89,1.89,0
LWAY,20110221,9.34,9.34,9.34,9.34,0
LXRX,20110221,1.88,1.88,1.88,1.88,0
LYTS,20110221,7.96,7.96,7.96,7.96,0
MAGS,20110221,2.94,2.94,2.94,2.94,0
MAKO,20110221,20.13,20.13,20.13,20.13,0
MANH,20110221,31.73,31.73,31.73,31.73,0
MANT,20110221,42.74,42.74,42.74,42.74,0
MARPS,20110221,22.7,22.7,22.7,22.7,0
MASC,20110221,7.17,7.17,7.17,7.17,0
MASI,20110221,30.62,30.62,30.62,30.62,0
MAT,20110221,25.54,25.54,25.54,25.54,0
MATW,20110221,36.9,36.9,36.9,36.9,0
MAXY,20110221,4.09,4.09,4.09,4.09,0
MAYS,20110221,17.76,17.76,17.76,17.76,0
MBFI,20110221,21.48,21.48,21.48,21.48,0
MBLX,20110221,8.87,8.87,8.87,8.87,0
MBND,20110221,2.86,2.86,2.86,2.86,0
MBRG,20110221,16.35,16.35,16.35,16.35,0
MBTF,20110221,1.9,1.9,1.9,1.9,0
MBVT,20110221,27.22,27.22,27.22,27.22,0
MBWM,20110221,9.03,9.03,9.03,9.03,0
MCBC,20110221,4.07,4.07,4.07,4.07,0
MCBI,20110221,6.63,6.63,6.63,6.63,0
MCGC,20110221,7.41,7.41,7.41,7.41,0
MCHP,20110221,38.19,38.19,38.19,38.19,0
MCHX,20110221,9.25,9.25,9.25,9.25,0
MCOX,20110221,28.7,28.7,28.7,28.7,0
MCRI,20110221,11.12,11.12,11.12,11.12,0
MCRL,20110221,14.59,14.59,14.59,14.59,0
MCRS,20110221,48.11,48.11,48.11,48.11,0
MDAS,20110221,20.9,20.9,20.9,20.9,0
MDCA,20110221,18.18,18.18,18.18,18.18,0
MDCI,20110221,8.43,8.43,8.43,8.43,0
MDCO,20110221,17.45,17.45,17.45,17.45,0
MDH,20110221,2.88,2.88,2.88,2.88,0
MDRX,20110221,20.72,20.72,20.72,20.72,0
MDSO,20110221,26.34,26.34,26.34,26.34,0
MDVN,20110221,17.9,17.9,17.9,17.9,0
MEAD,20110221,3.77,3.77,3.77,3.77,0
MEAS,20110221,31.24,31.24,31.24,31.24,0
MELA,20110221,2.63,2.63,2.63,2.63,0
MELI,20110221,72.8,72.8,72.8,72.8,0
MEMS,20110221,3.52,3.52,3.52,3.52,0
MENT,20110221,14.52,14.52,14.52,14.52,0
MEOH,20110221,29,29,29,29,0
MERC,20110221,13.64,13.64,13.64,13.64,0
MERU,20110221,25.5,25.5,25.5,25.5,0
METR,20110221,12.05,12.05,12.05,12.05,0
MFI,20110221,4.65,4.65,4.65,4.65,0
MFLR,20110221,8.81,8.81,8.81,8.81,0
MFLX,20110221,29.84,29.84,29.84,29.84,0
MFNC,20110221,5.75,5.75,5.75,5.75,0
MFRI,20110221,13,13,13,13,0
MFSF,20110221,9.76,9.76,9.76,9.76,0
MGAM,20110221,5.56,5.56,5.56,5.56,0
MGEE,20110221,41.6,41.6,41.6,41.6,0
MGIC,20110221,8.1,8.1,8.1,8.1,0
MGLN,20110221,50.79,50.79,50.79,50.79,0
MGPI,20110221,9.28,9.28,9.28,9.28,0
MGRC,20110221,26.26,26.26,26.26,26.26,0
MGYR,20110221,4.25,4.25,4.25,4.25,0
MHGC,20110221,9.87,9.87,9.87,9.87,0
MHLD,20110221,8.01,8.01,8.01,8.01,0
MIDD,20110221,91.62,91.62,91.62,91.62,0
MIND,20110221,11.25,11.25,11.25,11.25,0
MINI,20110221,22.2,22.2,22.2,22.2,0
MITL,20110221,5.62,5.62,5.62,5.62,0
MKSI,20110221,30.61,30.61,30.61,30.61,0
MKTAY,20110221,43.55,43.55,43.55,43.55,0
MKTX,20110221,21.44,21.44,21.44,21.44,0
MLAB,20110221,30.45,30.45,30.45,30.45,0
MLHR,20110221,27.35,27.35,27.35,27.35,0
MLNK,20110221,6.87,6.87,6.87,6.87,0
MLNX,20110221,27.43,27.43,27.43,27.43,0
MLVF,20110221,8,8,8,8,0
MMLP,20110221,39.81,39.81,39.81,39.81,0
MMSI,20110221,14.256,14.256,14.256,14.256,0
MMUS,20110221,5.1,5.1,5.1,5.1,0
MMYT,20110221,27.55,27.55,27.55,27.55,0
MNDO,20110221,3.37,3.37,3.37,3.37,0
MNKD,20110221,3.86,3.86,3.86,3.86,0
MNOV,20110221,3.79,3.79,3.79,3.79,0
MNRK,20110221,7.075,7.075,7.075,7.075,0
MNRO,20110221,33.05,33.05,33.05,33.05,0
MNST,20110221,28.635,28.635,28.635,28.635,0
MNTA,20110221,13.53,13.53,13.53,13.53,0
MNTG,20110221,2.77,2.77,2.77,2.77,0
MNTX,20110221,5.2,5.2,5.2,5.2,0
MOBI,20110221,9.13,9.13,9.13,9.13,0
MOCO,20110221,12.5,12.5,12.5,12.5,0
MOFG,20110221,14.45,14.45,14.45,14.45,0
MOLX,20110221,28.22,28.22,28.22,28.22,0
MOLXA,20110221,23.47,23.47,23.47,23.47,0
MORN,20110221,59.27,59.27,59.27,59.27,0
MOSY,20110221,5.94,5.94,5.94,5.94,0
MOVE,20110221,9.56,9.56,9.56,9.56,0
MPAA,20110221,14.6,14.6,14.6,14.6,0
MPAC,20110221,5.34,5.34,5.34,5.34,0
MPB,20110221,9.05,9.05,9.05,9.05,0
MPEL,20110221,7.19,7.19,7.19,7.19,0
MPET,20110221,2.69,2.69,2.69,2.69,0
MPWR,20110221,16.24,16.24,16.24,16.24,0
MRCY,20110221,18.89,18.89,18.89,18.89,0
MRGE,20110221,4.77,4.77,4.77,4.77,0
MRLN,20110221,11.51,11.51,11.51,11.51,0
MRTN,20110221,22.59,22.59,22.59,22.59,0
MRVL,20110221,18.89,18.89,18.89,18.89,0
MSBF,20110221,6.1,6.1,6.1,6.1,0
MSCC,20110221,22.83,22.83,22.83,22.83,0
MSEX,20110221,18.43,18.43,18.43,18.43,0
MSFG,20110221,9.25,9.25,9.25,9.25,0
MSFT,20110221,27.06,27.06,27.06,27.06,0
MSG,20110221,28.02,28.02,28.02,28.02,0
MSON,20110221,2.43,2.43,2.43,2.43,0
MSPD,20110221,7.63,7.63,7.63,7.63,0
MSTR,20110221,116.68,116.68,116.68,116.68,0
MTEX,20110221,20,20,20,20,0
MTRX,20110221,14.26,14.26,14.26,14.26,0
MTSC,20110221,45.72,45.72,45.72,45.72,0
MTSL,20110221,1.85,1.85,1.85,1.85,0
MTSN,20110221,2.57,2.57,2.57,2.57,0
MU,20110221,11.7,11.7,11.7,11.7,0
MVIS,20110221,12.96,12.96,12.96,12.96,0
MVISW,20110221,0.44,0.44,0.44,0.44,0
MWIV,20110221,68.37,68.37,68.37,68.37,0
MXIM,20110221,28.1,28.1,28.1,28.1,0
MXWL,20110221,18.85,18.85,18.85,18.85,0
MYGN,20110221,19.07,19.07,19.07,19.07,0
MYL,20110221,23.34,23.34,23.34,23.34,0
MYRG,20110221,23.6,23.6,23.6,23.6,0
NAFC,20110221,39.57,39.57,39.57,39.57,0
NAII,20110221,5.59,5.59,5.59,5.59,0
NANO,20110221,19.5,19.5,19.5,19.5,0
NASB,20110221,15.98,15.98,15.98,15.98,0
NATH,20110221,19.24,19.24,19.24,19.24,0
NATI,20110221,31.8467,31.8467,31.8467,31.8467,0
NATL,20110221,21.65,21.65,21.65,21.65,0
NATR,20110221,8.35,8.35,8.35,8.35,0
NAUH,20110221,7.92,7.92,7.92,7.92,0
NAVG,20110221,54.45,54.45,54.45,54.45,0
NAVR,20110221,2.04,2.04,2.04,2.04,0
NBBC,20110221,5.32,5.32,5.32,5.32,0
NBIX,20110221,7.45,7.45,7.45,7.45,0
NBN,20110221,15.08,15.08,15.08,15.08,0
NBTB,20110221,23.2,23.2,23.2,23.2,0
NBTF,20110221,21.93,21.93,21.93,21.93,0
NCBC,20110221,5.12,5.12,5.12,5.12,0
NCIT,20110221,22.16,22.16,22.16,22.16,0
NCMI,20110221,19,19,19,19,0
NCTY,20110221,7.84,7.84,7.84,7.84,0
NDAQ,20110221,29.09,29.09,29.09,29.09,0
NDSN,20110221,50.035,50.035,50.035,50.035,0
NECB,20110221,6.15,6.15,6.15,6.15,0
NEOG,20110221,37.02,37.02,37.02,37.02,0
NEPT,20110221,2.63,2.63,2.63,2.63,0
NETC,20110221,10.66,10.66,10.66,10.66,0
NEWL,20110221,2.51,2.51,2.51,2.51,0
NEWP,20110221,16.83,16.83,16.83,16.83,0
NEWS,20110221,10.2,10.2,10.2,10.2,0
NEWT,20110221,1.77,1.77,1.77,1.77,0
NFBK,20110221,13.48,13.48,13.48,13.48,0
NFEC,20110221,4.1,4.1,4.1,4.1,0
NFLX,20110221,235.51,235.51,235.51,235.51,0
NFSB,20110221,14.35,14.35,14.35,14.35,0
NGPC,20110221,9.65,9.65,9.65,9.65,0
NHTB,20110221,13.16,13.16,13.16,13.16,0
NICE,20110221,34.93,34.93,34.93,34.93,0
NICK,20110221,12.35,12.35,12.35,12.35,0
NIHD,20110221,41,41,41,41,0
NILE,20110221,55,55,55,55,0
NINE,20110221,1.37,1.37,1.37,1.37,0
NKSH,20110221,29.4,29.4,29.4,29.4,0
NKTR,20110221,10.46,10.46,10.46,10.46,0
NLST,20110221,2.49,2.49,2.49,2.49,0
NMRX,20110221,10.89,10.89,10.89,10.89,0
NNBR,20110221,13.31,13.31,13.31,13.31,0
NOVB,20110221,10.6,10.6,10.6,10.6,0
NPBC,20110221,8.31,8.31,8.31,8.31,0
NPSP,20110221,8.27,8.27,8.27,8.27,0
NRCI,20110221,33,33,33,33,0
NRIM,20110221,18.6,18.6,18.6,18.6,0
NSEC,20110221,12,12,12,12,0
NSIT,20110221,18.32,18.32,18.32,18.32,0
NSPH,20110221,3.34,3.34,3.34,3.34,0
NSSC,20110221,2.24,2.24,2.24,2.24,0
NSYS,20110221,4.15,4.15,4.15,4.15,0
NTAP,20110221,53.05,53.05,53.05,53.05,0
NTCT,20110221,25.51,25.51,25.51,25.51,0
NTES,20110221,44.48,44.48,44.48,44.48,0
NTGR,20110221,33.55,33.55,33.55,33.55,0
NTIC,20110221,15.98,15.98,15.98,15.98,0
NTLS,20110221,19.98,19.98,19.98,19.98,0
NTRI,20110221,21.89,21.89,21.89,21.89,0
NTRS,20110221,54.55,54.55,54.55,54.55,0
NTSC,20110221,7.7,7.7,7.7,7.7,0
NTSP,20110221,15.5,15.5,15.5,15.5,0
NTWK,20110221,20.6,20.6,20.6,20.6,0
NUAN,20110221,19.46,19.46,19.46,19.46,0
NUCL,20110221,46.45,46.45,46.45,46.45,0
NURO,20110221,3.18,3.18,3.18,3.18,0
NUTR,20110221,14.41,14.41,14.41,14.41,0
NUVA,20110221,30.26,30.26,30.26,30.26,0
NVAX,20110221,2.27,2.27,2.27,2.27,0
NVDA,20110221,25.63,25.63,25.63,25.63,0
NVEC,20110221,60.39,60.39,60.39,60.39,0
NVGN,20110221,0.85,0.85,0.85,0.85,0
NVMI,20110221,10.57,10.57,10.57,10.57,0
NVSL,20110221,8.07,8.07,8.07,8.07,0
NVTL,20110221,6.85,6.85,6.85,6.85,0
NWBI,20110221,12.4,12.4,12.4,12.4,0
NWFL,20110221,27.05,27.05,27.05,27.05,0
NWLI,20110221,170.22,170.22,170.22,170.22,0
NWPX,20110221,23.4,23.4,23.4,23.4,0
NWS,20110221,18.73,18.73,18.73,18.73,0
NWSA,20110221,17.71,17.71,17.71,17.71,0
NXPI,20110221,29.3,29.3,29.3,29.3,0
NXST,20110221,6.3,6.3,6.3,6.3,0
NXTM,20110221,22.58,22.58,22.58,22.58,0
NYMT,20110221,7.2,7.2,7.2,7.2,0
NYMX,20110221,6.52,6.52,6.52,6.52,0
NYNY,20110221,0.79,0.79,0.79,0.79,0
OABC,20110221,15.05,15.05,15.05,15.05,0
OBAF,20110221,14.1,14.1,14.1,14.1,0
OBAS,20110221,8,8,8,8,0
OBCI,20110221,2,2,2,2,0
OCFC,20110221,13.87,13.87,13.87,13.87,0
OCLR,20110221,16.2,16.2,16.2,16.2,0
OCLS,20110221,14.84,14.84,14.84,14.84,0
OCZ,20110221,7.94,7.94,7.94,7.94,0
ODFL,20110221,21.5333,21.5333,21.5333,21.5333,0
OFED,20110221,12.75,12.75,12.75,12.75,0
OFIX,20110221,30.69,30.69,30.69,30.69,0
OFLX,20110221,12.67,12.67,12.67,12.67,0
OGXI,20110221,15.9,15.9,15.9,15.9,0
OIIM,20110221,8.73,8.73,8.73,8.73,0
OINK,20110221,4.12,4.12,4.12,4.12,0
OKSB,20110221,14.08,14.08,14.08,14.08,0
OKSBP,20110221,27.31,27.31,27.31,27.31,0
OLBK,20110221,9.56,9.56,9.56,9.56,0
OMAB,20110221,14.73,14.73,14.73,14.73,0
OMCL,20110221,14.12,14.12,14.12,14.12,0
OMER,20110221,6.61,6.61,6.61,6.61,0
OMEX,20110221,3.25,3.25,3.25,3.25,0
OMPI,20110221,11.34,11.34,11.34,11.34,0
ONCY,20110221,6.41,6.41,6.41,6.41,0
ONEQ,20110221,111.87,111.87,111.87,111.87,0
ONFC,20110221,8.75,8.75,8.75,8.75,0
ONNN,20110221,11.6,11.6,11.6,11.6,0
ONTY,20110221,3.32,3.32,3.32,3.32,0
ONVI,20110221,4.3,4.3,4.3,4.3,0
ONXX,20110221,37.67,37.67,37.67,37.67,0
OPEN,20110221,90.04,90.04,90.04,90.04,0
OPHC,20110221,2.76,2.76,2.76,2.76,0
OPLK,20110221,28.7,28.7,28.7,28.7,0
OPOF,20110221,11.8,11.8,11.8,11.8,0
OPTR,20110221,12.1,12.1,12.1,12.1,0
OPTT,20110221,5.41,5.41,5.41,5.41,0
OPXA,20110221,7.56,7.56,7.56,7.56,0
ORBC,20110221,3.04,3.04,3.04,3.04,0
ORBK,20110221,14.16,14.16,14.16,14.16,0
ORBT,20110221,3.8,3.8,3.8,3.8,0
ORCL,20110221,33.68,33.68,33.68,33.68,0
OREX,20110221,3.29,3.29,3.29,3.29,0
ORIT,20110221,12.73,12.73,12.73,12.73,0
ORLY,20110221,55.25,55.25,55.25,55.25,0
ORRF,20110221,27.28,27.28,27.28,27.28,0
OSBC,20110221,1.09,1.09,1.09,1.09,0
OSBCP,20110221,3,3,3,3,0
OSHC,20110221,12.12,12.12,12.12,12.12,0
OSIR,20110221,7.24,7.24,7.24,7.24,0
OSIS,20110221,39.41,39.41,39.41,39.41,0
OSN,20110221,4.49,4.49,4.49,4.49,0
OSTK,20110221,14.33,14.33,14.33,14.33,0
OSUR,20110221,7.02,7.02,7.02,7.02,0
OTEX,20110221,57.7,57.7,57.7,57.7,0
OTIV,20110221,2.83,2.83,2.83,2.83,0
OTT,20110221,19.07,19.07,19.07,19.07,0
OTTR,20110221,22.54,22.54,22.54,22.54,0
OUTD,20110221,8.06,8.06,8.06,8.06,0
OVBC,20110221,19.75,19.75,19.75,19.75,0
OVLY,20110221,5.95,5.95,5.95,5.95,0
OVRL,20110221,1.73,1.73,1.73,1.73,0
OVTI,20110221,27.2,27.2,27.2,27.2,0
OXBT,20110221,2.05,2.05,2.05,2.05,0
OXGN,20110221,0.15,0.15,0.15,0.15,0
OXLC,20110221,19.77,19.77,19.77,19.77,0
OZRK,20110221,21.515,21.515,21.515,21.515,0
PAAS,20110221,37.82,37.82,37.82,37.82,0
PACB,20110221,14.81,14.81,14.81,14.81,0
PACR,20110221,5.54,5.54,5.54,5.54,0
PACW,20110221,21.76,21.76,21.76,21.76,0
PAGG,20110221,33.51,33.51,33.51,33.51,0
PANL,20110221,41.86,41.86,41.86,41.86,0
PATH,20110221,7.69,7.69,7.69,7.69,0
PATK,20110221,2.09,2.09,2.09,2.09,0
PATR,20110221,27.4,27.4,27.4,27.4,0
PAYX,20110221,33.6,33.6,33.6,33.6,0
PBCT,20110221,13.39,13.39,13.39,13.39,0
PBHC,20110221,8.75,8.75,8.75,8.75,0
PBIB,20110221,8.39,8.39,8.39,8.39,0
PBIP,20110221,6.59,6.59,6.59,6.59,0
PCAR,20110221,52.65,52.65,52.65,52.65,0
PCBK,20110221,10.3,10.3,10.3,10.3,0
PCCC,20110221,9.38,9.38,9.38,9.38,0
PCH,20110221,39,39,39,39,0
PCLN,20110221,448.93,448.93,448.93,448.93,0
PCOM,20110221,10.82,10.82,10.82,10.82,0
PCRX,20110221,6.45,6.45,6.45,6.45,0
PCTI,20110221,7.37,7.37,7.37,7.37,0
PCYC,20110221,5.38,5.38,5.38,5.38,0
PCYO,20110221,4.25,4.25,4.25,4.25,0
PDCO,20110221,33.85,33.85,33.85,33.85,0
PDEX,20110221,2.42,2.42,2.42,2.42,0
PDFS,20110221,6.86,6.86,6.86,6.86,0
PDII,20110221,9.02,9.02,9.02,9.02,0
PDLI,20110221,4.93,4.93,4.93,4.93,0
PEBK,20110221,6.29,6.29,6.29,6.29,0
PEBO,20110221,13.49,13.49,13.49,13.49,0
PEGA,20110221,38.78,38.78,38.78,38.78,0
PEIX,20110221,0.74,0.74,0.74,0.74,0
PENN,20110221,35.94,35.94,35.94,35.94,0
PENX,20110221,6.19,6.19,6.19,6.19,0
PEOP,20110221,13.92,13.92,13.92,13.92,0
PERF,20110221,8.05,8.05,8.05,8.05,0
PERY,20110221,30.48,30.48,30.48,30.48,0
PESI,20110221,1.49,1.49,1.49,1.49,0
PETM,20110221,41.7,41.7,41.7,41.7,0
PETS,20110221,14.94,14.94,14.94,14.94,0
PFBC,20110221,1.65,1.65,1.65,1.65,0
PFBI,20110221,6.95,6.95,6.95,6.95,0
PFBX,20110221,14.86,14.86,14.86,14.86,0
PFIN,20110221,3.23,3.23,3.23,3.23,0
PFSW,20110221,3.6,3.6,3.6,3.6,0
PGC,20110221,13.8,13.8,13.8,13.8,0
PGNX,20110221,5.78,5.78,5.78,5.78,0
PGTI,20110221,2.47,2.47,2.47,2.47,0
PHII,20110221,23,23,23,23,0
PHIIK,20110221,20.76,20.76,20.76,20.76,0
PHMD,20110221,5.39,5.39,5.39,5.39,0
PICO,20110221,30.61,30.61,30.61,30.61,0
PKBK,20110221,9.75,9.75,9.75,9.75,0
PKOH,20110221,22.71,22.71,22.71,22.71,0
PLAB,20110221,9.09,9.09,9.09,9.09,0
PLBC,20110221,3.56,3.56,3.56,3.56,0
PLCC,20110221,1.08,1.08,1.08,1.08,0
PLCE,20110221,47.06,47.06,47.06,47.06,0
PLCM,20110221,23.715,23.715,23.715,23.715,0
PLNR,20110221,2.86,2.86,2.86,2.86,0
PLPC,20110221,72.07,72.07,72.07,72.07,0
PLTM,20110221,34.83,34.83,34.83,34.83,0
PLUG,20110221,0.8,0.8,0.8,0.8,0
PLUS,20110221,28.94,28.94,28.94,28.94,0
PLXS,20110221,32.81,32.81,32.81,32.81,0
PLXT,20110221,4,4,4,4,0
PMBC,20110221,4.46,4.46,4.46,4.46,0
PMCS,20110221,8.22,8.22,8.22,8.22,0
PMD,20110221,9.09,9.09,9.09,9.09,0
PMFG,20110221,16.8,16.8,16.8,16.8,0
PMNA,20110221,12.89,12.89,12.89,12.89,0
PMTC,20110221,24.4,24.4,24.4,24.4,0
PMTI,20110221,16.48,16.48,16.48,16.48,0
PNBK,20110221,2.45,2.45,2.45,2.45,0
PNFP,20110221,15.6,15.6,15.6,15.6,0
PNNT,20110221,12.81,12.81,12.81,12.81,0
PNQI,20110221,38.43,38.43,38.43,38.43,0
PNRA,20110221,119.43,119.43,119.43,119.43,0
PNRG,20110221,25.46,25.46,25.46,25.46,0
PNTR,20110221,6.13,6.13,6.13,6.13,0
PODD,20110221,18.05,18.05,18.05,18.05,0
POOL,20110221,26.09,26.09,26.09,26.09,0
POPE,20110221,45,45,45,45,0
POWI,20110221,42.37,42.37,42.37,42.37,0
POWL,20110221,39.65,39.65,39.65,39.65,0
POWR,20110221,7.56,7.56,7.56,7.56,0
POZN,20110221,5.72,5.72,5.72,5.72,0
PPBI,20110221,6.96,6.96,6.96,6.96,0
PPHM,20110221,2.44,2.44,2.44,2.44,0
PRAA,20110221,85.07,85.07,85.07,85.07,0
PRAN,20110221,1.63,1.63,1.63,1.63,0
PRCP,20110221,6.81,6.81,6.81,6.81,0
PRFT,20110221,12.57,12.57,12.57,12.57,0
PRFZ,20110221,69.33,69.33,69.33,69.33,0
PRGO,20110221,75.7,75.7,75.7,75.7,0
PRGS,20110221,30.75,30.75,30.75,30.75,0
PRGX,20110221,5.96,5.96,5.96,5.96,0
PRIM,20110221,9.13,9.13,9.13,9.13,0
PRKR,20110221,0.68,0.68,0.68,0.68,0
PRLS,20110221,3.25,3.25,3.25,3.25,0
PRMW,20110221,12.48,12.48,12.48,12.48,0
PROV,20110221,8.2,8.2,8.2,8.2,0
PRPH,20110221,1.38,1.38,1.38,1.38,0
PRSC,20110221,16.11,16.11,16.11,16.11,0
PRTS,20110221,8.52,8.52,8.52,8.52,0
PRXI,20110221,1.52,1.52,1.52,1.52,0
PRXL,20110221,23.28,23.28,23.28,23.28,0
PSAU,20110221,48.22,48.22,48.22,48.22,0
PSBH,20110221,5.26,5.26,5.26,5.26,0
PSDV,20110221,3.84,3.84,3.84,3.84,0
PSEC,20110221,12.11,12.11,12.11,12.11,0
PSEM,20110221,10.16,10.16,10.16,10.16,0
PSMT,20110221,37.75,37.75,37.75,37.75,0
PSTB,20110221,5.25,5.25,5.25,5.25,0
PSTI,20110221,2.71,2.71,2.71,2.71,0
PSTR,20110221,4.45,4.45,4.45,4.45,0
PSUN,20110221,4.51,4.51,4.51,4.51,0
PTEK,20110221,0.75,0.75,0.75,0.75,0
PTEN,20110221,26.12,26.12,26.12,26.12,0
PTIE,20110221,6.86,6.86,6.86,6.86,0
PTIX,20110221,1.88,1.88,1.88,1.88,0
PTNR,20110221,19.38,19.38,19.38,19.38,0
PTRY,20110221,16.23,16.23,16.23,16.23,0
PTSI,20110221,11.9,11.9,11.9,11.9,0
PTSX,20110221,0.76,0.76,0.76,0.76,0
PULB,20110221,7.3,7.3,7.3,7.3,0
PURE,20110221,2.06,2.06,2.06,2.06,0
PVFC,20110221,1.91,1.91,1.91,1.91,0
PVTB,20110221,15.65,15.65,15.65,15.65,0
PVTBP,20110221,27,27,27,27,0
PWER,20110221,9.26,9.26,9.26,9.26,0
PWOD,20110221,37.65,37.65,37.65,37.65,0
PWRD,20110221,21.42,21.42,21.42,21.42,0
PWX,20110221,17.13,17.13,17.13,17.13,0
PXLW,20110221,3.48,3.48,3.48,3.48,0
PZZA,20110221,29.12,29.12,29.12,29.12,0
PZZI,20110221,1.95,1.95,1.95,1.95,0
QABA,20110221,25.62,25.62,25.62,25.62,0
QADA,20110221,8.86,8.86,8.86,8.86,0
QADB,20110221,8.71,8.71,8.71,8.71,0
QBAK,20110221,1.79,1.79,1.79,1.79,0
QCCO,20110221,3.94,3.94,3.94,3.94,0
QCLN,20110221,18.12,18.12,18.12,18.12,0
QCOM,20110221,59.19,59.19,59.19,59.19,0
QCOR,20110221,14.23,14.23,14.23,14.23,0
QCRH,20110221,8.45,8.45,8.45,8.45,0
QDEL,20110221,13.22,13.22,13.22,13.22,0
QGEN,20110221,20.42,20.42,20.42,20.42,0
QKLS,20110221,76.56,76.56,76.56,76.56,0
QLGC,20110221,18.31,18.31,18.31,18.31,0
QLIK,20110221,26.75,26.75,26.75,26.75,0
QLTI,20110221,6.97,6.97,6.97,6.97,0
QLTY,20110221,11.4,11.4,11.4,11.4,0
QNST,20110221,23.54,23.54,23.54,23.54,0
QQEW,20110221,25.71,25.71,25.71,25.71,0
QQQ,20110221,58.73,58.73,58.73,58.73,0
QQQX,20110221,15.2,15.2,15.2,15.2,0
QQXT,20110221,22.51,22.51,22.51,22.51,0
QSII,20110221,39.695,39.695,39.695,39.695,0
QTEC,20110221,28.35,28.35,28.35,28.35,0
QTWW,20110221,0.38,0.38,0.38,0.38,0
QUIK,20110221,5.5,5.5,5.5,5.5,0
RADA,20110221,2.55,2.55,2.55,2.55,0
RAIL,20110221,29.96,29.96,29.96,29.96,0
RAND,20110221,3.07,3.07,3.07,3.07,0
RAVN,20110221,26.985,26.985,26.985,26.985,0
RBCAA,20110221,17.16,17.16,17.16,17.16,0
RBCN,20110221,23.38,23.38,23.38,23.38,0
RBNF,20110221,3.8,3.8,3.8,3.8,0
RBPAA,20110221,1.79,1.79,1.79,1.79,0
RCII,20110221,33.21,33.21,33.21,33.21,0
RCKB,20110221,15.68,15.68,15.68,15.68,0
RCKY,20110221,14,14,14,14,0
RCMT,20110221,4.51,4.51,4.51,4.51,0
RCON,20110221,4.25,4.25,4.25,4.25,0
RDA,20110221,13.6,13.6,13.6,13.6,0
RDCM,20110221,10.94,10.94,10.94,10.94,0
RDEN,20110221,30.32,30.32,30.32,30.32,0
RDI,20110221,4.95,4.95,4.95,4.95,0
RDIB,20110221,7,7,7,7,0
RDNT,20110221,3.16,3.16,3.16,3.16,0
RDWR,20110221,20.065,20.065,20.065,20.065,0
RECN,20110221,19.73,19.73,19.73,19.73,0
REDF,20110221,6.54,6.54,6.54,6.54,0
REFR,20110221,8.52,8.52,8.52,8.52,0
REGN,20110221,37.48,37.48,37.48,37.48,0
REIS,20110221,7.71,7.71,7.71,7.71,0
RELL,20110221,13.03,13.03,13.03,13.03,0
RELV,20110221,2.36,2.36,2.36,2.36,0
RENT,20110221,28.07,28.07,28.07,28.07,0
REXI,20110221,6.59,6.59,6.59,6.59,0
REXX,20110221,11.28,11.28,11.28,11.28,0
RFIL,20110221,4.235,4.235,4.235,4.235,0
RFMD,20110221,7.99,7.99,7.99,7.99,0
RGCO,20110221,15.57,15.57,15.57,15.57,0
RGDX,20110221,2.28,2.28,2.28,2.28,0
RGEN,20110221,4.78,4.78,4.78,4.78,0
RGLD,20110221,49.15,49.15,49.15,49.15,0
RICK,20110221,11.2,11.2,11.2,11.2,0
RIGL,20110221,7.08,7.08,7.08,7.08,0
RIMG,20110221,14.64,14.64,14.64,14.64,0
RITT,20110221,6.15,6.15,6.15,6.15,0
RIVR,20110221,15.16,15.16,15.16,15.16,0
RJET,20110221,6.62,6.62,6.62,6.62,0
RLOC,20110221,21.25,21.25,21.25,21.25,0
RLOG,20110221,6.7,6.7,6.7,6.7,0
RMBS,20110221,21.69,21.69,21.69,21.69,0
RMCF,20110221,10.24,10.24,10.24,10.24,0
RMKR,20110221,1.4,1.4,1.4,1.4,0
RMTI,20110221,9.35,9.35,9.35,9.35,0
RNET,20110221,14.93,14.93,14.93,14.93,0
RNIN,20110221,6.6,6.6,6.6,6.6,0
RNST,20110221,16.06,16.06,16.06,16.06,0
RNWK,20110221,4.04,4.04,4.04,4.04,0
ROCK,20110221,12,12,12,12,0
ROCM,20110221,10.62,10.62,10.62,10.62,0
ROIA,20110221,1.89,1.89,1.89,1.89,0
ROIAK,20110221,1.9,1.9,1.9,1.9,0
ROIC,20110221,10.45,10.45,10.45,10.45,0
ROICW,20110221,0.83,0.83,0.83,0.83,0
ROLL,20110221,37.72,37.72,37.72,37.72,0
ROMA,20110221,10.49,10.49,10.49,10.49,0
ROSE,20110221,41.82,41.82,41.82,41.82,0
ROSG,20110221,8.1,8.1,8.1,8.1,0
ROST,20110221,35.91,35.91,35.91,35.91,0
ROVI,20110221,57.85,57.85,57.85,57.85,0
ROYL,20110221,2.15,2.15,2.15,2.15,0
RP,20110221,27.85,27.85,27.85,27.85,0
RPRX,20110221,4.51,4.51,4.51,4.51,0
RPTP,20110221,3.5,3.5,3.5,3.5,0
RRD,20110221,19.39,19.39,19.39,19.39,0
RRGB,20110221,23.76,23.76,23.76,23.76,0
RRST,20110221,7.3,7.3,7.3,7.3,0
RSOL,20110221,2.74,2.74,2.74,2.74,0
RSTI,20110221,38.74,38.74,38.74,38.74,0
RSYS,20110221,8.44,8.44,8.44,8.44,0
RTEC,20110221,11.57,11.57,11.57,11.57,0
RTIX,20110221,2.71,2.71,2.71,2.71,0
RUE,20110221,35.51,35.51,35.51,35.51,0
RUSHA,20110221,20.15,20.15,20.15,20.15,0
RUSHB,20110221,17.4,17.4,17.4,17.4,0
RUTH,20110221,4.86,4.86,4.86,4.86,0
RVBD,20110221,41.32,41.32,41.32,41.32,0
RVSB,20110221,3.12,3.12,3.12,3.12,0
RYAAY,20110221,30.2,30.2,30.2,30.2,0
SAAS,20110221,3.36,3.36,3.36,3.36,0
SAFM,20110221,44.5,44.5,44.5,44.5,0
SAFT,20110221,49.38,49.38,49.38,49.38,0
SAIA,20110221,16.1,16.1,16.1,16.1,0
SALM,20110221,3.9,3.9,3.9,3.9,0
SANM,20110221,16.77,16.77,16.77,16.77,0
SANW,20110221,4.42,4.42,4.42,4.42,0
SANWW,20110221,0.5,0.5,0.5,0.5,0
SANWZ,20110221,0.16,0.16,0.16,0.16,0
SAPE,20110221,12.21,12.21,12.21,12.21,0
SASR,20110221,19.94,19.94,19.94,19.94,0
SATS,20110221,33.4,33.4,33.4,33.4,0
SBAC,20110221,43.46,43.46,43.46,43.46,0
SBBX,20110221,5.87,5.87,5.87,5.87,0
SBCF,20110221,1.65,1.65,1.65,1.65,0
SBGI,20110221,13,13,13,13,0
SBLK,20110221,36.75,36.75,36.75,36.75,0
SBNY,20110221,54.38,54.38,54.38,54.38,0
SBNYW,20110221,31.3,31.3,31.3,31.3,0
SBRA,20110221,18.5,18.5,18.5,18.5,0
SBSA,20110221,0.97,0.97,0.97,0.97,0
SBSI,20110221,21.93,21.93,21.93,21.93,0
SBUX,20110221,34,34,34,34,0
SCBT,20110221,32.51,32.51,32.51,32.51,0
SCHL,20110221,30.61,30.61,30.61,30.61,0
SCHN,20110221,64.91,64.91,64.91,64.91,0
SCLN,20110221,4.32,4.32,4.32,4.32,0
SCMP,20110221,4.25,4.25,4.25,4.25,0
SCOK,20110221,11.32,11.32,11.32,11.32,0
SCON,20110221,37.08,37.08,37.08,37.08,0
SCOR,20110221,28.02,28.02,28.02,28.02,0
SCSC,20110221,36.21,36.21,36.21,36.21,0
SCSS,20110221,11.66,11.66,11.66,11.66,0
SCVL,20110221,17.68,17.68,17.68,17.68,0
SDBT,20110221,2.85,2.85,2.85,2.85,0
SDIX,20110221,2.38,2.38,2.38,2.38,0
SEAC,20110221,9.59,9.59,9.59,9.59,0
SEED,20110221,10,10,10,10,0
SEIC,20110221,23.34,23.34,23.34,23.34,0
SENEA,20110221,27.56,27.56,27.56,27.56,0
SENEB,20110221,27.95,27.95,27.95,27.95,0
SFLY,20110221,42.8,42.8,42.8,42.8,0
SFNC,20110221,28.24,28.24,28.24,28.24,0
SFST,20110221,8.3,8.3,8.3,8.3,0
SGC,20110221,10.86,10.86,10.86,10.86,0
SGEN,20110221,15.26,15.26,15.26,15.26,0
SGI,20110221,14.07,14.07,14.07,14.07,0
SGMA,20110221,8.5,8.5,8.5,8.5,0
SGMO,20110221,7.91,7.91,7.91,7.91,0
SGMS,20110221,9.6,9.6,9.6,9.6,0
SGOC,20110221,4.75,4.75,4.75,4.75,0
SGRP,20110221,1,1,1,1,0
SHBI,20110221,9.8,9.8,9.8,9.8,0
SHEN,20110221,16.58,16.58,16.58,16.58,0
SHFL,20110221,9.95,9.95,9.95,9.95,0
SHIP,20110221,0.84,0.84,0.84,0.84,0
SHLD,20110221,93.03,93.03,93.03,93.03,0
SHLM,20110221,22.87,22.87,22.87,22.87,0
SHLO,20110221,12.14,12.14,12.14,12.14,0
SHOO,20110221,29.7,29.7,29.7,29.7,0
SHOR,20110221,7.16,7.16,7.16,7.16,0
SIAL,20110221,63.83,63.83,63.83,63.83,0
SIEB,20110221,1.94,1.94,1.94,1.94,0
SIFI,20110221,9.43,9.43,9.43,9.43,0
SIFY,20110221,2.73,2.73,2.73,2.73,0
SIGA,20110221,11.4,11.4,11.4,11.4,0
SIGI,20110221,18.45,18.45,18.45,18.45,0
SIGM,20110221,14.49,14.49,14.49,14.49,0
SILC,20110221,18.21,18.21,18.21,18.21,0
SIMG,20110221,8.4,8.4,8.4,8.4,0
SIMO,20110221,8.58,8.58,8.58,8.58,0
SINA,20110221,85.52,85.52,85.52,85.52,0
SINO,20110221,2.34,2.34,2.34,2.34,0
SIRI,20110221,1.81,1.81,1.81,1.81,0
SIRO,20110221,50.76,50.76,50.76,50.76,0
SIVB,20110221,55.5,55.5,55.5,55.5,0
SIVBO,20110221,24.35,24.35,24.35,24.35,0
SKBI,20110221,7.55,7.55,7.55,7.55,0
SKYW,20110221,15.74,15.74,15.74,15.74,0
SLAB,20110221,45.68,45.68,45.68,45.68,0
SLGN,20110221,38.49,38.49,38.49,38.49,0
SLMAP,20110221,42.47,42.47,42.47,42.47,0
SLP,20110221,3.24,3.24,3.24,3.24,0
SLRC,20110221,25,25,25,25,0
SLTC,20110221,6.05,6.05,6.05,6.05,0
SLTM,20110221,3.68,3.68,3.68,3.68,0
SLXP,20110221,43.67,43.67,43.67,43.67,0
SMBC,20110221,20.01,20.01,20.01,20.01,0
SMCI,20110221,14.98,14.98,14.98,14.98,0
SMED,20110221,5.47,5.47,5.47,5.47,0
SMIT,20110221,3.6,3.6,3.6,3.6,0
SMMF,20110221,4.1,4.1,4.1,4.1,0
SMRT,20110221,8.28,8.28,8.28,8.28,0
SMSI,20110221,9.37,9.37,9.37,9.37,0
SMT,20110221,9.18,9.18,9.18,9.18,0
SMTC,20110221,24.35,24.35,24.35,24.35,0
SMTX,20110221,3.61,3.61,3.61,3.61,0
SNAK,20110221,4.17,4.17,4.17,4.17,0
SNBC,20110221,4.49,4.49,4.49,4.49,0
SNCR,20110221,34.21,34.21,34.21,34.21,0
SNDK,20110221,51.38,51.38,51.38,51.38,0
SNFCA,20110221,1.77,1.77,1.77,1.77,0
SNHY,20110221,25.4733,25.4733,25.4733,25.4733,0
SNMX,20110221,7.29,7.29,7.29,7.29,0
SNPS,20110221,28.63,28.63,28.63,28.63,0
SNTA,20110221,5.1,5.1,5.1,5.1,0
SNTS,20110221,3.22,3.22,3.22,3.22,0
SOCB,20110221,3.3,3.3,3.3,3.3,0
SODA,20110221,42.7,42.7,42.7,42.7,0
SOFO,20110221,15.74,15.74,15.74,15.74,0
SOHU,20110221,83.84,83.84,83.84,83.84,0
SOMH,20110221,9,9,9,9,0
SONA,20110221,7.54,7.54,7.54,7.54,0
SONC,20110221,9.37,9.37,9.37,9.37,0
SONS,20110221,3.3,3.3,3.3,3.3,0
SORL,20110221,7.29,7.29,7.29,7.29,0
SOXX,20110221,63.84,63.84,63.84,63.84,0
SPAN,20110221,15.1,15.1,15.1,15.1,0
SPAR,20110221,6.93,6.93,6.93,6.93,0
SPBC,20110221,10.42,10.42,10.42,10.42,0
SPCHA,20110221,2.09,2.09,2.09,2.09,0
SPCHB,20110221,2.3,2.3,2.3,2.3,0
SPEX,20110221,10.6,10.6,10.6,10.6,0
SPIL,20110221,6.88,6.88,6.88,6.88,0
SPIR,20110221,5.59,5.59,5.59,5.59,0
SPLS,20110221,21.48,21.48,21.48,21.48,0
SPMD,20110221,8.28,8.28,8.28,8.28,0
SPNC,20110221,4.89,4.89,4.89,4.89,0
SPNS,20110221,4.4,4.4,4.4,4.4,0
SPPI,20110221,7,7,7,7,0
SPPR,20110221,1.88,1.88,1.88,1.88,0
SPPRO,20110221,28,28,28,28,0
SPPRP,20110221,9.71,9.71,9.71,9.71,0
SPRD,20110221,20.91,20.91,20.91,20.91,0
SPRO,20110221,2.45,2.45,2.45,2.45,0
SPRT,20110221,6.33,6.33,6.33,6.33,0
SPSC,20110221,16.73,16.73,16.73,16.73,0
SPTN,20110221,15.58,15.58,15.58,15.58,0
SPU,20110221,4.76,4.76,4.76,4.76,0
SQI,20110221,13.65,13.65,13.65,13.65,0
SQNM,20110221,6.36,6.36,6.36,6.36,0
SQQQ,20110221,97.84,97.84,97.84,97.84,0
SRCE,20110221,19.13,19.13,19.13,19.13,0
SRCL,20110221,87.38,87.38,87.38,87.38,0
SRDX,20110221,12.51,12.51,12.51,12.51,0
SSBI,20110221,6.61,6.61,6.61,6.61,0
SSFN,20110221,6.06,6.06,6.06,6.06,0
SSNC,20110221,20.26,20.26,20.26,20.26,0
SSRI,20110221,26.22,26.22,26.22,26.22,0
SSRX,20110221,16.01,16.01,16.01,16.01,0
SSYS,20110221,46,46,46,46,0
STAA,20110221,5.79,5.79,5.79,5.79,0
STAN,20110221,18.32,18.32,18.32,18.32,0
STBA,20110221,23.37,23.37,23.37,23.37,0
STEC,20110221,21.25,21.25,21.25,21.25,0
STEI,20110221,7.64,7.64,7.64,7.64,0
STEL,20110221,15.26,15.26,15.26,15.26,0
STEM,20110221,0.96,0.96,0.96,0.96,0
STFC,20110221,17.01,17.01,17.01,17.01,0
STKL,20110221,7.32,7.32,7.32,7.32,0
STLD,20110221,20.22,20.22,20.22,20.22,0
STLY,20110221,5.4,5.4,5.4,5.4,0
STMP,20110221,13.32,13.32,13.32,13.32,0
STND,20110221,14.82,14.82,14.82,14.82,0
STNR,20110221,44.78,44.78,44.78,44.78,0
STRA,20110221,136.62,136.62,136.62,136.62,0
STRL,20110221,13.13,13.13,13.13,13.13,0
STRM,20110221,1.98,1.98,1.98,1.98,0
STRN,20110221,8,8,8,8,0
STRS,20110221,12.22,12.22,12.22,12.22,0
STRT,20110221,33.54,33.54,33.54,33.54,0
STSA,20110221,17.25,17.25,17.25,17.25,0
STX,20110221,13.72,13.72,13.72,13.72,0
STXS,20110221,38.1,38.1,38.1,38.1,0
SUBK,20110221,20.76,20.76,20.76,20.76,0
SUMR,20110221,7.34,7.34,7.34,7.34,0
SUPX,20110221,23,23,23,23,0
SURG,20110221,5.06,5.06,5.06,5.06,0
SUSQ,20110221,10.11,10.11,10.11,10.11,0
SUTR,20110221,1.87,1.87,1.87,1.87,0
SVA,20110221,4.54,4.54,4.54,4.54,0
SVBI,20110221,4.7,4.7,4.7,4.7,0
SVNT,20110221,9.98,9.98,9.98,9.98,0
SWHC,20110221,3.8,3.8,3.8,3.8,0
SWIR,20110221,11.11,11.11,11.11,11.11,0
SWKS,20110221,36.65,36.65,36.65,36.65,0
SWSH,20110221,6.3,6.3,6.3,6.3,0
SYBT,20110221,25.04,25.04,25.04,25.04,0
SYBTP,20110221,11.6,11.6,11.6,11.6,0
SYKE,20110221,20.44,20.44,20.44,20.44,0
SYMC,20110221,18.58,18.58,18.58,18.58,0
SYMM,20110221,5.63,5.63,5.63,5.63,0
SYMX,20110221,1.04,1.04,1.04,1.04,0
SYNA,20110221,30.64,30.64,30.64,30.64,0
SYNL,20110221,14.77,14.77,14.77,14.77,0
SYNM,20110221,16.2,16.2,16.2,16.2,0
SYNT,20110221,54.15,54.15,54.15,54.15,0
SYPR,20110221,4.46,4.46,4.46,4.46,0
SYUT,20110221,11.53,11.53,11.53,11.53,0
TACT,20110221,10.07,10.07,10.07,10.07,0
TAIT,20110221,1.41,1.41,1.41,1.41,0
TASR,20110221,4.29,4.29,4.29,4.29,0
TAST,20110221,7.24,7.24,7.24,7.24,0
TATT,20110221,5.58,5.58,5.58,5.58,0
TAXI,20110221,7.99,7.99,7.99,7.99,0
TAYC,20110221,10.63,10.63,10.63,10.63,0
TAYCP,20110221,25,25,25,25,0
TAYD,20110221,5,5,5,5,0
TBAC,20110221,2.7,2.7,2.7,2.7,0
TBBK,20110221,9.5,9.5,9.5,9.5,0
TBNK,20110221,19.91,19.91,19.91,19.91,0
TBOW,20110221,4.7,4.7,4.7,4.7,0
TCBI,20110221,24.6,24.6,24.6,24.6,0
TCBK,20110221,16.76,16.76,16.76,16.76,0
TCCO,20110221,10.34,10.34,10.34,10.34,0
TCRD,20110221,13.17,13.17,13.17,13.17,0
TEAR,20110221,2.25,2.25,2.25,2.25,0
TECD,20110221,51.2,51.2,51.2,51.2,0
TECH,20110221,71.43,71.43,71.43,71.43,0
TECUA,20110221,12.58,12.58,12.58,12.58,0
TECUB,20110221,12.2,12.2,12.2,12.2,0
TELK,20110221,32.4,32.4,32.4,32.4,0
TESO,20110221,17.14,17.14,17.14,17.14,0
TESS,20110221,12.56,12.56,12.56,12.56,0
TFCO,20110221,3.2,3.2,3.2,3.2,0
TFM,20110221,45.55,45.55,45.55,45.55,0
TFSL,20110221,10.7,10.7,10.7,10.7,0
TGA,20110221,14.8,14.8,14.8,14.8,0
TGE,20110221,6.07,6.07,6.07,6.07,0
THFF,20110221,32.08,32.08,32.08,32.08,0
THLD,20110221,2.34,2.34,2.34,2.34,0
THOR,20110221,28.52,28.52,28.52,28.52,0
THRD,20110221,22.34,22.34,22.34,22.34,0
THRX,20110221,22.5,22.5,22.5,22.5,0
THTI,20110221,3.6,3.6,3.6,3.6,0
TIBX,20110221,25.56,25.56,25.56,25.56,0
TICC,20110221,12.66,12.66,12.66,12.66,0
TIGR,20110221,4.79,4.79,4.79,4.79,0
TINY,20110221,5.95,5.95,5.95,5.95,0
TISA,20110221,1.24,1.24,1.24,1.24,0
TITN,20110221,26.4,26.4,26.4,26.4,0
TIVO,20110221,10.41,10.41,10.41,10.41,0
TKMR,20110221,5.25,5.25,5.25,5.25,0
TLAB,20110221,5.54,5.54,5.54,5.54,0
TLF,20110221,5.17,5.17,5.17,5.17,0
TMNG,20110221,2.52,2.52,2.52,2.52,0
TNAV,20110221,11.76,11.76,11.76,11.76,0
TOFC,20110221,8.66,8.66,8.66,8.66,0
TOPS,20110221,0.96,0.96,0.96,0.96,0
TORM,20110221,10.1,10.1,10.1,10.1,0
TOWN,20110221,14.9,14.9,14.9,14.9,0
TPGI,20110221,3.78,3.78,3.78,3.78,0
TQNT,20110221,14.8,14.8,14.8,14.8,0
TQQQ,20110221,45.99,45.99,45.99,45.99,0
TRAK,20110221,20.18,20.18,20.18,20.18,0
TREE,20110221,7.8,7.8,7.8,7.8,0
TRGT,20110221,26.83,26.83,26.83,26.83,0
TRIB,20110221,8.94,8.94,8.94,8.94,0
TRIT,20110221,13.23,13.23,13.23,13.23,0
TRLG,20110221,21.9,21.9,21.9,21.9,0
TRMB,20110221,25.095,25.095,25.095,25.095,0
TRMD,20110221,70.2,70.2,70.2,70.2,0
TRMK,20110221,24.66,24.66,24.66,24.66,0
TRNS,20110221,8.36,8.36,8.36,8.36,0
TRNX,20110221,18.5,18.5,18.5,18.5,0
TROW,20110221,71.1,71.1,71.1,71.1,0
TRS,20110221,21.55,21.55,21.55,21.55,0
TRST,20110221,6.08,6.08,6.08,6.08,0
TSBK,20110221,5.7,5.7,5.7,5.7,0
TSCO,20110221,53.15,53.15,53.15,53.15,0
TSEM,20110221,21.3,21.3,21.3,21.3,0
TSLA,20110221,23.18,23.18,23.18,23.18,0
TSON,20110221,3.85,3.85,3.85,3.85,0
TSPT,20110221,8.23,8.23,8.23,8.23,0
TSRA,20110221,17.64,17.64,17.64,17.64,0
TSRI,20110221,4.87,4.87,4.87,4.87,0
TSRX,20110221,5.57,5.57,5.57,5.57,0
TST,20110221,3.4,3.4,3.4,3.4,0
TSTC,20110221,8.63,8.63,8.63,8.63,0
TSYS,20110221,4.47,4.47,4.47,4.47,0
TTEC,20110221,22.48,22.48,22.48,22.48,0
TTEK,20110221,23.34,23.34,23.34,23.34,0
TTGT,20110221,8.67,8.67,8.67,8.67,0
TTHI,20110221,3.57,3.57,3.57,3.57,0
TTMI,20110221,18.63,18.63,18.63,18.63,0
TTWO,20110221,16.28,16.28,16.28,16.28,0
TUES,20110221,4.55,4.55,4.55,4.55,0
TWER,20110221,4.62,4.62,4.62,4.62,0
TWGP,20110221,27.83,27.83,27.83,27.83,0
TWIN,20110221,34.67,34.67,34.67,34.67,0
TWMC,20110221,1.79,1.79,1.79,1.79,0
TWTC,20110221,18.7,18.7,18.7,18.7,0
TXCC,20110221,2.45,2.45,2.45,2.45,0
TXRH,20110221,18.33,18.33,18.33,18.33,0
TYPE,20110221,13.95,13.95,13.95,13.95,0
TZOO,20110221,43.76,43.76,43.76,43.76,0
UACL,20110221,15.66,15.66,15.66,15.66,0
UBCP,20110221,8.95,8.95,8.95,8.95,0
UBFO,20110221,3.18,3.18,3.18,3.18,0
UBNK,20110221,16.05,16.05,16.05,16.05,0
UBOH,20110221,9.8,9.8,9.8,9.8,0
UBSH,20110221,11.52,11.52,11.52,11.52,0
UBSI,20110221,28.53,28.53,28.53,28.53,0
UCBA,20110221,7.44,7.44,7.44,7.44,0
UCBI,20110221,1.72,1.72,1.72,1.72,0
UCFC,20110221,1.55,1.55,1.55,1.55,0
UCTT,20110221,10.79,10.79,10.79,10.79,0
UEIC,20110221,26.53,26.53,26.53,26.53,0
UEPS,20110221,10.48,10.48,10.48,10.48,0
UFCS,20110221,20.54,20.54,20.54,20.54,0
UFPI,20110221,35.13,35.13,35.13,35.13,0
UFPT,20110221,20.11,20.11,20.11,20.11,0
UG,20110221,14.95,14.95,14.95,14.95,0
UHAL,20110221,100.42,100.42,100.42,100.42,0
ULBI,20110221,5.43,5.43,5.43,5.43,0
ULGX,20110221,0.63,0.63,0.63,0.63,0
ULTA,20110221,43.46,43.46,43.46,43.46,0
ULTI,20110221,53.33,53.33,53.33,53.33,0
ULTR,20110221,5.69,5.69,5.69,5.69,0
UMBF,20110221,41.71,41.71,41.71,41.71,0
UMPQ,20110221,11.99,11.99,11.99,11.99,0
UNAM,20110221,9.5,9.5,9.5,9.5,0
UNB,20110221,19.15,19.15,19.15,19.15,0
UNFI,20110221,43.35,43.35,43.35,43.35,0
UNIS,20110221,4.96,4.96,4.96,4.96,0
UNTD,20110221,7.12,7.12,7.12,7.12,0
UNTK,20110221,10.07,10.07,10.07,10.07,0
UNTY,20110221,6.74,6.74,6.74,6.74,0
UNXL,20110221,6.89,6.89,6.89,6.89,0
UPI,20110221,4.9,4.9,4.9,4.9,0
URBN,20110221,37.78,37.78,37.78,37.78,0
URRE,20110221,29.9,29.9,29.9,29.9,0
USAK,20110221,12.79,12.79,12.79,12.79,0
USAP,20110221,34.44,34.44,34.44,34.44,0
USAT,20110221,2.04,2.04,2.04,2.04,0
USATP,20110221,17.03,17.03,17.03,17.03,0
USATZ,20110221,1.05,1.05,1.05,1.05,0
USBI,20110221,10.58,10.58,10.58,10.58,0
USCR,20110221,9.64,9.64,9.64,9.64,0
USEG,20110221,6.46,6.46,6.46,6.46,0
USLM,20110221,40.34,40.34,40.34,40.34,0
USMO,20110221,17.29,17.29,17.29,17.29,0
USTR,20110221,34.46,34.46,34.46,34.46,0
UTEK,20110221,25.01,25.01,25.01,25.01,0
UTHR,20110221,67.42,67.42,67.42,67.42,0
UTIW,20110221,22.53,22.53,22.53,22.53,0
UTMD,20110221,28,28,28,28,0
UTSI,20110221,6.93,6.93,6.93,6.93,0
UVSP,20110221,17.76,17.76,17.76,17.76,0
VALU,20110221,14.53,14.53,14.53,14.53,0
VALV,20110221,5.48,5.48,5.48,5.48,0
VASC,20110221,10.7,10.7,10.7,10.7,0
VBFC,20110221,3.5,3.5,3.5,3.5,0
VCBI,20110221,6,6,6,6,0
VCIT,20110221,79.01,79.01,79.01,79.01,0
VCLK,20110221,15.55,15.55,15.55,15.55,0
VCLT,20110221,76.16,76.16,76.16,76.16,0
VCSH,20110221,77.5,77.5,77.5,77.5,0
VDSI,20110221,9.6,9.6,9.6,9.6,0
VECO,20110221,49.12,49.12,49.12,49.12,0
VELT,20110221,13.35,13.35,13.35,13.35,0
VGIT,20110221,60.4,60.4,60.4,60.4,0
VGLT,20110221,57.89,57.89,57.89,57.89,0
VGSH,20110221,60.45,60.45,60.45,60.45,0
VIA,20110221,51.95,51.95,51.95,51.95,0
VIAB,20110221,45.5,45.5,45.5,45.5,0
VIAS,20110221,22,22,22,22,0
VICL,20110221,1.89,1.89,1.89,1.89,0
VICR,20110221,17.28,17.28,17.28,17.28,0
VIDE,20110221,3.85,3.85,3.85,3.85,0
VIFL,20110221,3.75,3.75,3.75,3.75,0
VIMC,20110221,3.09,3.09,3.09,3.09,0
VIRC,20110221,3.25,3.25,3.25,3.25,0
VISN,20110221,90.6,90.6,90.6,90.6,0
VIVO,20110221,22.27,22.27,22.27,22.27,0
VLCCF,20110221,25.27,25.27,25.27,25.27,0
VLGEA,20110221,31.46,31.46,31.46,31.46,0
VLTR,20110221,26.85,26.85,26.85,26.85,0
VLYWW,20110221,2.62,2.62,2.62,2.62,0
VMBS,20110221,50.19,50.19,50.19,50.19,0
VMED,20110221,28.27,28.27,28.27,28.27,0
VNDA,20110221,7.35,7.35,7.35,7.35,0
VNQI,20110221,50.61,50.61,50.61,50.61,0
VOCS,20110221,24.4,24.4,24.4,24.4,0
VOD,20110221,29.67,29.67,29.67,29.67,0
VOLC,20110221,28.57,28.57,28.57,28.57,0
VONE,20110221,61.56,61.56,61.56,61.56,0
VONG,20110221,63.14,63.14,63.14,63.14,0
VONV,20110221,60.2,60.2,60.2,60.2,0
VOXX,20110221,8.26,8.26,8.26,8.26,0
VPFG,20110221,13.7,13.7,13.7,13.7,0
VPHM,20110221,17.3,17.3,17.3,17.3,0
VPRT,20110221,52.55,52.55,52.55,52.55,0
VRA,20110221,35.91,35.91,35.91,35.91,0
VRML,20110221,5.28,5.28,5.28,5.28,0
VRNM,20110221,3.2,3.2,3.2,3.2,0
VRNT,20110221,34.08,34.08,34.08,34.08,0
VRSK,20110221,33.78,33.78,33.78,33.78,0
VRSN,20110221,36.74,36.74,36.74,36.74,0
VRTA,20110221,1.33,1.33,1.33,1.33,0
VRTB,20110221,1.62,1.62,1.62,1.62,0
VRTS,20110221,57.31,57.31,57.31,57.31,0
VRTU,20110221,16.43,16.43,16.43,16.43,0
VRTX,20110221,39.16,39.16,39.16,39.16,0
VSAT,20110221,41.25,41.25,41.25,41.25,0
VSBN,20110221,11.85,11.85,11.85,11.85,0
VSCI,20110221,2,2,2,2,0
VSCP,20110221,2.65,2.65,2.65,2.65,0
VSEC,20110221,31.94,31.94,31.94,31.94,0
VTHR,20110221,61.84,61.84,61.84,61.84,0
VTNC,20110221,13.64,13.64,13.64,13.64,0
VTUS,20110221,7.15,7.15,7.15,7.15,0
VTWG,20110221,67.44,67.44,67.44,67.44,0
VTWO,20110221,65.71,65.71,65.71,65.71,0
VTWV,20110221,63.88,63.88,63.88,63.88,0
VVTV,20110221,7.14,7.14,7.14,7.14,0
VVUS,20110221,7.78,7.78,7.78,7.78,0
VXUS,20110221,51.27,51.27,51.27,51.27,0
VYFC,20110221,4.95,4.95,4.95,4.95,0
WABC,20110221,51.56,51.56,51.56,51.56,0
WASH,20110221,22.38,22.38,22.38,22.38,0
WAVX,20110221,4.17,4.17,4.17,4.17,0
WAYN,20110221,8.94,8.94,8.94,8.94,0
WBCO,20110221,13.77,13.77,13.77,13.77,0
WBKC,20110221,13.5,13.5,13.5,13.5,0
WBMD,20110221,53.34,53.34,53.34,53.34,0
WBSN,20110221,21.46,21.46,21.46,21.46,0
WCRX,20110221,24.62,24.62,24.62,24.62,0
WDC,20110221,33.24,33.24,33.24,33.24,0
WDFC,20110221,40.47,40.47,40.47,40.47,0
WEBM,20110221,11.69,11.69,11.69,11.69,0
WERN,20110221,24.79,24.79,24.79,24.79,0
WEYS,20110221,25.24,25.24,25.24,25.24,0
WFD,20110221,9.14,9.14,9.14,9.14,0
WFM,20110221,60.03,60.03,60.03,60.03,0
WIBC,20110221,6.72,6.72,6.72,6.72,0
WILC,20110221,7.44,7.44,7.44,7.44,0
WIN,20110221,12.57,12.57,12.57,12.57,0
WINA,20110221,34.77,34.77,34.77,34.77,0
WIRE,20110221,23.32,23.32,23.32,23.32,0
WLDN,20110221,4.61,4.61,4.61,4.61,0
WLFC,20110221,13.46,13.46,13.46,13.46,0
WMAR,20110221,12.75,12.75,12.75,12.75,0
WMGI,20110221,16,16,16,16,0
WOOD,20110221,49.33,49.33,49.33,49.33,0
WOOF,20110221,25.88,25.88,25.88,25.88,0
WPCS,20110221,2.71,2.71,2.71,2.71,0
WPPGY,20110221,68.72,68.72,68.72,68.72,0
WPRT,20110221,16.36,16.36,16.36,16.36,0
WRES,20110221,4.7,4.7,4.7,4.7,0
WRLD,20110221,62.08,62.08,62.08,62.08,0
WRLS,20110221,7.71,7.71,7.71,7.71,0
WSB,20110221,2.99,2.99,2.99,2.99,0
WSBC,20110221,20.51,20.51,20.51,20.51,0
WSBF,20110221,2.72,2.72,2.72,2.72,0
WSCI,20110221,4.82,4.82,4.82,4.82,0
WSFS,20110221,45.71,45.71,45.71,45.71,0
WSTG,20110221,14.2,14.2,14.2,14.2,0
WSTL,20110221,3.42,3.42,3.42,3.42,0
WTBA,20110221,7.79,7.79,7.79,7.79,0
WTFC,20110221,33.86,33.86,33.86,33.86,0
WTFCW,20110221,16.04,16.04,16.04,16.04,0
WVFC,20110221,8.71,8.71,8.71,8.71,0
WVVI,20110221,3.4,3.4,3.4,3.4,0
WWD,20110221,35.85,35.85,35.85,35.85,0
WWWW,20110221,12.16,12.16,12.16,12.16,0
WYNN,20110221,127.7,127.7,127.7,127.7,0
XBKS,20110221,5.21,5.21,5.21,5.21,0
XIDE,20110221,12.19,12.19,12.19,12.19,0
XLNX,20110221,33.92,33.92,33.92,33.92,0
XNPT,20110221,7.45,7.45,7.45,7.45,0
XOMA,20110221,5.14,5.14,5.14,5.14,0
XRAY,20110221,36.99,36.99,36.99,36.99,0
XRTX,20110221,13.17,13.17,13.17,13.17,0
XTEX,20110221,16.54,16.54,16.54,16.54,0
XTXI,20110221,9.75,9.75,9.75,9.75,0
XWES,20110221,3,3,3,3,0
XXIA,20110221,18.83,18.83,18.83,18.83,0
YAVY,20110221,2.32,2.32,2.32,2.32,0
YHOO,20110221,17.66,17.66,17.66,17.66,0
YORW,20110221,17.28,17.28,17.28,17.28,0
YRCW,20110221,3.48,3.48,3.48,3.48,0
ZAGG,20110221,9.2,9.2,9.2,9.2,0
ZBRA,20110221,39.39,39.39,39.39,39.39,0
ZEUS,20110221,30.03,30.03,30.03,30.03,0
ZGNX,20110221,3.83,3.83,3.83,3.83,0
ZHNE,20110221,2.49,2.49,2.49,2.49,0
ZIGO,20110221,15.74,15.74,15.74,15.74,0
ZINC,20110221,15.27,15.27,15.27,15.27,0
ZION,20110221,24.1,24.1,24.1,24.1,0
ZIONW,20110221,7.52,7.52,7.52,7.52,0
ZIOP,20110221,5.82,5.82,5.82,5.82,0
ZIPR,20110221,2.94,2.94,2.94,2.94,0
ZIXI,20110221,3.91,3.91,3.91,3.91,0
ZLCS,20110221,2.06,2.06,2.06,2.06,0
ZN,20110221,4.56,4.56,4.56,4.56,0
ZOLT,20110221,15.68,15.68,15.68,15.68,0
ZOOM,20110221,3.9,3.9,3.9,3.9,0
ZUMZ,20110221,26.19,26.19,26.19,26.19,0
