<ticker>,<date>,<open>,<high>,<low>,<close>,<vol>
AACC,20110322,5.5,5.5,5.4,5.44,10900
AAME,20110322,2.17,2.24,2.13,2.2,12300
AAON,20110322,20.74,21.0867,20.58,20.9133,32600
AAPL,20110322,342.61,342.62,339.14,341.2,11651100
AAWW,20110322,67.44,67.44,64.95,66.23,520600
AAXJ,20110322,60.49,60.56,60.12,60.15,275600
ABAX,20110322,29.55,31.45,29.51,30.55,342500
ABCB,20110322,9.93,9.99,9.84,9.9,18100
ABCD,20110322,3.42,3.43,3.36,3.39,8500
ABCO,20110322,24.775,25.195,24.68,25.03,55400
ABFS,20110322,25.25,25.42,24.51,24.61,453600
ABIO,20110322,16.5,16.5,15.72,15.96,27100
ABMD,20110322,14.34,14.55,14.27,14.49,121100
ABTL,20110322,5.65,5.95,5.6,5.9,234900
ACAD,20110322,1.53,1.59,1.48,1.56,351900
ACAS,20110322,9.06,9.13,8.95,9,2459200
ACAT,20110322,14.41,14.41,13.92,14.07,69000
ACCL,20110322,7.3,7.4,7.27,7.39,137900
ACET,20110322,7.75,7.75,7.6,7.71,75400
ACFC,20110322,9.98,9.98,9.98,9.98,100
ACFN,20110322,3.7,3.7,3.65,3.67,9800
ACGL,20110322,30.8233,31.1867,30.6567,30.92,258400
ACHN,20110322,6.38,6.59,6.25,6.48,1656300
ACIW,20110322,31.97,32.38,31.97,32.13,201000
ACLS,20110322,2.51,2.59,2.46,2.5,1631500
ACNB,20110322,15.5,15.69,15.48,15.5,4900
ACOR,20110322,22.5,22.58,21.79,22.24,774400
ACPW,20110322,11,11.7,11,11.6,236400
ACRX,20110322,3.65,3.65,3.39,3.39,4400
ACTG,20110322,33.84,34.3,32.66,33.3,251800
ACTS,20110322,2.47,2.52,2.45,2.49,33000
ACUR,20110322,3.01,3.04,2.91,2.98,31200
ACWI,20110322,47.5,47.51,47.28,47.46,588300
ACWX,20110322,44.49,44.49,44.18,44.32,485100
ACXM,20110322,17,17.2,16.84,16.94,140400
ADAT,20110322,1.24,1.26,1.12,1.18,42300
ADBE,20110322,32.29,33.04,32.28,32.88,11327900
ADEP,20110322,4.16,4.28,4.04,4.04,13700
ADES,20110322,16.9,17.5,16.9,17.43,25900
ADI,20110322,38.12,38.45,37.82,37.97,1936800
ADP,20110322,49.82,50.26,49.7,50.06,2343600
ADRA,20110322,27.61,27.8,27.46,27.58,6700
ADRD,20110322,22.24,22.28,22.1,22.12,25100
ADRE,20110322,46.15,46.3,46.06,46.28,36100
ADRU,20110322,21.81,21.84,21.8,21.83,1500
ADSK,20110322,41.07,41.66,40.93,41.51,2904600
ADTN,20110322,44.12,44.3,40.66,40.91,3163400
ADUS,20110322,5.11,5.2,4.88,4.9,19700
ADVS,20110322,27.68,27.77,26.98,27.32,99000
AEGR,20110322,16.69,16.97,16.31,16.87,11900
AEHR,20110322,1.66,1.77,1.66,1.77,2700
AEIS,20110322,15.43,15.5,15.21,15.36,246300
AEPI,20110322,28.37,28.48,27.59,28.09,9400
AERL,20110322,8.9,8.95,8.71,8.75,74300
AETI,20110322,2.61,2.75,2.61,2.75,5200
AEY,20110322,3.02,3.09,3.02,3.05,11800
AEZS,20110322,10.56,10.86,10.38,10.5,1329400
AFAM,20110322,36.41,36.77,36.4,36.47,25800
AFCB,20110322,13.46,13.55,13.46,13.55,1800
AFCE,20110322,14.61,14.78,14.51,14.65,33800
AFFX,20110322,4.7,4.76,4.4,4.45,1321000
AFFY,20110322,5.98,5.98,5.89,5.9,910400
AFOP,20110322,10.5,10.6,10.27,10.37,44900
AFSI,20110322,18.61,18.73,18.3,18.31,114900
AGEN,20110322,0.94,0.95,0.92,0.94,187300
AGII,20110322,32.28,32.72,32.28,32.34,81400
AGNC,20110322,28.04,28.49,28.02,28.29,39384000
AGYS,20110322,5.11,5.32,5.08,5.29,53300
AHGP,20110322,57.98,57.99,56.77,57.05,107300
AHPI,20110322,4.2,4.29,4.18,4.22,6200
AIMC,20110322,20.13,20.95,20.03,20.85,358200
AINV,20110322,11.76,11.79,11.43,11.5,1110400
AIRM,20110322,21.4133,21.7767,21.0567,21.3,76100
AIRT,20110322,9.39,9.43,9.22,9.37,7800
AIXG,20110322,42.25,42.35,41.21,41.69,253100
AKAM,20110322,36.96,37.16,36.5,36.56,4971400
AKRX,20110322,5.51,5.54,5.29,5.37,284400
ALCO,20110322,25.01,25.13,24.8,24.93,4100
ALGN,20110322,21,21.03,20.72,20.74,205900
ALGT,20110322,44.02,44.09,42.78,42.84,79300
ALIM,20110322,7.08,7.15,6.89,7.02,48000
ALKS,20110322,12.35,12.5,12.34,12.37,211000
ALLB,20110322,10.85,11.1,10.85,10.95,5600
ALLT,20110322,13.41,13.9,13.26,13.4,227300
ALNY,20110322,9.81,9.88,9.55,9.82,134200
ALOG,20110322,54.86,55.75,54.86,55.1,39700
ALOT,20110322,7.59,7.59,7.59,7.59,0
ALSK,20110322,10.48,10.62,10.42,10.51,506500
ALTE,20110322,21.77,22.05,21.66,21.84,539400
ALTI,20110322,2.33,2.41,2.33,2.39,43200
ALTR,20110322,41.02,41.25,40.62,40.73,3291000
ALVR,20110322,18.4,18.4,18.2,18.3,71700
ALXA,20110322,15.8,15.9,14.3,14.6,1103100
ALXN,20110322,47.49,47.54,46.88,47.205,573100
AMAG,20110322,16.5,16.96,16.35,16.72,191300
AMAP,20110322,17.77,18.03,17.66,17.81,56100
AMAT,20110322,15.16,15.28,15.05,15.11,10673200
AMCC,20110322,10.37,10.4,10.25,10.39,841600
AMCF,20110322,4.43,4.55,4.24,4.35,37400
AMCN,20110322,4.7,4.71,4.58,4.6,197800
AMED,20110322,35.17,35.51,34.25,34.56,308200
AMGN,20110322,53.09,53.28,52.66,52.78,5564200
AMIC,20110322,4.88,4.88,4.87,4.87,1000
AMKR,20110322,6.84,6.94,6.8,6.92,1553500
AMNB,20110322,21.74,21.75,21.5,21.56,8700
AMOT,20110322,6.71,6.81,6.71,6.73,7200
AMOV,20110322,27.055,27.125,27.055,27.125,1400
AMRB,20110322,6.22,6.37,6.21,6.37,5400
AMRI,20110322,4.16,4.42,4.16,4.38,62700
AMRN,20110322,7.01,7.17,6.95,7.03,1464700
AMRS,20110322,31.9,32.21,30.75,31.44,84400
AMSC,20110322,23.82,23.94,22.99,23.34,778400
AMSF,20110322,23.64,23.72,23.02,23.18,51000
AMSG,20110322,25.17,25.37,24.94,25.18,159500
AMSWA,20110322,7.07,7.14,7.03,7.05,38300
AMWD,20110322,20.95,21.02,20.34,20.45,26600
AMZN,20110322,164,164.44,162.25,162.6,3611700
ANAC,20110322,6.87,7.07,6.87,7.04,13800
ANAD,20110322,4.44,4.48,4.41,4.43,1001400
ANAT,20110322,77.28,77.99,77.22,77.71,14100
ANCB,20110322,10.86,10.96,10.86,10.96,300
ANCI,20110322,5.28,5.28,4.89,4.95,95600
ANCX,20110322,7.13,7.13,7.08,7.1,1300
ANDE,20110322,46.99,47.75,46.31,46.32,102200
ANEN,20110322,19.51,19.84,19.42,19.79,59600
ANGO,20110322,16,16.12,15.92,15.95,82500
ANIK,20110322,10.75,10.96,10.57,10.85,84900
ANLY,20110322,4.43,4.49,4.43,4.44,16100
ANSS,20110322,52.88,53.59,52.75,53.55,756300
ANTH,20110322,6.7,6.99,6.22,6.35,112200
ANTP,20110322,3.44,3.45,3.36,3.36,4700
AOSL,20110322,12.72,12.93,12.61,12.83,26900
APAGF,20110322,77.2,80.69,77.03,80.56,13800
APEI,20110322,41.41,41.57,41.02,41.25,62300
APFC,20110322,5.86,5.93,5.85,5.93,1800
APOG,20110322,13.65,13.65,13.21,13.21,155900
APOL,20110322,41.08,42.57,40.9,42.38,1842300
APPY,20110322,3.42,3.42,3.18,3.42,23600
APRI,20110322,4.37,4.43,4.12,4.31,725600
APSA,20110322,13.5,13.96,13.5,13.96,700
ARAY,20110322,9.13,9.15,8.98,9.09,334600
ARCC,20110322,16.75,16.76,16.19,16.2,3212100
ARCI,20110322,3.62,3.9,3.54,3.85,1800
ARCW,20110322,2.9,2.9,2.9,2.9,0
ARDNA,20110322,77,77.64,76.66,77.63,1700
AREX,20110322,30.76,31.23,30.16,30.74,141500
ARIA,20110322,6.43,6.5,6.28,6.39,1255800
ARII,20110322,21.15,21.4,20.77,20.88,26500
ARKR,20110322,14.29,14.29,14.29,14.29,100
ARLP,20110322,82.31,83.56,82.12,82.75,69600
ARMH,20110322,25.51,25.53,24.88,24.94,5647300
ARNA,20110322,1.47,1.47,1.42,1.42,1062100
AROW,20110322,24.46,24.61,24.35,24.46,17100
ARQL,20110322,6.56,6.58,6.44,6.54,178400
ARRS,20110322,12.16,12.32,12.11,12.12,423500
ARRY,20110322,2.98,3.06,2.96,3.02,293500
ARTC,20110322,33.69,33.82,33.33,33.71,44600
ARTNA,20110322,19.17,19.27,19,19.07,11000
ARTW,20110322,10.98,11.14,10.76,10.9,12100
ARTX,20110322,1.37,1.42,1.36,1.38,6700
ARUN,20110322,31.71,32.89,31.32,31.86,2303200
ARWR,20110322,0.61,0.65,0.61,0.65,91600
ASBC,20110322,14.97,15.05,14.65,14.76,1569900
ASBI,20110322,4.61,4.8,4.61,4.8,500
ASCA,20110322,16.43,16.52,16.25,16.51,185800
ASCMA,20110322,44.44,44.44,43.84,44.08,26100
ASEI,20110322,90.48,91,89.7,90.37,30400
ASFI,20110322,8.41,8.5,8.37,8.4,5500
ASIA,20110322,20.18,20.19,19.96,20.07,408400
ASMI,20110322,37.41,37.51,36.91,37.24,48200
ASML,20110322,42.03,42.1,41.39,41.77,1875700
ASNA,20110322,15.535,15.57,15.25,15.305,384000
ASPS,20110322,29.98,30.26,29.98,30.15,26400
ASRV,20110322,2.2,2.2,2.18,2.2,27500
ASRVP,20110322,25,25,25,25,0
ASTC,20110322,1.1,1.13,1.1,1.1,47100
ASTE,20110322,34.22,35.29,34.22,34.92,112300
ASTI,20110322,2.69,2.79,2.64,2.72,227100
ASTM,20110322,2.28,2.3,2.21,2.21,258100
ASUR,20110322,1.8,1.84,1.68,1.7667,8500
ASYS,20110322,21.42,21.9,21.27,21.84,175800
ATAI,20110322,8,8,7.86,7.91,4700
ATAX,20110322,5.72,5.74,5.69,5.74,42700
ATEA,20110322,3.35,4.17,3.25,4.1,85400
ATEC,20110322,2.59,2.63,2.53,2.55,179800
ATHN,20110322,44.2,44.38,43.25,43.67,330700
ATHX,20110322,2.45,2.5,2.42,2.5,76200
ATLO,20110322,18.24,18.52,18.24,18.35,6000
ATMI,20110322,17.43,17.84,17.28,17.71,91000
ATML,20110322,12.24,12.68,12.16,12.27,14899800
ATNI,20110322,34.56,35.1,34.29,34.99,66300
ATRC,20110322,10.65,10.81,10.62,10.78,12800
ATRI,20110322,172,172,172,172,200
ATRM,20110322,1.65,1.66,1.63,1.66,3400
ATRO,20110322,23.51,24.35,23.51,24.3,48800
ATSG,20110322,7.83,7.89,7.74,7.77,154300
ATVI,20110322,10.74,10.84,10.63,10.74,5228000
ATX,20110322,9.9,10.38,9.84,9.85,44300
AUBN,20110322,19.56,19.77,19.56,19.76,600
AUDC,20110322,5.9,6.09,5.88,5.96,211400
AUXL,20110322,22.34,22.4,21.85,22.01,634700
AVAV,20110322,34.23,34.24,33.6,33.95,117100
AVEO,20110322,15,15.17,14.72,14.84,76700
AVGO,20110322,31.15,31.3,30.45,30.71,1517500
AVID,20110322,22.56,22.69,22.3,22.38,129600
AVNR,20110322,3.78,3.84,3.72,3.76,1845500
AVNW,20110322,5.41,5.48,5.24,5.25,590200
AWRE,20110322,3.58,3.72,3.57,3.63,8200
AXAS,20110322,4.89,4.98,4.83,4.98,1708400
AXFN,20110322,24.78,25.18,24.77,25.13,1000
AXTI,20110322,6.51,6.59,6.35,6.48,576100
AZPN,20110322,14.98,14.98,14.66,14.9,177600
BABY,20110322,15.98,16.34,15.98,16.26,108600
BAGL,20110322,15.77,15.95,15.65,15.93,10900
BAMM,20110322,5.01,5.2,5.01,5.16,22900
BANC,20110322,16,16,15.84,15.99,13700
BANF,20110322,41.93,42.58,41.75,42.4,14700
BANFP,20110322,27.46,27.46,27.46,27.46,0
BANR,20110322,16.94,17.08,16.73,17.01,351100
BASI,20110322,1.94,2.08,1.94,2,16800
BBBY,20110322,46.44,46.62,46.04,46.45,2252400
BBEP,20110322,21.55,21.6,21.39,21.51,250800
BBGI,20110322,6.44,6.51,6.43,6.51,800
BBNK,20110322,9.29,9.29,9.29,9.29,0
BBOX,20110322,34.06,34.5,33.78,34.17,62400
BBRG,20110322,17.1,17.15,16.43,17.03,34200
BBRY,20110322,63.24,63.24,61.74,62.41,8611300
BBSI,20110322,15.33,15.42,15.25,15.33,10200
BCBP,20110322,10.5,10.75,10.4,10.75,1400
BCOM,20110322,33.15,33.15,33.15,33.15,0
BCPC,20110322,33.95,34.6,33.82,34.26,36700
BCRX,20110322,3.54,3.6,3.4,3.41,204200
BCSB,20110322,12.9,12.9,12.9,12.9,0
BDE,20110322,6.21,6.25,6.2,6.22,13500
BDGE,20110322,22.17,22.23,22.07,22.07,1700
BDMS,20110322,19.75,19.75,19.75,19.75,300
BDSI,20110322,3.28,3.39,3.28,3.37,38500
BEAT,20110322,4.49,4.52,4.46,4.49,28700
BEAV,20110322,34.63,34.63,34.12,34.14,479600
BEBE,20110322,5.58,5.61,5.52,5.58,315600
BECN,20110322,20.96,20.97,20.56,20.64,181000
BELFA,20110322,24.05,24.25,23.95,24.09,2500
BELFB,20110322,21.55,22.13,21.53,21.86,12500
BERK,20110322,6,6.3,5.82,5.99,23200
BFIN,20110322,9.08,9.09,8.96,9.05,13200
BFLY,20110322,2.83,2.95,2.83,2.89,2400
BGCP,20110322,9.49,9.5,9.35,9.35,479300
BGFV,20110322,11.55,11.7,11.48,11.64,47900
BGMD,20110322,8.39,8.77,8.03,8.35,22100
BIB,20110322,30.51,30.51,30.51,30.51,100
BICK,20110322,31.55,31.66,31.48,31.59,12200
BIDU,20110322,124.45,127.33,123.68,127.09,6790200
BIIB,20110322,69.58,70.13,69.13,69.76,1796700
BIOD,20110322,9.2,9.48,8.44,8.48,1038700
BIOF,20110322,17.2,17.4,16.8,17.2,198200
BIOS,20110322,4.12,4.29,4.11,4.28,227200
BIRT,20110322,4.79,4.82,4.75,4.76,50200
BIS,20110322,48.98,49,48.98,49,3500
BJRI,20110322,36.08,36.45,35.8,35.9,335100
BKCC,20110322,10.08,10.09,9.93,9.96,532600
BKMU,20110322,4.04,4.07,4.02,4.06,50400
BKOR,20110322,4.75,5,4.18,5,9300
BKSC,20110322,11.61,11.85,11.61,11.85,1700
BKYF,20110322,20.5,20.74,20.31,20.55,3600
BLDP,20110322,2.21,2.23,2.16,2.19,388200
BLDR,20110322,2.48,2.56,2.48,2.52,112800
BLIN,20110322,1.15,1.15,1.15,1.15,10900
BLKB,20110322,26.47,26.47,25.46,25.51,113500
BMC,20110322,48.77,48.98,48.5,48.56,1426300
BMRC,20110322,36.85,36.9,36.45,36.5,3900
BMRN,20110322,23.47,23.72,23.09,23.46,704000
BMTC,20110322,19.88,20.14,19.65,19.68,24400
BNCL,20110322,8.98,9.04,8.92,8.93,55700
BNCN,20110322,7.77,7.77,7.77,7.77,900
BNSO,20110322,2.19,2.36,2.16,2.36,7600
BOBE,20110322,31.61,31.76,31.24,31.29,143300
BOCH,20110322,4.2,4.2,4.12,4.12,5300
BODY,20110322,17.32,17.71,17.14,17.59,185400
BOFI,20110322,15.38,15.38,15.12,15.29,13000
BOKF,20110322,52.19,52.29,51.57,51.8,120100
BOLT,20110322,13.29,13.4,13.24,13.4,4900
BONA,20110322,6.84,7.1,6.41,6.65,262700
BONT,20110322,15,15,14.55,14.59,107300
BOOM,20110322,25.58,25.58,25,25.25,44800
BOSC,20110322,8,10.16,7.64,9.56,150200
BPAX,20110322,11.4,11.46,10.98,11.16,789100
BPFH,20110322,7.14,7.24,7.12,7.17,320200
BPFHW,20110322,2.68,2.68,2.68,2.68,0
BPHX,20110322,1.75,1.78,1.7,1.76,26600
BPOP,20110322,30,30.2,28.9,29.2,12064300
BPOPM,20110322,18.66,18.66,18.63,18.63,2500
BPOPN,20110322,20.58,20.58,20.08,20.08,4600
BRCD,20110322,5.93,5.94,5.86,5.9,5494400
BRCM,20110322,40.22,40.32,39.41,40.01,6956700
BRID,20110322,11.29,11.29,10.95,11.18,2300
BRKL,20110322,10.22,10.33,10.1,10.1,153900
BRKR,20110322,19.08,19.37,18.94,19.09,299400
BRKS,20110322,12.22,12.3,11.8,12.01,222000
BRLI,20110322,22.13,22.21,21.91,22.19,75900
BSDM,20110322,3.8,3.97,3.72,3.82,196500
BSET,20110322,8.14,8.14,7.95,8.1,8400
BSFT,20110322,51.88,51.89,45,46.39,1181100
BSPM,20110322,5.4,7.14,5.31,6.66,624500
BSQR,20110322,7.29,7.52,7.06,7.5,87700
BSRR,20110322,10.95,11.01,10.8,10.94,46200
BSTC,20110322,25.36,25.36,25.04,25.22,1600
BTUI,20110322,11.26,11.93,11.08,11.22,32700
BUSE,20110322,4.93,4.94,4.85,4.87,76200
BVSN,20110322,14.35,14.4,14.3,14.35,4200
BWEN,20110322,14.9,15.1,14,14.1,836300
BWINA,20110322,20.26,20.26,20.26,20.26,0
BWINB,20110322,22.39,22.45,22.29,22.35,4900
BWLD,20110322,52.31,52.44,51.5,51.72,317300
BYFC,20110322,2.2,2.2,2.2,2.2,0
CA,20110322,23.15,23.29,22.99,23.09,4362400
CAAS,20110322,8.61,8.88,8.5,8.78,197400
CAC,20110322,32.2,32.58,32.06,32.28,4700
CACB,20110322,7.65,7.8,7.55,7.56,6200
CACC,20110322,69.8,70,69.48,69.91,7200
CACH,20110322,4.67,4.75,4.66,4.67,12200
CADC,20110322,4,4,3.88,3.89,51800
CADX,20110322,9.01,9.1,8.9,9,376600
CAFI,20110322,2.01,2.09,1.92,1.92,4900
CAKE,20110322,29.14,29.26,28.6,28.63,669300
CALD,20110322,6.41,6.44,6.36,6.43,44500
CALI,20110322,16.5,16.68,16.38,16.56,1300
CALL,20110322,10.69,10.835,10.53,10.76,18100
CALM,20110322,28.12,28.49,28.02,28.26,155300
CAMP,20110322,3.13,3.18,3.13,3.13,40500
CAMT,20110322,3.85,3.9,3.75,3.75,29000
CAR,20110322,16.88,17.22,16.45,16.47,2072500
CART,20110322,3.15,3.15,3.15,3.15,300
CARV,20110322,0.89,0.89,0.85,0.89,600
CASH,20110322,16.61,16.61,16.5,16.5,1600
CASM,20110322,3.1,3.2,3.1,3.15,13600
CASS,20110322,38.02,38.24,36.98,37.43,47400
CASY,20110322,36.93,37.08,36.4,36.67,281600
CATM,20110322,19.87,20,19.5,19.69,217500
CATY,20110322,16.48,16.58,15.99,16.06,1828000
CAVM,20110322,40.21,40.36,39.17,39.5,1129200
CBAK,20110322,8.3,8.3,8.1,8.2,588600
CBAN,20110322,4.11,4.11,4.11,4.11,300
CBEY,20110322,12.25,12.36,11.64,11.65,397400
CBIN,20110322,11.74,11.79,10.5,11.79,40200
CBLI,20110322,7.5,7.6,7.27,7.54,661000
CBMX,20110322,22.5,22.5,21.9,21.9,5000
CBMXW,20110322,1.8,1.8,1.8,1.8,0
CBNJ,20110322,9.62,9.65,9.5,9.61,22400
CBNK,20110322,13.96,13.96,13.96,13.96,0
CBOE,20110322,28.17,28.82,28.11,28.75,491800
CBPO,20110322,15.28,15.33,15.11,15.21,86200
CBRL,20110322,48.8,48.8,48.05,48.13,141600
CBRX,20110322,3.68,3.71,3.54,3.59,580400
CBSH,20110322,40.03,40.26,39.84,39.92,378300
CBST,20110322,25,25,24.67,24.84,417500
CCBG,20110322,12.55,12.85,12.55,12.77,13800
CCCL,20110322,6.32,6.51,5.98,6.27,184100
CCIH,20110322,20.26,20.94,19.39,20.05,163400
CCIX,20110322,8.49,8.5,8.28,8.37,53500
CCMP,20110322,48.1,48.2,47.86,48.12,61100
CCNE,20110322,14.14,14.21,14.06,14.1,6200
CCOI,20110322,14.17,14.3,14.15,14.16,65200
CCRN,20110322,7.44,7.64,7.39,7.54,60800
CCUR,20110322,6.26,6.32,6,6.12,35100
CDNS,20110322,9.76,9.78,9.5,9.57,3011800
CDTI,20110322,5.51,5.6,5.37,5.41,14200
CDXS,20110322,11,11.09,10.86,10.87,167900
CDZI,20110322,11.05,11.18,11.03,11.15,14700
CECE,20110322,5.63,5.83,5.49,5.82,23800
CECO,20110322,21.57,21.8,21.48,21.5,339300
CEDU,20110322,7.44,7.44,7.26,7.4,1700
CELG,20110322,53.16,53.66,52.83,52.84,3112000
CELGZ,20110322,2.27,2.46,2.27,2.45,9800
CENT,20110322,9.04,9.12,8.85,8.96,79800
CENTA,20110322,9.24,9.24,8.99,9.13,234800
CENX,20110322,17.23,17.55,17.03,17.23,1224600
CERN,20110322,52.95,54.405,52.82,53.9,810400
CERS,20110322,2.77,2.81,2.7,2.78,358400
CETV,20110322,20.66,20.81,20.39,20.78,268800
CEVA,20110322,24.04,24.49,23.98,24.4,141000
CFBK,20110322,7.05,7.75,7,7.65,12600
CFFI,20110322,22.84,23.06,22.84,23.06,2000
CFFN,20110322,11.36,11.46,11.3,11.33,1144000
CFNB,20110322,14.5,14.66,14.5,14.66,700
CFNL,20110322,11.41,11.67,11.37,11.62,75800
CGEN,20110322,4.94,4.98,4.87,4.88,32700
CGNX,20110322,26.03,26.47,25.84,26.45,269100
CHCI,20110322,1.35,1.41,1.3,1.41,44500
CHCO,20110322,35.44,35.69,35.04,35.06,37400
CHDN,20110322,41.48,41.48,40.63,40.77,35600
CHDX,20110322,17.02,17.02,16.81,16.89,27700
CHEV,20110322,8.55,8.58,8.37,8.4,5500
CHFC,20110322,19.77,19.84,19.59,19.62,17700
CHFN,20110322,9.3546,9.5537,9.2153,9.2551,5600
CHKE,20110322,17.31,17.48,17.2,17.41,29600
CHKP,20110322,48.97,49.15,48.75,49.02,727900
CHLN,20110322,2.09,2.16,2.05,2.12,173900
CHNR,20110322,13.59,13.66,13.39,13.59,4800
CHOP,20110322,5.66,5.77,5.42,5.47,402400
CHRM,20110322,9.51,9.82,9.51,9.75,500
CHRW,20110322,73.05,73.73,70.94,71.55,3206600
CHSCP,20110322,29.49,29.49,29.38,29.39,6500
CHTP,20110322,3.88,3.89,3.75,3.79,216500
CHTR,20110322,48.69,49.92,48.56,48.67,158200
CHYR,20110322,2.03,2.06,1.94,2.06,48300
CIDM,20110322,1.76,1.85,1.75,1.75,77000
CIEN,20110322,23.5,23.7,22.23,22.32,14839100
CIMT,20110322,3.43,3.52,3.33,3.4,26400
CINF,20110322,32.81,32.98,32.59,32.59,595200
CISG,20110322,13.51,13.6,12.63,12.87,978000
CITZ,20110322,5.56,5.56,5.51,5.53,2200
CIZN,20110322,21.2,21.2,21.2,21.2,0
CJJD,20110322,3.2,3.21,2.8,3,92700
CKEC,20110322,7.17,7.24,7.13,7.16,63100
CKSW,20110322,8.03,8.1,7.98,8,47000
CLBH,20110322,3.86,4.01,3.84,3.84,9300
CLCT,20110322,14.25,14.3,14.18,14.23,15300
CLDX,20110322,3.91,3.96,3.85,3.94,212200
CLFD,20110322,5.07,5.37,5.05,5.11,64700
CLMS,20110322,15.9,16.01,15.83,15.89,61500
CLMT,20110322,20.8,21.2,20.75,21.04,171700
CLNE,20110322,13.44,13.68,13.2,13.5,1313900
CLRO,20110322,5.17,5.7,5.16,5.45,29200
CLSN,20110322,2.48,2.49,2.41,2.49,67100
CLUB,20110322,4.75,4.75,4.66,4.69,10300
CLWR,20110322,5.17,5.5,5.1,5.39,7216800
CLWT,20110322,7.26,7.26,6.93,7.205,16100
CMCO,20110322,17.26,17.55,17.17,17.44,59900
CMCSA,20110322,24.08,24.35,23.93,24.06,11758300
CMCSK,20110322,22.59,22.89,22.46,22.61,3200500
CME,20110322,290.5,292,288.76,290.92,432200
CMLS,20110322,4.41,4.42,4.26,4.28,176900
CMSB,20110322,8.95,8.95,8.95,8.95,0
CMTL,20110322,26.98,27.24,26.86,26.89,146200
CNBC,20110322,9,9.11,9,9.11,6900
CNBKA,20110322,25.24,25.71,25.24,25.5,4600
CNET,20110322,3.66,3.73,3.14,3.33,97600
CNIT,20110322,3.2,3.21,2.91,3.14,751900
CNMD,20110322,26.92,26.93,26.57,26.62,35900
CNQR,20110322,53.4,53.69,52.8,53.24,316100
CNSL,20110322,18.01,18.09,17.96,18.02,71000
CNTF,20110322,4.25,4.31,4.13,4.15,114600
CNTY,20110322,2.88,2.93,2.84,2.93,11000
CNYD,20110322,7.91,7.91,7.79,7.89,2000
COBK,20110322,12.74,12.74,12.74,12.74,100
COBR,20110322,3.45,3.59,3.45,3.55,3400
COBZ,20110322,6.78,6.89,6.69,6.85,55500
COCO,20110322,4.66,4.69,4.51,4.64,2053800
COGO,20110322,7.85,7.88,7.58,7.79,122600
COHR,20110322,57.72,57.88,56.79,57.24,124900
COHU,20110322,14.64,14.64,14.09,14.15,31400
COKE,20110322,62.98,63.99,61.95,63.91,39500
COLB,20110322,18.51,19.29,18.51,19.05,82400
COLM,20110322,57.93,57.93,57.09,57.22,66300
CONN,20110322,4.45,4.6,4.35,4.5,60400
COOL,20110322,2.38,2.39,2.3,2.3,569500
CORE,20110322,32.9,34.33,32.69,34.07,58400
CORT,20110322,3.98,4.11,3.93,4.05,124500
COSI,20110322,1.29,1.3,1.26,1.3,140800
COST,20110322,71,71.89,70.92,71.55,1929200
COWN,20110322,3.8,3.97,3.8,3.82,266200
CPBC,20110322,4.65,4.66,4.5,4.55,5600
CPGI,20110322,3,3,2.81,2.81,7000
CPHC,20110322,11.94,11.95,11.92,11.92,900
CPHD,20110322,26.93,27.1,26.59,26.63,203600
CPIX,20110322,5.23,5.38,5.21,5.21,56200
CPLA,20110322,50.87,51.52,50.39,51.19,292300
CPLP,20110322,9.8,10,9.8,9.98,71700
CPNO,20110322,34.1,35.15,33.85,34.86,460800
CPRT,20110322,20.455,20.745,20.44,20.7,392000
CPRX,20110322,1.1,1.12,1.1,1.12,3300
CPSI,20110322,59,59.3,58.89,58.91,65700
CPSL,20110322,20.52,21,20.4,20.64,113100
CPSS,20110322,1.09,1.09,1,1.02,65400
CPST,20110322,1.92,1.95,1.89,1.95,4110600
CPTS,20110322,12.98,13.1,12.93,12.99,130400
CPWR,20110322,11.17,11.25,11.15,11.19,851100
CRAI,20110322,25.08,25.76,25.01,25.62,19300
CRAY,20110322,6.31,6.48,6.29,6.33,125100
CRDC,20110322,3.35,3.5,3.3,3.43,109800
CREE,20110322,49.43,49.45,48.79,49,1865400
CREG,20110322,2.36,2.83,2.35,2.52,57000
CRESW,20110322,0.22,0.23,0.2,0.23,59400
CRESY,20110322,17.65,17.69,17.35,17.6,39400
CRFN,20110322,4.05,4.1,4.05,4.06,12000
CRIS,20110322,3.28,3.34,3.04,3.05,1764200
CRME,20110322,24.3,24.4,23.95,24.2,64200
CRMT,20110322,24.22,24.34,23.79,23.9,37400
CRNT,20110322,11.1,11.11,10.9,10.94,146700
CROX,20110322,16.83,16.89,16.4,16.41,1284200
CRRB,20110322,4.53,4.53,4.53,4.53,0
CRRC,20110322,13.84,13.89,13.68,13.7,11100
CRTX,20110322,5.88,6.05,5.87,6.03,30800
CRUS,20110322,20.8,20.97,20.17,20.37,1870600
CRVL,20110322,51.98,51.98,50.67,51.6,33500
CRWN,20110322,2,2.15,1.96,2.1,226500
CRWS,20110322,4.99,5.03,4.99,5,4300
CRZO,20110322,36.01,36.16,34.5,35.25,1077300
CSBK,20110322,11.98,11.99,11.8,11.88,7600
CSCD,20110322,5.8,5.93,5.64,5.91,2500
CSCO,20110322,17.42,17.61,17.29,17.45,63936000
CSFL,20110322,7.03,7.11,6.97,6.98,24400
CSGP,20110322,59.77,59.77,58.84,59.14,76600
CSGS,20110322,19.42,19.57,19.2,19.42,177100
CSII,20110322,10.5,10.53,10.42,10.42,24000
CSIQ,20110322,11.02,11.18,10.92,11.15,955300
CSOD,20110322,18.75,18.75,18,18.06,137100
CSPI,20110322,4.06,4.31,4.06,4.31,200
CSTR,20110322,44.9,44.96,43.85,43.98,665600
CSUN,20110322,4.29,4.29,4.08,4.1,206900
CSWC,20110322,93.16,93.16,91.18,91.18,7900
CTAS,20110322,27.99,28.36,27.91,28.14,878100
CTBI,20110322,27.7,27.95,27.5,27.57,21800
CTCH,20110322,3.55,3.6,3.45,3.49,9000
CTCM,20110322,21.2,21.74,21.2,21.57,425600
CTCT,20110322,33.38,34.69,32.78,33.83,986000
CTGX,20110322,12.6,12.7,12.53,12.56,28900
CTHR,20110322,3.48,3.54,3.41,3.51,17600
CTIB,20110322,6.28,6.28,5.95,6.1,5400
CTIC,20110322,2.2,2.4,2.05,2.3,31981500
CTRN,20110322,22.54,22.7,22.24,22.27,32100
CTRP,20110322,37.81,37.94,37.24,37.61,770600
CTSH,20110322,75.55,77.44,75.45,76.87,2643900
CTWS,20110322,25.29,25.74,25.21,25.52,24200
CTXS,20110322,68.3,68.34,66.58,66.84,1856300
CU,20110322,41.25,41.98,40.8,41.2,42400
CUBA,20110322,7.29,7.3,7.24,7.3,2700
CUTR,20110322,9.09,9.09,8.67,8.72,33700
CVBF,20110322,8.32,8.56,8.29,8.43,421000
CVCO,20110322,43.6,44.08,43.07,43.56,22500
CVCY,20110322,6.09,6.09,6.09,6.09,0
CVGI,20110322,15.84,15.99,15.62,15.8,100900
CVGW,20110322,21.73,21.73,21.38,21.67,21400
CVLT,20110322,36.42,37.31,36.14,36.97,409400
CVLY,20110322,10.1,10.55,10.1,10.47,5600
CVTI,20110322,8.75,9.4,8.75,9.2,17700
CVV,20110322,10.31,10.31,10.22,10.26,14500
CWBC,20110322,4.4,4.47,4.4,4.47,1500
CWCO,20110322,10.98,11.13,10.78,10.83,96900
CWEI,20110322,97.17,97.3,94.91,96.66,63400
CWST,20110322,6.98,7,6.76,6.81,59600
CWTR,20110322,9.6,9.76,9.48,9.56,279800
CXDC,20110322,5.84,5.94,5.57,5.59,406600
CXPO,20110322,3.64,3.99,3.6,3.95,167800
CY,20110322,18.89,19.25,18.85,19.03,2923100
CYAN,20110322,3.41,3.45,3.39,3.45,3300
CYBE,20110322,8.55,8.55,8.4,8.4,15400
CYBX,20110322,31.86,31.89,31.12,31.45,165100
CYCC,20110322,9.1,9.66,8.89,9.38,626800
CYCCP,20110322,3.65,3.65,3.65,3.65,0
CYMI,20110322,51.38,51.6,50.93,51.25,543200
CYNO,20110322,13,13.06,12.9,12.95,37400
CYOU,20110322,33,33.3,32.24,32.73,99800
CYTK,20110322,1.28,1.28,1.24,1.26,169500
CYTR,20110322,6.16,6.16,5.81,5.95,174100
CYTX,20110322,7.34,7.48,7.07,7.11,567700
CYTXW,20110322,4.81,4.96,4.8,4.96,7900
CZFC,20110322,8.5,8.5,8.5,8.5,0
CZNC,20110322,16.06,16.4,15.98,16.32,24500
CZWI,20110322,4.93,4.93,4.93,4.93,0
DAIO,20110322,5.97,6,5.76,5.92,44600
DAKT,20110322,11.2,11.27,11,11.1,107400
DARA,20110322,3.12,3.13,3.02,3.04,23300
DAVE,20110322,10,10,9.9,9.9,8200
DBLE,20110322,8.38,8.38,8.08,8.34,155700
DBLEP,20110322,26.09,26.09,25.8,25.9,4800
DCIX,20110322,11.61,11.93,11.61,11.8,8700
DCOM,20110322,14.44,14.56,14.2,14.21,117800
DCTH,20110322,6.98,7,6.76,6.81,619900
DECK,20110322,81.45,81.69,79.93,80.53,757600
DELL,20110322,14.73,14.82,14.58,14.71,13582700
DENN,20110322,4.09,4.09,4.02,4.07,433800
DEPO,20110322,9.19,9.3,9.05,9.16,568400
DEST,20110322,22.67,22.73,22.3,22.37,36200
DFZ,20110322,11.44,11.49,11.3,11.46,23900
DGAS,20110322,15.78,15.78,15.5,15.5,200
DGICA,20110322,11.9,12.04,11.79,11.9,18300
DGICB,20110322,18.5,18.5,18.5,18.5,0
DGII,20110322,10.27,10.27,10.03,10.07,40700
DGIT,20110322,31.36,31.91,30.52,30.67,210900
DGLY,20110322,1.53,1.57,1.38,1.4,51500
DHIL,20110322,78.65,78.99,78.1,78.43,9500
DHRM,20110322,5.6,5.6,5.55,5.55,1700
DIOD,20110322,31.55,31.59,31.06,31.35,193500
DISCA,20110322,39.88,40.04,39.34,39.57,842900
DISCB,20110322,39.82,39.82,39.82,39.82,0
DISCK,20110322,34.75,34.97,34.37,34.5,461600
DISH,20110322,23.31,23.51,23.12,23.22,1871800
DJCO,20110322,71.05,71.05,71.05,71.05,0
DLGC,20110322,21.25,21.25,20.6,20.95,1800
DLIA,20110322,1.68,1.69,1.61,1.62,95900
DLLR,20110322,21.67,21.67,20.9,20.94,251500
DLTR,20110322,26.925,27.025,26.72,26.82,1095600
DMLP,20110322,28,28.2,27.8,28.07,50400
DMND,20110322,53.9,54.06,53.41,53.78,129300
DMRC,20110322,26.93,27.34,26.91,27.34,18400
DNBF,20110322,10.1,10.1,10.1,10.1,400
DNDN,20110322,32.89,32.98,32,32.19,1617700
DORM,20110322,19.3,19.38,19.005,19.115,67000
DOVR,20110322,3.86,3.86,3.63,3.63,600
DRAD,20110322,2.65,2.65,2.6,2.61,14300
DRAM,20110322,13.38,13.62,13.08,13.38,6600
DRCO,20110322,14.9,15,14.9,14.96,47500
DRIV,20110322,35.29,35.52,34.57,34.84,294400
DRRX,20110322,3.54,3.54,3.47,3.5,113900
DRWI,20110322,7.11,7.42,7.06,7.41,254700
DRYS,20110322,4.68,4.73,4.61,4.66,4636000
DSCI,20110322,8.91,9.04,8.87,9,12900
DSCO,20110322,1.95,1.96,1.77,1.91,261000
DSGX,20110322,6.7,6.7,6.65,6.7,3700
DSPG,20110322,8.01,8.01,7.89,7.96,36300
DSWL,20110322,3.15,3.19,3.05,3.07,33600
DTLK,20110322,6.25,6.31,6.11,6.21,90000
DTSI,20110322,45.57,46.4,45.33,45.71,81900
DTV,20110322,44.63,45.27,44.56,45.08,4223400
DVAX,20110322,2.61,2.64,2.57,2.58,232400
DVOX,20110322,5.5,5.62,5.3,5.44,50900
DWA,20110322,25.8,25.93,25.54,25.79,659200
DWCH,20110322,5.5,5.63,5.5,5.55,9000
DWSN,20110322,44.45,44.97,43.27,43.7,276200
DXCM,20110322,14.33,14.56,14.26,14.51,363300
DXPE,20110322,22.65,22.71,22.4,22.43,63200
DXYN,20110322,4.18,4.18,4,4.07,16900
DYAX,20110322,1.52,1.54,1.5,1.51,326500
DYNT,20110322,5.4,5.4,5.2,5.4,48800
DYSL,20110322,3.76,3.8,3.72,3.76,11900
EBAY,20110322,30.52,30.53,29.98,30.22,10328500
EBIX,20110322,29.45,29.72,29,29.08,425700
EBMT,20110322,11.4,11.4,11.3,11.3,700
EBSB,20110322,13.41,13.45,13.4,13.4,5400
EBTC,20110322,14.79,14.8,14.75,14.75,800
ECHO,20110322,12.43,12.6,12.43,12.52,73100
ECOL,20110322,17.71,17.71,17.24,17.24,105000
ECPG,20110322,25.8,25.8,25.12,25.64,24300
ECTY,20110322,3.21,3.27,3.15,3.19,32000
ECYT,20110322,7.8,8.21,7.75,8.1,313200
EDAC,20110322,3.57,3.57,3.45,3.56,20100
EDAP,20110322,3.8,4.16,3.73,4.09,197000
EDGW,20110322,3.11,3.11,3,3.01,34400
EDMC,20110322,19.82,20.62,19.78,20.26,189500
EDS,20110322,6.86,6.86,6.63,6.8,11400
EDUC,20110322,6.31,6.49,6.28,6.28,1600
EEFT,20110322,18.88,18.88,18.23,18.24,186100
EEI,20110322,18.28,19.75,18.28,19.51,29900
EFII,20110322,13.94,14.28,13.94,14.09,126200
EFSC,20110322,12.8,12.88,12.68,12.68,29300
EFUT,20110322,5.51,5.55,5.49,5.55,1800
EGBN,20110322,13.98,14.26,13.74,14.19,40700
EGHT,20110322,2.65,2.68,2.61,2.65,191600
EGLE,20110322,15.08,15.52,15,15.4,1004100
EGOV,20110322,11.52,11.6,11.41,11.53,492000
EHTH,20110322,12.92,13.13,12.83,12.84,82600
EIHI,20110322,12.75,12.98,12.75,12.86,7800
ELGX,20110322,6.16,6.23,6.08,6.17,100500
ELNK,20110322,7.86,7.94,7.82,7.9,1269800
ELON,20110322,8.68,8.75,8.6,8.73,248500
ELOS,20110322,12.87,12.98,12.6,12.82,201700
ELRC,20110322,15.67,15.94,15.67,15.79,13600
ELSE,20110322,4.48,4.48,4.48,4.48,0
ELTK,20110322,1.17,1.18,1.15,1.18,7900
EMCF,20110322,17.11,17.11,17.11,17.11,300
EMCI,20110322,24.61,24.61,23.95,24.05,8500
EMFN,20110322,27.79,27.79,27.79,27.79,300
EMIF,20110322,34.31,34.45,34.31,34.4,60400
EMITF,20110322,11.66,11.66,11.66,11.66,0
EMKR,20110322,9,9.28,8.8,8.84,899300
EMMS,20110322,1.03,1.08,1.01,1.08,202800
EMMSP,20110322,17,17,16.5,16.5,6600
EMMT,20110322,26.96,27.01,26.77,26.96,1300
ENDP,20110322,34.92,35.24,34.81,34.83,577900
ENG,20110322,4.68,4.78,4.67,4.72,37600
ENMD,20110322,5.22,5.45,5.21,5.37,37900
ENOC,20110322,19.13,19.79,19.05,19.5,405700
ENSG,20110322,30.67,30.85,30.15,30.71,64400
ENTG,20110322,7.93,8.03,7.89,8.01,2104000
ENTR,20110322,7.94,7.95,7.7,7.78,1289700
ENZN,20110322,10.72,10.79,10.39,10.45,892900
EONC,20110322,1.79,1.79,1.78,1.79,2300
EPAX,20110322,10.25,10.34,10.2,10.33,44200
EPAY,20110322,21.84,22.03,21.77,21.9,66100
EPIQ,20110322,13.98,13.98,13.73,13.73,41800
EQIX,20110322,85.44,85.77,84.32,84.91,409000
ERIC,20110322,12.27,12.32,12.08,12.15,10019700
ERIE,20110322,70.33,70.76,70.15,70.18,34900
ERII,20110322,3.16,3.45,3.16,3.4,437500
EROC,20110322,9.99,10.28,9.85,10.15,661200
ESBF,20110322,11,11.175,10.9,11.0333,8500
ESBK,20110322,17.5,17.5,17.5,17.5,100
ESCA,20110322,5.7,5.83,5.51,5.65,16800
ESEA,20110322,4.26,4.29,4.2,4.24,22800
ESGR,20110322,94.03,94.65,93.73,94.09,13000
ESIO,20110322,16.59,16.91,16.59,16.72,136200
ESLT,20110322,54.61,54.94,53.9,54.38,23600
ESMC,20110322,1.3,1.37,1.3,1.37,700
ESRX,20110322,51.93,53.29,51.86,52.81,3823800
ESSA,20110322,12.84,13.05,12.82,12.96,77800
ESSX,20110322,7.06,7.07,6.95,7.01,3200
ESYS,20110322,4.99,5.15,4.99,5.15,4500
ETFC,20110322,15.42,15.68,15.39,15.64,2925400
ETRM,20110322,2.77,2.77,2.61,2.63,8300
EUFN,20110322,23.28,23.38,23.2,23.36,2500
EVBS,20110322,3.49,3.5,3.49,3.5,1600
EVEP,20110322,48,49.14,47.39,48.48,616600
EVOL,20110322,7.02,7.07,7,7,6000
EWBC,20110322,22.28,22.4,21.86,21.97,1172600
EXAC,20110322,18.28,18.82,17.78,18.47,60200
EXAR,20110322,6.03,6.04,5.84,5.85,79400
EXAS,20110322,5.9,5.92,5.8,5.88,301000
EXEL,20110322,11.5,11.58,11.06,11.13,1492000
EXFO,20110322,10.95,11.06,10.54,10.58,86200
EXLP,20110322,28.6,28.65,28.19,28.65,104800
EXLS,20110322,19.74,20.15,19.74,19.96,28600
EXPD,20110322,47.08,47.4,46.45,47.1,2921900
EXPE,20110322,21.61,21.72,21.5,21.58,7220600
EXPO,20110322,42.66,43.15,42.27,42.56,64100
EXTR,20110322,3.49,3.55,3.35,3.4,456900
EXXI,20110322,32.25,32.37,31.56,31.97,530200
EZCH,20110322,27.6,27.87,27.08,27.17,642100
EZPW,20110322,29.08,29.54,28.91,28.91,372800
FABK,20110322,13.75,13.82,13.75,13.82,3500
FALC,20110322,4.3,4.44,4.3,4.38,94200
FARM,20110322,10.75,11.2,10.75,11.1,14400
FARO,20110322,34.25,34.25,33.08,33.69,58100
FAST,20110322,30.9,30.995,30.76,30.87,641300
FBIZ,20110322,12.22,12.22,12.22,12.22,0
FBMI,20110322,6.97,6.97,6.97,6.97,100
FBMS,20110322,8.77,8.77,8.65,8.71,700
FBNC,20110322,13.68,13.68,13.53,13.55,12400
FBSS,20110322,13.75,13.75,13.75,13.75,1000
FCAL,20110322,3.79,3.8,3.75,3.77,13000
FCAP,20110322,16.4,16.4,16.4,16.4,0
FCBC,20110322,13.44,13.95,13.44,13.86,22000
FCCO,20110322,6.54,6.55,6.54,6.55,1700
FCCY,20110322,8.88,8.88,8.57,8.57,1600
FCEL,20110322,2.01,2.03,1.96,2.01,1484200
FCFC,20110322,6.95,7.17,6.94,6.99,3900
FCFS,20110322,37.69,37.91,37.07,37.27,160500
FCHI,20110322,50.67,50.98,50.65,50.65,1500
FCLF,20110322,6.77,6.77,6.77,6.77,0
FCNCA,20110322,204.1,204.1,199.85,200.53,4000
FCTY,20110322,4.07,4.07,3.99,4,3700
FCVA,20110322,4,4.13,3.8,3.96,2200
FCZA,20110322,4.25,4.25,4.15,4.22,700
FDEF,20110322,14.14,14.14,14.01,14.07,2800
FDML,20110322,25.48,25.48,24.78,24.96,739900
FEFN,20110322,25.48,25.48,25.47,25.48,200
FEIC,20110322,32.55,33.1,32.31,32.35,255400
FEIM,20110322,11.1,11.1,10.72,10.96,52400
FELE,20110322,21.075,21.105,20.825,20.96,58400
FFBC,20110322,16.39,16.46,16.2,16.25,146300
FFBCW,20110322,6.32,6.33,6.32,6.33,3600
FFBH,20110322,2.85,2.99,2.75,2.82,28400
FFCH,20110322,10.33,10.44,10.18,10.23,18500
FFCO,20110322,13.51,13.51,13.51,13.51,0
FFEX,20110322,3.38,3.5,3.38,3.46,20000
FFHL,20110322,4.1,4.3,4,4.3,41200
FFIC,20110322,14.88,14.9,14.55,14.55,50300
FFIN,20110322,33.4667,33.6333,33.3667,33.4067,17700
FFIV,20110322,95.14,96.6,91.1,91.67,10296700
FFKT,20110322,7.36,7.4,7.25,7.34,3100
FFKY,20110322,3.8,3.81,3.8,3.81,700
FFNM,20110322,3.87,3.89,3.49,3.49,600
FFNW,20110322,5.81,5.85,5.62,5.66,32800
FHCO,20110322,4.76,4.87,4.75,4.87,32600
FIBK,20110322,13.9,14.16,13.89,14.1,17200
FINL,20110322,17.66,17.84,17.5,17.59,755100
FIRE,20110322,25.29,25.95,25.01,25.79,312200
FISI,20110322,17.53,17.58,17.31,17.43,22600
FISV,20110322,60.53,60.83,60.38,60.53,550000
FITB,20110322,13.97,14.25,13.85,13.85,13659200
FITBP,20110322,152.5,152.5,150.5,150.5,52300
FIZZ,20110322,13.46,13.74,13.46,13.74,25600
FLDM,20110322,15.58,15.8,14.67,15.13,39100
FLEX,20110322,7.19,7.31,7.16,7.18,6392200
FLIC,20110322,26.87,26.87,26.61,26.73,4900
FLIR,20110322,32.93,33.83,32.91,33.53,1227000
FLML,20110322,6.13,6.13,5.89,5.98,62400
FLOW,20110322,4.38,4.38,4.27,4.3,164300
FLWS,20110322,2.73,2.76,2.71,2.75,63000
FLXS,20110322,14.79,14.86,14.66,14.75,4500
FMBI,20110322,11.46,11.55,11.44,11.48,855100
FMCN,20110322,28.35,28.85,28.02,28.49,1645500
FMER,20110322,16.78,16.92,16.67,16.74,800200
FMFC,20110322,4.05,4.14,4.05,4.1,1700
FNBN,20110322,0.29,0.32,0.29,0.3,91000
FNFG,20110322,14.16,14.28,14.06,14.08,1715300
FNGN,20110322,25.06,25.39,24.96,25.1,64700
FNLC,20110322,14.05,14.37,14.01,14.31,8900
FNSR,20110322,21.95,22.22,21.45,21.48,3184000
FOLD,20110322,6.11,6.14,5.99,6.14,3900
FONE,20110322,27.7,27.7,27.48,27.53,8100
FONR,20110322,1.66,1.69,1.62,1.68,35800
FORD,20110322,4.09,4.1,3.99,3.99,18400
FORM,20110322,9.77,10.09,9.53,9.87,855700
FORR,20110322,37.25,38,37.1,37.91,220100
FORTY,20110322,18.24,18.69,18.24,18.6,6300
FOSL,20110322,81.8,83.66,81.24,83.04,749300
FRBK,20110322,3.02,3.05,2.98,3,7300
FRED,20110322,13,13.13,12.84,12.84,298100
FREE,20110322,28.1,28.3,27.7,28.3,5200
FRME,20110322,8.7,8.72,8.29,8.29,33500
FRP,20110322,18.81,19.08,18.8,18.86,29900
FSBK,20110322,4.91,5,4.91,4.91,14000
FSCI,20110322,27.55,29.25,27.43,29.01,27700
FSFG,20110322,15.99,16,15.85,15.85,400
FSGI,20110322,0.84,0.9,0.84,0.9,1400
FSLR,20110322,151.42,152.01,147.69,149,965400
FSRV,20110322,34.96,34.96,34.28,34.72,35700
FSTR,20110322,41.69,41.72,40.64,41.28,42900
FSYS,20110322,24.95,24.97,24.28,24.45,115200
FTEK,20110322,9.22,9.22,8.9,8.97,95500
FTNT,20110322,21.97,21.97,20.95,21.15,606900
FUBC,20110322,6.87,6.95,6.81,6.84,207000
FULL,20110322,8.65,8.84,8.2,8.4,17000
FULT,20110322,11.01,11.14,10.83,10.83,818700
FUNC,20110322,3.1,3.15,3.1,3.15,6700
FUND,20110322,7.89,7.92,7.87,7.88,24400
FURX,20110322,16.21,16.34,15.9,16.32,32200
FWLT,20110322,35.86,36.17,35.04,35.34,1646900
FWRD,20110322,28.3,28.36,27.68,27.91,130900
FXCB,20110322,13.2,13.75,13.19,13.71,282600
FXEN,20110322,7.94,8.08,7.8,7.92,448200
GABC,20110322,16.6,16.85,16.56,16.77,9700
GAGA,20110322,8.94,8.94,8.67,8.72,20300
GAI,20110322,7.18,7.2,7.13,7.15,1600
GAIA,20110322,6.53,6.58,6.31,6.35,15100
GAIN,20110322,7.6,7.69,7.52,7.52,38200
GAME,20110322,6.44,6.53,6.37,6.43,558200
GASS,20110322,6.14,6.15,5.91,5.92,28300
GBCI,20110322,15.78,15.83,15.36,15.38,491500
GBDC,20110322,16.77,16.77,16.6,16.6,12300
GBLI,20110322,21.23,21.43,21.12,21.19,17600
GBNK,20110322,1.27,1.27,1.22,1.26,19400
GCBC,20110322,18.01,18.01,18.01,18.01,100
GCFB,20110322,3.54,3.73,3.48,3.5,7000
GCOM,20110322,11.03,11.2,10.92,11.08,30000
GENC,20110322,7.76,7.78,7.75,7.75,1000
GENE,20110322,2.26,2.34,2.21,2.3,7200
GENT,20110322,10.7,11.33,10.7,11.3,88500
GERN,20110322,4.9,4.91,4.76,4.8,956400
GEVO,20110322,18.5,19.4,18.32,19.2,30500
GFED,20110322,5.8,5.8,5.8,5.8,0
GFN,20110322,3.17,3.21,3.13,3.2,3600
GFNCL,20110322,3.23,3.23,3.23,3.23,0
GGAL,20110322,12.93,13.03,12.8,12.88,172600
GHDX,20110322,23.77,24.58,23.77,24.35,104100
GIFI,20110322,31.74,32.09,31.51,31.97,84700
GIGA,20110322,2.44,2.44,2.43,2.44,200
GIGM,20110322,1.13,1.21,1.12,1.16,441800
GIII,20110322,34.7,35.44,34.33,35.44,156900
GILD,20110322,20.12,20.275,19.955,20.22,6627000
GILT,20110322,4.88,4.95,4.86,4.88,17200
GIVN,20110322,18.96,19.04,18.71,18.9,48200
GKNT,20110322,24.07,24.7,23.52,23.52,8100
GLAD,20110322,11.22,11.22,11,11.15,50700
GLBS,20110322,8.25,8.25,8.08,8.08,1300
GLBZ,20110322,7.99,7.99,7.99,7.99,0
GLCH,20110322,1.83,1.87,1.82,1.82,103100
GLDC,20110322,3.12,3.12,3.12,3.12,200
GLDD,20110322,7.4,7.43,7.24,7.27,221400
GLNG,20110322,23.93,24.87,23.77,24.15,1530400
GLPW,20110322,24.75,25.75,23.77,25.51,196300
GLRE,20110322,26.96,26.98,26.57,26.68,91900
GLUU,20110322,3.62,3.67,3.55,3.63,605700
GMAN,20110322,16.22,16.42,16.04,16.1,59000
GMCR,20110322,61.51,62.35,61.18,61.97,2258800
GMETP,20110322,12,14,12,14,200
GNCMA,20110322,10.19,10.22,10.09,10.09,163300
GNMK,20110322,3.72,3.95,3.72,3.9,17400
GNTX,20110322,28.01,28.11,27,27.58,945900
GNVC,20110322,0.38,0.41,0.36,0.38,1926900
GOLD,20110322,73.42,74.26,72.92,74.05,315300
GOOD,20110322,18.46,18.48,18.25,18.43,17600
GOODO,20110322,24.5,24.5,24.5,24.5,0
GOODP,20110322,24.95,24.95,24.95,24.95,0
GOOG,20110322,577.5,579.23,572.51,577.32,1887100
GPIC,20110322,6.72,6.91,6.7,6.89,11100
GPOR,20110322,33.79,34.26,31.75,32.2,1454500
GPRC,20110322,5.6,5.68,4.72,5,100300
GPRE,20110322,12.05,12.23,11.85,12.09,110400
GRID,20110322,33.9,33.93,33.85,33.88,1200
GRIF,20110322,30.11,30.29,30.1,30.1,1300
GRMN,20110322,33.78,33.91,33.66,33.76,656400
GROW,20110322,8.15,8.15,8.02,8.06,16900
GRVY,20110322,1.98,2,1.95,2,15100
GSBC,20110322,20.82,21.21,20.82,20.94,10000
GSIG,20110322,10.52,11,10.52,10.69,52900
GSIT,20110322,8.44,8.64,8.4,8.55,147200
GSM,20110322,21.99,22.67,21.91,22.65,608400
GSOL,20110322,10.12,10.5,10.1,10.43,115700
GTIM,20110322,2.05,2.05,2.05,2.05,0
GTIV,20110322,28.25,28.41,27.44,27.79,165800
GTLS,20110322,50,50.34,47.54,48.58,400600
GTXI,20110322,2.44,2.5,2.42,2.48,75100
GUID,20110322,8.48,8.71,8.44,8.71,65700
GULF,20110322,15.92,16.15,15.92,16.11,6300
GYRO,20110322,72.25,72.25,69.97,71.04,3000
HA,20110322,6.38,6.43,6.08,6.08,923400
HAFC,20110322,1.21,1.24,1.18,1.18,417600
HAIN,20110322,30.06,30.08,29.88,29.98,198800
HALL,20110322,8.37,8.42,8.31,8.31,23300
HALO,20110322,6.26,6.26,5.79,6.06,1325900
HAS,20110322,46.58,46.7,45.97,45.98,688200
HAST,20110322,5.23,5.23,5.14,5.17,12100
HAUP,20110322,2.04,2.1,2.02,2.08,50200
HAYN,20110322,53.6,54.57,52.72,53.37,162500
HBAN,20110322,6.63,6.68,6.51,6.57,11209900
HBANP,20110322,1163.7,1163.7,1163.7,1163.7,0
HBCP,20110322,13.71,13.71,13.63,13.63,2900
HBHC,20110322,32.31,32.78,32.3,32.72,3301800
HBIO,20110322,4.85,4.99,4.85,4.88,52600
HBNC,20110322,12.9645,12.9689,12.0178,12.9467,1500
HBNK,20110322,12.72,12.72,12.7,12.7,4000
HBOS,20110322,12.95,12.95,12.95,12.95,100
HCBK,20110322,9.94,10.03,9.9,9.95,10104500
HCCI,20110322,12.73,12.94,12.65,12.78,4600
HCKT,20110322,3.81,3.85,3.72,3.77,38300
HCSG,20110322,17.02,17.27,17.02,17.26,205500
HDNG,20110322,13.62,13.62,13.25,13.39,67400
HDSN,20110322,1.97,1.98,1.92,1.92,21800
HEES,20110322,17.96,17.96,17.17,17.2,122700
HELE,20110322,27.4,27.57,26.91,27.42,108000
HEOP,20110322,3.53,3.53,3.53,3.53,200
HERO,20110322,5.83,5.95,5.73,5.87,4101900
HFBC,20110322,9.25,9.25,9.12,9.14,2300
HFBL,20110322,13.17,13.17,13.17,13.17,0
HFFC,20110322,11.01,11.1,11,11.1,1000
HFWA,20110322,14.17,14.33,14.17,14.27,10200
HGSH,20110322,2.55,2.6,2.52,2.53,8700
HIBB,20110322,31.32,31.7,30.98,31.55,464300
HIFS,20110322,48.83,49.2,48.83,49.2,200
HIHO,20110322,3.22,3.28,3.21,3.21,8000
HILL,20110322,2.3,2.38,2.3,2.34,264100
HIMX,20110322,2.43,2.44,2.42,2.43,65600
HITK,20110322,19.76,20.14,19.76,19.84,126100
HITT,20110322,58.44,59.21,58.32,58.79,120500
HLIT,20110322,8.65,8.66,8.44,8.5,464100
HMIN,20110322,40.7,40.99,39.72,39.95,347700
HMNF,20110322,2.82,2.82,2.82,2.82,0
HMPR,20110322,23.75,24,22.75,23,117000
HMSY,20110322,27.31,27.3933,26.9,27.1033,93000
HNH,20110322,11.6,11.71,11.5,11.65,29000
HNRG,20110322,10.87,10.88,10.78,10.78,2100
HNSN,20110322,1.99,2,1.92,1.92,251200
HOFT,20110322,12.16,12.17,11.84,11.97,23600
HOGS,20110322,15.27,15.5,15.18,15.39,457900
HOLI,20110322,12.38,12.75,12.18,12.66,431800
HOLL,20110322,1.75,1.84,1.75,1.8,31900
HOLX,20110322,22.01,22.07,21.8,21.84,2872900
HOMB,20110322,22.08,22.1,21.89,22.01,137300
HOME,20110322,11.37,11.6,11.36,11.49,33400
HOTT,20110322,5.5,5.5,5.26,5.28,782100
HOVNP,20110322,7.12,7.21,7.1,7.21,15400
HPCCP,20110322,25.7,25.97,25.7,25.97,600
HPJ,20110322,3.05,3.05,2.93,2.95,31900
HPOL,20110322,0.98,1,0.97,0.97,800
HRZN,20110322,16.21,16.45,16,16.07,37400
HSIC,20110322,67.03,67.31,66.88,67.1,185100
HSII,20110322,26.3,26.48,25.22,25.53,58600
HSKA,20110322,6.54,6.54,6.25,6.25,3100
HSNI,20110322,30.77,30.84,30.19,30.52,318600
HSOL,20110322,7.19,7.21,7,7,882600
HSTM,20110322,7.59,7.77,7.59,7.75,37900
HTBK,20110322,4.91,4.97,4.67,4.81,5800
HTCH,20110322,2.47,2.54,2.43,2.46,153900
HTCO,20110322,9.28,9.32,9.2,9.29,13100
HTHT,20110322,18.96,19.29,16.66,16.97,410800
HTLD,20110322,16.86,16.99,16.77,16.84,282600
HTLF,20110322,15.71,16.19,15.68,15.97,28600
HTWR,20110322,90.03,91.17,89.37,90.48,56700
HUBG,20110322,35,35,34.28,34.32,68600
HURC,20110322,30.59,30.79,30.3,30.5,31700
HURN,20110322,26.64,26.64,24,25.82,40500
HWAY,20110322,15.57,15.62,15.4,15.5,55400
HWBK,20110322,8.82,8.82,8.82,8.82,200
HWCC,20110322,14.32,14.54,14.3,14.36,42800
HWKN,20110322,40.13,40.27,39.48,40.03,32700
HYGS,20110322,4.61,4.61,4.48,4.51,8400
IACI,20110322,29.51,29.56,29.2,29.34,552800
IART,20110322,46.66,47.18,46.58,46.8,91800
IBB,20110322,95.03,95.37,94.36,94.65,191300
IBCA,20110322,2.64,2.64,2.55,2.63,42300
IBCP,20110322,3.14,3.15,2.9,2.95,148500
IBCPO,20110322,15.5,15.5,15.5,15.5,0
IBKC,20110322,56.12,57.33,56.12,56.98,151200
IBKR,20110322,15.99,16.12,15.81,15.82,223100
IBOC,20110322,18.57,18.57,18.12,18.15,181600
ICAD,20110322,1.13,1.13,1.06,1.12,157600
ICCC,20110322,3.52,3.52,3.52,3.52,0
ICFI,20110322,21.24,21.9,20.51,20.69,335900
ICGE,20110322,12.92,13.1,12.91,12.93,66000
ICLN,20110322,17.78,17.78,17.53,17.59,21600
ICLR,20110322,20.89,21.2,20.87,21.07,154200
ICON,20110322,20.43,20.65,19.89,19.9,487700
ICUI,20110322,42.23,42.48,41.88,42.14,24900
IDCC,20110322,43.3,44.37,43.07,43.26,663900
IDIX,20110322,2.8,2.8,2.74,2.77,46100
IDRA,20110322,2.66,2.73,2.5,2.63,44300
IDSA,20110322,10.46,10.74,10.16,10.16,29400
IDSY,20110322,4.31,4.56,4.26,4.56,60100
IDTI,20110322,7.15,7.17,7.01,7.06,1096200
IDXX,20110322,76.75,76.94,76.08,76.37,143100
IESC,20110322,3.67,3.67,3.53,3.56,7600
IFAS,20110322,30.45,30.69,30.16,30.49,4000
IFEU,20110322,32.28,32.65,32.24,32.54,9600
IFGL,20110322,31.13,31.13,30.89,31.04,19900
IFNA,20110322,41.93,41.93,41.93,41.93,0
IFON,20110322,0.89,0.93,0.88,0.9,20100
IFSM,20110322,38.92,38.92,38.68,38.87,8900
IGLD,20110322,29.54,29.54,28.79,29.21,2200
IGOI,20110322,33.24,33.6,30.72,30.96,569700
IGOV,20110322,105.63,105.9,105.55,105.9,12500
IGTE,20110322,18.04,18.19,17.91,18.04,197000
III,20110322,2.2,2.21,2.17,2.2,64800
IIIN,20110322,13.27,13.28,13.1,13.19,77100
IIJI,20110322,7.56,7.56,7.42,7.49,6900
IILG,20110322,15.4,15.55,15.24,15.5,55000
IIN,20110322,3.93,3.93,3.93,3.93,0
IIVI,20110322,24.025,24.1,23.83,23.875,275700
IKAN,20110322,1.16,1.24,1.15,1.23,142500
IKNX,20110322,8.26,8.94,8.26,8.26,300
ILMN,20110322,63.16,63.65,63.05,63.18,1779300
IMGN,20110322,8.5,8.66,8.39,8.6,375600
IMKTA,20110322,19.67,19.81,19.57,19.65,21600
IMMR,20110322,6.71,6.77,6.6,6.64,84900
IMMU,20110322,3.34,3.61,3.34,3.52,1169600
IMOS,20110322,8.04,8.35,7.75,8.1,310700
IMRS,20110322,7.25,7.45,7.17,7.42,81400
INAP,20110322,6.53,6.59,6.37,6.43,139200
INCY,20110322,14.02,14.1,13.86,14.01,372200
INDB,20110322,26.59,26.92,26.55,26.68,17300
INDY,20110322,27.57,27.69,27.49,27.51,51700
INFA,20110322,47.8,47.99,47.3,47.98,744700
INFI,20110322,5.5,5.55,5.49,5.55,5100
INFN,20110322,7.65,8.18,7.56,8,2414700
ININ,20110322,36.44,36.5,35.42,35.89,34800
INOC,20110322,1.5,1.5,1.5,1.5,0
INOD,20110322,2.48,2.48,2.37,2.41,130000
INPH,20110322,5.9,6.33,5.57,6.13,314700
INSM,20110322,0.5,0.5,0.5,0.5,0
INTC,20110322,20.18,20.21,19.98,20.15,45973800
INTG,20110322,21,21,20.99,21,10000
INTL,20110322,24.38,24.62,24.18,24.59,21800
INTT,20110322,3.57,3.62,3.45,3.55,30900
INTU,20110322,50.35,50.4,49.73,49.81,2099700
INTX,20110322,10.75,10.85,10.74,10.84,14800
INVE,20110322,2.63,2.75,2.61,2.74,54400
INWK,20110322,8.31,8.32,8.02,8.03,146900
IOSP,20110322,28.6,28.6,28.01,28.07,43400
IPAR,20110322,18.1,18.21,17.95,18.07,12700
IPAS,20110322,1.6,1.6,1.55,1.55,158600
IPCC,20110322,56.2,57.33,56.2,57.1,32500
IPCI,20110322,4.49,4.5,4.28,4.45,12700
IPCM,20110322,44.85,45.94,44.31,44.63,74200
IPGP,20110322,52.98,53.5,51.79,52.48,132400
IPHS,20110322,40.47,41.18,39.66,41.04,113400
IPXL,20110322,23.93,24.05,23.56,23.91,736300
IRBT,20110322,30,30.12,29.65,29.81,136000
IRDM,20110322,8.35,8.35,8.19,8.21,232300
IRDMZ,20110322,1.3,1.3,1.3,1.3,0
IRIX,20110322,3.96,4.02,3.95,4.02,13900
IRWD,20110322,13.3,13.49,13.25,13.36,163400
ISBC,20110322,14.75,14.75,14.38,14.41,208200
ISCA,20110322,29.91,30.27,29.58,29.72,69800
ISHG,20110322,108.37,108.41,108.14,108.41,2600
ISIG,20110322,6.75,6.91,6.65,6.75,151200
ISIL,20110322,11.76,11.92,11.66,11.86,1073000
ISIS,20110322,8.71,8.79,8.6,8.67,450800
ISLE,20110322,9.62,9.62,9.44,9.54,49900
ISNS,20110322,13.58,13.58,13.58,13.58,100
ISRG,20110322,325.14,328.56,322.31,323.91,291000
ISRL,20110322,61.15,61.6,61.14,61.14,600
ISSC,20110322,5.75,5.92,5.75,5.92,500
ISSI,20110322,8.96,9.02,8.81,8.83,199600
ITIC,20110322,31.6,31.99,31.49,31.99,2500
ITMN,20110322,44.29,44.29,43.67,44.05,578000
ITRI,20110322,51.63,51.76,51.38,51.52,225000
ITRN,20110322,15.52,15.61,15.35,15.41,21100
IVAC,20110322,12,12.17,11.91,12.05,49600
IVAN,20110322,3.04,3.05,2.96,3.01,814100
IXYS,20110322,12.61,12.81,12.46,12.46,69800
JACK,20110322,22.41,22.88,22.22,22.26,374900
JADE,20110322,3.8,3.9,3.53,3.64,549000
JAKK,20110322,18.45,18.65,18.24,18.33,100200
JASO,20110322,33.8,33.95,32.65,32.95,6648300
JAXB,20110322,6.49,6.5,6.49,6.5,2100
JAZZ,20110322,29.99,30,29.13,29.41,602000
JBHT,20110322,43.46,43.66,43.18,43.28,427200
JBLU,20110322,6.02,6.04,5.79,5.87,4356800
JBSS,20110322,11.67,11.73,11.44,11.51,13900
JCOM,20110322,29.35,29.42,28.95,29.19,126800
JCS,20110322,14.08,14.49,14.08,14.47,4300
JCTCF,20110322,10.45,10.52,10.44,10.44,800
JDSU,20110322,19.22,19.56,18.66,18.71,17014200
JFBI,20110322,3.54,3.54,3.43,3.45,2900
JJSF,20110322,45.69,46.19,45.5,45.99,25500
JKHY,20110322,31.82,32.1,31.67,31.79,243700
JMBA,20110322,2.11,2.11,2.04,2.05,205700
JOBS,20110322,57.61,58.99,57.36,58.53,56200
JOEZ,20110322,0.92,0.92,0.8,0.85,1497300
JOSB,20110322,46.23,46.3,45.59,45.64,305400
JOUT,20110322,15.76,15.76,15.66,15.66,6100
JRCC,20110322,22.35,23.97,22.24,23.6,4286000
JRJC,20110322,4.67,4.7,4.63,4.63,70200
JST,20110322,11.51,11.74,11.5,11.73,46800
JVA,20110322,6.78,6.99,6.31,6.34,482700
JXSB,20110322,12.5,12.5,12.49,12.5,500
KALU,20110322,48.89,49.01,48.31,48.7,199000
KBALB,20110322,6.5,6.74,6.39,6.7,68700
KCAP,20110322,7.58,7.86,7.58,7.84,120400
KCLI,20110322,30.7,31.22,30.7,31.15,7300
KELYA,20110322,20.8,20.8,20.03,20.19,82100
KELYB,20110322,20.05,20.05,20.05,20.05,0
KEQU,20110322,11.5,11.5,11.16,11.5,1600
KERX,20110322,4.22,4.38,4.21,4.33,1084000
KEYN,20110322,18.16,18.5,17.96,18.36,77100
KEYW,20110322,12.43,12.43,12.24,12.31,19400
KFFB,20110322,8.76,8.76,8.4,8.4,2200
KFRC,20110322,17.12,17.18,16.66,16.68,73000
KGJI,20110322,2.46,2.53,2.39,2.53,116100
KINS,20110322,3.14,3.14,3.07,3.09,1200
KIPS,20110322,6.54,6.68,6.36,6.55,3200
KIRK,20110322,14.74,14.74,14.48,14.5,82100
KLAC,20110322,45.91,46.01,45.15,45.56,1497100
KLIC,20110322,8.8,8.88,8.69,8.82,940300
KNDI,20110322,3.75,3.75,3.57,3.6,64300
KONA,20110322,4.24,4.37,4.07,4.36,7400
KONE,20110322,2.1,2.16,2.05,2.08,14500
KONG,20110322,9.57,9.59,9.16,9.42,353800
KOOL,20110322,2.1,2.14,2.07,2.07,111300
KOPN,20110322,4.17,4.2,4.14,4.19,139300
KOSS,20110322,7.36,7.49,7.36,7.4,1000
KRNY,20110322,9.57,9.6,9.48,9.49,11600
KSWS,20110322,10.29,10.29,9.98,9.99,152200
KTCC,20110322,4.92,4.97,4.81,4.9,49400
KTEC,20110322,22,22.04,21.87,21.95,28100
KTOS,20110322,14.11,14.11,13.05,13.4,200000
KUTV,20110322,3,3,2.91,2.91,11300
KVHI,20110322,13.93,14.01,13.87,13.92,16600
LABC,20110322,14.98,14.98,14.98,14.98,0
LABL,20110322,19.93,20.1,19.67,19.98,15600
LACO,20110322,2.99,2.99,2.85,2.85,22400
LAKE,20110322,8.65,8.79,8.53,8.67,62700
LAMR,20110322,36.99,37.25,36.44,36.63,366700
LANC,20110322,58.76,58.83,58.29,58.48,56600
LARK,20110322,16.65,16.65,16.65,16.65,200
LAWS,20110322,22.25,23.16,21.99,22.7,38900
LAYN,20110322,32.42,32.78,32.42,32.68,33900
LBAI,20110322,10.29,10.31,10,10.03,24200
LBIX,20110322,3.31,3.39,3.23,3.39,4300
LBTYA,20110322,40.94,41.59,40.63,41.1,1627300
LBTYB,20110322,42.5,42.5,42.5,42.5,0
LBTYK,20110322,39.28,39.98,39.05,39.24,350800
LCAV,20110322,6.73,6.84,6.7,6.83,22400
LCUT,20110322,13.13,13.43,13.11,13.26,21300
LEAP,20110322,14.2,14.23,13.77,14.04,2567200
LECO,20110322,36.99,37,36.33,36.545,124300
LEDR,20110322,2.29,2.6,2.29,2.6,11200
LEDS,20110322,16.36,16.53,16.26,16.49,63400
LFUS,20110322,54.26,54.66,53.48,53.48,63000
LGCY,20110322,31.75,31.76,31.27,31.38,72500
LGND,20110322,9.71,9.82,9.55,9.81,58600
LHCG,20110322,28.49,28.69,28,28.45,71200
LIFE,20110322,50.31,50.45,49.96,50.05,1598100
LIME,20110322,4.78,4.82,4.7,4.73,22100
LINC,20110322,15,15.58,14.99,15.46,186900
LINE,20110322,39.05,39.09,38.8,38.98,796600
LINTA,20110322,15.66,15.85,15.54,15.62,2276100
LINTB,20110322,15.55,15.55,15.55,15.55,0
LION,20110322,7.85,7.9,7.82,7.89,600
LIOX,20110322,3.39,3.4,3.16,3.17,261200
LIVE,20110322,3.8,3.85,3.8,3.8,2100
LIWA,20110322,9.51,9.9,8.87,8.87,473900
LKFN,20110322,21.85,22.19,21.66,22.12,24500
LLEN,20110322,7.26,7.33,6.99,7.02,429700
LLNW,20110322,6.2,6.26,6.11,6.13,1057800
LLTC,20110322,32.81,33.15,32.66,32.84,1195300
LMAT,20110322,6.71,6.71,6.5,6.62,50100
LMCA,20110322,73.51,74.29,72.54,73.68,376600
LMIA,20110322,18.84,19.2,18.77,19.09,19700
LMNR,20110322,22.26,23.25,22.14,23.12,11300
LMNX,20110322,18.25,18.43,18.15,18.19,79400
LNBB,20110322,5.59,5.64,5.59,5.63,400
LNCE,20110322,19.31,19.57,19.3,19.56,167500
LNDC,20110322,6.21,6.31,6.04,6.29,47900
LOAN,20110322,1.49,1.5,1.49,1.5,1500
LOCM,20110322,3.5,3.57,3.43,3.46,212800
LOGI,20110322,18.51,18.55,18.32,18.41,675400
LOGM,20110322,36.07,36.4,35.87,35.89,332100
LOJN,20110322,5.34,5.34,5.16,5.18,92800
LONG,20110322,13.1,13.9,13.1,13.46,14600
LOOK,20110322,1.64,1.7,1.55,1.56,20600
LOPE,20110322,14.8,14.86,14.35,14.51,337000
LORL,20110322,76.68,76.96,75.5,76.11,44000
LPHI,20110322,7.42,7.83,7.25,7.74,201500
LPLA,20110322,35.8,35.8,35.2,35.43,97200
LPNT,20110322,39.44,39.48,38.53,38.77,307100
LPSB,20110322,9.74,9.74,9.74,9.74,0
LPSN,20110322,11.45,11.5,11.11,11.23,365300
LPTH,20110322,1.32,1.32,1.23,1.27,3600
LQDT,20110322,16.02,16.32,16.02,16.09,27700
LRAD,20110322,2.55,2.63,2.52,2.58,52600
LRCX,20110322,52.05,52.08,50.95,51.08,1993900
LSBI,20110322,15.76,15.76,15.76,15.76,0
LSBK,20110322,10.45,10.45,10.45,10.45,0
LSCC,20110322,5.96,5.97,5.83,5.84,1281500
LSTR,20110322,44.46,44.63,44,44.17,258100
LTBR,20110322,6.31,6.5,6.03,6.06,196100
LTON,20110322,1.4,1.42,1.34,1.38,24600
LTRE,20110322,8.61,8.65,8.5,8.62,5100
LTRX,20110322,3.54,3.62,3.53,3.62,1900
LTXC,20110322,8.17,8.22,7.8,8.12,405000
LUFK,20110322,86.99,87.59,86,87.35,256100
LULU,20110322,38.38,38.905,38.18,38.605,1403000
LUNA,20110322,1.77,1.77,1.77,1.77,2100
LWAY,20110322,8.78,8.99,8.78,8.95,5700
LXRX,20110322,1.76,1.8,1.71,1.72,1081600
LYTS,20110322,7.63,7.63,7.46,7.5,47800
MAGS,20110322,3.15,3.23,3.05,3.09,659700
MAKO,20110322,21.63,22,21.53,21.75,423100
MANH,20110322,30.38,30.39,30.17,30.33,23500
MANT,20110322,42.01,42.61,42.01,42.18,54900
MARPS,20110322,21.55,21.75,21.5,21.75,1100
MASC,20110322,6.75,7,6.75,6.86,32100
MASI,20110322,31.51,32.11,31.51,31.88,498100
MAT,20110322,24.76,24.89,24.55,24.58,4138300
MATW,20110322,37.06,37.17,36.76,37.02,54300
MAXY,20110322,5.06,5.11,5.05,5.1,200600
MBFI,20110322,20.12,20.14,19.7,19.81,101500
MBLX,20110322,9.18,9.31,9.07,9.1,108000
MBND,20110322,5.36,5.65,5.18,5.39,236000
MBRG,20110322,15.43,15.58,15.11,15.58,2800
MBTF,20110322,1.65,1.7,1.6,1.65,9800
MBVT,20110322,24.87,25.24,24.76,25.11,34700
MBWM,20110322,10,10.24,9.83,9.84,28600
MCBC,20110322,3.13,3.2,3.04,3.05,39700
MCBI,20110322,6.6,6.6,6.24,6.24,8900
MCGC,20110322,6.32,6.37,6.23,6.34,296300
MCHP,20110322,36.15,36.4,35.97,36.08,972800
MCHX,20110322,8.41,8.41,7.85,7.89,91500
MCOX,20110322,27.1,27.85,26,26.1,203500
MCRI,20110322,10.09,10.23,10.03,10.17,11000
MCRL,20110322,12.82,12.95,12.77,12.85,167900
MCRS,20110322,48.08,48.08,47.44,47.53,157600
MDAS,20110322,15.06,15.27,14.98,15,644500
MDCA,20110322,16.31,16.48,16.13,16.27,25500
MDCI,20110322,8.53,8.7,8.51,8.58,40500
MDCO,20110322,15.92,16.34,15.84,16.19,249600
MDH,20110322,2.51,2.55,2.5,2.54,4500
MDRX,20110322,21.35,21.49,21.15,21.21,1095600
MDSO,20110322,25.31,25.69,25.11,25.21,174600
MDVN,20110322,17.12,17.14,16.64,16.92,232400
MEAD,20110322,3.58,3.58,3.58,3.58,300
MEAS,20110322,31.77,32,31.39,31.85,69300
MELA,20110322,3.03,3.03,2.86,2.93,173500
MELI,20110322,66.52,67.97,65.68,67.27,443500
MEMS,20110322,3.42,3.42,3.28,3.36,36000
MENT,20110322,14.79,15.13,14.79,14.98,1013000
MEOH,20110322,29.55,29.71,29.48,29.53,486700
MERC,20110322,13.42,13.65,13.28,13.34,337800
MERU,20110322,20.63,21.16,20.59,20.82,103200
METR,20110322,12.42,12.58,12.3,12.3,12300
MFI,20110322,4.42,4.5,4.42,4.42,1400
MFLR,20110322,8,8,7.93,7.93,3800
MFLX,20110322,27.21,27.31,26.15,26.3,33000
MFNC,20110322,6,6.5,6,6.15,4700
MFRI,20110322,11.79,12.24,11.79,11.98,3300
MFSF,20110322,9.49,9.5,9.44,9.44,400
MGAM,20110322,5.62,5.75,5.62,5.75,92400
MGEE,20110322,39.75,40.17,39.64,40.05,61200
MGIC,20110322,5.62,5.64,5.27,5.42,583700
MGLN,20110322,46.75,46.76,46.42,46.42,252800
MGPI,20110322,8.11,8.28,8.11,8.19,17200
MGRC,20110322,27.05,27.09,26.77,26.93,23900
MGYR,20110322,4.12,4.12,4.12,4.12,0
MHGC,20110322,9.54,9.6,9.25,9.43,105800
MHLD,20110322,7.52,7.59,7.48,7.49,144200
MIDD,20110322,86.25,87.32,85.36,85.62,73000
MIND,20110322,10.97,11.18,10.96,11.1,18100
MINI,20110322,22.46,23.08,22.45,22.92,148700
MITL,20110322,5,5.03,4.87,4.91,9000
MKSI,20110322,31.16,31.48,31.01,31.17,422400
MKTAY,20110322,43.25,44.73,43.25,44.3,8400
MKTX,20110322,22.47,22.49,22.16,22.17,78300
MLAB,20110322,29.71,29.71,29.71,29.71,0
MLHR,20110322,23.88,24.46,23.87,24.16,343200
MLNK,20110322,5.35,5.35,5.18,5.2,185600
MLNX,20110322,25.25,25.9,25,25.2,184300
MLVF,20110322,8,8,8,8,0
MMLP,20110322,39.76,40.45,39.47,40.14,136600
MMSI,20110322,15.08,15.288,15.072,15.264,233000
MMUS,20110322,4.6,4.74,4.6,4.74,6200
MMYT,20110322,26.17,26.78,25.8,26.51,86300
MNDO,20110322,3.1,3.15,3.07,3.14,109700
MNKD,20110322,3.6,3.87,3.58,3.64,2472900
MNOV,20110322,4.24,4.25,3.57,3.57,40100
MNRK,20110322,6.775,6.9917,6.7583,6.9917,1300
MNRO,20110322,31.72,31.72,31.07,31.31,307800
MNST,20110322,27.39,27.595,27.215,27.505,1066400
MNTA,20110322,14.55,14.59,14.22,14.39,355800
MNTG,20110322,2.28,2.45,2.28,2.41,19800
MNTX,20110322,6.32,6.33,5.98,6.16,106900
MOBI,20110322,9.5,9.7,9.22,9.48,332900
MOCO,20110322,12.95,13.66,12.95,13.54,45100
MOFG,20110322,14,14,13.7,13.85,5200
MOLX,20110322,24.88,24.89,24.52,24.65,676500
MOLXA,20110322,20.49,20.58,20.25,20.29,196800
MORN,20110322,58.18,58.5,57.88,58.13,90700
MOSY,20110322,5.55,5.59,5.54,5.57,32600
MOVE,20110322,8.96,9,8.08,8.12,1368600
MPAA,20110322,13.8,13.99,13.62,13.95,30000
MPAC,20110322,5.05,5.25,4.91,5.25,2900
MPB,20110322,8.99,8.99,8.99,8.99,0
MPEL,20110322,7.3,7.47,7.25,7.31,4036400
MPET,20110322,2.44,2.58,2.39,2.56,236500
MPWR,20110322,13.4,13.45,13,13.19,363000
MRCY,20110322,19.39,19.5,19.14,19.27,90600
MRGE,20110322,4.42,4.45,4.34,4.4,304100
MRLN,20110322,11.88,11.96,11.84,11.87,15200
MRTN,20110322,21.35,21.62,21.14,21.52,33600
MRVL,20110322,15.5,15.81,15.17,15.63,15490600
MSBF,20110322,5.8,5.8,5.8,5.8,100
MSCC,20110322,20.18,20.35,19.35,19.88,1245700
MSEX,20110322,18.06,18.06,17.93,17.98,18800
MSFG,20110322,9.43,9.69,9.28,9.63,49100
MSFT,20110322,25.31,25.46,25.23,25.3,30903600
MSG,20110322,27.48,27.78,27.17,27.46,247400
MSON,20110322,2.1,2.14,2.1,2.12,24800
MSPD,20110322,8.04,8.19,8.03,8.1,665700
MSTR,20110322,119.38,121.49,119.37,119.77,62200
MTEX,20110322,16.9,17.2,16.7,16.7,7100
MTRX,20110322,13.7,13.84,13.66,13.69,34200
MTSC,20110322,43.41,43.47,42.6,42.8,27400
MTSL,20110322,1.78,1.79,1.78,1.79,800
MTSN,20110322,2.24,2.29,2.13,2.18,664200
MU,20110322,10.27,10.37,10.16,10.35,35925700
MVIS,20110322,10.48,10.48,9.84,9.92,833400
MVISW,20110322,0.38,0.38,0.36,0.36,3900
MWIV,20110322,76.25,76.8,75.97,76.74,36100
MXIM,20110322,24.77,24.96,24.55,24.71,1568900
MXWL,20110322,16.25,16.42,16.15,16.38,255600
MYGN,20110322,19.24,19.33,19.02,19.21,976300
MYL,20110322,21.81,22.11,21.72,22.06,5788600
MYRG,20110322,24.85,25.15,24.65,24.67,84200
NAFC,20110322,38.36,38.45,37.72,37.76,38400
NAII,20110322,5.5,5.55,5.47,5.5,2400
NANO,20110322,16.67,16.68,16.36,16.53,188600
NASB,20110322,13.9,14.25,13.7,14,3400
NATH,20110322,17.44,17.61,17.44,17.48,800
NATI,20110322,31.64,32.05,31.64,31.95,805200
NATL,20110322,20.34,20.77,20.1,20.52,18200
NATR,20110322,8.97,9.1,8.95,9.09,19000
NAUH,20110322,6.65,6.91,6.65,6.88,7500
NAVG,20110322,50.38,50.51,49.91,50,32300
NAVR,20110322,1.93,1.96,1.86,1.94,16600
NBBC,20110322,4.94,5.01,4.75,4.9,10200
NBIX,20110322,6.72,6.79,6.52,6.58,207700
NBN,20110322,14.53,14.74,14.5,14.52,4900
NBTB,20110322,22.28,22.51,22.15,22.27,48400
NBTF,20110322,21.2,21.2,21.2,21.2,0
NCBC,20110322,4.92,4.98,4.9,4.98,1000
NCIT,20110322,23.02,23.25,22.7,23.19,12000
NCMI,20110322,17.54,17.54,16.64,16.65,347200
NCTY,20110322,6.62,6.62,6.33,6.4,33200
NDAQ,20110322,25.4,25.5,25.12,25.15,1386600
NDSN,20110322,54.645,54.98,53.66,53.935,78400
NECB,20110322,5.78,5.94,5.78,5.88,1500
NEOG,20110322,40.15,41.49,39.8,41.1,132200
NEPT,20110322,2.27,2.32,2.21,2.22,13500
NETC,20110322,9.19,9.35,9,9.05,74900
NEWL,20110322,2.3,2.3,2.3,2.3,0
NEWP,20110322,16.49,16.9,16.35,16.7,343600
NEWS,20110322,10.81,10.84,10.39,10.46,51700
NEWT,20110322,1.62,1.66,1.62,1.66,4300
NFBK,20110322,13.63,13.68,13.41,13.64,29200
NFEC,20110322,3.1,3.1,2.85,3.07,4800
NFLX,20110322,220.77,222.7,218,221.39,6754600
NFSB,20110322,13.83,13.83,13.75,13.75,300
NGPC,20110322,9.54,9.74,9.5,9.68,86900
NHTB,20110322,13.2,13.2,13.07,13.07,3300
NICE,20110322,35.84,36.09,35.72,35.75,409500
NICK,20110322,12.04,12.23,12.02,12.06,1200
NIHD,20110322,38.48,39.52,38.45,39.05,1983200
NILE,20110322,53.24,53.4,51.54,51.83,161800
NINE,20110322,1.38,1.38,1.38,1.38,0
NKSH,20110322,28.1,28.2,27.98,28.03,4100
NKTR,20110322,8.65,8.73,8.5,8.6,382400
NLST,20110322,2.34,2.34,2.24,2.26,110900
NMRX,20110322,8.47,8.95,8.47,8.9,20200
NNBR,20110322,15.5,15.67,15.09,15.62,275600
NOVB,20110322,10.5,10.51,10.45,10.5,1000
NPBC,20110322,7.67,7.71,7.6,7.65,227800
NPSP,20110322,7.81,7.86,7.5,7.57,770300
NRCI,20110322,31.88,32.88,31.87,32.25,4900
NRIM,20110322,19.06,19.22,18.95,18.95,1900
NSEC,20110322,12.65,12.65,12.65,12.65,0
NSIT,20110322,17.01,17.19,16.86,16.99,206000
NSPH,20110322,3.09,3.14,3.04,3.04,23300
NSSC,20110322,2.21,2.23,2.21,2.21,400
NSYS,20110322,4.2,4.2,4.2,4.2,0
NTAP,20110322,48.69,48.84,47.72,48.1,3850600
NTCT,20110322,26,26.68,25.68,25.84,310500
NTES,20110322,46.11,46.45,45.29,45.86,349800
NTGR,20110322,31.85,31.92,31.19,31.47,236800
NTIC,20110322,13.26,14.43,13.26,14.35,2400
NTLS,20110322,18.73,18.77,18.43,18.52,243700
NTRI,20110322,13.58,13.91,13.44,13.76,392600
NTRS,20110322,50.5,50.8,50.33,50.44,785300
NTSC,20110322,7.28,7.35,7.24,7.24,6600
NTSP,20110322,9.89,9.99,9.23,9.25,889700
NTWK,20110322,16.7,17,16.6,16.8,236700
NUAN,20110322,17.7,17.8,17.4,17.54,1521000
NUCL,20110322,42.29,42.29,41.71,41.92,10400
NURO,20110322,2.88,2.94,2.76,2.76,4600
NUTR,20110322,14.85,14.88,14.74,14.75,12100
NUVA,20110322,25.49,26.25,25.04,25.06,550600
NVAX,20110322,2.59,2.69,2.59,2.62,1479000
NVDA,20110322,17.71,17.88,17.37,17.44,17968500
NVEC,20110322,54.6,54.91,53.95,54.27,39600
NVGN,20110322,0.8,1.24,0.76,0.91,429400
NVMI,20110322,9.78,9.81,9.46,9.73,152600
NVSL,20110322,8.21,8.21,8.21,8.21,0
NVTL,20110322,5.36,5.4,5.25,5.3,149000
NWBI,20110322,12.35,12.39,12.3,12.3,231000
NWFL,20110322,26.6,26.82,26.6,26.82,700
NWLI,20110322,159.41,159.41,158.54,158.54,1200
NWPX,20110322,23.02,23.47,22.62,23.25,42200
NWS,20110322,17.65,17.9,17.54,17.68,3888500
NWSA,20110322,16.88,16.98,16.63,16.72,12637900
NXPI,20110322,27.61,27.93,27.02,27.22,812100
NXST,20110322,7.44,7.72,7.43,7.52,46400
NXTM,20110322,21.19,22.4,21.18,22,831800
NYMT,20110322,7.06,7.25,7.03,7.25,22300
NYMX,20110322,6.76,7.14,6.66,7.08,127400
NYNY,20110322,0.61,0.62,0.59,0.59,105400
OABC,20110322,15.78,15.8,15.69,15.72,27500
OBAF,20110322,14.22,14.25,14.22,14.25,4600
OBAS,20110322,8.55,8.55,8.5,8.5,1900
OBCI,20110322,2.1,2.17,2.1,2.17,300
OCFC,20110322,13.6,13.67,13.5,13.52,9700
OCLR,20110322,10.66,10.72,10.16,10.41,3077100
OCLS,20110322,13.65,13.86,13.44,13.86,25500
OCZ,20110322,7.81,7.98,7.46,7.62,583300
ODFL,20110322,22.8267,22.9333,22.5733,22.66,163100
OFED,20110322,12,12.12,12,12.12,200
OFIX,20110322,32.21,32.4,31.44,32.17,45300
OFLX,20110322,13.7,14.21,13.37,13.53,5300
OGXI,20110322,15.6,15.95,15.41,15.49,23800
OIIM,20110322,7.83,7.83,7.59,7.62,164800
OINK,20110322,4.43,4.54,4.31,4.4,32900
OKSB,20110322,13.64,14.01,13.57,13.83,26200
OKSBP,20110322,27.1,27.1,27.06,27.06,400
OLBK,20110322,9.33,9.33,9.33,9.33,300
OMAB,20110322,14.59,14.79,14.59,14.66,43200
OMCL,20110322,13.85,14,13.85,13.94,72200
OMER,20110322,6.04,6.14,6.02,6.05,22200
OMEX,20110322,2.45,2.5,2.42,2.45,126500
OMPI,20110322,12.39,12.5,12.29,12.45,26900
ONCY,20110322,5.8,5.8,5.71,5.75,107200
ONEQ,20110322,106.37,106.57,105.67,105.67,8800
ONFC,20110322,8.52,8.95,8.5,8.76,2000
ONNN,20110322,9.82,9.84,9.68,9.76,8098500
ONTY,20110322,3.59,3.77,3.58,3.71,319800
ONVI,20110322,4.09,4.09,4.09,4.09,0
ONXX,20110322,36.16,36.46,35.07,35.4,622400
OPEN,20110322,92.28,93.25,90.1,92.63,883000
OPHC,20110322,2.46,2.46,2.46,2.46,200
OPLK,20110322,20.3,20.68,19.3,19.36,407100
OPOF,20110322,11.55,11.62,11.55,11.62,1300
OPTR,20110322,12.04,12.04,11.55,11.81,438500
OPTT,20110322,5.23,5.54,5.17,5.32,85800
OPXA,20110322,7.6,7.68,7,7,111200
ORBC,20110322,3.27,3.31,3.16,3.22,38300
ORBK,20110322,13.28,13.35,13.1,13.21,61800
ORBT,20110322,3.03,3.17,3.03,3.05,3300
ORCL,20110322,31.36,31.54,31.06,31.13,20051900
OREX,20110322,2.83,2.85,2.76,2.79,584800
ORIT,20110322,12.63,12.65,12.53,12.54,66000
ORLY,20110322,56.25,56.58,56.04,56.51,847800
ORRF,20110322,27.13,27.52,27.09,27.44,13700
OSBC,20110322,0.95,0.98,0.95,0.95,9500
OSBCP,20110322,2.52,2.9,2.52,2.74,2200
OSHC,20110322,12.49,12.95,12.49,12.95,16000
OSIR,20110322,6.63,6.67,6.55,6.58,45500
OSIS,20110322,36.49,37.22,36.4,37.08,37200
OSN,20110322,3.45,3.6,3.38,3.6,35700
OSTK,20110322,14.72,14.9,14.55,14.83,63700
OSUR,20110322,7,7.06,6.86,7,46800
OTEX,20110322,57.73,57.73,56.85,57.55,134200
OTIV,20110322,2.53,2.53,2.45,2.47,35600
OTT,20110322,19.11,19.14,19.01,19.12,26100
OTTR,20110322,22.07,22.17,21.94,22.02,51200
OUTD,20110322,7.42,7.53,7.4,7.48,13600
OVBC,20110322,22,22.02,21.29,21.29,2000
OVLY,20110322,5.91,5.91,5.91,5.91,0
OVRL,20110322,2.01,2.02,1.94,2,159100
OVTI,20110322,31.65,32.1,31.06,31.48,1758600
OXBT,20110322,2.01,2.08,2,2.04,10300
OXGN,20110322,2.22,2.22,2.01,2.09,92500
OXLC,20110322,17.5,17.52,17.11,17.5,12400
OZRK,20110322,21.77,21.915,21.695,21.845,43200
PAAS,20110322,35.74,36,35.1,35.55,1193600
PACB,20110322,13.63,14.22,13.62,14.2,47900
PACR,20110322,4.91,4.93,4.8,4.85,136100
PACW,20110322,21.16,21.72,21.16,21.32,197800
PAGG,20110322,32.01,32.19,31.7,31.78,42000
PANL,20110322,46.65,50.66,46.43,50.6,1361600
PATH,20110322,8.22,8.29,8,8.05,6100
PATK,20110322,2.28,2.34,2.28,2.31,3100
PATR,20110322,25.24,26.92,25.24,26.64,10400
PAYX,20110322,32.06,32.16,31.81,31.92,2655600
PBCT,20110322,12.35,12.44,12.32,12.43,2439100
PBHC,20110322,10.15,10.15,10.15,10.15,0
PBIB,20110322,8.08,8.2,8.03,8.07,3000
PBIP,20110322,7.34,7.95,6.68,6.92,21000
PCAR,20110322,50.29,50.38,48.88,49.26,2856500
PCBK,20110322,9.87,9.96,9.81,9.88,9400
PCCC,20110322,8.14,8.22,8.01,8.05,34200
PCH,20110322,38.12,38.47,37.75,37.81,171700
PCLN,20110322,458.22,462.19,448.72,455.7,1331900
PCOM,20110322,9.28,9.43,9.13,9.4,59900
PCRX,20110322,7.3,7.3,6.99,7.01,12900
PCTI,20110322,7.09,7.17,7.06,7.13,16000
PCYC,20110322,5.36,5.36,5.27,5.29,109700
PCYO,20110322,3.87,3.92,3.86,3.9,700
PDCO,20110322,31.71,31.81,31.3,31.44,931400
PDEX,20110322,2.43,2.43,2.43,2.43,0
PDFS,20110322,6.84,6.84,6.38,6.43,60700
PDII,20110322,8.86,8.86,8.4,8.48,9500
PDLI,20110322,5.53,5.6,5.45,5.49,2164000
PEBK,20110322,6.63,6.63,6.63,6.63,0
PEBO,20110322,12.07,12.19,12.05,12.1,7000
PEGA,20110322,34.16,34.62,33.78,34.19,136100
PEIX,20110322,0.7,0.71,0.69,0.69,1086700
PENN,20110322,35.08,35.52,34.41,34.43,643200
PENX,20110322,5.9,5.94,5.89,5.89,9000
PEOP,20110322,13.56,13.69,13.56,13.69,700
PERF,20110322,9.99,10,9.92,9.92,1200
PERY,20110322,25.11,25.9,25.03,25.86,163100
PESI,20110322,1.5,1.57,1.44,1.46,1041600
PETM,20110322,40.61,41.1,40.52,40.78,758200
PETS,20110322,14.6,14.68,14.41,14.49,254300
PFBC,20110322,1.45,1.51,1.45,1.49,105000
PFBI,20110322,7.16,7.35,7.05,7.1,8900
PFBX,20110322,16.1,16.2,16.1,16.16,900
PFIN,20110322,3.29,3.32,3.29,3.3,5300
PFSW,20110322,3.09,3.32,3.08,3.31,43600
PGC,20110322,13.39,13.39,13.12,13.12,4000
PGNX,20110322,6.09,6.1,6.01,6.05,62200
PGTI,20110322,2.34,2.38,2.32,2.32,18100
PHII,20110322,23.03,23.03,22.85,22.85,300
PHIIK,20110322,22.06,22.16,22.03,22.09,13000
PHMD,20110322,5.67,5.67,5.67,5.67,0
PICO,20110322,29,29.26,28.64,28.68,58800
PKBK,20110322,9.45,9.45,8.75,9.15,27800
PKOH,20110322,20.21,20.99,20.09,20.39,28600
PLAB,20110322,7.8,7.87,7.25,7.83,3947700
PLBC,20110322,2.65,2.89,2.37,2.4,2300
PLCC,20110322,1.29,1.29,1,1.16,29300
PLCE,20110322,47.11,47.83,47.02,47.05,293800
PLCM,20110322,25.06,25.26,24.75,25.19,1326600
PLNR,20110322,2.5,2.57,2.46,2.46,20900
PLPC,20110322,62.6,62.62,61.78,61.92,11600
PLTM,20110322,32.09,32.09,31.8,31.92,16800
PLUG,20110322,0.66,0.66,0.63,0.66,270700
PLUS,20110322,26.23,26.36,25.91,25.91,9000
PLXS,20110322,29.79,30.44,29.77,30.33,379900
PLXT,20110322,3.66,3.66,3.61,3.64,144400
PMBC,20110322,4.33,4.33,4.18,4.3,7800
PMCS,20110322,7.51,7.55,7.34,7.36,5117200
PMD,20110322,9.26,9.35,9.2,9.34,9500
PMFG,20110322,18.16,18.34,17.97,18.33,20100
PMNA,20110322,12.03,12.29,11.99,12,24500
PMTC,20110322,21.81,22.09,21.64,21.75,1395900
PMTI,20110322,13.72,13.93,13.72,13.85,60900
PNBK,20110322,2.09,2.17,2.09,2.15,1700
PNFP,20110322,15.91,16,15.77,15.77,120800
PNNT,20110322,11.79,11.8,11.56,11.74,296900
PNQI,20110322,36.31,36.5,36.31,36.5,3800
PNRA,20110322,119.02,119.71,116.65,117.75,290700
PNRG,20110322,25.52,25.52,25.27,25.41,1400
PNTR,20110322,5.2,5.2,5.2,5.2,0
PODD,20110322,19.04,19.11,18.8,19.01,200600
POOL,20110322,23.96,24.13,23.91,23.95,237900
POPE,20110322,42.28,45,42.28,45,8200
POWI,20110322,37.64,37.8,37.38,37.5,136900
POWL,20110322,36,37.1,36,36.98,166900
POWR,20110322,6.97,7.01,6.72,6.9,86200
POZN,20110322,4.77,4.79,4.67,4.75,106400
PPBI,20110322,6.87,6.92,6.87,6.92,900
PPHM,20110322,2.27,2.35,2.25,2.32,346800
PRAA,20110322,82.4,83,81.26,81.27,31000
PRAN,20110322,3.29,4.5,3.21,3.68,36536900
PRCP,20110322,6.3,6.3,6.13,6.28,18000
PRFT,20110322,11.49,11.49,11.27,11.36,154800
PRFZ,20110322,67.05,67.2,66.51,66.79,15900
PRGO,20110322,76.4,76.77,75.68,75.8,543300
PRGS,20110322,27.32,27.76,27.22,27.52,453600
PRGX,20110322,6.38,6.42,6.24,6.28,52400
PRIM,20110322,9.18,9.2,9.11,9.17,39600
PRKR,20110322,0.94,0.94,0.85,0.94,91800
PRLS,20110322,3.31,3.31,3.22,3.24,1400
PRMW,20110322,13.23,13.35,12.66,12.69,107200
PROV,20110322,8.27,8.29,8.25,8.27,2500
PRPH,20110322,1.2,1.2,1.1,1.12,6900
PRSC,20110322,15.09,15.81,15.09,15.51,13900
PRTS,20110322,7.83,7.83,7.59,7.73,37900
PRXI,20110322,1.79,1.81,1.74,1.79,64500
PRXL,20110322,23.9,24,23.66,23.9,188900
PSAU,20110322,46.65,47.05,46.25,46.93,2800
PSBH,20110322,5.27,5.27,5.27,5.27,0
PSDV,20110322,3.94,4,3.91,3.91,9700
PSEC,20110322,12.14,12.18,12.01,12.07,795500
PSEM,20110322,9.51,9.64,9.35,9.42,21000
PSMT,20110322,33.16,33.27,32.63,32.86,191200
PSTB,20110322,4.9,4.9,4.52,4.64,210400
PSTI,20110322,2.54,2.63,2.5,2.56,368200
PSTR,20110322,5.06,5.2,4.99,5.1,138100
PSUN,20110322,3.59,3.66,3.53,3.55,693200
PTEK,20110322,0.62,0.62,0.62,0.62,0
PTEN,20110322,27.94,28.01,27.26,27.53,2252100
PTIE,20110322,8.73,8.75,8.61,8.72,275000
PTIX,20110322,2,2.23,2,2,15500
PTNR,20110322,19.12,19.13,19.01,19.11,202100
PTRY,20110322,14.03,14.03,13.72,13.8,186500
PTSI,20110322,11.8,12.4,11.69,11.97,15100
PTSX,20110322,0.64,0.64,0.64,0.64,0
PULB,20110322,7.39,7.39,7.39,7.39,0
PURE,20110322,1.51,1.54,1.45,1.45,177000
PVFC,20110322,1.95,1.95,1.95,1.95,22600
PVTB,20110322,15.47,15.59,15.22,15.31,191700
PVTBP,20110322,26.16,26.35,26.05,26.1,6500
PWER,20110322,8.45,8.48,8.13,8.29,3358700
PWOD,20110322,36.78,36.89,36.54,36.54,3700
PWRD,20110322,21.38,22.46,21.38,22.35,364100
PWX,20110322,15.81,15.81,15.81,15.81,100
PXLW,20110322,3.32,3.33,3.29,3.31,6800
PZZA,20110322,30.29,30.64,30.17,30.23,100500
PZZI,20110322,1.98,2.05,1.94,2.01,6300
QABA,20110322,24.97,25,24.77,24.79,5000
QADA,20110322,10.18,10.49,10.05,10.11,30800
QADB,20110322,10.1,10.35,10.1,10.19,7000
QBAK,20110322,1.76,1.77,1.76,1.77,2000
QCCO,20110322,4.15,4.22,4.09,4.12,26300
QCLN,20110322,16.19,16.23,16.11,16.13,9400
QCOM,20110322,53.55,53.76,52.35,52.49,13856500
QCOR,20110322,13.27,13.46,13.1,13.38,441700
QCRH,20110322,7.92,8.39,7.92,8.06,800
QDEL,20110322,11.83,12.07,11.51,11.73,135400
QGEN,20110322,19.44,19.54,19.4,19.47,828800
QKLS,20110322,68.4,70.8,68.16,68.4,58200
QLGC,20110322,17.23,17.29,16.96,17.02,1217000
QLIK,20110322,23.55,23.97,23.2,23.28,1090300
QLTI,20110322,6.8,6.83,6.7,6.73,35900
QLTY,20110322,12.16,12.39,11.79,12.12,188300
QNST,20110322,23.25,23.55,23.07,23.09,136500
QQEW,20110322,24.22,24.22,24.11,24.14,91700
QQQ,20110322,55.57,55.61,55.28,55.4,36251200
QQQX,20110322,14.32,14.35,14.25,14.27,32400
QQXT,20110322,21.64,21.64,21.53,21.53,3800
QSII,20110322,39.6,40.285,39.335,40.255,298200
QTEC,20110322,26.08,26.1,25.92,25.99,177500
QTWW,20110322,4.37,4.55,4.25,4.37,113700
QUIK,20110322,4.77,4.81,4.58,4.65,123800
RADA,20110322,3.18,3.18,3.17,3.17,2100
RAIL,20110322,31.51,31.61,31.17,31.45,89700
RAND,20110322,2.96,2.96,2.96,2.96,200
RAVN,20110322,28.425,29.07,28.325,28.95,76500
RBCAA,20110322,19.43,19.43,18.47,18.49,38300
RBCN,20110322,26.3,26.81,26,26.56,552600
RBNF,20110322,3.05,3.08,3.05,3.05,1300
RBPAA,20110322,1.77,1.85,1.77,1.85,7100
RCII,20110322,33.96,34.2,33.51,33.7,398100
RCKB,20110322,16.34,16.34,16.34,16.34,0
RCKY,20110322,14.47,14.74,14.02,14.16,58200
RCMT,20110322,5.18,5.2,5.13,5.16,30900
RCON,20110322,3.7,3.8,3.61,3.8,3500
RDA,20110322,12.59,12.85,12.59,12.75,12300
RDCM,20110322,11.03,11.03,10.21,10.4,35900
RDEN,20110322,28.56,28.67,27.76,28.08,61600
RDI,20110322,4.9,4.9,4.86,4.88,2400
RDIB,20110322,6.04,6.04,6.04,6.04,0
RDNT,20110322,3.53,3.59,3.49,3.58,88200
RDWR,20110322,18.27,18.33,17.58,17.82,138900
RECN,20110322,19.36,19.39,18.09,18.35,383000
REDF,20110322,5.75,6.75,5.71,6.59,1636200
REFR,20110322,6.79,7.11,6.62,6.64,59800
REGN,20110322,39.57,40.15,39.36,39.95,383000
REIS,20110322,7.42,7.92,7.38,7.92,3100
RELL,20110322,13,13,12.96,12.99,21100
RELV,20110322,2.01,2.07,1.98,1.99,2000
RENT,20110322,25.68,25.68,24.92,25.22,22400
REXI,20110322,6.38,6.42,6.22,6.42,17200
REXX,20110322,11.38,11.67,11.3,11.57,596000
RFIL,20110322,4.08,4.15,3.95,3.95,9700
RFMD,20110322,6.16,6.19,6.1,6.13,2552800
RGCO,20110322,15.625,15.8,15.625,15.625,700
RGDX,20110322,2.13,2.19,2.1,2.19,3400
RGEN,20110322,3.78,3.84,3.78,3.8,79000
RGLD,20110322,50.26,51.21,50,51.15,475800
RICK,20110322,10.38,10.38,10.15,10.2,20400
RIGL,20110322,6.85,6.86,6.75,6.77,148300
RIMG,20110322,15.22,15.26,15,15.07,27300
RITT,20110322,4.82,4.84,4.82,4.84,1200
RIVR,20110322,14.87,14.87,14.87,14.87,0
RJET,20110322,6.18,6.19,6,6.15,283900
RLOC,20110322,21.74,21.74,20.44,20.95,218900
RLOG,20110322,7.69,8.16,7.46,8.1,8700
RMBS,20110322,19.29,19.41,18.98,19.05,533900
RMCF,20110322,10.3,10.47,10.29,10.29,3600
RMKR,20110322,1.18,1.25,1.18,1.21,3900
RMTI,20110322,9.02,9.12,9.02,9.09,10400
RNET,20110322,19.52,19.91,18.23,18.31,25000
RNIN,20110322,6,6.05,5.65,5.9,179700
RNST,20110322,15.93,15.93,15.64,15.77,19000
RNWK,20110322,3.97,3.99,3.88,3.9,276500
ROCK,20110322,10.88,11.29,10.88,11.25,89000
ROCM,20110322,10.57,10.83,10.45,10.77,12700
ROIA,20110322,1.79,1.85,1.78,1.78,3300
ROIAK,20110322,1.76,1.78,1.68,1.7,322500
ROIC,20110322,11.24,11.25,11.07,11.07,162900
ROICW,20110322,1.13,1.13,1.1,1.13,13200
ROLL,20110322,34.41,35.21,33.96,35.2,93900
ROMA,20110322,10.8,10.88,10.78,10.85,8500
ROSE,20110322,45.28,45.95,44.56,45.32,488300
ROSG,20110322,7.65,8.1,7.65,7.8,18300
ROST,20110322,34.3,34.45,33.97,33.995,1232000
ROVI,20110322,54.79,55.45,54.35,54.58,1419300
ROYL,20110322,4.87,6.07,4.76,6.02,6031300
RP,20110322,25.11,26.09,24.67,25.87,167100
RPRX,20110322,5.38,5.38,5.13,5.23,190900
RPTP,20110322,3.56,3.56,3.47,3.48,18800
RRD,20110322,18.13,18.15,17.88,17.98,2007800
RRGB,20110322,25.43,26.14,25.19,26.06,338200
RRST,20110322,7.51,7.52,7.41,7.41,2200
RSOL,20110322,2.41,2.44,2.4,2.4,12500
RSTI,20110322,37.65,37.73,37.17,37.26,80600
RSYS,20110322,8.52,8.52,8.44,8.5,24900
RTEC,20110322,10.25,10.73,10.07,10.1,114600
RTIX,20110322,2.75,2.85,2.73,2.83,158800
RUE,20110322,28.73,28.91,28.02,28.38,280100
RUSHA,20110322,19.23,19.5,19.21,19.44,138700
RUSHB,20110322,16.89,16.89,16.75,16.83,1000
RUTH,20110322,4.86,4.95,4.81,4.94,188900
RVBD,20110322,38.62,38.97,35.96,36.21,6963000
RVSB,20110322,3.02,3.07,3.02,3.04,13200
RYAAY,20110322,27.56,27.6,27.04,27.21,476100
SAAS,20110322,3.08,3.08,3.02,3.02,10900
SAFM,20110322,47.01,48,47.01,47.53,447200
SAFT,20110322,45.01,45.15,44.81,44.88,76900
SAIA,20110322,15.73,15.8,15.37,15.46,149000
SALM,20110322,3.78,3.85,3.78,3.85,3700
SANM,20110322,10.1,10.42,10.1,10.29,2157700
SANW,20110322,4.13,4.15,4.06,4.13,5500
SANWW,20110322,0.4,0.4,0.4,0.4,0
SANWZ,20110322,0.15,0.15,0.15,0.15,0
SAPE,20110322,11.02,11.1,10.54,10.64,1103900
SASR,20110322,18.28,18.45,17.88,17.98,31800
SATS,20110322,35.39,35.44,34.92,35.37,457400
SBAC,20110322,37.18,37.9,36.44,36.94,5081400
SBBX,20110322,5.95,6,5.94,6,2000
SBCF,20110322,1.54,1.58,1.54,1.57,60400
SBGI,20110322,12.23,12.41,11.91,12.07,429500
SBLK,20110322,36.9,37.2,36.3,36.75,78800
SBNY,20110322,54.59,54.97,53.94,54.01,92400
SBNYW,20110322,33.47,33.47,33.47,33.47,0
SBRA,20110322,18.16,18.29,17.85,17.92,94600
SBSA,20110322,0.99,1.01,0.93,0.94,84100
SBSI,20110322,21.75,21.81,21.6,21.74,16800
SBUX,20110322,35.24,35.25,34.8,34.95,6042500
SCBT,20110322,32.18,32.4,31.79,32,10500
SCHL,20110322,31.31,32,31.31,31.56,94900
SCHN,20110322,63.23,64.98,62.85,64.35,335400
SCLN,20110322,3.81,3.9,3.8,3.9,152800
SCMP,20110322,3.94,4.01,3.91,3.96,19500
SCOK,20110322,10.41,10.5,10.19,10.44,123800
SCON,20110322,32.16,34.44,30.72,34.32,582500
SCOR,20110322,28.1,28.15,27.8,27.97,443500
SCSC,20110322,36.12,36.83,35.81,36.41,76100
SCSS,20110322,11.55,11.69,11.2,11.41,539000
SCVL,20110322,18.1333,18.3467,18,18.1733,44800
SDBT,20110322,2.6,2.6,2.6,2.6,33900
SDIX,20110322,2.17,2.18,2.12,2.13,74600
SEAC,20110322,9.23,9.26,9.16,9.25,146600
SEED,20110322,7.84,7.9,7.73,7.82,60700
SEIC,20110322,22.63,22.83,22.6,22.69,590900
SENEA,20110322,28.25,28.91,28.19,28.8,51400
SENEB,20110322,27.5,27.5,27.5,27.5,0
SFLY,20110322,43.48,45.13,43.34,44.61,824200
SFNC,20110322,27.73,27.73,27.25,27.25,14000
SFST,20110322,7.9,7.9,7.9,7.9,100
SGC,20110322,11.2,11.2,11.2,11.2,1300
SGEN,20110322,14.82,14.87,14.44,14.57,509400
SGI,20110322,17.8,17.85,17.27,17.32,529700
SGMA,20110322,5.59,5.69,5.41,5.63,1800
SGMO,20110322,7.58,7.94,7.51,7.51,479300
SGMS,20110322,8.81,9.09,8.47,8.48,1101500
SGOC,20110322,4.2,4.2,4.05,4.05,9300
SGRP,20110322,1.78,1.9,1.68,1.9,14100
SHBI,20110322,9.8,10.05,9.8,10,7200
SHEN,20110322,17.41,17.84,17.36,17.83,66700
SHFL,20110322,10.77,10.83,9.99,10.31,904800
SHIP,20110322,0.65,0.65,0.64,0.65,81600
SHLD,20110322,79.83,79.84,77.62,78.13,1137100
SHLM,20110322,23.12,23.14,22.89,23,79500
SHLO,20110322,11.22,11.32,10.95,11.22,8100
SHOO,20110322,29.4,29.4067,28.86,29.0267,87500
SHOR,20110322,7.63,7.65,7.5,7.59,130700
SIAL,20110322,63.28,63.49,62.96,63.41,738000
SIEB,20110322,1.81,1.81,1.81,1.81,0
SIFI,20110322,9.5,9.66,9.5,9.66,4000
SIFY,20110322,3.38,3.67,3.34,3.52,1889400
SIGA,20110322,12.12,12.15,11.65,12.02,624400
SIGI,20110322,16.82,16.97,16.58,16.62,78300
SIGM,20110322,12.43,12.54,12.29,12.43,170900
SILC,20110322,17.71,17.71,17.45,17.64,10600
SIMG,20110322,8.83,9.18,8.75,9.02,971800
SIMO,20110322,7.85,7.86,7.5,7.51,183300
SINA,20110322,93.07,94.77,91.65,94.7,2944100
SINO,20110322,2.1,2.1,2.06,2.06,900
SIRI,20110322,1.72,1.72,1.7,1.71,21804200
SIRO,20110322,49.21,49.37,48.8,49.15,405800
SIVB,20110322,54.66,54.85,54.12,54.53,738300
SIVBO,20110322,24.26,24.29,24.15,24.15,2800
SKBI,20110322,5.45,5.5,5.03,5.47,44900
SKYW,20110322,16.64,16.73,16.32,16.39,164000
SLAB,20110322,42.43,42.56,42.01,42.14,330800
SLGN,20110322,37.5,37.66,37.08,37.31,117700
SLMAP,20110322,42.84,43.14,42.63,42.64,16600
SLP,20110322,3.12,3.12,3,3.03,22400
SLRC,20110322,23.39,23.54,23.05,23.15,148700
SLTC,20110322,5.5,5.7,5.44,5.58,1900
SLTM,20110322,3.24,3.3,3.2,3.29,206800
SLXP,20110322,33.88,33.91,32.73,33.12,546300
SMBC,20110322,23.85,23.95,23.8,23.9,3800
SMCI,20110322,15.14,15.56,15.14,15.31,213000
SMED,20110322,4.62,4.86,4.62,4.77,45300
SMIT,20110322,3.94,3.94,3.94,3.94,100
SMMF,20110322,4.05,4.05,3.7,3.85,6000
SMRT,20110322,9.96,9.98,9.83,9.91,116700
SMSI,20110322,8.59,8.83,8.5,8.79,356200
SMT,20110322,9.31,9.4,9.26,9.38,190600
SMTC,20110322,23.53,23.75,23.46,23.57,270000
SMTX,20110322,2.83,2.9,2.73,2.73,155600
SNAK,20110322,3.96,4,3.85,3.99,63000
SNBC,20110322,3.31,3.35,3.26,3.29,206900
SNCR,20110322,33.4,33.57,32.22,32.35,236800
SNDK,20110322,44.13,44.24,43.1,43.49,5356400
SNFCA,20110322,1.78,1.78,1.78,1.78,100
SNHY,20110322,27.02,27.94,27.0133,27.06,91400
SNMX,20110322,5.85,6.02,5.81,5.96,93600
SNPS,20110322,27.16,27.27,27.01,27.1,597600
SNSS,20110322,1.79,1.95,1.79,1.88,408600
SNTA,20110322,5.07,5.27,5.04,5.16,133000
SNTS,20110322,3.3,3.3,3.24,3.27,172400
SOCB,20110322,3.54,3.54,3.35,3.52,500
SODA,20110322,41.76,42.27,41.1,41.75,227500
SOFO,20110322,14.4,14.63,14.15,14.39,1100
SOHU,20110322,79.86,80.65,78.9,80.15,771900
SOMH,20110322,8.75,8.75,8.75,8.75,800
SONA,20110322,7.29,7.29,7.25,7.27,105000
SONC,20110322,9.25,9.25,8.9,9.08,1567600
SONS,20110322,3.45,3.74,3.43,3.72,6640700
SORL,20110322,6.65,6.66,6.46,6.58,36200
SOXX,20110322,57.43,57.75,57.14,57.23,229800
SPAN,20110322,15.37,15.8,15.3,15.8,6100
SPAR,20110322,6.41,6.5,6.41,6.48,137600
SPBC,20110322,11.06,11.06,10.85,10.89,2600
SPCHA,20110322,2.02,2.02,2.02,2.02,0
SPCHB,20110322,2.24,2.24,2.24,2.24,0
SPEX,20110322,8.6,8.8,8,8.6,23000
SPIL,20110322,6.22,6.32,6.09,6.15,2008900
SPIR,20110322,4.43,4.72,4.35,4.65,9800
SPLS,20110322,19.98,20.18,19.75,19.84,10928900
SPMD,20110322,6.8,6.84,6.3,6.52,204800
SPNC,20110322,4.48,4.55,4.44,4.46,201800
SPNS,20110322,4,4.13,3.88,4.12,5500
SPPI,20110322,8,8.05,7.82,8.03,833200
SPPR,20110322,1.71,1.78,1.7,1.75,6600
SPPRO,20110322,26.77,26.77,26.52,26.52,300
SPPRP,20110322,9.59,9.59,9.55,9.58,1400
SPRD,20110322,19.35,19.5,19,19.27,696600
SPRO,20110322,2.21,2.34,2.21,2.34,6600
SPRT,20110322,5.6,5.67,5.51,5.58,37900
SPSC,20110322,14.36,15.4,14.36,15.31,24200
SPTN,20110322,14.86,15.16,14.84,14.95,65600
SPU,20110322,4.39,4.42,4.23,4.34,85600
SQI,20110322,13,13.49,12.7,13.26,4000
SQNM,20110322,5.93,5.98,5.84,5.9,966400
SQQQ,20110322,112.56,114.32,112.36,113.6,789100
SRCE,20110322,18.63,18.73,18.59,18.59,13100
SRCL,20110322,85.83,86.35,85.49,85.7,283400
SRDX,20110322,12.64,12.78,12.44,12.49,38400
SSBI,20110322,6.9,6.97,6.9,6.96,9400
SSFN,20110322,6.25,6.3,5.91,6.2,11100
SSNC,20110322,19.33,20.11,19.33,19.78,127800
SSRI,20110322,28.74,29.19,28.42,28.94,1058300
SSRX,20110322,16.04,16.2,15.64,15.85,35400
SSYS,20110322,48.89,49.38,45.72,46.14,478400
STAA,20110322,5.51,5.55,5.44,5.48,39700
STAN,20110322,17.97,18.05,17.82,17.98,70500
STBA,20110322,21.09,21.39,21.09,21.2,36500
STEC,20110322,19.43,19.44,18.7,18.87,1082200
STEI,20110322,7.53,7.57,7.39,7.5,139900
STEL,20110322,14.24,14.26,13.92,13.96,37700
STEM,20110322,0.85,0.87,0.85,0.86,436500
STFC,20110322,17.23,17.39,17.08,17.34,18300
STKL,20110322,6.64,6.74,6.59,6.64,75000
STLD,20110322,18.1,18.3,17.95,18.11,1772000
STLY,20110322,5.17,5.47,5.16,5.39,25900
STMP,20110322,12.83,12.88,12.6,12.72,16100
STND,20110322,14.77,14.89,14.77,14.89,2200
STNR,20110322,45.35,47.7,45.21,47.26,129600
STRA,20110322,131.25,132.49,129.25,130.96,438200
STRL,20110322,15.14,15.25,14.97,15.19,103200
STRM,20110322,1.8,1.9,1.8,1.9,16700
STRN,20110322,7.7,7.78,7.7,7.78,3000
STRS,20110322,13.15,13.15,13.15,13.15,500
STRT,20110322,33.45,33.49,32.19,32.29,1600
STSA,20110322,16.94,17.19,16.68,17.11,36100
STX,20110322,13.5,13.63,13.4,13.46,6699000
STXS,20110322,36.4,37.2,35.4,37.1,243100
SUBK,20110322,20.92,20.92,20.61,20.67,8900
SUMR,20110322,7.1,7.1,6.95,7.04,26300
SUNS,20110322,18.79,19.4,18.72,19.3,649400
SUPX,20110322,21.28,21.3,21.1,21.22,13700
SURG,20110322,5.78,6,5.73,5.78,380700
SUSQ,20110322,9.19,9.23,9.05,9.07,329800
SUTR,20110322,1.66,1.67,1.6,1.61,143000
SVA,20110322,4.45,4.5,4.35,4.39,58000
SVBI,20110322,4.94,4.94,4.53,4.53,1400
SVNT,20110322,9.38,9.4,9.26,9.37,1526500
SWHC,20110322,3.5,3.5,3.43,3.47,301900
SWIR,20110322,10.82,10.82,10.55,10.62,84600
SWKS,20110322,30.53,30.93,30.12,30.47,4499000
SWSH,20110322,6.02,6.19,5.9,6.16,519600
SYBT,20110322,24.66,24.74,24.11,24.37,28500
SYBTP,20110322,11.35,11.67,11.14,11.67,3300
SYKE,20110322,18.66,18.85,18.53,18.72,491200
SYMC,20110322,17.66,17.79,17.49,17.63,3747500
SYMM,20110322,5.83,5.95,5.83,5.9,67500
SYMX,20110322,1.6,1.78,1.51,1.75,480200
SYNA,20110322,27.08,27.29,27,27,204100
SYNL,20110322,13.67,13.7,13.45,13.45,500
SYNM,20110322,22.2,23,21.9,22,443900
SYNT,20110322,49.94,50.39,49.74,50.03,54300
SYPR,20110322,4.43,4.5,4.3,4.5,12300
SYUT,20110322,11.86,11.86,11.39,11.48,58100
TACT,20110322,11.09,11.14,10.96,11.1,27100
TAIT,20110322,1.46,1.46,1.46,1.46,0
TASR,20110322,3.81,3.84,3.73,3.73,393500
TAST,20110322,9.5,9.58,9.34,9.49,95100
TATT,20110322,5.38,5.4,5.25,5.37,2500
TAXI,20110322,8.27,8.5,8.27,8.47,27000
TAYC,20110322,10.03,10.17,10,10.1,10100
TAYCP,20110322,25.05,25.27,25.05,25.27,1100
TAYD,20110322,5.6,6.31,5.6,6.29,95400
TBAC,20110322,2.89,2.89,2.64,2.81,7000
TBBK,20110322,9.59,9.6,9.45,9.48,126100
TBNK,20110322,19.79,19.83,19.55,19.68,24700
TBOW,20110322,4.86,4.98,4.85,4.89,18600
TCBI,20110322,26.28,26.45,25.88,26.02,123500
TCBIW,20110322,15.6,15.6,15.6,15.6,0
TCBK,20110322,15.32,15.77,14.94,15.7,28300
TCCO,20110322,10,10.1,9.95,10.03,2700
TCRD,20110322,13.37,13.68,13.37,13.53,14900
TEAR,20110322,1.81,1.9,1.75,1.85,27000
TECD,20110322,49.05,49.28,48.55,48.79,326200
TECH,20110322,71.44,71.56,70.43,71.14,264600
TECUA,20110322,9.56,10.05,9.51,10.01,118500
TECUB,20110322,8.87,9.56,8.87,9.56,6900
TELK,20110322,26.4,27.6,24.3,24.3,151800
TESO,20110322,21.58,21.59,20.77,20.8,307900
TESS,20110322,12.24,12.24,11.49,12,21000
TFCO,20110322,3.3,3.3,3.2,3.2,1400
TFM,20110322,40.01,41.13,40.01,40.48,123100
TFSL,20110322,10.67,10.78,10.6,10.62,280400
TGA,20110322,14.09,14.29,13.88,13.89,387200
TGE,20110322,7.87,7.97,7.79,7.92,1228500
THFF,20110322,30.95,31.02,30.73,30.96,6300
THLD,20110322,1.69,1.78,1.67,1.67,396100
THOR,20110322,26.47,26.48,25.95,26.06,394700
THRD,20110322,21.65,22.33,21.65,22.3,600
THRX,20110322,22.65,23.05,22.65,23.03,449100
THTI,20110322,3.8,3.8,3.8,3.8,0
TIBX,20110322,24.59,24.7,24.23,24.61,1138600
TICC,20110322,10.12,10.2,10.11,10.17,297900
TIGR,20110322,4.34,4.34,4.1,4.14,15100
TINY,20110322,5.13,5.22,5.13,5.2,127000
TISA,20110322,1.3,1.3,1.25,1.27,8400
TITN,20110322,27.51,27.55,26.53,26.64,95500
TIVO,20110322,8.72,9.04,8.58,8.64,5941500
TKMR,20110322,3.58,3.6,3.48,3.58,10400
TLAB,20110322,4.95,4.99,4.87,4.95,10773200
TLF,20110322,4.8,4.8,4.8,4.8,300
TMNG,20110322,2.35,2.47,2.35,2.45,400
TNAV,20110322,10.78,11.33,10.7,11.26,165000
TOFC,20110322,8.89,8.89,8.89,8.89,400
TOPS,20110322,0.8,0.8,0.73,0.75,128300
TORM,20110322,17.75,18.95,17.54,18.52,54000
TOWN,20110322,14.83,14.9,14.6,14.79,22500
TPGI,20110322,3.04,3.11,3.03,3.09,27600
TQNT,20110322,12.44,12.65,12.22,12.32,2308000
TQQQ,20110322,38.655,38.7,38,38.3,335100
TRAK,20110322,21.65,21.9,21.24,21.4,201500
TREE,20110322,5.73,6.05,5.66,5.95,13600
TRGT,20110322,25.31,25.31,24.86,25.19,97300
TRIB,20110322,9.42,9.45,9.36,9.43,43000
TRIT,20110322,10.94,12.05,10.78,11.89,73500
TRLG,20110322,21.82,22.82,21.82,22.8,283600
TRMB,20110322,23.47,23.74,23.32,23.645,538900
TRMD,20110322,59,60,58.9,59.5,6100
TRMK,20110322,22.87,23.14,22.62,22.67,229300
TRNS,20110322,8,8,8,8,0
TRNX,20110322,19.41,19.42,18.81,18.95,83000
TROW,20110322,63.37,63.57,62.77,63.03,2143100
TRS,20110322,19.03,19.18,18.81,19.1,78600
TRST,20110322,5.67,5.71,5.67,5.7,99500
TSBK,20110322,5.6,5.6,5.6,5.6,0
TSCO,20110322,54.8,55.12,54.1,54.79,359900
TSEM,20110322,20.25,20.4,19.95,19.95,566600
TSLA,20110322,22.74,22.86,22,22.19,582800
TSON,20110322,3.11,3.21,3.07,3.21,24300
TSPT,20110322,8.27,8.48,8.26,8.39,5800
TSRA,20110322,17.24,17.24,16.99,17.05,183800
TSRI,20110322,4.87,5.01,4.87,4.87,6500
TSRX,20110322,5.46,5.62,5.45,5.49,9300
TST,20110322,3.08,3.14,3.04,3.04,11600
TSTC,20110322,6.76,6.89,6.6,6.65,158700
TSYS,20110322,4.08,4.19,4.08,4.18,173300
TTEC,20110322,18.75,18.85,18.06,18.13,401800
TTEK,20110322,23.79,24.1,23.73,24.06,215900
TTGT,20110322,8.06,8.12,7.7,7.87,48500
TTHI,20110322,4.7,4.7,4.4,4.51,64900
TTMI,20110322,16.72,16.78,16.32,16.4,521900
TTWO,20110322,15.28,15.36,15,15.09,588700
TUES,20110322,4.78,4.79,4.66,4.71,78400
TWER,20110322,3.93,4,3.42,3.82,1725600
TWGP,20110322,23.97,24.1,22.94,23.8,861500
TWIN,20110322,30.5,31.76,30.49,31.52,58000
TWMC,20110322,1.7,1.7,1.61,1.65,40900
TWTC,20110322,18.66,18.82,18.59,18.62,473800
TXCC,20110322,2.56,2.6,2.5,2.55,34500
TXN,20110322,33.78,33.94,33.45,33.64,5990100
TXRH,20110322,16.35,16.42,16.05,16.07,455100
TYPE,20110322,13.59,13.74,13.51,13.6,149800
TZOO,20110322,49.99,54.45,49.66,53.97,712500
UACL,20110322,16.35,16.58,16.23,16.47,3900
UBCP,20110322,8.3,8.3,8.3,8.3,300
UBFO,20110322,3.28,3.33,3.26,3.29,900
UBNK,20110322,15.86,15.88,15.64,15.65,13200
UBOH,20110322,9.05,9.36,9.05,9.25,500
UBSH,20110322,11.56,11.67,11.26,11.57,33000
UBSI,20110322,26.97,27.14,26.61,26.61,104400
UCBA,20110322,7.49,7.96,7.2,7.2,3800
UCBI,20110322,2,2.03,1.97,1.98,539600
UCFC,20110322,1.4,1.48,1.35,1.39,7500
UCTT,20110322,9.15,9.34,9.1,9.19,101700
UEIC,20110322,27.92,28.04,27.8,27.96,15800
UEPS,20110322,8.93,8.99,8.24,8.6,511800
UFCS,20110322,19.24,19.25,18.78,18.97,46500
UFPI,20110322,37.24,37.27,36.46,36.65,58900
UFPT,20110322,16.62,16.73,16.13,16.17,61900
UG,20110322,14.34,14.38,14.14,14.25,1400
UHAL,20110322,91.04,93.95,91.04,91.97,65200
ULBI,20110322,5.13,5.17,5,5.08,68100
ULGX,20110322,0.57,0.6,0.57,0.6,7200
ULTA,20110322,47.25,47.42,46.39,46.47,431200
ULTI,20110322,55.6,56.13,55.43,55.88,92200
ULTR,20110322,5,5,4.82,4.84,266700
UMBF,20110322,38.73,38.89,38.45,38.45,55100
UMPQ,20110322,10.97,11,10.69,10.69,493400
UNAM,20110322,9.85,9.85,9.85,9.85,100
UNB,20110322,19.01,19.12,19,19.01,3600
UNFI,20110322,42.94,43.53,42.83,43.52,165000
UNIS,20110322,5.62,6,5.57,5.89,293000
UNTD,20110322,5.96,6.02,5.92,5.93,478800
UNTK,20110322,8.86,8.96,8.75,8.84,53800
UNTY,20110322,6.94,6.95,6.94,6.95,1000
UNXL,20110322,8.05,8.05,7.72,7.8,34000
UPI,20110322,5.87,6.11,5.81,6,219900
URBN,20110322,31.6,31.76,30.39,30.4,5290800
URRE,20110322,21.5,22.4,21.1,22.3,5638900
USAK,20110322,12.66,12.84,12.66,12.73,7900
USAP,20110322,32.38,32.47,31.65,32.08,31100
USAT,20110322,2.06,2.11,2.03,2.08,383500
USATP,20110322,18.37,18.37,18.37,18.37,0
USATZ,20110322,1.12,1.12,1.04,1.1,1000
USBI,20110322,8,8,8,8,0
USCR,20110322,9.51,9.85,9.51,9.75,55000
USEG,20110322,5.88,6.03,5.8,5.97,286800
USLM,20110322,38.86,39.25,38.86,39.25,1000
USMO,20110322,13.72,14,13.69,13.85,218800
USTR,20110322,34.295,34.51,33.755,34.06,87600
UTEK,20110322,24.53,24.76,24.41,24.56,94800
UTHR,20110322,65.2,65.7,64.76,65.1,634600
UTIW,20110322,19.1,19.24,18.7,18.92,343000
UTMD,20110322,26.59,26.66,26.29,26.6,8400
UTSI,20110322,7.11,7.17,7.05,7.05,374300
UVSP,20110322,17.2,17.31,16.69,16.7,21300
VALU,20110322,14.11,14.11,13.97,14.02,9600
VALV,20110322,5.23,5.23,4.95,5.09,8100
VASC,20110322,11,11.18,10.96,11.14,29300
VBFC,20110322,3.03,3.03,3,3,1700
VCBI,20110322,5.77,5.79,5.58,5.58,66700
VCIT,20110322,79.62,79.97,79.62,79.96,36300
VCLK,20110322,14.45,14.51,14.36,14.45,501500
VCLT,20110322,77.74,78.01,77.6,77.97,6700
VCSH,20110322,77.92,77.95,77.85,77.9,163500
VDSI,20110322,11.08,11.42,11.02,11.27,156800
VECO,20110322,50.42,51,48.45,49.33,1098900
VELT,20110322,11.9,12.01,11.55,11.92,70600
VGIT,20110322,61.12,61.17,61.12,61.17,3300
VGLT,20110322,60.09,60.21,59.9,60.21,1000
VGSH,20110322,60.6,60.61,60.52,60.54,23600
VIA,20110322,50.97,51.37,50.89,51.16,8600
VIAB,20110322,44.67,44.96,44.45,44.85,2912500
VIAS,20110322,27.51,27.93,27.51,27.84,45800
VICL,20110322,2.52,2.55,2.48,2.52,555700
VICR,20110322,15.33,15.44,15.16,15.38,57500
VIDE,20110322,3.81,3.88,3.78,3.86,2200
VIFL,20110322,4.5,4.5,4.4,4.5,1300
VIMC,20110322,2.92,2.94,2.81,2.88,46400
VIRC,20110322,3.3,3.31,3.3,3.31,900
VISN,20110322,82,82,80.2,80.8,102700
VIVO,20110322,21.5,21.71,21.33,21.37,76900
VLCCF,20110322,24.98,24.99,24.32,24.6,171300
VLGEA,20110322,28.75,29.39,28.55,28.98,8800
VLTR,20110322,22.86,22.9,22.37,22.4,114800
VLYWW,20110322,2.02,2.14,2.02,2.1,800
VMBS,20110322,50.53,50.53,50.4,50.4,5300
VMED,20110322,27.23,27.41,26.66,26.69,2909200
VNDA,20110322,7.23,7.25,7.08,7.09,83700
VNQI,20110322,49.85,49.85,49.39,49.64,44800
VOCS,20110322,23.93,24.06,23.62,23.68,40000
VOD,20110322,28.82,28.9,28.59,28.8,6685300
VOLC,20110322,26.26,26.26,25.2,25.38,720900
VONE,20110322,59.51,59.54,59.37,59.47,6000
VONG,20110322,60.37,60.37,60.3,60.31,3400
VONV,20110322,58.8,58.8,58.73,58.73,1900
VOXX,20110322,8.1,8.11,7.81,8.02,57600
VPFG,20110322,13.19,13.2,12.97,12.98,45000
VPHM,20110322,19.42,19.6,18.9,19,950900
VPRT,20110322,48.57,49.42,47.65,47.95,422400
VRA,20110322,39.59,39.99,39.51,39.64,74600
VRML,20110322,4.11,4.13,3.91,3.95,111700
VRNM,20110322,3.32,3.35,3.28,3.33,55700
VRNT,20110322,33.87,33.97,33.58,33.67,46100
VRSK,20110322,31.7,31.87,31.59,31.71,632000
VRSN,20110322,35.39,35.66,35.19,35.24,1102000
VRTA,20110322,1.35,1.35,1.35,1.35,100
VRTB,20110322,1.55,1.59,1.55,1.59,1000
VRTS,20110322,55.05,58.49,55.05,57.28,40700
VRTU,20110322,17.55,17.7,17.42,17.61,59000
VRTX,20110322,45.23,46.26,44.95,46.16,2011300
VSAT,20110322,39,39.57,38.97,39.12,184500
VSBN,20110322,11.91,11.91,11.91,11.91,100
VSCI,20110322,1.99,2.02,1.96,2,29100
VSCP,20110322,1.75,1.89,1.7,1.79,150100
VSEC,20110322,30.14,30.3,29.9,30.12,14500
VTHR,20110322,59.87,59.87,59.63,59.63,6700
VTNC,20110322,13.88,14.35,13.75,14.19,71200
VTSS,20110322,5,5.03,4.9,4.91,45700
VTUS,20110322,9.5,10.45,8.72,10.01,88100
VTWG,20110322,65.82,65.9,65.2,65.37,17100
VTWO,20110322,64.26,64.28,63.69,63.84,68200
VTWV,20110322,62.59,62.59,62.1,62.25,2200
VVTV,20110322,6.74,6.87,6.6,6.74,183500
VVUS,20110322,6.5,6.54,6.39,6.52,880400
VXUS,20110322,49.8,49.88,49.47,49.73,18600
VYFC,20110322,4.85,4.88,4.85,4.88,1200
WABC,20110322,51.44,51.58,50.68,50.82,89800
WAFD,20110322,17.3,17.37,17.05,17.05,218800
WASH,20110322,23.53,23.53,23.14,23.21,15800
WAVX,20110322,2.98,3.05,2.87,2.98,542400
WAYN,20110322,8.35,8.35,8.27,8.3,7700
WBCO,20110322,13.87,14.06,13.51,13.51,31000
WBKC,20110322,13.49,13.75,13.49,13.75,10600
WBMD,20110322,53.49,54.04,53.2,53.7,974200
WBSN,20110322,23.29,23.38,22.97,23.2,255500
WCRX,20110322,22.51,22.81,22.44,22.71,1989800
WDC,20110322,34.35,34.62,33.98,34.21,1855200
WDFC,20110322,41.99,41.99,41.44,41.55,24400
WEBM,20110322,8.96,9.1,8.4,9.1,79400
WERN,20110322,25.45,25.63,25.31,25.49,494600
WEYS,20110322,23.87,24.18,23.49,24.03,23200
WFD,20110322,8.64,8.65,8.6,8.61,49900
WFM,20110322,61.64,61.98,61.32,61.37,1383900
WIBC,20110322,4.89,5.03,4.83,4.86,560500
WILC,20110322,7.84,7.92,7.84,7.9,37900
WIN,20110322,12.78,12.95,12.76,12.95,5873400
WINA,20110322,38.75,39.85,38.27,38.9,26100
WIRE,20110322,23.2,23.2,23.03,23.09,38200
WLDN,20110322,3.9,4.19,3.81,4.11,19800
WLFC,20110322,13.08,13.09,13,13.02,51700
WMAR,20110322,10.24,10.43,10.14,10.17,12700
WMGI,20110322,17.38,17.66,16.97,17.03,187300
WOOD,20110322,48.51,48.61,48,48,73100
WOOF,20110322,24.45,24.63,24.23,24.52,349300
WPCS,20110322,2.3,2.34,2.2,2.25,125700
WPPGY,20110322,62.29,62.3,61.63,61.87,57000
WPRT,20110322,18.76,19.25,18.57,18.87,761300
WRES,20110322,4.51,4.55,4.27,4.53,338500
WRLD,20110322,63.21,63.93,61.85,61.92,87900
WRLS,20110322,6.59,6.61,6.49,6.5,17800
WSB,20110322,3.3,3.3,3.12,3.12,500
WSBC,20110322,20.45,20.47,20.19,20.24,31200
WSBF,20110322,2.91,2.99,2.89,2.91,1800
WSCI,20110322,5,5.15,4.55,4.75,57200
WSFS,20110322,45.5,45.59,44.97,45.12,14900
WSTG,20110322,14.11,14.11,13.63,13.99,3800
WSTL,20110322,3.48,3.5,3.35,3.39,119200
WTBA,20110322,7.5,7.55,7.44,7.5,12700
WTFC,20110322,35.01,35.51,34.98,35.32,395100
WTFCW,20110322,17.35,17.35,17.35,17.35,0
WVFC,20110322,8.89,8.89,8.89,8.89,0
WVVI,20110322,3.13,3.13,3.12,3.13,300
WWD,20110322,33.45,33.45,32.76,33,144000
WWWW,20110322,13.65,13.78,13.03,13.25,192300
WYNN,20110322,122.02,123.43,118.21,118.41,3391100
XBKS,20110322,4.77,4.77,4.75,4.75,500
XIDE,20110322,11.03,11.04,10.35,10.53,463900
XLNX,20110322,32.2,32.59,31.98,31.98,3879300
XNPT,20110322,6.27,6.59,6.16,6.54,1311400
XOMA,20110322,4.78,5.03,4.69,5.02,1465300
XRAY,20110322,35.69,35.78,34.83,35.61,1337400
XRTX,20110322,11.45,11.56,11.35,11.43,166200
XTEX,20110322,16.98,17.14,16.85,16.99,63900
XTXI,20110322,10.45,10.5,10.08,10.24,243100
XWES,20110322,3.58,3.84,3.58,3.84,3900
XXIA,20110322,15.29,15.54,14.96,14.98,518800
YAVY,20110322,2.41,2.41,2.36,2.36,600
YHOO,20110322,16.31,16.48,16.16,16.35,30699700
YORW,20110322,16.79,16.99,16.63,16.81,18000
YRCW,20110322,1.9,2.06,1.87,1.99,2348300
ZAGG,20110322,6.63,6.7,6.23,6.31,1486600
ZBRA,20110322,37.04,37.29,36.96,37.1,181400
ZEUS,20110322,30.18,30.75,30.04,30.69,62500
ZGNX,20110322,5.01,5.08,4.9,5.03,38300
ZHNE,20110322,2.29,2.34,2.2,2.21,125800
ZIGO,20110322,14.18,14.5,13.67,14.02,22400
ZINC,20110322,16.53,16.72,16.26,16.39,215700
ZION,20110322,23.58,23.73,23.16,23.4,3781900
ZIONW,20110322,6.89,7.14,6.79,7.1,7400
ZIOP,20110322,5.76,5.78,5.7,5.74,289100
ZIPR,20110322,2.84,2.84,2.84,2.84,0
ZIXI,20110322,3.55,3.66,3.46,3.51,639300
ZLCS,20110322,2.09,2.09,2.03,2.06,629900
ZN,20110322,4.65,4.79,4.56,4.67,129000
ZOLT,20110322,13.79,13.79,13.23,13.26,160400
ZOOM,20110322,3.41,3.45,3.37,3.39,69200
ZUMZ,20110322,24.16,24.16,23,23.04,403600
