<ticker>,<date>,<open>,<high>,<low>,<close>,<vol>
AACC,20111216,3.53,3.78,3.53,3.64,16300
AAME,20111216,2,2,1.98,1.98,600
AAON,20111216,21.4,22.03,21.01,21.15,172100
AAPL,20111216,380.36,384.15,379.57,381.02,15056300
AAWW,20111216,37.23,38.63,36.94,37.78,405900
AAXJ,20111216,49.88,50.08,49.53,49.79,2073900
ABAX,20111216,27.31,27.83,27.21,27.74,188200
ABCB,20111216,10.34,10.46,10.1,10.18,93600
ABCD,20111216,2.89,2.99,2.76,2.93,90300
ABCO,20111216,36.15,36.195,35.71,35.995,175100
ABFS,20111216,17.65,18.3,17.55,17.8,751200
ABIO,20111216,8.22,8.22,7.98,7.98,18400
ABMD,20111216,20.23,20.35,19.24,19.25,733900
ABTL,20111216,3.85,3.95,3.8,3.85,76800
ACAD,20111216,1.03,1.07,1.01,1.05,145800
ACAS,20111216,6.65,6.86,6.6,6.81,3602600
ACAT,20111216,19.45,19.8,18.89,19.08,114900
ACCL,20111216,6.52,6.68,6.5,6.6,192000
ACET,20111216,6.95,6.99,6.83,6.88,174100
ACFC,20111216,1.84,1.86,1.6,1.6,19900
ACFN,20111216,5.52,5.63,5.45,5.61,27900
ACGL,20111216,36.71,37.17,36.64,36.98,1312200
ACHC,20111216,8.79,9.5,8.44,9.5,184100
ACHN,20111216,7.15,7.87,7.15,7.58,1562400
ACIW,20111216,28.78,29.65,28.69,29.17,402900
ACLS,20111216,1.32,1.32,1.25,1.29,540200
ACNB,20111216,13.63,13.65,13.36,13.36,1700
ACOR,20111216,21.67,21.9,21.35,21.72,752800
ACPW,20111216,3.4,3.6,3.25,3.35,1281300
ACRX,20111216,2.77,2.77,2.69,2.7,1300
ACTG,20111216,30.62,31.59,30.14,30.69,497500
ACTS,20111216,1.84,1.87,1.81,1.81,26100
ACUR,20111216,3.77,3.81,3.71,3.81,88400
ACWI,20111216,41.58,41.74,41.14,41.35,827600
ACWX,20111216,36.23,36.32,35.84,36.1,715800
ACXM,20111216,12.07,12.68,12.07,12.21,1147900
ADAT,20111216,1.5,1.54,1.4,1.4,92300
ADBE,20111216,27.74,28.93,27.62,28.2,14465400
ADEP,20111216,2.35,2.45,2.34,2.45,17800
ADES,20111216,20,20.05,19.41,19.99,96900
ADI,20111216,34.3,34.79,34.05,34.16,4080100
ADP,20111216,51.47,52.07,51.2,51.73,4608500
ADRA,20111216,22.27,22.27,22,22.03,4700
ADRD,20111216,18.13,18.23,17.97,18.03,9200
ADRE,20111216,37.41,37.56,37.14,37.32,53200
ADRU,20111216,18.03,18.03,17.78,17.78,1500
ADSK,20111216,31.32,32.46,31.15,31.2,3991800
ADTN,20111216,28.5,29.25,28.19,28.6,862900
ADUS,20111216,3.56,3.6,3.5,3.52,19400
ADVS,20111216,25.07,25.43,24.18,24.19,512700
AEGN,20111216,15.1,15.36,14.34,14.45,1042500
AEGR,20111216,16.13,16.46,15.9,16.41,63100
AEHR,20111216,0.56,0.61,0.56,0.6,1600
AEIS,20111216,9.91,10.39,9.88,10.12,925100
AEPI,20111216,26.24,27.26,26.24,27.14,49500
AERL,20111216,5.9,6.13,5.72,5.91,46700
AETI,20111216,4.25,4.5,4.25,4.44,27900
AEY,20111216,2.15,2.15,2.06,2.09,20400
AEZS,20111216,9.3,9.48,9.18,9.3,907800
AFAM,20111216,14.88,15,14.24,14.93,227500
AFCB,20111216,12,12,12,12,6500
AFCE,20111216,14.92,15.13,14.6,14.79,135200
AFFX,20111216,3.91,3.96,3.75,3.8,1439800
AFFY,20111216,6.91,7.02,6.23,6.34,2985700
AFOP,20111216,7.89,7.89,7.71,7.8,2600
AFSI,20111216,24.05,24.05,22.61,23.11,2497400
AGEN,20111216,2.19,2.24,2.16,2.2,36200
AGII,20111216,28.77,29.06,28.62,28.77,166800
AGNC,20111216,28.95,29.13,28.88,29.08,11051700
AGYS,20111216,7.89,7.89,7.37,7.48,457300
AHGP,20111216,51.48,51.49,49.92,50.05,57500
AHPI,20111216,3.28,3.28,3.18,3.18,3400
AIMC,20111216,17.89,18.52,17.79,17.92,289100
AINV,20111216,6.34,6.44,6.2,6.22,5356900
AIRM,20111216,27.4067,28.22,27.3,27.5,156100
AIRT,20111216,8.65,8.74,8.1,8.1,10500
AIXG,20111216,11.75,11.82,11.56,11.71,176500
AKAM,20111216,26.73,27.21,26.58,26.65,5056700
AKRX,20111216,10.5,10.97,10.46,10.94,1770100
ALCO,20111216,18.19,18.94,18.19,18.63,21500
ALGN,20111216,23.94,24.48,23.81,23.95,1157400
ALGT,20111216,53.47,54.8,53.47,54.74,173900
ALIM,20111216,1.31,1.37,1.22,1.23,355500
ALKS,20111216,15.73,15.94,15.45,15.68,1274900
ALLB,20111216,10.25,10.35,10.2,10.35,12600
ALLT,20111216,16.7,17.34,16.23,17.13,399300
ALNY,20111216,7.96,8.06,7.73,7.76,511400
ALOG,20111216,55.02,55.57,54.61,55.12,134500
ALOT,20111216,7.25,7.4,7.22,7.25,3400
ALSK,20111216,4.48,4.5,4.13,4.49,2616000
ALTE,20111216,23,23,22.5,22.79,683700
ALTI,20111216,0.89,0.9,0.85,0.85,47900
ALTR,20111216,33.83,34.93,33.71,34.09,7366000
ALVR,20111216,9.9,10.1,9.7,10.1,98400
ALXA,20111216,6.8,6.8,6.4,6.6,833500
ALXN,20111216,64.17,66.48,63.84,66.37,1862800
AMAG,20111216,18.93,19,18.56,18.77,282700
AMAP,20111216,9.23,9.55,9.05,9.34,73700
AMAT,20111216,10.29,10.51,10.24,10.33,17621900
AMBT,20111216,5.99,6,5.92,5.92,1100
AMCC,20111216,6.72,6.9,6.58,6.84,1058100
AMCF,20111216,3.22,3.22,3.2,3.2,13800
AMCN,20111216,3.47,3.5,3.4,3.44,72300
AMCX,20111216,36.37,36.59,35.96,36.49,1483200
AMED,20111216,10.57,10.75,10.19,10.39,643700
AMGN,20111216,59.75,61,59.65,60.05,21390700
AMIC,20111216,4.25,4.55,3.4,4.45,3500
AMKR,20111216,4.18,4.24,4.08,4.15,2333700
AMNB,20111216,18.64,19.03,18.53,18.94,35100
AMOT,20111216,5.6,5.6,5.47,5.55,3900
AMOV,20111216,22.09,22.4,21.74,21.74,6200
AMPE,20111216,5.43,5.54,4.13,4.27,302600
AMRB,20111216,4.61,4.73,4.61,4.65,3500
AMRI,20111216,2.72,2.72,2.55,2.65,186900
AMRN,20111216,6.09,6.41,6.03,6.35,1703300
AMRS,20111216,10.84,11.03,10.16,10.3,159900
AMSC,20111216,3.78,3.8,3.65,3.69,877500
AMSF,20111216,23.66,23.83,23.1,23.24,138500
AMSG,20111216,25.96,26.41,25.25,25.67,565900
AMSWA,20111216,8.97,9.1,8.82,9.09,238900
AMWD,20111216,11.14,12.25,11.12,11.39,61000
AMZN,20111216,182.42,184.41,180.31,181.26,6665100
ANAC,20111216,6.17,6.24,5.86,6.04,103200
ANAD,20111216,2.12,2.19,2.05,2.1,484800
ANAT,20111216,69.71,70.54,69.26,70.54,28500
ANCB,20111216,6.18,6.2,6.08,6.08,4400
ANCI,20111216,1.2,1.32,1.2,1.26,52000
ANCX,20111216,8.46,8.49,8.27,8.27,6800
ANDE,20111216,42.55,43.91,42.09,42.87,363500
ANEN,20111216,16.95,17.04,16.5,16.58,218300
ANGI,20111216,16.67,16.67,15.21,15.73,1563800
ANGO,20111216,15.01,15.01,14.3,14.47,108100
ANIK,20111216,8.51,8.72,8.5,8.61,31100
ANLY,20111216,5.17,5.17,5.01,5.01,6300
ANSS,20111216,59.09,60.94,59.06,59.51,634700
ANTH,20111216,6.38,6.58,6.33,6.36,135400
ANTP,20111216,1.87,2.1,1.87,2.07,17400
AOSL,20111216,7.49,7.65,7.48,7.56,140100
APAGF,20111216,77.16,81.41,77.16,81.25,46600
APEI,20111216,40.93,42.12,40.54,41.57,417900
APFC,20111216,7.5,7.74,7.25,7.27,6900
APOG,20111216,12.1,12.48,11.58,11.77,405100
APOL,20111216,50.14,50.41,49.93,50.15,2991200
APPY,20111216,9.66,9.66,8.76,8.94,4600
APRI,20111216,4.8,5.03,4.8,4.93,96700
APSA,20111216,15.24,17.54,14.54,17.39,8300
APWC,20111216,2.92,2.92,2.92,2.92,100
ARAY,20111216,4.21,4.27,4.12,4.21,584600
ARCC,20111216,14.8,14.97,14.73,14.85,1439200
ARCI,20111216,4.65,5.16,4.65,5.16,8700
ARCP,20111216,10.1,10.23,10.05,10.1,63100
ARCW,20111216,2.97,2.97,2.97,2.97,800
ARDNA,20111216,94,94,90.75,90.75,4700
AREX,20111216,27.81,29.93,27.74,29.21,1626400
ARIA,20111216,11.05,11.44,10.78,11.33,6435000
ARII,20111216,23.09,24.1,23.09,23.64,79700
ARKR,20111216,13.43,13.53,13.35,13.52,3300
ARLP,20111216,72.78,74.79,72.7,73.3,65900
ARMH,20111216,25.64,25.96,25.44,25.75,3401700
ARNA,20111216,2,2.15,1.95,2.06,2431600
AROW,20111216,23.5,23.5,23.09,23.14,53500
ARQL,20111216,5.49,5.53,5.25,5.38,405500
ARRS,20111216,10.29,10.53,10.19,10.23,1562200
ARRY,20111216,2.3,2.35,2.25,2.32,547200
ARTC,20111216,30.52,30.63,30.15,30.6,326000
ARTNA,20111216,18.5,18.67,18.15,18.49,112400
ARTW,20111216,5.63,5.63,5.45,5.45,1400
ARTX,20111216,1.16,1.25,1.16,1.2,10000
ARUN,20111216,19.45,19.68,18.23,18.59,4285200
ARWR,20111216,4,4.68,4,4.1,28900
ASBB,20111216,11.76,11.77,11.65,11.65,56200
ASBC,20111216,10.3,10.56,10.27,10.41,2445300
ASBCW,20111216,0.9,0.9,0.9,0.9,0
ASBI,20111216,4.05,4.05,4.05,4.05,200
ASCA,20111216,17.43,18.02,17.32,17.88,483600
ASCMA,20111216,48.26,49.71,48.06,49.42,45400
ASEI,20111216,68.6,68.6,67.3,67.9,89500
ASFI,20111216,7.52,7.93,7.51,7.93,26600
ASIA,20111216,7.29,7.5,6.66,6.93,1256600
ASMI,20111216,26.71,27.08,26.54,26.75,38400
ASML,20111216,39.31,39.78,39.19,39.34,1901100
ASNA,20111216,13.975,14.31,13.95,14.25,2155300
ASPS,20111216,48.73,50,48.73,49.66,149800
ASRV,20111216,1.95,1.95,1.9,1.9,4000
ASRVP,20111216,25.75,25.75,25.75,25.75,0
ASTC,20111216,0.66,0.7,0.61,0.7,5700
ASTE,20111216,32.1,32.99,31.56,31.68,218500
ASTI,20111216,0.58,0.58,0.51,0.51,118700
ASTM,20111216,1.9,1.91,1.78,1.9,377800
ASTX,20111216,1.68,1.7,1.62,1.66,492400
ASUR,20111216,4.1333,4.1733,3.94,4.1667,25600
ASYS,20111216,8.11,8.47,8.06,8.08,184400
ATAI,20111216,9,9,8.8,8.99,5300
ATAX,20111216,5,5.02,4.95,5.01,36300
ATEA,20111216,3.37,3.4,2.9,2.9,12500
ATEC,20111216,1.65,1.66,1.57,1.6,500900
ATHN,20111216,50.29,51.44,48.68,49.37,1904800
ATHX,20111216,1.95,1.95,1.75,1.76,180700
ATLO,20111216,18.51,18.6,18.3,18.3,32600
ATMI,20111216,19.44,20.07,19.44,19.91,297500
ATML,20111216,8.18,8.31,8.04,8.07,8421800
ATNI,20111216,39.48,39.48,37.33,38.94,130000
ATNY,20111216,3.47,3.51,3.32,3.32,23200
ATRC,20111216,10.9,11.6,10.7,10.87,181600
ATRI,20111216,241.22,243.78,237.09,239.43,6400
ATRM,20111216,0.6,0.63,0.6,0.63,4500
ATRO,20111216,36.22,36.68,35.21,35.6,44900
ATSG,20111216,4.89,5.03,4.82,4.89,310800
ATVI,20111216,11.93,12.04,11.78,11.88,10388800
ATX,20111216,11.31,11.41,11.15,11.24,39700
AUBN,20111216,19.29,19.29,19.14,19.14,1800
AUDC,20111216,3.6,3.71,3.53,3.68,193500
AUXL,20111216,18.41,18.69,18.37,18.49,1081400
AVAV,20111216,31.2,32.08,30.99,31.57,289900
AVEO,20111216,15.77,16.28,15.58,15.63,720200
AVGO,20111216,28.93,29.17,28.17,28.8,9036300
AVID,20111216,7.57,7.96,7.26,7.81,430800
AVNR,20111216,1.88,1.92,1.77,1.78,8109600
AVNW,20111216,1.8,1.85,1.72,1.72,493400
AWAY,20111216,23.32,23.99,23.06,23.3,528400
AWRE,20111216,3.05,3.05,2.93,2.94,8300
AXAS,20111216,3.16,3.33,3.14,3.31,3283400
AXFN,20111216,18.55,18.55,18.55,18.55,0
AXTI,20111216,3.97,3.98,3.84,3.87,215600
AZPN,20111216,17.34,17.64,16.98,17.6,915900
BABY,20111216,9.27,9.53,9.16,9.48,693600
BAGL,20111216,14,14.34,13.77,14.11,71200
BAMM,20111216,2.22,2.4,2.21,2.28,36800
BANC,20111216,11.65,11.65,11.01,11.14,94300
BANF,20111216,36.98,37.3,36,36.17,44000
BANFP,20111216,26.99,26.99,26.86,26.86,200
BANR,20111216,16.8,16.81,16.46,16.53,117300
BASI,20111216,1.59,1.59,1.31,1.31,11200
BBBY,20111216,61.55,62.34,60.95,61.22,3654600
BBCN,20111216,8.86,8.98,8.72,8.77,2596100
BBEP,20111216,17.4,17.42,17.12,17.26,471000
BBGI,20111216,3.44,3.45,3.4,3.42,24200
BBNK,20111216,9.71,9.76,9.55,9.72,26100
BBOX,20111216,27.57,28.35,27.02,27.6,148000
BBRG,20111216,15.5,15.98,15.5,15.81,236100
BBRY,20111216,13.2,13.74,13.12,13.44,66627100
BBSI,20111216,19.15,19.27,16.26,18.97,116100
BCBP,20111216,9.98,10.1,9.98,9.99,3500
BCOM,20111216,15.18,15.18,15.18,15.18,0
BCPC,20111216,39.87,40.5,39.51,39.95,213000
BCRX,20111216,2.52,2.52,2.44,2.48,136500
BCSB,20111216,10.01,10.88,10.01,10.85,10100
BDE,20111216,7.67,7.69,7.28,7.45,81100
BDGE,20111216,19.98,20.36,19.98,20.2,47900
BDMS,20111216,15.75,15.75,15.75,15.75,0
BDSI,20111216,1.02,1.02,0.99,0.99,53700
BEAT,20111216,2.51,2.52,2.39,2.45,141300
BEAV,20111216,36.52,37.58,36.39,36.49,1528400
BEBE,20111216,8.18,8.33,8.18,8.25,722800
BECN,20111216,18.53,19,18.53,18.79,518200
BELFA,20111216,21.6,21.61,21.6,21.6,800
BELFB,20111216,19.57,19.92,18.81,19.12,90500
BERK,20111216,7.07,7.23,6.89,6.89,1000
BFIN,20111216,5.5,5.57,5.37,5.44,152500
BFLY,20111216,1.95,2.18,1.95,2.18,5500
BGCP,20111216,5.46,5.64,5.46,5.62,1841000
BGFV,20111216,9.61,10.16,9.47,10.04,396500
BGMD,20111216,4.3,4.3,4.08,4.25,40200
BIB,20111216,32.185,32.185,31.785,31.785,2500
BICK,20111216,23.06,23.19,22.84,22.85,14500
BIDU,20111216,114.27,116.17,110.9,114.52,8988400
BIIB,20111216,110.4,111.59,109.85,110.29,1910100
BIOD,20111216,2.6,2.76,2.56,2.56,99300
BIOF,20111216,9.8,12,9.8,11.8,2985600
BIOS,20111216,5.49,5.64,5.37,5.5,305400
BIRT,20111216,5.92,6.14,5.76,5.89,352200
BIS,20111216,35.93,35.93,35.93,35.93,500
BJRI,20111216,45.38,45.9,45.09,45.44,257200
BKCC,20111216,8.73,8.75,8.47,8.48,974100
BKEP,20111216,5.85,5.85,5.6,5.75,127500
BKEPP,20111216,7.75,8.2,7.7,8.2,4000
BKMU,20111216,3.45,3.5,3.04,3.14,491900
BKOR,20111216,3,3,2.93,2.94,1600
BKSC,20111216,9.81,9.81,9.81,9.81,300
BKYF,20111216,21.17,21.49,21.01,21.49,22200
BLDP,20111216,1.21,1.22,1.15,1.15,86700
BLDR,20111216,1.75,1.8,1.75,1.78,182100
BLIN,20111216,0.55,0.59,0.55,0.55,50500
BLKB,20111216,28.45,29,27.93,28.17,372000
BLMT,20111216,10.29,10.44,10.25,10.25,79300
BLRX,20111216,3.27,3.27,3.27,3.27,0
BMC,20111216,33.84,34.29,33.12,33.17,2615000
BMRC,20111216,36.15,36.7,35.97,36.12,39300
BMRN,20111216,31.26,31.67,30.98,31.57,1650700
BMTC,20111216,18.68,19.36,18.68,18.93,53900
BNCL,20111216,8.45,8.47,8.09,8.11,302800
BNCN,20111216,7.1,7.1,6.78,7.1,3100
BNSO,20111216,1.19,1.19,1.14,1.17,1100
BOBE,20111216,32.52,32.83,31.76,31.83,346600
BOCH,20111216,3.33,3.34,3.2,3.21,13500
BODY,20111216,22.28,22.71,22.11,22.63,91700
BOFI,20111216,16.08,16.15,15.9,16.02,163900
BOKF,20111216,54.84,56.12,54.84,55.3,186600
BOLT,20111216,11.4,11.5,11.33,11.33,32100
BONA,20111216,4.19,4.24,4.05,4.05,34700
BONT,20111216,3.16,3.26,3.11,3.24,187300
BOOM,20111216,19.82,20.06,19.15,19.46,62900
BOSC,20111216,2.88,2.88,2.88,2.88,0
BPAX,20111216,3,3,2.58,2.7,11782400
BPFH,20111216,7.78,7.89,7.38,7.46,1915400
BPFHW,20111216,2.9,2.9,2.9,2.9,0
BPHX,20111216,0.75,0.79,0.74,0.74,4200
BPOP,20111216,12.4,12.9,12,12.2,40197400
BPOPM,20111216,16.5,16.5,16.5,16.5,0
BPOPN,20111216,17.16,17.24,17.15,17.15,1900
BRCD,20111216,5.27,5.3,5.17,5.24,6806700
BRCM,20111216,28.3,29,28.25,28.72,12467400
BRID,20111216,8.9,9.32,8.9,9.2,1100
BRKL,20111216,7.9,8.1,7.76,7.82,782000
BRKR,20111216,12.38,12.47,12.06,12.28,423300
BRKS,20111216,9.76,10.32,9.75,10.12,959900
BRLI,20111216,15.58,15.71,15.27,15.51,583500
BSDM,20111216,2.15,2.23,2.12,2.23,89300
BSET,20111216,8,8.09,8,8.05,9200
BSFT,20111216,34.33,34.35,32.98,33.98,627900
BSPM,20111216,1.59,1.62,1.53,1.53,66200
BSQR,20111216,3.5,3.5,3.29,3.3,19100
BSRR,20111216,9.26,9.27,9.09,9.09,86500
BSTC,20111216,16.45,17.02,16.45,17.02,15400
BTUI,20111216,2.6,2.68,2.56,2.56,9500
BUR,20111216,7.19,7.49,7.19,7.21,1000
BUSE,20111216,5.28,5.38,5.22,5.26,380500
BVSN,20111216,10.71,10.71,9.65,10,119000
BWEN,20111216,7.2,7.6,6.6,7.4,2925600
BWINA,20111216,22.3,22.3,22.3,22.3,0
BWINB,20111216,22,22,21.88,22,44700
BWLD,20111216,61,62.77,60.49,61.88,825700
BYFC,20111216,1.72,1.72,1.72,1.72,0
CA,20111216,19.99,20.48,19.87,20.12,6521300
CAAS,20111216,3.75,3.8,3.36,3.52,76600
CAC,20111216,31.1,31.5,31.05,31.49,35400
CACB,20111216,4.25,4.35,3.68,4.12,31800
CACC,20111216,85.7,86.5,84.05,85.85,63300
CACH,20111216,6.02,6.27,6,6.27,15900
CADC,20111216,2.28,2.32,2.28,2.28,69500
CADX,20111216,3.75,3.82,3.66,3.8,1935500
CAFI,20111216,1.31,1.31,1.21,1.21,4000
CAKE,20111216,28.07,28.16,27.19,27.24,1887600
CALD,20111216,5.65,6.03,5.64,6.01,296900
CALI,20111216,5.94,6,5.4,6,6600
CALL,20111216,11.44,12.125,11.16,11.97,539700
CALM,20111216,34.41,34.63,33.62,33.82,240200
CAMP,20111216,4.72,4.8,4.55,4.55,90900
CAMT,20111216,1.77,1.8,1.76,1.76,11900
CAR,20111216,10.67,10.99,10.66,10.96,1869500
CARB,20111216,13.45,13.45,12.56,12.94,101300
CART,20111216,2.1,2.24,2,2.06,5800
CARV,20111216,11,11.95,10.02,11.05,1000
CARZ,20111216,22.27,22.27,22.27,22.27,0
CASH,20111216,14.31,14.31,14.31,14.31,100
CASM,20111216,1.52,1.52,1.5,1.5,43700
CASS,20111216,36.64,36.72,35.3,35.89,36200
CASY,20111216,47.95,49,47.95,48.3,706000
CATM,20111216,26.53,27.05,26.37,27,667900
CATY,20111216,13.59,14.21,13.59,13.95,1196100
CAVM,20111216,27.31,28.02,27.02,27.31,1218200
CBAK,20111216,4,4.2,4,4,31500
CBAN,20111216,2.32,2.34,2.31,2.34,600
CBEY,20111216,7.73,8.03,7.73,8.01,1071700
CBIN,20111216,9.5,9.5,9.47,9.49,1500
CBLI,20111216,2.73,2.8,2.57,2.69,190600
CBMX,20111216,16,16,14.9,15.9,27100
CBMXW,20111216,1.5,1.5,1.3,1.3,1100
CBNJ,20111216,7.28,7.3,7.15,7.15,42600
CBNK,20111216,13.96,13.96,13.96,13.96,200
CBOE,20111216,25.67,26.02,25.6,25.97,684000
CBPO,20111216,11.23,11.8,10.8,11.7,320800
CBRL,20111216,49.38,49.85,49.13,49.3,344200
CBRX,20111216,2.51,2.54,2.45,2.49,739600
CBSH,20111216,37,37.75,36.65,36.78,1150700
CBST,20111216,37.7,39.2,37.39,39.01,1534600
CCBG,20111216,9.98,10.18,9.84,10.1,93700
CCCL,20111216,2.64,2.74,2.64,2.67,14500
CCIH,20111216,4.13,4.2,4.1,4.13,13100
CCIX,20111216,8.68,8.72,8.61,8.67,70400
CCMP,20111216,46.54,47.31,45.86,46.31,285700
CCNE,20111216,14.76,15.07,14.6,14.92,60600
CCOI,20111216,16.52,17.03,16.45,16.74,327700
CCRN,20111216,5.44,5.65,5.32,5.6,340000
CCUR,20111216,3.38,3.42,3.27,3.42,20200
CDNS,20111216,10.23,10.51,10.22,10.36,3291900
CDTI,20111216,2.74,2.84,2.61,2.77,106100
CDXS,20111216,5.25,5.39,5.13,5.27,320800
CDZI,20111216,10,10.68,9.8,10.53,85800
CECE,20111216,5.72,5.8,5.52,5.7,27600
CECO,20111216,7.17,7.21,6.9,7.03,11912500
CEDU,20111216,5.95,5.95,5.76,5.92,35600
CELG,20111216,63.43,64.02,62.89,63.69,5738600
CELGZ,20111216,1.48,1.48,1.32,1.33,15700
CENT,20111216,8.01,8.39,7.95,8.03,68400
CENTA,20111216,8.26,8.58,8.14,8.25,876100
CENX,20111216,8.73,8.83,8.44,8.64,2558400
CERN,20111216,55.88,57.08,55.84,56.35,1984900
CERS,20111216,3.01,3.05,2.99,3.02,879000
CETV,20111216,7,7.04,6.69,6.74,585400
CEVA,20111216,27.48,28.3,27.48,28.14,347400
CFBK,20111216,3.4,3.7,3.25,3.7,7900
CFFI,20111216,25,25.5,24.5,25.04,2600
CFFN,20111216,11.26,11.32,11.1,11.18,2057000
CFNB,20111216,15.2,16,14.98,15.97,15200
CFNL,20111216,10.93,11,10.51,10.69,324200
CGEN,20111216,4.45,4.76,4.36,4.71,222400
CGNX,20111216,34.94,35.45,34.52,35.03,488900
CHCI,20111216,1.07,1.08,1.06,1.06,14600
CHCO,20111216,33.04,33.59,32.65,32.83,271500
CHDN,20111216,48.68,49.36,48.5,49.02,57600
CHDX,20111216,9.01,9.01,8.48,8.49,71000
CHEF,20111216,15.98,15.98,15.05,15.63,248700
CHEV,20111216,8.02,8.03,7.99,7.99,1800
CHFC,20111216,20.68,21,20.08,20.53,187200
CHFN,20111216,9.59,9.6,9.24,9.45,57000
CHKE,20111216,12.04,12.17,11.94,12.13,96300
CHKP,20111216,53,54.47,52.77,54.18,3125300
CHLN,20111216,1.01,1.16,0.98,0.98,121800
CHNR,20111216,8.66,9.12,8.25,8.4,10100
CHOP,20111216,3.48,3.65,3.48,3.49,78400
CHRM,20111216,9.26,9.26,9.26,9.26,0
CHRW,20111216,66.92,68.26,66.39,66.59,1260500
CHSCP,20111216,29.6,29.68,29.52,29.53,9900
CHTP,20111216,5.09,5.24,5.07,5.12,411500
CHTR,20111216,53.62,55.18,53.45,54.52,2165000
CHYR,20111216,1.33,1.34,1.27,1.27,2500
CIDM,20111216,1.38,1.4,1.35,1.36,28700
CIEN,20111216,10.76,11.2,10.67,10.77,5144300
CIMT,20111216,3.19,3.32,3.15,3.21,11100
CINF,20111216,30.02,30.17,29.84,29.98,2401700
CISG,20111216,6.99,7.08,6.87,6.92,698500
CITZ,20111216,4.15,4.39,4.11,4.22,5700
CIZN,20111216,18.07,18.08,17.52,17.63,6300
CJJD,20111216,1.2,1.2,1.13,1.18,7800
CKEC,20111216,7.43,7.48,7.3,7.33,56600
CKSW,20111216,9.59,9.65,9.46,9.6,97600
CLBH,20111216,2.57,2.76,2.45,2.45,10400
CLCT,20111216,13.12,13.76,13.07,13.66,34900
CLDX,20111216,2.83,2.92,2.78,2.92,392200
CLFD,20111216,5.74,5.83,5.55,5.79,49500
CLMS,20111216,12.87,12.88,12.3,12.65,276000
CLMT,20111216,18.6,18.9,18.6,18.79,175800
CLNE,20111216,11.73,11.9,11.6,11.82,1120600
CLNT,20111216,0.25,0.28,0.25,0.27,67800
CLRO,20111216,4.15,4.23,4.11,4.11,21500
CLSN,20111216,1.98,1.99,1.85,1.98,263200
CLUB,20111216,7.34,7.5,7.16,7.19,161900
CLVS,20111216,12.37,13.27,11.95,12.4,1347600
CLWR,20111216,2.04,2.12,2.03,2.09,15278900
CLWT,20111216,3.3,3.3,3.3,3.3,0
CMCO,20111216,12.87,13.12,12.66,12.67,88200
CMCSA,20111216,23.46,24,23.22,23.33,29712500
CMCSK,20111216,23.1,23.75,23.02,23.15,3960900
CME,20111216,241.06,243,239.83,242,766000
CMLS,20111216,3.03,3.28,3.02,3.13,1077000
CMSB,20111216,8.84,8.84,8.84,8.84,0
CMTL,20111216,28.34,28.92,28.09,28.45,702700
CNBC,20111216,9.83,9.85,9.7,9.85,94400
CNBKA,20111216,27.12,27.25,26.92,26.92,11100
CNET,20111216,1.14,1.17,1.1,1.16,9700
CNIT,20111216,0.8,0.8,0.74,0.79,29200
CNMD,20111216,25.07,25.19,24.47,24.67,200100
CNQR,20111216,50.45,51.85,50.08,50.31,738900
CNSL,20111216,18.97,19.16,18.81,19.15,402900
CNTF,20111216,1.59,1.7,1.57,1.69,70300
CNTY,20111216,2.3,2.33,2.29,2.31,9200
CNYD,20111216,2.92,2.94,2.66,2.71,8500
COBK,20111216,12.35,12.35,12.35,12.35,0
COBR,20111216,4.31,4.31,4.3,4.3,500
COBZ,20111216,5.6,5.63,5.48,5.56,173200
COCO,20111216,2.14,2.31,2.13,2.31,2121700
COGO,20111216,1.8,1.81,1.78,1.81,54900
COHR,20111216,51.59,52.11,50.75,51.55,372600
COHU,20111216,10.98,11.62,10.91,11.48,277800
COKE,20111216,54.45,54.59,53.28,54.11,32300
COLB,20111216,18.48,19.08,18.48,18.81,512700
COLM,20111216,46.89,46.95,46.09,46.24,197500
CONN,20111216,11.19,11.55,10.92,10.94,298600
COOL,20111216,2.84,2.92,2.73,2.79,619100
CORE,20111216,39.65,39.65,37.47,37.96,82000
CORT,20111216,3.48,3.48,3.34,3.4,461100
COSI,20111216,0.68,0.71,0.67,0.69,154000
COST,20111216,83.07,83.63,82.32,82.57,3874500
COWN,20111216,2.59,2.63,2.49,2.5,371200
CPBC,20111216,4.5,4.5,4.5,4.5,100
CPGI,20111216,1.1,1.1,1.03,1.09,81900
CPHC,20111216,11.36,11.54,11.25,11.31,3100
CPHD,20111216,30.67,31.44,30.51,31.4,850700
CPIX,20111216,5.9,6.01,5.81,5.93,14300
CPLA,20111216,34.14,34.19,32.89,33.01,265400
CPLP,20111216,6.02,6.07,5.87,5.9,180400
CPNO,20111216,33.21,33.48,32.81,32.9,339100
CPRT,20111216,22.935,23.18,22.87,23.075,507600
CPRX,20111216,1.07,1.15,1.03,1.07,197900
CPSI,20111216,46.64,46.93,46.31,46.83,184600
CPSL,20111216,4.32,4.8,4.32,4.68,38600
CPSS,20111216,1.01,1.01,0.98,0.98,24900
CPST,20111216,1.02,1.15,1.01,1.15,5236200
CPTS,20111216,13.44,13.54,13.21,13.3,292900
CPWR,20111216,7.93,8.15,7.93,8.04,4731300
CRAI,20111216,20.58,20.81,19.48,19.68,60200
CRAY,20111216,6,6.28,6,6.19,190000
CRDC,20111216,2.3,2.35,2.25,2.29,7400
CRDS,20111216,5.49,5.5,5.1,5.15,23400
CREE,20111216,22.01,22.56,21.69,21.75,3616600
CREG,20111216,1.21,1.21,1.12,1.19,2500
CRESW,20111216,0.08,0.08,0.07,0.07,35900
CRESY,20111216,11.38,11.71,11.38,11.67,156700
CRFN,20111216,4.58,4.6,4.58,4.6,27800
CRIS,20111216,4.01,4.15,3.99,4.08,606600
CRMB,20111216,4,4.19,4,4,17800
CRMBU,20111216,3.95,3.95,3.95,3.95,0
CRMBW,20111216,0.19,0.19,0.18,0.19,24400
CRME,20111216,10.75,11.2,10.4,10.4,258500
CRMT,20111216,40.19,40.73,39.49,39.78,95300
CRNT,20111216,8.1,8.19,7.94,8.04,53700
CROX,20111216,14.71,15,14.65,14.83,3421200
CRRB,20111216,3.2,3.2,3.2,3.2,0
CRRC,20111216,10.73,10.94,10.52,10.52,63300
CRTX,20111216,5.76,5.76,5.56,5.68,29600
CRUS,20111216,15.32,15.4,14.76,15.1,2321700
CRVL,20111216,43.74,46,43.18,45.81,46400
CRWN,20111216,1.2,1.25,1.17,1.17,195600
CRWS,20111216,3.34,3.39,3.21,3.33,6400
CRZO,20111216,25.64,26.44,25.37,26.07,931100
CSBK,20111216,9.4,9.41,9.22,9.41,43500
CSCD,20111216,2.93,3.17,2.93,3.15,31500
CSCO,20111216,18.19,18.53,17.94,17.94,94965600
CSFL,20111216,5.92,5.92,5.64,5.78,214000
CSGP,20111216,64.5,65.12,63.95,64.67,217600
CSGS,20111216,14.61,14.73,14.42,14.47,356200
CSII,20111216,8.96,9.39,8.91,9.39,136000
CSIQ,20111216,2.28,2.4,2.27,2.4,468700
CSOD,20111216,17.4,18.08,17.32,17.9,344400
CSPI,20111216,3.45,3.45,3.39,3.4,900
CSRE,20111216,11.48,11.49,11.15,11.15,81300
CSTR,20111216,45.74,46.46,44.81,45.52,831700
CSUN,20111216,0.52,0.52,0.48,0.48,150900
CSWC,20111216,79.03,79.5,78.26,78.48,19900
CTAS,20111216,30.77,31.24,30.42,30.52,1220700
CTBI,20111216,28.97,29.2,28.22,28.38,103400
CTCH,20111216,3.46,3.46,3.43,3.43,1800
CTCM,20111216,8.97,9.04,8.81,8.89,532000
CTCT,20111216,23.89,24.28,23.4,23.54,642400
CTGX,20111216,13.73,13.78,13.21,13.51,88300
CTHR,20111216,2.5,2.64,2.49,2.55,32800
CTIB,20111216,4.83,5.19,4.66,4.86,5100
CTIC,20111216,5.25,5.5,5.1,5.4,2065900
CTRN,20111216,8.18,8.25,7.94,8.1,140800
CTRP,20111216,23,23.53,22.88,23.1,2158800
CTRX,20111216,27.505,28.39,27.42,28.255,265800
CTSH,20111216,65.36,67.05,65.21,65.49,4467100
CTWS,20111216,27.07,28.39,27.07,28.12,36300
CTXS,20111216,64.25,66.49,63.43,64.08,2799900
CU,20111216,29.31,29.66,29.27,29.36,40400
CUBA,20111216,6.19,6.32,6.19,6.29,5400
CUTR,20111216,7.03,7.03,6.96,6.96,66700
CVBF,20111216,9.45,9.64,9.39,9.44,1781200
CVCO,20111216,39.17,40.13,36.88,37.02,190000
CVCY,20111216,5.6,5.61,5.44,5.5,11400
CVGI,20111216,9.44,9.72,9.13,9.17,206400
CVGW,20111216,25.87,26.22,25.44,25.64,151500
CVLT,20111216,45.51,47.59,45.13,46.88,603500
CVLY,20111216,8.44,8.44,8.44,8.44,100
CVTI,20111216,2.85,2.93,2.81,2.9,41500
CVV,20111216,13.64,14.09,13.3,13.66,58200
CWBC,20111216,1.65,1.65,1.5,1.5,900
CWCO,20111216,8.63,9.32,8.44,9.23,406200
CWEI,20111216,73.72,79.2,73.72,77.4,470100
CWST,20111216,6.32,6.36,6.05,6.14,137000
CWTR,20111216,4,4.4,3.88,4.4,1870600
CXDC,20111216,5.01,5.04,4.92,5.04,52000
CXPO,20111216,2.56,2.6,2.41,2.43,190200
CY,20111216,16.65,16.92,16.5,16.71,4220900
CYAN,20111216,8.22,8.49,8.22,8.48,36300
CYBE,20111216,7.04,7.1,7,7.01,4600
CYBX,20111216,32.5,32.59,32.11,32.56,266700
CYCC,20111216,3.92,4.2,3.92,4.06,89700
CYCCP,20111216,3,3,3,3,300
CYMI,20111216,48,49.42,46.92,49.35,901900
CYNO,20111216,12.34,12.35,11.61,11.93,62800
CYOU,20111216,23.5,24.03,22.71,22.74,334000
CYTK,20111216,1.01,1.01,0.97,0.98,137600
CYTR,20111216,1.82,1.89,1.68,1.82,869200
CYTX,20111216,2.13,2.18,2.07,2.07,672800
CYTXW,20111216,1.18,1.18,1.18,1.18,0
CZFC,20111216,6.47,6.47,6.47,6.47,0
CZNC,20111216,17.86,18.11,17.58,17.8,59400
CZWI,20111216,5.04,5.05,4.89,5.05,4900
DAEG,20111216,1.86,1.86,1.79,1.8,6700
DAIO,20111216,4.04,4.04,3.85,3.85,3600
DAKT,20111216,9.49,9.67,9.26,9.5,445700
DARA,20111216,1.01,1.07,1.01,1.03,22100
DATE,20111216,6.26,6.38,6.13,6.21,137600
DAVE,20111216,8.79,9.31,8.7,8.78,20700
DBLE,20111216,5.9,6.2,5.87,6.14,103000
DBLEP,20111216,26.01,26.1,25.85,25.85,3000
DCIX,20111216,4.73,4.8,4.69,4.74,84100
DCOM,20111216,11.74,11.96,11.5,11.55,456300
DCTH,20111216,2.01,2.01,1.85,1.89,717400
DECK,20111216,87.72,90.87,86.51,89.17,2615800
DELL,20111216,15.15,15.36,15,15.03,21286800
DENN,20111216,3.74,3.87,3.67,3.84,1117200
DEPO,20111216,4.65,4.77,4.54,4.59,1846400
DEST,20111216,16.19,16.22,15.95,16.04,266700
DFZ,20111216,12.33,12.33,11.9,12.17,60700
DGAS,20111216,16.58,16.59,16.53,16.575,400
DGICA,20111216,14.94,14.94,14.31,14.4,63800
DGICB,20111216,15.84,15.84,15.84,15.84,0
DGII,20111216,10.49,10.7,10.32,10.49,218900
DGIT,20111216,11.88,12.03,11.68,11.93,857100
DGLY,20111216,0.74,0.74,0.65,0.71,4300
DHIL,20111216,72.74,73.69,71.54,71.55,11300
DHRM,20111216,1.49,1.7,1.45,1.46,23800
DIOD,20111216,19.73,20.04,19.44,19.74,517300
DISCA,20111216,40.52,40.6,39.69,40.17,3664800
DISCB,20111216,41.96,41.96,41.96,41.96,0
DISCK,20111216,36.94,37.16,36.3,36.45,532000
DISH,20111216,26.15,26.41,25.54,25.78,2976200
DJCO,20111216,66,66,66,66,1600
DLGC,20111216,5.45,5.9,5.25,5.9,67600
DLIA,20111216,1.25,1.27,1.2,1.2,12400
DLLR,20111216,17.81,17.96,17.69,17.94,501400
DLTR,20111216,41.225,41.52,40.2,41.41,27860600
DMLP,20111216,21.9,22.47,21.89,22.38,70600
DMND,20111216,27.35,27.82,26.83,27.02,1265900
DMRC,20111216,25.47,26.46,24.51,25.62,33100
DNBF,20111216,10.25,10.4,10.24,10.25,16600
DNDN,20111216,7.5,7.61,7.39,7.57,5658400
DNKN,20111216,24.51,24.74,24.27,24.58,964900
DORM,20111216,18.78,19.01,18.5,18.51,44600
DOVR,20111216,4.18,4.4,3.4,3.4,10100
DRAD,20111216,1.8,1.83,1.78,1.83,22300
DRAM,20111216,5.46,6,5.46,6,10100
DRCO,20111216,10.8,10.84,10.73,10.79,56100
DRIV,20111216,14.59,14.88,14.23,14.24,1612300
DRRX,20111216,1.3,1.32,1.22,1.24,644800
DRWI,20111216,3.69,3.86,3.67,3.67,138100
DRYS,20111216,2.17,2.18,2.1,2.1,2069100
DSCI,20111216,8.06,8.17,7.9,7.9,14700
DSCO,20111216,1.6,1.6,1.44,1.54,462600
DSGX,20111216,6.99,7,6.98,7,3600
DSPG,20111216,5.64,5.78,5.51,5.53,170900
DSWL,20111216,2.18,2.25,2.16,2.23,8400
DTLK,20111216,7.67,7.77,7.5,7.55,84900
DTSI,20111216,26.96,27.51,26.6,26.94,154500
DTV,20111216,43.29,43.86,41.97,42.1,25888800
DVAX,20111216,3.05,3.09,2.94,3.07,6786000
DVOX,20111216,3.88,3.95,3.66,3.7,69700
DWA,20111216,17.48,17.61,17.15,17.2,2489000
DWCH,20111216,5.5,5.6,5.45,5.46,3200
DWSN,20111216,35.31,36.93,35.31,36.74,77000
DXCM,20111216,8.33,8.53,8.21,8.28,786200
DXPE,20111216,30.9,31.81,30.67,31.18,92000
DXYN,20111216,2.8,2.91,2.77,2.82,3600
DYAX,20111216,1.38,1.39,1.33,1.36,427800
DYNT,20111216,3.35,3.45,3.35,3.4,1100
DYSL,20111216,1.71,1.75,1.47,1.55,43300
EBAY,20111216,29.8,30.86,29.73,30.4,16563800
EBIX,20111216,20.84,21.3,20.59,20.82,754900
EBMT,20111216,9.74,9.88,9.69,9.88,25400
EBSB,20111216,12.59,12.81,12.36,12.59,47000
EBTC,20111216,14.48,14.48,14.12,14.12,30300
ECHO,20111216,17.02,17.13,16.83,16.95,84000
ECOL,20111216,17.7,17.96,17.49,17.62,107000
ECPG,20111216,19.82,20.22,19.63,19.88,278000
ECTE,20111216,2.05,2.1,2.01,2.1,56400
ECTY,20111216,0.96,1,0.96,0.96,234900
ECYT,20111216,3.18,3.45,3.02,3.06,1421100
EDAC,20111216,10.41,10.45,10.24,10.45,25800
EDAP,20111216,1.78,1.84,1.75,1.8,21300
EDGW,20111216,2.68,2.88,2.65,2.88,16200
EDMC,20111216,23.43,23.43,22.38,22.49,329000
EDS,20111216,4.42,5.3,4.24,4.4,67500
EDUC,20111216,5.21,5.3,4.89,4.89,4500
EEFT,20111216,16.61,17.04,16.43,16.81,299600
EEI,20111216,15.82,15.83,15.61,15.83,3900
EFII,20111216,14.08,14.28,13.77,13.97,219400
EFSC,20111216,15,15.13,14.73,14.93,91100
EFUT,20111216,4.71,4.71,4.71,4.71,0
EGAN,20111216,6,6.39,6,6.21,65500
EGBN,20111216,14.56,14.94,14.46,14.46,81600
EGHT,20111216,3.65,3.69,3.5,3.66,611700
EGLE,20111216,4.36,4.36,4.24,4.28,351300
EGOV,20111216,12.65,12.82,12.39,12.53,386500
EHTH,20111216,15,15.1,14.81,15,283600
EIHI,20111216,13.55,13.84,13.45,13.8,11600
ELGX,20111216,11.54,11.74,11.36,11.68,1062700
ELNK,20111216,6.14,6.27,6.08,6.18,2827100
ELON,20111216,4.76,4.8,4.73,4.79,209900
ELOS,20111216,10.12,10.13,9.75,10.04,139400
ELRC,20111216,16.37,16.85,16.24,16.49,81700
ELSE,20111216,3.87,3.92,3.87,3.87,5100
ELTK,20111216,1.22,1.25,1.22,1.25,6100
EMCF,20111216,15.99,15.99,15.99,15.99,0
EMCI,20111216,20.5,20.5,19.98,20.34,37900
EMFN,20111216,21.72,21.72,21.61,21.61,1500
EMIF,20111216,28.75,28.81,28.53,28.61,22500
EMITF,20111216,2.67,2.75,2.67,2.75,1800
EMKR,20111216,3.48,3.6,3.28,3.36,468700
EML,20111216,21.11,21.11,19.76,20.61,5700
EMMS,20111216,0.74,0.78,0.74,0.75,58600
EMMSP,20111216,15.6,15.6,15.35,15.5,17100
EMMT,20111216,19.37,19.37,19.37,19.37,1400
ENDP,20111216,34.66,35.11,34.18,34.97,2522400
ENG,20111216,2.06,2.19,2.06,2.19,17700
ENMD,20111216,1.39,1.41,1.27,1.39,19500
ENOC,20111216,9.6,9.78,9.36,9.78,449400
ENSG,20111216,25.2,25.64,24.4,24.55,233400
ENTG,20111216,8.17,8.34,8.12,8.3,1270000
ENTR,20111216,4.89,5.09,4.8,4.94,1490400
ENZN,20111216,7,7.05,6.52,6.53,1031400
EONC,20111216,1.53,1.69,1.37,1.43,189600
EPAX,20111216,4.5,4.5,4.28,4.3,93300
EPAY,20111216,21.61,22.14,21.45,21.78,501100
EPIQ,20111216,12.14,12.21,11.82,11.93,496900
EQIX,20111216,98.48,99.93,97.89,98.91,1238400
ERIC,20111216,9.43,9.48,9.27,9.37,4577000
ERIE,20111216,76.25,76.64,75.55,76.28,71500
ERII,20111216,2.83,2.89,2.58,2.63,696700
EROC,20111216,10.9,11,10.78,10.81,242700
ESBF,20111216,14.4,14.48,14.09,14.16,56600
ESBK,20111216,15.8,15.8,15.8,15.8,200
ESCA,20111216,4.43,4.5,4.39,4.39,3500
ESEA,20111216,2.62,2.66,2.46,2.48,126400
ESGR,20111216,97.64,100.46,97.64,99.72,32600
ESIO,20111216,12.75,13.08,12.54,12.78,369200
ESLT,20111216,42.23,43.28,42.23,42.32,8100
ESMC,20111216,1.14,1.2,1.13,1.18,1800
ESRX,20111216,43.66,44.25,43.29,43.52,6846100
ESSA,20111216,10.63,10.8,10.32,10.46,156500
ESSX,20111216,2.59,2.92,2.57,2.79,73600
ESYS,20111216,4.42,4.54,4.25,4.36,12300
ETFC,20111216,7.92,8,7.59,7.72,10299500
ETRM,20111216,1.88,1.9,1.65,1.65,97600
EUFN,20111216,14.56,14.72,14.42,14.54,5400
EVBS,20111216,1.86,1.9,1.85,1.87,2400
EVEP,20111216,63.67,65.1,63.25,64.71,330300
EVOL,20111216,7.1,7.22,7,7.02,16800
EWBC,20111216,18.64,19.19,18.59,18.75,2119000
EXAC,20111216,15.49,15.64,14.5,14.66,45900
EXAR,20111216,6.83,6.84,6.65,6.81,564400
EXAS,20111216,8.05,8.14,7.95,7.99,1163600
EXEL,20111216,4.11,4.35,4.11,4.18,2742000
EXFO,20111216,5.3,5.41,5.29,5.34,63100
EXLP,20111216,20.91,21.19,20.56,20.72,168800
EXLS,20111216,23.11,23.63,22.84,23.05,158200
EXPD,20111216,40.63,41.29,40.21,40.37,1943400
EXPE,20111216,27.74,28.23,27.59,27.98,5094600
EXPO,20111216,45.75,46.49,45.22,46.15,120200
EXTR,20111216,2.94,2.96,2.82,2.86,441600
EXXI,20111216,28.01,28.76,27.53,28.1,976600
EZCH,20111216,29.53,29.88,29.17,29.26,119400
EZPW,20111216,26.57,26.89,26.2,26.51,678900
FABK,20111216,12.74,13.01,12.61,13.01,82600
FALC,20111216,2.63,2.63,2.6,2.63,145900
FARM,20111216,7.67,7.75,7.31,7.31,39200
FARO,20111216,45.1,45.59,44.15,44.97,198800
FAST,20111216,41.05,42.08,40.95,41.42,2874300
FBIZ,20111216,16.63,16.66,16.63,16.66,500
FBMI,20111216,5.25,5.25,5.02,5.2,9300
FBMS,20111216,7.63,7.63,7.63,7.63,0
FBNC,20111216,11.44,11.44,11.1,11.34,67800
FBNK,20111216,13.04,14.21,12.96,13.38,463400
FBRC,20111216,8.12,8.28,8,8.24,683800
FBSS,20111216,10.65,10.99,10.65,10.87,4700
FCAL,20111216,3.47,3.51,3.28,3.31,48600
FCAP,20111216,18.5,18.5,18.5,18.5,0
FCBC,20111216,12.48,12.54,12.24,12.26,134800
FCCO,20111216,5.92,5.92,5.92,5.92,0
FCCY,20111216,6.68,6.76,6.66,6.76,3500
FCEL,20111216,0.95,0.96,0.91,0.92,1237800
FCFC,20111216,6.66,6.75,6.52,6.52,13000
FCFS,20111216,35.97,37.27,35.95,36.28,774400
FCHI,20111216,41.34,41.39,40.81,41.17,2600
FCLF,20111216,6.11,6.12,6,6,3000
FCNCA,20111216,172.07,174.69,171.65,172.03,18300
FCTY,20111216,3.51,3.54,3.44,3.54,40200
FCVA,20111216,2.18,2.24,2.05,2.19,2300
FCZA,20111216,3.85,4.05,3.82,3.89,1400
FDEF,20111216,14.26,14.55,14.26,14.55,56000
FDML,20111216,13.47,13.75,13.39,13.6,234000
FDUS,20111216,13,13.5,12.7,12.99,104400
FEIC,20111216,38.81,39.65,38.81,39.56,487700
FEIM,20111216,7.3,7.3,7.25,7.25,5100
FELE,20111216,20.99,21.445,20.845,21.15,309200
FES,20111216,6.18,6.48,5.86,5.86,71500
FFBC,20111216,16.31,16.79,16.06,16.24,659000
FFBCW,20111216,4.54,4.54,4.54,4.54,0
FFBH,20111216,5.01,5.14,4.99,5,4200
FFCH,20111216,8.14,8.19,7.93,7.93,97100
FFCO,20111216,13.1,13.1,13.1,13.1,0
FFEX,20111216,1.2,1.28,1.2,1.27,9900
FFHL,20111216,1.2,1.29,1.2,1.24,14300
FFIC,20111216,12.81,12.97,12.56,12.64,337900
FFIN,20111216,32.73,33,32.3,32.54,310700
FFIV,20111216,106.01,108.75,104.77,104.83,2161800
FFKT,20111216,4.17,4.2,4.01,4.03,17300
FFKY,20111216,1.11,1.2,1,1,5100
FFN,20111216,0.55,0.64,0.55,0.61,165600
FFNM,20111216,3.01,3.18,3,3.18,2300
FFNW,20111216,5.7,5.7,5.62,5.62,23100
FHCO,20111216,4.71,4.78,4.63,4.69,52000
FIBK,20111216,12.16,12.24,12.1,12.15,83500
FINL,20111216,20.96,21.23,20.83,21.08,1171800
FIRE,20111216,34,35.9,34,35.42,1095100
FISI,20111216,16.25,16.45,15.99,16.05,68200
FISV,20111216,57.57,58.01,56.75,57.43,1299500
FITB,20111216,12.02,12.27,11.98,12.07,14324000
FITBP,20111216,141.92,142.25,141.5,141.5,1500
FIZZ,20111216,16.67,16.67,16.14,16.36,107900
FLDM,20111216,12.8,13.14,12.73,13.11,86700
FLEX,20111216,5.9,5.97,5.79,5.79,6365700
FLIC,20111216,26.82,26.82,25.81,26.05,37000
FLIR,20111216,25.14,25.73,24.91,25.18,5449100
FLML,20111216,4.81,4.83,4.75,4.82,19700
FLOW,20111216,3.6,3.8,3.46,3.55,866000
FLWS,20111216,2.31,2.36,2.22,2.31,350700
FLXS,20111216,13.75,13.89,13.5,13.79,8100
FMBI,20111216,9.45,9.74,9.23,9.29,1049900
FMCN,20111216,19.71,20.18,19.2,19.4,2653100
FMER,20111216,14.41,14.95,14.41,14.59,3393800
FMFC,20111216,2.85,2.85,2.78,2.82,2500
FMNB,20111216,4.73,4.75,4.5,4.5,22400
FNBN,20111216,11.55,11.55,11.51,11.51,1300
FNFG,20111216,8.5,8.61,8.43,8.5,10589700
FNGN,20111216,21.49,21.79,21.08,21.72,723600
FNLC,20111216,14.85,14.9,14.5,14.7,37200
FNSR,20111216,15.77,16.12,15.58,15.85,2421600
FOLD,20111216,3.34,3.41,3.31,3.32,74100
FONE,20111216,23.12,23.12,22.96,22.99,1100
FONR,20111216,1.72,1.74,1.66,1.68,20300
FORD,20111216,1.69,1.69,1.6,1.61,13600
FORM,20111216,4.99,5,4.79,4.85,845800
FORR,20111216,33.05,33.31,32.65,32.99,164300
FORTY,20111216,16.15,16.5,16,16.06,4400
FOSL,20111216,82.15,84.38,80.15,80.94,2977700
FRAN,20111216,18.23,18.32,16.56,17.07,368500
FRBK,20111216,1.46,1.46,1.35,1.45,15600
FRED,20111216,13.6,13.78,13.46,13.63,1365200
FREE,20111216,5.5,5.6,5,5,47400
FRME,20111216,8.79,8.97,8.69,8.87,134800
FRNK,20111216,11.31,11.36,11.18,11.27,44200
FRP,20111216,4.43,4.5,4.14,4.39,210000
FSBK,20111216,3.46,3.55,3.46,3.55,2200
FSC,20111216,9.54,9.65,9.42,9.54,940700
FSCI,20111216,29.24,29.56,29,29.01,34800
FSFG,20111216,16.99,16.99,16.99,16.99,300
FSGI,20111216,2.47,2.57,2.4,2.46,10800
FSLR,20111216,31.85,32.19,29.9,31.91,8077300
FSRV,20111216,24.51,24.57,24.12,24.2,36800
FSTR,20111216,25.51,27.01,25.28,26.88,103700
FSYS,20111216,16.07,16.39,15.6,15.78,267200
FTEK,20111216,6.04,6.11,5.89,6,121900
FTNT,20111216,21.91,22.68,21.8,22.17,1772800
FTR,20111216,4.85,5.03,4.79,4.92,30526300
FUBC,20111216,5.47,5.51,5.38,5.51,228900
FULL,20111216,6.94,6.95,6.8,6.81,31800
FULT,20111216,9.32,9.65,9.21,9.47,2139900
FUNC,20111216,3.21,3.21,3.2,3.2,14000
FUND,20111216,6.27,6.28,6.16,6.2,39900
FURX,20111216,16.97,17.21,16.79,16.79,66900
FWLT,20111216,17.51,17.77,17.34,17.42,2009800
FWRD,20111216,32.5,33.08,32.19,32.44,306700
FXCB,20111216,12.65,12.72,12.52,12.7,122900
FXEN,20111216,4.59,4.89,4.57,4.64,434700
GABC,20111216,18.9,19,18.24,18.26,64900
GAGA,20111216,3.65,3.79,3.59,3.68,5200
GAI,20111216,3.27,3.27,3.27,3.27,0
GAIA,20111216,3.25,3.3,3.19,3.27,31200
GAIN,20111216,7.42,7.49,7.32,7.38,172600
GALE,20111216,0.43,0.45,0.38,0.39,502000
GAME,20111216,4.06,4.61,3.93,4.56,1107700
GASS,20111216,4.01,4.02,3.84,3.84,8500
GBCI,20111216,11.74,12.2,11.69,11.78,908600
GBDC,20111216,15.95,15.95,15.3,15.38,46900
GBLI,20111216,18.72,19.08,18.53,19,65900
GBNK,20111216,1.44,1.44,1.39,1.4,47700
GCBC,20111216,17.06,17.06,17.06,17.06,0
GCFB,20111216,2,2.14,1.8,1.95,7500
GCOM,20111216,12.3,12.71,12.1,12.37,94700
GCVRZ,20111216,1.25,1.27,1.22,1.25,4914900
GENC,20111216,6.95,6.95,6.75,6.81,2400
GENE,20111216,3.45,3.65,3.29,3.37,15600
GENT,20111216,6,6.18,5.68,6.01,10200
GERN,20111216,1.47,1.5,1.45,1.49,5494000
GEVA,20111216,22.55,22.69,20,22.07,25200
GEVO,20111216,6.29,6.5,6.11,6.37,211300
GFED,20111216,6.25,6.25,6.25,6.25,300
GFN,20111216,2.5,2.68,2.5,2.68,56900
GFNCL,20111216,3.3,3.3,3.3,3.3,0
GGAL,20111216,6.29,6.36,6.17,6.25,444100
GHDX,20111216,26.45,26.62,26.16,26.3,434600
GIFI,20111216,26.64,27.6,26.58,27.46,134900
GIGA,20111216,1.55,1.58,1.44,1.44,6800
GIGM,20111216,0.81,0.82,0.81,0.81,144600
GIII,20111216,23.95,24.71,23.81,24.15,203400
GILD,20111216,19.2,19.3,18.52,18.58,23169700
GILT,20111216,3.86,3.92,3.77,3.83,28600
GIVN,20111216,16.83,16.85,16.62,16.77,15800
GKNT,20111216,17.19,17.21,16.93,17.01,16200
GLAD,20111216,7.75,7.79,7.65,7.65,181300
GLBS,20111216,3.4,3.4,3,3,67000
GLBZ,20111216,8.2,8.2,8.2,8.2,0
GLCH,20111216,1.51,1.72,1.45,1.66,987500
GLDC,20111216,3.56,3.56,3.56,3.56,100
GLDD,20111216,5.39,5.54,5.22,5.25,362000
GLNG,20111216,43.65,43.89,42.49,43,717700
GLPW,20111216,23.11,23.6,22.79,22.89,59700
GLRE,20111216,23.74,23.94,22.91,22.97,226700
GLUU,20111216,3.18,3.35,2.97,3.18,3414600
GMAN,20111216,14.21,14.21,13.12,13.33,57100
GMCR,20111216,44.91,46.25,44.17,45.26,7453100
GMETP,20111216,10.57,10.57,10.57,10.57,0
GMLP,20111216,28.99,29.15,28.72,29,54700
GNCMA,20111216,10.11,10.63,10.05,10.56,599100
GNMK,20111216,4.41,4.63,4.13,4.16,19900
GNTX,20111216,27.79,28.27,27.42,27.7,1243600
GNVC,20111216,2.71,2.78,2.71,2.78,41600
GOLD,20111216,100.27,102.19,99.69,101.8,2086200
GOOD,20111216,17.54,17.6,17.19,17.23,71700
GOODO,20111216,24,24,23.75,23.81,1800
GOODP,20111216,24.55,24.55,24.55,24.55,100
GOOG,20111216,624.32,629.32,621.47,625.96,4459700
GPIC,20111216,6.01,6.3,5.92,6.23,10000
GPOR,20111216,28.03,28.75,27.79,28.5,1692900
GPRC,20111216,1.76,1.9,1.72,1.9,16700
GPRE,20111216,10.16,10.38,10.04,10.23,364500
GRFS,20111216,9.8,9.86,9.7,9.82,2064400
GRID,20111216,24,24,23.83,23.87,1200
GRIF,20111216,26.02,26.97,26.02,26.07,6500
GRMN,20111216,37.62,38.2,37.36,38,2382900
GROW,20111216,6.27,6.33,6.12,6.12,56800
GRPN,20111216,23.44,25.15,21.5,23.04,4532000
GRVY,20111216,1.28,1.28,1.25,1.28,50500
GSBC,20111216,22.84,23.43,22.8,23.22,92000
GSIG,20111216,9.97,10.23,9.93,10.1,90900
GSIT,20111216,4.6,4.66,4.56,4.6,146600
GSJK,20111216,14.4,14.89,14.26,14.81,10500
GSM,20111216,12.77,13.3,12.67,13.09,1109800
GSOL,20111216,5.11,5.23,5.02,5.04,86800
GSVC,20111216,16,16,13.85,14,236800
GTAT,20111216,6.93,7.23,6.81,7.15,3547900
GTIM,20111216,1.3,1.45,1.3,1.3,2200
GTIV,20111216,5.91,6.1,5.8,6.07,964300
GTLS,20111216,55.26,56.26,54.4,55.45,526500
GTXI,20111216,2.79,2.81,2.69,2.71,166200
GUID,20111216,6,6.1,6,6.08,125800
GULF,20111216,14.73,14.73,14.73,14.73,600
GURE,20111216,1.75,2,1.72,1.85,491400
GYRO,20111216,101.01,101.5,99.99,101.5,3000
HA,20111216,6.07,6.41,6.01,6.41,1156500
HAFC,20111216,0.88,0.95,0.85,0.94,13199100
HAIN,20111216,36.98,37.35,36.51,36.77,617700
HALL,20111216,7.53,7.66,7.46,7.56,57600
HALO,20111216,9.3,9.44,9.06,9.23,851100
HAS,20111216,34.53,34.68,33.8,34.02,2643500
HAST,20111216,1.41,1.42,1.34,1.37,78500
HAUP,20111216,0.84,0.84,0.76,0.8,5200
HAYN,20111216,52.01,53.96,50.2,51.89,544200
HBAN,20111216,5.12,5.19,5.03,5.09,16731000
HBANP,20111216,1060,1061.12,1060,1061.12,100
HBCP,20111216,15.07,15.22,15.07,15.22,2000
HBHC,20111216,30.46,31.64,30.25,31.43,2427100
HBIO,20111216,4.11,4.21,4.01,4.07,98400
HBNC,20111216,11.5333,11.5333,11.5333,11.5333,0
HBNK,20111216,11.44,11.48,11.35,11.48,2300
HBOS,20111216,10.98,11.33,10.81,11.33,4400
HCBK,20111216,5.92,6.23,5.92,6,13304700
HCCI,20111216,16.68,17.83,16.41,17.55,25400
HCIIP,20111216,9.57,9.57,9.57,9.57,0
HCKT,20111216,3.65,3.74,3.62,3.64,310400
HCOM,20111216,15.02,15.02,15.02,15.02,1300
HCSG,20111216,17.57,17.73,17.32,17.51,1015500
HDNG,20111216,8.26,8.26,8,8.09,62200
HDSN,20111216,1.35,1.43,1.35,1.35,27500
HEES,20111216,12.58,13.94,12.58,13.29,334300
HELE,20111216,29.92,30.34,28.92,29.04,673600
HEOP,20111216,3.38,3.38,3.38,3.38,200
HERO,20111216,3.99,4.24,3.99,4.17,5182800
HFBC,20111216,5.96,6.08,5.95,5.95,6100
HFBL,20111216,13.82,13.82,13.82,13.82,100
HFFC,20111216,10.12,10.51,10.12,10.51,7000
HFWA,20111216,12.96,13.17,12.9,13.15,118400
HGSH,20111216,0.79,0.79,0.78,0.78,1500
HIBB,20111216,44.55,45.65,44.23,44.61,543300
HIFS,20111216,48.39,48.39,47.05,47.05,1200
HIHO,20111216,2.25,2.3,2.17,2.17,300
HILL,20111216,1.41,1.42,1.38,1.39,285500
HIMX,20111216,0.99,1,0.99,0.99,170000
HITK,20111216,38.68,39.92,38.43,39.13,468300
HITT,20111216,49.64,49.64,48.34,48.95,337900
HLIT,20111216,4.88,5.06,4.81,5.03,2100200
HMIN,20111216,25.81,26.43,25.04,25.75,448200
HMNF,20111216,2,2,1.77,1.77,300
HMNY,20111216,2.72,3.9,2.33,2.33,68000
HMPR,20111216,2.72,2.8,2.7,2.72,66000
HMSY,20111216,31,32.03,29.91,31.15,14275900
HNH,20111216,10.52,10.67,10.25,10.27,38600
HNRG,20111216,10.09,10.17,9.9,10.15,50500
HNSN,20111216,2.69,2.71,2.5,2.53,447600
HOFT,20111216,10.84,11.09,10.32,10.32,36100
HOGS,20111216,8.35,8.59,8.07,8.53,214500
HOLI,20111216,7.41,7.86,7.31,7.76,458200
HOLL,20111216,1.27,1.27,1.17,1.24,6100
HOLX,20111216,16.59,16.91,16.38,16.79,4938700
HOMB,20111216,24.44,24.91,24.15,24.47,309500
HOME,20111216,10.33,10.55,10.25,10.43,100100
HOTT,20111216,6.77,6.99,6.77,6.8,824900
HOVNP,20111216,1.3,1.31,1.3,1.31,12700
HPCCP,20111216,25.61,25.61,25.61,25.61,0
HPJ,20111216,1.02,1.04,1.02,1.04,2400
HPOL,20111216,0.69,0.72,0.6,0.6,25000
HRZN,20111216,16.14,16.21,16,16.01,64400
HSIC,20111216,62.04,63.28,61.93,62.44,1114300
HSII,20111216,21.25,21.67,20.65,21.07,206700
HSKA,20111216,7,7.12,7,7.1,15600
HSNI,20111216,36.17,37,36.03,36.28,721500
HSOL,20111216,1.03,1.12,1.01,1.1,773300
HSTM,20111216,16.4,16.99,16.39,16.85,382500
HTBK,20111216,4.9,4.94,4.78,4.92,129400
HTCH,20111216,1.62,1.62,1.52,1.56,56600
HTCO,20111216,10.81,10.91,10.61,10.77,68500
HTHT,20111216,12.95,13.39,12.65,13.17,74700
HTLD,20111216,13.75,14.19,13.75,13.96,1024100
HTLF,20111216,16.42,16.43,15.75,15.78,76000
HTWR,20111216,69.05,69.88,68.18,69.24,97200
HUBG,20111216,31.17,31.81,30.87,31.55,465700
HURC,20111216,21.47,21.47,21.06,21.23,28400
HURN,20111216,38.09,38.53,37.21,37.69,241100
HWAY,20111216,6.62,6.69,6.4,6.58,617000
HWBK,20111216,5.83,5.85,5.75,5.8,3300
HWCC,20111216,13.2,13.37,12.84,13.14,205800
HWKN,20111216,36,36.71,35.75,36.11,64500
HYGS,20111216,5.25,5.4,5.24,5.36,5700
HZNP,20111216,4.75,4.78,4.62,4.75,87600
IACI,20111216,40.61,41.64,40.61,41.53,1004600
IART,20111216,31.23,31.24,30.48,30.68,375100
IBB,20111216,99.72,100.93,99.72,100.11,454500
IBCA,20111216,2.44,2.48,2.41,2.45,10200
IBCP,20111216,1.38,1.38,1.31,1.37,21300
IBCPO,20111216,11.7,11.7,11.7,11.7,0
IBKC,20111216,48.61,49.45,48.03,48.51,259000
IBKR,20111216,14.48,14.71,14.48,14.69,563000
IBOC,20111216,17.77,18.39,17.59,17.76,644100
ICAD,20111216,0.56,0.56,0.54,0.55,47600
ICCC,20111216,4.65,4.71,4.65,4.68,400
ICFI,20111216,25.42,26.41,25.37,25.8,176700
ICGE,20111216,8.25,8.49,8.14,8.14,305800
ICLN,20111216,8.49,8.59,8.44,8.49,46600
ICLR,20111216,16.14,16.3,15.57,15.99,329500
ICON,20111216,16.75,17.18,16.58,16.78,1088800
ICUI,20111216,43.56,44.49,43.47,44.36,139500
IDCC,20111216,40.5,40.61,39.28,39.47,1005800
IDIX,20111216,6.67,7.12,6.55,7.09,4662400
IDRA,20111216,1.16,1.2,1.07,1.12,32000
IDSA,20111216,5.74,5.75,5.51,5.55,8700
IDSY,20111216,5.01,5.11,4.98,4.98,5300
IDTI,20111216,5.45,5.57,5.26,5.46,1651000
IDXX,20111216,74.07,74.96,73.69,74.01,340200
IEP,20111216,37.03,38.01,36.35,38.01,18200
IESC,20111216,2,2.02,2,2,20800
IFAS,20111216,24.29,24.4,24.24,24.25,3400
IFEU,20111216,23.78,23.78,23.78,23.78,100
IFGL,20111216,24.92,25.02,24.71,24.8,39800
IFNA,20111216,41.18,41.18,40.4,40.85,2000
IFON,20111216,0.65,0.65,0.65,0.65,8500
IFSM,20111216,30.26,30.41,30.21,30.21,400
IGLD,20111216,12.78,12.78,11.91,12.07,1200
IGOI,20111216,9.96,10.32,9.84,9.96,17000
IGOV,20111216,97.89,98.25,97.63,97.75,21000
IGTE,20111216,15.9,16.39,15.9,16.38,506900
III,20111216,1.04,1.06,1.02,1.06,26900
IIIN,20111216,10.66,10.7,10.31,10.38,95100
IIJI,20111216,8.58,8.59,8.48,8.48,6100
IILG,20111216,13.24,13.48,12.8,12.85,461500
IIN,20111216,6.87,6.87,6.87,6.87,0
IIVI,20111216,17.38,17.76,17.09,17.33,397300
IKAN,20111216,0.79,0.82,0.77,0.79,39200
IKNX,20111216,7.54,7.54,7.5,7.5,600
ILMN,20111216,27.22,27.58,26.58,26.91,5622500
IMGN,20111216,11.35,11.63,11.19,11.4,772700
IMI,20111216,9.17,9.19,8.8,9.07,1188900
IMKTA,20111216,15.19,15.19,14.82,15.03,79200
IMMR,20111216,5.57,5.77,5.35,5.41,175800
IMMU,20111216,3.16,3.22,3.09,3.17,490800
IMMY,20111216,0.45,0.5,0.35,0.5,6600
IMOS,20111216,5.24,5.24,5.15,5.15,82000
IMRS,20111216,2.7,2.73,2.64,2.64,26900
INAP,20111216,5.67,5.83,5.53,5.61,338000
INCY,20111216,13.45,14.05,13.35,13.77,2452200
INDB,20111216,26.91,27.29,26.47,27.08,244000
INDY,20111216,20.15,20.19,20.02,20.13,121500
INFA,20111216,40.75,41.75,40.52,41.05,1717300
INFI,20111216,9.87,9.99,9.4,9.5,123200
INFN,20111216,6.43,6.57,6.27,6.44,1425900
ININ,20111216,24.33,24.47,23.35,23.58,211500
INOC,20111216,1.03,1.03,1.03,1.03,100
INOD,20111216,3.82,3.9,3.69,3.7,40200
INPH,20111216,4.85,4.92,4.64,4.73,13000
INSM,20111216,3.2,3.22,3.16,3.18,86000
INTC,20111216,23.47,23.89,23.23,23.23,94569700
INTG,20111216,19.62,19.62,19.62,19.62,0
INTL,20111216,24.77,24.89,23.35,23.55,97000
INTT,20111216,2.32,2.41,2.29,2.34,9500
INTU,20111216,51.59,52.43,51.34,51.78,3406300
INTX,20111216,11.29,11.46,10.81,11.28,141700
INVE,20111216,2.15,2.15,2.04,2.07,244400
INWK,20111216,9.93,10.06,9.57,9.6,236000
IOSP,20111216,28.93,29.32,28.64,28.76,129000
IPAR,20111216,18.39,18.89,18.1,18.21,251800
IPAS,20111216,1.4,1.4,1.36,1.38,31000
IPCC,20111216,55.57,56.76,54.51,55.43,179900
IPCI,20111216,2.99,2.99,2.88,2.99,9400
IPCM,20111216,45.19,45.8,44.49,44.78,148500
IPGP,20111216,35.37,36.55,35.01,35.44,480000
IPHS,20111216,48.35,49.86,48.25,48.81,148300
IPXL,20111216,18.11,19.12,18.11,18.95,1040500
IRBT,20111216,30.76,31.19,29.75,29.85,658900
IRDM,20111216,7.57,7.62,7.36,7.48,428800
IRDMZ,20111216,1.19,1.19,1.19,1.19,0
IRIX,20111216,3.76,3.76,3.58,3.58,5000
IROQ,20111216,11.24,11.35,11.24,11.26,1600
IRWD,20111216,11.94,12.09,11.37,11.42,652100
ISBC,20111216,13.22,13.64,12.94,12.96,475700
ISCA,20111216,24.56,24.86,24.23,24.41,272200
ISHG,20111216,97.3,97.49,96.9,96.95,17600
ISIG,20111216,2.1,2.1,2,2.09,56900
ISIL,20111216,10.2,10.31,10,10.14,2112500
ISIS,20111216,6.9,6.9,6.7,6.74,1306800
ISLE,20111216,4.67,4.76,4.55,4.67,120600
ISM,20111216,20,20.99,20,20.15,8900
ISNS,20111216,6.05,6.24,5.85,6.05,7100
ISRG,20111216,430.93,434.14,426.56,432.12,333900
ISRL,20111216,91,91,85.32,85.91,3900
ISSC,20111216,3.25,3.45,3.25,3.3,13900
ISSI,20111216,9.16,9.28,8.97,9.08,181300
ITIC,20111216,36.03,37.25,36.03,36.7,8600
ITMN,20111216,12.79,12.79,10.67,11.09,8865200
ITRI,20111216,34.97,35.66,34.72,34.99,690200
ITRN,20111216,13.08,13.09,12.37,13.03,11500
IVAC,20111216,7.51,7.71,7.3,7.65,358500
IVAN,20111216,0.88,0.91,0.79,0.79,2288600
IXYS,20111216,10.9,11.13,10.71,10.81,146800
JACK,20111216,20.57,20.72,20.4,20.55,737100
JADE,20111216,2.08,2.08,1.95,1.98,129800
JAKK,20111216,17.56,17.79,17.25,17.35,284400
JASO,20111216,6.75,6.85,6.35,6.35,2239000
JAXB,20111216,3.04,3.5,3.04,3.49,1400
JAZZ,20111216,36.61,37.22,36.21,36.98,747700
JBHT,20111216,43.67,44.95,43.58,44.46,1807900
JBLU,20111216,5.31,5.65,5.28,5.57,13336300
JBSS,20111216,7.38,7.47,7.16,7.24,31900
JCOM,20111216,26.17,26.53,26.05,26.33,990800
JCS,20111216,14.25,14.25,12.96,13.39,72600
JCTCF,20111216,7.86,8.21,7.86,8.21,1600
JDSU,20111216,9.63,9.77,9.38,9.53,7264700
JFBI,20111216,2.3,2.3,2.3,2.3,16100
JIVE,20111216,15.34,15.34,14.43,15.1,495600
JJSF,20111216,52.5,53.17,51.69,52.5,175100
JKHY,20111216,32.93,33.64,32.93,33.42,978300
JMBA,20111216,1.33,1.37,1.25,1.3,758800
JOBS,20111216,42.56,43.47,42.12,42.9,83800
JOEZ,20111216,0.57,0.57,0.52,0.52,218500
JOSB,20111216,49.04,49.29,48.19,48.53,470200
JOUT,20111216,16,16.04,15.65,15.82,18100
JRCC,20111216,6.72,6.96,6.39,6.81,9159500
JRJC,20111216,1.75,1.76,1.73,1.74,53900
JSM,20111216,19.54,19.56,18.82,19,17500
JST,20111216,8.59,8.95,8.34,8.84,47200
JVA,20111216,8.11,8.39,8.02,8.11,139300
JXSB,20111216,13.8,13.8,13.8,13.8,0
KALU,20111216,44.04,44.63,42.51,42.82,349300
KBALB,20111216,5.8,5.81,5.55,5.62,137300
KCAP,20111216,6.79,6.79,6.51,6.67,109400
KCLI,20111216,31.4,31.76,30.82,31.66,33500
KELYA,20111216,13.07,13.35,12.8,13.03,411900
KELYB,20111216,13.67,13.67,13.67,13.67,0
KEQU,20111216,8.16,8.16,8.09,8.16,3500
KERX,20111216,2.43,2.55,2.39,2.47,1201600
KEYN,20111216,20.35,20.68,20.17,20.51,334800
KEYW,20111216,7.11,7.2,6.97,7.08,77000
KFFB,20111216,9.13,9.13,9.13,9.13,0
KFRC,20111216,11.12,11.57,11.05,11.16,596700
KGJI,20111216,1.39,1.44,1.26,1.26,72000
KINS,20111216,3.2,3.2,3.19,3.2,1800
KIOR,20111216,11.47,11.47,10.4,10.83,125700
KIPO,20111216,9.18,9.18,8.7,8.7,2200
KIPS,20111216,1.51,1.75,1.51,1.67,2800
KIRK,20111216,11.96,12.5,11.87,12.45,423800
KLAC,20111216,46.35,46.71,45.67,46.04,4176700
KLIC,20111216,8.86,9.08,8.57,8.61,1658300
KNDI,20111216,2.98,3.08,2.87,2.92,55700
KONA,20111216,5.59,6.1,5.59,5.78,274000
KONE,20111216,0.61,0.61,0.57,0.57,8800
KONG,20111216,4.5,4.5,4.25,4.32,44500
KOOL,20111216,0.82,0.85,0.82,0.82,26300
KOPN,20111216,4.05,4.15,3.7,3.81,1204400
KOSS,20111216,5.12,5.15,5.12,5.15,300
KRNY,20111216,9.73,9.85,9.17,9.31,162600
KSWS,20111216,2.95,2.95,2.47,2.54,543100
KTCC,20111216,4.51,4.6,4.48,4.55,14700
KTEC,20111216,13.35,13.48,13.08,13.38,2300
KTOS,20111216,5.88,6.14,5.75,5.88,542300
KUTV,20111216,0.97,1.02,0.97,0.98,31800
KVHI,20111216,7.89,7.89,7.54,7.68,152900
LABC,20111216,16.02,16.04,14.82,15.05,18800
LABL,20111216,25.97,26.09,25.59,25.87,65400
LACO,20111216,1.91,1.94,1.85,1.93,8000
LAKE,20111216,7.45,7.8,7.45,7.76,6000
LAMR,20111216,23.95,24.47,23.68,23.99,1595400
LANC,20111216,71,71.49,70.19,71.36,424900
LARK,20111216,17.33,18.98,17.33,17.96,5300
LAWS,20111216,16.08,16.08,15.27,15.85,49100
LAYN,20111216,22.45,23.18,22.18,23.18,356300
LBAI,20111216,8.9,9.05,8.65,8.65,89300
LBIX,20111216,2.85,2.85,2.85,2.85,1100
LBTYA,20111216,39.98,40.79,39.33,39.58,1597100
LBTYB,20111216,39.37,39.37,39.37,39.37,0
LBTYK,20111216,38.15,39.24,38.05,38.36,288000
LCAV,20111216,2.7,2.89,2.66,2.83,34000
LCNB,20111216,12.66,12.99,12.66,12.99,400
LCUT,20111216,12.27,12.49,12.14,12.34,43000
LEAP,20111216,8.29,8.59,8.05,8.07,1679100
LECO,20111216,37.69,38.54,37.46,38.12,738700
LEDR,20111216,2.37,2.37,2.37,2.37,300
LEDS,20111216,2.83,2.96,2.81,2.84,20200
LFUS,20111216,42.95,43.54,41.81,42.12,230500
LGCY,20111216,26.04,27.04,26,26.96,254400
LGND,20111216,11.59,11.87,11.18,11.85,159200
LHCG,20111216,12.71,13,12.51,12.92,360800
LIFE,20111216,38.86,39.29,38.63,38.89,2034000
LIME,20111216,3.15,3.49,3.06,3.44,89900
LINC,20111216,7.57,7.95,7.55,7.89,633300
LINE,20111216,37.29,37.65,37.07,37.46,2061600
LINTA,20111216,15.29,15.8,15.27,15.43,6335900
LINTB,20111216,15.85,15.85,15.85,15.85,0
LION,20111216,6.05,6.05,5.98,5.98,3900
LIOX,20111216,2.15,2.23,2.14,2.21,260800
LIVE,20111216,5.83,6.85,4.6,5.09,468500
LIWA,20111216,5.12,5.24,4.88,5.03,100500
LKFN,20111216,25,25.82,25,25.16,97500
LKQ,20111216,14.59,14.875,14.55,14.78,1400200
LLEN,20111216,2.59,2.69,2.56,2.58,243200
LLNW,20111216,2.88,2.93,2.83,2.85,885000
LLTC,20111216,28.95,29.48,28.9,28.97,3978300
LMAT,20111216,5.42,5.45,5.42,5.43,54900
LMCA,20111216,73.93,75.71,72.7,75.55,1786200
LMCB,20111216,74.99,75.57,74.99,75.57,200
LMIA,20111216,18,18.31,17.59,18.11,48700
LMNR,20111216,16.43,17.14,16.24,17.14,23100
LMNX,20111216,20.61,21.01,20.44,20.71,235300
LMOS,20111216,15.51,16.75,14.91,16.73,510200
LNBB,20111216,4.34,4.34,4.34,4.34,100
LNCE,20111216,21.78,22.38,21.71,22.36,669500
LNDC,20111216,5.32,5.51,5.31,5.35,98500
LOAN,20111216,0.89,0.96,0.85,0.85,14300
LOCM,20111216,2.3,2.33,2.26,2.26,111100
LOGI,20111216,7.58,7.64,7.51,7.61,457300
LOGM,20111216,41.01,41.92,40.41,41.22,280700
LOJN,20111216,3.04,3.07,2.96,2.96,101000
LONG,20111216,13.67,14.09,13.37,13.64,7900
LOOK,20111216,1.26,1.3,1.25,1.26,58100
LOPE,20111216,14.54,15.03,14.47,15.03,502600
LORL,20111216,62.15,62.29,61.59,62.03,124600
LPHI,20111216,6.98,6.99,6.68,6.85,211500
LPLA,20111216,28.17,28.48,27.98,28.43,214600
LPNT,20111216,35.39,36.38,35.17,35.87,1033700
LPSB,20111216,8.2,8.2,8.2,8.2,0
LPSN,20111216,13.14,13.35,12.9,12.98,676700
LPTH,20111216,0.97,1.04,0.9,0.97,23800
LQDT,20111216,37.55,38.78,37.32,38.64,355600
LRAD,20111216,1.81,1.82,1.65,1.66,74200
LRCX,20111216,36.49,36.49,35.69,35.92,7842700
LSBI,20111216,13.2,13.2,13.2,13.2,100
LSBK,20111216,9.33,9.85,9.02,9.85,46400
LSCC,20111216,5.82,5.99,5.76,5.81,1194400
LSTR,20111216,46.64,47.46,46.62,46.95,465600
LTBR,20111216,2.33,2.46,2.09,2.09,92200
LTON,20111216,1.37,1.39,1.34,1.34,106200
LTRE,20111216,6.14,6.37,5.8,6.12,10700
LTRX,20111216,2.65,2.71,2.51,2.51,7300
LTXC,20111216,5.49,5.87,5.49,5.86,564000
LUFK,20111216,66.08,67.64,65.36,67.19,649100
LULU,20111216,45.42,45.6,44.31,45.26,3597000
LUNA,20111216,1.35,1.49,1.35,1.38,26100
LWAY,20111216,9.55,9.55,9.37,9.54,14800
LXRX,20111216,1.13,1.13,0.96,0.96,3871400
LYTS,20111216,5.96,6.1,5.82,5.85,152700
MAGS,20111216,3.61,3.79,3.3,3.53,124200
MAKO,20111216,25.98,26.52,25.74,26.21,1135700
MANH,20111216,44.24,44.82,43.8,43.85,170300
MANT,20111216,32.16,32.74,31.89,31.92,302400
MARPS,20111216,24.44,24.44,23.37,23.8,2800
MASC,20111216,7.85,7.93,7.85,7.93,12900
MASI,20111216,19.1,19.4,18.97,19.1,625800
MAT,20111216,27.98,28.18,27.89,27.95,3665800
MATR,20111216,4.71,4.78,4.71,4.78,2900
MATW,20111216,30.89,31.27,30.42,30.46,357800
MAXY,20111216,5.62,5.64,5.53,5.6,299300
MAYS,20111216,14.19,14.7,14.19,14.7,600
MBFI,20111216,16.75,17.29,16.63,16.69,575200
MBLX,20111216,4.66,4.67,4.45,4.61,279100
MBND,20111216,3.36,3.38,3.3,3.33,42000
MBRG,20111216,14.19,14.25,14.19,14.25,200
MBTF,20111216,0.93,1,0.92,0.92,6900
MBVT,20111216,28.21,28.64,27.79,27.82,22400
MBWM,20111216,9.6,9.6,9.45,9.52,15900
MCBC,20111216,2.08,2.29,2.07,2.29,36800
MCBI,20111216,5.54,5.54,5.54,5.54,100
MCEP,20111216,18,18.04,17.8,17.92,171300
MCGC,20111216,4.18,4.27,4.02,4.03,807200
MCHP,20111216,33.91,34.85,33.87,34.48,3081800
MCHX,20111216,6.53,6.55,6.18,6.28,319900
MCOX,20111216,5.5,6.4,5.5,6.2,64100
MCRI,20111216,10.03,10.1,9.81,9.97,99300
MCRL,20111216,10.12,10.34,9.99,10.05,640400
MCRS,20111216,44.95,45.93,44.49,45.18,467500
MDAS,20111216,9.33,9.48,9.29,9.38,550200
MDCA,20111216,13.55,14.43,13.53,13.6,122000
MDCI,20111216,5.27,5.37,5.12,5.35,353000
MDCO,20111216,19.5,19.87,19.3,19.5,1531300
MDH,20111216,2.41,2.41,2.3,2.38,2100
MDRX,20111216,17.43,17.83,17.39,17.51,3475700
MDSO,20111216,21.11,21.33,20.93,21.07,226300
MDVN,20111216,46.42,46.42,44.76,45.41,747800
MEAD,20111216,3.2,3.2,3.05,3.15,4900
MEAS,20111216,27.96,28.02,27.5,27.68,184300
MELA,20111216,3.65,3.66,3.31,3.5,2756700
MELI,20111216,84.53,85.75,82.49,84.1,479700
MEMP,20111216,18.8,18.84,18.75,18.8,105400
MEMS,20111216,2.87,2.9,2.83,2.83,500
MENT,20111216,12.46,12.85,12.46,12.64,1553800
MEOH,20111216,22.49,22.49,21.81,22.09,321900
MERC,20111216,6,6.39,5.9,6.35,257300
MERU,20111216,3.5,3.53,3.32,3.33,205000
METR,20111216,8.54,8.74,8.19,8.4,185100
MFI,20111216,5.7,5.8,5.7,5.73,1200
MFLR,20111216,7.98,8.44,7.37,8.44,5700
MFLX,20111216,19.97,20.6,19.9,20.56,131200
MFNC,20111216,5.94,5.94,5.25,5.25,600
MFRI,20111216,6.55,6.79,6.52,6.56,12900
MFRM,20111216,22.68,23.19,22.26,22.93,747700
MFSF,20111216,6.72,6.96,6.72,6.96,2400
MGAM,20111216,7.76,7.9,7.5,7.53,399300
MGEE,20111216,45.82,46,44.83,45.43,129700
MGIC,20111216,5.41,5.49,5.29,5.42,84300
MGLN,20111216,47.72,48.26,47.66,47.76,660500
MGPI,20111216,5,5,4.52,4.54,62800
MGRC,20111216,27.48,28.19,27.29,27.4,106200
MGYR,20111216,2.51,2.51,2.5,2.51,300
MHGC,20111216,5.74,5.97,5.65,5.93,112700
MHLD,20111216,8.38,8.44,8.14,8.35,323200
MIDD,20111216,94.24,96.4,94.01,95.22,182900
MIND,20111216,19.85,20.3,19.29,20,209500
MINI,20111216,16.37,16.5,15.91,16.11,442700
MITK,20111216,7.32,7.5,7.01,7.14,299400
MITL,20111216,2.77,2.8,2.77,2.78,99500
MKSI,20111216,27.07,27.51,26.53,26.89,729000
MKTAY,20111216,31.34,31.36,30.91,31.1,8800
MKTG,20111216,8.64,8.99,8.57,8.89,150400
MKTX,20111216,28.77,28.93,28.43,28.68,281000
MLAB,20111216,40.07,40.58,39.69,40.58,4000
MLHR,20111216,20.84,21.66,20.52,20.65,676800
MLNK,20111216,5.15,5.18,5.08,5.08,361000
MLNX,20111216,31.6,32.2,31.51,32.2,159200
MLVF,20111216,6,6,6,6,0
MMLP,20111216,32.31,33.04,32.25,32.63,51400
MMSI,20111216,13.79,13.88,13.43,13.63,392400
MMUS,20111216,4.4,4.4,4.34,4.34,2100
MMYT,20111216,24.38,24.38,23.78,23.86,162500
MNDO,20111216,2,2.1,1.95,1.97,28500
MNGL,20111216,9.62,9.62,9.62,9.62,100
MNGLU,20111216,10.1,10.1,10.1,10.1,0
MNKD,20111216,2.7,2.72,2.56,2.67,697600
MNOV,20111216,2,2,1.99,1.99,2300
MNRK,20111216,6.3667,6.3667,6.3667,6.3667,0
MNRO,20111216,39.78,40.54,38.83,39.41,370900
MNST,20111216,46.525,48.405,46.3,47.945,4010400
MNTA,20111216,16.29,16.45,16.05,16.19,1335600
MNTG,20111216,1.79,1.85,1.76,1.78,22400
MNTX,20111216,4.14,4.39,4.04,4.16,11400
MOBI,20111216,3.56,3.66,3.48,3.63,68800
MOCO,20111216,15.72,15.8,15.6,15.79,2100
MOFG,20111216,14.3,14.46,14.24,14.46,11900
MOLX,20111216,22.85,23.01,22.66,22.76,1550600
MOLXA,20111216,19.02,19.06,18.66,18.89,415300
MORN,20111216,57.98,58.33,57.66,58.3,113300
MOSY,20111216,3,3.05,2.92,2.92,261800
MOVE,20111216,6.11,6.19,5.66,5.88,480600
MPAA,20111216,6.75,6.8,6.71,6.75,311900
MPAC,20111216,6.25,6.6,6.25,6.55,11900
MPB,20111216,7.11,8.48,7.03,8,13900
MPEL,20111216,8.76,9.09,8.74,9.09,8684900
MPET,20111216,0.95,1.02,0.89,0.98,426800
MPWR,20111216,13.55,14.26,13.55,14.23,722700
MRCY,20111216,12.96,13.22,12.59,12.77,380100
MRGE,20111216,4.68,4.89,4.63,4.66,917800
MRLN,20111216,13.02,13.02,12.9,13,45100
MRTN,20111216,18.21,18.59,18.18,18.33,93600
MRVL,20111216,13.35,13.65,13.32,13.52,8139300
MSBF,20111216,4.8,4.8,4.8,4.8,0
MSCC,20111216,16.23,16.71,16.16,16.23,1117800
MSEX,20111216,18.55,18.58,18.23,18.28,74700
MSFG,20111216,8.39,8.49,8.24,8.41,116900
MSFT,20111216,25.71,26.17,25.63,26,101410000
MSG,20111216,29.17,29.19,28.86,29.1,297900
MSON,20111216,2,2,1.87,2,600
MSPD,20111216,4.45,4.6,4.35,4.45,563400
MSTR,20111216,108.56,110.57,106.01,108.68,130300
MTEX,20111216,5,5,4.9,4.9,7000
MTGE,20111216,18.7,19,18.51,18.99,354000
MTRX,20111216,8.66,8.95,8.51,8.9,388900
MTSC,20111216,39.38,39.75,38.97,39.21,186200
MTSL,20111216,1.58,1.58,1.58,1.58,0
MTSN,20111216,1.28,1.34,1.28,1.3,63000
MU,20111216,5.59,5.7,5.51,5.68,23098200
MVIS,20111216,3.12,3.36,3.04,3.04,2604400
MVISW,20111216,0.12,0.12,0.12,0.12,0
MWIV,20111216,68.87,69.33,67.43,68.2,118700
MXIM,20111216,25.35,25.5,24.85,25.04,4076900
MXWL,20111216,15.4,15.43,14.72,15.11,332700
MYGN,20111216,19.67,19.99,19.48,19.96,1067700
MYL,20111216,20.36,21.07,20.15,20.88,9791000
MYRG,20111216,18.22,18.62,17.99,18.24,143500
NAFC,20111216,29.14,29.3,28.1,28.69,125300
NAII,20111216,8.16,8.19,7.85,8.09,6800
NANO,20111216,17.41,17.7,17.11,17.31,356300
NASB,20111216,10.54,10.54,10.25,10.44,6800
NATH,20111216,21.05,21.06,21.03,21.04,7700
NATI,20111216,24.86,25.36,24.78,25.02,760600
NATL,20111216,25.66,26.37,25.2,26.24,32400
NATR,20111216,15.14,15.99,15.14,15.19,72800
NAUH,20111216,7.4,7.59,7.23,7.27,37900
NAVG,20111216,46.95,48.83,46.76,47.95,198700
NAVR,20111216,1.6,1.6,1.59,1.59,3500
NBBC,20111216,3.8,3.93,3.71,3.77,8600
NBIX,20111216,7.76,7.92,7.69,7.87,358000
NBN,20111216,11.91,11.91,11.8,11.8,600
NBTB,20111216,21.73,22,21.36,21.53,291500
NBTF,20111216,18.95,18.95,18.95,18.95,0
NCBC,20111216,2.08,2.15,2.08,2.1,3100
NCIT,20111216,12.26,12.41,12.07,12.15,207200
NCMI,20111216,12.18,12.4,12.07,12.21,350100
NCTY,20111216,7.75,8.05,7.43,8.04,82600
NDAQ,20111216,24.43,24.52,23.98,24.03,1900300
NDSN,20111216,40.56,41.78,39.98,40.25,1138300
NECB,20111216,5.67,5.83,5.6,5.83,1900
NEOG,20111216,34.35,34.99,33.73,34.32,223100
NEPT,20111216,2.65,2.66,2.6,2.61,43800
NETC,20111216,9.09,9.48,8.79,8.79,17500
NEWL,20111216,0.63,0.63,0.63,0.63,300
NEWP,20111216,13.61,13.94,13.22,13.37,547200
NEWS,20111216,9.54,9.85,9.28,9.36,103400
NEWT,20111216,1.1,1.1,1.08,1.08,15600
NFBK,20111216,14.23,14.29,14.12,14.24,82700
NFEC,20111216,0.54,0.54,0.54,0.54,1500
NFLX,20111216,70.19,70.85,69.16,69.82,4652200
NFSB,20111216,12.78,12.78,12.78,12.78,0
NGPC,20111216,7.64,7.66,7.54,7.56,146300
NHTB,20111216,11.27,11.77,11.27,11.5,4200
NICE,20111216,31.73,31.94,31.53,31.87,349700
NICK,20111216,11.95,12,11.3,12,84300
NIHD,20111216,19.89,20.04,19.57,19.88,10283600
NILE,20111216,37.57,38.15,37.03,37.61,383300
NINE,20111216,1.35,1.35,1.29,1.29,600
NKSH,20111216,27.63,27.69,26.84,26.89,36900
NKTR,20111216,5.33,5.4,5.16,5.22,2846000
NLNK,20111216,6.39,6.69,6.31,6.44,582700
NLST,20111216,2.74,2.74,2.56,2.61,414000
NMRX,20111216,8.06,8.14,7.84,8.14,29800
NNBR,20111216,5.66,5.95,5.64,5.68,150100
NOVB,20111216,9.86,9.86,9.86,9.86,0
NPBC,20111216,8.33,8.5,8.25,8.32,2313000
NPSP,20111216,6.15,6.22,6.04,6.12,1597600
NRCI,20111216,34.75,34.75,34.15,34.66,12400
NRIM,20111216,17.35,17.35,16.99,16.99,8200
NSEC,20111216,9,9,7.79,8.76,6200
NSIT,20111216,15.21,15.65,14.96,15.16,661500
NSPH,20111216,1.28,1.33,1.23,1.29,82600
NSSC,20111216,2.17,2.2,2.15,2.15,9700
NSYS,20111216,2.76,2.78,2.75,2.75,1200
NTAP,20111216,36.5,37.13,35.63,35.71,7564900
NTCT,20111216,16.8,17.72,16.8,17.49,340700
NTES,20111216,46.65,47.42,46.11,47.14,811100
NTGR,20111216,34.97,35.95,34.77,35.09,487200
NTIC,20111216,12.51,12.64,12.48,12.64,1400
NTK,20111216,29.4,29.4,27.45,29,116300
NTLS,20111216,20.01,20.56,19.48,20.33,583300
NTRI,20111216,12.89,13.24,12.76,12.87,566200
NTRS,20111216,39.49,39.93,38.78,38.98,2982900
NTSC,20111216,4.75,5.15,4.75,5.15,14500
NTSP,20111216,7.5,7.94,7.31,7.78,677000
NTWK,20111216,4.2,4.4,4.1,4.3,137500
NUAN,20111216,24.21,24.95,24.14,24.63,13187500
NUCL,20111216,31.87,31.87,31.77,31.77,4100
NURO,20111216,8.7,8.7,7.68,7.68,3200
NUTR,20111216,11.15,11.36,11.02,11.12,61800
NUVA,20111216,11.68,11.84,11.24,11.46,1293200
NVAX,20111216,1.33,1.34,1.3,1.33,681000
NVDA,20111216,13.57,13.83,13.45,13.51,15479600
NVEC,20111216,55.75,55.99,55,55.23,27200
NVGN,20111216,0.42,0.42,0.4,0.41,14300
NVMI,20111216,7.07,7.14,6.98,7.12,38700
NVSL,20111216,6.99,7,6.87,6.93,21500
NVTL,20111216,3.01,3.09,2.97,3.06,983200
NWBI,20111216,12.24,12.44,12.11,12.17,1962600
NWFL,20111216,25.49,25.91,25.1,25.91,5900
NWLI,20111216,132.38,134.49,131,131,10300
NWPX,20111216,23.95,25.35,23.71,24.97,173800
NWS,20111216,17.76,17.97,17.61,17.62,3405700
NWSA,20111216,17.17,17.44,16.98,16.98,41654800
NXPI,20111216,15.46,15.91,15.2,15.31,958500
NXST,20111216,7.66,7.86,7.5,7.53,71700
NXTM,20111216,17.11,17.97,17.11,17.59,349000
NYMT,20111216,7.24,7.45,7.17,7.24,818300
NYMX,20111216,8.17,8.32,8.1,8.15,78900
OABC,20111216,15.44,15.48,15.24,15.29,50500
OBAF,20111216,14.34,14.4,14.31,14.4,6200
OBAS,20111216,4.95,5.05,4.95,4.95,7100
OBCI,20111216,2.01,2.09,2.01,2.09,6100
OCC,20111216,3.15,3.36,3.1,3.36,10000
OCFC,20111216,13.52,13.66,13.22,13.28,89700
OCLR,20111216,2.88,2.93,2.79,2.89,625100
OCLS,20111216,9.59,10.36,9.45,9.66,33900
OCZ,20111216,7.57,7.62,7.41,7.51,992200
ODFL,20111216,26.0933,26.64,26,26.06,614900
OFED,20111216,11.01,11.01,11.01,11.01,0
OFIX,20111216,33.29,33.37,32.52,32.88,86200
OFLX,20111216,13.47,13.65,13.27,13.65,8900
OGXI,20111216,11.26,11.5,11,11,53800
OIIM,20111216,4.01,4.16,4.01,4.1,517200
OINK,20111216,1.48,1.49,1.35,1.35,11700
OKSB,20111216,6.03,6.23,5.95,6,210000
OKSBP,20111216,21.32,22,21.32,21.98,4400
OLBK,20111216,7.67,8.14,7.67,8.14,1600
OMAB,20111216,13.41,13.41,12.85,13.06,6900
OMCL,20111216,16.59,17,16.36,16.7,382800
OMER,20111216,4,4.06,3.99,4,18700
OMEX,20111216,2.28,2.35,2.21,2.34,591200
OMPI,20111216,9.98,10.17,9.98,10.15,112400
ONCY,20111216,3.55,3.69,3.5,3.57,112200
ONEQ,20111216,101.39,101.89,100.53,100.84,10500
ONFC,20111216,8.91,9,8.9,9,4700
ONNN,20111216,7.25,7.5,7.25,7.39,5409700
ONTY,20111216,7.51,7.83,7.45,7.67,864600
ONVI,20111216,2.9,2.9,2.85,2.9,6000
ONXX,20111216,39.61,40.03,39.18,39.4,1297100
OPEN,20111216,39.18,40.99,38.89,40.15,1378900
OPHC,20111216,0.46,0.46,0.46,0.46,200
OPLK,20111216,15.73,16.17,15.31,15.37,267700
OPOF,20111216,9.32,9.32,9.2,9.2,300
OPTR,20111216,11.48,12.3,11.48,12.26,2191400
OPTT,20111216,3.02,3.09,3.01,3.01,29800
OPXA,20111216,4.2,4.52,4.2,4.24,41100
ORBC,20111216,3.01,3.12,2.97,3,230300
ORBK,20111216,10.04,10.04,9.96,10.04,48700
ORBT,20111216,3.62,3.69,3.62,3.66,2900
ORCL,20111216,29.26,30.07,28.96,29.21,46100600
OREX,20111216,1.7,1.7,1.53,1.6,791200
ORIG,20111216,12.21,12.4,12.08,12.17,157900
ORIT,20111216,12.73,12.93,12.53,12.62,1055200
ORLY,20111216,79.2,80.9,79.2,79.88,2014300
ORRF,20111216,8.26,8.3,8.07,8.19,29200
OSBC,20111216,1.3,1.3,1.27,1.27,11700
OSBCP,20111216,4.03,4.05,4.03,4.05,400
OSHC,20111216,10.2,10.2,10.2,10.2,0
OSIR,20111216,5.04,5.19,4.92,5.17,94300
OSIS,20111216,46.72,47.27,45.59,46.1,154800
OSM,20111216,21.02,21.2,20.5,20.61,7900
OSN,20111216,0.84,0.88,0.79,0.81,13100
OSTK,20111216,7.97,8,7.83,7.94,93600
OSUR,20111216,9,9.14,8.93,9.06,262900
OTEX,20111216,51.28,51.78,50.67,51.01,192100
OTIV,20111216,1.09,1.19,1.09,1.19,45900
OTT,20111216,13.98,14.11,13.16,13.49,154900
OTTR,20111216,21.31,21.41,21.06,21.15,242100
OUTD,20111216,7.18,7.29,7.11,7.22,148100
OVBC,20111216,18.31,19.05,18.3,18.99,4800
OVLY,20111216,6.75,7.15,6.75,6.99,900
OVRL,20111216,2.18,2.25,2.16,2.16,15700
OVTI,20111216,11.85,12.04,11.49,11.62,2079200
OXBT,20111216,1.9,2.08,1.88,1.88,55000
OXGN,20111216,1,1.08,0.98,1.05,390400
OXLC,20111216,13.6,13.6,13.41,13.55,12300
OZRK,20111216,28.22,28.93,28.22,28.79,413400
PAAS,20111216,21.93,22.45,21.89,22.15,1141800
PACB,20111216,2.5,2.62,2.45,2.5,371700
PACQ,20111216,9.41,9.41,9.41,9.41,0
PACQW,20111216,0.35,0.35,0.35,0.35,0
PACR,20111216,4.78,5.03,4.76,5,649000
PACW,20111216,18.48,19.08,18.33,18.59,576300
PAGG,20111216,25.93,26.02,25.76,25.84,28000
PANL,20111216,34.77,34.95,33.29,34.46,1237800
PATH,20111216,1.84,1.93,1.82,1.9,38500
PATK,20111216,3.59,3.59,3.35,3.35,3900
PATR,20111216,20.36,20.5,20.03,20.5,15700
PAYX,20111216,29.5,29.89,29.44,29.59,3337900
PBCT,20111216,12.41,12.66,12.36,12.42,6671100
PBHC,20111216,8.85,8.85,8.85,8.85,0
PBIB,20111216,2.26,2.26,2.18,2.18,1000
PBIP,20111216,4.99,4.99,4.95,4.99,5200
PBSK,20111216,10.84,10.84,10.81,10.82,3000
PCAR,20111216,36.72,37.3,36.11,36.22,4097600
PCBK,20111216,8.95,9.08,8.69,8.72,105700
PCCC,20111216,10.9,11.09,10.72,11.07,97100
PCH,20111216,30.56,30.95,29.74,29.89,515700
PCLN,20111216,450,457.68,448.13,457.08,1334100
PCO,20111216,2.68,2.7,2.63,2.66,1256800
PCOM,20111216,7.8,7.85,7.72,7.74,25700
PCRX,20111216,8.25,8.41,7.86,8.08,445100
PCTI,20111216,6.68,7.09,6.56,6.96,67100
PCYC,20111216,14.42,14.62,14.08,14.62,1364100
PCYO,20111216,1.91,1.96,1.72,1.72,18100
PDCO,20111216,28.75,28.86,28.51,28.55,1121600
PDEX,20111216,2.15,2.19,2.15,2.15,17300
PDFS,20111216,6.46,6.47,6.39,6.47,156700
PDII,20111216,6.1,6.4,5.9,5.91,9800
PDLI,20111216,5.95,6.01,5.92,6.01,3582700
PEBK,20111216,5.33,5.7,5.33,5.7,4200
PEBO,20111216,14.65,15.1,14.52,14.75,72800
PEGA,20111216,30.48,31.41,30.4,30.98,221800
PEIX,20111216,0.86,0.99,0.86,0.91,5898700
PENN,20111216,35.86,36.14,35.67,35.97,483500
PENX,20111216,4.95,5.1,4.91,4.93,11800
PEOP,20111216,13.65,13.65,13.41,13.59,1000
PERF,20111216,19.69,19.95,18.7,19.95,6400
PERI,20111216,4.39,4.39,4.04,4.07,43000
PERY,20111216,13.56,13.64,13.3,13.44,467500
PESI,20111216,1.58,1.59,1.5,1.5,35000
PETM,20111216,49.76,50.72,49.34,50.49,1950100
PETS,20111216,9.98,10.15,9.75,9.84,447800
PFBC,20111216,7.55,7.55,7.37,7.37,1200
PFBI,20111216,4.78,4.78,4.72,4.72,1100
PFBX,20111216,10.17,10.39,10.03,10.34,1600
PFIN,20111216,3.46,3.78,3.46,3.51,2300
PFLT,20111216,10.68,10.7,10.43,10.61,13800
PFSW,20111216,2.41,2.72,2.41,2.58,140300
PGC,20111216,10.19,10.25,10.05,10.25,21100
PGNX,20111216,7.05,7.13,6.55,6.57,551300
PGTI,20111216,1.05,1.05,1.04,1.04,19700
PHII,20111216,21.67,21.85,21.6,21.85,600
PHIIK,20111216,23.78,23.98,23.42,23.5,55300
PHMD,20111216,15.72,16.81,15.3,16.33,18500
PICO,20111216,21,21.03,19.96,20,188000
PKBK,20111216,5.52,5.67,5.5,5.5,2000
PKOH,20111216,19.56,19.79,18.79,18.82,64900
PLAB,20111216,5.83,6.15,5.69,5.9,525400
PLBC,20111216,2.29,2.29,2.15,2.15,5400
PLCC,20111216,0.63,0.65,0.63,0.63,7700
PLCE,20111216,56.11,56.72,55.39,55.65,748000
PLCM,20111216,16.2,16.63,16.1,16.16,2877500
PLMT,20111216,5.6,5.6,4.6,5.25,3600
PLNR,20111216,1.89,1.96,1.88,1.93,8700
PLPC,20111216,58.16,58.62,56.79,58.61,17400
PLTM,20111216,18.1,18.1,17.86,17.86,2300
PLUG,20111216,2.11,2.15,2.07,2.08,58700
PLUS,20111216,28.46,28.5,28.01,28.2,17700
PLXS,20111216,27.74,28.43,27.09,27.43,695700
PLXT,20111216,2.81,2.85,2.76,2.82,199800
PMBC,20111216,3.26,3.37,3.22,3.22,23000
PMCS,20111216,4.92,5.15,4.91,5.15,3487400
PMD,20111216,8.66,8.66,8.56,8.6,3200
PMFG,20111216,19.56,20.38,19.38,19.45,63200
PMNA,20111216,10.48,10.48,10.35,10.39,11300
PMTC,20111216,19.78,20.67,19.67,19.77,2113900
PMTI,20111216,8.35,8.45,8.07,8.18,278700
PNBK,20111216,1.84,1.84,1.73,1.73,3000
PNFP,20111216,15.05,15.4,14.91,14.96,798500
PNNT,20111216,10.3,10.42,10.15,10.16,542000
PNQI,20111216,33.96,34.13,33.82,34.07,5500
PNRA,20111216,135.87,139.07,134.27,135.44,749700
PNRG,20111216,20.46,21.4,20.46,20.72,800
PNTR,20111216,3.35,3.37,3.35,3.35,400
PODD,20111216,17.82,17.99,17.37,17.52,778200
POOL,20111216,28.56,28.75,28.43,28.47,817800
POPE,20111216,43,43,42.75,42.75,1800
POWI,20111216,33.49,33.49,32.45,32.74,282200
POWL,20111216,31.28,32.17,31.14,31.29,79100
POWR,20111216,5.23,5.39,5.11,5.18,88900
POZN,20111216,3.97,3.97,3.82,3.91,138900
PPBI,20111216,6.18,6.2,6.18,6.19,3800
PPHM,20111216,0.96,0.99,0.95,0.95,1002000
PRAA,20111216,65.53,65.53,63.91,64.39,179800
PRAN,20111216,1.51,1.58,1.51,1.51,77800
PRCP,20111216,5,5,4.86,4.98,10000
PRFT,20111216,8.22,8.55,8.22,8.44,510000
PRFZ,20111216,58.37,59.1,58.1,58.51,18900
PRGO,20111216,97.16,99.36,95.6,98.18,20700000
PRGS,20111216,20.5,20.89,20,20.01,999800
PRGX,20111216,6.06,6.12,5.84,5.97,73300
PRIM,20111216,14.81,14.91,14.68,14.91,443100
PRKR,20111216,0.93,0.93,0.87,0.87,160300
PRLS,20111216,3.87,3.9,3.85,3.9,1100
PRMW,20111216,2.71,2.82,2.65,2.72,1040300
PROV,20111216,9.34,9.35,9.26,9.26,6700
PRPH,20111216,1.12,1.17,1.12,1.17,2700
PRSC,20111216,13.44,13.44,13.18,13.36,101500
PRTS,20111216,5.05,5.09,4.84,4.89,140700
PRXI,20111216,1.62,1.65,1.62,1.65,11900
PRXL,20111216,19.37,19.9,19.05,19.63,846900
PSAU,20111216,40.08,40.36,39.68,40.21,6800
PSBH,20111216,4.5,4.5,4.5,4.5,0
PSCC,20111216,30.52,30.54,30.11,30.15,2300
PSCD,20111216,26.48,26.65,26.23,26.27,3800
PSCE,20111216,32.4,33.18,32.4,33.02,19400
PSCF,20111216,25.87,26.06,25.65,25.71,31300
PSCH,20111216,30.91,31.06,30.64,30.74,144800
PSCI,20111216,26.93,26.93,26.39,26.39,1800
PSCM,20111216,24.79,24.9,24.79,24.9,400
PSCT,20111216,27.82,27.83,27.29,27.42,5400
PSCU,20111216,30.2,30.29,29.69,29.95,113700
PSDV,20111216,1.15,1.2,1.15,1.15,30500
PSEC,20111216,9.23,9.25,9.1,9.16,1512200
PSEM,20111216,7.79,7.85,7.58,7.8,347600
PSMT,20111216,66.78,67.67,65.86,66.59,216200
PSTB,20111216,3.83,3.98,3.74,3.88,372100
PSTI,20111216,2.61,2.65,2.61,2.65,64600
PSTR,20111216,2.63,2.66,2.5,2.6,19100
PSUN,20111216,1.66,1.68,1.56,1.63,776300
PTEK,20111216,0.65,0.67,0.64,0.64,13800
PTEN,20111216,18.37,18.94,18.3,18.89,3362000
PTIE,20111216,3.84,3.92,3.73,3.77,187200
PTIX,20111216,1.75,1.77,1.61,1.7,17500
PTNR,20111216,8.94,9.11,8.94,9.04,97100
PTRY,20111216,10.93,11.2,10.93,11.17,445700
PTSI,20111216,9.36,9.47,9.25,9.4,6200
PTSX,20111216,1.1,1.1,1,1.08,9900
PULB,20111216,6.88,7,6.77,6.77,5800
PURE,20111216,0.5,0.51,0.39,0.39,375300
PVFC,20111216,1.7,1.72,1.47,1.62,20200
PVTB,20111216,9.51,9.96,9.44,9.93,1727000
PVTBP,20111216,25.85,25.85,25.64,25.81,5700
PWER,20111216,3.91,3.99,3.79,3.85,1701000
PWOD,20111216,37.49,37.95,37.32,37.95,16500
PWRD,20111216,11.26,11.26,10.96,11.17,293200
PWX,20111216,11.91,12,11.91,11.99,1900
PXLW,20111216,2.37,2.39,2.18,2.21,19300
PZZA,20111216,36.85,37.11,36.57,36.71,443900
PZZI,20111216,5.7,5.86,5.32,5.57,141500
QABA,20111216,22.67,22.67,22.33,22.36,1100
QADA,20111216,10.98,11.07,10.68,10.7,30200
QADB,20111216,10.6,10.74,10.5,10.72,8100
QBAK,20111216,1.82,1.82,1.82,1.82,2800
QCCO,20111216,4,4.01,3.86,3.86,10800
QCLN,20111216,9.23,9.44,9.23,9.31,21300
QCOM,20111216,52.9,53.83,52.42,52.61,19843400
QCOR,20111216,43.64,44.5,43.5,43.89,1395100
QCRH,20111216,8.42,8.75,8.42,8.75,3200
QDEL,20111216,16.03,16.27,15.81,15.9,250800
QGEN,20111216,13.66,13.76,13.44,13.52,7636300
QKLS,20111216,19.44,19.44,18,18.96,11900
QLGC,20111216,14.79,14.96,14.64,14.76,1958800
QLIK,20111216,27.07,27.77,26.69,27.23,1379300
QLTI,20111216,6.51,6.69,6.48,6.61,385600
QLTY,20111216,9.91,10.14,9.85,9.87,79400
QNST,20111216,9.55,9.99,9.55,9.7,264100
QQEW,20111216,22.87,22.87,22.55,22.59,5800
QQQ,20111216,54.88,55.61,54.77,54.86,60978700
QQQC,20111216,13.5,13.5,13.5,13.5,0
QQQX,20111216,12.78,13.01,12.78,12.88,30500
QQXT,20111216,20.75,20.75,20.5,20.5,2500
QSII,20111216,34.33,35.3,34.06,35.11,752800
QTEC,20111216,23.49,23.82,23.43,23.51,61700
QTWW,20111216,0.9,0.92,0.74,0.75,4003500
QUIK,20111216,2.64,2.74,2.57,2.62,99100
RADA,20111216,1.97,1.97,1.97,1.97,0
RAIL,20111216,20.47,21.23,20.02,20.23,134000
RAND,20111216,3,3,3,3,0
RAVN,20111216,29.835,30.335,29.1,29.29,95900
RBCAA,20111216,22.75,23.12,22.67,22.69,59300
RBCN,20111216,10.01,10.09,9.26,9.46,414300
RBNF,20111216,3.15,3.15,3.15,3.15,200
RBPAA,20111216,1.31,1.53,1.31,1.31,200
RCII,20111216,34.86,35.58,34.75,34.98,1633400
RCKB,20111216,10.42,10.42,10.32,10.4,142800
RCKY,20111216,8.85,9.11,8.85,8.89,4600
RCMT,20111216,5.13,5.3,5.04,5.3,2700
RCON,20111216,0.41,0.42,0.41,0.42,3600
RDA,20111216,10.34,10.8,10.15,10.54,49100
RDCM,20111216,4.45,4.48,4.12,4.48,3900
RDEN,20111216,35.37,36.23,35.36,36,194400
RDI,20111216,4.18,4.2,4.08,4.19,13300
RDIB,20111216,5.5,5.5,5.5,5.5,0
RDNT,20111216,2.22,2.22,2.12,2.19,190200
RDWR,20111216,14.84,14.995,14.72,14.855,206900
RECN,20111216,10.09,10.36,9.86,10.24,446300
RECV,20111216,4.1,4.25,3.52,3.52,14500
REDF,20111216,7.23,7.8,7.17,7.79,453100
REFR,20111216,3.25,3.42,3.22,3.33,69400
REGN,20111216,51.77,53.72,50.33,53,13646000
REIS,20111216,9.05,9.18,8.88,9.18,6700
RELL,20111216,12.07,12.3,11.91,12.23,77300
RELV,20111216,1.22,1.28,1.22,1.22,3500
RENT,20111216,14.08,14.19,13.25,13.47,65700
REXI,20111216,4.71,4.83,4.7,4.79,23700
REXX,20111216,13.93,14.41,13.84,14.09,884800
RFIL,20111216,3.6,3.75,3.49,3.49,5100
RFMD,20111216,5.17,5.31,5.15,5.15,7792700
RGCO,20111216,17.63,17.8,17.6,17.64,4500
RGDX,20111216,1.24,1.25,1.2,1.2,1900
RGEN,20111216,3.2,3.3,3.19,3.29,31800
RGLD,20111216,70.01,70.71,69.25,69.93,776700
RICK,20111216,8.51,8.82,8.46,8.62,87300
RIGL,20111216,7.56,7.57,7.14,7.2,1078600
RIMG,20111216,11.2,11.27,11.08,11.11,90300
RITT,20111216,4.31,4.44,4.12,4.26,37600
RIVR,20111216,15.91,15.91,15.91,15.91,0
RJET,20111216,3.94,4.1,3.83,4.06,838300
RLOC,20111216,7.22,7.27,7,7.16,154300
RLOG,20111216,6.43,6.43,6.06,6.06,22100
RMBS,20111216,7.16,7.36,7.09,7.27,1397500
RMCF,20111216,8.49,8.76,8.49,8.6,1800
RMKR,20111216,0.54,0.55,0.48,0.48,17700
RMTI,20111216,7.71,7.84,7.48,7.58,125300
RNET,20111216,15.45,15.97,15.39,15.94,49600
RNIN,20111216,6,6,5.8,5.8,1600
RNST,20111216,14.76,15.1,14.5,14.53,133700
RNWK,20111216,7.56,7.84,7.4,7.79,197000
ROCK,20111216,13.99,14.24,13.46,13.72,323300
ROCM,20111216,7.28,8,7.28,7.88,48600
ROIA,20111216,1.01,1.02,1.01,1.02,7300
ROIAK,20111216,1.01,1.03,0.98,1.03,60500
ROIC,20111216,11.5,11.58,11.4,11.55,2107200
ROICW,20111216,0.68,0.7,0.68,0.7,112900
ROLL,20111216,40.86,41.62,40.35,40.72,102600
ROMA,20111216,9.38,9.77,9.28,9.52,61500
ROSE,20111216,42.1,43.3,41.77,43.04,793400
ROSG,20111216,4.05,4.2,3.75,3.75,72900
ROST,20111216,46.75,47.51,46.3,47,3398200
ROVI,20111216,24.4,24.63,23.6,23.83,3407500
ROYL,20111216,4.45,4.5,4.33,4.48,401600
RP,20111216,24.79,25.97,24.79,25.49,231800
RPRX,20111216,4.77,4.8,4.67,4.75,31000
RPTP,20111216,6.44,6.63,6.31,6.47,725700
RPXC,20111216,13.27,13.27,12.85,12.88,174600
RRD,20111216,14.11,14.42,14.06,14.35,4883100
RRGB,20111216,28.34,28.79,27.9,28.15,223600
RRST,20111216,3.95,4,3.95,4,2000
RSOL,20111216,1.11,1.11,1.03,1.03,14000
RSTI,20111216,22.27,22.72,21.7,21.94,250400
RSYS,20111216,5.06,5.47,5.03,5.42,488900
RTEC,20111216,8.5,8.75,8.45,8.63,605600
RTIX,20111216,4.64,4.7,4.57,4.68,413100
RUE,20111216,21.74,22.08,21,21.58,806700
RUSHA,20111216,19,19.74,18.92,19.19,164900
RUSHB,20111216,15.76,15.97,15.14,15.66,2300
RUTH,20111216,5.15,5.32,5.07,5.13,418200
RVBD,20111216,23.6,24.04,23.11,23.6,3512700
RVSB,20111216,2.24,2.28,2.23,2.25,6100
RYAAY,20111216,29.57,29.87,29.54,29.79,167000
SAAS,20111216,4.71,4.86,4.65,4.83,228100
SAFM,20111216,51.54,53.22,51.54,51.94,478100
SAFT,20111216,40.22,40.22,39.04,39.61,123800
SAIA,20111216,12.98,13.02,12.56,12.65,96400
SALM,20111216,2.27,2.75,2.23,2.24,188300
SANM,20111216,8.99,9.24,8.77,8.95,876900
SANW,20111216,4.7,4.74,4.65,4.69,23400
SANWW,20111216,0.6,0.6,0.6,0.6,5000
SANWZ,20111216,0.23,0.23,0.23,0.23,5100
SAPE,20111216,11.73,12.05,11.66,11.8,802100
SASR,20111216,17.97,18.2,17.6,17.64,146000
SATS,20111216,20.96,21.29,20.44,20.72,449800
SAVE,20111216,15.6,15.6,15.08,15.33,284700
SBAC,20111216,40.23,40.35,39.48,39.96,1253000
SBBX,20111216,4.5,4.5,4.5,4.5,0
SBCF,20111216,1.54,1.54,1.48,1.51,322000
SBGI,20111216,10.67,10.75,10.35,10.6,546800
SBLK,20111216,15,15.15,14.7,14.85,258300
SBNY,20111216,58.16,59.33,57.52,58.06,776200
SBNYW,20111216,34.21,34.5,34.21,34.5,1900
SBRA,20111216,10.98,11.04,10.9,10.94,560100
SBSA,20111216,2.04,2.05,1.9,1.99,28600
SBSI,20111216,21.88,21.89,21.45,21.5,121500
SBUX,20111216,43.67,44.08,43.45,43.48,6640500
SCBT,20111216,28.66,28.66,27.92,28.07,61800
SCHL,20111216,26.88,28.11,26.74,27.98,511200
SCHN,20111216,45.39,46.78,44.95,45.73,753700
SCLN,20111216,4.54,4.7,4.49,4.7,258200
SCMP,20111216,4.16,4.22,4.05,4.1,49900
SCOK,20111216,2.48,2.51,2.37,2.37,39900
SCON,20111216,14.52,14.88,13.08,14.16,154500
SCOR,20111216,19.2,19.67,18.63,18.98,417600
SCSC,20111216,33.44,34.65,33.35,33.63,222400
SCSS,20111216,19.03,19.47,18.83,19.44,1520500
SCVL,20111216,15.8067,16.1067,15.52,15.68,98800
SDBT,20111216,2.18,2.28,2.18,2.28,26700
SDIX,20111216,1.65,1.65,1.57,1.57,19400
SEAC,20111216,7.42,7.44,7,7.18,322300
SEED,20111216,2.52,2.62,2.5,2.53,38700
SEIC,20111216,16.12,16.49,16.11,16.37,1520300
SENEA,20111216,24.87,25.19,24.29,24.93,102600
SENEB,20111216,24.75,24.75,24.75,24.75,0
SEV,20111216,5.02,5.03,4.62,4.62,39000
SFLY,20111216,23.19,24.13,23.04,23.22,1889100
SFNC,20111216,27.18,27.75,26.65,27,127100
SFST,20111216,7,7,7,7,0
SGC,20111216,12.68,12.68,12.06,12.06,700
SGEN,20111216,16.33,16.79,16.05,16.38,2185100
SGI,20111216,11.5,11.59,10.7,10.87,979200
SGMA,20111216,3.52,3.63,3.4,3.57,7500
SGMO,20111216,2.74,2.79,2.65,2.79,334300
SGMS,20111216,8.35,8.41,7.87,7.92,976400
SGNT,20111216,22.25,22.34,21.52,22.2,161600
SGOC,20111216,1.58,1.6,1.5,1.53,3200
SGRP,20111216,0.96,0.96,0.96,0.96,100
SGYPU,20111216,8.3,8.48,8.3,8.34,11100
SGYPW,20111216,0.7,0.7,0.7,0.7,500
SHBI,20111216,5.02,5.15,4.99,5.01,11100
SHEN,20111216,11.12,11.27,10.74,11.17,451200
SHFL,20111216,11.34,11.65,10.78,10.99,788200
SHIP,20111216,2.67,2.67,2.21,2.21,30000
SHLD,20111216,50.73,51.8,45.52,46.16,2658900
SHLM,20111216,21.45,21.5,20.89,21.43,477000
SHLO,20111216,8.71,8.74,8.46,8.49,20100
SHOO,20111216,33.2,33.93,32.93,33.52,412700
SHOR,20111216,6.18,6.38,6.03,6.09,336400
SIAL,20111216,62.82,63.98,62.38,63.15,1024800
SIBC,20111216,10.6,10.6,10.6,10.6,0
SIEB,20111216,1.44,1.45,1.32,1.34,5600
SIFI,20111216,9.45,9.45,9.44,9.45,5800
SIFY,20111216,3.79,4.42,3.7,4.28,1521100
SIGA,20111216,2.21,2.26,2.14,2.2,510000
SIGI,20111216,17.32,17.52,17.15,17.36,800700
SIGM,20111216,5.85,5.96,5.77,5.94,970800
SILC,20111216,17.57,17.57,17.28,17.5,2500
SIMG,20111216,4.59,4.66,4.35,4.41,887400
SIMO,20111216,19.8,19.9,19.63,19.84,437000
SINA,20111216,49.2,55.34,46.86,55.05,17379000
SINO,20111216,2.24,2.43,2.17,2.19,13300
SIRI,20111216,1.8,1.81,1.77,1.77,35300700
SIRO,20111216,42.16,42.55,41.95,42.3,356400
SIVB,20111216,45.05,46.67,44.91,45.08,664400
SIVBO,20111216,25.25,25.4,25.25,25.26,1600
SKBI,20111216,2.67,2.7,2.5,2.69,1800
SKUL,20111216,12.78,12.78,12,12.15,277900
SKYW,20111216,12.22,12.77,12.22,12.68,636100
SKYY,20111216,17.35,17.6,17.32,17.35,21600
SLAB,20111216,41.19,42.42,41.1,42.33,777900
SLGN,20111216,37.99,38.07,37.47,37.81,340100
SLM,20111216,13.42,13.89,13.25,13.41,5936300
SLMAP,20111216,39.75,39.75,39.75,39.75,300
SLMBP,20111216,39.3,39.3,39.3,39.3,0
SLP,20111216,3.02,3.05,2.95,2.96,9500
SLRC,20111216,21.77,21.85,21.4,21.45,439700
SLTC,20111216,2.95,2.96,2.8,2.95,7700
SLTM,20111216,3.02,3.02,2.91,2.98,305300
SLXP,20111216,44.46,44.73,43.4,43.66,1384700
SMBC,20111216,21.87,21.87,21.87,21.87,300
SMCI,20111216,14.91,15.23,14.58,14.85,533200
SMED,20111216,4.21,4.44,4.18,4.44,46700
SMIT,20111216,3.31,3.35,3.3,3.35,1100
SMMF,20111216,3.3,3.3,3.16,3.16,5500
SMRT,20111216,6.41,6.72,6.38,6.64,327500
SMSI,20111216,1.12,1.24,1.11,1.15,734900
SMT,20111216,4.04,4.18,3.98,4.01,195900
SMTC,20111216,22.67,23.48,22.67,23.13,820400
SMTX,20111216,2.58,2.61,2.56,2.61,20000
SNAK,20111216,3.85,3.88,3.74,3.74,21700
SNBC,20111216,2.4,2.4,2.3,2.3,214100
SNCR,20111216,30.63,31.86,30.51,31.34,397200
SNDK,20111216,48.14,49.09,47.66,47.91,5014600
SNFCA,20111216,1.2,1.2,1.14,1.14,6300
SNHY,20111216,22.37,23.35,22.28,22.84,116900
SNMX,20111216,3.8,3.97,3.75,3.88,178500
SNPS,20111216,26.8,27.31,26.66,26.88,1274600
SNSS,20111216,1.24,1.29,1.21,1.22,196800
SNTA,20111216,4.8,4.85,4.65,4.77,197100
SNTS,20111216,3.2,3.23,3.16,3.21,322700
SOCB,20111216,1.4,1.4,1.4,1.4,100
SOCL,20111216,12.94,12.94,12.87,12.94,600
SODA,20111216,30.92,31.89,30.45,30.92,884000
SOFO,20111216,7.65,7.65,7.3,7.3,2300
SOHU,20111216,46.38,48.43,46.06,48.18,1557200
SOMH,20111216,7.76,7.76,7.76,7.76,200
SONA,20111216,5.99,6,5.89,5.95,9700
SONC,20111216,6.79,6.93,6.67,6.71,1158400
SONS,20111216,2.44,2.48,2.38,2.45,2060500
SORL,20111216,2.75,2.8,2.65,2.66,42900
SOXX,20111216,47.97,48.63,47.79,48.03,302500
SPAN,20111216,13.46,13.85,13.46,13.5,5600
SPAR,20111216,4.94,5.03,4.9,4.96,254800
SPBC,20111216,10,10,10,10,0
SPCHA,20111216,1.66,1.66,1.66,1.66,0
SPCHB,20111216,2.28,2.28,2.28,2.28,0
SPEX,20111216,25,26.4,24,24,15300
SPIL,20111216,4.19,4.22,4.08,4.11,1035600
SPIR,20111216,0.72,0.72,0.65,0.66,24500
SPLS,20111216,14.12,14.32,13.99,14.08,14041800
SPMD,20111216,3.1,3.18,2.67,3.02,305300
SPNC,20111216,7.22,7.33,7.1,7.23,209100
SPNS,20111216,2.8,2.89,2.8,2.89,8400
SPPI,20111216,14.2,14.51,14.14,14.51,4577600
SPPR,20111216,0.68,0.72,0.68,0.72,16100
SPPRO,20111216,20.53,20.64,20.5,20.64,1500
SPPRP,20111216,6.98,7,6.98,6.98,700
SPRD,20111216,19.77,20.65,19.7,20.23,1736300
SPRO,20111216,1.77,1.97,1.76,1.95,6100
SPRT,20111216,1.93,1.93,1.79,1.86,432700
SPSC,20111216,25.8,26,25.31,25.93,104100
SPTN,20111216,18.17,18.5,17.88,18.25,200400
SPU,20111216,1.74,1.9,1.74,1.87,27400
SPWR,20111216,5.46,5.46,4.94,5.13,1725500
SQI,20111216,14.99,15.1,14.49,14.59,67100
SQNM,20111216,3.71,3.8,3.63,3.73,1259100
SQQQ,20111216,83.88,84.4,80.48,84.12,1856000
SRCE,20111216,24.35,25.08,24.32,24.47,83600
SRCL,20111216,76.76,78.03,75.8,76.51,697800
SRDX,20111216,13.34,13.78,13.18,13.66,175500
SREV,20111216,14.01,14.74,14,14.7,737400
SSBI,20111216,5.42,5.42,5.42,5.42,0
SSFN,20111216,5.5,5.5,5.17,5.17,700
SSNC,20111216,16.86,17.76,16.74,17.72,917100
SSRI,20111216,13.09,13.77,12.96,13.49,1787800
SSRX,20111216,10.03,10.11,9.5,9.6,178900
SSYS,20111216,29.16,30.21,28.75,29.71,289200
STAA,20111216,11.52,11.79,11.34,11.35,383200
STAN,20111216,17.81,18.02,17.7,17.98,95600
STB,20111216,6.28,6.3,6.22,6.3,37600
STBA,20111216,19.3,19.83,18.81,19,306500
STBZ,20111216,15.5,15.7,14.8,14.88,194300
STEC,20111216,9.27,9.44,8.98,9.08,1189500
STEI,20111216,5.56,5.69,5.11,5.37,1508800
STEL,20111216,11.55,11.69,11.24,11.29,143100
STEM,20111216,0.95,0.95,0.82,0.83,2818900
STFC,20111216,12.8,12.87,12.52,12.76,60000
STKL,20111216,5.03,5.16,5,5.03,66400
STLD,20111216,12.09,12.82,12.07,12.5,5625600
STLY,20111216,3,3.12,3,3.06,9000
STMP,20111216,24.34,25.29,24.11,25.25,451700
STND,20111216,14.84,15.25,14.84,15.04,4100
STNR,20111216,46.15,47.14,45.56,46,84400
STRA,20111216,91.64,94.05,88.8,93.59,356600
STRL,20111216,11.56,11.97,11.56,11.75,91700
STRM,20111216,1.54,1.58,1.51,1.51,4200
STRN,20111216,4.95,5.2,4.9,5,22900
STRS,20111216,7.22,7.72,7.22,7.72,900
STRT,20111216,21.52,21.52,20.7,20.76,2900
STSA,20111216,16.19,16.2,15.58,15.7,370100
STX,20111216,15.44,15.55,15.19,15.43,9229900
STXS,20111216,9,9.2,8.9,8.9,317900
SUBK,20111216,9.06,9.11,8.56,8.61,77500
SUMR,20111216,7,7.02,6.85,6.95,84600
SUNS,20111216,16.4,16.4,15.68,15.94,70400
SUPX,20111216,18.04,18.83,17.82,18.74,140200
SURG,20111216,6.43,7,6.43,6.99,456900
SUSQ,20111216,7.85,8.02,7.85,7.99,6810300
SUTR,20111216,1.1,1.12,1.1,1.1,15000
SVA,20111216,2.22,2.26,2.2,2.21,104300
SVBI,20111216,2.35,2.35,2.35,2.35,1000
SVNT,20111216,2.06,2.15,2.05,2.09,8600400
SVVC,20111216,14.42,14.51,14.42,14.51,1400
SWHC,20111216,3.93,4.08,3.88,3.9,1564200
SWIR,20111216,6.36,6.41,6.33,6.37,74200
SWKS,20111216,14.38,14.78,14.34,14.37,6169000
SWSH,20111216,3.45,3.45,3.13,3.21,2185000
SYBT,20111216,20.62,20.85,20.32,20.34,59800
SYBTP,20111216,11.25,11.26,11.25,11.25,5800
SYKE,20111216,15.18,15.21,14.83,14.93,875800
SYMC,20111216,15.47,15.74,15.32,15.46,9277100
SYMM,20111216,5.43,5.6,5.21,5.34,440400
SYMX,20111216,1.49,1.57,1.4,1.46,74100
SYNA,20111216,30.23,31.33,29.85,30.74,803500
SYNL,20111216,10.32,10.32,10.04,10.04,3100
SYNM,20111216,10.1,10.4,9.7,10.3,449200
SYNT,20111216,46.24,46.27,44.89,44.94,137500
SYPR,20111216,4.04,4.05,3.94,3.94,4900
SYUT,20111216,4.83,4.83,4.14,4.25,80400
SZYM,20111216,11.09,11.27,10.99,11.15,343900
TACT,20111216,7.2,7.41,7.03,7.41,24900
TAIT,20111216,1.01,1.02,1.01,1.02,5500
TASR,20111216,5.75,5.8,5.61,5.66,990500
TAST,20111216,10.67,11.1,10.52,11.06,160800
TATT,20111216,4.25,4.25,4.25,4.25,0
TAXI,20111216,11.41,11.48,11.23,11.38,102700
TAYC,20111216,8,8.02,7.79,7.9,105800
TAYCP,20111216,22.78,22.8,22.76,22.8,2400
TAYD,20111216,6.58,6.84,6.58,6.8,3400
TBAC,20111216,1.11,1.11,0.94,0.94,178400
TBBK,20111216,7.63,7.63,7.38,7.48,177500
TBNK,20111216,19.75,19.8,19.68,19.75,165700
TBOW,20111216,1.88,2,1.83,1.83,14500
TCBI,20111216,28.52,29.26,28.33,28.78,626000
TCBIW,20111216,16.9,16.9,16.9,16.9,0
TCBK,20111216,14.68,14.8,14.24,14.46,65000
TCCO,20111216,7.7,7.7,7.61,7.7,1300
TCRD,20111216,11.56,11.89,11.38,11.38,136300
TEAR,20111216,1.28,1.29,1.23,1.23,11800
TECD,20111216,49.34,50.16,48.92,49.57,576300
TECH,20111216,65.56,67.66,65.44,67.52,473900
TECUA,20111216,4.89,5.15,4.79,4.99,128300
TECUB,20111216,4.9,4.9,4.7,4.7,2200
TELK,20111216,7.5,7.8,7.2,7.5,130600
TESO,20111216,11.37,11.83,11.25,11.75,222000
TESS,20111216,13.81,14.27,13.57,13.94,10800
TFCO,20111216,2.81,3.48,2.59,3.48,8000
TFM,20111216,40.76,41.7,40.69,41.41,418700
TFSL,20111216,8.97,8.97,8.62,8.65,3328600
TGA,20111216,6.94,7.12,6.94,7.1,93500
TGE,20111216,6.88,7.2,6.88,7.02,64500
THFF,20111216,33.45,33.91,32.53,32.6,71500
THLD,20111216,1.3,1.33,1.27,1.27,41700
THOR,20111216,30.46,30.85,30.04,30.5,802200
THRD,20111216,22.25,22.25,22.07,22.25,1400
THRX,20111216,22.34,22.66,21.57,22.09,571500
THTI,20111216,0.89,0.89,0.86,0.89,400
TIBX,20111216,23.88,24.64,23.6,23.6,4003700
TICC,20111216,8.51,8.62,8.35,8.43,268200
TIGR,20111216,2.08,2.13,2.08,2.13,5800
TINY,20111216,3.7,3.8,3.61,3.61,297400
TISA,20111216,2.12,2.13,2.12,2.12,19900
TITN,20111216,20.72,21.18,20.32,20.62,244500
TIVO,20111216,9.16,9.18,8.78,8.9,3703000
TKMR,20111216,1.61,1.7,1.57,1.62,18100
TLAB,20111216,3.9,3.94,3.8,3.87,9353800
TLF,20111216,4.69,4.7,4.65,4.66,1000
TMNG,20111216,1.52,1.52,1.52,1.52,0
TNAV,20111216,8.15,8.2,8,8.2,151900
TNGO,20111216,14.63,14.9,14.4,14.78,308000
TOFC,20111216,8.59,8.66,8.59,8.63,1600
TOPS,20111216,2.15,2.2,2.15,2.19,800
TORM,20111216,15.11,15.3,15.1,15.1,1200
TOWN,20111216,12.74,12.74,12.21,12.32,133900
TPGI,20111216,3.16,3.2,3.13,3.2,17300
TQNT,20111216,4.44,4.65,4.44,4.53,4665300
TQQQ,20111216,32.455,33.7,32.24,32.33,1463200
TRAK,20111216,26.9,27.37,26.55,26.77,517300
TREE,20111216,5.48,5.48,5.23,5.25,27500
TRGT,20111216,7.79,8.05,7.68,7.79,1465700
TRIB,20111216,10.49,10.5,10.25,10.41,53500
TRIT,20111216,4.35,4.42,4.25,4.3,29700
TRLG,20111216,34,34.68,33.8,33.99,232800
TRMB,20111216,21.37,21.62,21.115,21.36,1541000
TRMD,20111216,6.7,7.1,6.7,6.9,11600
TRMK,20111216,22.77,23.31,22.52,22.72,1347500
TRNS,20111216,11.6,11.6,11.39,11.39,900
TRNX,20111216,18.33,18.74,18.17,18.25,146000
TROW,20111216,54.49,55.02,53.81,54.28,3122700
TRS,20111216,17.27,17.76,16.9,17,225800
TRST,20111216,5.39,5.47,5.26,5.31,1267800
TSBK,20111216,3.65,3.91,3.65,3.9,1900
TSCO,20111216,71.72,72.97,71.46,72.82,827500
TSEM,20111216,9.3,9.45,9.3,9.45,219300
TSLA,20111216,28.75,28.93,27.98,28,1029600
TSON,20111216,1.92,2.02,1.84,1.98,144400
TSPT,20111216,7.12,7.12,6.91,6.97,206000
TSRA,20111216,15.87,16.29,15.86,16,669400
TSRI,20111216,4,4,4,4,0
TSRX,20111216,6.88,6.94,6.75,6.83,111400
TST,20111216,1.71,1.75,1.68,1.72,88500
TSTC,20111216,4.76,4.76,4.44,4.44,42500
TSYS,20111216,2.19,2.3,2.18,2.29,816200
TTEC,20111216,15.66,16.02,15.66,15.79,388400
TTEK,20111216,21.48,21.85,20.88,20.99,689100
TTGT,20111216,6.75,7.07,6.46,6.64,143300
TTHI,20111216,1.28,1.34,1.25,1.27,67200
TTMI,20111216,10.91,11.21,10.88,11.13,1147300
TTWO,20111216,13.91,14.01,13.56,13.69,2166800
TUES,20111216,3.35,3.61,3.27,3.54,642400
TWER,20111216,1.94,1.94,1.86,1.91,484700
TWGP,20111216,20.54,20.57,19.98,20.53,708400
TWIN,20111216,36.28,36.95,34.99,35.72,148100
TWMC,20111216,2.3,2.3,2.25,2.25,8000
TWTC,20111216,19.41,19.49,18.95,19.12,2448600
TXCC,20111216,2.9,2.93,2.75,2.82,87400
TXN,20111216,28.95,29.1,28.51,28.69,12979700
TXRH,20111216,14.32,14.48,14.18,14.21,1092700
TYPE,20111216,16.02,16.43,15.97,16.37,684900
TZOO,20111216,27.84,28,26.7,27.62,492600
TZYM,20111216,2.84,3.24,2.8,3.15,9000
UACL,20111216,16.14,17.13,16.14,17.13,36700
UBCP,20111216,8.59,8.59,8.59,8.59,100
UBFO,20111216,2.45,2.58,2.29,2.29,10100
UBNK,20111216,16.06,16.49,15.89,15.9,85500
UBNT,20111216,20.9,21.08,20.56,20.9,1195100
UBOH,20111216,7.05,7.05,7.05,7.05,5000
UBPS,20111216,6,6,6,6,0
UBSH,20111216,13.15,13.63,12.96,13.11,128500
UBSI,20111216,28.82,29,27.59,27.71,963300
UCBA,20111216,5.75,5.75,5.75,5.75,0
UCBI,20111216,6.79,6.79,6.53,6.63,429000
UCFC,20111216,1.19,1.23,1.09,1.09,17400
UCTT,20111216,6.04,6.06,5.77,5.8,142800
UEIC,20111216,15.26,16.61,15.17,16.53,277500
UEPS,20111216,8.05,8.27,7.88,8.22,384000
UFCS,20111216,19.91,20.4,19.45,20.2,162300
UFPI,20111216,28.91,29.46,27.39,27.49,354500
UFPT,20111216,15.06,15.85,15.06,15.28,14100
UG,20111216,15.02,15.02,14.83,14.9,3000
UHAL,20111216,84.11,85.22,82.93,83.18,77700
ULBI,20111216,4.01,4.14,3.95,4.1,51500
ULGX,20111216,0.96,1.04,0.92,1.01,53300
ULTA,20111216,66.79,68.2,66.11,67.01,877000
ULTI,20111216,67.29,68.1,66.61,67.28,308900
ULTR,20111216,2.75,2.93,2.7,2.85,116900
UMBF,20111216,35,35.93,34.92,35.38,403100
UMPQ,20111216,12.06,12.51,11.97,12.29,2643300
UNAM,20111216,11.61,11.61,11.61,11.61,0
UNB,20111216,18.8,18.9,18.8,18.9,300
UNFI,20111216,37.96,38.49,37.5,38.13,499100
UNIS,20111216,3.23,3.25,2.82,3.05,1473100
UNTD,20111216,5.11,5.3,5.09,5.3,1290600
UNTK,20111216,4.76,4.76,4.65,4.65,48600
UNTY,20111216,6.35,6.35,6.35,6.35,4000
UNXL,20111216,5.14,5.25,5.01,5.2,9900
UPI,20111216,4.69,4.69,4.37,4.4,128300
URBN,20111216,27.03,27.28,26.51,26.58,7324700
URRE,20111216,8.2,8.5,7.8,8.4,756600
USAK,20111216,7.8,8.32,7.63,8.03,5200
USAP,20111216,33.61,34.08,32.9,33.08,33400
USAT,20111216,1.05,1.08,1.03,1.03,168000
USATP,20111216,16.44,16.44,16.44,16.44,0
USATZ,20111216,0.5,0.51,0.5,0.51,8100
USBI,20111216,4.2,4.31,4.19,4.2,5200
USCR,20111216,2.5,2.64,2.37,2.37,14300
USEG,20111216,2.62,2.8,2.58,2.74,252800
USLM,20111216,57.6,59.94,57.12,59.54,15700
USMO,20111216,14.27,14.27,13.89,14.26,540200
USTR,20111216,31.27,31.8,30.87,31.01,710600
UTEK,20111216,23.39,23.7,22.9,22.95,315000
UTHR,20111216,42.12,43.38,42.02,43.24,1403400
UTIW,20111216,13.01,13.55,12.98,13.1,1022500
UTMD,20111216,26.3,26.58,26.28,26.58,2300
UTSI,20111216,4.02,4.35,4.02,4.35,215700
UVSP,20111216,14.75,14.85,14.17,14.24,82500
VALU,20111216,10.67,10.7,10.25,10.42,42300
VALV,20111216,0.7,0.73,0.68,0.68,37000
VASC,20111216,11.6,11.6,11.35,11.42,80300
VBFC,20111216,1.4,1.82,1.35,1.35,16000
VCBI,20111216,7,7.25,6.99,7.25,345800
VCIT,20111216,82.15,82.15,81.83,81.99,124000
VCLK,20111216,15.52,15.92,15.43,15.84,1326600
VCLT,20111216,86.25,86.57,85.86,86.46,68900
VCSH,20111216,77.78,77.85,77.74,77.83,153200
VDSI,20111216,7.18,7.49,7.18,7.3,177800
VECO,20111216,22.83,23.51,22.05,22.29,1357100
VELT,20111216,6.24,6.84,6.18,6.83,521000
VGIT,20111216,65.68,65.83,65.68,65.81,9800
VGLT,20111216,75.44,76.01,75.39,75.87,19700
VGSH,20111216,61.11,61.11,61.03,61.09,32300
VIA,20111216,47.75,48.08,45.61,47.36,54800
VIAB,20111216,43.35,43.66,42.37,42.76,7982800
VIAS,20111216,17.2,17.46,17.1,17.22,16200
VICL,20111216,4.39,4.41,4.25,4.27,739300
VICR,20111216,7.84,8.04,7.58,7.74,301400
VIDE,20111216,5.41,5.6,5.41,5.5,7700
VIFL,20111216,5.25,5.3,5.24,5.26,6100
VIMC,20111216,1.56,1.63,1.52,1.55,56200
VIRC,20111216,1.31,1.4,1.31,1.32,9200
VISN,20111216,26,27.2,26,26.4,267200
VITC,20111216,6.58,6.58,6.34,6.35,100000
VIVO,20111216,18.84,19,18.24,18.3,508800
VLCCF,20111216,14.61,14.78,14.35,14.43,222300
VLGEA,20111216,28.68,28.82,28.19,28.5,42100
VLTR,20111216,24.18,24.47,23.95,24.14,230600
VLYWW,20111216,1.87,1.9,1.87,1.9,500
VMBS,20111216,52.38,52.38,52.05,52.05,50000
VMED,20111216,21.44,21.55,20.83,20.95,6677000
VNDA,20111216,4.61,4.61,4.38,4.46,184300
VNET,20111216,8.92,9.67,8.92,9.58,279400
VNQI,20111216,41.4,41.69,41.2,41.28,42900
VOCS,20111216,21.32,21.77,21.03,21.46,123600
VOD,20111216,27.57,27.61,27.01,27.17,8729500
VOLC,20111216,22.21,22.38,21.75,22.1,459700
VONE,20111216,56.03,56.31,55.73,55.81,23100
VONG,20111216,57.96,57.99,57.88,57.99,4800
VONV,20111216,53.97,54.18,53.62,53.71,5900
VOXX,20111216,7.45,7.85,7.45,7.68,222600
VPFG,20111216,12.84,12.86,12.61,12.64,202100
VPHM,20111216,27.78,27.96,26.12,27.02,3450900
VPRT,20111216,32.19,32.76,31.96,32.74,295200
VRA,20111216,33.17,34.57,32.72,32.96,745900
VRML,20111216,1.28,1.28,1.12,1.2,111800
VRNM,20111216,2.56,2.62,2.56,2.57,9800
VRNT,20111216,27.36,27.84,27.29,27.46,205500
VRSK,20111216,38.7,39.84,38.48,39.4,3968900
VRSN,20111216,34.31,34.99,34.19,34.72,4489300
VRTA,20111216,1.21,1.21,1.21,1.21,0
VRTB,20111216,1.15,1.19,1.12,1.19,9100
VRTS,20111216,74,74.06,72,72,34700
VRTU,20111216,15.44,15.68,15,15.01,262700
VRTX,20111216,32.78,34.08,32.23,33.91,9682400
VSAT,20111216,46.96,47.49,45.76,47.07,357000
VSBN,20111216,11.28,11.28,11.28,11.28,100
VSCI,20111216,1.98,2.05,1.98,2.05,18700
VSCP,20111216,0.86,0.92,0.86,0.86,10800
VSEC,20111216,23.17,23.58,22.47,22.92,24000
VTHR,20111216,56.01,56.01,55.65,55.77,12400
VTNC,20111216,5.14,5.28,5.01,5.01,59100
VTSS,20111216,2.48,2.5,2.3,2.42,89100
VTUS,20111216,7.74,8.06,7.21,7.46,29200
VTWG,20111216,59.55,60.08,59.06,59.46,53500
VTWO,20111216,57.84,58.11,57.1,57.45,17800
VTWV,20111216,55.09,55.09,55.09,55.09,0
VVTV,20111216,1.89,1.91,1.82,1.82,426400
VVUS,20111216,10.2,10.3,10,10.09,2185800
VXUS,20111216,41.12,41.28,40.79,40.96,113700
VYFC,20111216,4.5,4.9,4.5,4.9,1500
WABC,20111216,42.21,43.32,41.77,42.13,427400
WAFD,20111216,13.17,13.43,12.9,12.95,1237900
WASH,20111216,23.7,24.09,23.56,23.68,79300
WAVX,20111216,2.17,2.3,2.12,2.14,462900
WAYN,20111216,7.36,7.36,7.3,7.3,700
WBCO,20111216,11.52,11.6,11.27,11.41,70000
WBKC,20111216,14.15,14.15,14.15,14.15,25000
WBMD,20111216,37.79,38.51,37.54,38.31,1176700
WBSN,20111216,18.34,18.74,18.31,18.52,428700
WCRX,20111216,14.09,14.44,13.9,14.02,3889900
WDC,20111216,30.94,31.67,30.81,30.95,3949600
WDFC,20111216,40.31,40.95,39.92,40.27,197200
WEBM,20111216,3.36,3.5,3.22,3.22,29000
WERN,20111216,22.98,23.64,22.83,23.5,865500
WETF,20111216,5.81,5.92,5.79,5.89,65600
WEYS,20111216,23.2,23.33,22.91,22.91,29000
WFD,20111216,7.29,7.36,7.25,7.25,196800
WFM,20111216,66.78,67.33,65.95,66.16,2038600
WIBC,20111216,3.16,3.27,3.14,3.21,553800
WIFI,20111216,8.86,9.17,8.81,9.15,257700
WILC,20111216,4.6,4.73,4.6,4.7,40400
WILN,20111216,5.27,5.34,5.23,5.29,39700
WIN,20111216,11.41,11.59,11.33,11.58,15758400
WINA,20111216,55.99,57.34,55.72,57.2,22100
WIRE,20111216,25.76,26.19,25.32,25.67,161100
WLB,20111216,11.05,11.3,10.61,11.29,81200
WLBPZ,20111216,24.4,24.4,24.04,24.4,1100
WLDN,20111216,3.91,3.91,3.91,3.91,100
WLFC,20111216,11.25,11.41,11.25,11.41,700
WMAR,20111216,10.32,10.49,10.03,10.23,56700
WMGI,20111216,14.66,15.17,14.65,15.15,685900
WOOD,20111216,35.67,36,35.42,35.51,21900
WOOF,20111216,19.75,19.85,19.34,19.38,1019700
WPCS,20111216,1.65,1.73,1.63,1.66,8500
WPPGY,20111216,49.76,50,49.31,49.51,49800
WPRT,20111216,28.56,29.77,28.25,29.36,1000200
WRES,20111216,2.93,3.02,2.85,3,576600
WRLD,20111216,69,70.06,68.7,69.44,142800
WRLS,20111216,7.5,7.93,7.4,7.75,196300
WSB,20111216,2.5,2.5,2.5,2.5,14700
WSBC,20111216,19.27,19.85,19.17,19.46,105900
WSBF,20111216,1.92,2.02,1.82,1.82,18200
WSCI,20111216,5.47,5.48,5.26,5.46,3900
WSFS,20111216,36.49,37.12,34.7,34.74,38300
WSTG,20111216,12.01,12.1,11.78,11.95,5000
WSTL,20111216,2.04,2.08,2.02,2.03,441000
WTBA,20111216,9.2,9.37,9.2,9.37,98500
WTFC,20111216,27.61,27.75,27.16,27.38,811800
WTFCW,20111216,12.94,12.94,12.94,12.94,100
WVFC,20111216,9.07,9.44,9.01,9.44,8400
WVVI,20111216,3.03,3.15,3.01,3.02,1900
WWD,20111216,38.93,39.93,38.44,39.02,573000
WWWW,20111216,9.46,9.8,9.31,9.6,381400
WYNN,20111216,105.35,107.26,104.92,105.65,2323600
XBKS,20111216,3.62,3.72,3.51,3.52,4700
XIDE,20111216,2.45,2.56,2.42,2.48,1816800
XLNX,20111216,31.25,31.91,31.09,31.21,5884300
XNPT,20111216,4.06,4.14,3.81,3.98,345000
XOMA,20111216,1.22,1.28,1.13,1.15,435300
XRAY,20111216,35.01,35.29,34.61,34.66,1718600
XRTX,20111216,13.94,14.22,13.72,13.73,485300
XTEX,20111216,16.2,16.22,15.63,15.73,215700
XTXI,20111216,12.49,12.69,12.13,12.48,388000
XWES,20111216,3.12,3.12,2.96,3,26300
XXIA,20111216,10.72,11.02,10.65,10.69,396400
YAVY,20111216,1.71,1.75,1.7,1.75,10500
YHOO,20111216,15.05,15.26,14.92,14.96,32625100
YNDX,20111216,18.32,18.36,17.01,17.55,1537900
YORW,20111216,17.43,17.43,17.07,17.28,59000
Z,20111216,23.94,24.47,22.77,23.02,131700
ZAGG,20111216,8.84,9.68,8.76,9.35,1058000
ZBRA,20111216,36.9,37.67,36.48,37.02,452700
ZEUS,20111216,23.29,24.25,23.11,24.14,109900
ZGNX,20111216,1.51,1.54,1.44,1.51,274400
ZHNE,20111216,0.85,0.87,0.85,0.85,15400
ZIGO,20111216,18.14,18.36,17.42,17.69,86400
ZINC,20111216,8.93,9.04,8.37,8.5,1688900
ZION,20111216,15.02,15.42,14.94,15.07,6098000
ZIONW,20111216,2.54,2.87,2.46,2.75,700
ZIOP,20111216,4.39,4.53,4.33,4.51,442100
ZIPR,20111216,1.06,1.1,1.01,1.06,168000
ZIXI,20111216,2.8,2.89,2.75,2.81,556900
ZLCS,20111216,1.16,1.25,1.13,1.16,1040900
ZLTQ,20111216,12.11,12.59,12.11,12.34,867900
ZN,20111216,2.5,2.5,2.35,2.35,155500
ZNGA,20111216,11,11.5,9,9.5,116826100
ZOLT,20111216,7.69,7.8,7.41,7.57,246800
ZOOM,20111216,1.15,1.18,1.03,1.1,392000
ZUMZ,20111216,27.88,29.05,27.68,28.01,1413800
