<ticker>,<date>,<open>,<high>,<low>,<close>,<vol>
AACC,20120104,4.08,4.14,4.04,4.08,7700
AAME,20120104,1.96,1.96,1.96,1.96,400
AAON,20120104,20.44,21.21,20.24,20.44,53900
AAPL,20120104,410.08,414.68,409.28,413.44,9294400
AAWW,20120104,38.97,39.56,38.61,39.28,166600
AAXJ,20120104,50.71,50.97,50.53,50.87,314400
ABAX,20120104,28.01,29.03,27.93,28.11,54800
ABCB,20120104,10.54,10.54,10.22,10.36,46900
ABCD,20120104,3.43,3.43,3,3.06,16300
ABCO,20120104,36.95,37.955,36.55,37.805,92600
ABFS,20120104,19.23,19.89,19.17,19.69,362300
ABIO,20120104,5.94,5.94,5.82,5.94,28300
ABMD,20120104,18.29,18.5,17.96,18.11,180300
ABTL,20120104,3.55,3.7,3.55,3.7,35500
ACAD,20120104,1.12,1.12,1.08,1.09,58400
ACAS,20120104,7.09,7.38,7.04,7.33,14606700
ACAT,20120104,21.83,22.63,21.63,22.23,102500
ACCL,20120104,6.8,6.9,6.73,6.8,45000
ACET,20120104,6.93,7.05,6.9,6.92,92300
ACFC,20120104,2.9,2.9,2.25,2.5,23300
ACFN,20120104,6.61,6.98,6.46,6.94,126800
ACGL,20120104,37.63,37.64,36.64,36.8,749600
ACHC,20120104,9.71,10.05,9.71,9.74,46800
ACHN,20120104,8,8.15,7.65,7.71,968600
ACIW,20120104,28.53,28.87,28.46,28.46,183800
ACLS,20120104,1.39,1.4,1.35,1.36,259400
ACNB,20120104,14.18,14.18,13.9,14,1300
ACOR,20120104,24.65,24.92,24.3,24.85,639300
ACPW,20120104,3.45,3.55,3.3,3.5,444500
ACRX,20120104,1.95,2.12,1.95,2.02,4200
ACTG,20120104,36.32,37.02,34.96,35.74,544100
ACTS,20120104,1.88,1.89,1.88,1.89,21100
ACUR,20120104,3.52,3.57,3.49,3.51,22700
ACWI,20120104,42.94,43.02,42.65,42.97,717000
ACWX,20120104,37.5,37.57,37.27,37.49,383900
ACXM,20120104,12.32,12.51,12.14,12.41,260800
ADAT,20120104,1.42,1.48,1.4,1.48,34200
ADBE,20120104,28.5,28.59,28.04,28.28,3852300
ADEP,20120104,2.46,2.49,2.35,2.42,900
ADES,20120104,22.71,22.91,22.44,22.49,35700
ADI,20120104,36.04,36.08,35.65,35.98,1427900
ADP,20120104,54.48,54.59,54.13,54.4,1880000
ADRA,20120104,23.39,23.39,23.15,23.17,3400
ADRD,20120104,18.99,19.13,18.99,19.13,2900
ADRE,20120104,39.1,39.46,39.07,39.4,23500
ADRU,20120104,19.1,19.1,19.1,19.1,0
ADSK,20120104,30.67,30.73,30.03,30.21,2778500
ADTN,20120104,29.01,29.46,27.68,29.01,1782100
ADUS,20120104,3.73,3.73,3.57,3.72,1500
ADVS,20120104,24.83,24.83,23.72,23.97,148100
AEGN,20120104,16.16,16.39,15.94,16.18,255600
AEGR,20120104,16.2,16.2,15.56,15.59,59400
AEHR,20120104,0.62,0.74,0.62,0.74,25900
AEIS,20120104,10.98,11.32,10.9,11,651000
AEPI,20120104,28.48,28.48,28,28.33,27900
AERL,20120104,6.12,6.32,6.05,6.24,113000
AETI,20120104,5.18,5.19,5.01,5.14,9000
AEY,20120104,2.08,2.12,2.04,2.11,17700
AEZS,20120104,9.42,9.54,9.12,9.48,432500
AFAM,20120104,16.54,16.84,16.28,16.55,83200
AFCB,20120104,12,12,12,12,0
AFCE,20120104,14.67,14.67,14.22,14.33,122700
AFFX,20120104,4.13,4.35,4.13,4.26,837600
AFFY,20120104,6.57,6.6,6.35,6.53,439500
AFOP,20120104,7.6,7.97,7.6,7.81,12100
AFSI,20120104,22.26,23.84,22.2,23.83,666000
AGEN,20120104,2.14,2.16,2.06,2.1,34500
AGII,20120104,29.5,29.54,28.89,29.04,52400
AGNC,20120104,28.16,28.39,28.15,28.33,2887700
AGYS,20120104,8,8.15,7.95,8.01,66400
AHGP,20120104,51.53,53.8,51.53,53.8,31500
AHPI,20120104,3.21,3.45,3.21,3.4,6100
AIMC,20120104,19.06,19.16,18.67,18.85,67200
AINV,20120104,6.72,6.78,6.61,6.67,1887100
AIRM,20120104,28.83,28.8967,27.7367,27.8133,59600
AIRT,20120104,8.39,8.63,8.33,8.35,16200
AIXG,20120104,14.08,14.16,13.65,13.76,191200
AKAM,20120104,32.72,32.81,32.08,32.44,4259600
AKRX,20120104,11.05,11.25,10.98,11.01,973400
ALCO,20120104,20.12,20.14,19.47,19.58,4600
ALGN,20120104,23.9,24.58,23.8,24.41,454700
ALGT,20120104,52.49,54.2,52.49,53.96,79400
ALIM,20120104,1.35,1.44,1.34,1.36,241000
ALKS,20120104,17.55,17.67,17.16,17.2,475000
ALLB,20120104,10.75,10.79,10.75,10.79,800
ALLT,20120104,15.47,15.75,15.24,15.55,354500
ALNY,20120104,8.88,8.98,8.62,8.65,241000
ALOG,20120104,57.89,58.48,57.54,58.23,87400
ALOT,20120104,7.9,7.96,7.58,7.88,1200
ALSK,20120104,3.05,3.06,2.9,2.97,868500
ALTE,20120104,23.49,23.59,23.17,23.18,408100
ALTI,20120104,0.7,0.7,0.58,0.6,208800
ALTR,20120104,37.4,37.47,37,37.17,4645200
ALVR,20120104,9.5,9.7,9.3,9.5,27600
ALXA,20120104,9.4,9.7,9.1,9.5,380300
ALXN,20120104,70.38,71.05,69.82,70.29,751100
AMAG,20120104,18.4,19.08,18.36,18.7,141100
AMAP,20120104,10.06,10.13,9.71,9.77,39300
AMAT,20120104,10.71,10.76,10.61,10.76,10571500
AMBT,20120104,4.74,4.74,4.03,4.35,19600
AMCC,20120104,6.85,6.95,6.73,6.74,415600
AMCF,20120104,3.27,3.33,3.27,3.3,15300
AMCN,20120104,3.5,3.62,3.47,3.55,125700
AMCX,20120104,36.98,37.84,36.98,37.7,431600
AMED,20120104,11.11,11.25,10.49,10.53,507000
AMGN,20120104,64.1,64.13,63.4,63.76,7096300
AMIC,20120104,4.15,4.39,4.15,4.2,5100
AMKR,20120104,4.6,4.66,4.55,4.57,638800
AMNB,20120104,19.32,19.5,19.32,19.35,2000
AMOT,20120104,5.35,5.73,5.35,5.68,6100
AMOV,20120104,22.97,22.99,22.93,22.93,2100
AMPE,20120104,4.38,4.45,4,4.24,124900
AMRB,20120104,4.55,4.56,4.54,4.55,1800
AMRI,20120104,2.85,2.91,2.85,2.87,16500
AMRN,20120104,6.44,6.54,6.26,6.35,10673900
AMRS,20120104,12.28,12.29,11.9,11.98,147500
AMSC,20120104,3.72,3.88,3.67,3.8,406800
AMSF,20120104,22.78,23.43,22.78,23.31,39300
AMSG,20120104,25.75,26.01,25.45,25.56,150000
AMSWA,20120104,9.58,9.75,9.38,9.65,105100
AMWD,20120104,13.68,13.83,13.13,13.33,38800
AMZN,20120104,179.14,180.5,176.07,177.51,4206600
ANAC,20120104,5.79,5.91,5.73,5.81,24900
ANAD,20120104,2.3,2.32,2.21,2.3,187800
ANAT,20120104,71.91,72.45,71.5,71.75,13300
ANCB,20120104,6.35,6.45,6.34,6.45,2700
ANCI,20120104,1.35,1.35,1.29,1.29,2400
ANCX,20120104,9,9,8.98,8.98,200
ANDE,20120104,43.17,43.65,42.25,42.69,334300
ANEN,20120104,16.77,16.99,16.55,16.89,27600
ANGI,20120104,14.88,15,13.79,14.09,339200
ANGO,20120104,14.72,15.02,14.49,14.51,46900
ANIK,20120104,9.28,9.56,9.22,9.56,39400
ANLY,20120104,5.77,5.8,5.59,5.75,9000
ANSS,20120104,57.16,57.22,56.34,56.4,241400
ANTH,20120104,6.11,6.11,5.73,5.9,147300
ANTP,20120104,2.22,2.36,2.22,2.3,7200
AOSL,20120104,7.89,7.95,7.42,7.45,73400
APAGF,20120104,81.01,82.2,81.01,81.78,6200
APEI,20120104,42.77,43,41.99,42.88,261600
APFC,20120104,7.9,8.08,7.74,8,1000
APOG,20120104,12.29,12.57,12.24,12.44,76300
APOL,20120104,52.68,54.19,52.43,54.11,2585000
APPY,20120104,5.82,5.88,5.58,5.88,5200
APRI,20120104,5.09,5.2,5.06,5.12,216600
APSA,20120104,14,14,14,14,300
APWC,20120104,2.85,3.01,2.85,2.98,16800
ARAY,20120104,4.44,4.5,4.31,4.41,417800
ARCC,20120104,15.58,15.63,15.45,15.51,976000
ARCI,20120104,5.3,5.37,5.1,5.32,15400
ARCP,20120104,10.4,10.74,10.05,10.39,23900
ARCW,20120104,3.14,3.14,3.14,3.14,200
ARDNA,20120104,89.4,92,85.86,88.46,2100
AREX,20120104,30.84,31.35,29.77,31.27,373300
ARIA,20120104,12.33,13.05,12.27,12.73,5169000
ARII,20120104,23.83,25.07,23.62,24.83,52700
ARKR,20120104,13.57,13.59,13.38,13.59,1200
ARLP,20120104,76.7,80,76.5,80,94700
ARMH,20120104,28.16,28.26,27.64,28.08,2790400
ARNA,20120104,1.93,2.04,1.8,1.81,5908100
AROW,20120104,23.69,23.96,23.61,23.88,8600
ARQL,20120104,5.75,5.78,5.52,5.53,163700
ARRS,20120104,10.81,10.81,10.58,10.62,625600
ARRY,20120104,2.22,2.23,2.1,2.1,262000
ARTC,20120104,31.66,32.03,31.05,31.07,70300
ARTNA,20120104,19.25,19.25,18.72,18.72,15200
ARTW,20120104,5.95,6.8,5.66,6.75,45000
ARTX,20120104,1.18,1.2,1.14,1.18,13500
ARUN,20120104,17.51,18.12,17.2,17.93,2710100
ARWR,20120104,4.2,5.25,4.2,4.86,48000
ASBB,20120104,11.6,11.61,11.6,11.6,26200
ASBC,20120104,11.36,11.64,11.17,11.6,1910900
ASBCW,20120104,1.21,1.21,1.21,1.21,11000
ASBI,20120104,4,4.01,4,4.01,1100
ASCA,20120104,17.88,17.95,17.59,17.63,128300
ASCMA,20120104,51.77,52.5,51.55,52.25,37400
ASEI,20120104,67.36,68.76,67.36,67.93,36900
ASFI,20120104,7.96,8.24,7.92,8.05,29000
ASIA,20120104,7.94,7.99,7.59,7.59,508700
ASMI,20120104,29.53,29.65,29.09,29.39,24400
ASML,20120104,41.7,41.83,41.32,41.63,1396100
ASNA,20120104,14.865,15.49,14.825,15.43,1380000
ASPS,20120104,49.15,49.41,47.9,48.55,198200
ASRV,20120104,1.84,1.95,1.84,1.95,19500
ASRVP,20120104,25.21,25.21,25.21,25.21,100
ASTC,20120104,0.56,0.59,0.55,0.56,12800
ASTE,20120104,33.06,33.94,32.69,33.78,79500
ASTI,20120104,0.44,0.6,0.44,0.56,1055200
ASTM,20120104,1.82,1.87,1.78,1.8,238600
ASTX,20120104,1.97,1.99,1.9,1.91,510800
ASUR,20120104,4.5867,4.6667,4.5733,4.6533,14300
ASYS,20120104,8.49,9.08,8.49,8.95,173100
ATAI,20120104,7.25,7.59,7.25,7.39,1100
ATAX,20120104,5.01,5.08,5,5.03,40900
ATEA,20120104,3.65,3.65,3.65,3.65,0
ATEC,20120104,1.79,1.8,1.63,1.73,213400
ATHN,20120104,49.64,50.64,49.25,50.51,487300
ATHX,20120104,1.9,2,1.89,1.97,80100
ATLO,20120104,19.47,19.8,19.4,19.66,4100
ATMI,20120104,20.19,20.6,20.13,20.33,95300
ATML,20120104,8.46,8.47,8.24,8.26,8878300
ATNI,20120104,39.94,40.6,39.63,40.2,18100
ATNY,20120104,3.23,3.25,3.23,3.24,4200
ATRC,20120104,11.62,11.8,11.5,11.62,30800
ATRI,20120104,236.55,240.39,236.07,238.5,6600
ATRM,20120104,0.68,0.76,0.68,0.76,300
ATRO,20120104,34.68,35.24,34.43,34.64,46500
ATSG,20120104,4.84,4.88,4.71,4.84,152000
ATVI,20120104,12.21,12.27,12.07,12.1,8551500
ATX,20120104,10.65,10.75,10.32,10.34,18700
AUBN,20120104,18.85,18.85,18.23,18.23,2000
AUDC,20120104,3.96,4.04,3.92,3.96,40800
AUXL,20120104,19.73,19.75,19.28,19.43,564300
AVAV,20120104,30.39,30.52,29.9,30.14,216100
AVEO,20120104,14.02,14.63,13.52,14.19,937800
AVGO,20120104,28.92,29.09,28.09,28.45,2025300
AVID,20120104,8.66,8.85,8.54,8.62,135700
AVNR,20120104,2.06,2.09,2,2.05,749000
AVNW,20120104,1.84,1.85,1.8,1.8,113100
AWAY,20120104,23.95,24.39,23.69,23.93,230600
AWRE,20120104,2.75,2.9,2.73,2.78,8700
AXAS,20120104,3.58,3.62,3.4,3.61,1302300
AXFN,20120104,18.24,18.24,18.24,18.24,0
AXTI,20120104,4.51,4.58,4.4,4.5,139300
AZPN,20120104,17,17,16.32,16.41,765900
BABY,20120104,9.94,10.21,9.79,9.95,278000
BAGL,20120104,15.37,15.37,14.53,14.58,19800
BAMM,20120104,2.34,2.65,2.34,2.55,44300
BANC,20120104,11.95,12.39,11.76,12.32,59200
BANF,20120104,38.59,38.94,38.47,38.81,7800
BANFP,20120104,26.55,26.55,26.55,26.55,0
BANR,20120104,17.59,18.16,17.13,17.91,118300
BASI,20120104,1.33,1.39,1.3,1.35,38200
BBBY,20120104,58.39,60,58.36,59.44,3742100
BBCN,20120104,9.26,9.94,9.26,9.9,429800
BBEP,20120104,19.21,19.44,19.13,19.29,484000
BBGI,20120104,3.3,3.39,3.29,3.29,400
BBNK,20120104,10.89,10.89,10.54,10.55,6200
BBOX,20120104,29.29,29.81,28.63,28.82,35800
BBRG,20120104,16.5,17,16.05,16.79,180000
BBRY,20120104,15.47,15.52,14.88,15.08,17220400
BBSI,20120104,20.7,20.94,19.98,20.21,46100
BCBP,20120104,9.95,9.97,9.9,9.96,15800
BCOM,20120104,13.66,13.89,13.57,13.88,2300
BCPC,20120104,40.75,40.91,40.35,40.69,64600
BCRX,20120104,2.44,2.46,2.37,2.41,115900
BCSB,20120104,10.45,10.61,10.45,10.61,500
BDE,20120104,7.58,7.59,7.37,7.45,19400
BDGE,20120104,20.79,20.99,20.31,20.58,16500
BDMS,20120104,16.14,16.14,16.14,16.14,100
BDSI,20120104,0.8,0.87,0.8,0.82,92300
BEAT,20120104,2.55,2.6,2.46,2.49,185100
BEAV,20120104,38.82,39.03,38.61,38.93,636100
BEBE,20120104,8.35,8.56,8.28,8.54,401900
BECN,20120104,20.65,20.67,20.35,20.5,681500
BELFA,20120104,21.4,21.4,21.4,21.4,0
BELFB,20120104,19.51,19.51,19.03,19.06,17300
BERK,20120104,7.5,7.5,7.2,7.36,1500
BFIN,20120104,5.57,5.74,5.54,5.56,23800
BFLY,20120104,2.19,2.2,2.19,2.2,1100
BGCP,20120104,6.05,6.08,5.88,6.05,644600
BGFV,20120104,10.63,10.63,9.91,10.02,225100
BGMD,20120104,4.98,5.41,4.53,5.03,51300
BIB,20120104,35.23,35.24,35.135,35.215,1300
BICK,20120104,23.52,23.59,23.38,23.53,6000
BIDU,20120104,122.75,123.6,121.15,121.99,4401700
BIIB,20120104,113.7,114.29,112.71,113.72,1417700
BIOD,20120104,2.44,2.48,2.4,2.4,69400
BIOF,20120104,13,13.6,12.8,12.8,515900
BIOS,20120104,5.31,5.43,5.23,5.34,238500
BIRT,20120104,5.83,5.84,5.63,5.75,81800
BIS,20120104,32.31,32.53,32.3,32.53,1400
BJRI,20120104,43.99,44.68,43.23,44.5,455200
BKCC,20120104,8.33,8.55,8.33,8.53,353400
BKEP,20120104,6.76,6.9,6.48,6.75,69300
BKEPP,20120104,7.11,8.05,7,8.05,3000
BKMU,20120104,3.2,3.26,3.16,3.22,27800
BKOR,20120104,2.65,2.65,2.65,2.65,0
BKSC,20120104,10.09,10.25,10.09,10.25,4400
BKYF,20120104,21.52,22.1,21.15,22.1,9900
BLDP,20120104,1.11,1.12,1.07,1.09,344700
BLDR,20120104,2.04,2.08,1.95,2.05,84000
BLIN,20120104,0.67,0.67,0.6,0.6,15400
BLKB,20120104,28.12,28.41,27.87,28.31,123900
BLMT,20120104,10.55,10.65,10.52,10.62,8300
BLRX,20120104,3.11,3.11,2.68,2.97,3200
BMC,20120104,33.05,33.21,32.46,32.5,1970800
BMRC,20120104,38.4,38.62,37.89,37.89,7300
BMRN,20120104,34.88,35.42,34.74,35.31,703800
BMTC,20120104,20.02,20.13,19.95,20.01,6800
BNCL,20120104,8.67,8.8,8.51,8.7,52000
BNCN,20120104,7.94,7.95,7.3,7.68,5500
BNSO,20120104,1.25,1.25,1.25,1.25,0
BOBE,20120104,33.57,34.13,33.38,33.84,186000
BOCH,20120104,3.48,3.52,3.45,3.51,5600
BODY,20120104,23.95,23.99,23.17,23.3,119200
BOFI,20120104,16.71,16.72,16.43,16.55,31000
BOKF,20120104,54.81,55.79,54.65,55.55,68300
BOLT,20120104,11.85,11.85,11.42,11.59,22700
BONA,20120104,3.93,4.28,3.93,4.25,90000
BONT,20120104,3.26,3.34,3.15,3.17,95200
BOOM,20120104,20.18,20.43,19.9,20.13,41000
BOSC,20120104,3.12,3.76,3.12,3.76,1400
BPAX,20120104,2.94,2.94,2.88,2.88,2826700
BPFH,20120104,7.96,8.05,7.89,7.97,693500
BPFHW,20120104,3.2,3.2,3.2,3.2,0
BPOP,20120104,14.4,15.1,14.2,14.7,5824600
BPOPM,20120104,16.95,16.99,16.95,16.99,900
BPOPN,20120104,17.74,17.74,17.53,17.57,3500
BRCD,20120104,5.23,5.38,5.16,5.29,4862800
BRCM,20120104,29.41,29.54,29.05,29.13,7625600
BRID,20120104,9.7,9.7,9.7,9.7,0
BRKL,20120104,8.59,8.65,8.49,8.49,552200
BRKR,20120104,12.6,12.6,12.24,12.32,348000
BRKS,20120104,10.35,10.52,10.15,10.2,223000
BRLI,20120104,16.36,16.36,16.02,16.27,310000
BSDM,20120104,2.48,2.48,2.3,2.3,64200
BSET,20120104,7.73,7.82,7.54,7.69,25700
BSFT,20120104,27.18,27.72,24.85,26,3634600
BSPM,20120104,1.89,2.04,1.89,2.01,25900
BSQR,20120104,3.31,3.37,3.15,3.24,17600
BSRR,20120104,8.97,9,8.87,8.9,38400
BSTC,20120104,16.99,17.55,16.99,17.2,11300
BTUI,20120104,2.63,2.71,2.6,2.69,13400
BUR,20120104,7,7,6.98,7,1300
BUSE,20120104,5.07,5.11,5.03,5.04,97100
BVSN,20120104,11.51,11.55,11.03,11.39,28400
BWEN,20120104,7.1,7.2,6.8,6.9,447400
BWINA,20120104,22.34,22.5,22.3,22.5,700
BWINB,20120104,22.16,22.45,22.13,22.43,5500
BWLD,20120104,65.31,66.79,64.89,66.54,504800
BYFC,20120104,1.56,1.6,1.56,1.57,300
CA,20120104,20.26,20.31,20.05,20.16,1651600
CAAS,20120104,3.47,3.69,3.47,3.66,67500
CAC,20120104,34.42,34.62,33.82,34.48,12600
CACB,20120104,4.49,4.6,4.31,4.34,9100
CACC,20120104,80.91,80.91,78.23,78.47,24100
CACH,20120104,6.09,6.13,6.06,6.07,19600
CADC,20120104,2.39,2.42,2.38,2.39,94700
CADX,20120104,4.07,4.08,3.93,3.94,212000
CAFI,20120104,1.31,1.43,1.27,1.42,7600
CAKE,20120104,29.32,29.54,28.86,29.13,1058300
CALD,20120104,6.5,6.58,6.46,6.53,167100
CALI,20120104,5.28,5.4,5.22,5.22,5200
CALL,20120104,13.62,13.69,13.06,13.56,101700
CALM,20120104,36.95,37.05,36.21,36.51,81500
CAMP,20120104,4.27,4.3,4.22,4.28,120200
CAMT,20120104,1.8,1.8,1.75,1.75,7000
CAR,20120104,11.06,11.24,10.84,10.85,1791700
CARB,20120104,11.26,11.3,11.09,11.17,41700
CART,20120104,2.31,2.38,2.05,2.38,3200
CARV,20120104,8,8.52,8,8.52,900
CARZ,20120104,23.69,23.74,23.64,23.74,1200
CASH,20120104,15.8,15.8,15.8,15.8,0
CASM,20120104,1.69,1.79,1.67,1.67,12100
CASS,20120104,36.92,37.25,36.58,36.83,8900
CASY,20120104,51.35,51.35,50.22,50.91,164700
CATM,20120104,27.13,27.36,26.54,26.83,311900
CATY,20120104,15.19,15.41,15.07,15.26,374500
CAVM,20120104,29.65,29.65,29.07,29.1,642100
CBAK,20120104,3.35,3.45,3.25,3.25,68700
CBAN,20120104,2.12,2.12,2,2.05,25600
CBEY,20120104,8.56,8.67,8.24,8.44,131200
CBIN,20120104,9.93,9.93,9.93,9.93,0
CBLI,20120104,2.98,3.31,2.88,3.28,212300
CBMX,20120104,17.1,18.4,16.7,17.6,800
CBMXW,20120104,1.5,1.5,1.5,1.5,2000
CBNJ,20120104,7.83,7.84,7.67,7.84,6800
CBNK,20120104,13.8,13.93,13.8,13.93,1000
CBOE,20120104,25.8,25.92,25.38,25.58,392200
CBPO,20120104,10.03,10.31,9.86,10,10400
CBRL,20120104,51.06,51.52,51.01,51.3,326400
CBRX,20120104,2.46,2.55,2.38,2.45,579800
CBSH,20120104,38.37,38.59,38.01,38.49,440000
CBST,20120104,39.01,39.09,38.55,38.77,728700
CCBG,20120104,9.63,9.77,9.6,9.72,18500
CCCL,20120104,2.9,2.97,2.86,2.94,33400
CCIH,20120104,4.14,4.23,4.06,4.17,69000
CCIX,20120104,8.87,9.06,8.73,8.98,22000
CCMP,20120104,47.74,48.01,46.47,47.47,126300
CCNE,20120104,16.22,16.22,15.77,15.97,8200
CCOI,20120104,16.79,16.98,16.28,16.69,245500
CCRN,20120104,5.33,5.39,5.25,5.27,160700
CCUR,20120104,3.84,3.91,3.63,3.67,8200
CDNS,20120104,10.3,10.32,10.05,10.06,1895900
CDTI,20120104,2.84,3.08,2.78,2.95,214500
CDXS,20120104,5.41,5.52,5.11,5.13,95500
CDZI,20120104,9.42,9.42,8.9,8.95,24700
CECE,20120104,5.68,5.76,5.6,5.62,9200
CECO,20120104,8.05,8.06,7.75,7.82,1519000
CEDU,20120104,5.88,5.88,5.8,5.88,1100
CELG,20120104,68.75,68.93,67.68,67.92,2678300
CELGZ,20120104,1.4,1.7,1.39,1.65,111700
CENT,20120104,8.38,8.52,8.3,8.49,53900
CENTA,20120104,8.63,8.74,8.51,8.68,130700
CENX,20120104,9,9.26,8.75,9.15,1487700
CERN,20120104,62.55,62.55,61.63,61.72,841900
CERS,20120104,2.83,2.86,2.81,2.85,114300
CETV,20120104,6.89,6.89,6.69,6.8,384500
CEVA,20120104,29.72,30.19,29.32,29.48,183600
CFBK,20120104,3.25,3.25,3.25,3.25,0
CFFI,20120104,26.98,27.09,26.9,27.09,600
CFFN,20120104,11.5,11.7,11.5,11.66,579400
CFNB,20120104,16.13,16.4,16.13,16.13,2000
CFNL,20120104,10.74,10.92,10.61,10.66,56300
CGEN,20120104,5.15,5.15,5.01,5.05,56900
CGNX,20120104,36.31,37.12,35.91,36.94,201100
CHCI,20120104,1.14,1.14,1.1,1.12,6500
CHCO,20120104,34.76,34.97,34.46,34.83,24500
CHDN,20120104,51.15,51.21,50.57,50.84,34500
CHDX,20120104,8.38,8.41,7.98,8.07,60200
CHEF,20120104,17.66,17.7,17.1,17.4,88500
CHEV,20120104,7.55,7.69,7.47,7.47,12200
CHFC,20120104,21.89,21.9,21.52,21.72,38000
CHFN,20120104,9.81,9.96,9.81,9.86,8000
CHKE,20120104,12,12.07,11.76,11.86,21500
CHKP,20120104,52.58,52.9,51.72,51.73,1892700
CHLN,20120104,1,1.05,0.95,1.04,43900
CHNR,20120104,6.81,7.61,6.81,7.54,2700
CHOP,20120104,3.6,3.7,3.58,3.68,128200
CHRM,20120104,8.85,9.19,8.19,8.21,4600
CHRW,20120104,69.5,69.7,68.69,68.72,864000
CHSCP,20120104,29.63,29.66,29.4,29.55,22000
CHTP,20120104,5.23,5.4,5.23,5.36,247600
CHTR,20120104,57.25,57.64,56.7,56.81,379800
CHYR,20120104,1.38,1.48,1.37,1.45,4700
CIDM,20120104,1.42,1.44,1.34,1.41,32800
CIEN,20120104,12.22,12.27,11.91,12.17,4923900
CIMT,20120104,3.25,3.51,3.25,3.5,9900
CINF,20120104,30.58,30.58,30.34,30.45,1007900
CISG,20120104,7.24,7.37,7,7.22,1311900
CITZ,20120104,4.22,4.48,4.22,4.48,6200
CIZN,20120104,18.12,18.12,17.82,17.82,300
CJJD,20120104,1.18,1.28,1.18,1.2,10300
CKEC,20120104,6.5,6.58,6.2,6.26,36500
CKSW,20120104,9.59,9.69,9.4,9.48,107900
CLBH,20120104,2.49,2.64,2.49,2.63,1700
CLCT,20120104,14.9,15.19,14.78,15.02,14800
CLDX,20120104,2.81,2.82,2.73,2.77,70700
CLFD,20120104,7.41,7.46,7.01,7.25,48700
CLMS,20120104,12.75,12.83,12.62,12.65,111900
CLMT,20120104,20.21,20.86,20.11,20.67,234400
CLNE,20120104,12.93,13.48,12.81,13.41,765700
CLNT,20120104,0.3,0.32,0.28,0.3,71000
CLRO,20120104,4.3,4.34,4.27,4.34,900
CLSN,20120104,1.73,1.8,1.72,1.79,197700
CLUB,20120104,7.4,7.65,7.37,7.62,40100
CLVS,20120104,14.13,14.82,13.95,14.03,55500
CLWR,20120104,1.93,1.96,1.9,1.92,4578600
CLWT,20120104,2.145,2.2,2.09,2.2,6700
CMCO,20120104,13.17,13.33,13.11,13.16,43900
CMCSA,20120104,24.51,24.75,24.38,24.73,17343800
CMCSK,20120104,24.09,24.38,24.09,24.3,4113400
CME,20120104,244.19,245.85,240.11,241.01,539600
CMLS,20120104,3.48,3.55,3.43,3.55,434900
CMSB,20120104,7.5,7.8,7.5,7.8,800
CMTL,20120104,29.16,29.22,28.55,28.9,182200
CNBC,20120104,9.85,10,9.85,10,19100
CNBKA,20120104,28.5,28.87,28.49,28.87,7500
CNDO,20120104,6.3,6.36,6.22,6.22,8700
CNET,20120104,1.09,1.09,1.05,1.06,6000
CNIT,20120104,0.74,0.74,0.67,0.67,117100
CNMD,20120104,26.27,27.16,26.11,26.44,394500
CNQR,20120104,50.42,50.61,48.73,49.52,439900
CNSL,20120104,19.26,19.3,19.11,19.17,172700
CNTF,20120104,1.75,1.81,1.74,1.77,37700
CNTY,20120104,2.6,2.75,2.51,2.63,34700
CNYD,20120104,2.13,2.25,2.13,2.19,2800
COBK,20120104,12.3,12.3,12.3,12.3,0
COBR,20120104,4.48,4.48,4.31,4.32,2100
COBZ,20120104,5.76,5.9,5.6,5.9,93600
COCO,20120104,2.22,2.45,2.22,2.38,1005100
COGO,20120104,1.8,1.82,1.8,1.8,161400
COHR,20120104,53.97,54.88,52.6,52.83,36300
COHU,20120104,11.89,11.98,11.72,11.74,31400
COKE,20120104,58.4,58.72,57.64,57.67,18400
COLB,20120104,19.89,20.19,19.66,20.17,282900
COLM,20120104,45.41,46.09,45,45.04,218400
CONN,20120104,11.57,11.74,11.29,11.33,200700
COOL,20120104,2.64,2.78,2.6,2.75,647300
CORE,20120104,39.08,39.31,38.78,38.97,22000
CORT,20120104,3.5,3.52,3.43,3.44,46500
COSI,20120104,0.69,0.71,0.67,0.67,168500
COST,20120104,84.67,84.95,84.01,84.07,2260100
COWN,20120104,2.61,2.67,2.58,2.59,222600
CPBC,20120104,4.7,4.7,4.7,4.7,0
CPGI,20120104,0.9,0.94,0.9,0.94,9000
CPHC,20120104,13.02,13.03,13.02,13.03,900
CPHD,20120104,33.72,34.48,33.72,34.03,366500
CPIX,20120104,5.59,5.79,5.56,5.7,14900
CPLA,20120104,36.11,36.96,36.11,36.78,162600
CPLP,20120104,6.44,6.75,6.41,6.71,276900
CPNO,20120104,34.61,35,34.49,34.96,153100
CPRT,20120104,23.405,23.49,23.11,23.155,530400
CPRX,20120104,1.3,1.38,1.3,1.34,192800
CPSI,20120104,51.76,52.56,51.2,52.4,142500
CPSL,20120104,4.32,4.44,4.2,4.32,49400
CPSS,20120104,0.96,1.01,0.95,1.01,5100
CPST,20120104,1.14,1.15,1.11,1.13,1483000
CPTS,20120104,12.64,12.77,12.48,12.55,132900
CPWR,20120104,8.22,8.25,8.07,8.17,1555900
CRAI,20120104,20.68,21.09,20.31,20.41,56600
CRAY,20120104,6.67,6.81,6.61,6.7,126700
CRDC,20120104,2.19,2.28,2.17,2.19,10100
CRDS,20120104,4.86,5.29,4.73,5.17,4300
CREE,20120104,21.86,22.06,21.46,21.69,1557700
CREG,20120104,1.24,1.28,1.2,1.23,2500
CRESW,20120104,0.08,0.08,0.07,0.07,1800
CRESY,20120104,11.67,11.92,11.52,11.56,81100
CRFN,20120104,3.37,3.37,3.37,3.37,0
CRIS,20120104,4.52,4.59,4.46,4.51,275500
CRMB,20120104,4.1,4.1,4,4.04,7600
CRMBU,20120104,3.9,3.9,3.9,3.9,0
CRMBW,20120104,0.17,0.17,0.17,0.17,13800
CRME,20120104,13.3,13.45,13,13.25,127300
CRMT,20120104,38.44,38.97,38.1,38.82,24600
CRNT,20120104,7.86,7.86,7.68,7.78,82100
CROX,20120104,15.29,16.1,15.13,15.95,1730000
CRRB,20120104,2.6,2.84,2.6,2.6,1400
CRRC,20120104,11.95,12.02,11.9,11.96,99100
CRTX,20120104,5.58,5.58,5.33,5.41,22600
CRUS,20120104,16.05,16.17,15.69,15.97,839000
CRVL,20120104,51.5,52.11,51.36,51.67,9100
CRWN,20120104,1.3,1.33,1.26,1.33,97200
CRWS,20120104,3.52,3.55,3.52,3.55,600
CRZO,20120104,27.93,28.42,27.51,28.16,851800
CSBK,20120104,9.75,9.78,9.71,9.72,4100
CSCD,20120104,3.22,3.32,3.22,3.22,2500
CSCO,20120104,18.44,19,18.35,18.99,52932800
CSFL,20120104,6.82,7.16,6.71,6.79,142000
CSGP,20120104,65.79,66.02,63.59,63.9,349900
CSGS,20120104,15.08,15.14,14.83,14.9,129700
CSII,20120104,10.25,10.35,10.09,10.2,73600
CSIQ,20120104,2.77,2.83,2.68,2.81,280700
CSOD,20120104,17.86,18.24,17.41,17.86,98700
CSPI,20120104,3.27,3.31,3.19,3.3,7200
CSRE,20120104,11.66,11.87,11.52,11.8,14200
CSTR,20120104,44.75,44.92,43.35,44.28,1166800
CSWC,20120104,82.55,82.8,81.55,81.55,4100
CTAS,20120104,35.38,36.54,35.23,36.4,2479700
CTBI,20120104,29.86,30.13,29.43,30.04,39100
CTCH,20120104,3.34,3.4,3.32,3.38,10300
CTCM,20120104,9.01,9.07,8.85,9.05,285000
CTCT,20120104,22.66,23.08,21.99,22.26,501400
CTGX,20120104,13.68,13.89,13.51,13.6,38700
CTHR,20120104,2.55,2.55,2.51,2.55,10200
CTIB,20120104,4.69,4.97,4.55,4.94,5600
CTIC,20120104,5.7,5.7,5.6,5.6,723600
CTRN,20120104,8.87,9.14,8.52,8.59,55800
CTRP,20120104,24.5,24.65,23.63,24.09,1491500
CTRX,20120104,28.715,29.355,28.5,28.92,194100
CTSH,20120104,65.6,66.12,64.92,65.96,1879700
CTWS,20120104,28.38,28.38,27.01,27.07,26500
CTXS,20120104,62,62.77,61.09,61.87,2511300
CU,20120104,30.44,30.84,30.33,30.82,13500
CUBA,20120104,6.49,6.5,6.42,6.49,8300
CUTR,20120104,7.42,7.42,7.07,7.14,70800
CVBF,20120104,10.16,10.3,9.99,10.26,532700
CVCO,20120104,40.83,40.83,39.18,40.27,13600
CVCY,20120104,5.25,5.55,5.25,5.55,5300
CVGI,20120104,9.16,9.46,9.02,9.2,129200
CVGW,20120104,25.96,25.96,25.1,25.44,46200
CVLT,20120104,42.06,43.63,42,43.54,574600
CVLY,20120104,8.43,8.43,8.43,8.43,0
CVTI,20120104,3.05,3.05,2.95,2.98,37800
CVV,20120104,11.15,11.41,11.02,11.37,55200
CWBC,20120104,1.6,1.7,1.52,1.65,1900
CWCO,20120104,8.83,9.04,8.81,8.99,62700
CWEI,20120104,79.25,79.95,77.68,78.64,69800
CWST,20120104,6.55,6.66,6.43,6.45,64700
CWTR,20120104,4.56,4.6,4.36,4.44,818100
CXDC,20120104,5.44,5.57,5.41,5.52,107200
CXPO,20120104,2.94,3.01,2.93,2.95,78700
CY,20120104,16.75,16.88,16.52,16.74,1762500
CYAN,20120104,6.71,7.11,6.6,6.89,82100
CYBE,20120104,7.72,7.72,7.6,7.6,3000
CYBX,20120104,33.73,34.1,33.05,33.27,728200
CYCC,20120104,4.06,4.06,3.71,3.78,116300
CYCCP,20120104,2.94,2.97,2.94,2.97,400
CYMI,20120104,49.91,50.53,49.18,49.9,254400
CYNO,20120104,12,12.64,11.95,12.48,27900
CYOU,20120104,23.74,24.19,22.96,23.27,200100
CYTK,20120104,0.97,0.99,0.97,0.98,53800
CYTR,20120104,1.82,1.96,1.75,1.96,792300
CYTX,20120104,2.26,2.32,2.21,2.31,273400
CYTXW,20120104,1.15,1.17,1.15,1.17,200
CZFC,20120104,7,7,7,7,0
CZNC,20120104,19.17,19.17,18.44,18.5,19000
CZWI,20120104,4.99,5,4.99,5,7400
DAEG,20120104,1.98,2,1.81,2,600
DAIO,20120104,3.77,3.89,3.76,3.89,3900
DAKT,20120104,9.76,9.89,9.64,9.75,60300
DARA,20120104,1.31,1.35,1.25,1.28,10900
DATE,20120104,5.9,6.04,5.83,6.04,74900
DAVE,20120104,10.15,10.35,10.15,10.35,4100
DBLE,20120104,6.64,7.37,6.62,7.01,130800
DBLEP,20120104,25.55,25.8,25.55,25.59,900
DCIX,20120104,5.61,5.72,5.52,5.66,158700
DCOM,20120104,12.92,13.15,12.88,13.08,71900
DCTH,20120104,3.25,3.29,3.1,3.25,494500
DECK,20120104,76.02,80.28,75.5,79.87,2681400
DELL,20120104,14.91,15.08,14.78,15.02,11012300
DENN,20120104,3.82,3.9,3.78,3.89,265600
DEPO,20120104,5.28,5.34,5.22,5.3,348800
DEST,20120104,16.02,16.74,15.76,16.66,78800
DFZ,20120104,12.21,12.33,11.99,12.14,30400
DGAS,20120104,16.725,17.125,16.72,17.105,800
DGICA,20120104,14.61,14.74,14.33,14.35,5900
DGICB,20120104,16.43,16.43,16.43,16.43,0
DGII,20120104,11.54,11.67,11.13,11.3,171300
DGIT,20120104,12.42,12.44,11.96,12.1,364700
DGLY,20120104,0.67,0.67,0.6,0.6,7300
DHIL,20120104,74.3,75.37,74.3,74.8,2900
DHRM,20120104,1.4,1.45,1.4,1.45,4100
DIOD,20120104,21.66,21.93,21.11,21.29,163000
DISCA,20120104,40.86,41.07,40.62,40.98,1330800
DISCB,20120104,41.25,41.25,41.25,41.25,0
DISCK,20120104,37.53,37.89,37.11,37.5,345400
DISH,20120104,28.97,29.5,28.69,29.46,2067900
DJCO,20120104,64.15,64.5,64.15,64.5,400
DLGC,20120104,5.95,5.95,5.35,5.4,42500
DLIA,20120104,1.06,1.15,1.06,1.12,66300
DLLR,20120104,18.32,18.6,17.49,17.71,727900
DLTR,20120104,41.145,41.715,41.105,41.3,1228700
DMLP,20120104,23,23.29,22.93,23.23,32800
DMND,20120104,31.9,34.29,31.41,32.25,3442000
DMRC,20120104,25.44,25.44,24.95,25,13700
DNBF,20120104,10.75,10.75,10.75,10.75,100
DNDN,20120104,7.59,7.68,7.31,7.6,2361600
DNKN,20120104,25.3,25.5,24.68,24.73,1127600
DORM,20120104,18.64,18.705,18.445,18.56,16100
DOVR,20120104,4.01,4.01,4,4,1100
DRAD,20120104,1.9,1.98,1.87,1.98,12000
DRAM,20120104,4.86,5.4,4.86,5.4,600
DRCO,20120104,11.6,11.63,11.43,11.61,24700
DRIV,20120104,15.29,15.3,14.61,14.61,689600
DRRX,20120104,1.19,1.21,1.15,1.15,142700
DRWI,20120104,3.47,3.5,3.18,3.2,435300
DRYS,20120104,2.14,2.21,2.08,2.2,4832600
DSCI,20120104,7.34,7.41,6.94,7.1,61600
DSCO,20120104,1.73,1.82,1.72,1.8,155200
DSGX,20120104,7.21,7.29,7.12,7.19,8500
DSPG,20120104,5.16,5.38,5.16,5.3,92000
DSWL,20120104,2.16,2.17,2.05,2.14,7900
DTLK,20120104,8.22,8.45,8.04,8.24,96800
DTSI,20120104,28.11,28.81,27.55,27.57,129700
DTV,20120104,43.41,44.15,43.37,44.01,3913800
DVAX,20120104,3.27,3.32,3.25,3.28,635700
DVOX,20120104,3.67,3.75,3.63,3.7,14500
DWA,20120104,16.5,17.36,16.35,17.35,1544000
DWCH,20120104,5.71,5.72,5.6,5.64,4400
DWSN,20120104,39.94,40,38.36,39.54,43300
DXCM,20120104,9.32,9.43,9.11,9.2,335000
DXPE,20120104,32.03,34.17,31.78,34.13,94400
DXYN,20120104,3.07,3.07,3.07,3.07,500
DYAX,20120104,1.39,1.45,1.32,1.32,97000
DYNT,20120104,3.45,3.5,3.35,3.5,2800
DYSL,20120104,1.77,1.84,1.75,1.82,12800
EA,20120104,21.19,21.19,20.26,20.29,7479300
EBAY,20120104,30.57,30.6,29.55,30.16,32904700
EBIX,20120104,22.8,22.83,22.1,22.32,525200
EBMT,20120104,9.75,9.75,9.75,9.75,0
EBSB,20120104,12.73,12.78,12.69,12.72,6400
EBTC,20120104,14.49,14.7,14.09,14.4,7500
ECHO,20120104,16.25,16.3,15.84,15.9,39800
ECOL,20120104,18.61,18.72,18.09,18.09,36400
ECPG,20120104,22.14,22.14,21.23,21.35,120500
ECTE,20120104,2.27,2.27,2.2,2.2,81500
ECTY,20120104,1.03,1.08,1.03,1.07,32700
ECYT,20120104,3.64,3.68,3.56,3.6,316000
EDAC,20120104,11.06,11.06,10.9,10.96,5300
EDAP,20120104,1.66,1.7,1.61,1.66,6000
EDGW,20120104,2.98,3.1,2.98,3.07,85000
EDMC,20120104,25.23,25.37,23.98,24.09,224600
EDS,20120104,4.8,4.82,4.67,4.71,11900
EDUC,20120104,5.15,5.15,5.04,5.04,200
EEFT,20120104,19.07,19.33,18.58,18.85,215700
EEI,20120104,16.36,16.49,16.35,16.49,2600
EFII,20120104,14.27,14.3,13.92,13.98,110100
EFSC,20120104,15.13,15.4,14.99,15.21,16800
EFUT,20120104,4.27,4.35,4.27,4.27,900
EGAN,20120104,6.78,7.15,6.75,6.95,17800
EGBN,20120104,15.07,15.14,14.8,14.92,29000
EGHT,20120104,3.42,3.44,3.35,3.36,256900
EGLE,20120104,4.04,4.08,4,4,334000
EGOV,20120104,13.13,13.3,12.85,12.94,258600
EHTH,20120104,14.5,14.57,14.03,14.07,103300
EIHI,20120104,13.69,13.81,13.63,13.71,14200
ELGX,20120104,11.58,11.75,11.5,11.64,219000
ELNK,20120104,6.6,6.63,6.5,6.54,816200
ELON,20120104,5.03,5.1,4.94,4.99,72500
ELOS,20120104,11.06,11.31,11.06,11.2,101400
ELRC,20120104,17.41,17.41,17.1,17.11,11800
ELSE,20120104,4.05,4.05,4.05,4.05,100
ELTK,20120104,1.29,1.29,1.24,1.28,1700
EMCF,20120104,15.95,15.95,15.95,15.95,0
EMCI,20120104,20.54,20.64,20.45,20.56,8600
EMFN,20120104,21.92,21.92,21.92,21.92,100
EMIF,20120104,29.32,29.7,29.18,29.61,28200
EMITF,20120104,2.8,2.97,2.79,2.81,3100
EMKR,20120104,3.76,3.92,3.64,3.72,347400
EML,20120104,19.5,19.5,19.5,19.5,0
EMMS,20120104,0.7,0.72,0.68,0.72,35200
EMMSP,20120104,17.5,17.5,17.5,17.5,0
EMMT,20120104,20.22,20.22,20.17,20.17,700
ENDP,20120104,34.76,35.02,34.5,34.58,1570500
ENG,20120104,2.13,2.15,2.1,2.1,10200
ENMD,20120104,1.11,1.21,1.06,1.06,19300
ENOC,20120104,11.41,11.72,11.11,11.3,270000
ENSG,20120104,24.29,24.72,24.13,24.52,60200
ENTG,20120104,8.66,8.77,8.56,8.75,722100
ENTR,20120104,5.43,5.45,5.06,5.08,2460400
ENZN,20120104,6.76,6.8,6.62,6.67,132200
EONC,20120104,1.31,1.45,1.28,1.33,37400
EPAX,20120104,4.34,4.35,4.22,4.32,29100
EPAY,20120104,23.31,23.43,22.89,23.19,135300
EPIQ,20120104,11.97,12.13,11.74,11.84,218500
EQIX,20120104,100.54,100.98,99,100.9,664000
ERIC,20120104,10.02,10.02,9.89,9.97,6801800
ERIE,20120104,76.48,76.82,74.79,75.24,57400
ERII,20120104,2.6,2.62,2.56,2.59,196500
EROC,20120104,11.5,11.59,11.4,11.44,330400
ESBF,20120104,14.08,14.21,14.06,14.19,17600
ESBK,20120104,16.25,16.25,16.25,16.25,800
ESCA,20120104,4.45,4.63,4.45,4.63,3600
ESEA,20120104,2.45,2.57,2.41,2.5,32900
ESGR,20120104,98.51,98.56,96.96,98,10800
ESIO,20120104,14.38,14.51,14.28,14.35,126600
ESLT,20120104,40.53,40.84,40.4,40.5,23300
ESMC,20120104,1,1,1,1,200
ESRX,20120104,47.03,47.8,46.01,47.78,8019300
ESSA,20120104,10.66,10.72,10.53,10.6,11000
ESSX,20120104,2.98,3.1,2.96,3,9500
ESYS,20120104,4.05,4.19,4.05,4.18,4700
ETFC,20120104,8.42,8.43,8.21,8.42,4597800
ETRM,20120104,1.76,1.86,1.76,1.84,3200
EUFN,20120104,15.56,15.56,15.35,15.41,22300
EVBS,20120104,1.93,1.95,1.89,1.89,11300
EVEP,20120104,66.75,67.69,66.66,67.67,210600
EVOL,20120104,6.02,6.24,5.76,5.76,151500
EWBC,20120104,19.77,20.31,19.58,20.3,932400
EXAC,20120104,16.68,16.85,16,16.53,14600
EXAR,20120104,6.42,6.43,6.24,6.24,317400
EXAS,20120104,8,8.14,7.9,7.93,335900
EXEL,20120104,4.62,4.69,4.47,4.49,843800
EXFO,20120104,5.99,6.13,5.95,6.13,15100
EXLP,20120104,20.32,21.56,20.32,21.41,192900
EXLS,20120104,22.34,22.72,22.14,22.2,138400
EXPD,20120104,41.22,41.5,40.8,41.39,994400
EXPE,20120104,29.46,29.66,28.5,29.03,3447100
EXPO,20120104,46.23,46.94,45.56,46.54,31300
EXTR,20120104,3.01,3.02,2.95,2.95,145700
EXXI,20120104,32.83,33.23,32.11,33.13,1153500
EZCH,20120104,28.95,29.13,28.41,28.99,331500
EZPW,20120104,27.12,27.22,25.72,25.95,744000
FABK,20120104,12.7,12.7,12.7,12.7,100
FALC,20120104,2.68,2.7,2.62,2.64,18200
FARM,20120104,8.21,8.21,7.97,8.05,43300
FARO,20120104,45.85,46.62,45.71,46.35,82800
FAST,20120104,43.71,44.41,43.25,44.36,2285600
FBIZ,20120104,16.44,16.52,16.44,16.52,600
FBMI,20120104,5.03,5.03,5,5,2300
FBMS,20120104,7.26,7.26,7.26,7.26,0
FBNC,20120104,11.16,11.3,10.95,11.2,29500
FBNK,20120104,13.25,13.4,13.25,13.27,35200
FBRC,20120104,8.32,8.6,8.16,8.6,80300
FBSS,20120104,11.17,11.2,11.09,11.2,2400
FCAL,20120104,3.29,3.43,3.29,3.36,25500
FCAP,20120104,18.51,18.51,18.51,18.51,100
FCBC,20120104,12.67,12.67,12.4,12.4,32700
FCCO,20120104,6.11,6.2,6.11,6.2,800
FCCY,20120104,6.75,6.75,6.75,6.75,0
FCEL,20120104,0.92,0.93,0.9,0.91,463300
FCFC,20120104,8,8.39,7.25,8.39,6100
FCFS,20120104,35.03,35.24,33.27,33.85,1001900
FCHI,20120104,42.05,42.05,41.9,41.9,2100
FCLF,20120104,6,6.09,6,6,70100
FCNCA,20120104,179.18,179.64,177.29,177.29,5600
FCTY,20120104,3.58,3.58,3.58,3.58,1900
FCVA,20120104,2.33,2.33,2.33,2.33,0
FCZA,20120104,4.01,4.2,3.82,3.9,4300
FDEF,20120104,14.87,15.07,14.79,15.07,5900
FDML,20120104,15.32,15.59,15.14,15.22,213000
FDUS,20120104,12.87,13.24,12.72,12.94,16000
FEIC,20120104,41,42.49,40.56,40.83,406100
FEIM,20120104,7.84,8.38,7.84,8.38,17900
FELE,20120104,22.535,22.96,22.505,22.765,276200
FES,20120104,6.41,6.44,6.19,6.3,20900
FFBC,20120104,17.19,17.23,16.85,17.11,151500
FFBCW,20120104,5.49,5.49,5.49,5.49,0
FFBH,20120104,4.47,4.53,4.39,4.48,3200
FFCH,20120104,9.3,9.7,9.3,9.53,47100
FFCO,20120104,13.38,13.75,13.35,13.55,5800
FFEX,20120104,1.39,1.4,1.33,1.39,1900
FFHL,20120104,1.19,1.25,1.19,1.23,4200
FFIC,20120104,12.93,13.1,12.79,13.02,88700
FFIN,20120104,34.24,34.38,33.66,34.27,73900
FFIV,20120104,102.2,105.05,99.6,104.32,2644500
FFKT,20120104,4.35,4.36,4.25,4.25,16500
FFKY,20120104,1.57,1.6,1.56,1.59,3200
FFN,20120104,0.83,0.83,0.77,0.79,68500
FFNM,20120104,3,3.08,3,3.08,200
FFNW,20120104,5.8,5.86,5.79,5.81,8000
FHCO,20120104,4.68,4.77,4.62,4.73,9800
FIBK,20120104,13.32,13.37,13.13,13.26,26500
FINL,20120104,19.25,19.51,18.96,19.38,1045400
FIRE,20120104,31.18,31.58,29.85,30.72,1042800
FISI,20120104,16.25,16.4,16.24,16.3,10500
FISV,20120104,58.54,58.55,57.77,58.14,976200
FITB,20120104,12.99,13.2,12.89,13.09,8568900
FITBP,20120104,143.65,143.65,143.35,143.35,3100
FIZZ,20120104,16.11,16.11,15.87,15.87,24600
FLDM,20120104,13.03,13.23,12.87,12.99,62700
FLEX,20120104,5.82,5.93,5.73,5.82,6340100
FLIC,20120104,26.1,26.47,26.05,26.12,11400
FLIR,20120104,25.37,25.6,25.15,25.47,523900
FLML,20120104,5.2,5.45,5.16,5.29,63200
FLOW,20120104,3.61,3.62,3.5,3.51,174100
FLWS,20120104,2.26,2.35,2.24,2.28,157000
FLXS,20120104,14.04,14.04,13.91,13.91,2400
FMBI,20120104,10.39,10.62,10.32,10.53,363800
FMCN,20120104,20.66,20.78,20.2,20.37,1616600
FMER,20120104,15.6,15.71,15.27,15.64,492900
FMFC,20120104,2.76,2.95,2.6,2.95,11600
FMNB,20120104,4.85,5,4.8,4.95,35200
FNBN,20120104,13,13.11,12.21,12.28,4500
FNFG,20120104,8.77,8.99,8.71,8.99,5773200
FNGN,20120104,22.51,22.87,22.23,22.29,243500
FNLC,20120104,15.71,15.99,15.55,15.79,4000
FNSR,20120104,16.94,16.98,16.32,16.33,2901500
FOLD,20120104,3.72,3.72,3.45,3.6,23400
FONE,20120104,24.17,24.23,24.17,24.23,200
FONR,20120104,1.7,1.76,1.7,1.72,13600
FORD,20120104,1.68,1.71,1.65,1.66,5500
FORM,20120104,5.13,5.21,5.08,5.2,318100
FORR,20120104,33.79,34.31,33.79,33.95,38300
FORTY,20120104,15.56,15.56,14.9,15.21,2100
FOSL,20120104,78.98,79.86,77.78,78.08,1887400
FRAN,20120104,16.74,17.51,16.34,17.3,91100
FRBK,20120104,1.61,1.61,1.46,1.46,4500
FRED,20120104,14.31,14.49,14.25,14.29,236400
FREE,20120104,4.7,5,4.6,5,7600
FRME,20120104,8.6,8.79,8.59,8.73,41600
FRNK,20120104,11.91,11.96,11.85,11.91,10200
FRP,20120104,4.27,4.28,4,4.07,101000
FSBK,20120104,3.24,3.39,3.2,3.2,4700
FSC,20120104,9.73,9.97,9.72,9.92,488200
FSCI,20120104,29.39,29.46,28.82,28.82,15400
FSFG,20120104,17.57,17.61,17.07,17.26,2800
FSGI,20120104,3,3.15,2.68,3,17300
FSLR,20120104,35.57,35.57,33.5,34.7,4483000
FSRV,20120104,26.55,26.99,26.32,26.89,27000
FSTR,20120104,28.59,29.26,28.59,29.02,19700
FSYS,20120104,17.25,17.45,17.04,17.04,99300
FTEK,20120104,6.01,6.12,5.9,5.91,108000
FTNT,20120104,20.59,20.6,19.72,20.11,3426100
FTR,20120104,5.33,5.35,5.13,5.15,12486600
FUBC,20120104,5.65,5.65,5.47,5.64,30200
FULL,20120104,7.08,7.1,6.99,7.06,27900
FULT,20120104,9.91,10.04,9.77,9.99,872200
FUNC,20120104,3.26,3.26,3.17,3.25,1100
FUND,20120104,6.37,6.44,6.36,6.44,16100
FURX,20120104,16.26,16.37,15.9,16.16,66200
FWLT,20120104,19.4,19.6,19.16,19.47,1776800
FWRD,20120104,32.84,33.12,32.56,32.76,71200
FXCB,20120104,12.67,12.79,12.61,12.65,20900
FXEN,20120104,4.78,4.86,4.72,4.83,495800
GABC,20120104,18.93,18.93,18.39,18.53,23000
GAGA,20120104,3.87,3.94,3.73,3.73,34900
GAI,20120104,3.52,3.52,3.52,3.52,0
GAIA,20120104,3.2,3.24,3.06,3.08,6400
GAIN,20120104,7.31,7.36,7.24,7.29,44000
GALE,20120104,0.45,0.47,0.45,0.46,134700
GAME,20120104,4.25,4.25,4.06,4.15,132100
GASS,20120104,3.97,4.12,3.92,4.12,45900
GBCI,20120104,12.3,12.55,12.12,12.53,262200
GBDC,20120104,15.39,15.4,15.22,15.23,35600
GBLI,20120104,20.14,20.34,19.93,19.97,37600
GBNK,20120104,1.47,1.5,1.47,1.49,10200
GCBC,20120104,17.34,17.34,17.34,17.34,0
GCFB,20120104,2.2,2.5,2.2,2.37,3200
GCOM,20120104,14.3,14.61,14,14.31,97300
GCVRZ,20120104,1.22,1.28,1.21,1.26,104000
GENC,20120104,6.77,6.91,6.7,6.7,10000
GENE,20120104,3.15,3.23,3.07,3.1,17000
GENT,20120104,6.02,6.02,5.72,5.83,10300
GERN,20120104,1.55,1.59,1.52,1.55,1160100
GEVA,20120104,24.98,25.39,24.5,25.18,14900
GEVO,20120104,6.26,6.56,5.93,6.46,76600
GFED,20120104,5.95,6.2,5.95,6.05,1300
GFN,20120104,2.55,2.56,2.5,2.55,1600
GFNCL,20120104,3.3,3.3,3.3,3.3,600
GGAL,20120104,6.56,7.38,6.56,7.29,1015000
GHDX,20120104,25.74,25.97,25.31,25.6,124400
GIFI,20120104,30.53,31.22,30.53,30.61,44100
GIGA,20120104,1.48,1.67,1.44,1.6,20300
GIGM,20120104,0.83,0.84,0.82,0.82,61400
GIII,20120104,24.67,25.56,24.67,25.05,156400
GILD,20120104,20.975,21.03,20.85,21.01,8117900
GILT,20120104,4.08,4.33,4.01,4.01,419800
GIVN,20120104,18.02,18.07,17.6,17.64,10500
GKNT,20120104,17.41,17.73,17.12,17.34,20900
GLAD,20120104,7.9,8,7.71,7.85,60600
GLBS,20120104,3.99,4.68,3.99,4.19,65100
GLBZ,20120104,8.2,8.25,8.2,8.25,1800
GLCH,20120104,1.73,1.73,1.59,1.67,92200
GLDC,20120104,3.45,3.65,3.45,3.65,400
GLDD,20120104,5.86,5.9,5.74,5.87,251100
GLNG,20120104,44.54,44.94,44.09,44.3,505900
GLPW,20120104,23.41,23.47,22.83,23.16,25600
GLRE,20120104,24.27,24.49,24.02,24.43,119700
GLUU,20120104,3.24,3.24,3.12,3.16,821100
GMAN,20120104,12.94,13.06,12.48,12.52,34500
GMCR,20120104,46.5,47.25,45.15,45.34,4103800
GMETP,20120104,10.37,10.37,10.37,10.37,0
GMLP,20120104,30.97,32.25,30.67,31.35,151200
GNCMA,20120104,9.91,10.03,9.72,9.83,148200
GNMK,20120104,4.45,4.49,4.22,4.3,24200
GNTX,20120104,29.69,29.87,29.36,29.64,982300
GNVC,20120104,2.33,2.39,2.33,2.39,2800
GOLD,20120104,107.96,109.47,107.51,108.14,302400
GOOD,20120104,17.52,17.73,17.44,17.57,27200
GOODO,20120104,23.98,24.2,23.98,24.2,4200
GOODP,20120104,24.44,24.44,24.26,24.4,700
GOOG,20120104,665.25,670.25,660.62,668.28,2864300
GPIC,20120104,6.38,6.38,6.11,6.27,1200
GPOR,20120104,30.21,30.88,29.94,30.75,539000
GPRC,20120104,1.5,1.6,1.5,1.5,12900
GPRE,20120104,10.03,10.1,9.9,9.92,117300
GRFS,20120104,11.04,11.06,10.78,10.96,373400
GRID,20120104,25.17,25.17,25.17,25.17,100
GRIF,20120104,26.5,26.5,26.41,26.41,500
GRMN,20120104,39.55,39.76,39.3,39.36,1264800
GROW,20120104,6.16,6.4,6.09,6.38,32600
GRPN,20120104,19.2,19.23,18.52,18.79,1454500
GRVY,20120104,1.45,1.5,1.42,1.49,25700
GSBC,20120104,23.66,23.83,23.26,23.72,21700
GSIG,20120104,10.72,11,10.59,10.96,70200
GSIT,20120104,4.64,4.68,4.6,4.65,27700
GSJK,20120104,15,15.5,15,15.49,18300
GSM,20120104,14.23,14.36,13.72,13.85,357200
GSOL,20120104,5.09,5.1,5.03,5.07,33100
GSVC,20120104,13.99,14.1,13.52,13.85,37800
GTAT,20120104,7.47,7.53,7.34,7.42,1806600
GTIM,20120104,1.22,1.22,1.22,1.22,0
GTIV,20120104,6.75,6.88,6.59,6.72,353200
GTLS,20120104,55.62,57.97,55.34,57.54,381700
GTXI,20120104,3.34,3.39,3.25,3.38,103600
GUID,20120104,6.38,6.39,6.28,6.35,37900
GULF,20120104,14.69,14.7,14.62,14.69,5100
GURE,20120104,1.91,2,1.86,2,113300
GYRO,20120104,101.49,102,101.49,102,3800
HA,20120104,5.74,5.79,5.59,5.59,386000
HAIN,20120104,36.1,36.2,35.29,35.32,463300
HALL,20120104,7.26,7.35,6.98,6.99,94900
HALO,20120104,9.52,9.54,9.21,9.25,382100
HAS,20120104,32.2,32.57,32.1,32.57,1758300
HAST,20120104,1.67,1.67,1.5,1.53,33500
HAUP,20120104,0.75,0.78,0.7,0.77,24300
HAYN,20120104,57.31,57.33,55.33,56.16,96300
HBAN,20120104,5.59,5.74,5.56,5.68,10223200
HBANP,20120104,1061.05,1125,1061.05,1125,100
HBCP,20120104,15.68,15.68,15.57,15.64,2400
HBHC,20120104,32,32.65,31.62,32.51,437000
HBIO,20120104,3.97,3.97,3.85,3.93,32100
HBNC,20120104,11.5933,11.5933,11.5133,11.5267,1300
HBNK,20120104,11.76,11.99,11.73,11.85,25100
HBOS,20120104,11.35,11.54,11.35,11.37,2200
HCBK,20120104,6.42,6.7,6.41,6.7,6145600
HCCI,20120104,17.11,18.38,16.45,17.19,9800
HCIIP,20120104,9.45,9.45,9.45,9.45,0
HCKT,20120104,3.87,3.88,3.79,3.8,35700
HCOM,20120104,14.97,15,14.97,14.98,1100
HCSG,20120104,17.6,17.74,17.4,17.59,282600
HDNG,20120104,8.12,8.33,8.01,8.32,19200
HDSN,20120104,1.42,1.45,1.42,1.44,800
HEES,20120104,13.77,14,13.63,13.84,83200
HELE,20120104,31.25,31.87,30.7,31.45,315600
HEOP,20120104,3.64,3.65,3.41,3.44,5200
HERO,20120104,4.5,4.6,4.35,4.47,6868400
HFBC,20120104,6.7,6.7,6.7,6.7,0
HFBL,20120104,14.28,14.28,14.28,14.28,0
HFFC,20120104,10.48,10.67,10.48,10.55,400
HFWA,20120104,13.25,13.38,13.08,13.12,13800
HGSH,20120104,0.61,0.68,0.61,0.63,900
HIBB,20120104,43.98,44.45,43.4,44.06,176800
HIFS,20120104,49.15,49.15,48.64,48.64,900
HIHO,20120104,2.12,2.12,2.12,2.12,0
HILL,20120104,1.36,1.4,1.33,1.38,114600
HIMX,20120104,0.99,1.01,0.99,0.99,361200
HITK,20120104,38.76,39.61,38,39.45,183100
HITT,20120104,50.53,50.92,49.9,50.56,146400
HLIT,20120104,5.09,5.09,4.95,4.95,795500
HMIN,20120104,27.34,27.42,26.05,26.3,291300
HMNF,20120104,2,2,1.98,2,2300
HMNY,20120104,2.01,2.01,2.01,2.01,100
HMPR,20120104,2.77,2.82,2.7,2.71,10000
HMSY,20120104,31.01,31.47,30.75,31.09,570400
HNH,20120104,10.18,10.18,9.93,10.06,6700
HNRG,20120104,10.52,10.52,10.11,10.23,5300
HNSN,20120104,2.58,2.59,2.48,2.54,340700
HOFT,20120104,11.81,11.91,11.7,11.8,41300
HOGS,20120104,8.94,8.94,8.66,8.8,163900
HOLI,20120104,8.39,8.51,8.09,8.19,90700
HOLL,20120104,1.24,1.25,1.14,1.25,2700
HOLX,20120104,17.77,18.09,17.6,17.91,1633800
HOMB,20120104,25.95,26.34,25.82,25.95,33100
HOME,20120104,10.7,10.76,10.45,10.53,52000
HOTT,20120104,6.54,6.6,6.44,6.59,277800
HOVNP,20120104,1.67,1.67,1.42,1.42,3300
HPCCP,20120104,26.12,26.12,26,26,1400
HPJ,20120104,1,1.09,1,1,12900
HPOL,20120104,0.63,0.63,0.57,0.59,21400
HRZN,20120104,16.25,16.29,16.19,16.23,27300
HSIC,20120104,65.45,65.73,64.74,65.56,277100
HSII,20120104,22.11,22.88,21.54,21.83,97400
HSKA,20120104,7.15,7.3,7.11,7.27,22900
HSNI,20120104,36.36,37.46,36.35,37.16,224500
HSOL,20120104,1.07,1.08,1.04,1.06,1034900
HSTM,20120104,17.86,17.9,16.81,17.39,269600
HTBK,20120104,4.69,4.75,4.5,4.59,1673500
HTCH,20120104,1.6,1.6,1.56,1.59,64600
HTCO,20120104,11.27,11.35,11.03,11.05,22900
HTHT,20120104,13.65,13.95,13.58,13.8,151200
HTLD,20120104,13.82,14.18,13.8,14.04,490800
HTLF,20120104,15.69,15.84,15.64,15.8,7400
HTWR,20120104,69.48,69.98,68.65,69.25,82500
HUBG,20120104,32.67,33.79,32.19,32.7,218900
HURC,20120104,21.81,22.01,21.77,22.01,4700
HURN,20120104,39.44,39.44,37.98,38.16,435500
HWAY,20120104,7.19,7.46,7.19,7.24,168300
HWBK,20120104,6.38,6.38,6.38,6.38,100
HWCC,20120104,13.44,13.9,13.22,13.79,75200
HWKN,20120104,37.08,37.24,36.49,36.59,15300
HYGS,20120104,5.12,5.3,5.06,5.3,9600
HZNP,20120104,4.25,4.25,3.9,3.96,3000
IACI,20120104,42.46,42.51,41.76,41.82,733400
IART,20120104,31.43,31.87,30.69,30.75,98800
IBB,20120104,104.47,105.38,104.47,104.87,184700
IBCA,20120104,2.59,2.73,2.56,2.71,23300
IBCP,20120104,1.35,1.39,1.35,1.39,6700
IBCPO,20120104,11.24,11.24,11.24,11.24,0
IBKC,20120104,50.7,51.23,50.32,51.13,213400
IBKR,20120104,15.34,15.34,14.96,15,316800
IBOC,20120104,18.94,19.35,18.85,19.2,207600
ICAD,20120104,0.62,0.64,0.58,0.64,121000
ICCC,20120104,4.8,4.8,4.8,4.8,700
ICFI,20120104,25.6,25.76,25.24,25.69,61900
ICGE,20120104,8.13,8.53,8.1,8.37,101000
ICLN,20120104,8.75,8.79,8.68,8.75,65200
ICLR,20120104,17.05,17.34,16.97,17.06,188500
ICON,20120104,16.01,16.58,16.01,16.55,1276500
ICUI,20120104,45.18,45.18,44.37,44.43,39600
IDCC,20120104,43.44,43.44,41.72,41.84,1003200
IDIX,20120104,7.32,7.39,7.03,7.05,760700
IDRA,20120104,1.19,1.24,1.14,1.16,22400
IDSA,20120104,5.4,5.44,5.15,5.15,20600
IDSY,20120104,4.57,4.95,4.57,4.94,53900
IDTI,20120104,5.64,5.7,5.53,5.63,945300
IDXX,20120104,78.72,79.31,78.13,78.98,312500
IEP,20120104,37.06,37.25,36.03,36.69,26400
IESC,20120104,1.94,1.94,1.86,1.86,900
IFAS,20120104,25,25,25,25,400
IFEU,20120104,25.18,25.18,25.18,25.18,0
IFGL,20120104,25.83,25.9,25.75,25.88,96700
IFNA,20120104,42.35,42.35,41.85,42.08,1700
IFON,20120104,0.65,0.7,0.65,0.69,12100
IFSM,20120104,31.72,31.72,31.72,31.72,0
IGLD,20120104,11.38,11.38,11.38,11.38,0
IGOI,20120104,9.72,10.8,9.6,10.68,34600
IGOV,20120104,99.67,99.67,99.5,99.52,12600
IGTE,20120104,16.24,16.38,16.06,16.16,86400
III,20120104,1.05,1.06,1.03,1.06,28700
IIIN,20120104,11.79,11.79,11.17,11.19,81400
IIJI,20120104,9.04,9.06,8.99,9.06,3500
IILG,20120104,13.57,13.7,13.49,13.5,96500
IIN,20120104,6.86,6.94,6.49,6.74,13200
IIVI,20120104,18.75,18.75,18.19,18.34,275900
IKAN,20120104,0.85,0.85,0.77,0.81,241500
IKNX,20120104,7.51,7.54,7.51,7.51,8800
ILMN,20120104,31.9,32.77,31.11,31.43,5421200
IMGN,20120104,11.45,11.7,11.36,11.38,276900
IMI,20120104,9.25,9.31,8.82,8.9,136200
IMKTA,20120104,15.69,15.69,15.43,15.47,31900
IMMR,20120104,5.23,5.36,5.08,5.28,83500
IMMU,20120104,3.38,3.4,3.33,3.33,192800
IMMY,20120104,0.4125,0.4125,0.4125,0.4125,6900
IMOS,20120104,5.42,6.15,5.3,5.85,105700
IMRS,20120104,2.71,2.72,2.62,2.69,8900
INAP,20120104,5.99,6.02,5.82,5.83,157300
INCY,20120104,14.87,15.17,14.74,14.78,1219000
INDB,20120104,28.09,28.24,27.54,27.87,19100
INDY,20120104,20.33,20.49,20.29,20.44,124000
INFA,20120104,36.71,36.92,34.84,35.52,3733200
INFI,20120104,9.09,9.09,8.23,8.31,33500
INFN,20120104,6.46,6.53,6.26,6.44,649800
ININ,20120104,22.68,23.02,22.56,22.76,154400
INOC,20120104,1.07,1.07,1.07,1.07,100
INOD,20120104,3.84,3.95,3.84,3.93,29100
INPH,20120104,4.65,4.77,4.55,4.65,13000
INSM,20120104,3.11,3.18,3.04,3.13,34900
INTC,20120104,24.58,25.13,24.53,25.11,47508600
INTG,20120104,19.18,19.45,18.5,19.32,4300
INTL,20120104,24.17,24.25,23.67,24.16,33100
INTT,20120104,2.76,2.85,2.74,2.85,33400
INTU,20120104,52.36,52.53,51.88,52.3,2170800
INTX,20120104,11.4,11.53,11.22,11.4,35600
INVE,20120104,2.34,2.34,2.2,2.21,115400
INWK,20120104,9.51,9.89,9.47,9.6,112300
IOSP,20120104,27.7,28.73,27.51,28.6,153200
IPAR,20120104,15.44,16.07,15.37,15.45,163200
IPAS,20120104,1.4,1.44,1.38,1.42,28200
IPCC,20120104,57.89,57.92,56.8,57.35,31200
IPCI,20120104,2.61,2.62,2.51,2.57,17600
IPCM,20120104,46.14,46.5,44.95,45.18,166000
IPGP,20120104,35.15,36.1,34.77,35.93,428200
IPHS,20120104,49.29,49.67,49.01,49.15,214100
IPXL,20120104,20.31,20.85,20.21,20.28,177500
IRBT,20120104,29.58,29.69,28.54,29.16,506100
IRDM,20120104,7.51,7.64,7.26,7.3,399100
IRDMZ,20120104,1.16,1.16,1.16,1.16,0
IRIX,20120104,3.74,3.75,3.68,3.68,3400
IROQ,20120104,11.3,11.3,11.25,11.26,800
IRWD,20120104,11.75,11.82,11.55,11.59,190700
ISBC,20120104,13.76,13.8,13.64,13.73,67500
ISCA,20120104,25.46,25.48,25.03,25.2,121700
ISHG,20120104,96.64,97.31,96.64,97.31,10100
ISIG,20120104,2.01,2.04,1.97,2,7400
ISIL,20120104,10.19,10.19,9.97,10.04,1108500
ISIS,20120104,7.41,7.42,7.17,7.19,1226600
ISLE,20120104,4.6,4.76,4.6,4.7,20200
ISM,20120104,20.27,20.27,20.18,20.2,1700
ISNS,20120104,6.42,7.1,6.11,6.35,5400
ISRG,20120104,472.03,474.5,466,466.94,290600
ISRL,20120104,87.53,87.53,86.16,86.16,400
ISSC,20120104,3.81,3.96,3.62,3.93,19900
ISSI,20120104,9.15,9.46,9.03,9.32,88800
ITIC,20120104,35.8,37,35.8,36.51,2000
ITMN,20120104,12.3,13.85,12.28,13.15,6138600
ITRI,20120104,37.34,37.44,36.33,36.79,723900
ITRN,20120104,13.98,14.19,13.77,14.13,35300
IVAC,20120104,7.84,7.95,7.62,7.8,102900
IVAN,20120104,1.13,1.26,1.11,1.25,2080600
IXYS,20120104,11.15,11.15,10.83,10.89,60600
JACK,20120104,21.92,21.98,21.6,21.83,240700
JADE,20120104,1.97,2.03,1.89,2.03,75500
JAKK,20120104,13.77,14.23,13.59,13.62,156100
JASO,20120104,6.75,6.85,6.65,6.85,1105500
JAXB,20120104,3.16,3.19,3.12,3.19,800
JAZZ,20120104,38.52,41.75,38.37,40.79,1105300
JBHT,20120104,45.25,45.63,44.75,45.35,452000
JBLU,20120104,5.14,5.24,5.04,5.23,3647900
JBSS,20120104,7.96,7.96,7.31,7.33,49600
JCOM,20120104,28.68,28.68,28.09,28.26,622400
JCS,20120104,14.5,14.62,13.9,14.12,14600
JCTCF,20120104,7.83,8.1,7.83,8.1,200
JDSU,20120104,10.71,10.74,10.44,10.68,2881300
JFBI,20120104,2.38,2.41,2.35,2.41,1100
JIVE,20120104,15.89,15.89,15.11,15.12,126200
JJSF,20120104,52.49,53.17,52.41,52.48,15700
JKHY,20120104,33.52,33.68,32.96,32.97,691200
JMBA,20120104,1.31,1.33,1.26,1.32,582900
JOBS,20120104,41.94,42.46,40.63,41.47,106900
JOEZ,20120104,0.53,0.54,0.51,0.53,161500
JOSB,20120104,47.24,48.4,46.96,47.83,249300
JOUT,20120104,15.61,15.75,15.5,15.75,5000
JRCC,20120104,7.55,7.95,7.42,7.78,2315700
JRJC,20120104,1.65,1.7,1.65,1.69,7200
JSM,20120104,19.37,19.69,19.21,19.66,17400
JST,20120104,8.27,9.08,8.27,8.99,47300
JVA,20120104,8.25,8.3,8.03,8.16,137300
JXSB,20120104,13.99,13.99,13.99,13.99,100
KALU,20120104,48.36,48.36,46.79,47.6,135200
KBALB,20120104,5.46,5.54,5.31,5.53,70800
KCAP,20120104,6.44,6.49,6.25,6.43,78100
KCLI,20120104,34,34.6,34,34.36,4100
KELYA,20120104,14.17,14.43,13.97,14.18,157700
KELYB,20120104,13.8,13.8,13.8,13.8,0
KEQU,20120104,8.35,8.35,8.35,8.35,0
KERX,20120104,2.64,2.65,2.55,2.6,732500
KEYN,20120104,20.27,20.9,19.76,20.69,182700
KEYW,20120104,7.65,7.65,7.27,7.3,74500
KFFB,20120104,8.99,8.99,8.99,8.99,0
KFRC,20120104,12.64,12.67,12.35,12.66,99400
KGJI,20120104,1.19,1.22,1.19,1.21,8200
KINS,20120104,3.39,3.39,3.39,3.39,0
KIOR,20120104,9.15,9.91,9.1,9.22,101300
KIPO,20120104,8.47,8.68,7.6,7.99,9000
KIPS,20120104,1.25,1.3,1.25,1.3,2100
KIRK,20120104,13.39,13.61,13.25,13.44,159100
KLAC,20120104,47.32,47.64,46.88,46.91,3048900
KLIC,20120104,9.41,9.64,9.32,9.59,734000
KNDI,20120104,3.55,3.56,2.95,3.18,550300
KONA,20120104,6.06,6.42,6,6.38,29900
KONE,20120104,0.58,0.58,0.49,0.58,27400
KONG,20120104,4.28,4.28,4.19,4.25,34100
KOOL,20120104,0.7,0.76,0.7,0.74,244100
KOPN,20120104,3.97,4.01,3.86,3.87,200900
KOSS,20120104,5.25,5.84,5.14,5.36,14600
KRNY,20120104,9.52,9.69,9.4,9.58,13000
KSWS,20120104,2.86,2.96,2.86,2.93,48600
KTCC,20120104,4.72,4.9,4.72,4.85,33400
KTEC,20120104,13.52,13.94,12.9,13.49,4100
KTOS,20120104,6.36,6.39,6.16,6.29,272500
KUTV,20120104,1.29,1.29,1.1,1.14,38300
KVHI,20120104,8.14,8.19,7.75,7.81,36600
LABC,20120104,15.68,15.68,15.68,15.68,100
LABL,20120104,24.77,25.13,24.52,24.88,12800
LACO,20120104,1.85,2.01,1.82,1.82,17100
LAKE,20120104,9.44,9.65,9.11,9.57,22900
LAMR,20120104,28,28.3,27.49,27.94,950000
LANC,20120104,69.13,69.65,68.59,68.92,67000
LARK,20120104,18.35,18.35,18.35,18.35,100
LAWS,20120104,15.64,15.77,15.17,15.2,9100
LAYN,20120104,24.89,25.27,24.63,24.98,65300
LBAI,20120104,8.89,9.15,8.84,9.09,35000
LBIX,20120104,2.85,2.99,2.78,2.8,2500
LBTYA,20120104,42.22,42.49,41.73,42.39,916100
LBTYB,20120104,41.1,41.1,41.1,41.1,0
LBTYK,20120104,40.43,40.94,40.19,40.92,206700
LCAV,20120104,3.45,4.36,3.39,4.17,672100
LCNB,20120104,12.8,12.8,12.8,12.8,0
LCUT,20120104,12.28,12.4,12.15,12.31,18300
LEAP,20120104,9.81,10.15,9.04,9.2,3250100
LECO,20120104,39.28,39.95,39.26,39.78,217200
LEDR,20120104,2.69,2.72,2.51,2.67,4400
LEDS,20120104,3.56,3.58,3.32,3.4,107000
LFUS,20120104,44.72,44.72,43.85,43.87,93100
LGCY,20120104,28.84,28.94,28.51,28.8,214500
LGND,20120104,11.86,11.93,11.64,11.65,29200
LHCG,20120104,12.85,13.02,12.53,12.57,106700
LIFE,20120104,40.54,40.72,39.96,40.08,1013600
LIME,20120104,3.3,3.37,3.18,3.29,12700
LINC,20120104,7.97,7.97,7.6,7.66,93000
LINE,20120104,38.36,38.37,37.93,38.18,985200
LINTA,20120104,16.55,16.74,16.36,16.53,3978500
LINTB,20120104,16.61,16.61,16.61,16.61,100
LION,20120104,6.07,6.19,6.06,6.16,27800
LIOX,20120104,2.36,2.37,2.28,2.29,69600
LIVE,20120104,3.38,3.38,2.78,2.9,135700
LIWA,20120104,5.22,5.62,5.11,5.44,289200
LKFN,20120104,25.83,25.92,25.54,25.71,83200
LKQ,20120104,15.295,15.58,15.2,15.48,1155100
LLEN,20120104,2.67,2.69,2.61,2.66,118200
LLNW,20120104,3.09,3.11,3.02,3.02,588400
LLTC,20120104,30.31,30.32,29.92,30.08,1247300
LMAT,20120104,5.75,5.75,5.64,5.75,6100
LMCA,20120104,78.22,80.24,77.77,79.25,913200
LMCB,20120104,79.46,79.46,79.42,79.42,300
LMIA,20120104,17.32,17.44,16.66,17.26,61500
LMNR,20120104,17.47,17.54,17.2,17.42,3900
LMNX,20120104,20.57,21.04,20.36,20.74,877400
LMOS,20120104,16.78,16.78,16,16.02,23100
LNBB,20120104,4.66,4.7,4.6,4.6,5100
LNCE,20120104,22.54,22.79,22.31,22.51,165700
LNDC,20120104,5.65,5.89,5.47,5.6,85700
LOAN,20120104,0.97,0.97,0.94,0.94,1500
LOCM,20120104,2.25,2.28,2.2,2.24,51700
LOGI,20120104,7.93,7.93,7.78,7.81,282500
LOGM,20120104,39.17,39.17,37.55,37.71,147400
LOJN,20120104,3.13,3.32,3.13,3.32,23900
LONG,20120104,14.9,15.13,14.9,14.94,600
LOOK,20120104,1.29,1.4,1.29,1.35,66800
LOPE,20120104,15.9,16.09,15.8,16,341300
LORL,20120104,64.73,65,63.62,64.27,14300
LPHI,20120104,4.07,5.38,3.86,5.27,1539500
LPLA,20120104,30.45,30.69,29.94,30.43,209600
LPNT,20120104,36.12,36.49,35.56,35.58,455700
LPSB,20120104,8,8,8,8,0
LPSN,20120104,12.45,12.64,11.93,12.01,332100
LPTH,20120104,1.12,1.12,1.12,1.12,3400
LQDT,20120104,37.24,37.37,36.31,37.14,206600
LRAD,20120104,1.53,1.55,1.46,1.51,33300
LRCX,20120104,36.67,36.92,36.15,36.65,2827400
LSBI,20120104,13.79,13.8,13.79,13.8,800
LSBK,20120104,9.7,9.7,9.7,9.7,0
LSCC,20120104,6.1,6.14,6.02,6.02,651100
LSTR,20120104,47.43,47.59,47.17,47.39,276700
LTBR,20120104,2.24,2.36,2.12,2.19,25400
LTON,20120104,1.32,1.33,1.25,1.3,68900
LTRE,20120104,6.86,6.95,6.6,6.6,4100
LTRX,20120104,2.39,2.39,2.19,2.23,2700
LTXC,20120104,5.46,5.49,5.34,5.42,279000
LUFK,20120104,71.42,72.01,70.07,71.25,407800
LULU,20120104,48.17,51.25,48.15,51.15,7477100
LUNA,20120104,1.58,1.78,1.58,1.68,7700
LWAY,20120104,9.54,9.54,9.48,9.48,1800
LXRX,20120104,1.23,1.23,1.14,1.18,444000
LYTS,20120104,5.92,6.01,5.85,5.93,172600
MAG,20120104,8.76,8.87,8.63,8.63,2000
MAGS,20120104,4.23,4.3,4.05,4.19,81700
MAKO,20120104,28.15,28.78,27.26,28.19,960800
MANH,20120104,40.28,40.28,39.32,39.77,101800
MANT,20120104,32.8,32.8,32.19,32.44,260300
MARK,20120104,3.8,4.56,3.78,3.95,7000
MARPS,20120104,25,25,24.47,25,2100
MASC,20120104,7.84,8.1,7.83,8,12000
MASI,20120104,18.83,18.91,18.41,18.46,242400
MAT,20120104,27.86,28.3,27.82,28.18,2587700
MATR,20120104,4.98,5,4.9,4.92,14200
MATW,20120104,31.72,32.03,31.45,31.72,76700
MAXY,20120104,5.55,5.55,5.5,5.54,47300
MAYS,20120104,14.18,14.18,13.85,13.85,7000
MBFI,20120104,17.38,17.68,17.11,17.49,354500
MBLX,20120104,4.97,5.07,4.93,5.01,94800
MBND,20120104,3.44,3.52,3.43,3.45,154600
MBRG,20120104,14.4,14.4,14.4,14.4,500
MBTF,20120104,1.07,1.13,1.07,1.12,3100
MBVT,20120104,28.63,28.89,28.63,28.73,1500
MBWM,20120104,9.88,9.98,9.8,9.8,12100
MCBC,20120104,2.2,2.26,2.2,2.26,3400
MCBI,20120104,6.33,6.35,6.33,6.35,200
MCEP,20120104,18.65,18.99,18.54,18.84,178100
MCGC,20120104,4.13,4.16,4.03,4.05,289800
MCHP,20120104,35.68,35.88,35.46,35.82,1417700
MCHX,20120104,6.16,6.39,5.78,5.81,182300
MCOX,20120104,5.7,5.9,5.55,5.75,261300
MCRI,20120104,10.7,10.82,10.65,10.65,3700
MCRL,20120104,10.11,10.21,9.98,10.1,374000
MCRS,20120104,47.3,47.67,46.91,47.18,190200
MDAS,20120104,9.55,9.7,9.43,9.69,332800
MDCA,20120104,13.92,14.49,13.48,13.52,66500
MDCI,20120104,5.51,5.51,5.16,5.17,31400
MDCO,20120104,18.4,18.51,18.19,18.42,812000
MDH,20120104,2.28,2.28,2.28,2.28,1900
MDRX,20120104,18.24,18.27,17.87,17.92,2735000
MDSO,20120104,21.35,21.97,21.25,21.81,121200
MDVN,20120104,45.97,46.36,45.66,45.84,448300
MEAD,20120104,3.19,3.19,3.1,3.15,3800
MEAS,20120104,27.8,28.49,27.76,28.26,80100
MELA,20120104,3.57,3.6,3.38,3.42,449400
MELI,20120104,80.28,81.2,77.48,80.47,723600
MEMP,20120104,18.65,18.8,18.55,18.65,87900
MEMS,20120104,2.6,2.63,2.45,2.52,12500
MENT,20120104,13.38,13.43,13.09,13.14,574100
MEOH,20120104,23.49,23.88,23.4,23.8,288800
MERC,20120104,6.44,6.65,6.3,6.6,250600
MERU,20120104,4.25,4.27,3.89,4.01,274000
METR,20120104,8.76,8.94,8.68,8.9,37900
MFI,20120104,5.85,5.85,5.82,5.85,3800
MFLR,20120104,7.72,7.72,7.72,7.72,0
MFLX,20120104,20.81,21.12,20.49,20.53,35600
MFNC,20120104,5.12,5.12,5.12,5.12,500
MFRI,20120104,6.86,6.97,6.76,6.97,2900
MFRM,20120104,24.67,24.75,23.2,23.8,181800
MFSF,20120104,7.1,7.16,7.05,7.16,8100
MGAM,20120104,8.14,8.33,8.02,8.17,189900
MGEE,20120104,46.93,46.93,45.26,45.57,79400
MGIC,20120104,5.1,5.18,4.97,5.08,188000
MGLN,20120104,49.17,49.22,48.39,48.76,163300
MGPI,20120104,5.03,5.19,5.01,5.05,8000
MGRC,20120104,29,29.31,28.77,29.07,80900
MGYR,20120104,2.54,2.55,2.46,2.55,4100
MHGC,20120104,6.27,6.33,6.11,6.22,46600
MHLD,20120104,8.67,8.77,8.63,8.71,141600
MIDD,20120104,95.38,95.54,94.17,94.52,113000
MIND,20120104,22.31,23.6,22.13,23.17,376100
MINI,20120104,17.78,17.92,17.58,17.77,88300
MITK,20120104,7.19,7.27,6.96,7.02,224600
MITL,20120104,3.03,3.22,3.03,3.19,55900
MKSI,20120104,27.93,28.26,27.48,27.97,282300
MKTAY,20120104,33.41,33.6,33.28,33.6,6200
MKTG,20120104,9.06,9.14,8.8,9.04,77500
MKTX,20120104,29.22,30.02,28.94,30.01,246600
MLAB,20120104,41.27,41.27,41.24,41.27,1800
MLHR,20120104,18.99,19.14,18.48,18.96,303200
MLNK,20120104,5.25,5.35,5.15,5.34,151600
MLNX,20120104,32.94,32.94,32.06,32.36,173700
MLVF,20120104,5.9,5.9,5.9,5.9,0
MMLP,20120104,34.25,36.31,34.25,36.17,91500
MMSI,20120104,13.5,13.85,13.39,13.44,147400
MMUS,20120104,4.5,4.5,4.01,4.01,14200
MMYT,20120104,24.43,24.78,23.99,23.99,61100
MNDO,20120104,1.94,2.03,1.94,2.01,17600
MNGL,20120104,9.62,9.62,9.62,9.62,0
MNGLU,20120104,10.05,10.05,10.05,10.05,0
MNKD,20120104,2.48,2.52,2.35,2.36,919400
MNOV,20120104,1.67,1.85,1.62,1.84,16200
MNRK,20120104,6.2583,6.4083,6.2167,6.4,2700
MNRO,20120104,38.62,39.01,38.3,38.4,220000
MNST,20120104,46.065,46.49,45.705,46.295,403300
MNTA,20120104,17.53,17.76,17.29,17.73,561100
MNTG,20120104,1.91,2.05,1.9,2.01,10400
MNTX,20120104,4.24,4.31,4.18,4.18,59000
MOBI,20120104,3.18,3.52,3.18,3.39,98400
MOCO,20120104,15.93,16.41,15.93,16.05,5700
MOFG,20120104,14.84,15,14.83,14.93,2100
MOLX,20120104,24.42,24.47,24.09,24.43,361400
MOLXA,20120104,19.95,20.29,19.93,20.23,102800
MORN,20120104,56.23,59.38,56.23,58.76,44300
MOSY,20120104,3.94,4.04,3.91,3.98,198900
MOVE,20120104,6.56,6.64,6.5,6.57,100400
MPAA,20120104,7.55,7.55,7.34,7.35,100700
MPAC,20120104,6.33,6.68,6.33,6.59,7800
MPB,20120104,7.5,7.5,7.5,7.5,1000
MPEL,20120104,9.86,9.89,9.55,9.82,2587500
MPET,20120104,1,1.02,1,1,70600
MPWR,20120104,15.08,15.3,14.58,14.86,232600
MRCY,20120104,13.62,13.9,13.48,13.64,107700
MRGE,20120104,4.8,4.95,4.77,4.77,480900
MRLN,20120104,12.84,12.87,12.66,12.66,4700
MRTN,20120104,18.06,18.36,18.06,18.07,33100
MRVL,20120104,13.94,14.22,13.8,14.19,7097600
MSBF,20120104,4.5,4.5,4.26,4.5,8100
MSCC,20120104,16.81,16.96,16.59,16.87,291500
MSEX,20120104,18.99,18.99,18.59,18.59,31500
MSFG,20120104,9.03,9.03,8.84,8.87,22200
MSFT,20120104,26.82,27.47,26.78,27.4,80519400
MSG,20120104,28.32,28.85,28.09,28.59,189500
MSLI,20120104,2.01,2.01,2.01,2.01,3000
MSON,20120104,1.93,2.02,1.84,1.9,22500
MSPD,20120104,4.7,4.71,4.54,4.68,207800
MSTR,20120104,111,111.46,106.3,106.99,152100
MTEX,20120104,4.3,4.4,4.1,4.1,18500
MTGE,20120104,18.87,19,18.87,18.99,90000
MTRX,20120104,9.82,9.85,9.48,9.57,131300
MTSC,20120104,41.85,42.38,41.55,42.04,48400
MTSL,20120104,1.45,1.45,1.45,1.45,100
MTSN,20120104,1.44,1.45,1.39,1.43,142400
MU,20120104,6.7,7.05,6.6,6.99,43038400
MVIS,20120104,2.96,3.12,2.96,3.12,594300
MVISW,20120104,0.2,0.2,0.2,0.2,0
MWIV,20120104,67,67.05,65.45,65.68,56100
MXIM,20120104,26.33,26.34,25.92,26.05,2373300
MXWL,20120104,16.32,16.57,16.04,16.25,210200
MYGN,20120104,20.8,20.9,20.28,20.36,331900
MYL,20120104,22.11,22.12,21.64,21.74,5090000
MYRG,20120104,19.16,19.53,19.14,19.21,44500
NAFC,20120104,29.68,30.55,28.9,28.97,40500
NAII,20120104,8.16,8.6,8.16,8.59,18600
NANO,20120104,17.89,18.08,17.53,18.02,110100
NASB,20120104,10.5,10.5,10.5,10.5,800
NATH,20120104,21.15,21.35,21.09,21.15,22800
NATI,20120104,25.2,25.24,24.19,24.51,1727100
NATL,20120104,24.39,24.42,24.11,24.29,7200
NATR,20120104,16.18,16.69,15.8,15.87,66400
NAUH,20120104,7.47,7.64,7.27,7.43,10300
NAVG,20120104,47.99,48.22,46.98,47.32,12100
NAVR,20120104,1.48,1.48,1.45,1.45,9300
NBBC,20120104,3.75,3.9,3.75,3.8,2400
NBIX,20120104,8.51,8.51,8.29,8.32,255200
NBN,20120104,11.98,12,11.98,12,300
NBTB,20120104,22.41,22.59,22.19,22.47,53600
NBTF,20120104,19.66,20,19.66,20,3200
NCBC,20120104,1.82,1.94,1.82,1.94,11200
NCIT,20120104,11.95,11.98,11.44,11.47,29500
NCMI,20120104,12.5,12.55,12.37,12.37,102600
NCTY,20120104,7.13,7.4,6.93,7.02,92300
NDAQ,20120104,24.69,24.8,24.43,24.62,1100800
NDSN,20120104,41.17,41.75,40.82,41.6,470000
NECB,20120104,5.7,5.7,5.7,5.7,0
NEOG,20120104,31.26,31.86,30.66,30.77,238100
NEPT,20120104,2.5,2.5,2.37,2.43,20200
NETC,20120104,9.91,10.23,9.79,9.79,2700
NEWL,20120104,0.46,0.46,0.46,0.46,0
NEWP,20120104,13.85,14.35,13.8,14.2,200400
NEWS,20120104,9.9,10.11,9.6,9.62,36100
NEWT,20120104,1.16,1.19,1.15,1.19,2500
NFBK,20120104,14.5,14.5,14.24,14.31,16300
NFEC,20120104,0.59,0.67,0.59,0.67,1000
NFLX,20120104,72.35,80.97,71.81,80.45,14364700
NFSB,20120104,12.63,12.63,12.63,12.63,0
NGPC,20120104,7.49,7.55,7.42,7.45,39600
NHTB,20120104,11.35,11.51,11.25,11.27,2500
NICE,20120104,33.96,34.24,33.75,34,203500
NICK,20120104,12.8,12.9,12.62,12.81,14900
NIHD,20120104,21.53,21.6,20.62,21.03,2678400
NILE,20120104,40.69,42.32,40.01,40.06,283800
NINE,20120104,1.35,1.35,1.32,1.35,1600
NKSH,20120104,28.43,28.55,27.9,28.05,6200
NKTR,20120104,5.71,5.8,5.64,5.68,508500
NLNK,20120104,7.09,7.16,7.03,7.16,17800
NLST,20120104,2.48,2.93,2.45,2.78,979700
NMRX,20120104,8.79,8.8,8.21,8.27,9000
NNBR,20120104,5.92,6.03,5.86,5.88,66400
NOVB,20120104,9.6,9.62,9.4,9.54,900
NPBC,20120104,8.59,8.7,8.5,8.66,703500
NPSP,20120104,6.62,6.62,6.5,6.57,512000
NRCI,20120104,38.96,38.96,38.35,38.35,900
NRIM,20120104,17.79,17.88,17.6,17.88,5500
NSEC,20120104,8.05,8.19,7.79,7.98,1400
NSIT,20120104,15.95,16.19,15.4,16.11,243200
NSPH,20120104,1.54,1.54,1.42,1.46,59600
NSSC,20120104,2.5,2.59,2.35,2.37,71900
NSYS,20120104,3.2,3.2,3.2,3.2,0
NTAP,20120104,35.71,36.01,35.12,35.64,7319500
NTCT,20120104,17.39,17.49,16.66,16.85,685200
NTES,20120104,45.15,45.49,44.42,45.18,302300
NTGR,20120104,35.13,35.46,34.6,34.69,407900
NTIC,20120104,13.55,13.9,13.2,13.24,5900
NTK,20120104,26.55,26.55,26.55,26.55,100
NTLS,20120104,20.82,20.95,20.42,20.46,137400
NTRI,20120104,13.95,14.93,13.89,14.83,1347400
NTRS,20120104,40.47,40.77,40.08,40.61,1173500
NTSC,20120104,6.15,6.15,5.85,6.13,3000
NTSP,20120104,8.12,8.21,7.91,8.01,297000
NTWK,20120104,4.4,5,4.4,4.8,464700
NUAN,20120104,25.13,26.02,25.13,25.98,3875600
NUCL,20120104,32.99,32.99,32.99,32.99,0
NURO,20120104,7.62,7.8,7.5,7.56,17000
NUTR,20120104,11.45,11.75,11.43,11.75,22300
NUVA,20120104,12.54,12.72,11.87,11.89,575200
NVAX,20120104,1.36,1.41,1.35,1.38,447500
NVDA,20120104,14.05,14.26,13.92,14.2,8684200
NVEC,20120104,56.13,56.13,55.04,55.04,15200
NVMI,20120104,7.31,7.37,7.21,7.29,61000
NVSL,20120104,6.87,7.04,6.83,6.99,3100
NVTL,20120104,3.21,3.25,3.06,3.07,294200
NWBI,20120104,12.58,12.69,12.46,12.68,451400
NWFL,20120104,27.7,28,27.69,28,4300
NWLI,20120104,135.38,135.74,133.47,133.88,4200
NWPX,20120104,23.35,23.35,22.62,23.04,49200
NWS,20120104,18.6,18.71,18.47,18.55,2036100
NWSA,20120104,18.3,18.39,18.14,18.22,17799200
NXPI,20120104,15.92,16.17,15.72,16.17,629100
NXST,20120104,8.02,8.13,7.92,8.08,29400
NXTM,20120104,17.8,17.99,17.61,17.83,322800
NYMT,20120104,7.1,7.16,6.91,6.97,207100
NYMX,20120104,8.22,8.22,8.09,8.1,35600
OABC,20120104,16.07,16.09,15.89,15.91,60700
OBAF,20120104,14.46,14.98,14.46,14.98,12800
OBAS,20120104,5.35,5.75,5.3,5.5,2300
OBCI,20120104,2.08,2.08,2.08,2.08,200
OCC,20120104,3.4,3.49,3.33,3.49,2600
OCFC,20120104,13.03,13.24,12.98,13.1,21700
OCLR,20120104,2.96,2.98,2.88,2.94,259200
OCLS,20120104,8.19,8.75,7.49,8.19,83200
OCZ,20120104,6.87,7.17,6.64,7.1,1646100
ODFL,20120104,27.0267,27.2533,26.74,26.8267,561800
OFED,20120104,11.76,12.05,11.75,12.05,3300
OFIX,20120104,35.1,35.27,34.8,34.84,64500
OFLX,20120104,14.46,14.46,14.08,14.08,1600
OGXI,20120104,12.06,12.1,11.56,11.72,31700
OIIM,20120104,4.01,4.33,3.99,4.3,497400
OINK,20120104,1.32,1.36,1.29,1.33,13100
OKSB,20120104,5.96,6.15,5.96,6.03,92300
OKSBP,20120104,22,22.9,21.97,22.7,4000
OLBK,20120104,8.1,8.1,8.1,8.1,0
OMAB,20120104,12.81,13.2,12.81,13.05,66400
OMCL,20120104,16.65,16.74,16.33,16.6,122900
OMER,20120104,3.99,4.04,3.97,3.99,35100
OMEX,20120104,2.75,2.83,2.72,2.8,273600
OMPI,20120104,10.15,10.25,10.05,10.17,42100
ONCY,20120104,4.07,4.1,4.04,4.07,32500
ONEQ,20120104,103.84,104.52,103.45,104.52,39500
ONFC,20120104,9.49,9.63,9.47,9.6,12700
ONNN,20120104,7.82,7.92,7.62,7.83,7684600
ONTY,20120104,7.42,7.51,7.31,7.32,365200
ONVI,20120104,2.85,2.95,2.85,2.95,1600
ONXX,20120104,42.71,43.4,42.37,42.83,1514800
OPAY,20120104,4.15,4.43,4.15,4.3,1000
OPEN,20120104,38.76,39.83,38.17,39.54,1533000
OPHC,20120104,0.52,0.52,0.52,0.52,1000
OPLK,20120104,16.58,16.65,16.32,16.43,47200
OPOF,20120104,9.96,9.98,9.95,9.95,700
OPTR,20120104,12.07,12.22,11.9,11.92,197500
OPTT,20120104,2.55,2.64,2.52,2.64,63900
OPXA,20120104,3.76,3.8,3.68,3.76,13400
ORBC,20120104,3.15,3.21,3.12,3.18,130600
ORBK,20120104,10.06,10.22,10.06,10.16,205300
ORBT,20120104,3.59,3.68,3.59,3.68,700
ORCL,20120104,25.98,26.23,25.55,26.01,45418500
OREX,20120104,1.66,1.7,1.64,1.68,292300
ORIG,20120104,12.11,12.17,11.93,11.93,119700
ORIT,20120104,12.8,13.12,12.8,13.05,109000
ORLY,20120104,78.37,79.96,77.77,79.34,1121400
ORRF,20120104,8.28,8.36,8.11,8.14,8100
OSBC,20120104,1.32,1.35,1.24,1.24,23800
OSBCP,20120104,3.9,3.9,3.9,3.9,2600
OSH,20120104,23.4,26.73,21.59,22.26,271000
OSHC,20120104,10.06,10.07,10.03,10.05,8500
OSIR,20120104,5.15,5.15,4.96,4.96,45100
OSIS,20120104,49.07,50.03,48.27,49.75,110400
OSM,20120104,20.49,21.18,20.49,20.9,6200
OSN,20120104,0.82,0.86,0.8,0.86,35800
OSTK,20120104,7.7,7.8,7.34,7.51,141600
OSUR,20120104,9.49,9.55,9.3,9.32,145700
OTEX,20120104,51.89,52.16,51.17,51.57,347300
OTIV,20120104,1.07,1.1,1.06,1.1,32800
OTT,20120104,14.4,14.45,14,14.32,37600
OTTR,20120104,22.12,22.44,22.01,22.21,168900
OUTD,20120104,7.6,7.63,7.33,7.35,15400
OVBC,20120104,18.5,18.5,18.5,18.5,900
OVLY,20120104,6.75,6.75,6.75,6.75,0
OVRL,20120104,2.66,2.7,2.55,2.6,52000
OVTI,20120104,12.31,12.32,11.99,12.21,1061100
OXBT,20120104,1.46,1.58,1.4,1.53,28000
OXGN,20120104,1,1.02,0.99,1,115700
OXLC,20120104,13.44,13.7,13.44,13.7,11300
OZRK,20120104,30.38,30.38,29.75,30.04,299600
PAAS,20120104,22.61,22.98,22.28,22.53,583900
PACB,20120104,2.94,3.02,2.86,2.99,369800
PACQ,20120104,9.71,9.71,9.71,9.71,0
PACQW,20120104,0.34,0.34,0.34,0.34,0
PACR,20120104,5.48,5.55,5.36,5.39,205400
PACW,20120104,20.04,20.64,20.01,20.51,269800
PAGG,20120104,27.56,27.79,27.43,27.79,29500
PANL,20120104,32.41,34.14,32.17,32.48,1885700
PATH,20120104,1.99,1.99,1.86,1.87,12100
PATK,20120104,4.3,4.45,4.3,4.35,11500
PATR,20120104,21.94,23,21.77,22.01,8100
PAYX,20120104,30.49,30.49,29.98,30.23,3069400
PBCT,20120104,12.94,13.17,12.86,13.16,3031800
PBHC,20120104,9.2,9.2,9.2,9.2,0
PBIB,20120104,2.75,2.99,2.67,2.99,3100
PBIP,20120104,5.25,5.25,5.25,5.25,0
PBSK,20120104,10.8,11,10.8,11,5200
PCAR,20120104,38.72,39,38.41,38.65,2536200
PCBK,20120104,9.16,9.23,9,9.1,61200
PCCC,20120104,12.04,12.19,11.65,11.98,67600
PCH,20120104,31.17,31.38,30.77,31.09,230400
PCLN,20120104,484,485.66,476.2,480.91,548800
PCO,20120104,2.67,2.7,2.63,2.66,89600
PCOM,20120104,7.97,8.68,7.97,8.4,20600
PCRX,20120104,8.66,8.86,8.29,8.55,61400
PCTI,20120104,6.86,7,6.84,7,30000
PCYC,20120104,14.95,15.13,14.74,14.99,671600
PCYO,20120104,1.75,1.86,1.73,1.75,10200
PDCO,20120104,29.9,29.9,29.42,29.49,487800
PDEX,20120104,2.54,2.54,2.54,2.54,0
PDFS,20120104,6.81,6.87,6.62,6.62,47600
PDII,20120104,6.05,6.3,6.05,6.06,1500
PDLI,20120104,6.2,6.21,6.01,6.14,1538900
PEBK,20120104,5.6,5.6,5.6,5.6,0
PEBO,20120104,14.81,15.05,14.81,14.98,31000
PEGA,20120104,29.18,29.35,28.14,28.17,234700
PEIX,20120104,1.09,1.11,1.07,1.09,1507600
PENN,20120104,37.89,38.16,37.72,38.06,303000
PENX,20120104,5.02,5.09,5.02,5.05,3600
PEOP,20120104,14.26,14.42,14.21,14.42,3800
PERF,20120104,10.52,11.35,10.52,11.15,18600
PERI,20120104,3.95,4.03,3.94,4.01,66100
PERY,20120104,14.19,14.41,14.19,14.27,209800
PESI,20120104,1.56,1.59,1.53,1.53,116200
PETM,20120104,50.28,51.58,50.28,51.47,1157500
PETS,20120104,10.4,10.41,10.15,10.17,130600
PFBC,20120104,7.61,7.61,7.41,7.41,500
PFBI,20120104,4.63,4.65,4.6,4.6,2600
PFBX,20120104,10.33,10.35,10.16,10.35,1300
PFIN,20120104,3.49,3.55,3.34,3.54,1400
PFLT,20120104,10.59,10.7,10.52,10.64,17100
PFSW,20120104,3.12,3.17,3.01,3.12,47700
PGC,20120104,10.94,10.95,10.61,10.75,6800
PGNX,20120104,8.42,8.61,8.37,8.38,79000
PGTI,20120104,1.04,1.08,1.03,1.05,17000
PHII,20120104,23.18,23.18,23.18,23.18,100
PHIIK,20120104,25.43,25.43,24.7,24.74,5300
PHMD,20120104,14.35,14.5,14.21,14.45,7400
PICO,20120104,20.85,21.24,20.73,20.9,36500
PKBK,20120104,5.5,5.5,5.5,5.5,0
PKOH,20120104,18.12,18.79,18.12,18.49,29400
PKT,20120104,15.41,15.54,14.88,15.2,344400
PLAB,20120104,6.09,6.32,6.02,6.26,1101400
PLBC,20120104,2.18,2.18,1.99,1.99,6200
PLCC,20120104,0.56,0.56,0.56,0.56,100
PLCE,20120104,52.81,54.05,52.37,53.07,368000
PLCM,20120104,16.41,16.41,15.65,15.79,3200800
PLMT,20120104,5.1,5.1,5.1,5.1,100
PLNR,20120104,1.97,2,1.93,1.94,12800
PLPC,20120104,61.57,62.29,60.38,60.54,6000
PLTM,20120104,18.61,18.69,18.24,18.69,14400
PLUG,20120104,2.01,2.02,1.99,2.02,83800
PLUS,20120104,27.94,27.95,27.76,27.76,3600
PLXS,20120104,27.67,27.98,27.03,27.59,150300
PLXT,20120104,3.01,3.01,2.86,2.89,247500
PMBC,20120104,3.27,3.27,3.25,3.25,1100
PMCS,20120104,5.52,5.52,5.41,5.49,3356600
PMD,20120104,9.31,9.45,9.31,9.45,32900
PMFG,20120104,20.26,20.69,19.65,20.25,49400
PMNA,20120104,10.24,10.39,10.2,10.21,1800
PMTC,20120104,18.53,18.6,18.16,18.18,701300
PMTI,20120104,9.6,9.6,9.3,9.5,57500
PNBK,20120104,1.75,1.75,1.75,1.75,0
PNFP,20120104,15.68,15.82,15.21,15.25,661500
PNNT,20120104,10.31,10.35,10.12,10.31,294000
PNQI,20120104,35,35.11,34.73,35.03,17000
PNRA,20120104,135.47,138.37,135.45,137.21,463700
PNRG,20120104,21.25,22.39,21.25,22.39,2600
PNTR,20120104,3,3,3,3,100
PODD,20120104,18.98,19.19,18.92,19.09,316700
POOL,20120104,29.96,30.38,29.7,30.25,155200
POPE,20120104,42.95,42.95,42.95,42.95,0
POWI,20120104,33.47,33.81,32.74,32.91,164700
POWL,20120104,31.94,32.1,31.42,31.89,29500
POWR,20120104,5.14,5.22,5.08,5.17,74500
POZN,20120104,4.12,4.13,4.03,4.03,67300
PPBI,20120104,6.4,6.45,6.35,6.35,17000
PPHM,20120104,0.98,0.99,0.96,0.96,485800
PRAA,20120104,67.44,68.27,65.76,66.9,242000
PRAN,20120104,1.61,1.75,1.51,1.52,835400
PRCP,20120104,4.76,4.76,4.67,4.74,5700
PRFT,20120104,10.56,10.56,10.34,10.44,69300
PRFZ,20120104,60.73,60.77,60.2,60.58,17000
PRGO,20120104,97.03,97.48,95.09,95.09,1132300
PRGS,20120104,18.6,18.99,17.01,17.69,3310200
PRGX,20120104,6.27,6.27,5.98,6,58200
PRIM,20120104,15.19,15.25,15.04,15.19,201100
PRKR,20120104,0.93,0.93,0.85,0.9,64600
PRLS,20120104,3.73,3.83,3.73,3.83,3100
PRMW,20120104,2.99,3.01,2.78,2.82,498700
PROV,20120104,9.26,9.33,9.26,9.31,18600
PRPH,20120104,1.22,1.22,1.15,1.2,600
PRSC,20120104,14.21,14.38,14.11,14.27,24400
PRTS,20120104,4.49,4.58,4.48,4.5,47400
PRXI,20120104,2.4,2.41,2.3,2.35,152000
PRXL,20120104,21.1,21.48,20.9,20.98,297900
PSAU,20120104,40.9,41.25,40.9,41.25,2800
PSBH,20120104,4.5,4.5,4.5,4.5,0
PSCC,20120104,31.05,31.05,30.87,30.96,14700
PSCD,20120104,27.09,27.37,27.09,27.27,16800
PSCE,20120104,35.55,35.6,35.09,35.53,15700
PSCF,20120104,27.12,27.27,27.1,27.25,3800
PSCH,20120104,31.41,31.41,31.29,31.35,17400
PSCI,20120104,27.77,27.77,27.67,27.77,2400
PSCM,20120104,26.5,26.5,26.5,26.5,500
PSCT,20120104,28.19,28.19,27.81,28.01,79000
PSCU,20120104,30.81,30.82,30.68,30.69,6600
PSDV,20120104,1.18,1.19,1.14,1.19,35600
PSEC,20120104,9.42,9.5,9.36,9.44,762000
PSEM,20120104,7.7,7.73,7.55,7.55,124600
PSMT,20120104,70.33,70.33,69.23,69.61,189700
PSTB,20120104,4.22,4.22,4.1,4.17,71800
PSTI,20120104,2.5,2.56,2.5,2.55,36400
PSTR,20120104,2.91,3.06,2.91,3.01,18700
PSUN,20120104,1.73,1.73,1.64,1.66,514000
PTEK,20120104,0.9,0.9,0.8,0.86,121400
PTEN,20120104,21.21,21.8,21.01,21.35,4796500
PTIE,20120104,3.89,3.9,3.78,3.85,59500
PTIX,20120104,1.74,1.97,1.73,1.88,4700
PTNR,20120104,9.12,9.2,9.04,9.09,147200
PTRY,20120104,12.06,12.13,11.77,11.88,99400
PTSI,20120104,9.45,9.8,9.45,9.63,3900
PTSX,20120104,1.19,1.2,1.1,1.16,7400
PULB,20120104,7.29,7.29,7.19,7.2,8500
PURE,20120104,0.37,0.37,0.34,0.34,66900
PVFC,20120104,1.53,1.55,1.53,1.53,1000
PVTB,20120104,11.37,11.76,11.32,11.76,602300
PVTBP,20120104,25.89,25.89,25.65,25.65,700
PWER,20120104,4.13,4.17,3.96,3.98,2381300
PWOD,20120104,39.31,39.94,39.14,39.14,5200
PWRD,20120104,11.3,11.57,11.27,11.53,477700
PWX,20120104,11.5,11.85,11.5,11.85,6400
PXLW,20120104,2.38,2.38,2.25,2.36,137600
PZZA,20120104,37.65,37.96,37.43,37.8,190200
PZZI,20120104,5.46,5.5,5.32,5.38,34700
QABA,20120104,23.36,23.49,23.36,23.49,1400
QADA,20120104,11.05,11.36,10.99,11.02,19600
QADB,20120104,10.62,10.62,10.39,10.61,2200
QBAK,20120104,1.86,1.86,1.86,1.86,0
QCCO,20120104,3.82,3.88,3.75,3.75,19400
QCLN,20120104,9.68,9.71,9.63,9.66,9700
QCOM,20120104,55.23,56.2,54.56,55.83,17589600
QCOR,20120104,39.37,40.01,38.94,39.52,1560300
QCRH,20120104,9.02,9.07,9.02,9.05,600
QDEL,20120104,15.33,15.62,15.33,15.37,100200
QGEN,20120104,14.46,14.58,14.31,14.51,2978900
QKLS,20120104,21.36,22.8,19.92,21.84,29900
QLGC,20120104,15.13,15.18,14.93,15.14,402900
QLIK,20120104,24.17,24.21,22.86,22.89,1166700
QLTI,20120104,7.1,7.22,7.07,7.22,40500
QLTY,20120104,11.41,11.68,11.1,11.57,58300
QNST,20120104,9.85,9.98,9.66,9.72,122700
QQEW,20120104,23.21,23.31,23.13,23.27,7300
QQQ,20120104,56.79,57.22,56.56,57.14,29403300
QQQC,20120104,13.51,13.51,13.33,13.47,6100
QQQX,20120104,13.36,13.36,13.02,13.21,134100
QQXT,20120104,21.08,21.13,21.08,21.11,2100
QSII,20120104,37.04,37.37,36.41,36.42,239200
QTEC,20120104,24.36,24.44,24.21,24.39,34200
QTWW,20120104,0.74,0.78,0.73,0.78,141800
QUIK,20120104,2.73,2.79,2.68,2.76,35800
RADA,20120104,2.1,2.37,2.07,2.08,13100
RAIL,20120104,21.26,21.92,21.14,21.68,83900
RAND,20120104,3,3,3,3,100
RAVN,20120104,31.47,32.43,31.16,32.37,56900
RBCAA,20120104,23.74,23.75,23.02,23.42,31800
RBCN,20120104,9.77,9.93,9.55,9.67,236200
RBNF,20120104,2.7,2.7,2.7,2.7,100
RBPAA,20120104,1.4,1.4,1.4,1.4,0
RCII,20120104,37,37.15,36.36,36.65,614400
RCKB,20120104,10.49,10.49,10.4,10.47,27200
RCKY,20120104,9.06,9.18,9.02,9.14,22700
RCMT,20120104,5.18,5.2,5.12,5.15,14800
RCON,20120104,0.34,0.43,0.31,0.42,11300
RDA,20120104,10.57,10.8,10.11,10.55,65900
RDCM,20120104,4.17,4.21,3.94,4.18,6300
RDEN,20120104,36.5,36.91,36.07,36.42,112700
RDI,20120104,4.28,4.28,4.23,4.24,1200
RDNT,20120104,2.15,2.16,2.13,2.13,25800
RDWR,20120104,14.7,14.7,14.425,14.475,95200
RECN,20120104,10.96,11.05,10.91,11.02,348200
RECV,20120104,3.3,3.5,2.8,2.8,77700
REDF,20120104,8.01,8.15,7.79,7.79,185300
REFR,20120104,3.66,3.68,3.61,3.65,10100
REGN,20120104,56.02,57.99,56.01,57.83,1863900
REIS,20120104,9.29,10.11,9.29,10.11,21600
RELL,20120104,12.7,12.7,12.26,12.34,25400
RELV,20120104,1.2,1.28,1.14,1.27,8700
RENT,20120104,14.26,14.33,14.1,14.15,31100
REXI,20120104,4.85,5.15,4.84,5.14,13400
REXX,20120104,14.93,15.3,14.67,15.09,391200
RFIL,20120104,3.78,3.78,3.76,3.76,2800
RFMD,20120104,5.52,5.53,5.44,5.47,6469700
RGCO,20120104,18.24,18.25,18.11,18.15,3300
RGDX,20120104,1.52,1.6,1.4,1.6,7600
RGEN,20120104,3.5,3.51,3.42,3.42,7500
RGLD,20120104,69.16,70.52,68.35,68.46,492000
RICK,20120104,8.28,8.62,8.27,8.62,48200
RIGL,20120104,8.07,8.24,8.06,8.19,182500
RIMG,20120104,11.25,11.32,11.15,11.27,36600
RITT,20120104,3.25,3.26,3,3,43800
RIVR,20120104,15.5,15.5,15.5,15.5,0
RJET,20120104,3.49,3.52,3.39,3.48,242400
RLOC,20120104,6.62,6.67,6.45,6.46,78400
RLOG,20120104,6.56,6.68,6.56,6.65,2300
RMBS,20120104,8.09,8.13,7.75,7.85,1546100
RMCF,20120104,8.64,8.7,8.62,8.65,3300
RMKR,20120104,0.86,0.86,0.86,0.86,200
RMTI,20120104,9.67,10.13,9.33,10,83000
RNET,20120104,17.28,17.32,16.99,17,29700
RNIN,20120104,6,6.25,6,6.1,93400
RNST,20120104,15.65,15.71,15.14,15.48,73500
RNWK,20120104,7.77,7.77,7.34,7.35,73300
ROCK,20120104,14.21,14.53,14.09,14.2,113600
ROCM,20120104,8.21,8.32,8.08,8.3,14600
ROIA,20120104,0.94,0.94,0.92,0.94,1700
ROIAK,20120104,0.98,0.98,0.94,0.97,29100
ROIC,20120104,11.8,11.89,11.75,11.82,261900
ROICW,20120104,0.73,0.73,0.73,0.73,45000
ROLL,20120104,42.65,42.65,41.54,41.94,79900
ROMA,20120104,10.13,10.13,9.85,10.04,3800
ROSE,20120104,44.88,46.19,44.36,45.74,569600
ROSG,20120104,2.7,2.85,2.4,2.7,50300
ROST,20120104,47.22,48.38,47.05,47.62,2806800
ROVI,20120104,24.6,24.66,23.9,24.22,725200
ROYL,20120104,4.81,5.05,4.72,4.95,509600
RP,20120104,25.57,25.75,25.15,25.33,182000
RPRX,20120104,4.7,4.74,4.2,4.33,161300
RPTP,20120104,6.37,6.42,6.19,6.2,399300
RPXC,20120104,13.71,14.17,13.58,14.13,314200
RRD,20120104,15.08,15.22,14.87,15.13,2595600
RRGB,20120104,27.52,28.37,27.4,28.36,114500
RRST,20120104,3.78,3.8,3.7,3.72,9500
RSOL,20120104,1.49,1.52,1.43,1.52,3200
RSTI,20120104,24.03,24.42,24.01,24.3,120500
RSYS,20120104,5.61,5.61,5.39,5.41,68200
RTEC,20120104,9.41,9.47,9.25,9.35,69600
RTIX,20120104,4.1,4.34,4.1,4.25,278400
RUE,20120104,21.74,21.74,20.94,21.01,352300
RUSHA,20120104,20.84,21.32,20.65,20.94,161500
RUSHB,20120104,16.89,17.37,16.85,17.11,2200
RUTH,20120104,5.19,5.44,5.16,5.34,145700
RVBD,20120104,24.13,25.74,23.67,25.49,4596800
RVSB,20120104,2.31,2.31,2.24,2.24,7800
RYAAY,20120104,28.21,28.79,28.06,28.67,388700
SAAS,20120104,4.41,4.47,4.4,4.41,79100
SAFM,20120104,49.23,49.3,47.45,47.78,358700
SAFT,20120104,40.83,41.91,40.82,40.89,32200
SAIA,20120104,13.2,13.3,12.86,13.15,40600
SALM,20120104,2.61,2.61,2.55,2.55,3800
SANM,20120104,9.58,9.6,9.28,9.5,359100
SANW,20120104,4.38,4.38,4.25,4.25,7100
SANWW,20120104,0.65,0.65,0.65,0.65,0
SANWZ,20120104,0.22,0.22,0.22,0.22,0
SAPE,20120104,12.73,12.74,12.49,12.5,587400
SASR,20120104,17.66,17.78,17.51,17.62,42000
SATS,20120104,21.81,21.87,21.53,21.58,195200
SAVE,20120104,14.95,15.12,14.44,14.62,175000
SBAC,20120104,42.91,43.2,42.72,43.16,1344000
SBBX,20120104,4.42,4.57,4.4,4.57,800
SBCF,20120104,1.57,1.57,1.5,1.56,186700
SBGI,20120104,11.85,12.23,11.57,12.2,554200
SBLK,20120104,13.65,13.8,13.5,13.5,187300
SBNY,20120104,60.17,60.96,59.81,60.24,284800
SBNYW,20120104,37.5,37.5,37.5,37.5,0
SBRA,20120104,12.15,12.18,11.91,12.05,151900
SBSA,20120104,2.89,2.99,2.89,2.99,10000
SBSI,20120104,21.88,21.88,21.55,21.55,52700
SBUX,20120104,45.3,46.63,45.28,46.17,6946000
SCBT,20120104,29.41,29.99,29.41,29.93,33500
SCHL,20120104,30.72,30.74,29.99,30.03,282500
SCHN,20120104,44.08,45.26,43.93,44.96,227800
SCLN,20120104,4.35,4.35,4.23,4.25,65600
SCMP,20120104,4.5,4.5,4.33,4.33,7300
SCOK,20120104,2.49,2.49,2.32,2.42,46700
SCON,20120104,15,15.24,14.76,15.24,9200
SCOR,20120104,21.28,21.28,20.59,20.61,167700
SCSC,20120104,35.11,35.56,34.94,35.24,130800
SCSS,20120104,22.1,22.63,21.6,22.27,815700
SCVL,20120104,16.88,17.12,16.76,16.78,68100
SDBT,20120104,2.3,2.37,2.3,2.37,3700
SDIX,20120104,1.84,1.84,1.77,1.77,13500
SEAC,20120104,7.12,7.17,6.89,6.94,95500
SEED,20120104,2.58,2.59,2.53,2.57,29900
SEIC,20120104,17.43,17.62,17.21,17.43,570100
SENEA,20120104,25.3,25.87,25.23,25.59,18000
SENEB,20120104,26.04,26.04,26.04,26.04,0
SEV,20120104,5.32,5.45,5.25,5.25,3200
SFLY,20120104,22.75,23.4,21.97,23.26,1561400
SFNC,20120104,28.26,28.32,28,28.24,28600
SFST,20120104,7.25,7.25,7.25,7.25,0
SGC,20120104,12.56,12.69,12.56,12.69,3200
SGEN,20120104,16.36,16.69,16.36,16.49,860800
SGI,20120104,11.61,11.81,11.45,11.69,202200
SGMA,20120104,3.33,3.36,3.33,3.36,800
SGMO,20120104,2.93,2.97,2.81,2.95,149800
SGMS,20120104,9.97,10.04,9.86,9.98,594600
SGNT,20120104,21.67,21.67,21.01,21.15,39900
SGOC,20120104,1.32,1.32,1.32,1.32,0
SGRP,20120104,1,1.03,0.89,0.97,3700
SGYP,20120104,3.63,3.63,3.42,3.59,11400
SGYPU,20120104,7.7,7.7,7.7,7.7,200
SGYPW,20120104,0.75,0.75,0.75,0.75,7400
SHBI,20120104,5.2,5.25,5.12,5.17,1700
SHEN,20120104,10.97,10.97,10.56,10.57,30500
SHFL,20120104,11.86,11.91,11.64,11.85,237600
SHIP,20120104,2.35,2.74,2.26,2.74,9300
SHLD,20120104,31.43,32.18,30.74,30.8,1915200
SHLM,20120104,22.16,22.39,21.89,21.89,286100
SHLO,20120104,8.49,8.49,8.2,8.29,8300
SHOO,20120104,34.89,35.99,34.69,35.44,280400
SHOR,20120104,6.39,6.4,6.03,6.04,501000
SIAL,20120104,63.26,63.55,62.57,62.82,541300
SIBC,20120104,10.95,10.95,10.95,10.95,0
SIEB,20120104,1.43,1.43,1.43,1.43,0
SIFI,20120104,9.84,9.92,9.69,9.91,5800
SIFY,20120104,4.31,4.37,4.26,4.28,270700
SIGA,20120104,2.64,2.98,2.61,2.88,1138100
SIGI,20120104,18.3,18.3,17.9,17.99,174300
SIGM,20120104,5.75,5.86,5.71,5.75,154500
SILC,20120104,18.17,18.17,17.73,17.82,14800
SIMG,20120104,4.79,4.79,4.67,4.68,323700
SIMO,20120104,20.91,21.52,20.53,21.38,554900
SINA,20120104,55.26,55.26,53.24,53.56,3570600
SINO,20120104,2.22,2.33,2.14,2.26,6200
SIRI,20120104,1.86,1.92,1.8,1.83,69355300
SIRO,20120104,44.2,44.2,43.47,43.47,163400
SIVB,20120104,49.71,49.71,47.54,49.25,258400
SIVBO,20120104,24.9,25,24.9,25,300
SKBI,20120104,2.86,2.86,2.69,2.83,3100
SKUL,20120104,12.67,13.34,12.67,12.96,269100
SKYW,20120104,12.81,13.01,12.74,12.98,151600
SKYY,20120104,17.31,17.31,17.04,17.26,86400
SLAB,20120104,43.66,43.89,43.08,43.71,137800
SLGN,20120104,38.48,39.08,38.32,38.72,86000
SLM,20120104,13.71,13.71,13.11,13.45,4274100
SLMAP,20120104,40.34,40.4,40.15,40.15,2800
SLMBP,20120104,39.5,39.5,39.5,39.5,200
SLP,20120104,3.01,3.02,3,3.02,3300
SLRC,20120104,22.13,22.39,22.1,22.14,114900
SLTC,20120104,3.08,3.08,3,3.08,200
SLTM,20120104,3.17,3.26,3.17,3.25,324300
SLXP,20120104,46.74,47.14,46.21,46.38,568400
SMBC,20120104,22.3,22.3,22.25,22.25,4200
SMCI,20120104,15.87,15.97,15.42,15.73,140900
SMED,20120104,4.21,4.22,4.1,4.13,28000
SMIT,20120104,3.29,3.6,3.25,3.4,5100
SMMF,20120104,3,3.05,2.99,2.99,1900
SMRT,20120104,6.75,6.82,6.66,6.69,86400
SMSI,20120104,1.29,1.37,1.26,1.31,581600
SMT,20120104,3.65,3.74,3.65,3.72,94400
SMTC,20120104,24.92,25.29,24.92,25.06,436900
SMTX,20120104,2.75,2.75,2.64,2.64,50700
SNAK,20120104,3.73,3.85,3.68,3.75,13500
SNBC,20120104,2.55,2.65,2.54,2.58,133200
SNCR,20120104,30.19,30.2,29.53,29.65,338300
SNDK,20120104,47.5,48.46,46.97,48.3,5051900
SNFCA,20120104,1.52,1.52,1.52,1.52,0
SNHY,20120104,24.12,24.49,24.09,24.3,64100
SNMX,20120104,3.81,3.81,3.66,3.72,42800
SNPS,20120104,26.91,26.92,26.44,26.49,885500
SNSS,20120104,1.25,1.3,1.17,1.24,88300
SNTA,20120104,4.84,4.91,4.78,4.83,51300
SNTS,20120104,3.32,3.35,3.23,3.25,253900
SOCB,20120104,1.42,1.42,1.42,1.42,0
SOCL,20120104,13.21,13.23,13.15,13.23,700
SODA,20120104,34.58,38,34.17,37.75,2691000
SOFO,20120104,7.25,7.48,7.1,7.35,9400
SOHU,20120104,51.62,52.05,50.09,50.52,1015700
SOMH,20120104,7.6,7.6,7.6,7.6,0
SONA,20120104,6.21,6.25,6.21,6.25,200
SONC,20120104,6.95,7.03,6.77,6.85,620200
SONS,20120104,2.41,2.45,2.36,2.39,2070100
SORL,20120104,2.52,2.62,2.4,2.45,145200
SOXX,20120104,49.8,50.13,49.4,50.02,395700
SPAN,20120104,14.41,14.41,14.41,14.41,0
SPAR,20120104,4.97,5.07,4.93,4.97,88700
SPBC,20120104,10.5,10.6,10.49,10.5,3500
SPCHA,20120104,1.78,1.78,1.58,1.65,2100
SPCHB,20120104,2.19,2.24,2.19,2.24,400
SPEX,20120104,23.6,24.4,23,24,13000
SPIL,20120104,4.53,4.62,4.52,4.61,2337400
SPIR,20120104,0.74,0.75,0.69,0.69,3400
SPLS,20120104,14.23,14.47,14.18,14.45,10064200
SPMD,20120104,3,3.2,2.87,3.04,76900
SPNC,20120104,7.35,7.37,7.17,7.2,67400
SPNS,20120104,3.7,3.8,3.62,3.74,12300
SPPI,20120104,14.69,14.81,14.45,14.48,1524300
SPPR,20120104,0.73,0.73,0.65,0.7,12600
SPPRO,20120104,20.55,20.55,20.07,20.3,2200
SPPRP,20120104,6.6,6.86,6.6,6.86,2200
SPRD,20120104,19.57,20,19.2,19.93,1100000
SPRO,20120104,1.86,1.9,1.86,1.9,800
SPRT,20120104,2.39,2.39,2.21,2.22,54100
SPSC,20120104,24.95,25.35,24.42,24.88,54100
SPTN,20120104,18.7,18.97,18.06,18.12,123400
SPU,20120104,1.73,1.89,1.73,1.85,9400
SPWR,20120104,6.5,6.64,6.44,6.59,557900
SQI,20120104,14.42,14.72,14.23,14.34,55000
SQNM,20120104,4.46,4.55,4.24,4.28,3468200
SQQQ,20120104,74.76,75.52,73.04,73.36,1565200
SRCE,20120104,26.16,26.16,25.04,25.29,44200
SRCL,20120104,77.31,77.31,76.05,76.72,500300
SRDX,20120104,14.5,14.87,14.37,14.7,36000
SREV,20120104,15.95,15.95,15.05,15.5,1156200
SSBI,20120104,5.46,5.49,5.46,5.48,2100
SSFN,20120104,5.04,5.3,5.04,5.28,800
SSNC,20120104,17.94,18.12,17.83,17.9,179900
SSRI,20120104,14.65,14.99,14.43,14.63,889000
SSRX,20120104,10.13,10.37,10.09,10.17,24900
SSYS,20120104,30.88,30.99,29.74,30.37,164400
STAA,20120104,10.5,10.86,10.5,10.67,141600
STAN,20120104,18.38,18.49,18.26,18.35,13600
STB,20120104,6.58,6.66,6.55,6.66,64500
STBA,20120104,19.65,20,19.65,20,67100
STBZ,20120104,15.16,15.49,15.16,15.3,222800
STEC,20120104,8.67,8.8,8.5,8.76,652300
STEI,20120104,5.71,5.81,5.63,5.77,487800
STEL,20120104,11.59,11.93,11.5,11.87,77200
STEM,20120104,0.82,0.83,0.8,0.8,276500
STFC,20120104,14.13,14.33,13.54,13.62,66300
STKL,20120104,4.86,4.86,4.54,4.55,215600
STLD,20120104,14.24,14.58,14.06,14.48,5672500
STLY,20120104,3.01,3.15,2.98,2.98,80800
STMP,20120104,26.04,26.17,25.21,25.57,251100
STND,20120104,15.15,15.15,15.15,15.15,0
STNR,20120104,45.41,46.22,44.9,45.68,46700
STRA,20120104,94.32,95,92.51,94.99,78800
STRL,20120104,11.04,11.24,10.86,10.88,52900
STRM,20120104,1.75,1.76,1.53,1.62,9300
STRN,20120104,4.94,4.94,4.94,4.94,100
STRS,20120104,7.9,7.9,7.9,7.9,0
STRT,20120104,19.17,20.34,19.17,19.99,800
STSA,20120104,16.78,17,16.72,16.93,53700
STX,20120104,16.38,16.83,16.21,16.82,8512100
STXS,20120104,8.5,8.5,8,8.3,39000
SUBK,20120104,11.35,11.99,11.26,11.74,26200
SUMR,20120104,7.01,7.02,6.94,6.98,15100
SUNS,20120104,15.67,15.8,15.62,15.68,11000
SUPX,20120104,19.25,19.34,18.99,19.03,11800
SURG,20120104,6.94,6.98,6.7,6.81,85700
SUSQ,20120104,8.49,8.65,8.31,8.6,1973100
SUTR,20120104,1.06,1.08,1.06,1.06,17500
SVA,20120104,2.25,2.32,2.19,2.21,119000
SVBI,20120104,2.55,2.55,2.55,2.55,100
SVNT,20120104,2.29,2.42,2.28,2.37,1010600
SVVC,20120104,14.55,14.55,14.5,14.5,1900
SWHC,20120104,4.46,4.62,4.43,4.54,1761400
SWIR,20120104,7.04,7.24,7.03,7.24,21700
SWKS,20120104,16.73,16.86,16.56,16.78,2745900
SWSH,20120104,3.7,3.73,3.54,3.55,668300
SYBT,20120104,21.08,21.18,20.89,21.17,38900
SYBTP,20120104,11.26,11.26,11.26,11.26,100
SYKE,20120104,16.16,16.16,15.92,15.98,224500
SYMC,20120104,15.8,15.89,15.66,15.75,3640300
SYMM,20120104,5.58,5.64,5.39,5.52,70200
SYMX,20120104,1.55,1.59,1.54,1.56,66200
SYNA,20120104,30.38,30.73,30,30.48,342200
SYNL,20120104,10.69,10.69,10.59,10.67,400
SYNM,20120104,9.8,9.9,9.8,9.8,119600
SYNT,20120104,47.68,48.25,46.43,46.45,121800
SYPR,20120104,3.98,4.03,3.94,3.98,11200
SYUT,20120104,4.94,5.2,4.81,4.95,37100
SZYM,20120104,11.94,12.06,11.57,11.61,261300
TACT,20120104,7.46,7.59,7.45,7.59,5800
TAIT,20120104,1.05,1.05,1.05,1.05,0
TASR,20120104,5.27,5.33,5.15,5.15,241100
TAST,20120104,11.8,11.8,11.44,11.49,37500
TATT,20120104,4.26,4.26,4.26,4.26,200
TAXI,20120104,11.2,11.5,11.12,11.24,55700
TAYC,20120104,9.89,9.99,9.68,9.96,36800
TAYCP,20120104,23.25,23.25,22.92,22.95,2700
TAYD,20120104,7.75,7.75,7.75,7.75,0
TBAC,20120104,1.02,1.02,0.99,0.99,8300
TBBK,20120104,7.28,7.33,7.14,7.3,53800
TBNK,20120104,19.84,20.1,19.84,20.07,28700
TBOW,20120104,2.04,2.1,1.93,2.06,28400
TCBI,20120104,31.18,31.74,30.9,31.6,954600
TCBIW,20120104,19.74,19.74,19.74,19.74,200
TCBK,20120104,14.45,14.55,14.27,14.36,20800
TCCO,20120104,7.5,7.54,7.5,7.51,3500
TCRD,20120104,12.5,12.5,12.17,12.4,74500
TEAR,20120104,1.44,1.48,1.33,1.38,45100
TECD,20120104,50.01,50.5,49.64,50.35,369200
TECH,20120104,67.53,68.21,67.53,67.79,89300
TECUA,20120104,5.03,5.11,4.82,5,61700
TECUB,20120104,4.87,5.05,4.76,4.76,2100
TELK,20120104,5.4,6,5.1,5.1,33500
TESO,20120104,13.39,13.39,12.82,13.19,226100
TESS,20120104,14.04,14.1,13.78,13.94,26200
TFCO,20120104,3.42,3.42,3.42,3.42,0
TFM,20120104,39.87,40.82,38.94,39.37,186200
TFSL,20120104,8.95,9.19,8.91,9.14,350600
TGA,20120104,8.21,8.25,8.1,8.12,48800
TGE,20120104,7.06,7.13,6.96,7.09,72300
THFF,20120104,34,34.19,33.51,34.05,52000
THLD,20120104,1.39,1.39,1.36,1.38,85600
THOR,20120104,32.17,32.24,31.44,31.62,744600
THRD,20120104,22.35,22.35,22.3,22.3,2000
THRX,20120104,20.29,20.59,19.38,19.58,632800
THTI,20120104,0.95,1.08,0.87,0.91,20600
TIBX,20120104,23.51,24.02,23.12,23.63,3266600
TICC,20120104,9.04,9.08,8.71,8.77,386100
TIGR,20120104,2.2,2.2,2.2,2.2,2100
TINY,20120104,3.6,3.64,3.53,3.62,95400
TISA,20120104,2.2,2.42,2.19,2.3,60200
TITN,20120104,22.42,22.99,22.2,22.71,167800
TIVO,20120104,9.96,9.97,9.52,9.82,8598000
TKMR,20120104,1.58,1.62,1.52,1.62,22300
TLAB,20120104,4.01,4.03,3.84,3.87,5117500
TLF,20120104,4.87,4.87,4.87,4.87,0
TMNG,20120104,1.66,1.66,1.56,1.56,2600
TNAV,20120104,7.87,7.93,7.8,7.87,52200
TNGO,20120104,15.78,15.84,14.85,15.06,133800
TOFC,20120104,8.51,8.65,8.5,8.59,1000
TOPS,20120104,2.19,2.19,1.7,1.7,11000
TORM,20120104,15.52,15.95,15.52,15.8,1900
TOWN,20120104,12.57,12.59,12.29,12.34,37500
TPGI,20120104,3.28,3.29,3.24,3.26,28300
TQNT,20120104,5.05,5.05,4.87,4.87,3654200
TQQQ,20120104,35.77,36.535,35.3,36.36,623500
TRAK,20120104,28.03,28.13,26.95,27.13,185600
TREE,20120104,5.37,5.53,5.37,5.53,1800
TRGT,20120104,5.63,5.74,5.56,5.62,467500
TRIB,20120104,10.04,10.09,10,10.04,11300
TRIP,20120104,25.82,26.09,25.41,25.68,1680900
TRIT,20120104,4.72,4.84,4.64,4.82,55300
TRLG,20120104,34.14,35.64,33.93,35.4,218800
TRMB,20120104,20.71,20.775,20.005,20.105,1376600
TRMD,20120104,7.7,7.7,7.1,7.4,2800
TRMK,20120104,24.47,24.83,24.28,24.67,381200
TRNS,20120104,11.45,11.45,11.45,11.45,0
TRNX,20120104,18.34,18.34,17.29,17.47,93600
TROW,20120104,57.23,57.71,56.82,57.48,1192400
TRS,20120104,18.32,18.69,18.06,18.44,126500
TRST,20120104,5.7,5.71,5.63,5.67,145300
TSBK,20120104,3.9,4.12,3.88,4.12,10800
TSCO,20120104,69.26,70.03,68.71,69.37,649300
TSEM,20120104,9.15,9.15,9,9.15,356400
TSLA,20120104,28.21,28.67,27.5,27.71,630000
TSON,20120104,1.89,1.89,1.81,1.87,62100
TSPT,20120104,7.95,8.17,7.95,8.03,161200
TSRA,20120104,16.87,17.44,16.8,17.4,365100
TSRI,20120104,4.15,4.15,4.15,4.15,0
TSRX,20120104,6.92,6.92,6.72,6.75,50900
TST,20120104,1.81,1.83,1.75,1.76,268500
TSTC,20120104,3.67,3.67,3.46,3.59,127900
TSYS,20120104,2.46,2.47,2.37,2.41,218900
TTEC,20120104,15.86,16.17,15.73,15.98,144100
TTEK,20120104,21.82,21.86,21.5,21.79,253500
TTGT,20120104,6.29,6.29,6.03,6.1,25700
TTHI,20120104,1.45,1.5,1.45,1.45,11100
TTMI,20120104,11.25,11.4,11.15,11.29,268700
TTWO,20120104,13.98,14.1,13.87,14,1764600
TUES,20120104,3.63,3.68,3.5,3.52,150500
TWER,20120104,2.29,2.33,2.23,2.27,230400
TWGP,20120104,20.26,20.4,20.17,20.24,265400
TWIN,20120104,35.98,36.24,35.24,35.59,81000
TWMC,20120104,2.37,2.37,2.37,2.37,0
TWTC,20120104,19.52,19.81,19.25,19.34,649100
TXCC,20120104,3.33,3.47,3.22,3.38,107700
TXN,20120104,29.54,29.75,29.24,29.57,5837300
TXRH,20120104,14.83,15.04,14.72,15,810300
TYPE,20120104,15.64,15.71,15.3,15.31,173400
TZOO,20120104,25.42,26.7,25.05,26.2,604000
TZYM,20120104,3,3,2.99,2.99,700
UACL,20120104,17.75,17.91,17.25,17.62,7700
UBCP,20120104,8.62,8.65,8.62,8.65,500
UBFO,20120104,2.24,2.24,2.2,2.2,1700
UBNK,20120104,16.19,16.33,16.06,16.29,13000
UBNT,20120104,18.77,18.77,17.61,18.25,184000
UBOH,20120104,7,7,6.9,7,8800
UBPS,20120104,9.15,9.15,6.05,6.05,300
UBSH,20120104,13.52,13.7,13.39,13.51,40700
UBSI,20120104,28.99,29.11,28.34,28.97,246800
UCBA,20120104,5.53,5.53,5.53,5.53,0
UCBI,20120104,7.15,7.26,7.11,7.19,112600
UCFC,20120104,1.28,1.3,1.25,1.3,10200
UCTT,20120104,5.76,5.93,5.76,5.91,50500
UEIC,20120104,17.15,17.38,16.79,17.08,29400
UEPS,20120104,7.42,7.44,7.26,7.31,41700
UFCS,20120104,20.3,20.8,20.15,20.23,31500
UFPI,20120104,31.85,32,30.98,31.37,124500
UFPT,20120104,14.63,15.09,14.49,14.87,17700
UG,20120104,15.06,15.5,15.05,15.23,2500
UHAL,20120104,91.72,92.65,90.85,90.85,30800
ULBI,20120104,3.95,4.02,3.95,4.02,10100
ULGX,20120104,1.05,1.06,1.01,1.05,16800
ULTA,20120104,63.85,67.47,63.59,66.37,1686100
ULTI,20120104,64.72,65.22,63.91,64.43,187400
ULTR,20120104,3.15,3.26,3.05,3.19,35700
UMBF,20120104,38.37,38.53,37.68,38.35,77200
UMPQ,20120104,12.6,12.71,12.48,12.64,747800
UNAM,20120104,11.97,11.97,11.87,11.87,200
UNB,20120104,19,20,19,19.01,3600
UNFI,20120104,40.25,40.25,39.44,39.8,473000
UNIS,20120104,3.32,3.75,3.24,3.65,524600
UNTD,20120104,5.65,5.69,5.45,5.46,719700
UNTK,20120104,4.73,4.73,4.48,4.49,24400
UNTY,20120104,6.39,6.39,6.39,6.39,13000
UNXL,20120104,5.36,5.99,5.1,5.94,24800
UPI,20120104,4.37,4.44,4.12,4.4,96300
URBN,20120104,27.68,28.67,27.58,28.41,2862400
URRE,20120104,7.9,8.2,7.7,8.1,712100
USAK,20120104,7.78,8.28,7.46,7.48,115500
USAP,20120104,37.97,38.52,37.45,37.52,36000
USAT,20120104,1.13,1.13,1.04,1.09,422100
USATP,20120104,17.4,17.4,17.4,17.4,0
USATZ,20120104,0.58,0.58,0.5,0.5,300
USBI,20120104,4.28,4.28,4.1,4.1,1600
USCR,20120104,3.34,3.35,3.27,3.33,6800
USEG,20120104,3,3.04,2.75,2.91,392400
USLM,20120104,61.74,62.41,61.12,61.12,3500
USMO,20120104,14.05,14.19,13.75,13.75,133100
USTR,20120104,32.84,33.09,32.46,32.95,275100
UTEK,20120104,24.3,24.71,24.07,24.54,330600
UTHR,20120104,47.92,48.05,47.54,47.69,760900
UTIW,20120104,13.8,13.82,13.44,13.44,259400
UTMD,20120104,26.61,26.98,26.61,26.98,400
UTSI,20120104,4.17,4.29,4.14,4.29,70100
UVSP,20120104,15.04,15.15,14.85,14.98,31800
VALU,20120104,10.07,10.26,10.06,10.07,3100
VALV,20120104,0.72,0.76,0.71,0.71,86700
VASC,20120104,11.08,11.16,10.52,10.6,65400
VBFC,20120104,1.25,1.25,1.2,1.2,400
VCBI,20120104,7.8,7.85,7.73,7.74,63000
VCIT,20120104,82.28,82.29,82.05,82.13,114100
VCLK,20120104,16.4,16.53,16.12,16.2,549100
VCLT,20120104,86.54,86.54,85.78,85.99,50600
VCSH,20120104,77.81,77.81,77.66,77.75,189900
VDSI,20120104,6.57,6.7,6.54,6.6,222900
VECO,20120104,21.46,21.62,21.12,21.52,681000
VELT,20120104,6.76,6.77,6.6,6.7,313500
VGIT,20120104,65.43,65.61,65.31,65.42,13100
VGLT,20120104,74.26,74.26,73.5,73.72,6900
VGSH,20120104,60.95,60.95,60.9,60.95,8500
VIA,20120104,52.13,53.38,52.13,53.38,22800
VIAB,20120104,45.92,46.12,45.2,45.9,3714500
VIAS,20120104,16.82,16.83,16.73,16.76,8600
VICL,20120104,4.47,4.55,4.26,4.28,666800
VICR,20120104,8.24,8.27,7.83,7.98,69900
VIDE,20120104,5.98,6,5.9,5.98,8400
VIFL,20120104,5.21,5.29,5.21,5.26,9900
VIMC,20120104,1.41,1.48,1.39,1.39,4800
VIRC,20120104,1.67,1.74,1.67,1.67,300
VISN,20120104,25.2,25.2,24.4,24.6,663100
VITC,20120104,6.33,6.54,6.33,6.5,35900
VIVO,20120104,19.16,19.17,18.83,18.91,157200
VLCCF,20120104,13.79,14.19,13.58,13.98,221500
VLGEA,20120104,29.05,29.23,28.85,29,6200
VLTR,20120104,25.24,25.81,24.88,24.91,241800
VLYWW,20120104,2.5,2.5,2.5,2.5,0
VMBS,20120104,51.92,51.99,51.88,51.95,25700
VMED,20120104,21.69,21.72,21.27,21.5,4217900
VNDA,20120104,4.68,4.72,4.54,4.56,122500
VNET,20120104,9.31,9.45,9.23,9.39,717400
VNQI,20120104,41.61,41.65,41.27,41.49,35000
VOCS,20120104,22.2,22.33,21.49,21.6,82300
VOD,20120104,28.3,28.32,28.11,28.14,6801700
VOLC,20120104,23.89,24.17,23.58,23.61,330600
VONE,20120104,57.91,58.14,57.83,58.11,6800
VONG,20120104,59.84,59.94,59.81,59.93,15200
VONV,20120104,56.11,56.24,55.97,56.24,5400
VOXX,20120104,8.84,8.92,8.62,8.82,189100
VPFG,20120104,13.09,13.44,13.09,13.35,97300
VPHM,20120104,27.98,28.25,27.66,27.91,858200
VPRT,20120104,31.81,31.81,30.3,30.7,371900
VRA,20120104,32.26,32.38,31.05,31.5,749200
VRML,20120104,1.46,1.48,1.32,1.41,243000
VRNM,20120104,2.29,2.3,2.2,2.25,39200
VRNT,20120104,28.05,28.29,27.57,27.6,57300
VRSK,20120104,39.2,39.31,38.58,38.98,660700
VRSN,20120104,35.7,35.87,35.43,35.82,1606300
VRTA,20120104,1.1,1.1,1.1,1.1,0
VRTB,20120104,1.15,1.15,1.12,1.12,1400
VRTS,20120104,77.15,78,76.4,77.57,19000
VRTU,20120104,14.67,14.88,14.56,14.66,22200
VRTX,20120104,32.22,32.59,32.04,32.2,2660200
VSAT,20120104,46.84,46.88,45.66,45.82,220700
VSBN,20120104,10.3,10.3,10.3,10.3,0
VSCI,20120104,1.81,1.99,1.75,1.98,27900
VSCP,20120104,0.93,0.94,0.92,0.94,11400
VSEC,20120104,24.98,25.36,24.88,24.89,8500
VTHR,20120104,58.03,58.17,57.88,58.17,800
VTNC,20120104,5.99,6.19,5.84,6.02,33500
VTSS,20120104,2.7,2.8,2.59,2.63,59500
VTUS,20120104,8.21,8.22,7.89,8.1,21900
VTWG,20120104,61.08,61.23,60.85,61.2,800
VTWO,20120104,59.05,59.21,58.72,59.08,8900
VTWV,20120104,56.88,56.91,56.79,56.79,600
VVTV,20120104,1.88,1.93,1.84,1.84,225900
VVUS,20120104,9.83,10.01,9.76,9.99,933700
VXUS,20120104,41.79,41.97,41.63,41.9,290400
VYFC,20120104,4.9,5.11,4.9,5.01,5500
WABC,20120104,44.8,45.19,44.04,45,132000
WAFD,20120104,14.29,14.54,14.29,14.5,679700
WASH,20120104,23.89,24.4,23.84,24.02,36100
WAVX,20120104,2.24,2.28,2.22,2.26,169100
WAYN,20120104,7.83,7.83,7.75,7.75,1600
WBCO,20120104,11.99,12.3,11.92,12.21,73600
WBKC,20120104,14,14,14,14,0
WBMD,20120104,38.38,38.45,37.71,37.97,307900
WBSN,20120104,18.99,19.09,18.37,18.53,331100
WCRX,20120104,16.18,16.41,15.87,16.2,2259200
WDC,20120104,30.86,31.35,30.49,31.3,4370600
WDFC,20120104,40.76,40.76,39.99,40.12,20500
WEBM,20120104,2.94,3.15,2.94,3.01,77500
WEN,20120104,5.26,5.31,5.18,5.28,4294400
WERN,20120104,24.48,24.52,24.25,24.29,413800
WETF,20120104,5.98,6.1,5.98,6.07,121000
WEYS,20120104,25.3,25.63,25.14,25.63,3300
WFD,20120104,7.43,7.52,7.42,7.46,28700
WFM,20120104,69.5,71.6,69.4,71.49,1736800
WIBC,20120104,3.76,3.78,3.67,3.74,176300
WIFI,20120104,8.57,8.57,8.44,8.5,47900
WILC,20120104,4.62,4.78,4.62,4.78,13300
WILN,20120104,5.84,5.96,5.83,5.89,159600
WIN,20120104,11.78,11.79,11.63,11.66,6941800
WINA,20120104,57.85,58.4,57.35,57.73,1900
WIRE,20120104,25.84,26.3,25.68,25.82,47200
WLB,20120104,13.12,13.4,12.78,13.31,15600
WLBPZ,20120104,26.98,27,26.98,27,300
WLDN,20120104,4.09,4.12,4.08,4.1,2100
WLFC,20120104,12.1,12.45,12.1,12.25,27800
WMAR,20120104,11.2,11.32,10.55,11.02,57700
WMGI,20120104,16.32,16.35,15.86,16.1,256600
WOOD,20120104,37.76,37.93,37.7,37.8,6200
WOOF,20120104,19.93,20.04,19.54,19.67,418100
WPCS,20120104,1.73,1.88,1.73,1.77,16900
WPPGY,20120104,52.98,53.23,52.65,53.04,22400
WPRT,20120104,32.82,33.19,32.1,32.83,641900
WRES,20120104,3.41,3.5,3.32,3.35,292200
WRLD,20120104,73.61,73.61,68.63,68.85,343000
WRLS,20120104,7.53,7.59,7.42,7.45,52000
WSB,20120104,2.33,2.33,2.33,2.33,0
WSBC,20120104,20.1,20.62,19.92,20.03,26600
WSBF,20120104,1.88,1.89,1.87,1.89,1100
WSCI,20120104,5.4,5.75,4.59,5.18,64900
WSFS,20120104,37.65,37.93,37.04,37.67,24700
WSTG,20120104,12.1,12.1,11.97,11.99,2700
WSTL,20120104,2.28,2.29,2.24,2.24,163800
WTBA,20120104,9.66,9.73,9.52,9.67,6600
WTFC,20120104,29.08,29.59,28.88,29.5,204500
WTFCW,20120104,12.56,12.56,12.56,12.56,300
WVFC,20120104,9,9,8.84,8.84,4600
WVVI,20120104,3,3.24,3,3.19,3000
WWD,20120104,41.99,42.48,41.41,42.25,255700
WWWW,20120104,11.67,11.75,11.51,11.51,160400
WYNN,20120104,113.47,114,111.92,112.01,1724100
XBKS,20120104,3.49,3.75,3.49,3.65,4300
XIDE,20120104,2.76,2.92,2.73,2.76,1255200
XLNX,20120104,32.24,32.35,31.81,32.1,2501200
XNPT,20120104,3.94,3.96,3.83,3.88,151600
XOMA,20120104,1.22,1.25,1.17,1.24,219400
XRAY,20120104,35.33,35.41,35.05,35.37,561300
XRTX,20120104,13.81,14.36,13.81,14.03,281000
XTEX,20120104,16.37,16.9,16.37,16.86,139800
XTXI,20120104,13.17,13.24,12.99,13.04,167000
XWES,20120104,3.07,3.23,3.02,3.16,6500
XXIA,20120104,10.74,10.86,10.19,10.22,199000
YAVY,20120104,1.72,1.73,1.66,1.68,900
YHOO,20120104,16.12,16.16,15.74,15.78,35655200
YNDX,20120104,19.82,19.88,18.84,19.15,526900
YORW,20120104,17.83,17.84,17.66,17.66,15800
YRCW,20120104,8.98,9.48,8.87,9.3,78500
Z,20120104,22.54,23.26,22.54,23.01,48000
ZAGG,20120104,7.46,7.97,7.28,7.68,1166300
ZBRA,20120104,35.68,35.72,35.26,35.45,252400
ZEUS,20120104,25.39,25.86,24.36,24.46,96700
ZGNX,20120104,2.53,2.55,2.42,2.5,1021100
ZHNE,20120104,0.86,0.9,0.85,0.87,23800
ZIGO,20120104,17.12,17.3,16.86,16.91,53500
ZINC,20120104,9.72,9.92,9.54,9.82,278600
ZION,20120104,16.68,17.23,16.55,17.14,3478700
ZIONW,20120104,3.05,3.35,3.05,3.35,11600
ZIOP,20120104,4.32,4.32,4.2,4.21,202300
ZIPR,20120104,1.17,1.23,1.15,1.15,11900
ZIXI,20120104,2.96,2.98,2.9,2.96,255400
ZLCS,20120104,1.22,1.22,1.17,1.19,421500
ZLTQ,20120104,11.44,12.45,11.44,12.01,209100
ZN,20120104,2.42,2.43,2.28,2.31,72200
ZNGA,20120104,9.49,9.49,9.12,9.19,4300200
ZOLT,20120104,7.6,8,7.57,7.68,178600
ZOOM,20120104,1.18,1.26,1.12,1.15,275000
ZUMZ,20120104,26.22,26.74,25.57,26.33,832800
