<ticker>,<date>,<open>,<high>,<low>,<close>,<vol>
AACC,20110623,3.55,3.85,3.55,3.64,58600
AAME,20110623,2,2.02,1.88,2.02,18000
AAON,20110623,21.59,21.84,21.18,21.78,57800
AAPL,20110623,318.94,331.69,318.12,331.23,19991300
AAWW,20110623,58.28,58.53,56.57,58.34,194200
AAXJ,20110623,59.25,59.77,58.87,59.77,844600
ABAX,20110623,28.13,28.49,27.6,28.39,43600
ABCB,20110623,8.71,8.89,8.65,8.76,43400
ABCD,20110623,3.19,3.25,3,3.24,48300
ABCO,20110623,26.325,26.71,26.05,26.65,45300
ABFS,20110623,22.13,22.75,21.82,22.7,402300
ABIO,20110623,9,9.24,8.7,9.06,136400
ABMD,20110623,16.33,16.33,15.86,16.19,191400
ABTL,20110623,4.9,5,4.75,4.9,62200
ACAD,20110623,1.57,1.62,1.56,1.61,89300
ACAS,20110623,8.92,9.25,8.76,9.25,5654700
ACAT,20110623,12.41,13.13,12.29,13.04,38500
ACCL,20110623,6.85,7,6.76,6.98,75200
ACET,20110623,6.28,6.57,6.11,6.21,186200
ACFC,20110623,6.91,6.95,6.75,6.75,1000
ACFN,20110623,3.75,3.84,3.7,3.84,29400
ACGL,20110623,32.3,32.34,31.86,32.31,633400
ACHN,20110623,7.1,7.55,6.91,7.03,2706600
ACIW,20110623,30.23,31.23,30,31.1,212700
ACLS,20110623,1.6,1.63,1.57,1.61,643300
ACNB,20110623,15.28,15.3,15.28,15.3,300
ACOR,20110623,32.14,32.71,31.63,32.62,274600
ACPW,20110623,12.3,12.6,11.55,12.3,526500
ACRX,20110623,4.46,4.55,4.34,4.49,5600
ACTG,20110623,32.32,34.38,32.12,34.08,261000
ACTS,20110623,1.95,1.99,1.94,1.99,53100
ACUR,20110623,3.89,3.91,3.7,3.73,455600
ACWI,20110623,46.05,46.54,45.8,46.5,205000
ACWX,20110623,42.8,43.21,42.47,43.19,83200
ACXM,20110623,12.07,12.26,11.84,12.19,331600
ADAT,20110623,2.28,2.36,2.18,2.3,130000
ADBE,20110623,29.67,30.48,29.63,30.44,8867900
ADEP,20110623,4.08,4.09,4.02,4.09,5400
ADES,20110623,15.2,15.41,15.15,15.24,14200
ADI,20110623,36.88,38.04,36.69,37.98,3872700
ADP,20110623,51.84,51.96,51.35,51.92,4240900
ADRA,20110623,26.15,26.45,26.15,26.45,1800
ADRD,20110623,21.13,21.36,21.03,21.36,7600
ADRE,20110623,44.05,44.52,43.79,44.47,139900
ADRU,20110623,20.99,21.07,20.85,21.07,1500
ADSK,20110623,36.05,37.23,35.87,37.17,3687700
ADTN,20110623,37.38,38.75,37.2,38.58,479600
ADUS,20110623,5.38,5.39,4.95,5.06,55400
ADVS,20110623,26.72,27.36,26.31,27.32,136600
AEGR,20110623,16.81,17.47,15.54,15.55,274100
AEHR,20110623,1.29,1.3,1.23,1.3,1100
AEIS,20110623,13.59,13.76,13.31,13.69,572000
AEPI,20110623,28.36,28.99,27.69,28.88,35700
AERL,20110623,6.46,6.48,6.27,6.39,44900
AETI,20110623,3.45,3.45,3.25,3.43,4600
AEY,20110623,2.53,2.58,2.52,2.57,9500
AEZS,20110623,12.96,13.62,12.84,13.5,1389900
AFAM,20110623,25.16,26,24.65,25.84,112500
AFCB,20110623,13.03,13.4,13,13.4,3800
AFCE,20110623,15.76,16.22,15.61,16.17,46400
AFFX,20110623,7.51,7.72,7.23,7.67,1629200
AFFY,20110623,6.47,6.61,6.37,6.61,368200
AFOP,20110623,7.82,8.1,7.77,8,31500
AFSI,20110623,21.95,22.25,21.75,22.11,146300
AGEN,20110623,0.81,0.82,0.78,0.8,290200
AGII,20110623,28.57,28.91,28.29,28.67,166700
AGNC,20110623,28.27,28.86,28.25,28.64,40607400
AGYS,20110623,7.92,8.16,7.78,8.13,143900
AHGP,20110623,46.53,47.32,45.84,47.17,34300
AHPI,20110623,4.09,4.09,4.09,4.09,0
AIMC,20110623,22.96,23.91,22.65,23.91,134300
AINV,20110623,9.82,9.91,9.59,9.91,1989900
AIRM,20110623,23.5,24.5933,23.0267,24.4567,164700
AIRT,20110623,8.95,9.17,8.75,9.17,7600
AIXG,20110623,32.97,33.99,32.92,33.99,343100
AKAM,20110623,29.42,29.86,28.98,29.84,5092500
AKRX,20110623,6.41,6.55,6.3,6.48,428100
ALCO,20110623,22.57,22.96,22.57,22.96,4300
ALGN,20110623,22.93,23,22.39,22.65,948200
ALGT,20110623,44.33,45.37,43.84,45.13,272900
ALIM,20110623,7.71,7.86,7.6,7.84,125300
ALKS,20110623,17.34,17.64,17.26,17.57,868500
ALLB,20110623,10.98,11.01,10.98,10.99,5500
ALLT,20110623,15.3,16.15,15.25,15.98,111900
ALNY,20110623,9.02,9.11,8.88,9.07,103700
ALOG,20110623,50.89,52.14,50.59,51.66,45100
ALOT,20110623,7.86,7.86,7.66,7.71,2800
ALSK,20110623,9.01,9.1,8.8,9.03,710800
ALTE,20110623,21.96,21.97,21.65,21.88,547600
ALTI,20110623,0.92,0.92,0.86,0.87,157400
ALTR,20110623,42.91,44.47,42.77,44.37,4720400
ALVR,20110623,13.5,13.9,13.4,13.8,127900
ALXA,20110623,15.8,16.6,15.5,16.2,805700
ALXN,20110623,44.5,45.36,43.78,45.29,1310600
AMAG,20110623,16.83,17.36,16.75,17.08,204000
AMAP,20110623,14.77,14.82,14.05,14.73,48200
AMAT,20110623,12.44,12.79,12.33,12.76,17001300
AMCC,20110623,8.17,8.39,8.1,8.37,1303800
AMCF,20110623,2.3,2.3,2.15,2.15,20000
AMCN,20110623,3.34,3.52,3.34,3.46,174800
AMED,20110623,25.67,25.84,24.9,25.73,433300
AMGN,20110623,57.76,57.99,56.96,57.93,4587900
AMIC,20110623,5.9,5.9,5.75,5.75,2800
AMKR,20110623,5.75,6.07,5.7,6.02,1501100
AMNB,20110623,17.45,18,17.11,17.92,17400
AMOT,20110623,4.97,5.11,4.97,5.01,7600
AMOV,20110623,25.22,25.49,25.08,25.49,1500
AMPE,20110623,8.23,8.25,7.54,7.76,74500
AMRB,20110623,6.71,6.76,6.39,6.44,11900
AMRI,20110623,4.74,4.78,4.61,4.74,86300
AMRN,20110623,14.12,14.62,13.9,14.52,2117000
AMRS,20110623,29.49,29.55,28.4,29.12,172200
AMSC,20110623,8,8.16,7.81,8.14,1087600
AMSF,20110623,22.15,22.15,21.8,22,105400
AMSG,20110623,25.7,26.19,25.32,25.94,125100
AMSWA,20110623,7.72,7.84,7.65,7.81,47500
AMWD,20110623,16.94,17.72,16.65,17.5,7300
AMZN,20110623,189.5,194.46,188.3,194.16,4615100
ANAC,20110623,6.06,6.55,5.99,6.33,57100
ANAD,20110623,2.95,3.17,2.91,3.15,1176700
ANAT,20110623,74.79,75.7,74.5,75.41,21100
ANCB,20110623,9.33,9.33,9.33,9.33,0
ANCI,20110623,4.32,4.44,4.14,4.38,2000
ANCX,20110623,7.49,7.49,7.34,7.49,1600
ANDE,20110623,39.52,40.26,39.32,40.24,107200
ANEN,20110623,17.99,19.07,17.99,19.07,73100
ANGO,20110623,13.29,13.69,13.24,13.68,84300
ANIK,20110623,6.95,7.04,6.91,6.98,33200
ANLY,20110623,3.12,3.31,3.12,3.17,1300
ANSS,20110623,53.08,54.07,52.41,54.03,230000
ANTH,20110623,8.09,8.23,7.95,8.04,112900
ANTP,20110623,3.06,3.12,3.05,3.05,2300
AOSL,20110623,13.02,13.31,12.91,13.29,89000
APAGF,20110623,75.93,78.65,73.38,78.44,22100
APEI,20110623,41.37,42.77,41.17,42.68,89800
APFC,20110623,7.92,7.92,7.57,7.57,6100
APOG,20110623,12.52,12.52,11.97,12.23,359100
APOL,20110623,42.17,42.54,41.67,42.46,1061600
APPY,20110623,4.02,4.2,3.78,4.2,85900
APRI,20110623,5.1,5.2,4.94,5.18,128300
APSA,20110623,23.17,23.22,20.52,20.97,2600
APWC,20110623,4.76,4.76,4.1,4.43,10600
ARAY,20110623,7.55,7.83,7.36,7.74,445100
ARCC,20110623,15.81,16.09,15.64,16.05,1787600
ARCI,20110623,4.46,4.6,4.45,4.56,3000
ARCW,20110623,2.92,2.92,2.78,2.78,1800
ARDNA,20110623,87.71,90.12,87.49,89.65,7700
AREX,20110623,21.63,22.31,21.15,22.19,559500
ARIA,20110623,10.06,10.48,9.8,10.42,4092400
ARII,20110623,20.08,20.31,19.51,20.2,50600
ARKR,20110623,15.82,15.82,14.44,15,40100
ARLP,20110623,71.71,74,70.99,73.5,90400
ARMH,20110623,26.98,28.23,26.84,28.13,3580600
ARNA,20110623,1.33,1.34,1.3,1.34,1014100
AROW,20110623,23.97,24.25,23.58,24.25,15300
ARQL,20110623,6.33,6.5,6.28,6.48,163500
ARRS,20110623,10.71,10.9,10.65,10.9,941100
ARRY,20110623,2.11,2.21,2.1,2.18,262200
ARTC,20110623,33.2,33.93,33.12,33.79,107000
ARTNA,20110623,18.7,18.92,18.7,18.83,2300
ARTW,20110623,8.11,8.29,8.09,8.09,3800
ARTX,20110623,2.1,2.1,1.96,2.07,44800
ARUN,20110623,26.08,27.64,25.7,27.36,3902500
ARWR,20110623,0.44,0.46,0.44,0.46,119600
ASBC,20110623,13.35,13.37,13.14,13.27,988700
ASBI,20110623,4.59,4.71,4.56,4.71,1100
ASCA,20110623,22.19,22.92,22.19,22.78,669000
ASCMA,20110623,44.6,45,44,44.96,19500
ASEI,20110623,75.02,76.43,74.46,76.18,43100
ASFI,20110623,7.36,7.99,7.27,7.85,92200
ASIA,20110623,14.06,14.6,13.49,14.53,1038700
ASMI,20110623,35.66,36.13,35.36,35.95,333600
ASML,20110623,34.52,35.57,34.25,35.56,1763700
ASNA,20110623,16.29,16.565,16.16,16.545,632000
ASPS,20110623,35.31,35.86,35.3,35.5,87100
ASRV,20110623,1.84,1.86,1.84,1.84,17100
ASRVP,20110623,25.25,25.25,25.25,25.25,0
ASTC,20110623,1.05,1.08,1.05,1.05,23400
ASTE,20110623,35.2,35.39,34.26,35.28,114800
ASTI,20110623,1.33,1.39,1.33,1.37,118800
ASTM,20110623,2.56,2.7,2.51,2.65,351000
ASUR,20110623,1.9533,2.0933,1.9533,1.9667,3600
ASYS,20110623,18.26,19.32,18.15,19.25,196500
ATAI,20110623,10.25,10.26,10.06,10.06,7800
ATAX,20110623,5.61,5.67,5.59,5.65,26900
ATEA,20110623,4.62,5,4.4,4.79,1900
ATEC,20110623,3.59,3.62,3.47,3.54,228000
ATHN,20110623,40.9,41.47,40.68,41.24,263300
ATHX,20110623,2.68,2.68,2.61,2.63,17400
ATLO,20110623,17.16,17.9,17.04,17.43,17500
ATMI,20110623,18.85,19.55,18.64,19.49,123700
ATML,20110623,12.81,13.45,12.68,13.41,8008500
ATNI,20110623,36.53,37.78,36.15,37.19,28200
ATRC,20110623,12.03,12.31,11.77,12.14,239500
ATRI,20110623,186,187.42,183.83,187.42,9500
ATRM,20110623,1.79,1.84,1.75,1.83,12700
ATRO,20110623,25.15,27.45,25.15,27.28,27000
ATSG,20110623,6.37,6.52,6.31,6.5,264100
ATVI,20110623,11.24,11.41,11.16,11.38,9608000
ATX,20110623,11.34,11.48,10.79,11.21,41400
AUBN,20110623,19.63,19.63,19.55,19.56,500
AUDC,20110623,4.45,4.55,4.4,4.51,55300
AUXL,20110623,19.47,19.63,19.07,19.22,596200
AVAV,20110623,34.12,34.25,32.21,33.48,1049700
AVEO,20110623,18.25,19.18,18.08,19.01,442300
AVGO,20110623,35.48,36.07,34.83,35.82,3811200
AVID,20110623,17.33,18.14,17.18,18.14,88300
AVNR,20110623,3.32,3.41,3.25,3.41,1446900
AVNW,20110623,3.78,3.89,3.74,3.87,196100
AWRE,20110623,3.08,3.35,3.08,3.15,9900
AXAS,20110623,3.2,3.28,3.1,3.27,1782600
AXFN,20110623,24.25,24.25,24.25,24.25,0
AXTI,20110623,7.75,8.12,7.5,8.12,444200
AZPN,20110623,15.58,15.73,15.41,15.71,1004500
BABY,20110623,15.31,15.5,15.08,15.35,98500
BAGL,20110623,14.56,14.88,14.41,14.77,10800
BAMM,20110623,3.51,3.51,3.34,3.41,43400
BANC,20110623,15.5,15.6,15.06,15.07,606200
BANF,20110623,37.82,37.82,36.98,37.55,66100
BANFP,20110623,27.94,27.94,27.94,27.94,0
BANR,20110623,19.6,19.6,19.6,19.6,0
BASI,20110623,1.9,1.98,1.9,1.98,2900
BBBY,20110623,55.23,57,54.77,56.93,8793300
BBEP,20110623,19.2,19.48,19.02,19.35,365800
BBGI,20110623,3.68,4.02,3.63,3.73,19100
BBNK,20110623,10.54,11,10.25,10.66,13900
BBOX,20110623,29.79,30.62,29.67,30.55,33400
BBRG,20110623,22.05,23.72,21.56,22.75,146300
BBRY,20110623,28.05,29.93,28.05,29.77,44469800
BBSI,20110623,13.97,14.33,13.94,14,19300
BCBP,20110623,10.82,10.82,10.68,10.68,800
BCOM,20110623,24.08,25.89,24.08,25.89,600
BCPC,20110623,40.46,41.33,39.61,41.28,71900
BCRX,20110623,3.78,3.88,3.69,3.87,242000
BCSB,20110623,14,14,13.9,13.9,400
BDE,20110623,7.67,7.7,7.24,7.34,71200
BDGE,20110623,22.04,22.59,22.03,22.53,8900
BDMS,20110623,20.25,20.25,20.25,20.25,0
BDSI,20110623,3.45,3.5,3.4,3.46,39800
BEAT,20110623,5.1,5.19,5,5.18,76400
BEAV,20110623,38.28,39.06,37.8,38.97,619600
BEBE,20110623,5.98,6.11,5.94,6.11,343600
BECN,20110623,22.27,22.41,21.8,22.37,319400
BELFA,20110623,21.67,21.7,21.4,21.57,1700
BELFB,20110623,19.98,20.49,19.49,20.27,16900
BERK,20110623,6.67,6.75,6.35,6.64,5200
BFIN,20110623,8.45,8.49,8.24,8.35,14700
BFLY,20110623,2.85,2.85,2.7,2.84,1400
BGCP,20110623,7.87,7.93,7.74,7.86,753200
BGFV,20110623,7.83,8.1,7.79,8.03,47100
BGMD,20110623,6.71,7.25,6.31,7.04,10200
BIB,20110623,35.545,36.51,34.94,36.51,4200
BICK,20110623,30.06,30.2,29.91,30.18,2900
BIDU,20110623,121.84,129.35,121.51,129.22,10402700
BIIB,20110623,98.47,100.78,97.8,100.67,3107400
BIOD,20110623,6.8,6.8,6.56,6.68,270200
BIOF,20110623,9.4,9.6,9.2,9.6,54000
BIOS,20110623,6.58,6.78,6.46,6.75,170400
BIRT,20110623,5.41,5.51,5.2,5.51,194500
BIS,20110623,40.35,41.06,40.35,41.06,1200
BJRI,20110623,47.48,48.74,47.35,48.53,294000
BKCC,20110623,8.83,9.07,8.57,9.06,1030300
BKEP,20110623,7.25,7.33,6.96,7.32,19100
BKMU,20110623,3.59,3.62,3.52,3.6,117900
BKOR,20110623,3.97,3.97,3.97,3.97,0
BKSC,20110623,10.26,10.6,10.25,10.6,700
BKYF,20110623,25.48,25.76,22.26,23.8,47500
BLDP,20110623,1.54,1.58,1.53,1.56,217200
BLDR,20110623,2.05,2.14,2.04,2.14,50000
BLIN,20110623,0.9,0.9,0.87,0.87,600
BLKB,20110623,26.24,26.88,26.06,26.85,116700
BMC,20110623,52.12,53.11,51.67,53.06,1072800
BMRC,20110623,34.92,35.64,34.6,35.06,15900
BMRN,20110623,25.38,25.86,25.13,25.78,625500
BMTC,20110623,20.05,20.05,19.56,19.82,19700
BNCL,20110623,8.08,8.26,8.03,8.22,54400
BNCN,20110623,7.12,7.12,6.95,7,1900
BNSO,20110623,2.06,2.08,2,2.08,1400
BOBE,20110623,33.17,34.04,33.17,33.95,194700
BOCH,20110623,4.21,4.21,4.17,4.19,3500
BODY,20110623,21.51,22.06,21.51,22,101700
BOFI,20110623,14.44,15.18,14.28,14.71,24100
BOKF,20110623,52.98,52.98,51.87,52.18,99700
BOLT,20110623,11.56,11.73,11.56,11.73,19700
BONA,20110623,3.93,3.99,3.86,3.92,15900
BONT,20110623,8.93,9.47,8.88,9.43,102600
BOOM,20110623,21.15,21.73,20.77,21.67,41600
BOSC,20110623,7.8,7.96,7.56,7.6,14800
BPAX,20110623,15.24,15.78,15.18,15.72,950200
BPFH,20110623,6.43,6.55,6.13,6.24,487500
BPFHW,20110623,1.96,1.96,1.9,1.9,12600
BPHX,20110623,1,1.03,1,1.03,18100
BPOP,20110623,26.9,27.5,26.6,27.5,4891800
BPOPM,20110623,20,20,20,20,100
BPOPN,20110623,21.92,21.97,21.92,21.92,600
BRCD,20110623,6.56,6.69,6.48,6.67,6227600
BRCM,20110623,31.77,32.89,31.49,32.79,8969700
BRID,20110623,6.94,8.4,6.94,7.54,13800
BRKL,20110623,9.08,9.15,8.82,9.02,535600
BRKR,20110623,18.49,18.69,17.95,18.63,814300
BRKS,20110623,10.12,10.61,10.03,10.58,308400
BRLI,20110623,20.61,21.08,20.26,20.88,139100
BSDM,20110623,3.74,3.9,3.66,3.84,79100
BSET,20110623,7.98,7.98,7.8,7.8,22800
BSFT,20110623,34.88,36.15,34.49,36.04,443500
BSPM,20110623,3.48,3.54,3.18,3.3,144200
BSQR,20110623,6,6.17,5.89,6.11,32900
BSRR,20110623,11.01,11.01,10.89,11.01,10600
BSTC,20110623,22.83,23.36,22.51,23.14,9300
BTUI,20110623,7.05,7.56,6.85,6.99,5100
BUSE,20110623,5.11,5.21,5.01,5.15,457600
BVSN,20110623,12.75,12.75,12.75,12.75,0
BWEN,20110623,14.2,17.2,14.2,15,2108400
BWINA,20110623,23.25,23.25,23.25,23.25,200
BWINB,20110623,22.87,23.03,22.87,23.01,6700
BWLD,20110623,59.94,62.23,59.66,62.03,350000
BYFC,20110623,2.2,2.2,2.2,2.2,0
CA,20110623,21.9,22.27,21.65,22.27,5971700
CAAS,20110623,7.37,7.56,7.22,7.51,84300
CAC,20110623,31.61,31.61,30.72,31.6,21400
CACB,20110623,8.27,8.96,8.27,8.58,24800
CACC,20110623,79.12,80.3,78.72,80.07,19600
CACH,20110623,4.65,4.74,4.52,4.7,57300
CADC,20110623,1.76,1.83,1.72,1.83,47300
CADX,20110623,9.3,9.35,9.08,9.15,424400
CAFI,20110623,1.7,1.7,1.7,1.7,10500
CAKE,20110623,29.88,30.97,29.7,30.92,1312100
CALD,20110623,5.63,5.72,5.43,5.43,609800
CALI,20110623,7.26,7.74,7.2,7.5,3800
CALL,20110623,11.45,12.24,11.05,11.835,36000
CALM,20110623,30.2,30.2,29.39,30.05,84100
CAMP,20110623,3.03,3.13,3.02,3.12,29100
CAMT,20110623,3.35,3.37,3.27,3.35,20900
CAR,20110623,15.77,16,15.55,15.9,2022000
CART,20110623,2.89,2.95,2.89,2.95,1500
CARV,20110623,0.55,0.55,0.51,0.51,3300
CARZ,20110623,29.29,29.29,29.29,29.29,0
CASH,20110623,13.81,14.85,13.71,14.57,10400
CASM,20110623,2.75,2.81,2.55,2.8,9100
CASS,20110623,35.76,36.68,35.76,36.68,24500
CASY,20110623,44.33,44.7,43.58,44.39,272200
CATM,20110623,22.37,22.6,21.24,22.47,329600
CATY,20110623,15.38,15.65,15.15,15.53,389700
CAVM,20110623,39.36,41.3,38.36,41.04,1867300
CBAK,20110623,5.3,5.7,5.3,5.55,290000
CBAN,20110623,3.29,3.29,2.95,3.09,5800
CBEY,20110623,12.38,12.57,12.28,12.53,162500
CBIN,20110623,10,10,10,10,0
CBLI,20110623,3.46,3.6,3.36,3.49,339300
CBMX,20110623,36.4,37.7,35.5,37,1700
CBMXW,20110623,3.3,3.3,3.3,3.3,0
CBNJ,20110623,10.15,10.2,9.97,10.08,32800
CBNK,20110623,14.35,14.35,14.35,14.35,800
CBOE,20110623,24.18,24.33,24,24.11,639400
CBPO,20110623,10.2,10.2,10,10.2,9700
CBRL,20110623,47,48.81,46.96,48.48,319000
CBRX,20110623,3.32,3.41,3.2,3.29,596600
CBSH,20110623,41.39,41.8,41.06,41.39,478800
CBST,20110623,35.56,36.39,35.14,36.27,559600
CCBG,20110623,10.07,10.57,10.05,10.47,31600
CCCL,20110623,3.95,4.16,3.95,4.16,15400
CCIH,20110623,7.15,7.42,6.85,7.08,215100
CCIX,20110623,12.21,12.71,12.07,12.67,127000
CCMP,20110623,43.16,44.89,43.11,44.61,119800
CCNE,20110623,12.86,13.09,12.86,13.09,4600
CCOI,20110623,15.48,15.76,15.28,15.74,269000
CCRN,20110623,7.1,7.46,6.97,7.27,105000
CCUR,20110623,5.84,5.94,5.83,5.84,700
CDNS,20110623,10.22,10.39,10.03,10.35,2148300
CDTI,20110623,5.59,5.67,5.37,5.59,145600
CDXS,20110623,10.07,10.07,9.25,9.44,135500
CDZI,20110623,10.11,10.42,10.1,10.27,23200
CECE,20110623,6.7,6.88,6.66,6.72,15200
CECO,20110623,19.89,20.33,19.56,20.29,1358000
CEDU,20110623,6.4,6.4,6.36,6.38,4300
CELG,20110623,59.17,59.93,58.74,59.89,3399000
CELGZ,20110623,2,2.01,1.97,2,2900
CENT,20110623,10.07,10.17,9.95,10.08,72200
CENTA,20110623,9.81,10.02,9.74,9.87,197400
CENX,20110623,14.33,14.4,13.8,14.4,2729200
CERN,20110623,58.23,58.615,57.4,58.425,493500
CERS,20110623,2.79,2.9,2.78,2.86,283400
CETV,20110623,19.75,19.86,19.22,19.76,348200
CEVA,20110623,29.25,30.06,28.54,29.95,225900
CFBK,20110623,3.85,4.45,3.8,4.15,4500
CFFI,20110623,20.31,20.31,20.31,20.31,200
CFFN,20110623,11.88,11.97,11.76,11.77,1402500
CFNB,20110623,14.83,15.1,14.83,15.1,1400
CFNL,20110623,10.73,10.99,10.57,10.87,94000
CGEN,20110623,3.82,4.2,3.82,4.16,68200
CGNX,20110623,32.93,33.58,32.31,33.53,270500
CHCI,20110623,0.92,0.95,0.9,0.94,40700
CHCO,20110623,31.78,31.89,31.07,31.66,41000
CHDN,20110623,43.38,43.47,42.47,43.28,32000
CHDX,20110623,12.13,12.75,11.81,12.74,99800
CHEV,20110623,9.2,9.2,9.2,9.2,100
CHFC,20110623,18.23,18.48,18.08,18.39,46000
CHFN,20110623,9.89,10,9.68,9.7,20500
CHKE,20110623,16.75,16.92,16.65,16.88,31700
CHKP,20110623,52.93,54.57,52.85,54.52,1496500
CHLN,20110623,1.37,1.39,1.33,1.33,58800
CHNR,20110623,11.25,11.25,10.87,10.87,2300
CHOP,20110623,3.21,3.75,3.2,3.65,428000
CHRM,20110623,11.84,11.85,11.69,11.69,2100
CHRW,20110623,76.73,77.58,76.17,77.41,968900
CHSCP,20110623,28.4,28.5,28.11,28.32,21000
CHTP,20110623,5.1,5.28,5,5.18,477400
CHTR,20110623,56.98,57.05,54.98,55.52,573800
CHYR,20110623,2.01,2.11,1.98,2.1,2900
CIDM,20110623,1.84,1.94,1.83,1.85,77700
CIEN,20110623,17.72,18.62,17.57,18.56,6515400
CIMT,20110623,3.24,3.27,3.21,3.27,3800
CINF,20110623,28.1,28.26,27.8,28.18,1331400
CISG,20110623,13.65,14.46,13.65,14.4,447700
CITZ,20110623,5.55,5.73,5.3,5.35,18800
CIZN,20110623,18,18.11,18,18.03,2000
CJJD,20110623,1.73,1.85,1.73,1.77,41600
CKEC,20110623,6.73,6.91,6.66,6.82,133700
CKSW,20110623,9.5,9.78,9.35,9.74,100400
CLBH,20110623,2.91,2.93,2.72,2.72,6600
CLCT,20110623,14.49,14.61,14.37,14.54,14900
CLDX,20110623,3.23,3.31,3.14,3.22,301600
CLFD,20110623,6.46,6.67,6.46,6.59,18000
CLMS,20110623,13.53,13.83,13.35,13.8,163900
CLMT,20110623,21.82,21.99,21.59,21.99,89800
CLNE,20110623,12.48,12.83,12.13,12.69,1046200
CLNT,20110623,1.25,1.58,1.25,1.35,43900
CLRO,20110623,6.48,6.53,6.38,6.43,4100
CLSN,20110623,3.01,3.08,2.99,3.06,52500
CLUB,20110623,6.91,7.04,6.83,7.03,195000
CLWR,20110623,4.05,4.11,3.96,4.02,2607700
CLWT,20110623,4.73,4.895,4.62,4.895,2400
CMCO,20110623,17.11,17.33,16.85,17.26,51100
CMCSA,20110623,23.74,23.76,23.36,23.71,19313500
CMCSK,20110623,22.58,22.64,22.27,22.63,8781500
CME,20110623,278.76,280.9,274.55,279.37,479800
CMLS,20110623,3.27,3.43,3.25,3.4,44000
CMSB,20110623,8.65,8.65,8.65,8.65,0
CMTL,20110623,26.05,26.98,25.98,26.85,421400
CNBC,20110623,10.29,10.36,10.05,10.23,42700
CNBKA,20110623,23.54,23.98,23.54,23.98,3100
CNET,20110623,1.66,1.66,1.58,1.58,8000
CNIT,20110623,1.95,1.97,1.92,1.94,112500
CNMD,20110623,26.95,27.02,26.45,26.97,71800
CNQR,20110623,48.34,49.19,47.61,49.11,402600
CNSL,20110623,19.24,19.35,19.02,19.32,120300
CNTF,20110623,3.55,3.63,3.17,3.63,968400
CNTY,20110623,2.72,2.81,2.7,2.72,16400
CNYD,20110623,2.82,3.1,2.82,3.1,7200
COBK,20110623,12.35,12.35,12.3,12.35,700
COBR,20110623,3.37,3.4,3.35,3.36,12100
COBZ,20110623,6.23,6.35,6.08,6.29,74600
COCO,20110623,4.13,4.16,4,4.01,2683700
COGO,20110623,5.12,5.34,5.07,5.21,104200
COHR,20110623,50.62,51.66,50.26,51.44,78000
COHU,20110623,12.04,12.65,12.04,12.55,46100
COKE,20110623,68.9,69.23,67.09,68.29,16200
COLB,20110623,17.19,17.24,16.65,16.8,455400
COLM,20110623,61.11,62.39,61.05,62.23,134400
CONN,20110623,7.73,8.23,7.65,8.19,238900
COOL,20110623,3.01,3.02,2.76,2.85,2400200
CORE,20110623,34.12,34.87,33.94,34.59,56700
CORT,20110623,4.38,4.5,4.31,4.48,228700
COSI,20110623,0.91,0.95,0.9,0.94,81600
COST,20110623,79.75,80.59,79.32,80.4,2315800
COWN,20110623,3.63,3.7,3.55,3.66,485100
CPBC,20110623,4.65,4.76,4.55,4.76,5100
CPGI,20110623,1.13,1.23,1.12,1.16,96000
CPHC,20110623,11.53,12.4,11.53,12.23,800
CPHD,20110623,32.99,33.08,31.38,32.89,661600
CPIX,20110623,5.08,5.34,5.04,5.29,93100
CPLA,20110623,42.73,43.04,41.71,42.98,187800
CPLP,20110623,8.86,8.86,8.58,8.82,104500
CPNO,20110623,33.33,33.65,32.87,33.64,359700
CPRT,20110623,22.585,22.765,22.38,22.75,328900
CPRX,20110623,1.84,1.9,1.7,1.85,146500
CPSI,20110623,59.1,60.36,58.7,59.51,90300
CPSL,20110623,11.76,11.88,11.52,11.76,131400
CPSS,20110623,1.07,1.09,1.06,1.07,9800
CPST,20110623,1.39,1.42,1.33,1.41,2888700
CPTS,20110623,11.06,11.13,10.31,10.87,1947100
CPWR,20110623,9.4,9.62,9.34,9.61,1565500
CRAI,20110623,26.45,26.52,25.91,26.38,25000
CRAY,20110623,6.16,6.34,6.12,6.34,109500
CRDC,20110623,2.61,2.73,2.53,2.68,44400
CREE,20110623,33.14,34.63,33,34.52,3939600
CREG,20110623,2.22,2.22,2.02,2.02,9700
CRESW,20110623,0.19,0.19,0.19,0.19,0
CRESY,20110623,16.04,16.29,15.81,16.17,63300
CRFN,20110623,4.02,4.03,4,4,1300
CRIS,20110623,3.22,3.33,3.05,3.32,382700
CRME,20110623,19.65,20.1,19.3,20.05,116000
CRMT,20110623,29.84,31.18,29.84,31,50400
CRNT,20110623,11.15,11.36,11,11.3,132000
CROX,20110623,24.33,25.25,24.02,25.21,3190500
CRRB,20110623,4.01,4.01,4.01,4.01,300
CRRC,20110623,10.68,10.77,10.68,10.75,19300
CRTX,20110623,7.41,7.58,7.36,7.48,41300
CRUS,20110623,13.81,14.64,13.62,14.6,2289800
CRVL,20110623,45.53,46.28,44.92,46.1,22200
CRWN,20110623,1.68,1.86,1.67,1.81,121600
CRWS,20110623,4.85,5,4.8,4.99,5200
CRZO,20110623,36.95,37.14,35.43,36.87,993700
CSBK,20110623,10.59,10.69,10.41,10.58,11500
CSCD,20110623,5.73,5.73,5.29,5.47,5700
CSCO,20110623,15.18,15.49,15.08,15.47,63981400
CSFL,20110623,6.24,6.4,6.24,6.34,58100
CSGP,20110623,56.88,57.52,55.8,57.16,125400
CSGS,20110623,17.84,18.26,17.78,18.18,205000
CSII,20110623,13.7,14,13.5,13.77,206400
CSIQ,20110623,10.5,11.2,10.3,10.94,1327400
CSOD,20110623,18.91,19.32,18.14,18.56,133400
CSPI,20110623,4.4,4.44,4.37,4.44,1500
CSTR,20110623,48.9,51.12,48.8,50.41,659600
CSUN,20110623,2,2.16,1.94,2.11,385300
CSWC,20110623,93.52,95.15,93.39,94,12500
CTAS,20110623,31.98,32.15,31.61,32.12,1687200
CTBI,20110623,26.99,26.99,26.57,26.94,36000
CTCH,20110623,3.25,3.27,3.25,3.25,14300
CTCM,20110623,20.33,20.33,19.55,20.08,293300
CTCT,20110623,24.43,24.46,23.8,24.42,450300
CTGX,20110623,11.71,12.44,11.52,12.41,27000
CTHR,20110623,2.65,2.75,2.62,2.75,7400
CTIB,20110623,4.61,4.88,4.57,4.88,9100
CTIC,20110623,9.45,9.65,9.25,9.5,1603900
CTRN,20110623,15.7,15.97,15.41,15.84,124700
CTRP,20110623,40.56,40.81,40.05,40.79,1664100
CTSH,20110623,70.75,72.24,70.13,72.1,2694800
CTWS,20110623,25.04,25.32,25.01,25.26,11300
CTXS,20110623,75.47,77.36,74.59,77.15,1890200
CU,20110623,38.23,38.84,37.74,38.76,114000
CUBA,20110623,6.95,7.1,6.92,7.1,23500
CUTR,20110623,7.91,8.38,7.84,8.29,76600
CVBF,20110623,8.95,8.99,8.63,8.81,754600
CVCO,20110623,39.26,42.39,38.89,41.86,17500
CVCY,20110623,6.75,6.85,6.41,6.85,7900
CVGI,20110623,13.58,13.85,13.15,13.83,144400
CVGW,20110623,20.53,20.93,20.21,20.79,45400
CVLT,20110623,41.03,41.56,40.81,41.33,503600
CVLY,20110623,10.37,10.37,10.24,10.24,1300
CVTI,20110623,8.38,8.38,8.04,8.15,38900
CVV,20110623,13.4,13.5,13.08,13.46,32300
CWBC,20110623,3.54,3.54,3.5,3.5,200
CWCO,20110623,9,9.16,8.95,9.16,37600
CWEI,20110623,57.02,57.81,55.35,57.63,160000
CWST,20110623,5.32,5.34,5.05,5.27,186400
CWTR,20110623,5.08,5.2,5.04,5.2,406500
CXDC,20110623,3.98,4.13,3.71,4.05,69900
CXPO,20110623,3.55,3.55,3.32,3.33,216600
CY,20110623,19.75,20.26,19.52,20.12,2540300
CYAN,20110623,3.09,3.16,3.06,3.07,12700
CYBE,20110623,9.55,9.62,9.5,9.62,8100
CYBX,20110623,24.82,25.32,24.5,25.08,254900
CYCC,20110623,8.89,9.1,8.82,9.1,272500
CYCCP,20110623,4.25,4.25,4.25,4.25,0
CYMI,20110623,46.09,48.32,45.82,47.95,215300
CYNO,20110623,11.01,11.07,10.9,11.02,45600
CYOU,20110623,38.76,40.39,38.58,40,314100
CYTK,20110623,1.15,1.18,1.14,1.15,314700
CYTR,20110623,5.32,5.46,4.97,5.11,1814000
CYTX,20110623,4.8,4.85,4.66,4.74,359200
CYTXW,20110623,3.22,3.22,3.05,3.05,500
CZFC,20110623,7.26,7.3,7.25,7.25,1900
CZNC,20110623,14.4,14.4,14,14.34,16800
CZWI,20110623,5.67,5.85,5.49,5.49,900
DAIO,20110623,5.76,5.77,5.58,5.76,4000
DAKT,20110623,9.96,10.47,9.87,10.43,118000
DARA,20110623,2.51,2.51,2.31,2.41,15700
DATE,20110623,10.67,10.67,9.96,10.29,139800
DAVE,20110623,9.05,9.22,9,9.22,55200
DBLE,20110623,8.1,8.32,7.95,8.22,119300
DBLEP,20110623,25.41,25.41,25.41,25.41,0
DCIX,20110623,6.96,7.14,6.95,7.1,232900
DCOM,20110623,13.92,14.25,13.72,14.24,124700
DCTH,20110623,5.25,5.28,5.08,5.18,357800
DECK,20110623,82.97,85.23,81.53,85.04,1162300
DELL,20110623,16.04,16.3,15.95,16.27,24199100
DENN,20110623,3.87,3.92,3.84,3.91,762900
DEPO,20110623,7.79,7.97,7.71,7.9,826500
DEST,20110623,17.79,18,17.45,17.99,83400
DFZ,20110623,10.99,11.19,10.86,11.17,10500
DGAS,20110623,15.96,16.215,15.94,16.215,1000
DGICA,20110623,12.54,12.89,12.29,12.84,46900
DGICB,20110623,15.39,15.39,15.39,15.39,0
DGII,20110623,12.84,13.43,12.76,13.4,103500
DGIT,20110623,29.37,30.46,28.78,30.45,239600
DGLY,20110623,1.05,1.14,1.03,1.1,8500
DHIL,20110623,80,80,77.5,78.61,25100
DHRM,20110623,2.5,2.5,2.5,2.5,1300
DIOD,20110623,24.03,25.14,24,25.11,309500
DISCA,20110623,39.71,40.71,39.71,40.64,2171300
DISCB,20110623,40.35,40.56,40.25,40.54,2400
DISCK,20110623,36.58,36.82,35.74,36.48,1175800
DISH,20110623,28.3,28.49,27.68,28.39,2301400
DJCO,20110623,72.5,72.5,72.5,72.5,0
DLGC,20110623,21.75,22.2,20.25,20.65,51700
DLIA,20110623,1.69,1.72,1.69,1.7,22600
DLLR,20110623,21.24,21.45,20.67,21.4,490700
DLTR,20110623,32.4,33,32.4,32.97,930900
DMLP,20110623,26.05,26.38,26.02,26.38,24600
DMND,20110623,72.85,73.35,72,72.95,237200
DMRC,20110623,29.68,30.92,29.28,30.73,44400
DNBF,20110623,9.61,9.61,9.34,9.58,1700
DNDN,20110623,38.55,39.2,38.15,39.14,1969600
DORM,20110623,17.85,18.94,17.76,18.8,32400
DOVR,20110623,4.54,4.56,4.5,4.56,4900
DRAD,20110623,2.55,2.58,2.42,2.55,7300
DRAM,20110623,9.42,9.42,9.06,9.36,9100
DRCO,20110623,12.57,12.83,12.34,12.54,44400
DRIV,20110623,30.75,31.45,30.74,31.4,351200
DRRX,20110623,2.76,3.1,2.71,3.09,687300
DRWI,20110623,5.53,5.86,5.4,5.79,348900
DRYS,20110623,4.02,4.05,3.88,4.02,9373500
DSCI,20110623,8.32,8.52,8.26,8.36,11900
DSCO,20110623,2.15,2.15,2.03,2.1,163300
DSGX,20110623,6.46,6.6,6.38,6.54,29900
DSPG,20110623,9.24,9.24,8.26,8.53,132000
DSWL,20110623,2.56,2.62,2.55,2.57,15800
DTLK,20110623,6.5,6.62,6.4,6.61,82000
DTSI,20110623,40.6,41.05,40.12,41,105300
DTV,20110623,47.08,48,46.88,47.98,4868100
DVAX,20110623,2.53,2.72,2.51,2.65,2890500
DVOX,20110623,7.14,7.23,6.91,7.13,21700
DWA,20110623,21.14,21.32,20.9,21.32,1404600
DWCH,20110623,5.71,5.71,5.51,5.56,800
DWSN,20110623,31.26,32.49,31.05,32.23,63200
DXCM,20110623,14.47,14.7,14.28,14.68,289500
DXPE,20110623,23.47,24.27,23.42,24.16,59800
DXYN,20110623,4.3,4.37,4.21,4.36,13700
DYAX,20110623,2,2.06,1.9,2.06,477400
DYNT,20110623,7.1,7.25,6.85,7.05,5800
DYSL,20110623,3.35,3.4,3.35,3.35,2700
EBAY,20110623,29.03,29.35,28.77,29.25,16903200
EBIX,20110623,20.43,20.71,20.05,20.67,342100
EBMT,20110623,10.6,10.6,10.6,10.6,600
EBSB,20110623,12.34,12.51,12.02,12.44,39200
EBTC,20110623,16.97,17.96,15.21,15.56,22400
ECHO,20110623,16.7,17.06,16.5,16.69,134500
ECOL,20110623,16.71,17.12,16.64,17.09,41200
ECPG,20110623,29.94,30.36,29.76,30.24,80000
ECTY,20110623,2.53,2.55,2.4,2.48,448800
ECYT,20110623,11.65,11.95,11.65,11.93,89200
EDAC,20110623,4.43,4.43,4.17,4.42,40800
EDAP,20110623,3.3,3.35,3.12,3.33,59700
EDGW,20110623,2.65,2.71,2.5,2.71,8600
EDMC,20110623,24.04,24.97,23.53,24.05,192700
EDS,20110623,4.96,5.2,4.94,5,37700
EDUC,20110623,5.28,5.36,5.28,5.33,800
EEFT,20110623,15.43,15.49,14.93,15.2,160800
EEI,20110623,17.04,17.3,16.9,16.93,7100
EFII,20110623,15.95,16.67,15.9,16.64,216200
EFSC,20110623,12.65,13.16,12.56,13.02,40700
EFUT,20110623,3.48,3.54,3.16,3.32,20900
EGBN,20110623,12.5,12.74,12.36,12.71,17100
EGHT,20110623,3.99,4.28,3.99,4.16,2549400
EGLE,20110623,9.04,9.36,8.84,9.28,680700
EGOV,20110623,12.48,12.91,12.41,12.91,163300
EHTH,20110623,13.01,13.23,12.97,13.14,103600
EIHI,20110623,13.25,13.25,13.15,13.22,1300
ELGX,20110623,8.04,8.53,7.8,8.52,803900
ELNK,20110623,7.64,7.75,7.61,7.75,2389500
ELON,20110623,8.44,8.83,8.37,8.82,179800
ELOS,20110623,11.39,11.78,11.02,11.59,429800
ELRC,20110623,16.12,16.87,15.8,16.76,43700
ELSE,20110623,4.44,4.51,4.44,4.51,300
ELTK,20110623,1.33,1.33,1.3,1.33,1800
EMCF,20110623,16,16,16,16,1000
EMCI,20110623,18.59,18.88,18.59,18.74,7900
EMFN,20110623,27.4,27.4,27.4,27.4,0
EMIF,20110623,33.7,34.05,33.63,34.05,6700
EMITF,20110623,6.63,6.63,6.36,6.5,3300
EMKR,20110623,8.8,9.04,8.64,8.8,926100
EMMS,20110623,1.1,1.1,1.02,1.03,90500
EMMSP,20110623,20.5,20.5,17.61,19.5,8600
EMMT,20110623,25.26,25.72,25.18,25.72,7800
ENDP,20110623,38.96,39.18,38.06,39.13,1429000
ENG,20110623,3.2,3.24,3.17,3.19,30900
ENMD,20110623,2.99,2.99,2.65,2.8,42600
ENOC,20110623,15.62,15.76,15.3,15.72,128200
ENSG,20110623,31.91,32.65,31.81,32.33,101500
ENTG,20110623,9.48,9.78,9.32,9.75,1745400
ENTR,20110623,7.98,8.35,7.86,8.31,1391100
ENZN,20110623,10.02,10.25,9.96,10.16,334300
EONC,20110623,1.82,1.83,1.74,1.74,17800
EPAX,20110623,8.95,9.05,8.79,8.95,98700
EPAY,20110623,22.82,23.63,22.61,23.57,163100
EPIQ,20110623,13.81,14.11,13.69,14.09,58500
EQIX,20110623,98.71,100,97.96,99.74,540100
ERIC,20110623,13.18,13.55,13.12,13.53,7901400
ERIE,20110623,67.23,67.45,66.69,67.14,50000
ERII,20110623,2.82,2.93,2.77,2.86,152200
EROC,20110623,10.86,11.12,10.68,11.11,203800
ESBF,20110623,13,13.4,12.02,12.61,35100
ESBK,20110623,16.75,16.75,16.45,16.61,1600
ESCA,20110623,5.92,6.07,5.76,6,15200
ESEA,20110623,4.32,4.36,4.3,4.33,7400
ESGR,20110623,99.27,102.18,99.27,102.12,14900
ESIO,20110623,16.82,17.91,16.78,17.74,181400
ESLT,20110623,47.15,47.15,46.7,46.88,9200
ESMC,20110623,1.17,1.18,1.17,1.18,7300
ESRX,20110623,53.75,54.19,52.94,54.06,10400900
ESSA,20110623,11.97,12.42,11.85,12.33,36000
ESSX,20110623,6.68,6.78,6.5,6.53,50400
ESYS,20110623,5.47,5.48,5.25,5.42,8000
ETFC,20110623,13.52,13.63,13.23,13.55,4627600
ETRM,20110623,2.55,2.6,2.52,2.6,12500
EUFN,20110623,21.17,21.45,21.12,21.37,6700
EVBS,20110623,3.73,3.73,3.4,3.4,1300
EVEP,20110623,49.47,50.71,49.01,50.31,150400
EVOL,20110623,6.85,6.99,6.75,6.99,10500
EWBC,20110623,19.09,19.41,18.81,19.31,1159700
EXAC,20110623,17.75,18.02,17.7,18.02,7900
EXAR,20110623,5.99,6.14,5.96,6.08,89100
EXAS,20110623,8.07,8.11,7.75,8.06,568400
EXEL,20110623,8.86,8.93,8.65,8.9,1248200
EXFO,20110623,8.34,8.52,8.22,8.45,159200
EXLP,20110623,25.41,25.98,25.16,25.96,262300
EXLS,20110623,23.42,23.42,22.32,23.02,29300
EXPD,20110623,47.77,48.58,47.45,48.5,2017100
EXPE,20110623,27.74,28.36,27.33,28.29,4809500
EXPO,20110623,41.53,41.8,40.91,41.68,26500
EXTR,20110623,3.1,3.14,3.05,3.13,528300
EXXI,20110623,30.99,31.52,29.6,31.49,826200
EZCH,20110623,33.35,34.96,32.55,34.96,211000
EZPW,20110623,30.9,31.87,30.42,31.87,458100
FABK,20110623,12.5,12.87,12.46,12.87,4500
FALC,20110623,4.01,4.22,3.96,4.2,85900
FARM,20110623,9.23,9.91,9.22,9.9,19600
FARO,20110623,40.04,40.98,39.62,40.89,149000
FAST,20110623,33.07,33.77,32.88,33.7,1476000
FBIZ,20110623,12.89,12.89,12.8,12.8,300
FBMI,20110623,5.76,5.76,5.7,5.75,1900
FBMS,20110623,10,10,10,10,0
FBNC,20110623,10.8,10.8,10.58,10.74,13000
FBSS,20110623,12.07,12.12,12.03,12.03,1700
FCAL,20110623,3.52,3.58,3.52,3.52,51500
FCAP,20110623,17.46,17.46,17.46,17.46,100
FCBC,20110623,14.14,14.33,13.86,14.17,20600
FCCO,20110623,6.65,6.65,6.65,6.65,0
FCCY,20110623,7.63,7.64,7.55,7.6,1800
FCEL,20110623,1.45,1.48,1.42,1.45,1803500
FCFC,20110623,6.55,6.55,6.53,6.55,300
FCFS,20110623,38.56,39.3,37.71,39.02,247600
FCHI,20110623,48.08,48.54,47.71,48.54,6100
FCLF,20110623,6.99,6.99,6.9,6.9,300
FCNCA,20110623,184.05,184.61,182.31,182.52,15800
FCTY,20110623,3.75,3.8,3.75,3.8,1400
FCVA,20110623,4.11,4.3,4.02,4.25,2300
FCZA,20110623,3.83,3.83,3.72,3.82,4500
FDEF,20110623,14.26,14.73,13.94,14.48,45300
FDML,20110623,20.84,21.44,20.28,21.39,194400
FDUS,20110623,14.91,14.93,14.7,14.83,57500
FEFN,20110623,23.77,23.77,23.77,23.77,0
FEIC,20110623,36.88,37.13,36.19,36.99,1004100
FEIM,20110623,9.48,9.54,9.3,9.51,5900
FELE,20110623,21.745,22.17,21.505,22.145,46700
FFBC,20110623,15.68,15.78,15.31,15.69,316500
FFBCW,20110623,5.7,5.7,5.7,5.7,200
FFBH,20110623,6.03,6.5,5.9,6,16700
FFCH,20110623,9.46,9.56,9.22,9.51,26100
FFCO,20110623,14.72,14.97,14.25,14.97,5100
FFEX,20110623,3.55,3.6,3.53,3.57,1500
FFHL,20110623,2.65,2.8,2.62,2.8,16100
FFIC,20110623,12.54,12.71,12.49,12.63,63600
FFIN,20110623,33.32,33.54,32.78,33.44,124100
FFIV,20110623,101.41,107.66,101.03,107.62,3072100
FFKT,20110623,5.25,5.41,5.06,5.31,5900
FFKY,20110623,2.32,2.48,2.3,2.4,1000
FFN,20110623,3.81,3.87,3.62,3.7,455700
FFNM,20110623,3.67,3.67,3.67,3.67,0
FFNW,20110623,5.18,5.21,5.06,5.13,10100
FHCO,20110623,4.84,4.96,4.81,4.95,44200
FIBK,20110623,14.41,14.8,14.35,14.58,79700
FINL,20110623,22.09,23.21,21.94,23.17,1622900
FIRE,20110623,27.31,28.24,26.9,28,467800
FISI,20110623,15.9,15.94,15.57,15.79,83200
FISV,20110623,60.84,61.45,60.46,61.31,975100
FITB,20110623,12.24,12.33,12.02,12.09,23629600
FITBP,20110623,136.75,136.75,136.75,136.75,10000
FIZZ,20110623,14.05,14.36,13.92,14.33,18900
FLDM,20110623,13.75,14.92,13.72,14.19,14400
FLEX,20110623,6.39,6.41,6.28,6.34,9273600
FLIC,20110623,27.2,27.63,27,27.63,9500
FLIR,20110623,32.45,32.59,32.21,32.57,2557300
FLML,20110623,5.11,5.17,4.99,5.03,30200
FLOW,20110623,3.35,3.52,2.98,3.39,3188800
FLWS,20110623,2.71,2.86,2.65,2.86,106200
FLXS,20110623,14.01,14.45,13.8,14.03,14100
FMBI,20110623,11.88,11.9,11.43,11.72,457700
FMCN,20110623,26.86,28.07,26.38,27.99,5266300
FMER,20110623,15.94,16.14,15.83,16.06,1138000
FMFC,20110623,3.62,3.62,3.61,3.61,500
FNBN,20110623,0.42,0.43,0.42,0.43,8100
FNFG,20110623,13.38,13.43,13.2,13.24,3374500
FNGN,20110623,23.71,24.28,23.4,24.23,575100
FNLC,20110623,14.07,14.95,14.07,14.78,12300
FNSR,20110623,15.44,16.57,15.34,16.52,4909700
FOLD,20110623,6.14,6.16,5.9,6.02,55200
FONE,20110623,25.52,25.9,25.52,25.82,1500
FONR,20110623,2.05,2.18,2.01,2.09,39400
FORD,20110623,2.79,2.94,2.79,2.86,8300
FORM,20110623,8.54,8.89,8.54,8.89,290700
FORR,20110623,33.68,34.08,33.25,33.87,24000
FORTY,20110623,16.33,16.5,16.33,16.5,5100
FOSL,20110623,111.39,115,109.73,114.77,851300
FRBK,20110623,2.08,2.15,2.03,2.1,75300
FRED,20110623,13.89,14.24,13.84,14.19,293300
FREE,20110623,18.2,18.7,18.2,18.5,5000
FRME,20110623,8.58,8.68,8.42,8.64,56400
FRNK,20110623,11.88,12.04,11.88,12.02,121300
FRP,20110623,9.98,10.19,9.67,10.05,217900
FSBK,20110623,3.59,4.05,3.56,3.96,86400
FSCI,20110623,27.67,29.45,27.31,29.38,71600
FSFG,20110623,16.25,16.25,16.25,16.25,0
FSGI,20110623,0.6,0.69,0.57,0.59,6100
FSLR,20110623,121.05,122.69,116.5,122.45,2089000
FSRV,20110623,35.43,35.61,34.59,35.26,9900
FSTR,20110623,31,31.36,30.06,31.17,66300
FSYS,20110623,23.07,23.48,22.64,23.41,286900
FTEK,20110623,5.99,6.15,5.78,6.1,192500
FTNT,20110623,24.18,25.18,23.8,25.12,2068200
FUBC,20110623,5.99,6.15,5.99,6.09,41700
FULL,20110623,7.9,7.93,7.78,7.9,7000
FULT,20110623,10.65,10.72,10.53,10.66,1073800
FUNC,20110623,4.64,4.81,4.49,4.58,6600
FUND,20110623,7.51,7.56,7.41,7.56,122700
FURX,20110623,17.21,17.64,17.2,17.55,25600
FWLT,20110623,29.21,29.54,28.61,29.47,2242400
FWRD,20110623,32.43,33.14,32.14,33.03,121900
FXCB,20110623,13.8,13.85,13.62,13.85,41200
FXEN,20110623,7.91,8.19,7.65,8.17,385200
GABC,20110623,16.25,16.53,16.23,16.47,9800
GAGA,20110623,5.64,5.94,5.53,5.68,64600
GAI,20110623,4.39,4.7,4.25,4.35,4500
GAIA,20110623,4.76,4.9,4.71,4.82,140300
GAIN,20110623,7.2,7.24,7.07,7.15,101200
GAME,20110623,6.26,6.29,6.11,6.25,270900
GASS,20110623,4.25,4.25,4.15,4.15,50400
GBCI,20110623,13.05,13.11,12.9,13.02,571700
GBDC,20110623,14.35,14.79,14.35,14.71,74500
GBLI,20110623,21.03,21.48,20.92,21.36,14900
GBNK,20110623,1.29,1.34,1.27,1.33,11900
GCBC,20110623,17.83,17.83,17.53,17.61,500
GCFB,20110623,3.24,3.27,3.22,3.27,500
GCOM,20110623,14.91,15.27,14.55,15.23,79400
GCVRZ,20110623,2.38,2.39,2.34,2.36,393700
GENC,20110623,7.69,7.69,7.54,7.65,10300
GENE,20110623,5.5,5.58,5.25,5.4,66400
GENT,20110623,9.48,9.48,9.11,9.19,6300
GERN,20110623,3.92,4.03,3.9,3.96,1377300
GEVO,20110623,14.22,14.73,13.38,14.15,259800
GFED,20110623,5.08,5.5,5.05,5.26,4800
GFN,20110623,2.98,3,2.98,3,900
GFNCL,20110623,3.5,3.5,3.5,3.5,500
GGAL,20110623,12.86,13,12.65,12.97,192500
GHDX,20110623,26.76,27.94,25.8,27.64,128600
GIFI,20110623,28.35,28.92,27.73,28.77,88600
GIGA,20110623,2.02,2.04,2.02,2.02,12700
GIGM,20110623,1.2,1.28,1.2,1.27,159700
GIII,20110623,34.2,34.82,34.01,34.4,146600
GILD,20110623,19.83,20.105,19.665,20.065,6012900
GILT,20110623,4.6,4.63,4.52,4.62,52800
GIVN,20110623,20.66,20.72,20.3,20.65,108700
GKNT,20110623,24.85,24.85,24.13,24.63,36400
GLAD,20110623,9.35,9.51,9.22,9.5,104700
GLBS,20110623,10.08,10.15,8.2,8.44,152900
GLBZ,20110623,8.82,8.82,8.82,8.82,0
GLCH,20110623,2.32,2.33,2.09,2.1,1419400
GLDC,20110623,3.25,3.37,3.15,3.32,1400
GLDD,20110623,5.31,5.32,5.17,5.28,529400
GLNG,20110623,32.16,32.81,31.25,32.68,455400
GLPW,20110623,25.47,25.75,24.96,25.48,124900
GLRE,20110623,25.04,25.62,25.04,25.56,67000
GLUU,20110623,4.52,4.68,4.31,4.56,1905900
GMAN,20110623,16.73,17.53,16.57,17.4,47400
GMCR,20110623,82.81,84.99,82.75,84.89,1737700
GMETP,20110623,12.02,12.02,12.02,12.02,0
GMLP,20110623,27.2,27.9,26.96,27.9,121300
GNCMA,20110623,11.84,12.4,11.75,12.17,188700
GNMK,20110623,6.01,6.1,5.95,5.95,21900
GNTX,20110623,28.62,29.51,28.3,29.44,424000
GNVC,20110623,3.1,3.19,3.02,3.12,189700
GOLD,20110623,77.68,80.24,77.52,80.03,786600
GOOD,20110623,17.28,17.49,17.27,17.35,31300
GOODO,20110623,24.7,25,24.7,25,300
GOODP,20110623,24.95,24.95,24.95,24.95,200
GOOG,20110623,482.02,482.86,473.73,480.22,4802300
GPIC,20110623,7.33,7.33,7.25,7.25,2100
GPOR,20110623,24.75,25.17,23.85,25.07,467600
GPRC,20110623,2.72,2.72,2.52,2.62,5500
GPRE,20110623,10.19,10.31,10.01,10.3,116700
GRFS,20110623,14.02,14.18,13.8,14.06,962600
GRID,20110623,31.35,31.61,31.06,31.59,3000
GRIF,20110623,26.77,27.36,26.77,27.2,1400
GRMN,20110623,33.64,34.03,33.44,34.01,737700
GROW,20110623,7.14,7.16,7,7.04,34200
GRVY,20110623,1.56,1.56,1.5,1.55,15600
GSBC,20110623,18.41,18.7,18.02,18.6,15900
GSIG,20110623,11.68,11.8,11.31,11.65,139400
GSIT,20110623,6.5,6.68,6.45,6.66,36800
GSJK,20110623,18.41,18.41,17.75,17.88,87200
GSM,20110623,20.39,21,19.91,20.9,836600
GSOL,20110623,9.01,9.43,8.67,9.37,57700
GSVC,20110623,11.08,11.19,10.35,10.96,9400
GTIM,20110623,1.81,1.81,1.81,1.81,200
GTIV,20110623,19.46,19.63,19.01,19.41,337500
GTLS,20110623,46.92,48.51,45.5,48.27,242000
GTXI,20110623,4.83,4.9,4.56,4.63,3809200
GUID,20110623,7.44,7.57,7.24,7.57,27100
GULF,20110623,15.26,15.51,15.26,15.47,900
GYRO,20110623,67.47,67.47,67.47,67.47,0
HA,20110623,5.64,5.87,5.62,5.85,541600
HAFC,20110623,0.9,0.9,0.86,0.88,989500
HAIN,20110623,32.1,32.57,31.64,32.32,334600
HALL,20110623,6.87,7.06,6.82,6.96,35900
HALO,20110623,6.5,6.69,6.44,6.67,377700
HAS,20110623,43.34,43.86,43.19,43.65,1129500
HAST,20110623,3.95,4.14,3.94,4.14,12700
HAUP,20110623,1.74,1.88,1.72,1.79,63400
HAYN,20110623,55.31,57.79,54.06,57.72,133600
HBAN,20110623,6.22,6.23,6.15,6.21,12895000
HBANP,20110623,1154.8,1154.8,1148.75,1148.75,500
HBCP,20110623,14.48,14.7,14.25,14.28,28200
HBHC,20110623,30.85,30.99,30.15,30.84,444700
HBIO,20110623,5.37,5.52,5.09,5.49,162400
HBNC,20110623,11.8667,11.8667,11.8667,11.8667,100
HBNK,20110623,13.25,13.3,13.25,13.3,1300
HBOS,20110623,11.24,11.75,11.15,11.3,6100
HCBK,20110623,8.07,8.1,7.9,8,4284300
HCCI,20110623,17.31,18,16.87,17.77,105100
HCIIP,20110623,9.95,9.95,9.95,9.95,0
HCKT,20110623,4.8,4.98,4.75,4.98,51700
HCSG,20110623,15.71,15.89,15.43,15.83,237600
HDNG,20110623,10.36,10.57,10.28,10.35,43100
HDSN,20110623,1.57,1.64,1.57,1.63,10400
HEES,20110623,13.82,13.82,12.54,13.11,56400
HELE,20110623,31.98,33.27,31.77,33.18,193600
HEOP,20110623,3.67,3.67,3.55,3.65,1300
HERO,20110623,5.27,5.3,5.03,5.29,5187800
HFBC,20110623,7.76,7.77,7.66,7.75,3800
HFBL,20110623,12.89,12.89,12.89,12.89,0
HFFC,20110623,10.57,10.94,10.57,10.88,3500
HFWA,20110623,12.85,13.08,12.76,12.81,15800
HGSH,20110623,2.3,2.32,2.28,2.32,3200
HIBB,20110623,38.41,40.27,38.27,40.2,401300
HIFS,20110623,52.51,52.51,52.51,52.51,0
HIHO,20110623,2.86,3,2.86,3,500
HILL,20110623,2.73,2.74,2.56,2.69,359600
HIMX,20110623,2.11,2.14,2.08,2.09,90100
HITK,20110623,25.43,26.34,25.17,26.19,73900
HITT,20110623,58.16,59.76,57.14,59.67,167200
HLIT,20110623,7.05,7.28,6.86,7.27,1220800
HMIN,20110623,34.42,35.17,34.35,35.12,342200
HMNF,20110623,2.57,2.7,2.57,2.65,1000
HMPR,20110623,15.99,15.99,14.77,15,181500
HMSY,20110623,24.5,24.8533,24.2833,24.7233,108800
HNH,20110623,15.71,16.32,15.35,16.1,117100
HNRG,20110623,9.45,9.64,9.44,9.56,14800
HNSN,20110623,2.8,2.93,2.73,2.92,626600
HOFT,20110623,8.25,9.11,8.25,8.99,162000
HOGS,20110623,11.82,12.05,10.7,11.3,661400
HOLI,20110623,10.4,10.4,9.55,9.87,884200
HOLL,20110623,1.46,1.47,1.46,1.46,1200
HOLX,20110623,20.29,20.34,19.86,20.25,2091200
HOMB,20110623,23.76,23.86,23.29,23.78,31500
HOME,20110623,10.8,10.8,10.53,10.72,18700
HOTT,20110623,7.11,7.44,7.1,7.42,592000
HOVNP,20110623,4.31,4.56,4.3,4.56,1500
HPCCP,20110623,26,26.45,26,26.45,600
HPJ,20110623,1.3,1.45,1.24,1.44,51300
HPOL,20110623,0.78,0.82,0.75,0.77,36500
HRZN,20110623,15.42,15.9,15.3,15.8,40700
HSIC,20110623,70.3,70.67,68.95,70.57,420600
HSII,20110623,21.08,21.66,21,21.6,116200
HSKA,20110623,9.81,9.95,9.6,9.87,6800
HSNI,20110623,30.57,31.23,30.43,30.95,589300
HSOL,20110623,5.72,6.26,5.5,6.21,2269800
HSTM,20110623,11.08,11.74,10.81,11.38,143900
HTBK,20110623,5.02,5.16,4.89,4.97,56200
HTCH,20110623,2.3,2.45,2.3,2.4,173200
HTCO,20110623,11.82,12.06,11.55,11.96,93000
HTHT,20110623,17,17.05,16.1,16.24,212900
HTLD,20110623,15.8,16.24,15.71,16.13,524600
HTLF,20110623,13.85,14.29,13.8,14.23,8100
HTWR,20110623,71.31,77.9,70.43,74.88,238700
HUBG,20110623,36.28,36.93,36,36.8,125000
HURC,20110623,29.72,30.84,29.57,30.4,51000
HURN,20110623,30.1,30.27,29.65,30.02,194300
HWAY,20110623,14.63,15.05,14.35,14.95,138500
HWBK,20110623,7.62,7.65,7.62,7.63,300
HWCC,20110623,14.24,15.05,14.01,14.71,65800
HWKN,20110623,35.25,35.6,34.4,35.43,38200
HYGS,20110623,6.31,6.86,6.31,6.75,28400
IACI,20110623,37.11,37.28,36.39,36.66,1218700
IART,20110623,47.13,47.21,46.44,46.84,208100
IBB,20110623,102.26,104.13,101.59,104.1,694700
IBCA,20110623,2.94,3.11,2.89,3.08,31100
IBCP,20110623,1.98,2,1.87,1.89,59800
IBCPO,20110623,14.4,15.64,14.4,15.64,500
IBKC,20110623,56.73,56.95,55.38,56.68,120600
IBKR,20110623,15.98,16.04,15.78,15.89,412800
IBOC,20110623,15.93,16.26,15.71,16.15,234200
ICAD,20110623,1.03,1.05,1.01,1.03,59600
ICCC,20110623,7.14,8.3,7.13,7.91,36000
ICFI,20110623,25.03,25.21,24.46,25,103300
ICGE,20110623,12.17,12.72,12.11,12.59,139800
ICLN,20110623,15.5,15.67,15.27,15.67,19500
ICLR,20110623,23.98,24,23.4,23.8,205900
ICON,20110623,22.98,23.44,22.76,23.42,570600
ICUI,20110623,42.01,42.65,41.8,42.57,59900
IDCC,20110623,36.91,38.67,36.8,38.51,852700
IDIX,20110623,5.09,5.32,5.07,5.3,262100
IDRA,20110623,2.15,2.25,2.09,2.09,20300
IDSA,20110623,9.57,9.88,9.47,9.78,12400
IDSY,20110623,4.62,4.62,4.22,4.45,23500
IDTI,20110623,7.35,7.67,7.3,7.59,3072100
IDXX,20110623,74.7,75.48,73,75.32,292400
IESC,20110623,3.29,3.29,3.29,3.29,0
IFAS,20110623,28.96,28.96,28.52,28.86,2500
IFEU,20110623,32.59,32.89,32.47,32.89,10700
IFGL,20110623,30.1,30.3,29.88,30.3,22000
IFNA,20110623,43.32,43.32,42.57,42.65,1400
IFON,20110623,0.68,0.7,0.65,0.69,21600
IFSM,20110623,37.08,37.37,36.9,37.37,2800
IGLD,20110623,21.96,22.1,21.86,22.1,16000
IGOI,20110623,23.4,23.52,22.92,23.16,46900
IGOV,20110623,104.98,105.25,104.5,105.1,12600
IGTE,20110623,15.44,15.81,15.33,15.7,229200
III,20110623,1.8,1.8,1.64,1.68,32100
IIIN,20110623,11.8,12.18,11.77,12.1,70100
IIJI,20110623,9.29,9.33,9.21,9.32,107600
IILG,20110623,13.13,13.41,13.01,13.38,90600
IIN,20110623,3.68,3.82,3.67,3.82,2100
IIVI,20110623,24.71,24.8,23.82,24.66,243000
IKAN,20110623,1.18,1.2,1.17,1.19,203300
IKNX,20110623,7.75,7.8,7.61,7.61,3300
ILMN,20110623,73.68,74.38,72.88,74.13,949100
IMGN,20110623,11.59,11.9,11.39,11.89,443300
IMKTA,20110623,16.51,16.63,16.18,16.33,18100
IMMR,20110623,8.2,8.5,8.03,8.48,163100
IMMU,20110623,3.68,3.85,3.61,3.82,467600
IMOS,20110623,8.88,9.05,8.76,8.95,43600
IMRS,20110623,6.49,6.5,6.3,6.45,43600
INAP,20110623,7.28,7.39,7.11,7.36,401100
INCY,20110623,18.24,18.51,17.79,18.46,1509300
INDB,20110623,25.94,26.23,25.82,26,95600
INDY,20110623,26.89,27.27,26.8,27.27,74400
INFA,20110623,55.75,57.58,55.58,57.41,958400
INFI,20110623,7.51,7.78,7.47,7.66,48500
INFN,20110623,6.29,6.59,6.23,6.58,1007400
ININ,20110623,32.83,34.32,32.83,34.05,37500
INOC,20110623,1.45,1.45,1.45,1.45,0
INOD,20110623,2.63,2.63,2.59,2.62,5200
INPH,20110623,3.88,4.13,3.8,4.11,46700
INSM,20110623,11.77,11.84,11.42,11.73,141700
INTC,20110623,21.2,21.72,21.06,21.71,54193000
INTG,20110623,23.57,24,23.51,24,4200
INTL,20110623,23.43,24.5,23.01,23.94,41000
INTT,20110623,3.28,3.3,3.19,3.26,38100
INTU,20110623,49.85,50.78,49.45,50.72,2587700
INTX,20110623,16.44,16.44,15.83,16.23,183100
INVE,20110623,2.28,2.38,2.28,2.33,308100
INWK,20110623,8.07,8.42,8,8.24,197300
IOSP,20110623,31.92,32.33,31.01,32.19,311000
IPAR,20110623,21.54,21.96,21.42,21.88,121800
IPAS,20110623,1.53,1.56,1.51,1.54,113100
IPCC,20110623,52.31,53.06,51.87,52.77,38700
IPCI,20110623,3.54,3.54,3.26,3.43,45500
IPCM,20110623,45.89,47.67,45,46.91,87200
IPGP,20110623,63.12,66.45,62.14,65.9,426300
IPHS,20110623,46.86,48.4,46,48.3,151400
IPXL,20110623,20.27,20.83,20.08,20.59,585800
IRBT,20110623,30.83,32.58,30.25,32.51,236900
IRDM,20110623,8.45,8.48,8.14,8.26,1005500
IRDMZ,20110623,1.9,1.9,1.9,1.9,0
IRIX,20110623,3.85,3.89,3.85,3.89,6500
IRWD,20110623,15.85,16.34,15.55,16.25,873900
ISBC,20110623,13.72,13.89,13.57,13.81,260800
ISCA,20110623,27.26,27.37,26.84,27.14,143400
ISHG,20110623,107.21,107.56,106.9,107.28,32100
ISIG,20110623,3.96,4.1,3.96,4.07,5400
ISIL,20110623,12.34,12.72,12.18,12.68,1566200
ISIS,20110623,8.73,8.94,8.64,8.91,688600
ISLE,20110623,8.47,8.59,8.3,8.54,52500
ISNS,20110623,10.81,10.81,10.57,10.75,7400
ISRG,20110623,347.8,354.4,345.02,353.47,301500
ISRL,20110623,59.23,59.23,58.2,58.99,1200
ISSC,20110623,5.48,5.48,5.23,5.44,500
ISSI,20110623,8.75,9.11,8.7,9.09,134400
ITIC,20110623,39.55,39.55,39.55,39.55,0
ITMN,20110623,34.21,35.43,34.01,35.35,525400
ITRI,20110623,47.47,47.67,46.89,47.56,336600
ITRN,20110623,13.44,13.8,13.26,13.8,20600
IVAC,20110623,9.73,10.18,9.68,10.09,73100
IVAN,20110623,1.88,1.91,1.82,1.91,816700
IXYS,20110623,12.94,13.55,12.85,13.5,56800
JACK,20110623,22.01,22.4,21.92,22.37,488400
JADE,20110623,3.18,3.22,3,3.2,111400
JAKK,20110623,17.75,18.13,17.57,18.09,111800
JASO,20110623,26.75,28.4,26,28.35,6021100
JAXB,20110623,6.35,6.35,6.35,6.35,0
JAZZ,20110623,30.98,32.18,30.14,32,715100
JBHT,20110623,45.11,46.37,45.09,46.24,833200
JBLU,20110623,6.13,6.29,6.1,6.19,5602300
JBSS,20110623,8.19,8.39,7.98,7.99,53000
JCOM,20110623,27.52,27.87,27.26,27.75,212600
JCS,20110623,17.51,17.54,16.99,17.38,27000
JCTCF,20110623,9.87,9.87,9.79,9.79,600
JDSU,20110623,15.93,16.68,15.84,16.66,6687500
JFBI,20110623,3.4,3.4,3.4,3.4,0
JJSF,20110623,48.23,48.96,48.05,48.88,25100
JKHY,20110623,29.01,29.54,28.59,29.46,405000
JMBA,20110623,2.06,2.14,2.04,2.12,547400
JOBS,20110623,49.48,50.59,48,50,118100
JOEZ,20110623,0.86,0.93,0.85,0.88,279500
JOSB,20110623,47.08,48.73,47,48.07,439000
JOUT,20110623,15.14,15.75,14.81,15.55,4500
JRCC,20110623,19.29,19.69,18.75,19.66,823100
JRJC,20110623,3.25,3.26,3.19,3.24,69000
JST,20110623,10.35,10.97,9.99,10.58,74500
JVA,20110623,14.76,16.43,14.75,15.85,1485000
JXSB,20110623,12.52,12.52,12.52,12.52,0
KALU,20110623,51.04,52.03,50.28,51.94,143400
KBALB,20110623,6.23,6.52,6.18,6.5,38300
KCAP,20110623,7.91,8.1,7.73,7.98,165900
KCLI,20110623,29.62,30.81,29.38,30.26,12700
KELYA,20110623,15.48,15.94,15.36,15.85,264900
KELYB,20110623,15.38,15.38,15.38,15.38,0
KEQU,20110623,9.87,9.98,9.8,9.8,3800
KERX,20110623,4.29,4.7,4.27,4.65,1376600
KEYN,20110623,18.92,19.83,18.78,19.77,40100
KEYW,20110623,11.35,11.55,11.26,11.38,63300
KFFB,20110623,9.03,9.05,8.53,8.99,8600
KFRC,20110623,12.98,13.33,12.86,13.23,91900
KGJI,20110623,1.55,1.59,1.52,1.58,34300
KINS,20110623,3.02,3.12,2.82,2.92,5100
KIPS,20110623,3.48,3.5,3.21,3.44,2700
KIRK,20110623,11.87,12.36,11.77,12.33,127100
KLAC,20110623,38.29,39.52,38.03,39.46,2435100
KLIC,20110623,10.52,10.9,10.33,10.86,1437000
KNDI,20110623,2,2.02,1.95,2.02,23700
KONA,20110623,4.5,4.5,4.22,4.45,23500
KONE,20110623,0.97,0.97,0.9,0.9,30200
KONG,20110623,5.05,5.16,4.89,4.94,154400
KOOL,20110623,2.03,2.03,1.91,1.97,67800
KOPN,20110623,4.75,4.94,4.72,4.92,261200
KOSS,20110623,6.55,6.73,6.17,6.17,2800
KRNY,20110623,8.98,9.03,8.82,8.94,23900
KSWS,20110623,10.11,10.11,9.71,10.03,41900
KTCC,20110623,4.25,4.26,4.18,4.21,9200
KTEC,20110623,15.85,15.89,15.6,15.81,1800
KTOS,20110623,11.64,11.9,11.52,11.82,165800
KUTV,20110623,3.07,3.15,3,3.07,67600
KVHI,20110623,10.5,10.55,10.27,10.49,58200
LABC,20110623,16.22,16.25,16.22,16.25,500
LABL,20110623,21.7,22.49,21.7,22.05,40200
LACO,20110623,2.16,2.25,2.16,2.22,30000
LAKE,20110623,8.27,8.49,8.25,8.43,6100
LAMR,20110623,26.03,26.69,25.8,26.61,490900
LANC,20110623,59.74,59.75,59.08,59.68,83100
LARK,20110623,15.27,16,15.2,15.73,1700
LAWS,20110623,18.48,18.75,18.08,18.71,18600
LAYN,20110623,28.44,29.19,28.04,29.14,85100
LBAI,20110623,9.77,9.78,9.47,9.69,25600
LBIX,20110623,2.54,2.54,2.42,2.49,3300
LBTYA,20110623,41.34,42.12,40.96,42.03,2175600
LBTYB,20110623,42.3,42.3,42.3,42.3,0
LBTYK,20110623,39.1,39.88,38.98,39.82,385200
LCAV,20110623,4.51,4.94,4.42,4.61,132600
LCUT,20110623,10.81,11.05,10.63,11.04,9700
LEAP,20110623,16.55,16.6,16.25,16.49,1348000
LECO,20110623,33.45,34.34,32.85,34.19,814100
LEDR,20110623,2.15,2.18,2.14,2.18,2500
LEDS,20110623,7.5,7.88,7.26,7.87,97200
LFUS,20110623,55.18,55.91,54.54,55.89,129900
LGCY,20110623,27.61,28.16,27.01,27.56,200800
LGND,20110623,10.59,10.84,10.57,10.81,93500
LHCG,20110623,22.23,22.83,21.83,22.67,129000
LIFE,20110623,52.33,53.13,51.8,53.11,2319300
LIME,20110623,4.64,4.69,4.56,4.65,18600
LINC,20110623,15.53,16.04,15.18,15.96,171300
LINE,20110623,37.3,37.73,36.87,37.66,742200
LINTA,20110623,15.97,16.34,15.85,16.31,6035700
LINTB,20110623,16.3,16.3,16.3,16.3,0
LION,20110623,6.53,6.59,6.25,6.25,17500
LIOX,20110623,2.63,2.75,2.62,2.73,281800
LIVE,20110623,3.15,3.15,2.73,2.9,700
LIWA,20110623,6.65,6.71,6.08,6.42,223100
LKFN,20110623,21.46,22.02,21.32,21.79,28800
LKQ,20110623,12.595,12.76,12.375,12.73,474500
LLEN,20110623,4.69,5.76,4.61,5.7,1199900
LLNW,20110623,4.47,4.75,4.39,4.74,1669600
LLTC,20110623,31.52,32.37,31.33,32.34,2752300
LMAT,20110623,6.79,7.05,6.75,7.05,22800
LMCA,20110623,81.06,81.79,79.75,81.38,638600
LMIA,20110623,21.73,22.8,21.56,22.68,77100
LMNR,20110623,18.97,19.59,18.97,19.21,3400
LMNX,20110623,19.24,20.22,18.67,20.12,243200
LNBB,20110623,5.69,5.7,5.55,5.69,9900
LNCE,20110623,21.66,21.69,20.89,21.08,391200
LNDC,20110623,6,6.31,5.99,6.24,52000
LOAN,20110623,1.41,1.41,1.41,1.41,200
LOCM,20110623,3.4,3.47,3.3,3.41,371100
LOGI,20110623,10.69,10.97,10.66,10.94,1716500
LOGM,20110623,38.38,39.53,38,39.31,348800
LOJN,20110623,4.03,4.11,4.02,4.06,49400
LONG,20110623,19.47,19.47,18.69,19.4,13400
LOOK,20110623,1.5,1.61,1.5,1.57,33700
LOPE,20110623,13.14,13.81,13.02,13.78,853700
LORL,20110623,64.8,65.8,64.48,65.14,73900
LPHI,20110623,3.85,3.92,3.8,3.89,105900
LPLA,20110623,34.41,34.98,33.55,33.62,573600
LPNT,20110623,38.74,39.19,37.68,39.15,456400
LPSB,20110623,9.58,9.58,9.58,9.58,0
LPSN,20110623,12.51,12.79,12.35,12.76,317500
LPTH,20110623,1.55,1.55,1.54,1.54,400
LQDT,20110623,22.34,23.21,21.95,23.02,219500
LRAD,20110623,2.76,2.76,2.68,2.75,45600
LRCX,20110623,42.37,43.44,42.01,43.34,1737800
LSBI,20110623,15.4,15.4,15.4,15.4,0
LSBK,20110623,10.32,10.32,10.32,10.32,0
LSCC,20110623,6.01,6.34,5.95,6.32,964100
LSTR,20110623,44.57,45.49,44.31,45.45,272000
LTBR,20110623,3.59,3.62,3.55,3.59,19600
LTON,20110623,0.89,0.93,0.89,0.91,8000
LTRE,20110623,7.8,8.58,7.69,8.51,21400
LTRX,20110623,2.57,2.57,2.47,2.47,12900
LTXC,20110623,8.63,9,8.51,8.97,250400
LUFK,20110623,79.52,82.53,77.67,82.3,487700
LULU,20110623,50.085,53.375,49.545,53.35,3172600
LUNA,20110623,1.64,1.68,1.62,1.67,10800
LWAY,20110623,10.11,10.38,10.11,10.38,5100
LXRX,20110623,1.45,1.61,1.43,1.6,1620400
LYTS,20110623,7.76,7.94,7.69,7.9,52200
MAGS,20110623,3.01,3.05,3.01,3.03,1100
MAKO,20110623,28,28.65,27.26,28.4,505100
MANH,20110623,33.29,33.89,32.95,33.81,48200
MANT,20110623,44.17,44.21,43.38,44.04,166200
MARPS,20110623,19.81,20.29,19.48,20.29,1700
MASC,20110623,7.11,7.26,7.08,7.21,41000
MASI,20110623,30.23,30.37,29.85,30.37,405000
MAT,20110623,26.67,26.99,26.57,26.93,3917500
MATR,20110623,5.68,5.74,5.62,5.64,9600
MATW,20110623,37.61,38.22,37,38.08,157100
MAXY,20110623,5.32,5.43,5.28,5.34,133300
MAYS,20110623,17.86,17.86,17.86,17.86,0
MBFI,20110623,19.07,19.07,18.41,18.86,202000
MBLX,20110623,7.05,7.16,6.84,7.03,136800
MBND,20110623,3.3,3.32,3.15,3.28,87800
MBRG,20110623,15.26,15.27,15.1,15.26,11300
MBTF,20110623,1.37,1.4,1.37,1.37,1200
MBVT,20110623,24.26,24.28,23.69,23.76,19300
MBWM,20110623,7.79,7.98,7.63,7.64,7300
MCBC,20110623,2.41,2.5,2.31,2.42,16300
MCBI,20110623,6.42,6.49,6.21,6.44,4400
MCGC,20110623,6.02,6.06,5.77,6.06,1011600
MCHP,20110623,36.3,37.28,36.02,37.24,3068700
MCHX,20110623,8.34,8.48,8.2,8.47,78100
MCOX,20110623,14,14,12.65,13.05,164700
MCRI,20110623,9.38,9.67,9.14,9.67,28300
MCRL,20110623,10.04,10.05,9.74,9.98,970800
MCRS,20110623,47.71,48.61,47.33,48.52,390600
MDAS,20110623,13.25,13.31,12.99,13.27,531200
MDCA,20110623,17.79,18.42,16.79,17.8,152500
MDCI,20110623,8.2,8.28,8.02,8.21,43900
MDCO,20110623,16.77,17.11,16.42,17.04,535200
MDH,20110623,3,3.04,2.95,2.95,1700
MDRX,20110623,19.07,19.15,18.62,18.95,1891300
MDSO,20110623,22.54,22.77,22.23,22.63,81800
MDVN,20110623,20.4,21.41,20.13,21.27,192800
MEAD,20110623,4.8,4.8,4.8,4.8,100
MEAS,20110623,32.88,33.54,32.39,33.46,62800
MELA,20110623,2.36,2.49,2.35,2.39,174900
MELI,20110623,75.73,78.41,75,78.41,310100
MEMS,20110623,2.92,2.92,2.8,2.81,2400
MENT,20110623,12.35,12.66,12.23,12.65,847900
MEOH,20110623,29.63,29.67,28.72,29.07,241900
MERC,20110623,11.3,11.65,11.06,11.61,205900
MERU,20110623,14.15,14.41,13.66,13.83,166500
METR,20110623,10.92,11.03,10.79,10.94,29900
MFI,20110623,5.51,5.59,5.48,5.51,7700
MFLR,20110623,9.01,9.02,9,9,800
MFLX,20110623,20.67,22.05,20.47,21.03,80200
MFNC,20110623,5.5,5.5,5.5,5.5,0
MFRI,20110623,7.05,7.56,7.02,7.55,16600
MFSF,20110623,8.49,8.85,8.49,8.73,2800
MGAM,20110623,4.41,4.68,4.39,4.65,34700
MGEE,20110623,39.77,40.11,39.55,40.07,54400
MGIC,20110623,4.77,4.9,4.65,4.9,149500
MGLN,20110623,52.82,52.95,51.6,52.66,203500
MGPI,20110623,7.75,7.78,7.75,7.76,75000
MGRC,20110623,26.45,27.41,26.18,27.28,56000
MGYR,20110623,3.91,3.91,3.91,3.91,0
MHGC,20110623,7.07,7.13,6.79,7.05,119400
MHLD,20110623,9.39,9.43,9.18,9.36,280000
MIDD,20110623,89.66,91.44,88.5,91.39,86300
MIND,20110623,14.96,15.4,14.63,15.36,237900
MINI,20110623,19.64,19.87,19.45,19.79,165300
MITL,20110623,4.61,4.71,4.6,4.67,13200
MKSI,20110623,24.24,25.3,24.07,25.26,341700
MKTAY,20110623,44.66,44.94,44.36,44.94,1700
MKTG,20110623,15.08,15.27,14.93,15.26,102100
MKTX,20110623,23.58,24.14,23.13,24.06,223900
MLAB,20110623,31.6,31.91,31.03,31.03,2500
MLHR,20110623,25.64,27.08,25.33,26.75,1391700
MLNK,20110623,4.45,4.51,4.38,4.48,98400
MLNX,20110623,27.82,28.61,27.26,28.57,97700
MLVF,20110623,7.29,7.51,7.27,7.51,400
MMLP,20110623,37.47,37.69,36.92,37.3,95100
MMSI,20110623,17.6,17.72,17.03,17.72,679900
MMUS,20110623,4.95,4.95,4.95,4.95,100
MMYT,20110623,23.11,23.51,22.59,23.5,177500
MNDO,20110623,2.82,2.83,2.66,2.73,74300
MNKD,20110623,4,4.05,3.95,4.01,447400
MNOV,20110623,2.19,2.25,2.16,2.22,7800
MNRK,20110623,6.5333,6.5333,6.3583,6.5,700
MNRO,20110623,33.22,34.05,33.07,34.05,291800
MNST,20110623,37.02,37.6,36.85,37.505,848100
MNTA,20110623,18.92,19.59,18.72,19.48,601700
MNTG,20110623,2.78,3,2.75,2.86,6900
MNTX,20110623,5.14,5.22,5.14,5.21,4700
MOBI,20110623,6.7,7.68,6.45,7.68,2379300
MOCO,20110623,15.1,15.36,14.84,15.36,8900
MOFG,20110623,12.94,13.85,12.92,13.52,13800
MOLX,20110623,25.54,26.24,25.45,26.11,1042800
MOLXA,20110623,21.33,21.77,21.17,21.7,231900
MORN,20110623,59.16,59.8,58.49,59.6,59000
MOSY,20110623,5.1,5.2,5.04,5.18,64300
MOVE,20110623,8.12,8.56,8.04,8.48,893900
MPAA,20110623,14.67,14.89,14.51,14.85,74600
MPAC,20110623,6.06,6.2,5.85,6.05,7500
MPB,20110623,8.92,8.92,8.65,8.65,600
MPEL,20110623,10.89,11.17,10.53,11.14,6795800
MPET,20110623,1.61,1.64,1.58,1.58,126700
MPWR,20110623,14.38,15.09,14.25,15.05,318300
MRCY,20110623,17.4,17.72,17.11,17.63,158800
MRGE,20110623,5.1,5.23,4.91,5.15,519100
MRLN,20110623,11.2,11.37,11,11.3,16300
MRTN,20110623,20.81,21.49,20.73,21.08,99400
MRVL,20110623,13.7,14.47,13.66,14.46,17405800
MSBF,20110623,6.11,6.11,6.11,6.11,0
MSCC,20110623,19.7,20.09,19.6,20,537500
MSEX,20110623,18.25,18.32,18.06,18.31,38000
MSFG,20110623,7.55,7.83,7.5,7.75,67100
MSFT,20110623,24.44,24.65,24.2,24.63,59472000
MSG,20110623,26.88,27.04,26.5,27,173300
MSON,20110623,2.46,2.53,2.46,2.53,1200
MSPD,20110623,7.26,7.62,7.25,7.58,358200
MSTR,20110623,150.74,159.29,149.88,158.79,508800
MTEX,20110623,9.7,9.7,9.3,9.3,25400
MTRX,20110623,12.57,12.84,12.31,12.79,90300
MTSC,20110623,39.78,40.01,38.96,39.95,70000
MTSL,20110623,1.41,1.49,1.4,1.43,22800
MTSN,20110623,1.75,1.78,1.63,1.73,647000
MU,20110623,8.05,8.45,7.94,8.43,56026300
MVIS,20110623,9.52,9.52,8.96,9.28,216000
MVISW,20110623,0.27,0.27,0.27,0.27,0
MWIV,20110623,79.61,81.85,79.13,81.6,35400
MXIM,20110623,23.89,24.59,23.72,24.59,2029000
MXWL,20110623,14.76,15.64,14.57,15.58,317900
MYGN,20110623,22.74,23.06,22.4,22.99,883500
MYL,20110623,22.6,22.99,22.3,22.92,5041700
MYRG,20110623,21.71,22.39,21.5,22.02,128000
NAFC,20110623,34.15,34.44,33.53,34.38,103700
NAII,20110623,4.22,4.31,4.21,4.3,16800
NANO,20110623,16.64,16.91,16.26,16.82,346700
NASB,20110623,9.84,9.98,9.6,9.72,12600
NATH,20110623,18.14,18.36,18.14,18.27,2700
NATI,20110623,27.81,28.43,27.58,28.36,265700
NATL,20110623,22.66,22.76,22.41,22.59,6800
NATR,20110623,17.51,17.65,16.76,17.43,65400
NAUH,20110623,8.1,8.56,8.07,8.34,21900
NAVG,20110623,45.63,45.78,45.13,45.45,56900
NAVR,20110623,1.93,1.94,1.88,1.9,28000
NBBC,20110623,4.49,4.51,4.45,4.5,20000
NBIX,20110623,7.17,7.71,7.14,7.61,249800
NBN,20110623,13.52,13.52,13.5,13.5,700
NBTB,20110623,21.35,21.8,21.2,21.61,111900
NBTF,20110623,19.53,20,19.53,20,800
NCBC,20110623,4.83,4.83,4.83,4.83,0
NCIT,20110623,21.92,22.44,21.84,22.39,11300
NCMI,20110623,16.07,16.35,15.93,16.32,180900
NCTY,20110623,5.26,5.41,5.26,5.31,7700
NDAQ,20110623,23.79,23.82,23.02,23.35,3158100
NDSN,20110623,50.72,52,49.56,51.84,590300
NECB,20110623,6.78,6.78,6.78,6.78,100
NEOG,20110623,41.6,43.16,41.49,42.98,46700
NEPT,20110623,3.5,3.55,3.44,3.51,71700
NETC,20110623,10.08,10.08,9.91,10.06,1800
NEWL,20110623,1.81,1.81,1.81,1.81,300
NEWP,20110623,16.98,18.36,16.9,18.26,336300
NEWS,20110623,9.87,9.87,9.36,9.69,68900
NEWT,20110623,1.3,1.3,1.24,1.25,8800
NFBK,20110623,13.66,14.04,13.65,13.97,32300
NFEC,20110623,1.77,2,1.57,1.82,69600
NFLX,20110623,245.14,260.85,244.7,255.72,5250300
NFSB,20110623,14,14.01,13.76,13.87,1400
NGPC,20110623,8.53,8.54,8.22,8.46,64100
NHTB,20110623,12.97,12.97,12.68,12.9,2100
NICE,20110623,34.01,34.89,33.58,34.8,178500
NICK,20110623,11.88,12.09,11.4,11.66,31400
NIHD,20110623,39.98,40.95,39.91,40.91,1070700
NILE,20110623,42.58,44.66,42.53,44.37,391200
NINE,20110623,1.38,1.38,1.38,1.38,0
NKSH,20110623,24.75,25.24,24.51,24.94,10600
NKTR,20110623,7.56,7.62,7.4,7.57,773200
NLST,20110623,2.1,2.14,2.06,2.12,52200
NMRX,20110623,9.25,9.42,8.92,9.07,45700
NNBR,20110623,13.17,13.21,12.66,13.02,182600
NOVB,20110623,9.77,10.1,9.76,10.1,5700
NPBC,20110623,7.63,7.69,7.4,7.64,826800
NPSP,20110623,9.37,9.53,9.1,9.47,568500
NRCI,20110623,35.47,35.7,35.17,35.38,2600
NRIM,20110623,19.25,19.25,19,19.24,4000
NSEC,20110623,11.49,11.49,11.49,11.49,200
NSIT,20110623,16.22,16.48,16.14,16.47,168000
NSPH,20110623,1.56,1.64,1.46,1.52,2172600
NSSC,20110623,2.85,2.85,2.79,2.85,7600
NSYS,20110623,3.8,3.8,3.8,3.8,0
NTAP,20110623,49.95,51.31,49.66,51.26,5731500
NTCT,20110623,20.13,20.3,19.89,20.26,463900
NTES,20110623,43.45,44.22,42.62,44.17,777700
NTGR,20110623,40.15,40.89,39.3,40.82,387300
NTIC,20110623,15.65,15.7,15.09,15.65,16300
NTLS,20110623,19.97,20.43,19.72,20.32,124100
NTRI,20110623,12.7,13.1,12.63,13.06,292300
NTRS,20110623,45.72,45.83,45.2,45.51,1698100
NTSC,20110623,6.84,6.84,6.81,6.81,300
NTSP,20110623,9.07,9.38,8.98,9.25,355900
NTWK,20110623,14.1,14.7,13.9,14.7,869200
NUAN,20110623,20.22,20.74,20.03,20.72,1540800
NUCL,20110623,37.77,37.83,37.77,37.83,300
NURO,20110623,3.18,3.18,2.7,2.88,97300
NUTR,20110623,14.65,14.91,14.62,14.85,19300
NUVA,20110623,31.92,32.38,31.86,32.14,2051600
NVAX,20110623,1.98,2.01,1.98,1.99,560300
NVDA,20110623,15.54,16.32,15.4,16.21,18604700
NVEC,20110623,54.59,56.79,54.01,56.68,19800
NVGN,20110623,0.85,0.85,0.8,0.82,31100
NVMI,20110623,9.89,10.38,9.75,10.36,94000
NVSL,20110623,7.69,7.69,7.51,7.57,2800
NVTL,20110623,5.42,5.53,5.28,5.51,604700
NWBI,20110623,12.08,12.18,12,12.08,549600
NWFL,20110623,26.25,26.3,26.2,26.3,3800
NWLI,20110623,154.51,157.79,154.51,157.14,2500
NWPX,20110623,24.74,25.3,24.26,25.06,24000
NWS,20110623,17.02,17.19,16.8,17.17,2878400
NWSA,20110623,16.37,16.65,16.2,16.62,19598700
NXPI,20110623,22.85,23.5,22.37,23.41,1119900
NXST,20110623,7.49,8.41,7.39,8.33,138300
NXTM,20110623,19.85,20.1,19.21,19.95,441000
NYMT,20110623,7.6,7.88,7.52,7.82,406700
NYMX,20110623,7.15,7.67,7.11,7.55,36600
NYNY,20110623,0.87,0.9,0.77,0.85,587700
OABC,20110623,14.45,14.54,14.23,14.38,15400
OBAF,20110623,14.82,14.89,14.7,14.89,23300
OBAS,20110623,6.8,6.8,6.8,6.8,0
OBCI,20110623,3.28,3.29,3.25,3.27,3900
OCC,20110623,3.98,4.19,3.98,4.19,6100
OCFC,20110623,12.95,13.3,12.95,13.16,59200
OCLR,20110623,6.11,6.34,6,6.3,2548000
OCLS,20110623,11.34,11.76,11.13,11.27,49500
OCZ,20110623,8.39,8.5,7.81,8.45,1776400
ODFL,20110623,24.1133,24.3,23.8,24.2467,236200
OFED,20110623,12.03,12.03,12.03,12.03,200
OFIX,20110623,41.21,42.02,40.9,41.79,194600
OFLX,20110623,12.99,12.99,12.48,12.98,15200
OGXI,20110623,17.67,17.95,16.79,17.23,51800
OIIM,20110623,6.29,6.37,6.2,6.35,30800
OINK,20110623,2.18,2.49,2.18,2.44,11600
OKSB,20110623,10.83,10.94,10.54,10.68,58300
OKSBP,20110623,25.91,25.91,25.91,25.91,0
OLBK,20110623,8.22,8.6,8.22,8.41,1600
OMAB,20110623,17.01,17.17,16.65,16.94,10400
OMCL,20110623,14.83,15,14.62,14.94,89400
OMER,20110623,4.31,4.99,4.3,4.69,199500
OMEX,20110623,3.11,3.13,2.95,3.05,2390800
OMPI,20110623,9.35,9.57,9,9.41,74200
ONCY,20110623,5.39,5.4,5.3,5.35,69000
ONEQ,20110623,103.9,105.69,103.42,105.69,4500
ONFC,20110623,8.62,8.76,8.6,8.62,2400
ONNN,20110623,9.83,10.17,9.77,10.13,8650000
ONTY,20110623,8.2,8.85,8.1,8.57,2876000
ONVI,20110623,3.93,3.93,3.93,3.93,0
ONXX,20110623,34.69,35.54,34.26,35.3,394900
OPEN,20110623,77.1,79.68,75.01,79.64,1142900
OPHC,20110623,0.74,0.74,0.67,0.72,1800
OPLK,20110623,17.07,18,16.89,17.83,308900
OPOF,20110623,10.4,10.68,10.35,10.48,4400
OPTR,20110623,12.48,12.48,12.21,12.31,699800
OPTT,20110623,4.06,4.24,3.96,4.01,23000
OPXA,20110623,6.48,6.68,6,6.48,165700
ORBC,20110623,3.17,3.2,3.12,3.12,108800
ORBK,20110623,12.51,12.68,12.37,12.53,160400
ORBT,20110623,4.76,4.76,4.55,4.61,2500
ORCL,20110623,31.91,32.55,31.33,32.46,54354600
OREX,20110623,1.6,1.68,1.55,1.63,700000
ORIT,20110623,12.6,12.74,12.46,12.61,264900
ORLY,20110623,63.09,64.65,62.95,64.6,1574500
ORRF,20110623,25.76,26.02,25.44,25.97,3600
OSBC,20110623,1.03,1.03,0.97,0.97,4000
OSBCP,20110623,3.3,3.45,3.3,3.35,3500
OSHC,20110623,12.1,12.12,12,12.12,11600
OSIR,20110623,6.95,7.25,6.94,7.24,33600
OSIS,20110623,40,41.96,39.81,41.68,250600
OSN,20110623,2.85,3.03,2.8,3,35800
OSTK,20110623,14.12,14.78,14.01,14.75,76800
OSUR,20110623,8.01,8.32,7.89,8.29,107300
OTEX,20110623,59.82,61.63,59.51,61.35,261600
OTIV,20110623,2.13,2.15,2.08,2.14,112100
OTT,20110623,17.6,17.87,17.31,17.55,33300
OTTR,20110623,20.77,20.95,20.6,20.89,93000
OUTD,20110623,5.97,6.11,5.88,6.08,61400
OVBC,20110623,16.65,16.68,16.5,16.6,2200
OVLY,20110623,6.02,6.02,6.02,6.02,0
OVRL,20110623,2.55,2.63,2.55,2.61,41300
OVTI,20110623,30.38,31.03,30.13,30.91,1935100
OXBT,20110623,3.1,3.55,2.42,2.52,440500
OXGN,20110623,2.6,2.77,2.5,2.54,671400
OXLC,20110623,18.85,18.86,18.85,18.86,1100
OZRK,20110623,24.905,25.375,24.565,25.23,75100
PAAS,20110623,29.5,30.55,29.39,30.52,1392700
PACB,20110623,10.88,10.88,10.34,10.58,568000
PACQ,20110623,9.44,9.44,9.44,9.44,100
PACQW,20110623,0.69,0.69,0.69,0.69,1000
PACR,20110623,4.63,4.78,4.63,4.74,375400
PACW,20110623,19.79,19.86,19.27,19.74,111800
PAGG,20110623,31.23,31.41,30.78,31.41,8700
PANL,20110623,33.15,34.28,32.55,33.98,1037400
PATH,20110623,7.15,7.31,7.09,7.18,67900
PATK,20110623,2.01,2.16,2,2.14,2200
PATR,20110623,23.28,23.4,21.19,21.67,52200
PAYX,20110623,29.35,30.83,29.3,30.57,6458700
PBCT,20110623,12.9,13,12.82,12.95,4651400
PBHC,20110623,9,9,9,9,0
PBIB,20110623,4.83,5.43,4.61,4.72,34800
PBIP,20110623,5.68,5.68,5.68,5.68,0
PCAR,20110623,47.98,49.28,47.55,49.09,2875300
PCBK,20110623,9.1,9.39,9.01,9.37,25300
PCCC,20110623,7.9,7.91,7.64,7.76,39400
PCH,20110623,35.04,35.16,34.34,34.88,197300
PCLN,20110623,474.24,490.69,473.1,490,1138700
PCOM,20110623,9.79,9.88,9.5,9.88,8200
PCRX,20110623,11.62,12.56,11.62,12.45,92700
PCTI,20110623,5.73,6.08,5.71,5.89,119100
PCYC,20110623,8.88,9.45,8.59,9.32,819000
PCYO,20110623,3.07,3.07,2.9,3.02,20400
PDCO,20110623,31.87,32.2,31.53,32.17,927600
PDEX,20110623,2.62,2.82,2.62,2.8,5400
PDFS,20110623,5.57,5.7,5.55,5.7,46300
PDII,20110623,6.52,6.7,6.26,6.5,47800
PDLI,20110623,5.87,5.94,5.73,5.94,1998800
PEBK,20110623,6.21,6.21,6.15,6.15,800
PEBO,20110623,10.86,11.26,10.65,11.25,15700
PEGA,20110623,40.65,42.31,40.6,42.06,176200
PENN,20110623,38.86,39.65,38.63,39.56,636300
PENX,20110623,5.32,5.36,5.27,5.3,9500
PEOP,20110623,14.04,14.08,13.98,14,5400
PERF,20110623,15.45,15.45,15.2,15.3,2100
PERY,20110623,23.77,24.12,22.88,24.08,341800
PESI,20110623,1.45,1.46,1.39,1.45,59100
PETM,20110623,44.28,45.12,44.04,45.03,700000
PETS,20110623,11.83,12.04,11.69,11.99,146000
PFBI,20110623,7.22,7.43,7.22,7.41,2600
PFBX,20110623,13.83,14,13.83,13.88,1200
PFIN,20110623,4.6,4.6,4.55,4.55,1400
PFLT,20110623,12.2,12.35,12.09,12.27,74600
PFSW,20110623,4.54,4.61,4.41,4.5,34200
PGC,20110623,11.38,11.88,11.36,11.78,23300
PGNX,20110623,6.77,6.98,6.54,6.9,255800
PGTI,20110623,1.68,1.95,1.68,1.81,66300
PHII,20110623,20.81,20.85,20.81,20.85,400
PHIIK,20110623,20.94,21.34,20.62,21.34,13200
PHMD,20110623,10.22,10.71,10.06,10.49,12000
PICO,20110623,27.52,27.58,27.1,27.54,60700
PKBK,20110623,7.9,7.92,7.8,7.8,300
PKOH,20110623,19.26,20.02,18.95,19.6,63700
PLAB,20110623,8.01,8.29,7.91,8.29,856000
PLBC,20110623,2.24,2.61,2.24,2.34,2700
PLCC,20110623,1.04,1.04,1.04,1.04,100
PLCE,20110623,44.05,45.16,43.74,44.74,819500
PLCM,20110623,29.22,30.62,28.895,30.575,1356200
PLNR,20110623,2.83,2.96,2.78,2.8,16400
PLPC,20110623,67.75,69.5,67.75,68.77,6500
PLTM,20110623,27.31,27.73,27.19,27.69,41800
PLUG,20110623,2.29,2.29,2.13,2.25,147500
PLUS,20110623,23.4,24,23.4,23.76,15400
PLXS,20110623,31.25,32.2,31.07,32.06,277600
PLXT,20110623,3.25,3.31,3.25,3.29,108200
PMBC,20110623,3.41,3.6,3.21,3.49,8900
PMCS,20110623,6.94,7.14,6.83,7.13,10114200
PMD,20110623,9.87,9.89,9.63,9.89,4400
PMFG,20110623,17.61,18.42,17.18,18.38,24600
PMNA,20110623,12.01,12.08,12,12.06,9000
PMTC,20110623,21.75,22.98,21.63,22.88,2148000
PMTI,20110623,9.5,9.99,9.37,9.86,146700
PNBK,20110623,1.98,2,1.98,1.98,600
PNFP,20110623,15.29,15.34,14.79,15.18,169700
PNNT,20110623,11.11,11.17,10.85,11.14,508100
PNQI,20110623,36.4,37.12,36.19,37.12,9200
PNRA,20110623,119.77,124.47,119.53,124.29,495200
PNRG,20110623,23.43,24.84,22.3,23.88,2600
PNTR,20110623,4.87,5.62,4.87,5.24,8000
PODD,20110623,19.48,19.99,18.86,19.77,1692600
POOL,20110623,27.96,28.73,27.77,28.58,198200
POPE,20110623,43.09,43.09,43.09,43.09,0
POWI,20110623,35.41,36.89,35.17,36.69,191600
POWL,20110623,32.92,34.06,32.9,33.64,18300
POWR,20110623,6.84,7.14,6.75,7.1,73700
POZN,20110623,4.42,4.53,4.42,4.49,68100
PPBI,20110623,6.59,6.6,6.51,6.53,1700
PPHM,20110623,1.75,1.75,1.71,1.74,271100
PRAA,20110623,83.2,84.87,82.56,84.65,83200
PRAN,20110623,1.76,1.81,1.72,1.77,111500
PRCP,20110623,5.87,5.95,5.69,5.86,28400
PRFT,20110623,9.22,9.76,9.22,9.75,259300
PRFZ,20110623,64.67,65.73,64.19,65.73,39400
PRGO,20110623,86.73,87.18,84.72,86.61,443100
PRGS,20110623,23.59,23.59,22.92,23.29,915000
PRGX,20110623,6.92,7,6.65,6.75,87200
PRIM,20110623,12.24,12.33,11.84,12.15,128100
PRKR,20110623,0.56,0.63,0.56,0.61,61800
PRLS,20110623,3.54,3.65,3.54,3.65,14800
PRMW,20110623,12.9,13,12.52,12.76,203100
PROV,20110623,7.73,7.99,7.73,7.99,2800
PRPH,20110623,0.79,0.86,0.79,0.84,13400
PRSC,20110623,12,12,11.34,11.65,54400
PRTS,20110623,6.97,7.2,6.93,7.16,48800
PRXI,20110623,1.56,1.62,1.56,1.61,29300
PRXL,20110623,22.5,22.8,22.2,22.76,307100
PSAU,20110623,43.72,44.08,42.95,44.08,3100
PSBH,20110623,4.85,5.02,4.85,5.02,900
PSCC,20110623,31.85,31.94,31.26,31.94,2800
PSCD,20110623,27.8,28.61,27.8,28.61,18300
PSCE,20110623,36.03,36.61,35.29,36.58,73900
PSCF,20110623,26.55,26.79,26.49,26.77,23500
PSCH,20110623,32.08,32.53,31.71,32.45,65700
PSCI,20110623,28.31,28.66,28.22,28.66,12600
PSCM,20110623,28.12,28.12,28.12,28.12,100
PSCT,20110623,29.33,30.14,29.24,30.05,27800
PSCU,20110623,29.04,29.43,28.98,29.33,16600
PSDV,20110623,4.15,4.25,4.1,4.25,30100
PSEC,20110623,10.15,10.15,10.01,10.14,2113600
PSEM,20110623,8.68,8.91,8.56,8.8,58900
PSMT,20110623,46,47.47,45.44,47.19,141400
PSTB,20110623,5.05,5.16,4.92,5.11,110100
PSTI,20110623,2.88,2.95,2.88,2.93,160600
PSTR,20110623,6,6.07,5.75,5.87,52100
PSUN,20110623,2.49,2.56,2.47,2.55,743900
PTEK,20110623,1.42,1.43,1.41,1.41,1600
PTEN,20110623,28.45,28.92,27.6,28.86,3338900
PTIE,20110623,9.55,9.55,8.68,9.24,607500
PTIX,20110623,1.98,1.98,1.98,1.98,0
PTNR,20110623,15.6,15.6,15.43,15.53,361100
PTRY,20110623,17.3,18.15,17.18,18.09,282100
PTSI,20110623,9.7,10.25,9.51,9.99,24200
PTSX,20110623,0.5,0.55,0.5,0.5,42000
PULB,20110623,7.14,7.15,7.1,7.15,6400
PURE,20110623,0.82,0.85,0.77,0.81,586100
PVFC,20110623,1.76,1.77,1.75,1.75,3400
PVTB,20110623,13.89,13.91,13.39,13.61,541900
PVTBP,20110623,26.25,26.6,26.15,26.6,2700
PWER,20110623,8.09,8.15,8.02,8.1,1792900
PWOD,20110623,36.32,36.32,34.8,35.9,5400
PWRD,20110623,18.47,18.54,18,18.41,810700
PWX,20110623,15.29,15.29,14.84,14.84,400
PXLW,20110623,2.39,2.5,2.37,2.46,87000
PZZA,20110623,31.98,32.6,31.96,32.5,108200
PZZI,20110623,2.5,2.5,2.45,2.5,29600
QABA,20110623,23.68,23.74,23.61,23.74,1200
QADA,20110623,10.11,10.28,9.66,10.22,9600
QADB,20110623,9.28,9.72,9,9.23,15200
QBAK,20110623,1.76,1.81,1.76,1.81,600
QCCO,20110623,3.99,3.99,3.9,3.98,700
QCLN,20110623,14.4,14.66,14.4,14.66,2800
QCOM,20110623,53.12,54.98,53.06,54.96,15571500
QCOR,20110623,23,23.6,22.62,23.47,758400
QCRH,20110623,9.12,9.15,9.01,9.01,1600
QDEL,20110623,14.73,14.96,14.45,14.86,188300
QGEN,20110623,18.76,19.14,18.58,19.13,3388200
QKLS,20110623,47.04,47.52,44.4,44.4,14300
QLGC,20110623,15.31,15.65,15.16,15.61,1348800
QLIK,20110623,32.93,33.33,31.83,33.27,758800
QLTI,20110623,6.91,7.18,6.83,7.07,139700
QLTY,20110623,12.62,12.89,12.53,12.79,91000
QNST,20110623,12.43,12.43,11.89,12.12,655600
QQEW,20110623,24.29,24.77,24.23,24.77,7900
QQQ,20110623,54.28,55.37,54.06,55.34,80743200
QQQX,20110623,13.67,13.88,13.66,13.88,68000
QQXT,20110623,22.6,22.84,22.6,22.84,1200
QSII,20110623,41.225,41.53,40.685,41.35,164900
QTEC,20110623,24.68,25.27,24.53,25.24,217100
QTWW,20110623,3.42,3.42,3.29,3.34,87800
QUIK,20110623,3.02,3.16,2.98,3.14,119800
RADA,20110623,4,4,3.85,4,9200
RAIL,20110623,24.17,24.77,23.68,24.71,55600
RAND,20110623,2.9,2.9,2.9,2.9,0
RAVN,20110623,26.175,27.02,25.96,26.995,47000
RBCAA,20110623,18.96,19.35,18.76,19.18,47000
RBCN,20110623,16.65,17.23,16.14,17.02,922900
RBNF,20110623,3,3.1,3,3.09,2100
RBPAA,20110623,1.31,1.47,1.3,1.4,1100
RCII,20110623,28.67,29.24,27.8,29.16,698800
RCKB,20110623,9.83,9.99,9.8,9.94,73300
RCKY,20110623,11.7,11.93,11.56,11.66,14500
RCMT,20110623,5.13,5.2,5.05,5.13,11100
RCON,20110623,2.71,2.99,2.5,2.8,59900
RDA,20110623,9.36,9.41,9.04,9.2,39700
RDCM,20110623,5.13,5.29,5.1,5.2,15800
RDEN,20110623,27.27,28.55,26.92,28.19,101700
RDI,20110623,4.75,4.85,4.67,4.72,74200
RDIB,20110623,6,6,6,6,300
RDNT,20110623,4.23,4.23,4.08,4.22,221700
RDWR,20110623,16.165,16.825,15.88,16.74,229400
RECN,20110623,11.8,12.09,11.67,12.05,185300
REDF,20110623,8.5,9.15,8.14,9.01,631500
REFR,20110623,4.72,4.79,4.65,4.73,30400
REGN,20110623,52.63,53.49,51.38,53.25,671900
REIS,20110623,8.69,8.94,8.37,8.85,17700
RELL,20110623,12.95,13.15,12.84,12.9,81000
RELV,20110623,1.88,2,1.88,1.91,5900
RENT,20110623,16.54,16.66,16.06,16.56,98200
REXI,20110623,6.1,6.1,5.95,5.98,12300
REXX,20110623,10.26,10.31,9.92,10.29,616800
RFIL,20110623,3.54,3.68,3.54,3.63,3100
RFMD,20110623,5.76,5.97,5.71,5.97,4731200
RGCO,20110623,16.25,16.25,15.695,15.975,14000
RGDX,20110623,2.75,2.85,2.58,2.7,5400
RGEN,20110623,3.59,3.7,3.41,3.56,183900
RGLD,20110623,57.08,58.04,56.22,58,540400
RICK,20110623,7.86,7.98,7.79,7.95,38200
RIGL,20110623,8.4,8.61,8.28,8.5,226100
RIMG,20110623,13.17,13.55,13.17,13.48,113400
RITT,20110623,8.05,8.99,7.6,8.75,269900
RIVR,20110623,16.25,16.25,16.25,16.25,0
RJET,20110623,4.45,4.72,4.45,4.67,863800
RLOC,20110623,17.77,19.22,17.77,19,217900
RLOG,20110623,6.97,6.97,6.8,6.8,4800
RMBS,20110623,14.13,14.54,14.04,14.44,1188900
RMCF,20110623,9.96,9.99,9.85,9.97,7900
RMKR,20110623,1.1,1.12,1.01,1.04,226800
RMTI,20110623,14.31,14.31,13.69,13.98,190000
RNET,20110623,17.08,17.14,16.64,16.93,6200
RNIN,20110623,5.6,5.65,5.5,5.5,29600
RNST,20110623,14.32,14.67,14.22,14.63,40200
RNWK,20110623,3.44,3.52,3.41,3.51,127100
ROCK,20110623,10.75,10.97,10.51,10.93,125600
ROCM,20110623,8.73,9.08,8.46,8.67,44300
ROIA,20110623,2,2,1.95,1.96,1900
ROIAK,20110623,1.96,1.98,1.9,1.92,179800
ROIC,20110623,10.6,10.76,10.52,10.66,138700
ROICW,20110623,0.7,0.75,0.69,0.75,12200
ROLL,20110623,37.78,37.96,36.66,37.93,159400
ROMA,20110623,9.53,9.65,9.5,9.64,10000
ROSE,20110623,45,46.59,43.68,46.45,1093100
ROSG,20110623,4.35,4.95,4.05,4.8,36200
ROST,20110623,38.705,39.625,38.645,39.545,1545500
ROVI,20110623,54.91,55.95,54.73,55.79,867800
ROYL,20110623,2.9,2.9,2.75,2.82,160800
RP,20110623,25.42,25.63,24.65,25.25,278600
RPRX,20110623,4.77,5.08,4.63,4.86,62700
RPTP,20110623,5.91,6.34,5.79,6.33,620100
RPXC,20110623,27.5,27.6,26.64,27.37,148600
RRD,20110623,19.06,19.3,18.77,19.29,2639100
RRGB,20110623,34.34,34.75,33.62,34.02,323200
RRST,20110623,6.91,7.06,6.65,6.95,1200
RSOL,20110623,2.72,2.85,2.57,2.65,121900
RSTI,20110623,31.74,31.94,30.42,31.89,184600
RSYS,20110623,7.2,7.49,7.11,7.4,65000
RTEC,20110623,10.18,10.6,10.12,10.54,106400
RTIX,20110623,2.96,3,2.81,2.89,977400
RUE,20110623,30.27,31.56,30,31.49,227600
RUSHA,20110623,17.87,18.43,17.85,18.37,73900
RUSHB,20110623,15.01,15.4,15.01,15.4,9900
RUTH,20110623,5.36,5.53,5.27,5.51,170000
RVBD,20110623,32.5,35.6,32.04,35.53,6192100
RVSB,20110623,2.94,3.08,2.93,3.04,4500
RYAAY,20110623,29.5,29.76,29.45,29.75,624300
SAAS,20110623,4.65,4.65,4.34,4.6,235700
SAFM,20110623,45.2,47.54,45.2,47,783600
SAFT,20110623,41.19,41.71,40.82,41.53,33000
SAIA,20110623,14.86,15.48,14.76,15.44,79700
SALM,20110623,3.32,3.34,3.15,3.2,9500
SANM,20110623,9.41,9.48,9.2,9.47,816100
SANW,20110623,4.3,4.34,4.21,4.34,7100
SANWW,20110623,0.62,0.62,0.41,0.55,6400
SANWZ,20110623,0.23,0.23,0.23,0.23,0
SAPE,20110623,14.2,14.52,14.12,14.5,791300
SASR,20110623,17.85,18,17.35,17.75,31100
SATS,20110623,34.97,35.42,34.52,35.19,231700
SAVE,20110623,11.93,12.05,11.8,12.05,352600
SBAC,20110623,37.82,38.6,37.71,38.53,1870000
SBBX,20110623,6.36,6.5,6.3,6.49,7600
SBCF,20110623,1.59,1.61,1.56,1.57,670000
SBGI,20110623,10.23,10.51,9.97,10.35,875600
SBLK,20110623,31.65,31.65,30.75,31.65,94700
SBNY,20110623,54.49,56,54,55.68,236400
SBNYW,20110623,31.59,31.59,31.59,31.59,0
SBRA,20110623,16.29,16.75,16.18,16.42,227400
SBSA,20110623,0.72,0.75,0.67,0.74,41400
SBSI,20110623,18.95,19.36,18.71,19.31,32400
SBUX,20110623,36.87,37.74,36.81,37.73,9673900
SCBT,20110623,28.46,28.54,27.96,28.37,10100
SCHL,20110623,25.54,25.54,24.78,25.34,132300
SCHN,20110623,52.29,53.56,51.34,53.4,343600
SCLN,20110623,5.66,5.8,5.53,5.8,464400
SCMP,20110623,4.08,4.14,4.03,4.08,21000
SCOK,20110623,4.73,4.88,4.59,4.79,140400
SCON,20110623,26.76,27.48,25.08,27.48,84700
SCOR,20110623,25.26,26.02,25.05,25.95,165000
SCSC,20110623,35.04,36.3,34.53,36.19,86600
SCSS,20110623,16.45,17.01,16.06,16.96,994200
SCVL,20110623,19.1667,20,19,19.6867,94800
SDBT,20110623,2.41,2.41,2.41,2.41,700
SDIX,20110623,2.09,2.09,2,2.03,7500
SEAC,20110623,10.2,10.58,10.16,10.56,77400
SEED,20110623,4.08,4.4,3.92,4.02,321200
SEIC,20110623,21.61,21.66,21.22,21.48,974700
SENEA,20110623,24,24.94,23.65,24.85,27400
SENEB,20110623,24.29,24.7,24.29,24.7,500
SEV,20110623,6.5,6.5,6.5,6.5,400
SFLY,20110623,51.47,53.39,51.04,53.3,515700
SFNC,20110623,24.54,24.87,24.35,24.85,13800
SFST,20110623,8.15,8.15,8.15,8.15,300
SGC,20110623,10.68,10.68,10.68,10.68,0
SGEN,20110623,19.83,20.28,19.62,20.22,1138900
SGI,20110623,15.56,16.37,15.26,16.25,412500
SGMA,20110623,4.58,4.59,4.52,4.53,26200
SGMO,20110623,5.5,5.8,5.45,5.76,308100
SGMS,20110623,9.55,9.73,9.46,9.72,603600
SGNT,20110623,28.02,28.44,26.51,28.11,97700
SGOC,20110623,3.2,3.45,2.69,3,30900
SGRP,20110623,1.22,1.22,1.15,1.15,5900
SHBI,20110623,6.8,7.11,6.8,7.07,5000
SHEN,20110623,16.93,17.31,16.78,17.21,44800
SHFL,20110623,8.92,9.03,8.82,8.95,324400
SHIP,20110623,0.36,0.36,0.33,0.35,20500
SHLD,20110623,70.9,72.36,70,71.5,398700
SHLM,20110623,24.36,24.48,24,24.41,205600
SHLO,20110623,10,10.35,9.85,10.19,7200
SHOO,20110623,35.13,36.01,34.96,35.96,302400
SHOR,20110623,9.34,10.27,9.26,10.18,356600
SIAL,20110623,68,68.89,67.16,68.82,632400
SIEB,20110623,1.69,1.75,1.67,1.74,600
SIFI,20110623,10.05,10.25,10,10.1,6100
SIFY,20110623,4.06,4.34,4.03,4.3,809700
SIGA,20110623,10.9,11.09,10.65,11,433700
SIGI,20110623,15.64,15.77,15.5,15.68,137100
SIGM,20110623,7.81,8.16,7.79,8.07,403300
SILC,20110623,18.39,18.84,18,18.61,18800
SIMG,20110623,6.08,6.34,6.01,6.34,777500
SIMO,20110623,10.31,10.62,10.04,10.61,351900
SINA,20110623,83.69,89.9,83.13,87.9,13811100
SINO,20110623,1.39,1.45,1.36,1.45,1600
SIRI,20110623,1.99,2.05,1.97,2.04,86571700
SIRO,20110623,51.23,52.27,50.3,52.05,484900
SIVB,20110623,57.17,57.61,56.93,57.42,621900
SIVBO,20110623,25.17,25.17,25.02,25.02,600
SKBI,20110623,3.4,3.4,3.12,3.26,8000
SKYW,20110623,14.67,14.98,14.54,14.93,243100
SLAB,20110623,38.64,39.76,38.54,39.75,600900
SLGN,20110623,39.81,40.13,39.18,40.05,847000
SLMAP,20110623,47.32,47.47,47.31,47.31,400
SLP,20110623,2.8,2.85,2.79,2.84,12000
SLRC,20110623,24.45,24.63,24.31,24.46,292800
SLTC,20110623,5.25,5.43,4.7,5.11,10200
SLTM,20110623,2.56,2.68,2.53,2.67,64500
SLXP,20110623,37.13,39.11,36.95,38.7,1392600
SMBC,20110623,20.53,20.53,20.53,20.53,0
SMCI,20110623,15.91,16.59,15.76,16.58,152400
SMED,20110623,4.04,4.14,3.91,4.06,40800
SMIT,20110623,3.35,3.35,3.35,3.35,0
SMMF,20110623,3.51,3.67,3.51,3.62,1200
SMRT,20110623,8.85,9.26,8.83,9.21,131500
SMSI,20110623,4.11,4.13,3.96,4.07,688900
SMT,20110623,5.75,5.78,5.67,5.75,446800
SMTC,20110623,24.8,25.95,24.69,25.89,671300
SMTX,20110623,2.04,2.1,2.04,2.07,35700
SNAK,20110623,4.02,4.02,3.91,4.01,12900
SNBC,20110623,3.37,3.48,3.26,3.26,217500
SNCR,20110623,29.93,30.57,29.53,30.47,165400
SNDK,20110623,41.98,43.1,41.57,42.88,6837600
SNFCA,20110623,1.42,1.51,1.42,1.51,1100
SNHY,20110623,29,29.8733,28.7267,29.82,37700
SNMX,20110623,4.76,4.95,4.69,4.9,198500
SNPS,20110623,25.24,25.67,25.13,25.58,785200
SNSS,20110623,2,2.03,1.96,2.02,177700
SNTA,20110623,4.37,4.52,4.3,4.51,79500
SNTS,20110623,3.14,3.22,3.14,3.22,133700
SOCB,20110623,3.25,3.25,3.2,3.2,600
SODA,20110623,51.53,53.65,50.1,53.12,1353500
SOFO,20110623,13.02,13.25,13,13.18,2900
SOHU,20110623,67.47,69.7,66.63,69.59,2719400
SOMH,20110623,8.4,8.4,8.22,8.25,7000
SONA,20110623,6.58,6.75,6.51,6.63,3300
SONC,20110623,10.42,10.56,10.05,10.45,2142200
SONS,20110623,3.03,3.21,3,3.21,2421600
SORL,20110623,3.82,3.83,3.68,3.77,98100
SOXX,20110623,53.14,54.48,52.74,54.42,177700
SPAN,20110623,14.7,14.75,14.42,14.73,1400
SPAR,20110623,5.19,5.21,4.91,5.14,252800
SPBC,20110623,11.84,11.84,11.84,11.84,100
SPCHA,20110623,2.04,2.08,2.04,2.08,600
SPCHB,20110623,2.42,2.42,2.42,2.42,0
SPEX,20110623,57.4,58,53.6,56.8,12300
SPIL,20110623,6.14,6.24,6.05,6.23,1764400
SPIR,20110623,2.35,2.41,2.27,2.41,19900
SPLS,20110623,15.3,15.39,15.05,15.28,16986700
SPMD,20110623,3.81,3.88,3.76,3.78,99900
SPNC,20110623,5.53,5.78,5.45,5.74,75900
SPNS,20110623,3.48,3.48,3.38,3.39,2500
SPPI,20110623,8.26,8.44,8.09,8.44,1146400
SPPR,20110623,0.94,1.01,0.93,1.01,10800
SPPRO,20110623,21.5,21.5,21.5,21.5,0
SPPRP,20110623,8.05,8.05,8.05,8.05,2400
SPRD,20110623,12.75,13.45,12.45,13.22,4032600
SPRO,20110623,2.11,2.11,2.09,2.09,300
SPRT,20110623,4.34,4.66,4.32,4.65,128600
SPSC,20110623,16.43,16.43,15.84,16.26,58900
SPTN,20110623,18.36,19.01,18.28,19,201700
SPU,20110623,2.46,2.65,2.46,2.62,55800
SQI,20110623,17.42,17.45,16.78,17.34,67000
SQNM,20110623,7.34,7.5,7.22,7.48,1096800
SQQQ,20110623,115.88,117.12,109.08,109.24,2137400
SRCE,20110623,20.37,20.51,19.88,20.29,15500
SRCL,20110623,87.16,87.53,86.2,86.98,623800
SRDX,20110623,11.1,11.18,10.82,11.06,60600
SREV,20110623,18.6,20.45,18.6,20.03,928700
SSBI,20110623,6.54,6.66,6.43,6.57,7100
SSFN,20110623,5,5,4.95,4.95,14900
SSNC,20110623,18.75,19.17,18.65,19.08,209700
SSRI,20110623,25.63,25.89,24.99,25.83,1013600
SSRX,20110623,15.41,15.47,15.18,15.42,46600
SSYS,20110623,31.25,33.09,30.9,32.99,243000
STAA,20110623,5.01,5.13,4.93,5.07,69700
STAN,20110623,14.97,15.25,14.82,15.22,107600
STBA,20110623,17.58,17.79,17.22,17.67,71700
STBZ,20110623,16.95,17.16,16.21,16.75,164900
STEC,20110623,17.09,17.59,16.87,17.57,1785300
STEI,20110623,6.74,6.87,6.6,6.85,526000
STEL,20110623,11.66,11.91,11.37,11.76,41500
STEM,20110623,0.59,0.6,0.57,0.58,719000
STFC,20110623,16.09,16.35,15.94,16.31,25400
STKL,20110623,6.68,6.87,6.68,6.84,193300
STLD,20110623,15.58,15.82,15.38,15.8,3723400
STLY,20110623,4.22,4.6,4.21,4.48,20200
STMP,20110623,12.31,12.66,12.21,12.59,36500
STND,20110623,15.28,15.28,15.28,15.28,0
STNR,20110623,44.11,45.06,44,44.71,80100
STRA,20110623,122.86,128,120.1,125.37,197500
STRL,20110623,13,13.3,12.68,13.28,56300
STRM,20110623,1.99,2.03,1.97,2.02,12600
STRN,20110623,6.78,6.78,6.78,6.78,0
STRS,20110623,13.55,13.75,13.42,13.75,500
STRT,20110623,20.89,20.89,20.01,20.14,4200
STSA,20110623,17.3,17.4,16.07,16.09,271400
STX,20110623,14.82,15.82,14.82,15.72,18286500
STXS,20110623,33.6,34.8,33,34.5,343700
SUBK,20110623,13.63,13.92,13.57,13.85,27900
SUMR,20110623,8.15,8.49,8.11,8.45,18400
SUNS,20110623,17.34,17.89,17.19,17.82,27000
SUPX,20110623,20.77,21.37,20.68,21.19,41000
SURG,20110623,5.43,5.53,5.26,5.48,122200
SUSQ,20110623,7.7,7.75,7.52,7.66,2635100
SUTR,20110623,1.27,1.32,1.26,1.32,48000
SVA,20110623,2.9,3.23,2.87,3.21,280200
SVBI,20110623,3.36,3.36,3.2,3.2,1800
SVNT,20110623,6.91,6.91,6.7,6.87,1549600
SVVC,20110623,14.6,14.6,14.25,14.38,3900
SWHC,20110623,2.75,2.85,2.69,2.7,495000
SWIR,20110623,11.73,11.73,11.44,11.53,110800
SWKS,20110623,22.03,23.32,21.82,23.28,5619500
SWSH,20110623,5.72,5.72,5.51,5.54,1041900
SYBT,20110623,22.71,23.05,22.55,23.05,10000
SYBTP,20110623,11.16,11.16,11.16,11.16,0
SYKE,20110623,20.51,21.2,20.27,21.12,361000
SYMC,20110623,18.63,18.97,18.54,18.93,7230400
SYMM,20110623,5.32,5.61,5.29,5.54,129600
SYMX,20110623,2.02,2.02,1.81,1.93,193800
SYNA,20110623,25.6,26.41,25.55,26.14,379700
SYNL,20110623,11.53,11.88,11.49,11.62,2700
SYNM,20110623,18.2,19.4,18.2,19.3,247700
SYNT,20110623,55.32,55.61,54.39,55.11,225600
SYPR,20110623,3.55,3.61,3.42,3.61,5900
SYUT,20110623,9.3,9.64,9.17,9.62,40000
SZYM,20110623,22.22,22.23,20.88,21.31,128500
TACT,20110623,11.19,11.44,11.13,11.27,14700
TAIT,20110623,1.29,1.29,1.29,1.29,0
TASR,20110623,4.23,4.38,4.17,4.38,421200
TAST,20110623,9.38,9.79,9.35,9.58,82700
TATT,20110623,5.37,5.37,5.35,5.37,400
TAXI,20110623,9.47,9.55,9.37,9.52,25700
TAYC,20110623,8,8.29,7.9,8.27,6100
TAYCP,20110623,23.43,23.43,23.39,23.39,800
TAYD,20110623,5.85,5.87,5.63,5.68,4600
TBAC,20110623,2.14,2.14,2.14,2.14,100
TBBK,20110623,9.55,9.86,9.39,9.78,123000
TBNK,20110623,19.98,20.19,19.98,20.17,29200
TBOW,20110623,1.96,2.02,1.96,2.02,45600
TCBI,20110623,25.34,25.6,25.08,25.4,234700
TCBIW,20110623,14.2,14.2,14.2,14.2,0
TCBK,20110623,14.07,14.28,13.89,14.24,6900
TCCO,20110623,8.28,8.32,8.06,8.17,5800
TCRD,20110623,12.75,12.81,12.72,12.76,42300
TEAR,20110623,1.7,1.8,1.64,1.77,9700
TECD,20110623,45.69,46.87,45.56,46.79,489000
TECH,20110623,78.48,79.01,77.29,78.86,77200
TECUA,20110623,9.87,10.35,9.75,10.34,31600
TECUB,20110623,9.86,9.94,9.86,9.94,200
TELK,20110623,18,19.5,18,18.6,8700
TESO,20110623,18.01,18.14,17.16,18.04,176800
TESS,20110623,11.44,11.81,11.03,11.68,49700
TFCO,20110623,3.77,3.93,3.76,3.88,700
TFM,20110623,38.02,39.56,37.59,39.53,347800
TFSL,20110623,9.52,9.58,9.4,9.45,197600
TGA,20110623,10.94,11.35,10.51,11.32,309800
TGE,20110623,5.76,6,5.72,5.95,17000
THFF,20110623,32.55,32.87,32.22,32.67,23400
THLD,20110623,1.69,1.7,1.65,1.68,53700
THOR,20110623,30.72,30.95,29.94,30.47,1044000
THRD,20110623,21.63,21.63,21.63,21.63,0
THRX,20110623,21.77,22.03,21.01,21.92,204900
THTI,20110623,3.54,3.69,3.5,3.5,2200
TIBX,20110623,25.25,26.26,24.86,26,6058900
TICC,20110623,9.69,9.76,9.57,9.72,144500
TIGR,20110623,4.4,4.4,4.29,4.31,5000
TINY,20110623,4.99,5.14,4.96,5.13,149600
TISA,20110623,2.12,2.36,2.11,2.29,128800
TITN,20110623,28.94,29.12,28.08,28.94,271800
TIVO,20110623,10.04,10.14,9.85,10.1,2038400
TKMR,20110623,2.5,2.58,2.47,2.58,2100
TLAB,20110623,4.35,4.45,4.27,4.4,6878400
TLF,20110623,5.07,5.07,5.05,5.05,1100
TMNG,20110623,2.35,2.39,2.31,2.39,4300
TNAV,20110623,15.77,16.5,15.61,16.48,253100
TOFC,20110623,8.2,8.2,8.02,8.02,400
TOPS,20110623,0.4,0.4,0.35,0.36,108400
TORM,20110623,16.39,16.95,16.28,16.51,7500
TOWN,20110623,13.1,13.13,12.68,13.04,29200
TPGI,20110623,3.22,3.39,3.22,3.26,98200
TQNT,20110623,10.46,10.83,10.33,10.82,3709100
TQQQ,20110623,35.47,37.74,35.14,37.69,604700
TRAK,20110623,21.43,21.99,21.07,21.93,137300
TREE,20110623,4.86,4.89,4.78,4.81,16600
TRGT,20110623,21.4,21.74,21.02,21.65,132900
TRIB,20110623,9.88,9.94,9.77,9.87,44300
TRIT,20110623,7.4,7.7,7.25,7.61,23100
TRLG,20110623,27.01,28.17,26.78,28.06,236200
TRMB,20110623,18.81,19.205,18.505,19.17,770900
TRMD,20110623,41.6,41.7,40.5,41,4300
TRMK,20110623,22.89,22.89,22.37,22.76,326100
TRNS,20110623,10.02,10.22,9.75,10.14,2800
TRNX,20110623,27.47,28.32,27.04,27.5,55700
TROW,20110623,56.86,57.17,55.94,57.08,2391200
TRS,20110623,22.84,23.22,22.06,23,237500
TRST,20110623,5.1,5.17,4.97,5.06,324700
TSBK,20110623,4.93,5,4.91,4.95,13700
TSCO,20110623,64.25,66.38,64.25,66.2,752000
TSEM,20110623,16.95,17.25,16.8,16.95,742900
TSLA,20110623,27.2,27.72,26.21,27.71,1169900
TSON,20110623,4.45,4.52,4.45,4.51,13700
TSPT,20110623,10.1,10.24,10.07,10.23,46800
TSRA,20110623,15.96,16.29,15.75,16.23,291700
TSRI,20110623,4.65,4.65,4.61,4.62,1300
TSRX,20110623,7.47,7.7,7.35,7.39,29500
TST,20110623,3.06,3.14,3.04,3.11,17600
TSTC,20110623,5.5,5.63,5.45,5.57,80900
TSYS,20110623,4.63,4.75,4.52,4.75,243200
TTEC,20110623,19.59,20.25,19.5,20.14,227400
TTEK,20110623,22.01,22.21,21.78,22.15,434300
TTGT,20110623,6.86,7.17,6.86,7.07,12500
TTHI,20110623,3.01,3.01,2.9,2.9,9400
TTMI,20110623,14.85,15.42,14.53,15.38,1087200
TTWO,20110623,14.74,15.3,14.65,15.21,2608300
TUES,20110623,4.29,4.36,4.17,4.33,343600
TWER,20110623,4.99,5.15,4.9,5.03,207500
TWGP,20110623,22.99,23.14,22.57,23.05,169900
TWIN,20110623,32.64,33.86,32.26,33.86,47200
TWMC,20110623,1.96,1.99,1.94,1.94,500
TWTC,20110623,20.21,20.35,19.99,20.33,559800
TXCC,20110623,3.12,3.23,3.09,3.22,23000
TXN,20110623,31.39,32.18,31.26,32.12,12057200
TXRH,20110623,16.71,17.46,16.65,17.27,963300
TYPE,20110623,13.47,14.01,13.17,13.83,163600
TZOO,20110623,57.51,61.5,57.51,61.25,1847100
TZYM,20110623,4.1,4.1,4.01,4.07,2400
UACL,20110623,15.5,16.32,15.47,15.86,6400
UBCP,20110623,8.83,8.85,8.83,8.85,200
UBFO,20110623,3.17,3.17,3.02,3.07,2300
UBNK,20110623,15.24,15.45,14.97,15.31,24100
UBOH,20110623,8.93,9.12,8.9,9.12,1600
UBSH,20110623,12.55,12.6,12.14,12.18,69200
UBSI,20110623,23.63,23.96,23.36,23.65,272300
UCBA,20110623,6.55,6.6,6.5,6.5,700
UCFC,20110623,1.15,1.19,1.11,1.15,15200
UCTT,20110623,8.27,8.64,8.16,8.53,115700
UEIC,20110623,24.41,25.21,24.41,25.05,54200
UEPS,20110623,8.02,8.54,8.02,8.53,196200
UFCS,20110623,17.77,17.86,17.51,17.84,49900
UFPI,20110623,26.8,26.8,26.42,26.65,117300
UFPT,20110623,16.64,17.3,16.64,17.24,41800
UG,20110623,14.74,14.8,14.74,14.8,400
UHAL,20110623,93.85,95.28,91.5,94.59,30900
ULBI,20110623,4.71,4.8,4.67,4.8,57100
ULGX,20110623,1.04,1.04,1.01,1.02,24100
ULTA,20110623,60.74,62.83,60.25,62.58,913000
ULTI,20110623,52.16,52.99,52.16,52.88,236200
ULTR,20110623,4.83,4.99,4.76,4.99,62400
UMBF,20110623,40.36,40.36,39.61,40.03,175000
UMPQ,20110623,11.25,11.28,11.04,11.23,985100
UNAM,20110623,9.89,9.94,9.67,9.87,7100
UNB,20110623,19.95,19.96,19.74,19.83,400
UNFI,20110623,41.35,41.99,41.08,41.78,124200
UNIS,20110623,4.37,4.48,4.31,4.4,297200
UNTD,20110623,5.98,6,5.84,5.98,1602900
UNTK,20110623,7.89,8.06,7.69,7.87,210400
UNTY,20110623,6.71,6.84,6.62,6.84,900
UNXL,20110623,6.53,6.53,6.4,6.4,300
UPI,20110623,7.4,7.51,7.2,7.46,117300
URBN,20110623,28.29,29.32,28.1,29.26,3806400
URRE,20110623,15.6,15.8,15.2,15.8,971500
USAK,20110623,9.99,10.38,9.75,10.09,55600
USAP,20110623,41.04,43.02,40.26,42.63,127300
USAT,20110623,2.35,2.36,2.25,2.35,301800
USATP,20110623,18.93,18.93,18.93,18.93,0
USATZ,20110623,1.34,1.5,1.29,1.48,18400
USBI,20110623,6,6.01,5.6,5.67,7000
USCR,20110623,8.23,8.24,8.17,8.17,400
USEG,20110623,4.03,4.18,3.92,4.17,146900
USLM,20110623,38.01,38.76,37.65,38.76,1300
USMO,20110623,16.19,16.19,15.36,15.95,186300
USTR,20110623,34.14,34.29,33.6,34.09,316800
UTEK,20110623,29.59,30.35,28.51,30.26,486100
UTHR,20110623,53.56,54.58,53.2,54.38,1049700
UTIW,20110623,19.82,20.1,19.32,19.83,903200
UTMD,20110623,26.9,26.9,26.57,26.57,1100
UTSI,20110623,4.56,4.71,4.5,4.5,1011000
UVSP,20110623,15.67,15.79,15.48,15.67,9700
VALU,20110623,13.59,14.02,13.52,13.94,12900
VALV,20110623,1.55,1.57,1.5,1.51,99800
VASC,20110623,11.74,12.12,11.69,12.1,32000
VBFC,20110623,2.62,2.62,2.62,2.62,100
VCBI,20110623,5.5,5.63,5.47,5.56,37500
VCIT,20110623,81.27,81.46,81.21,81.32,44900
VCLK,20110623,16.65,16.86,16.37,16.84,732300
VCLT,20110623,80.18,80.19,79.63,79.92,23700
VCSH,20110623,78.6,78.79,78.59,78.76,87400
VDSI,20110623,11.51,12.04,11.35,12.02,120100
VECO,20110623,48.04,48.16,46.54,48.04,2379100
VELT,20110623,15.03,15.43,14.7,15.3,160300
VGIT,20110623,62.97,63.19,62.97,63.16,6900
VGLT,20110623,62.72,62.8,62.64,62.7,16600
VGSH,20110623,61.03,61.06,61.03,61.05,84000
VIA,20110623,55.42,55.45,54.86,55.37,22000
VIAB,20110623,47.97,48.06,47.38,47.88,4762800
VIAS,20110623,19.72,19.95,19.05,19.85,21400
VICL,20110623,4.04,4.05,3.82,4.05,1341100
VICR,20110623,15.32,15.74,15.1,15.64,58500
VIDE,20110623,3.71,3.89,3.6,3.85,3400
VIFL,20110623,4.7,4.85,4.7,4.84,2000
VIMC,20110623,2,2.19,1.97,2.06,31200
VIRC,20110623,2.9,2.9,2.9,2.9,0
VISN,20110623,52.6,53.2,49.8,51.8,162300
VITC,20110623,4.16,4.85,4.16,4.53,678000
VIVO,20110623,24.43,24.44,23.85,24.03,330900
VLCCF,20110623,21.23,21.61,21.16,21.46,129400
VLGEA,20110623,26.88,27.52,26.88,27.49,9500
VLTR,20110623,22.79,23.49,22.71,23.45,174800
VLYWW,20110623,2.51,2.51,2.51,2.51,0
VMBS,20110623,51.31,51.6,51.31,51.56,7100
VMED,20110623,30.49,30.89,30.09,30.87,2746200
VNDA,20110623,7,7.21,6.92,7.18,79500
VNET,20110623,11.1,13.08,11.1,13,116800
VNQI,20110623,49.88,50.09,49.5,50.09,142500
VOCS,20110623,27.57,29.96,27.51,29.55,157300
VOD,20110623,26.19,26.54,26.06,26.53,10737100
VOLC,20110623,30.41,31,30.12,30.84,247500
VONE,20110623,58.47,59.02,58.16,58.9,44900
VONG,20110623,59.65,60.32,59.53,60.32,1900
VONV,20110623,57.73,57.73,57.28,57.72,7600
VOXX,20110623,7.21,7.47,7.15,7.42,54900
VPFG,20110623,13.79,13.79,13.25,13.5,119100
VPHM,20110623,17.62,18.05,17.34,17.95,519600
VPRT,20110623,46.37,47.05,46.17,46.84,603700
VRA,20110623,39.52,40.5,39.14,40.31,366200
VRML,20110623,3.75,3.79,3.62,3.75,127500
VRNM,20110623,1.65,1.65,1.56,1.6,10500
VRNT,20110623,34.33,35.05,34.33,35.04,234200
VRSK,20110623,33.9,34.35,33.77,34.33,1116600
VRSN,20110623,32.73,33.09,32.43,33.07,2209500
VRTA,20110623,1.12,1.26,1.12,1.26,4300
VRTB,20110623,1.42,1.46,1.36,1.45,11300
VRTS,20110623,56.84,57.92,56.81,57.61,15800
VRTU,20110623,17.4,17.4,16.9,17.2,117900
VRTX,20110623,46.49,48.15,45.89,48.02,2696800
VSAT,20110623,42.07,42.59,41.52,42.55,140000
VSBN,20110623,11.73,11.73,11.73,11.73,0
VSCI,20110623,2.5,2.52,2.42,2.52,41400
VSCP,20110623,1.71,1.79,1.71,1.76,14800
VSEC,20110623,26.67,27.18,25.53,25.7,31700
VTHR,20110623,58.68,59.35,58.44,59.35,10700
VTNC,20110623,13.47,13.52,13.24,13.32,31300
VTSS,20110623,4.13,4.13,4.05,4.07,26400
VTUS,20110623,15.92,16.17,15.27,15.7,23900
VTWG,20110623,64.88,66.02,64.35,66.01,1000
VTWO,20110623,62.43,63.46,62.02,63.46,17000
VTWV,20110623,60.13,60.5,59.61,60.5,2400
VVTV,20110623,8.01,8.31,7.82,8.19,548400
VVUS,20110623,7.69,7.7,7.56,7.62,2001900
VXUS,20110623,48.74,49.16,48.36,49.16,25800
VYFC,20110623,4.9,4.96,4.7,4.95,1800
WABC,20110623,48.03,48.31,47.14,47.96,92000
WAFD,20110623,15.75,15.75,15.42,15.5,716700
WASH,20110623,22.57,23.08,22.4,23.03,23100
WAVX,20110623,2.6,2.81,2.42,2.8,524900
WAYN,20110623,8.3,8.32,8.1,8.15,2400
WBCO,20110623,13.08,13.08,12.9,12.94,39700
WBKC,20110623,14.61,14.8,14.51,14.8,1900
WBMD,20110623,45.02,47.06,45.02,47,487700
WBSN,20110623,24.99,25.48,24.8,25.4,135800
WCRX,20110623,23.74,23.83,23.2,23.82,1700200
WDC,20110623,34.16,37.09,34.16,37.01,6830700
WDFC,20110623,38.05,40.17,38.02,39.49,90300
WEBM,20110623,8.75,8.75,8.19,8.68,26900
WERN,20110623,24.24,24.68,24.07,24.62,226800
WEYS,20110623,22.86,23.06,22.58,22.88,7100
WFD,20110623,8.17,8.26,8.04,8.18,25900
WFM,20110623,59.3,61.27,59.26,61.17,1802200
WIBC,20110623,3,3.03,2.93,2.95,294600
WIFI,20110623,8.78,9.2,8.53,9.13,180700
WILC,20110623,7.05,7.05,7.01,7.04,1300
WILN,20110623,7.45,7.51,7.26,7.5,107500
WIN,20110623,13.11,13.17,12.96,13.14,4556000
WINA,20110623,37.09,38.35,36.81,38.19,14100
WIRE,20110623,22.5,23.21,22.33,23.15,142400
WLB,20110623,18.63,19,17.66,18.37,72700
WLBPZ,20110623,31.4,31.4,31.4,31.4,400
WLDN,20110623,4.2,4.2,4.2,4.2,0
WLFC,20110623,13.16,13.21,13,13,2200
WMAR,20110623,10.08,10.3,9.98,10.3,16900
WMGI,20110623,14.48,14.58,14.18,14.52,440100
WOOD,20110623,41.35,42.02,41.21,41.98,17600
WOOF,20110623,20.05,20.52,19.75,20.49,1732400
WPCS,20110623,2.9,2.94,2.85,2.94,124600
WPPGY,20110623,59.09,59.44,58.49,59.44,53000
WPRT,20110623,21.21,21.67,20.27,21.44,668400
WRES,20110623,3.68,3.68,3.52,3.62,385100
WRLD,20110623,60.17,63.54,59.51,63.49,321100
WRLS,20110623,6.06,6.48,5.82,6.31,43600
WSB,20110623,2.75,2.75,2.75,2.75,100
WSBC,20110623,18.94,19.17,18.76,19.12,41800
WSBF,20110623,2.36,2.49,2.31,2.42,25700
WSCI,20110623,5.81,5.81,5.62,5.7,6700
WSFS,20110623,38.45,39.26,37.52,39.07,14300
WSTG,20110623,13.17,13.25,13.15,13.25,1700
WSTL,20110623,3.57,3.59,3.48,3.59,416400
WTBA,20110623,7.41,7.61,7.31,7.54,11000
WTFC,20110623,31.5,31.55,30.89,31.11,241600
WTFCW,20110623,14.97,14.97,14.97,14.97,0
WVFC,20110623,9.02,9.02,9.02,9.02,0
WVVI,20110623,3.21,3.38,3.2,3.2,5000
WWD,20110623,32.3,32.69,31.5,32.6,297200
WWWW,20110623,11.26,11.78,10.9,11.33,332800
WYNN,20110623,131.38,132.91,128.91,132.85,1931300
XBKS,20110623,3.93,3.95,3.9,3.9,2200
XIDE,20110623,7.18,7.39,6.96,7.28,878100
XLNX,20110623,33.79,35,33.65,34.97,5459400
XNPT,20110623,6.95,7.05,6.78,6.99,450400
XOMA,20110623,2.26,2.26,2.17,2.26,238700
XRAY,20110623,37.94,38.03,37.15,37.8,2449300
XRTX,20110623,9.28,10,9.15,9.92,316400
XTEX,20110623,17.66,18,17.61,17.87,148300
XTXI,20110623,10.65,11.25,10.57,11.23,461700
XWES,20110623,3.41,3.41,3.1,3.2,8400
XXIA,20110623,12.31,12.77,11.97,12.57,256800
YAVY,20110623,1.96,1.96,1.89,1.92,21600
YHOO,20110623,15.08,15.09,14.72,15.08,32524600
YNDX,20110623,30.26,31.2,29.8,31.17,844200
YORW,20110623,16.84,17.14,16.83,17.14,9700
YRCW,20110623,0.82,0.99,0.77,0.94,6699700
ZAGG,20110623,14.64,15.85,13.8,15.02,5551900
ZBRA,20110623,40.3,41.12,39.81,41.01,166600
ZEUS,20110623,25.56,26.11,25.04,26.01,43700
ZGNX,20110623,4.19,4.19,3.75,3.93,65100
ZHNE,20110623,2.15,2.26,2.15,2.26,21400
ZIGO,20110623,11.59,12.25,11.27,12.05,32500
ZINC,20110623,11.32,11.6,10.84,11.54,431600
ZION,20110623,22.7,22.84,22.38,22.72,2314800
ZIONW,20110623,6.35,6.35,6.35,6.35,0
ZIOP,20110623,5.86,6.15,5.84,6.13,321600
ZIPR,20110623,2.13,2.14,2.13,2.13,1900
ZIXI,20110623,3.54,3.65,3.53,3.64,717600
ZLCS,20110623,2.11,2.22,2.07,2.18,886400
ZN,20110623,5.61,5.75,5.52,5.68,342500
ZOLT,20110623,9.84,10.09,9.66,10.08,147300
ZOOM,20110623,2.32,2.4,2.25,2.38,39300
ZUMZ,20110623,23.75,24.69,23.54,24.62,267400
